5 0.1 0 1 1 0.4 0 1 1 0.5 0 1 1 0.6 0 1 1 0.7 0 1 1 0.9 0 1 1
5 0.1 6 0.0 0.0 0.4 0 1 1 0.5 0 1 1 0.6 0 1 1 0.7 0 1 1 0.9 0 1 1
5 0.1 23 0.13043478260869565 0.0 0.4 1 1.0 0.0 0.5 1 1.0 0.0 0.6 0 1 1 0.7 0 1 1 0.9 0 1 1
5 0.1 30 0.1 0.0 0.4 9 0.2222222222222222 0.0 0.5 4 0.25 0.0 0.6 1 0.0 0.0 0.7 0 1 1 0.9 0 1 1
5 0.1 102 0.049019607843137254 0.0 0.4 20 0.25 0.0 0.5 7 0.14285714285714285 0.0 0.6 4 0.25 0.0 0.7 1 1.0 0.0 0.9 0 1 1
5 0.1 45 0.1111111111111111 0.0 0.4 4 0.25 0.0 0.5 2 0.0 0.0 0.6 0 1 1 0.7 0 1 1 0.9 0 1 1
5 0.1 41 0.12195121951219512 0.0 0.4 5 0.4 0.0 0.5 2 0.5 0.0 0.6 0 1 1 0.7 0 1 1 0.9 0 1 1
5 0.1 42 0.11904761904761904 0.0 0.4 0 1 1 0.5 0 1 1 0.6 0 1 1 0.7 0 1 1 0.9 0 1 1
5 0.1 32 0.15625 0.0 0.4 6 0.5 0.0 0.5 3 1.0 0.0 0.6 1 1.0 0.0 0.7 0 1 1 0.9 0 1 1
5 0.1 21 0.23809523809523808 0.0 0.4 6 0.3333333333333333 0.0 0.5 2 1.0 0.0 0.6 2 1.0 0.0 0.7 0 1 1 0.9 0 1 1
5 0.1 28 0.14285714285714285 0.0 0.4 2 1.0 0.0 0.5 1 1.0 0.0 0.6 0 1 1 0.7 0 1 1 0.9 0 1 1
5 0.1 17 0.29411764705882354 0.0 0.4 4 0.5 0.0 0.5 3 0.6666666666666666 0.0 0.6 1 1.0 0.0 0.7 0 1 1 0.9 0 1 1
5 0.1 5 0.6 0.0 0.4 0 1 1 0.5 0 1 1 0.6 0 1 1 0.7 0 1 1 0.9 0 1 1
5 0.1 5 0.8 0.0 0.4 1 1.0 0.0 0.5 0 1 1 0.6 0 1 1 0.7 0 1 1 0.9 0 1 1
5 0.1 33 0.15151515151515152 0.0 0.4 12 0.4166666666666667 0.0 0.5 9 0.4444444444444444 0.0 0.6 3 0.6666666666666666 0.0 0.7 2 1.0 0.0 0.9 0 1 1
5 0.1 17 0.29411764705882354 0.0 0.4 6 0.6666666666666666 0.0 0.5 3 1.0 0.0 0.6 2 1.0 0.0 0.7 2 1.0 0.0 0.9 0 1 1
5 0.1 11 0.45454545454545453 0.0 0.4 3 1.0 0.0 0.5 3 1.0 0.0 0.6 1 1.0 0.0 0.7 1 1.0 0.0 0.9 0 1 1
5 0.1 12 0.4166666666666667 0.0 0.4 5 0.6 0.0 0.5 1 1.0 0.0 0.6 0 1 1 0.7 0 1 1 0.9 0 1 1
5 0.1 5 0.4 0.0 0.4 0 1 1 0.5 0 1 1 0.6 0 1 1 0.7 0 1 1 0.9 0 1 1
5 0.1 17 0.29411764705882354 0.0 0.4 2 1.0 0.0 0.5 1 1.0 0.0 0.6 0 1 1 0.7 0 1 1 0.9 0 1 1
5 0.1 7 0.5714285714285714 0.0 0.4 2 0.5 0.0 0.5 0 1 1 0.6 0 1 1 0.7 0 1 1 0.9 0 1 1
5 0.1 7 0.5714285714285714 0.0 0.4 1 1.0 0.0 0.5 1 1.0 0.0 0.6 0 1 1 0.7 0 1 1 0.9 0 1 1
5 0.1 16 0.3125 0.0 0.4 7 0.7142857142857143 0.0 0.5 5 1.0 0.0 0.6 3 1.0 0.0 0.7 2 1.0 0.0 0.9 0 1 1
5 0.1 2 0.5 0.0 0.4 0 1 1 0.5 0 1 1 0.6 0 1 1 0.7 0 1 1 0.9 0 1 1
5 0.1 23 0.21739130434782608 0.0 0.4 9 0.4444444444444444 0.0 0.5 4 0.75 0.0 0.6 3 0.6666666666666666 0.0 0.7 0 1 1 0.9 0 1 1
5 0.1 14 0.35714285714285715 0.0 0.4 5 0.8 0.0 0.5 4 0.75 0.0 0.6 2 1.0 0.0 0.7 1 1.0 0.0 0.9 0 1 1
5 0.1 5 0.8 0.0 0.4 2 1.0 0.0 0.5 1 1.0 0.0 0.6 1 1.0 0.0 0.7 0 1 1 0.9 0 1 1
5 0.1 0 1 1 0.4 0 1 1 0.5 0 1 1 0.6 0 1 1 0.7 0 1 1 0.9 0 1 1
5 0.1 0 1 1 0.4 0 1 1 0.5 0 1 1 0.6 0 1 1 0.7 0 1 1 0.9 0 1 1
5 0.1 2 0.0 0.0 0.4 0 1 1 0.5 0 1 1 0.6 0 1 1 0.7 0 1 1 0.9 0 1 1
5 0.1 0 1 1 0.4 0 1 1 0.5 0 1 1 0.6 0 1 1 0.7 0 1 1 0.9 0 1 1
5 0.1 1 0.0 0.0 0.4 0 1 1 0.5 0 1 1 0.6 0 1 1 0.7 0 1 1 0.9 0 1 1
5 0.1 0 1 1 0.4 0 1 1 0.5 0 1 1 0.6 0 1 1 0.7 0 1 1 0.9 0 1 1
5 0.1 0 1 1 0.4 0 1 1 0.5 0 1 1 0.6 0 1 1 0.7 0 1 1 0.9 0 1 1
5 0.1 2 0.5 0.0 0.4 0 1 1 0.5 0 1 1 0.6 0 1 1 0.7 0 1 1 0.9 0 1 1
5 0.1 2 0.0 0.0 0.4 0 1 1 0.5 0 1 1 0.6 0 1 1 0.7 0 1 1 0.9 0 1 1
5 0.1 9 0.4444444444444444 0.0 0.4 3 1.0 0.0 0.5 1 1.0 0.0 0.6 0 1 1 0.7 0 1 1 0.9 0 1 1
5 0.1 8 0.625 0.0 0.4 2 1.0 0.0 0.5 2 1.0 0.0 0.6 1 1.0 0.0 0.7 1 1.0 0.0 0.9 0 1 1
5 0.1 7 0.42857142857142855 0.0 0.4 1 1.0 0.0 0.5 1 1.0 0.0 0.6 1 1.0 0.0 0.7 0 1 1 0.9 0 1 1
5 0.1 4 0.25 0.0 0.4 0 1 1 0.5 0 1 1 0.6 0 1 1 0.7 0 1 1 0.9 0 1 1
5 0.1 10 0.5 0.0 0.4 2 1.0 0.0 0.5 1 1.0 0.0 0.6 0 1 1 0.7 0 1 1 0.9 0 1 1
5 0.1 10 0.3 0.0 0.4 2 1.0 0.0 0.5 1 1.0 0.0 0.6 1 1.0 0.0 0.7 0 1 1 0.9 0 1 1
5 0.1 6 0.3333333333333333 0.0 0.4 2 0.5 0.0 0.5 0 1 1 0.6 0 1 1 0.7 0 1 1 0.9 0 1 1
5 0.1 9 0.4444444444444444 0.0 0.4 3 1.0 0.0 0.5 2 1.0 0.0 0.6 0 1 1 0.7 0 1 1 0.9 0 1 1
5 0.1 10 0.5 0.0 0.4 2 1.0 0.0 0.5 2 1.0 0.0 0.6 0 1 1 0.7 0 1 1 0.9 0 1 1
5 0.1 11 0.45454545454545453 0.0 0.4 2 1.0 0.0 0.5 1 1.0 0.0 0.6 1 1.0 0.0 0.7 1 1.0 0.0 0.9 0 1 1
5 0.1 9 0.4444444444444444 0.0 0.4 2 1.0 0.0 0.5 1 1.0 0.0 0.6 0 1 1 0.7 0 1 1 0.9 0 1 1
5 0.1 0 1 1 0.4 0 1 1 0.5 0 1 1 0.6 0 1 1 0.7 0 1 1 0.9 0 1 1
5 0.1 8 0.625 0.0 0.4 3 1.0 0.0 0.5 2 1.0 0.0 0.6 1 1.0 0.0 0.7 0 1 1 0.9 0 1 1
5 0.1 8 0.5 0.0 0.4 2 1.0 0.0 0.5 2 1.0 0.0 0.6 1 1.0 0.0 0.7 1 1.0 0.0 0.9 0 1 1
5 0.1 4 0.75 0.0 0.4 1 1.0 0.0 0.5 0 1 1 0.6 0 1 1 0.7 0 1 1 0.9 0 1 1
5 0.1 8 0.625 0.0 0.4 2 1.0 0.0 0.5 2 1.0 0.0 0.6 2 1.0 0.0 0.7 1 1.0 0.0 0.9 0 1 1
5 0.1 6 0.8333333333333334 0.0 0.4 3 0.6666666666666666 0.0 0.5 3 0.6666666666666666 0.0 0.6 1 1.0 0.0 0.7 1 1.0 0.0 0.9 0 1 1
5 0.1 8 0.5 0.0 0.4 2 1.0 0.0 0.5 1 1.0 0.0 0.6 1 1.0 0.0 0.7 1 1.0 0.0 0.9 0 1 1
5 0.1 8 0.625 0.0 0.4 5 0.8 0.0 0.5 5 0.8 0.0 0.6 2 0.5 0.0 0.7 1 1.0 0.0 0.9 0 1 1
5 0.1 8 0.625 0.125 0.4 5 0.8 0.2 0.5 4 0.75 0.25 0.6 2 1.0 0.5 0.7 1 1.0 1.0 0.9 0 1 1
5 0.1 15 0.3333333333333333 0.0 0.4 3 0.6666666666666666 0.0 0.5 2 1.0 0.0 0.6 1 1.0 0.0 0.7 0 1 1 0.9 0 1 1
5 0.1 11 0.36363636363636365 0.0 0.4 3 0.6666666666666666 0.0 0.5 3 0.6666666666666666 0.0 0.6 1 1.0 0.0 0.7 1 1.0 0.0 0.9 0 1 1
5 0.1 13 0.38461538461538464 0.0 0.4 3 0.6666666666666666 0.0 0.5 2 1.0 0.0 0.6 2 1.0 0.0 0.7 1 1.0 0.0 0.9 0 1 1
5 0.1 10 0.4 0.0 0.4 3 1.0 0.0 0.5 2 1.0 0.0 0.6 2 1.0 0.0 0.7 1 1.0 0.0 0.9 0 1 1
5 0.1 12 0.4166666666666667 0.0 0.4 4 0.75 0.0 0.5 2 1.0 0.0 0.6 1 1.0 0.0 0.7 1 1.0 0.0 0.9 0 1 1
5 0.1 22 0.22727272727272727 0.0 0.4 3 0.6666666666666666 0.0 0.5 2 0.5 0.0 0.6 1 1.0 0.0 0.7 0 1 1 0.9 0 1 1
5 0.1 17 0.29411764705882354 0.0 0.4 6 0.5 0.0 0.5 5 0.6 0.0 0.6 4 0.75 0.0 0.7 1 1.0 0.0 0.9 0 1 1
5 0.1 8 0.375 0.0 0.4 1 1.0 0.0 0.5 1 1.0 0.0 0.6 1 1.0 0.0 0.7 0 1 1 0.9 0 1 1
5 0.1 8 0.5 0.0 0.4 4 0.75 0.0 0.5 2 0.5 0.0 0.6 1 1.0 0.0 0.7 1 1.0 0.0 0.9 0 1 1
5 0.1 11 0.36363636363636365 0.0 0.4 2 1.0 0.0 0.5 2 1.0 0.0 0.6 1 1.0 0.0 0.7 0 1 1 0.9 0 1 1
5 0.1 9 0.5555555555555556 0.0 0.4 4 0.75 0.0 0.5 3 0.6666666666666666 0.0 0.6 2 1.0 0.0 0.7 1 1.0 0.0 0.9 0 1 1
5 0.1 25 0.2 0.0 0.4 4 0.75 0.0 0.5 3 0.6666666666666666 0.0 0.6 3 0.6666666666666666 0.0 0.7 1 1.0 0.0 0.9 0 1 1
5 0.1 12 0.4166666666666667 0.0 0.4 5 0.6 0.0 0.5 3 0.6666666666666666 0.0 0.6 2 1.0 0.0 0.7 1 1.0 0.0 0.9 0 1 1
5 0.1 11 0.45454545454545453 0.0 0.4 6 0.8333333333333334 0.0 0.5 4 0.75 0.0 0.6 2 1.0 0.0 0.7 1 1.0 0.0 0.9 0 1 1
5 0.1 10 0.5 0.0 0.4 4 0.75 0.0 0.5 3 1.0 0.0 0.6 3 1.0 0.0 0.7 1 1.0 0.0 0.9 0 1 1
5 0.1 11 0.45454545454545453 0.0 0.4 5 0.6 0.0 0.5 3 0.6666666666666666 0.0 0.6 2 1.0 0.0 0.7 1 1.0 0.0 0.9 0 1 1
5 0.1 8 0.625 0.125 0.4 4 0.75 0.25 0.5 2 1.0 0.0 0.6 2 1.0 0.0 0.7 1 1.0 0.0 0.9 0 1 1
5 0.1 17 0.23529411764705882 0.0 0.4 4 0.75 0.0 0.5 2 1.0 0.0 0.6 1 1.0 0.0 0.7 1 1.0 0.0 0.9 0 1 1
5 0.1 6 0.6666666666666666 0.0 0.4 2 1.0 0.0 0.5 2 1.0 0.0 0.6 2 1.0 0.0 0.7 2 1.0 0.0 0.9 0 1 1
5 0.1 13 0.3076923076923077 0.07692307692307693 0.4 4 0.75 0.25 0.5 3 0.6666666666666666 0.3333333333333333 0.6 3 0.6666666666666666 0.3333333333333333 0.7 1 1.0 0.0 0.9 0 1 1
5 0.1 10 0.5 0.0 0.4 5 0.8 0.0 0.5 3 0.6666666666666666 0.0 0.6 3 0.6666666666666666 0.0 0.7 2 1.0 0.0 0.9 0 1 1
5 0.1 11 0.36363636363636365 0.09090909090909091 0.4 4 0.75 0.25 0.5 4 0.75 0.25 0.6 3 0.6666666666666666 0.0 0.7 1 1.0 0.0 0.9 0 1 1
5 0.1 10 0.5 0.0 0.4 5 0.6 0.0 0.5 5 0.6 0.0 0.6 3 0.6666666666666666 0.0 0.7 1 1.0 0.0 0.9 0 1 1
5 0.1 13 0.23076923076923078 0.0 0.4 2 0.5 0.0 0.5 1 1.0 0.0 0.6 1 1.0 0.0 0.7 0 1 1 0.9 0 1 1
5 0.1 10 0.4 0.0 0.4 4 0.75 0.0 0.5 4 0.75 0.0 0.6 4 0.75 0.0 0.7 1 1.0 0.0 0.9 0 1 1
5 0.1 9 0.5555555555555556 0.0 0.4 3 0.6666666666666666 0.0 0.5 3 0.6666666666666666 0.0 0.6 3 0.6666666666666666 0.0 0.7 1 1.0 0.0 0.9 0 1 1
5 0.1 9 0.5555555555555556 0.0 0.4 3 0.6666666666666666 0.0 0.5 3 0.6666666666666666 0.0 0.6 2 1.0 0.0 0.7 1 1.0 0.0 0.9 0 1 1
5 0.1 12 0.4166666666666667 0.0 0.4 6 0.5 0.0 0.5 5 0.6 0.0 0.6 4 0.5 0.0 0.7 2 0.5 0.0 0.9 0 1 1
5 0.1 11 0.36363636363636365 0.0 0.4 4 0.75 0.0 0.5 4 0.75 0.0 0.6 2 0.5 0.0 0.7 1 1.0 0.0 0.9 0 1 1
5 0.1 12 0.3333333333333333 0.0 0.4 5 0.6 0.0 0.5 4 0.75 0.0 0.6 3 0.6666666666666666 0.0 0.7 2 0.5 0.0 0.9 0 1 1
5 0.1 10 0.4 0.0 0.4 4 0.75 0.0 0.5 4 0.75 0.0 0.6 2 1.0 0.0 0.7 2 1.0 0.0 0.9 0 1 1
5 0.1 12 0.4166666666666667 0.08333333333333333 0.4 4 0.75 0.25 0.5 3 0.6666666666666666 0.3333333333333333 0.6 3 0.6666666666666666 0.3333333333333333 0.7 2 0.5 0.0 0.9 0 1 1
5 0.1 11 0.45454545454545453 0.0 0.4 4 0.75 0.0 0.5 4 0.75 0.0 0.6 3 0.6666666666666666 0.0 0.7 2 1.0 0.0 0.9 0 1 1
5 0.1 7 0.42857142857142855 0.0 0.4 4 0.75 0.0 0.5 4 0.75 0.0 0.6 3 0.6666666666666666 0.0 0.7 2 0.5 0.0 0.9 0 1 1
5 0.1 10 0.5 0.0 0.4 3 0.6666666666666666 0.0 0.5 3 0.6666666666666666 0.0 0.6 3 0.6666666666666666 0.0 0.7 2 0.5 0.0 0.9 0 1 1
5 0.1 11 0.45454545454545453 0.0 0.4 5 0.8 0.0 0.5 5 0.8 0.0 0.6 4 0.75 0.0 0.7 4 0.75 0.0 0.9 0 1 1
5 0.1 11 0.45454545454545453 0.0 0.4 4 0.75 0.0 0.5 3 0.6666666666666666 0.0 0.6 2 0.5 0.0 0.7 1 1.0 0.0 0.9 0 1 1
5 0.1 10 0.4 0.0 0.4 4 0.75 0.0 0.5 4 0.75 0.0 0.6 3 0.6666666666666666 0.0 0.7 3 0.6666666666666666 0.0 0.9 0 1 1
5 0.1 9 0.4444444444444444 0.0 0.4 4 0.75 0.0 0.5 4 0.75 0.0 0.6 3 0.6666666666666666 0.0 0.7 3 0.6666666666666666 0.0 0.9 0 1 1
5 0.1 12 0.3333333333333333 0.0 0.4 4 0.75 0.0 0.5 4 0.75 0.0 0.6 4 0.75 0.0 0.7 3 0.6666666666666666 0.0 0.9 0 1 1
5 0.1 16 0.3125 0.0 0.4 5 0.6 0.0 0.5 4 0.75 0.0 0.6 3 0.6666666666666666 0.0 0.7 1 1.0 0.0 0.9 0 1 1
5 0.1 10 0.4 0.0 0.4 5 0.6 0.0 0.5 4 0.75 0.0 0.6 4 0.75 0.0 0.7 3 0.6666666666666666 0.0 0.9 0 1 1
5 0.1 6 0.5 0.0 0.4 4 0.75 0.0 0.5 3 0.6666666666666666 0.0 0.6 3 0.6666666666666666 0.0 0.7 2 1.0 0.0 0.9 0 1 1
5 0.1 7 0.42857142857142855 0.0 0.4 5 0.6 0.0 0.5 3 0.6666666666666666 0.0 0.6 3 0.6666666666666666 0.0 0.7 2 0.5 0.0 0.9 0 1 1
5 0.1 6 0.5 0.0 0.4 4 0.75 0.0 0.5 3 0.6666666666666666 0.0 0.6 2 0.5 0.0 0.7 2 0.5 0.0 0.9 0 1 1
5 0.1 8 0.5 0.0 0.4 4 0.75 0.0 0.5 3 0.6666666666666666 0.0 0.6 2 0.5 0.0 0.7 2 0.5 0.0 0.9 0 1 1
5 0.1 11 0.36363636363636365 0.0 0.4 5 0.6 0.0 0.5 5 0.6 0.0 0.6 3 0.6666666666666666 0.0 0.7 3 0.6666666666666666 0.0 0.9 0 1 1
5 0.1 10 0.4 0.2 0.4 5 0.6 0.4 0.5 4 0.75 0.5 0.6 3 0.6666666666666666 0.3333333333333333 0.7 2 1.0 0.5 0.9 0 1 1
5 0.1 10 0.4 0.1 0.4 5 0.8 0.2 0.5 4 0.75 0.25 0.6 4 0.75 0.25 0.7 2 0.5 0.0 0.9 0 1 1
5 0.1 10 0.4 0.0 0.4 4 0.75 0.0 0.5 4 0.75 0.0 0.6 3 0.6666666666666666 0.0 0.7 1 1.0 0.0 0.9 0 1 1
5 0.1 11 0.45454545454545453 0.0 0.4 4 0.75 0.0 0.5 4 0.75 0.0 0.6 4 0.75 0.0 0.7 3 0.6666666666666666 0.0 0.9 0 1 1
5 0.1 9 0.4444444444444444 0.0 0.4 4 0.75 0.0 0.5 4 0.75 0.0 0.6 3 0.6666666666666666 0.0 0.7 2 0.5 0.0 0.9 0 1 1
5 0.1 7 0.5714285714285714 0.0 0.4 4 0.75 0.0 0.5 4 0.75 0.0 0.6 3 0.6666666666666666 0.0 0.7 3 0.6666666666666666 0.0 0.9 0 1 1
5 0.1 9 0.4444444444444444 0.1111111111111111 0.4 4 0.75 0.25 0.5 4 0.75 0.25 0.6 4 0.75 0.25 0.7 3 1.0 0.3333333333333333 0.9 0 1 1
5 0.1 10 0.5 0.0 0.4 5 0.6 0.0 0.5 4 0.75 0.0 0.6 4 0.75 0.0 0.7 3 0.6666666666666666 0.0 0.9 0 1 1
5 0.1 10 0.5 0.1 0.4 4 0.75 0.25 0.5 4 0.75 0.25 0.6 4 0.75 0.25 0.7 3 0.6666666666666666 0.3333333333333333 0.9 0 1 1
5 0.1 11 0.45454545454545453 0.0 0.4 4 0.75 0.0 0.5 4 0.75 0.0 0.6 4 0.75 0.0 0.7 3 0.6666666666666666 0.0 0.9 0 1 1
5 0.1 7 0.5714285714285714 0.0 0.4 4 0.75 0.0 0.5 4 0.75 0.0 0.6 4 0.75 0.0 0.7 3 0.6666666666666666 0.0 0.9 0 1 1
5 0.1 6 0.5 0.0 0.4 5 0.6 0.0 0.5 3 0.6666666666666666 0.0 0.6 3 0.6666666666666666 0.0 0.7 2 1.0 0.0 0.9 0 1 1
5 0.1 9 0.4444444444444444 0.0 0.4 5 0.6 0.0 0.5 4 0.75 0.0 0.6 4 0.75 0.0 0.7 1 1.0 0.0 0.9 0 1 1
5 0.1 8 0.375 0.0 0.4 3 0.6666666666666666 0.0 0.5 3 0.6666666666666666 0.0 0.6 3 0.6666666666666666 0.0 0.7 1 1.0 0.0 0.9 0 1 1
5 0.1 5 0.6 0.0 0.4 4 0.75 0.0 0.5 4 0.75 0.0 0.6 4 0.75 0.0 0.7 3 1.0 0.0 0.9 0 1 1
5 0.1 7 0.5714285714285714 0.14285714285714285 0.4 4 0.75 0.25 0.5 4 0.75 0.25 0.6 4 0.75 0.25 0.7 4 0.75 0.25 0.9 0 1 1
5 0.1 7 0.5714285714285714 0.0 0.4 4 0.75 0.0 0.5 4 0.75 0.0 0.6 4 0.75 0.0 0.7 2 0.5 0.0 0.9 0 1 1
5 0.1 8 0.5 0.0 0.4 4 0.75 0.0 0.5 3 0.6666666666666666 0.0 0.6 2 0.5 0.0 0.7 1 1.0 0.0 0.9 0 1 1
5 0.1 9 0.4444444444444444 0.1111111111111111 0.4 4 0.75 0.25 0.5 3 0.6666666666666666 0.3333333333333333 0.6 3 0.6666666666666666 0.3333333333333333 0.7 2 0.5 0.0 0.9 0 1 1
5 0.1 6 0.5 0.16666666666666666 0.4 3 0.6666666666666666 0.3333333333333333 0.5 3 0.6666666666666666 0.3333333333333333 0.6 3 0.6666666666666666 0.3333333333333333 0.7 3 0.6666666666666666 0.3333333333333333 0.9 0 1 1
5 0.1 7 0.5714285714285714 0.0 0.4 5 0.6 0.0 0.5 4 0.75 0.0 0.6 4 0.75 0.0 0.7 2 1.0 0.0 0.9 0 1 1
5 0.1 9 0.5555555555555556 0.1111111111111111 0.4 6 0.6666666666666666 0.16666666666666666 0.5 5 0.8 0.2 0.6 4 0.75 0.25 0.7 4 0.75 0.25 0.9 0 1 1
5 0.1 7 0.5714285714285714 0.14285714285714285 0.4 4 0.75 0.25 0.5 4 0.75 0.25 0.6 4 0.75 0.25 0.7 4 0.75 0.25 0.9 0 1 1
5 0.1 7 0.5714285714285714 0.0 0.4 4 0.75 0.0 0.5 4 0.75 0.0 0.6 4 0.75 0.0 0.7 3 1.0 0.0 0.9 0 1 1
5 0.1 10 0.5 0.1 0.4 4 0.75 0.25 0.5 4 0.75 0.25 0.6 4 0.75 0.25 0.7 2 1.0 0.5 0.9 0 1 1
5 0.1 9 0.5555555555555556 0.0 0.4 4 0.75 0.0 0.5 4 0.75 0.0 0.6 4 0.75 0.0 0.7 3 0.6666666666666666 0.0 0.9 0 1 1
5 0.1 9 0.5555555555555556 0.0 0.4 4 0.75 0.0 0.5 4 0.75 0.0 0.6 4 0.75 0.0 0.7 3 0.6666666666666666 0.0 0.9 0 1 1
5 0.1 7 0.42857142857142855 0.0 0.4 4 0.75 0.0 0.5 4 0.75 0.0 0.6 3 0.6666666666666666 0.0 0.7 3 0.6666666666666666 0.0 0.9 0 1 1
5 0.1 9 0.5555555555555556 0.0 0.4 4 0.75 0.0 0.5 4 0.75 0.0 0.6 4 0.75 0.0 0.7 2 1.0 0.0 0.9 0 1 1
5 0.1 7 0.5714285714285714 0.0 0.4 4 0.75 0.0 0.5 4 0.75 0.0 0.6 4 0.75 0.0 0.7 4 0.75 0.0 0.9 0 1 1
5 0.1 9 0.5555555555555556 0.2222222222222222 0.4 4 0.75 0.5 0.5 3 1.0 0.6666666666666666 0.6 3 1.0 0.6666666666666666 0.7 3 1.0 0.6666666666666666 0.9 0 1 1
5 0.1 10 0.5 0.1 0.4 4 0.75 0.25 0.5 3 1.0 0.3333333333333333 0.6 3 1.0 0.3333333333333333 0.7 3 1.0 0.3333333333333333 0.9 0 1 1
5 0.1 6 0.6666666666666666 0.16666666666666666 0.4 4 0.75 0.25 0.5 4 0.75 0.25 0.6 2 1.0 0.0 0.7 2 1.0 0.0 0.9 0 1 1
5 0.1 8 0.5 0.0 0.4 4 0.75 0.0 0.5 4 0.75 0.0 0.6 3 0.6666666666666666 0.0 0.7 2 1.0 0.0 0.9 0 1 1
5 0.1 7 0.5714285714285714 0.0 0.4 4 0.75 0.0 0.5 3 0.6666666666666666 0.0 0.6 3 0.6666666666666666 0.0 0.7 2 0.5 0.0 0.9 0 1 1
5 0.1 8 0.5 0.0 0.4 4 0.75 0.0 0.5 4 0.75 0.0 0.6 4 0.75 0.0 0.7 2 0.5 0.0 0.9 0 1 1
5 0.1 10 0.5 0.1 0.4 6 0.6666666666666666 0.16666666666666666 0.5 6 0.6666666666666666 0.16666666666666666 0.6 6 0.6666666666666666 0.16666666666666666 0.7 5 0.8 0.2 0.9 0 1 1
5 0.1 9 0.5555555555555556 0.0 0.4 5 0.6 0.0 0.5 4 0.75 0.0 0.6 4 0.75 0.0 0.7 4 0.75 0.0 0.9 0 1 1
5 0.1 9 0.5555555555555556 0.0 0.4 5 0.8 0.0 0.5 4 0.75 0.0 0.6 2 0.5 0.0 0.7 1 1.0 0.0 0.9 0 1 1
5 0.1 5 0.8 0.0 0.4 4 0.75 0.0 0.5 3 0.6666666666666666 0.0 0.6 3 0.6666666666666666 0.0 0.7 1 1.0 0.0 0.9 0 1 1
5 0.1 8 0.5 0.0 0.4 4 0.75 0.0 0.5 4 0.75 0.0 0.6 3 0.6666666666666666 0.0 0.7 3 0.6666666666666666 0.0 0.9 0 1 1
5 0.1 10 0.5 0.0 0.4 6 0.6666666666666666 0.0 0.5 5 0.8 0.0 0.6 2 0.5 0.0 0.7 2 0.5 0.0 0.9 0 1 1
5 0.1 12 0.4166666666666667 0.0 0.4 7 0.42857142857142855 0.0 0.5 3 0.6666666666666666 0.0 0.6 3 0.6666666666666666 0.0 0.7 3 0.6666666666666666 0.0 0.9 0 1 1
5 0.1 10 0.5 0.0 0.4 6 0.6666666666666666 0.0 0.5 5 0.8 0.0 0.6 4 0.75 0.0 0.7 2 0.5 0.0 0.9 0 1 1
5 0.1 8 0.625 0.125 0.4 4 0.75 0.25 0.5 4 0.75 0.25 0.6 4 0.75 0.25 0.7 3 0.6666666666666666 0.3333333333333333 0.9 0 1 1
5 0.1 8 0.625 0.0 0.4 5 0.6 0.0 0.5 3 0.6666666666666666 0.0 0.6 3 0.6666666666666666 0.0 0.7 1 1.0 0.0 0.9 0 1 1
5 0.1 10 0.5 0.0 0.4 5 0.6 0.0 0.5 5 0.6 0.0 0.6 3 0.6666666666666666 0.0 0.7 3 0.6666666666666666 0.0 0.9 0 1 1
5 0.1 9 0.5555555555555556 0.0 0.4 5 0.8 0.0 0.5 4 0.75 0.0 0.6 4 0.75 0.0 0.7 3 0.6666666666666666 0.0 0.9 0 1 1
5 0.1 8 0.625 0.0 0.4 5 0.8 0.0 0.5 5 0.8 0.0 0.6 5 0.8 0.0 0.7 4 0.75 0.0 0.9 0 1 1
5 0.1 9 0.5555555555555556 0.0 0.4 7 0.5714285714285714 0.0 0.5 6 0.5 0.0 0.6 5 0.6 0.0 0.7 3 0.6666666666666666 0.0 0.9 0 1 1
5 0.1 12 0.4166666666666667 0.0 0.4 4 0.75 0.0 0.5 4 0.75 0.0 0.6 3 0.6666666666666666 0.0 0.7 2 0.5 0.0 0.9 0 1 1
5 0.1 10 0.5 0.0 0.4 5 0.4 0.0 0.5 5 0.4 0.0 0.6 4 0.5 0.0 0.7 3 0.6666666666666666 0.0 0.9 0 1 1
5 0.1 10 0.5 0.0 0.4 8 0.5 0.0 0.5 6 0.5 0.0 0.6 5 0.6 0.0 0.7 4 0.75 0.0 0.9 0 1 1
5 0.1 12 0.3333333333333333 0.0 0.4 6 0.6666666666666666 0.0 0.5 6 0.6666666666666666 0.0 0.6 4 0.75 0.0 0.7 2 0.5 0.0 0.9 0 1 1
5 0.1 10 0.5 0.1 0.4 7 0.5714285714285714 0.14285714285714285 0.5 7 0.5714285714285714 0.14285714285714285 0.6 2 0.5 0.0 0.7 2 0.5 0.0 0.9 0 1 1
5 0.1 9 0.5555555555555556 0.0 0.4 7 0.5714285714285714 0.0 0.5 7 0.5714285714285714 0.0 0.6 7 0.5714285714285714 0.0 0.7 6 0.6666666666666666 0.0 0.9 0 1 1
5 0.1 9 0.5555555555555556 0.1111111111111111 0.4 7 0.5714285714285714 0.14285714285714285 0.5 7 0.5714285714285714 0.14285714285714285 0.6 6 0.6666666666666666 0.16666666666666666 0.7 5 0.8 0.2 0.9 0 1 1
5 0.1 9 0.5555555555555556 0.0 0.4 7 0.5714285714285714 0.0 0.5 5 0.8 0.0 0.6 5 0.8 0.0 0.7 5 0.8 0.0 0.9 0 1 1
5 0.1 8 0.625 0.0 0.4 6 0.6666666666666666 0.0 0.5 5 0.6 0.0 0.6 4 0.75 0.0 0.7 2 0.5 0.0 0.9 0 1 1
5 0.1 9 0.5555555555555556 0.0 0.4 7 0.7142857142857143 0.0 0.5 6 0.6666666666666666 0.0 0.6 5 0.6 0.0 0.7 4 0.75 0.0 0.9 0 1 1
5 0.1 10 0.5 0.0 0.4 6 0.6666666666666666 0.0 0.5 4 0.75 0.0 0.6 4 0.75 0.0 0.7 4 0.75 0.0 0.9 0 1 1
5 0.1 5 0.8 0.0 0.4 4 0.75 0.0 0.5 4 0.75 0.0 0.6 4 0.75 0.0 0.7 3 0.6666666666666666 0.0 0.9 0 1 1
5 0.1 9 0.5555555555555556 0.0 0.4 6 0.6666666666666666 0.0 0.5 4 0.75 0.0 0.6 4 0.75 0.0 0.7 4 0.75 0.0 0.9 0 1 1
5 0.1 10 0.4 0.0 0.4 7 0.5714285714285714 0.0 0.5 5 0.8 0.0 0.6 5 0.8 0.0 0.7 4 0.75 0.0 0.9 0 1 1
5 0.1 10 0.4 0.0 0.4 7 0.5714285714285714 0.0 0.5 7 0.5714285714285714 0.0 0.6 4 0.5 0.0 0.7 4 0.5 0.0 0.9 0 1 1
5 0.1 9 0.4444444444444444 0.0 0.4 4 0.75 0.0 0.5 4 0.75 0.0 0.6 4 0.75 0.0 0.7 4 0.75 0.0 0.9 0 1 1
5 0.1 9 0.4444444444444444 0.0 0.4 7 0.5714285714285714 0.0 0.5 7 0.5714285714285714 0.0 0.6 4 0.5 0.0 0.7 2 0.5 0.0 0.9 0 1 1
5 0.1 8 0.5 0.0 0.4 4 0.5 0.0 0.5 4 0.5 0.0 0.6 2 0.5 0.0 0.7 2 0.5 0.0 0.9 0 1 1
5 0.1 8 0.5 0.0 0.4 4 0.75 0.0 0.5 3 0.6666666666666666 0.0 0.6 3 0.6666666666666666 0.0 0.7 2 0.5 0.0 0.9 0 1 1
5 0.1 8 0.5 0.125 0.4 5 0.6 0.0 0.5 5 0.6 0.0 0.6 3 0.3333333333333333 0.0 0.7 2 0.5 0.0 0.9 0 1 1
5 0.1 10 0.4 0.0 0.4 6 0.3333333333333333 0.0 0.5 5 0.4 0.0 0.6 4 0.25 0.0 0.7 2 0.5 0.0 0.9 0 1 1
5 0.1 9 0.4444444444444444 0.0 0.4 7 0.5714285714285714 0.0 0.5 5 0.8 0.0 0.6 4 0.75 0.0 0.7 2 0.5 0.0 0.9 0 1 1
5 0.1 10 0.5 0.0 0.4 7 0.5714285714285714 0.0 0.5 5 0.8 0.0 0.6 5 0.8 0.0 0.7 4 0.75 0.0 0.9 0 1 1
5 0.1 10 0.5 0.0 0.4 7 0.5714285714285714 0.0 0.5 6 0.6666666666666666 0.0 0.6 5 0.8 0.0 0.7 4 0.75 0.0 0.9 0 1 1
5 0.1 11 0.45454545454545453 0.0 0.4 8 0.5 0.0 0.5 6 0.6666666666666666 0.0 0.6 6 0.6666666666666666 0.0 0.7 4 0.5 0.0 0.9 0 1 1
5 0.1 11 0.45454545454545453 0.0 0.4 6 0.6666666666666666 0.0 0.5 5 0.8 0.0 0.6 4 0.75 0.0 0.7 4 0.75 0.0 0.9 0 1 1
5 0.1 11 0.45454545454545453 0.0 0.4 5 0.8 0.0 0.5 4 0.75 0.0 0.6 4 0.75 0.0 0.7 4 0.75 0.0 0.9 0 1 1
5 0.1 9 0.5555555555555556 0.0 0.4 5 0.6 0.0 0.5 5 0.6 0.0 0.6 4 0.75 0.0 0.7 3 0.6666666666666666 0.0 0.9 0 1 1
5 0.1 9 0.4444444444444444 0.0 0.4 5 0.6 0.0 0.5 5 0.6 0.0 0.6 4 0.5 0.0 0.7 4 0.5 0.0 0.9 0 1 1
5 0.1 9 0.5555555555555556 0.0 0.4 6 0.6666666666666666 0.0 0.5 6 0.6666666666666666 0.0 0.6 6 0.6666666666666666 0.0 0.7 4 0.75 0.0 0.9 0 1 1
5 0.1 9 0.5555555555555556 0.0 0.4 4 0.75 0.0 0.5 4 0.75 0.0 0.6 4 0.75 0.0 0.7 4 0.75 0.0 0.9 0 1 1
5 0.1 10 0.5 0.0 0.4 6 0.5 0.0 0.5 5 0.6 0.0 0.6 5 0.6 0.0 0.7 4 0.75 0.0 0.9 0 1 1
5 0.1 8 0.5 0.0 0.4 6 0.6666666666666666 0.0 0.5 6 0.6666666666666666 0.0 0.6 6 0.6666666666666666 0.0 0.7 4 0.75 0.0 0.9 0 1 1
5 0.1 8 0.625 0.0 0.4 5 0.6 0.0 0.5 5 0.6 0.0 0.6 4 0.75 0.0 0.7 4 0.75 0.0 0.9 0 1 1
5 0.1 10 0.5 0.0 0.4 6 0.6666666666666666 0.0 0.5 5 0.8 0.0 0.6 3 0.6666666666666666 0.0 0.7 2 0.5 0.0 0.9 0 1 1
5 0.1 10 0.5 0.0 0.4 7 0.5714285714285714 0.0 0.5 7 0.5714285714285714 0.0 0.6 6 0.6666666666666666 0.0 0.7 4 0.75 0.0 0.9 0 1 1
5 0.1 10 0.5 0.0 0.4 6 0.5 0.0 0.5 6 0.5 0.0 0.6 4 0.75 0.0 0.7 4 0.75 0.0 0.9 0 1 1
5 0.1 11 0.45454545454545453 0.0 0.4 6 0.6666666666666666 0.0 0.5 6 0.6666666666666666 0.0 0.6 5 0.6 0.0 0.7 4 0.75 0.0 0.9 0 1 1
5 0.1 9 0.5555555555555556 0.0 0.4 5 0.6 0.0 0.5 5 0.6 0.0 0.6 4 0.5 0.0 0.7 2 0.5 0.0 0.9 0 1 1
5 0.1 10 0.5 0.1 0.4 6 0.6666666666666666 0.16666666666666666 0.5 6 0.6666666666666666 0.16666666666666666 0.6 6 0.6666666666666666 0.16666666666666666 0.7 5 0.6 0.2 0.9 0 1 1
5 0.1 9 0.5555555555555556 0.0 0.4 6 0.6666666666666666 0.0 0.5 6 0.6666666666666666 0.0 0.6 6 0.6666666666666666 0.0 0.7 4 0.75 0.0 0.9 0 1 1
5 0.1 11 0.45454545454545453 0.0 0.4 8 0.625 0.0 0.5 6 0.6666666666666666 0.0 0.6 6 0.6666666666666666 0.0 0.7 5 0.6 0.0 0.9 0 1 1
5 0.1 8 0.5 0.0 0.4 6 0.6666666666666666 0.0 0.5 5 0.6 0.0 0.6 4 0.75 0.0 0.7 3 0.6666666666666666 0.0 0.9 0 1 1
5 0.1 5 0.8 0.2 0.4 4 0.75 0.25 0.5 4 0.75 0.25 0.6 3 0.6666666666666666 0.3333333333333333 0.7 3 0.6666666666666666 0.3333333333333333 0.9 0 1 1
5 0.1 10 0.5 0.0 0.4 6 0.6666666666666666 0.0 0.5 6 0.6666666666666666 0.0 0.6 5 0.8 0.0 0.7 4 0.75 0.0 0.9 0 1 1
5 0.1 11 0.45454545454545453 0.0 0.4 6 0.6666666666666666 0.0 0.5 6 0.6666666666666666 0.0 0.6 6 0.6666666666666666 0.0 0.7 5 0.6 0.0 0.9 0 1 1
5 0.1 11 0.45454545454545453 0.0 0.4 6 0.6666666666666666 0.0 0.5 6 0.6666666666666666 0.0 0.6 6 0.6666666666666666 0.0 0.7 5 0.8 0.0 0.9 0 1 1
5 0.1 11 0.45454545454545453 0.0 0.4 6 0.6666666666666666 0.0 0.5 6 0.6666666666666666 0.0 0.6 6 0.6666666666666666 0.0 0.7 6 0.6666666666666666 0.0 0.9 0 1 1
5 0.1 9 0.5555555555555556 0.0 0.4 5 0.4 0.0 0.5 4 0.5 0.0 0.6 4 0.5 0.0 0.7 3 0.3333333333333333 0.0 0.9 0 1 1
5 0.1 11 0.36363636363636365 0.0 0.4 4 0.5 0.0 0.5 3 0.6666666666666666 0.0 0.6 3 0.6666666666666666 0.0 0.7 2 0.5 0.0 0.9 0 1 1
5 0.1 10 0.4 0.0 0.4 6 0.6666666666666666 0.0 0.5 6 0.6666666666666666 0.0 0.6 4 0.75 0.0 0.7 3 0.6666666666666666 0.0 0.9 0 1 1
5 0.1 10 0.4 0.0 0.4 6 0.5 0.0 0.5 5 0.6 0.0 0.6 4 0.5 0.0 0.7 3 0.6666666666666666 0.0 0.9 0 1 1
5 0.1 10 0.4 0.0 0.4 6 0.6666666666666666 0.0 0.5 6 0.6666666666666666 0.0 0.6 6 0.6666666666666666 0.0 0.7 3 0.3333333333333333 0.0 0.9 0 1 1
5 0.1 9 0.5555555555555556 0.0 0.4 5 0.6 0.0 0.5 5 0.6 0.0 0.6 5 0.6 0.0 0.7 4 0.75 0.0 0.9 0 1 1
5 0.1 9 0.4444444444444444 0.0 0.4 6 0.6666666666666666 0.0 0.5 6 0.6666666666666666 0.0 0.6 6 0.6666666666666666 0.0 0.7 3 0.6666666666666666 0.0 0.9 0 1 1
5 0.1 11 0.45454545454545453 0.0 0.4 6 0.6666666666666666 0.0 0.5 6 0.6666666666666666 0.0 0.6 3 0.6666666666666666 0.0 0.7 2 0.5 0.0 0.9 0 1 1
5 0.1 8 0.5 0.0 0.4 6 0.6666666666666666 0.0 0.5 5 0.6 0.0 0.6 4 0.5 0.0 0.7 3 0.3333333333333333 0.0 0.9 0 1 1
5 0.1 11 0.45454545454545453 0.0 0.4 8 0.625 0.0 0.5 6 0.5 0.0 0.6 4 0.5 0.0 0.7 3 0.6666666666666666 0.0 0.9 0 1 1
5 0.1 11 0.45454545454545453 0.0 0.4 8 0.625 0.0 0.5 6 0.5 0.0 0.6 6 0.5 0.0 0.7 4 0.5 0.0 0.9 0 1 1
5 0.1 7 0.7142857142857143 0.14285714285714285 0.4 7 0.7142857142857143 0.14285714285714285 0.5 7 0.7142857142857143 0.14285714285714285 0.6 6 0.6666666666666666 0.16666666666666666 0.7 5 0.8 0.2 0.9 0 1 1
5 0.1 8 0.625 0.0 0.4 6 0.6666666666666666 0.0 0.5 6 0.6666666666666666 0.0 0.6 4 0.5 0.0 0.7 2 0.5 0.0 0.9 0 1 1
5 0.1 9 0.5555555555555556 0.0 0.4 5 0.6 0.0 0.5 4 0.75 0.0 0.6 3 0.6666666666666666 0.0 0.7 3 0.6666666666666666 0.0 0.9 0 1 1
5 0.1 11 0.45454545454545453 0.0 0.4 7 0.5714285714285714 0.0 0.5 6 0.5 0.0 0.6 5 0.6 0.0 0.7 5 0.6 0.0 0.9 0 1 1
5 0.1 9 0.3333333333333333 0.0 0.4 5 0.6 0.0 0.5 4 0.5 0.0 0.6 4 0.5 0.0 0.7 3 0.3333333333333333 0.0 0.9 0 1 1
5 0.1 10 0.5 0.0 0.4 7 0.42857142857142855 0.0 0.5 7 0.42857142857142855 0.0 0.6 6 0.5 0.0 0.7 4 0.5 0.0 0.9 0 1 1
5 0.1 10 0.5 0.0 0.4 9 0.5555555555555556 0.0 0.5 7 0.42857142857142855 0.0 0.6 6 0.5 0.0 0.7 5 0.6 0.0 0.9 0 1 1
5 0.1 10 0.5 0.1 0.4 5 0.6 0.0 0.5 3 0.6666666666666666 0.0 0.6 3 0.6666666666666666 0.0 0.7 3 0.6666666666666666 0.0 0.9 0 1 1
5 0.1 11 0.45454545454545453 0.0 0.4 5 0.6 0.0 0.5 5 0.6 0.0 0.6 4 0.75 0.0 0.7 4 0.75 0.0 0.9 0 1 1
5 0.1 10 0.4 0.0 0.4 7 0.5714285714285714 0.0 0.5 4 0.5 0.0 0.6 4 0.5 0.0 0.7 3 0.3333333333333333 0.0 0.9 0 1 1
5 0.1 10 0.4 0.0 0.4 6 0.6666666666666666 0.0 0.5 6 0.6666666666666666 0.0 0.6 4 0.5 0.0 0.7 3 0.3333333333333333 0.0 0.9 0 1 1
5 0.1 9 0.4444444444444444 0.0 0.4 5 0.4 0.0 0.5 4 0.5 0.0 0.6 3 0.6666666666666666 0.0 0.7 2 0.5 0.0 0.9 0 1 1
5 0.1 10 0.4 0.0 0.4 4 0.75 0.0 0.5 3 0.6666666666666666 0.0 0.6 3 0.6666666666666666 0.0 0.7 2 0.5 0.0 0.9 0 1 1
5 0.1 10 0.4 0.0 0.4 7 0.42857142857142855 0.0 0.5 5 0.6 0.0 0.6 5 0.6 0.0 0.7 3 0.6666666666666666 0.0 0.9 0 1 1
5 0.1 9 0.4444444444444444 0.0 0.4 6 0.5 0.0 0.5 5 0.6 0.0 0.6 4 0.5 0.0 0.7 4 0.5 0.0 0.9 0 1 1
5 0.1 10 0.5 0.0 0.4 7 0.5714285714285714 0.0 0.5 5 0.6 0.0 0.6 5 0.6 0.0 0.7 5 0.6 0.0 0.9 0 1 1
5 0.1 10 0.5 0.1 0.4 8 0.5 0.125 0.5 7 0.5714285714285714 0.14285714285714285 0.6 7 0.5714285714285714 0.14285714285714285 0.7 6 0.5 0.0 0.9 0 1 1
5 0.1 10 0.4 0.0 0.4 6 0.5 0.0 0.5 6 0.5 0.0 0.6 6 0.5 0.0 0.7 4 0.5 0.0 0.9 0 1 1
5 0.1 10 0.4 0.0 0.4 6 0.6666666666666666 0.0 0.5 5 0.6 0.0 0.6 5 0.6 0.0 0.7 3 0.6666666666666666 0.0 0.9 0 1 1
5 0.1 10 0.4 0.0 0.4 4 0.75 0.0 0.5 3 0.6666666666666666 0.0 0.6 3 0.6666666666666666 0.0 0.7 3 0.6666666666666666 0.0 0.9 0 1 1
5 0.1 7 0.5714285714285714 0.0 0.4 5 0.6 0.0 0.5 4 0.75 0.0 0.6 3 0.6666666666666666 0.0 0.7 3 0.6666666666666666 0.0 0.9 0 1 1
5 0.1 8 0.5 0.0 0.4 6 0.6666666666666666 0.0 0.5 5 0.8 0.0 0.6 5 0.8 0.0 0.7 5 0.8 0.0 0.9 0 1 1
5 0.1 9 0.5555555555555556 0.0 0.4 6 0.6666666666666666 0.0 0.5 6 0.6666666666666666 0.0 0.6 4 0.75 0.0 0.7 4 0.75 0.0 0.9 0 1 1
5 0.1 8 0.625 0.125 0.4 6 0.6666666666666666 0.16666666666666666 0.5 6 0.6666666666666666 0.16666666666666666 0.6 6 0.6666666666666666 0.16666666666666666 0.7 6 0.6666666666666666 0.16666666666666666 0.9 0 1 1
5 0.1 10 0.5 0.1 0.4 6 0.6666666666666666 0.16666666666666666 0.5 6 0.6666666666666666 0.16666666666666666 0.6 6 0.6666666666666666 0.16666666666666666 0.7 6 0.6666666666666666 0.16666666666666666 0.9 0 1 1
5 0.1 10 0.4 0.0 0.4 6 0.6666666666666666 0.0 0.5 6 0.6666666666666666 0.0 0.6 6 0.6666666666666666 0.0 0.7 6 0.6666666666666666 0.0 0.9 0 1 1
5 0.1 11 0.45454545454545453 0.0 0.4 6 0.5 0.0 0.5 5 0.6 0.0 0.6 5 0.6 0.0 0.7 3 0.6666666666666666 0.0 0.9 0 1 1
5 0.1 13 0.38461538461538464 0.0 0.4 7 0.5714285714285714 0.0 0.5 6 0.6666666666666666 0.0 0.6 6 0.6666666666666666 0.0 0.7 5 0.6 0.0 0.9 0 1 1
5 0.1 12 0.3333333333333333 0.0 0.4 6 0.6666666666666666 0.0 0.5 5 0.6 0.0 0.6 5 0.6 0.0 0.7 4 0.75 0.0 0.9 0 1 1
5 0.1 11 0.36363636363636365 0.0 0.4 7 0.42857142857142855 0.0 0.5 5 0.6 0.0 0.6 4 0.75 0.0 0.7 4 0.75 0.0 0.9 0 1 1
5 0.1 9 0.4444444444444444 0.0 0.4 5 0.6 0.0 0.5 4 0.75 0.0 0.6 3 0.6666666666666666 0.0 0.7 3 0.6666666666666666 0.0 0.9 0 1 1
5 0.1 9 0.4444444444444444 0.0 0.4 7 0.5714285714285714 0.0 0.5 6 0.6666666666666666 0.0 0.6 5 0.8 0.0 0.7 4 0.75 0.0 0.9 0 1 1
5 0.1 9 0.4444444444444444 0.0 0.4 5 0.6 0.0 0.5 5 0.6 0.0 0.6 4 0.75 0.0 0.7 4 0.75 0.0 0.9 0 1 1
5 0.1 8 0.5 0.0 0.4 7 0.5714285714285714 0.0 0.5 7 0.5714285714285714 0.0 0.6 5 0.6 0.0 0.7 4 0.75 0.0 0.9 0 1 1
5 0.1 8 0.5 0.0 0.4 8 0.5 0.0 0.5 7 0.5714285714285714 0.0 0.6 6 0.6666666666666666 0.0 0.7 3 0.6666666666666666 0.0 0.9 0 1 1
5 0.1 10 0.4 0.0 0.4 8 0.5 0.0 0.5 7 0.5714285714285714 0.0 0.6 6 0.5 0.0 0.7 3 0.3333333333333333 0.0 0.9 0 1 1
5 0.1 9 0.4444444444444444 0.0 0.4 6 0.6666666666666666 0.0 0.5 6 0.6666666666666666 0.0 0.6 6 0.6666666666666666 0.0 0.7 4 0.75 0.0 0.9 0 1 1
5 0.1 9 0.4444444444444444 0.1111111111111111 0.4 5 0.8 0.2 0.5 5 0.8 0.2 0.6 5 0.8 0.2 0.7 3 0.6666666666666666 0.0 0.9 0 1 1
5 0.1 9 0.4444444444444444 0.0 0.4 6 0.6666666666666666 0.0 0.5 6 0.6666666666666666 0.0 0.6 3 0.6666666666666666 0.0 0.7 3 0.6666666666666666 0.0 0.9 0 1 1
5 0.1 10 0.4 0.0 0.4 7 0.5714285714285714 0.0 0.5 7 0.5714285714285714 0.0 0.6 6 0.5 0.0 0.7 5 0.6 0.0 0.9 0 1 1
5 0.1 11 0.36363636363636365 0.09090909090909091 0.4 7 0.5714285714285714 0.14285714285714285 0.5 7 0.5714285714285714 0.14285714285714285 0.6 7 0.5714285714285714 0.14285714285714285 0.7 4 0.5 0.25 0.9 0 1 1
5 0.1 10 0.4 0.1 0.4 8 0.5 0.125 0.5 7 0.5714285714285714 0.14285714285714285 0.6 7 0.5714285714285714 0.14285714285714285 0.7 6 0.5 0.16666666666666666 0.9 0 1 1
5 0.1 12 0.3333333333333333 0.08333333333333333 0.4 8 0.5 0.125 0.5 8 0.5 0.125 0.6 8 0.5 0.125 0.7 7 0.5714285714285714 0.14285714285714285 0.9 0 1 1
5 0.1 10 0.4 0.1 0.4 6 0.6666666666666666 0.16666666666666666 0.5 6 0.6666666666666666 0.16666666666666666 0.6 6 0.6666666666666666 0.16666666666666666 0.7 5 0.6 0.2 0.9 0 1 1
5 0.1 9 0.4444444444444444 0.0 0.4 7 0.5714285714285714 0.0 0.5 6 0.5 0.0 0.6 6 0.5 0.0 0.7 5 0.6 0.0 0.9 0 1 1
5 0.1 11 0.36363636363636365 0.09090909090909091 0.4 7 0.5714285714285714 0.14285714285714285 0.5 7 0.5714285714285714 0.14285714285714285 0.6 6 0.6666666666666666 0.16666666666666666 0.7 6 0.6666666666666666 0.16666666666666666 0.9 0 1 1
5 0.1 8 0.5 0.0 0.4 5 0.6 0.0 0.5 5 0.6 0.0 0.6 4 0.75 0.0 0.7 3 0.6666666666666666 0.0 0.9 0 1 1
5 0.1 8 0.5 0.0 0.4 7 0.5714285714285714 0.0 0.5 5 0.6 0.0 0.6 5 0.6 0.0 0.7 4 0.5 0.0 0.9 0 1 1
5 0.1 8 0.5 0.0 0.4 5 0.6 0.0 0.5 5 0.6 0.0 0.6 5 0.6 0.0 0.7 3 0.3333333333333333 0.0 0.9 0 1 1
5 0.1 10 0.4 0.0 0.4 6 0.5 0.0 0.5 5 0.6 0.0 0.6 4 0.5 0.0 0.7 4 0.5 0.0 0.9 0 1 1
5 0.1 9 0.4444444444444444 0.0 0.4 3 0.6666666666666666 0.0 0.5 2 0.5 0.0 0.6 2 0.5 0.0 0.7 2 0.5 0.0 0.9 0 1 1
5 0.1 9 0.5555555555555556 0.0 0.4 6 0.6666666666666666 0.0 0.5 6 0.6666666666666666 0.0 0.6 5 0.6 0.0 0.7 4 0.75 0.0 0.9 0 1 1
5 0.1 8 0.5 0.125 0.4 8 0.5 0.125 0.5 5 0.6 0.2 0.6 4 0.75 0.25 0.7 4 0.75 0.25 0.9 0 1 1
5 0.1 9 0.4444444444444444 0.0 0.4 6 0.6666666666666666 0.0 0.5 6 0.6666666666666666 0.0 0.6 5 0.6 0.0 0.7 4 0.75 0.0 0.9 0 1 1
5 0.1 9 0.4444444444444444 0.0 0.4 4 0.75 0.0 0.5 4 0.75 0.0 0.6 4 0.75 0.0 0.7 4 0.75 0.0 0.9 0 1 1
5 0.1 8 0.5 0.0 0.4 6 0.6666666666666666 0.0 0.5 5 0.6 0.0 0.6 5 0.6 0.0 0.7 3 0.6666666666666666 0.0 0.9 0 1 1
5 0.1 9 0.5555555555555556 0.0 0.4 6 0.5 0.0 0.5 6 0.5 0.0 0.6 6 0.5 0.0 0.7 5 0.6 0.0 0.9 0 1 1
5 0.1 10 0.5 0.0 0.4 8 0.5 0.0 0.5 7 0.42857142857142855 0.0 0.6 6 0.5 0.0 0.7 5 0.6 0.0 0.9 0 1 1
5 0.1 7 0.5714285714285714 0.0 0.4 5 0.8 0.0 0.5 4 0.75 0.0 0.6 3 0.6666666666666666 0.0 0.7 3 0.6666666666666666 0.0 0.9 0 1 1
5 0.1 7 0.5714285714285714 0.0 0.4 7 0.5714285714285714 0.0 0.5 7 0.5714285714285714 0.0 0.6 5 0.8 0.0 0.7 5 0.8 0.0 0.9 0 1 1
5 0.1 8 0.5 0.0 0.4 6 0.6666666666666666 0.0 0.5 6 0.6666666666666666 0.0 0.6 6 0.6666666666666666 0.0 0.7 4 0.75 0.0 0.9 0 1 1
5 0.1 10 0.5 0.0 0.4 7 0.5714285714285714 0.0 0.5 7 0.5714285714285714 0.0 0.6 6 0.6666666666666666 0.0 0.7 5 0.6 0.0 0.9 0 1 1
5 0.1 9 0.4444444444444444 0.0 0.4 6 0.5 0.0 0.5 6 0.5 0.0 0.6 5 0.6 0.0 0.7 4 0.5 0.0 0.9 0 1 1
5 0.1 8 0.5 0.0 0.4 7 0.42857142857142855 0.0 0.5 5 0.4 0.0 0.6 5 0.4 0.0 0.7 5 0.4 0.0 0.9 0 1 1
5 0.1 9 0.4444444444444444 0.0 0.4 8 0.5 0.0 0.5 8 0.5 0.0 0.6 6 0.5 0.0 0.7 4 0.25 0.0 0.9 0 1 1
5 0.1 9 0.4444444444444444 0.0 0.4 7 0.5714285714285714 0.0 0.5 6 0.5 0.0 0.6 4 0.25 0.0 0.7 3 0.3333333333333333 0.0 0.9 0 1 1
5 0.1 8 0.375 0.0 0.4 6 0.5 0.0 0.5 5 0.4 0.0 0.6 5 0.4 0.0 0.7 3 0.6666666666666666 0.0 0.9 0 1 1
5 0.1 9 0.4444444444444444 0.0 0.4 7 0.42857142857142855 0.0 0.5 7 0.42857142857142855 0.0 0.6 5 0.4 0.0 0.7 2 0.5 0.0 0.9 0 1 1
5 0.1 9 0.4444444444444444 0.0 0.4 7 0.42857142857142855 0.0 0.5 7 0.42857142857142855 0.0 0.6 5 0.4 0.0 0.7 2 0.5 0.0 0.9 0 1 1
5 0.1 10 0.3 0.0 0.4 6 0.5 0.0 0.5 6 0.5 0.0 0.6 5 0.6 0.0 0.7 3 0.6666666666666666 0.0 0.9 0 1 1
5 0.1 10 0.4 0.0 0.4 6 0.5 0.0 0.5 6 0.5 0.0 0.6 5 0.4 0.0 0.7 3 0.6666666666666666 0.0 0.9 0 1 1
5 0.1 8 0.375 0.0 0.4 7 0.42857142857142855 0.0 0.5 6 0.5 0.0 0.6 6 0.5 0.0 0.7 3 0.6666666666666666 0.0 0.9 0 1 1
5 0.1 9 0.4444444444444444 0.0 0.4 6 0.5 0.0 0.5 5 0.4 0.0 0.6 4 0.5 0.0 0.7 4 0.5 0.0 0.9 0 1 1
5 0.1 8 0.5 0.0 0.4 6 0.5 0.0 0.5 5 0.4 0.0 0.6 5 0.4 0.0 0.7 3 0.6666666666666666 0.0 0.9 0 1 1
5 0.1 9 0.4444444444444444 0.0 0.4 7 0.5714285714285714 0.0 0.5 5 0.4 0.0 0.6 5 0.4 0.0 0.7 5 0.4 0.0 0.9 0 1 1
5 0.1 8 0.5 0.0 0.4 6 0.5 0.0 0.5 5 0.4 0.0 0.6 5 0.4 0.0 0.7 4 0.5 0.0 0.9 0 1 1
5 0.1 10 0.4 0.0 0.4 8 0.5 0.0 0.5 7 0.5714285714285714 0.0 0.6 7 0.5714285714285714 0.0 0.7 5 0.4 0.0 0.9 0 1 1
5 0.1 9 0.5555555555555556 0.0 0.4 7 0.5714285714285714 0.0 0.5 7 0.5714285714285714 0.0 0.6 7 0.5714285714285714 0.0 0.7 5 0.6 0.0 0.9 0 1 1
5 0.1 8 0.5 0.0 0.4 6 0.5 0.0 0.5 6 0.5 0.0 0.6 6 0.5 0.0 0.7 5 0.4 0.0 0.9 0 1 1
5 0.1 7 0.5714285714285714 0.0 0.4 6 0.5 0.0 0.5 5 0.6 0.0 0.6 5 0.6 0.0 0.7 4 0.5 0.0 0.9 0 1 1
5 0.1 8 0.5 0.0 0.4 7 0.5714285714285714 0.0 0.5 5 0.6 0.0 0.6 4 0.75 0.0 0.7 4 0.75 0.0 0.9 0 1 1
5 0.1 9 0.4444444444444444 0.0 0.4 7 0.5714285714285714 0.0 0.5 6 0.6666666666666666 0.0 0.6 6 0.6666666666666666 0.0 0.7 3 0.6666666666666666 0.0 0.9 0 1 1
5 0.1 10 0.4 0.0 0.4 7 0.5714285714285714 0.0 0.5 6 0.6666666666666666 0.0 0.6 5 0.6 0.0 0.7 5 0.6 0.0 0.9 0 1 1
5 0.1 8 0.5 0.0 0.4 7 0.5714285714285714 0.0 0.5 6 0.6666666666666666 0.0 0.6 5 0.6 0.0 0.7 5 0.6 0.0 0.9 0 1 1
5 0.1 8 0.5 0.0 0.4 6 0.6666666666666666 0.0 0.5 6 0.6666666666666666 0.0 0.6 5 0.6 0.0 0.7 3 0.3333333333333333 0.0 0.9 0 1 1
5 0.1 10 0.4 0.0 0.4 7 0.5714285714285714 0.0 0.5 6 0.6666666666666666 0.0 0.6 6 0.6666666666666666 0.0 0.7 5 0.6 0.0 0.9 0 1 1
5 0.1 9 0.4444444444444444 0.0 0.4 7 0.5714285714285714 0.0 0.5 6 0.6666666666666666 0.0 0.6 6 0.6666666666666666 0.0 0.7 6 0.6666666666666666 0.0 0.9 0 1 1
5 0.1 8 0.5 0.0 0.4 6 0.5 0.0 0.5 6 0.5 0.0 0.6 5 0.6 0.0 0.7 3 0.6666666666666666 0.0 0.9 0 1 1
