12 0.1 0 1 1 0.4 0 1 1 0.5 0 1 1 0.6 0 1 1 0.7 0 1 1 0.9 0 1 1
12 0.1 19 0.05263157894736842 0.0 0.4 0 1 1 0.5 0 1 1 0.6 0 1 1 0.7 0 1 1 0.9 0 1 1
12 0.1 34 0.20588235294117646 0.0 0.4 3 0.3333333333333333 0.0 0.5 1 1.0 0.0 0.6 0 1 1 0.7 0 1 1 0.9 0 1 1
12 0.1 42 0.14285714285714285 0.0 0.4 6 0.6666666666666666 0.0 0.5 3 0.3333333333333333 0.0 0.6 1 0.0 0.0 0.7 0 1 1 0.9 0 1 1
12 0.1 187 0.06417112299465241 0.0 0.4 54 0.18518518518518517 0.0 0.5 32 0.3125 0.0 0.6 16 0.5 0.0 0.7 6 0.8333333333333334 0.0 0.9 0 1 1
12 0.1 88 0.13636363636363635 0.0 0.4 7 0.42857142857142855 0.0 0.5 1 1.0 0.0 0.6 0 1 1 0.7 0 1 1 0.9 0 1 1
12 0.1 76 0.14473684210526316 0.0 0.4 18 0.4444444444444444 0.0 0.5 3 0.6666666666666666 0.0 0.6 0 1 1 0.7 0 1 1 0.9 0 1 1
12 0.1 53 0.20754716981132076 0.0 0.4 4 0.5 0.0 0.5 1 0.0 0.0 0.6 0 1 1 0.7 0 1 1 0.9 0 1 1
12 0.1 44 0.22727272727272727 0.0 0.4 15 0.4666666666666667 0.0 0.5 9 0.5555555555555556 0.0 0.6 4 0.5 0.0 0.7 1 1.0 0.0 0.9 0 1 1
12 0.1 41 0.2682926829268293 0.0 0.4 11 0.7272727272727273 0.0 0.5 6 1.0 0.0 0.6 2 1.0 0.0 0.7 0 1 1 0.9 0 1 1
12 0.1 45 0.24444444444444444 0.0 0.4 23 0.391304347826087 0.0 0.5 16 0.5 0.0 0.6 4 0.5 0.0 0.7 0 1 1 0.9 0 1 1
12 0.1 32 0.34375 0.0 0.4 13 0.5384615384615384 0.0 0.5 10 0.5 0.0 0.6 4 0.5 0.0 0.7 1 0.0 0.0 0.9 0 1 1
12 0.1 3 0.6666666666666666 0.0 0.4 1 1.0 0.0 0.5 0 1 1 0.6 0 1 1 0.7 0 1 1 0.9 0 1 1
12 0.1 10 0.6 0.0 0.4 1 1.0 0.0 0.5 0 1 1 0.6 0 1 1 0.7 0 1 1 0.9 0 1 1
12 0.1 26 0.4230769230769231 0.0 0.4 17 0.5882352941176471 0.0 0.5 15 0.6666666666666666 0.0 0.6 11 0.7272727272727273 0.0 0.7 8 1.0 0.0 0.9 0 1 1
12 0.1 27 0.4074074074074074 0.0 0.4 14 0.7142857142857143 0.0 0.5 11 0.8181818181818182 0.0 0.6 8 1.0 0.0 0.7 6 1.0 0.0 0.9 0 1 1
12 0.1 17 0.6470588235294118 0.0 0.4 11 1.0 0.0 0.5 8 1.0 0.0 0.6 4 1.0 0.0 0.7 1 1.0 0.0 0.9 0 1 1
12 0.1 18 0.4444444444444444 0.0 0.4 12 0.5833333333333334 0.0 0.5 6 0.6666666666666666 0.0 0.6 3 1.0 0.0 0.7 2 1.0 0.0 0.9 0 1 1
12 0.1 4 0.5 0.0 0.4 0 1 1 0.5 0 1 1 0.6 0 1 1 0.7 0 1 1 0.9 0 1 1
12 0.1 17 0.5882352941176471 0.0 0.4 8 0.875 0.0 0.5 5 1.0 0.0 0.6 3 1.0 0.0 0.7 1 1.0 0.0 0.9 0 1 1
12 0.1 11 0.7272727272727273 0.0 0.4 2 1.0 0.0 0.5 1 1.0 0.0 0.6 0 1 1 0.7 0 1 1 0.9 0 1 1
12 0.1 10 0.7 0.0 0.4 3 1.0 0.0 0.5 2 1.0 0.0 0.6 0 1 1 0.7 0 1 1 0.9 0 1 1
12 0.1 17 0.5294117647058824 0.0 0.4 11 0.8181818181818182 0.0 0.5 11 0.8181818181818182 0.0 0.6 10 0.8 0.0 0.7 7 1.0 0.0 0.9 0 1 1
12 0.1 0 1 1 0.4 0 1 1 0.5 0 1 1 0.6 0 1 1 0.7 0 1 1 0.9 0 1 1
12 0.1 28 0.35714285714285715 0.0 0.4 14 0.6428571428571429 0.0 0.5 12 0.6666666666666666 0.0 0.6 7 0.7142857142857143 0.0 0.7 4 1.0 0.0 0.9 0 1 1
12 0.1 15 0.6666666666666666 0.0 0.4 9 0.6666666666666666 0.0 0.5 7 0.5714285714285714 0.0 0.6 5 0.4 0.0 0.7 4 0.5 0.0 0.9 0 1 1
12 0.1 14 0.7142857142857143 0.0 0.4 8 1.0 0.0 0.5 7 1.0 0.0 0.6 6 1.0 0.0 0.7 4 1.0 0.0 0.9 0 1 1
12 0.1 0 1 1 0.4 0 1 1 0.5 0 1 1 0.6 0 1 1 0.7 0 1 1 0.9 0 1 1
12 0.1 0 1 1 0.4 0 1 1 0.5 0 1 1 0.6 0 1 1 0.7 0 1 1 0.9 0 1 1
12 0.1 2 0.0 0.0 0.4 0 1 1 0.5 0 1 1 0.6 0 1 1 0.7 0 1 1 0.9 0 1 1
12 0.1 3 0.3333333333333333 0.0 0.4 0 1 1 0.5 0 1 1 0.6 0 1 1 0.7 0 1 1 0.9 0 1 1
12 0.1 4 0.5 0.0 0.4 0 1 1 0.5 0 1 1 0.6 0 1 1 0.7 0 1 1 0.9 0 1 1
12 0.1 0 1 1 0.4 0 1 1 0.5 0 1 1 0.6 0 1 1 0.7 0 1 1 0.9 0 1 1
12 0.1 0 1 1 0.4 0 1 1 0.5 0 1 1 0.6 0 1 1 0.7 0 1 1 0.9 0 1 1
12 0.1 5 1.0 0.0 0.4 2 1.0 0.0 0.5 2 1.0 0.0 0.6 0 1 1 0.7 0 1 1 0.9 0 1 1
12 0.1 2 0.0 0.0 0.4 0 1 1 0.5 0 1 1 0.6 0 1 1 0.7 0 1 1 0.9 0 1 1
12 0.1 15 0.6666666666666666 0.0 0.4 7 0.8571428571428571 0.0 0.5 5 1.0 0.0 0.6 4 1.0 0.0 0.7 0 1 1 0.9 0 1 1
12 0.1 15 0.7333333333333333 0.0 0.4 6 1.0 0.0 0.5 3 1.0 0.0 0.6 2 1.0 0.0 0.7 0 1 1 0.9 0 1 1
12 0.1 13 0.46153846153846156 0.0 0.4 2 1.0 0.0 0.5 1 1.0 0.0 0.6 0 1 1 0.7 0 1 1 0.9 0 1 1
12 0.1 12 0.3333333333333333 0.0 0.4 1 0.0 0.0 0.5 1 0.0 0.0 0.6 0 1 1 0.7 0 1 1 0.9 0 1 1
12 0.1 17 0.6470588235294118 0.0 0.4 7 1.0 0.0 0.5 3 1.0 0.0 0.6 1 1.0 0.0 0.7 0 1 1 0.9 0 1 1
12 0.1 12 0.8333333333333334 0.0 0.4 8 0.875 0.0 0.5 1 1.0 0.0 0.6 1 1.0 0.0 0.7 0 1 1 0.9 0 1 1
12 0.1 10 0.2 0.0 0.4 2 0.5 0.0 0.5 1 1.0 0.0 0.6 0 1 1 0.7 0 1 1 0.9 0 1 1
12 0.1 11 0.9090909090909091 0.0 0.4 4 1.0 0.0 0.5 3 1.0 0.0 0.6 0 1 1 0.7 0 1 1 0.9 0 1 1
12 0.1 11 1.0 0.0 0.4 6 1.0 0.0 0.5 4 1.0 0.0 0.6 0 1 1 0.7 0 1 1 0.9 0 1 1
12 0.1 12 0.9166666666666666 0.08333333333333333 0.4 10 1.0 0.1 0.5 9 1.0 0.1111111111111111 0.6 5 1.0 0.0 0.7 3 1.0 0.0 0.9 0 1 1
12 0.1 19 0.5789473684210527 0.0 0.4 0 1 1 0.5 0 1 1 0.6 0 1 1 0.7 0 1 1 0.9 0 1 1
12 0.1 10 1.0 0.0 0.4 8 1.0 0.0 0.5 4 1.0 0.0 0.6 1 1.0 0.0 0.7 1 1.0 0.0 0.9 0 1 1
12 0.1 12 0.9166666666666666 0.0 0.4 9 1.0 0.0 0.5 8 1.0 0.0 0.6 6 1.0 0.0 0.7 5 1.0 0.0 0.9 0 1 1
12 0.1 8 1.0 0.0 0.4 2 1.0 0.0 0.5 0 1 1 0.6 0 1 1 0.7 0 1 1 0.9 0 1 1
12 0.1 11 1.0 0.09090909090909091 0.4 7 1.0 0.0 0.5 7 1.0 0.0 0.6 4 1.0 0.0 0.7 2 1.0 0.0 0.9 0 1 1
12 0.1 12 0.9166666666666666 0.08333333333333333 0.4 5 1.0 0.0 0.5 4 1.0 0.0 0.6 3 1.0 0.0 0.7 0 1 1 0.9 0 1 1
12 0.1 12 0.9166666666666666 0.08333333333333333 0.4 8 1.0 0.125 0.5 4 1.0 0.0 0.6 2 1.0 0.0 0.7 0 1 1 0.9 0 1 1
12 0.1 12 0.9166666666666666 0.0 0.4 11 1.0 0.0 0.5 9 1.0 0.0 0.6 9 1.0 0.0 0.7 7 1.0 0.0 0.9 0 1 1
12 0.1 11 1.0 0.0 0.4 11 1.0 0.0 0.5 10 1.0 0.0 0.6 8 1.0 0.0 0.7 5 1.0 0.0 0.9 0 1 1
12 0.1 17 0.6470588235294118 0.0 0.4 9 1.0 0.0 0.5 9 1.0 0.0 0.6 7 1.0 0.0 0.7 2 1.0 0.0 0.9 0 1 1
12 0.1 14 0.7857142857142857 0.0 0.4 11 1.0 0.0 0.5 10 1.0 0.0 0.6 10 1.0 0.0 0.7 9 1.0 0.0 0.9 0 1 1
12 0.1 16 0.6875 0.0 0.4 11 1.0 0.0 0.5 10 1.0 0.0 0.6 6 1.0 0.0 0.7 3 1.0 0.0 0.9 0 1 1
12 0.1 13 0.8461538461538461 0.0 0.4 10 0.9 0.0 0.5 8 1.0 0.0 0.6 6 1.0 0.0 0.7 3 1.0 0.0 0.9 0 1 1
12 0.1 13 0.8461538461538461 0.0 0.4 10 1.0 0.0 0.5 10 1.0 0.0 0.6 7 1.0 0.0 0.7 3 1.0 0.0 0.9 0 1 1
12 0.1 36 0.3055555555555556 0.0 0.4 10 1.0 0.0 0.5 10 1.0 0.0 0.6 7 1.0 0.0 0.7 1 1.0 0.0 0.9 0 1 1
12 0.1 16 0.6875 0.0 0.4 11 1.0 0.0 0.5 11 1.0 0.0 0.6 10 1.0 0.0 0.7 5 1.0 0.0 0.9 0 1 1
12 0.1 16 0.6875 0.0 0.4 5 1.0 0.0 0.5 2 1.0 0.0 0.6 1 1.0 0.0 0.7 0 1 1 0.9 0 1 1
12 0.1 13 0.8461538461538461 0.0 0.4 11 1.0 0.0 0.5 9 1.0 0.0 0.6 7 1.0 0.0 0.7 6 1.0 0.0 0.9 0 1 1
12 0.1 12 0.9166666666666666 0.0 0.4 8 1.0 0.0 0.5 8 1.0 0.0 0.6 3 1.0 0.0 0.7 0 1 1 0.9 0 1 1
12 0.1 14 0.7857142857142857 0.0 0.4 11 1.0 0.0 0.5 10 1.0 0.0 0.6 7 1.0 0.0 0.7 3 1.0 0.0 0.9 0 1 1
12 0.1 27 0.4074074074074074 0.0 0.4 8 1.0 0.0 0.5 7 1.0 0.0 0.6 7 1.0 0.0 0.7 5 1.0 0.0 0.9 0 1 1
12 0.1 14 0.7857142857142857 0.0 0.4 11 0.9090909090909091 0.0 0.5 10 1.0 0.0 0.6 7 1.0 0.0 0.7 5 1.0 0.0 0.9 0 1 1
12 0.1 12 0.9166666666666666 0.0 0.4 10 1.0 0.0 0.5 9 1.0 0.0 0.6 7 1.0 0.0 0.7 6 1.0 0.0 0.9 0 1 1
12 0.1 12 0.9166666666666666 0.0 0.4 10 1.0 0.0 0.5 10 1.0 0.0 0.6 10 1.0 0.0 0.7 6 1.0 0.0 0.9 0 1 1
12 0.1 14 0.7857142857142857 0.0 0.4 11 1.0 0.0 0.5 8 1.0 0.0 0.6 6 1.0 0.0 0.7 4 1.0 0.0 0.9 0 1 1
12 0.1 18 0.6111111111111112 0.0 0.4 7 0.8571428571428571 0.0 0.5 6 1.0 0.0 0.6 4 1.0 0.0 0.7 1 1.0 0.0 0.9 0 1 1
12 0.1 26 0.4230769230769231 0.0 0.4 12 0.9166666666666666 0.0 0.5 9 0.8888888888888888 0.0 0.6 8 0.875 0.0 0.7 5 1.0 0.0 0.9 0 1 1
12 0.1 14 0.7857142857142857 0.0 0.4 9 1.0 0.0 0.5 8 1.0 0.0 0.6 5 1.0 0.0 0.7 5 1.0 0.0 0.9 0 1 1
12 0.1 17 0.6470588235294118 0.0 0.4 11 1.0 0.0 0.5 11 1.0 0.0 0.6 9 1.0 0.0 0.7 6 1.0 0.0 0.9 0 1 1
12 0.1 13 0.8461538461538461 0.0 0.4 11 1.0 0.0 0.5 10 1.0 0.0 0.6 7 1.0 0.0 0.7 5 1.0 0.0 0.9 0 1 1
12 0.1 13 0.8461538461538461 0.0 0.4 11 1.0 0.0 0.5 11 1.0 0.0 0.6 10 1.0 0.0 0.7 9 1.0 0.0 0.9 0 1 1
12 0.1 12 0.9166666666666666 0.0 0.4 11 1.0 0.0 0.5 10 1.0 0.0 0.6 10 1.0 0.0 0.7 8 1.0 0.0 0.9 0 1 1
12 0.1 23 0.43478260869565216 0.0 0.4 7 0.8571428571428571 0.0 0.5 5 1.0 0.0 0.6 4 1.0 0.0 0.7 1 1.0 0.0 0.9 0 1 1
12 0.1 11 1.0 0.0 0.4 10 1.0 0.0 0.5 10 1.0 0.0 0.6 7 1.0 0.0 0.7 7 1.0 0.0 0.9 0 1 1
12 0.1 11 1.0 0.0 0.4 9 1.0 0.0 0.5 9 1.0 0.0 0.6 7 1.0 0.0 0.7 1 1.0 0.0 0.9 0 1 1
12 0.1 13 0.8461538461538461 0.0 0.4 11 1.0 0.0 0.5 10 1.0 0.0 0.6 8 1.0 0.0 0.7 7 1.0 0.0 0.9 0 1 1
12 0.1 11 1.0 0.0 0.4 11 1.0 0.0 0.5 9 1.0 0.0 0.6 9 1.0 0.0 0.7 7 1.0 0.0 0.9 0 1 1
12 0.1 12 0.9166666666666666 0.0 0.4 10 1.0 0.0 0.5 10 1.0 0.0 0.6 9 1.0 0.0 0.7 7 1.0 0.0 0.9 0 1 1
12 0.1 18 0.6111111111111112 0.0 0.4 10 1.0 0.0 0.5 9 1.0 0.0 0.6 9 1.0 0.0 0.7 5 1.0 0.0 0.9 0 1 1
12 0.1 11 1.0 0.0 0.4 11 1.0 0.0 0.5 10 1.0 0.0 0.6 10 1.0 0.0 0.7 8 1.0 0.0 0.9 0 1 1
12 0.1 12 0.9166666666666666 0.0 0.4 11 1.0 0.0 0.5 11 1.0 0.0 0.6 10 1.0 0.0 0.7 9 1.0 0.0 0.9 0 1 1
12 0.1 11 1.0 0.0 0.4 10 1.0 0.0 0.5 9 1.0 0.0 0.6 9 1.0 0.0 0.7 7 1.0 0.0 0.9 0 1 1
12 0.1 12 0.9166666666666666 0.08333333333333333 0.4 11 1.0 0.09090909090909091 0.5 11 1.0 0.09090909090909091 0.6 10 1.0 0.1 0.7 7 1.0 0.0 0.9 0 1 1
12 0.1 11 1.0 0.0 0.4 10 1.0 0.0 0.5 10 1.0 0.0 0.6 9 1.0 0.0 0.7 6 1.0 0.0 0.9 0 1 1
12 0.1 12 0.9166666666666666 0.0 0.4 10 1.0 0.0 0.5 10 1.0 0.0 0.6 10 1.0 0.0 0.7 9 1.0 0.0 0.9 0 1 1
12 0.1 12 0.9166666666666666 0.0 0.4 10 1.0 0.0 0.5 10 1.0 0.0 0.6 9 1.0 0.0 0.7 6 1.0 0.0 0.9 0 1 1
12 0.1 12 0.9166666666666666 0.0 0.4 10 1.0 0.0 0.5 10 1.0 0.0 0.6 10 1.0 0.0 0.7 8 1.0 0.0 0.9 0 1 1
12 0.1 12 0.9166666666666666 0.0 0.4 9 1.0 0.0 0.5 9 1.0 0.0 0.6 8 1.0 0.0 0.7 7 1.0 0.0 0.9 0 1 1
12 0.1 14 0.7857142857142857 0.0 0.4 12 0.9166666666666666 0.0 0.5 11 1.0 0.0 0.6 11 1.0 0.0 0.7 10 1.0 0.0 0.9 0 1 1
12 0.1 23 0.4782608695652174 0.043478260869565216 0.4 11 1.0 0.09090909090909091 0.5 10 1.0 0.1 0.6 9 1.0 0.1111111111111111 0.7 9 1.0 0.1111111111111111 0.9 0 1 1
12 0.1 11 1.0 0.0 0.4 11 1.0 0.0 0.5 10 1.0 0.0 0.6 10 1.0 0.0 0.7 8 1.0 0.0 0.9 0 1 1
12 0.1 13 0.8461538461538461 0.0 0.4 11 1.0 0.0 0.5 11 1.0 0.0 0.6 9 1.0 0.0 0.7 4 1.0 0.0 0.9 0 1 1
12 0.1 12 0.9166666666666666 0.0 0.4 11 1.0 0.0 0.5 11 1.0 0.0 0.6 11 1.0 0.0 0.7 9 1.0 0.0 0.9 0 1 1
12 0.1 12 0.9166666666666666 0.0 0.4 11 1.0 0.0 0.5 11 1.0 0.0 0.6 10 1.0 0.0 0.7 9 1.0 0.0 0.9 0 1 1
12 0.1 11 1.0 0.0 0.4 9 1.0 0.0 0.5 9 1.0 0.0 0.6 7 1.0 0.0 0.7 6 1.0 0.0 0.9 0 1 1
12 0.1 12 0.9166666666666666 0.0 0.4 11 1.0 0.0 0.5 11 1.0 0.0 0.6 10 1.0 0.0 0.7 8 1.0 0.0 0.9 0 1 1
12 0.1 11 1.0 0.0 0.4 10 1.0 0.0 0.5 10 1.0 0.0 0.6 10 1.0 0.0 0.7 10 1.0 0.0 0.9 0 1 1
12 0.1 11 1.0 0.0 0.4 11 1.0 0.0 0.5 11 1.0 0.0 0.6 10 1.0 0.0 0.7 9 1.0 0.0 0.9 0 1 1
12 0.1 13 0.8461538461538461 0.0 0.4 11 1.0 0.0 0.5 10 1.0 0.0 0.6 10 1.0 0.0 0.7 10 1.0 0.0 0.9 0 1 1
12 0.1 11 1.0 0.0 0.4 11 1.0 0.0 0.5 11 1.0 0.0 0.6 10 1.0 0.0 0.7 9 1.0 0.0 0.9 0 1 1
12 0.1 11 1.0 0.0 0.4 9 1.0 0.0 0.5 9 1.0 0.0 0.6 9 1.0 0.0 0.7 7 1.0 0.0 0.9 0 1 1
12 0.1 11 1.0 0.0 0.4 9 1.0 0.0 0.5 9 1.0 0.0 0.6 9 1.0 0.0 0.7 8 1.0 0.0 0.9 0 1 1
12 0.1 13 0.8461538461538461 0.0 0.4 11 1.0 0.0 0.5 10 1.0 0.0 0.6 10 1.0 0.0 0.7 10 1.0 0.0 0.9 0 1 1
12 0.1 11 1.0 0.0 0.4 11 1.0 0.0 0.5 11 1.0 0.0 0.6 10 1.0 0.0 0.7 8 1.0 0.0 0.9 0 1 1
12 0.1 11 1.0 0.0 0.4 10 1.0 0.0 0.5 10 1.0 0.0 0.6 10 1.0 0.0 0.7 10 1.0 0.0 0.9 0 1 1
12 0.1 12 1.0 0.0 0.4 10 1.0 0.0 0.5 10 1.0 0.0 0.6 10 1.0 0.0 0.7 10 1.0 0.0 0.9 0 1 1
12 0.1 12 0.9166666666666666 0.0 0.4 10 1.0 0.0 0.5 10 1.0 0.0 0.6 10 1.0 0.0 0.7 9 1.0 0.0 0.9 0 1 1
12 0.1 11 1.0 0.09090909090909091 0.4 9 1.0 0.0 0.5 9 1.0 0.0 0.6 9 1.0 0.0 0.7 9 1.0 0.0 0.9 0 1 1
12 0.1 11 1.0 0.0 0.4 10 1.0 0.0 0.5 10 1.0 0.0 0.6 10 1.0 0.0 0.7 9 1.0 0.0 0.9 0 1 1
12 0.1 11 1.0 0.0 0.4 11 1.0 0.0 0.5 9 1.0 0.0 0.6 8 1.0 0.0 0.7 8 1.0 0.0 0.9 0 1 1
12 0.1 12 0.9166666666666666 0.0 0.4 10 1.0 0.0 0.5 10 1.0 0.0 0.6 9 1.0 0.0 0.7 9 1.0 0.0 0.9 0 1 1
12 0.1 11 1.0 0.0 0.4 10 1.0 0.0 0.5 10 1.0 0.0 0.6 10 1.0 0.0 0.7 8 1.0 0.0 0.9 0 1 1
12 0.1 10 1.0 0.0 0.4 10 1.0 0.0 0.5 10 1.0 0.0 0.6 7 1.0 0.0 0.7 5 1.0 0.0 0.9 0 1 1
12 0.1 10 1.0 0.0 0.4 8 1.0 0.0 0.5 8 1.0 0.0 0.6 7 1.0 0.0 0.7 7 1.0 0.0 0.9 0 1 1
12 0.1 13 0.8461538461538461 0.07692307692307693 0.4 9 1.0 0.1111111111111111 0.5 8 1.0 0.0 0.6 6 1.0 0.0 0.7 4 1.0 0.0 0.9 0 1 1
12 0.1 10 1.0 0.0 0.4 7 1.0 0.0 0.5 6 1.0 0.0 0.6 4 1.0 0.0 0.7 2 1.0 0.0 0.9 0 1 1
12 0.1 11 1.0 0.09090909090909091 0.4 10 1.0 0.1 0.5 10 1.0 0.1 0.6 10 1.0 0.1 0.7 8 1.0 0.125 0.9 0 1 1
12 0.1 11 1.0 0.0 0.4 10 1.0 0.0 0.5 10 1.0 0.0 0.6 10 1.0 0.0 0.7 9 1.0 0.0 0.9 0 1 1
12 0.1 12 0.9166666666666666 0.0 0.4 10 1.0 0.0 0.5 10 1.0 0.0 0.6 10 1.0 0.0 0.7 10 1.0 0.0 0.9 0 1 1
12 0.1 10 1.0 0.0 0.4 9 1.0 0.0 0.5 9 1.0 0.0 0.6 9 1.0 0.0 0.7 9 1.0 0.0 0.9 0 1 1
12 0.1 12 0.9166666666666666 0.0 0.4 10 1.0 0.0 0.5 10 1.0 0.0 0.6 9 1.0 0.0 0.7 7 1.0 0.0 0.9 0 1 1
12 0.1 11 1.0 0.0 0.4 10 1.0 0.0 0.5 10 1.0 0.0 0.6 10 1.0 0.0 0.7 10 1.0 0.0 0.9 0 1 1
12 0.1 12 0.9166666666666666 0.0 0.4 10 1.0 0.0 0.5 10 1.0 0.0 0.6 10 1.0 0.0 0.7 10 1.0 0.0 0.9 0 1 1
12 0.1 10 1.0 0.0 0.4 10 1.0 0.0 0.5 10 1.0 0.0 0.6 10 1.0 0.0 0.7 10 1.0 0.0 0.9 0 1 1
12 0.1 11 1.0 0.0 0.4 10 1.0 0.0 0.5 10 1.0 0.0 0.6 10 1.0 0.0 0.7 10 1.0 0.0 0.9 0 1 1
12 0.1 11 1.0 0.0 0.4 10 1.0 0.0 0.5 10 1.0 0.0 0.6 10 1.0 0.0 0.7 9 1.0 0.0 0.9 0 1 1
12 0.1 9 1.0 0.0 0.4 8 1.0 0.0 0.5 8 1.0 0.0 0.6 8 1.0 0.0 0.7 7 1.0 0.0 0.9 0 1 1
12 0.1 11 1.0 0.0 0.4 10 1.0 0.0 0.5 10 1.0 0.0 0.6 9 1.0 0.0 0.7 8 1.0 0.0 0.9 0 1 1
12 0.1 11 1.0 0.0 0.4 11 1.0 0.0 0.5 10 1.0 0.0 0.6 10 1.0 0.0 0.7 9 1.0 0.0 0.9 0 1 1
12 0.1 11 1.0 0.0 0.4 10 1.0 0.0 0.5 10 1.0 0.0 0.6 10 1.0 0.0 0.7 10 1.0 0.0 0.9 0 1 1
12 0.1 12 0.9166666666666666 0.0 0.4 10 1.0 0.0 0.5 10 1.0 0.0 0.6 10 1.0 0.0 0.7 10 1.0 0.0 0.9 0 1 1
12 0.1 12 0.9166666666666666 0.0 0.4 11 1.0 0.0 0.5 10 1.0 0.0 0.6 9 1.0 0.0 0.7 9 1.0 0.0 0.9 0 1 1
12 0.1 11 1.0 0.0 0.4 10 1.0 0.0 0.5 10 1.0 0.0 0.6 10 1.0 0.0 0.7 10 1.0 0.0 0.9 0 1 1
12 0.1 11 1.0 0.0 0.4 10 1.0 0.0 0.5 10 1.0 0.0 0.6 10 1.0 0.0 0.7 8 1.0 0.0 0.9 0 1 1
12 0.1 11 1.0 0.0 0.4 10 1.0 0.0 0.5 9 1.0 0.0 0.6 9 1.0 0.0 0.7 8 1.0 0.0 0.9 0 1 1
12 0.1 9 1.0 0.0 0.4 9 1.0 0.0 0.5 9 1.0 0.0 0.6 9 1.0 0.0 0.7 7 1.0 0.0 0.9 0 1 1
12 0.1 10 1.0 0.0 0.4 9 1.0 0.0 0.5 8 1.0 0.0 0.6 8 1.0 0.0 0.7 8 1.0 0.0 0.9 0 1 1
12 0.1 10 1.0 0.0 0.4 10 1.0 0.0 0.5 10 1.0 0.0 0.6 10 1.0 0.0 0.7 8 1.0 0.0 0.9 0 1 1
12 0.1 10 1.0 0.0 0.4 9 1.0 0.0 0.5 8 1.0 0.0 0.6 8 1.0 0.0 0.7 8 1.0 0.0 0.9 0 1 1
12 0.1 11 1.0 0.0 0.4 11 1.0 0.0 0.5 11 1.0 0.0 0.6 10 1.0 0.0 0.7 10 1.0 0.0 0.9 0 1 1
12 0.1 11 1.0 0.0 0.4 10 1.0 0.0 0.5 10 1.0 0.0 0.6 10 1.0 0.0 0.7 10 1.0 0.0 0.9 0 1 1
12 0.1 11 1.0 0.0 0.4 10 1.0 0.0 0.5 10 1.0 0.0 0.6 10 1.0 0.0 0.7 10 1.0 0.0 0.9 0 1 1
12 0.1 12 0.9166666666666666 0.08333333333333333 0.4 10 1.0 0.1 0.5 10 1.0 0.1 0.6 10 1.0 0.1 0.7 9 1.0 0.0 0.9 0 1 1
12 0.1 11 1.0 0.09090909090909091 0.4 10 1.0 0.1 0.5 10 1.0 0.1 0.6 9 1.0 0.0 0.7 8 1.0 0.0 0.9 0 1 1
12 0.1 10 1.0 0.0 0.4 10 1.0 0.0 0.5 9 1.0 0.0 0.6 8 1.0 0.0 0.7 8 1.0 0.0 0.9 0 1 1
12 0.1 10 1.0 0.0 0.4 10 1.0 0.0 0.5 8 1.0 0.0 0.6 8 1.0 0.0 0.7 8 1.0 0.0 0.9 0 1 1
12 0.1 11 1.0 0.09090909090909091 0.4 9 1.0 0.0 0.5 9 1.0 0.0 0.6 9 1.0 0.0 0.7 9 1.0 0.0 0.9 0 1 1
12 0.1 10 1.0 0.0 0.4 10 1.0 0.0 0.5 10 1.0 0.0 0.6 10 1.0 0.0 0.7 7 1.0 0.0 0.9 0 1 1
12 0.1 10 1.0 0.0 0.4 9 1.0 0.0 0.5 9 1.0 0.0 0.6 8 1.0 0.0 0.7 7 1.0 0.0 0.9 0 1 1
12 0.1 10 1.0 0.0 0.4 9 1.0 0.0 0.5 9 1.0 0.0 0.6 8 1.0 0.0 0.7 7 1.0 0.0 0.9 0 1 1
12 0.1 10 1.0 0.1 0.4 9 1.0 0.1111111111111111 0.5 8 1.0 0.125 0.6 7 1.0 0.14285714285714285 0.7 7 1.0 0.14285714285714285 0.9 0 1 1
12 0.1 12 0.9166666666666666 0.0 0.4 11 1.0 0.0 0.5 10 1.0 0.0 0.6 10 1.0 0.0 0.7 10 1.0 0.0 0.9 0 1 1
12 0.1 13 0.9230769230769231 0.0 0.4 10 1.0 0.0 0.5 10 1.0 0.0 0.6 10 1.0 0.0 0.7 10 1.0 0.0 0.9 0 1 1
12 0.1 10 1.0 0.1 0.4 10 1.0 0.1 0.5 10 1.0 0.1 0.6 10 1.0 0.1 0.7 10 1.0 0.1 0.9 0 1 1
12 0.1 10 1.0 0.0 0.4 10 1.0 0.0 0.5 10 1.0 0.0 0.6 10 1.0 0.0 0.7 7 1.0 0.0 0.9 0 1 1
12 0.1 10 1.0 0.0 0.4 10 1.0 0.0 0.5 10 1.0 0.0 0.6 10 1.0 0.0 0.7 10 1.0 0.0 0.9 0 1 1
12 0.1 10 1.0 0.0 0.4 9 1.0 0.0 0.5 9 1.0 0.0 0.6 9 1.0 0.0 0.7 9 1.0 0.0 0.9 0 1 1
12 0.1 9 1.0 0.0 0.4 8 1.0 0.0 0.5 8 1.0 0.0 0.6 7 1.0 0.0 0.7 7 1.0 0.0 0.9 0 1 1
12 0.1 11 1.0 0.0 0.4 11 1.0 0.0 0.5 9 1.0 0.0 0.6 8 1.0 0.0 0.7 8 1.0 0.0 0.9 0 1 1
12 0.1 11 1.0 0.0 0.4 10 1.0 0.0 0.5 10 1.0 0.0 0.6 10 1.0 0.0 0.7 10 1.0 0.0 0.9 0 1 1
12 0.1 10 1.0 0.0 0.4 10 1.0 0.0 0.5 10 1.0 0.0 0.6 10 1.0 0.0 0.7 10 1.0 0.0 0.9 0 1 1
12 0.1 12 1.0 0.0 0.4 10 1.0 0.0 0.5 10 1.0 0.0 0.6 10 1.0 0.0 0.7 9 1.0 0.0 0.9 0 1 1
12 0.1 9 1.0 0.0 0.4 8 1.0 0.0 0.5 8 1.0 0.0 0.6 8 1.0 0.0 0.7 8 1.0 0.0 0.9 1 1.0 0.0
12 0.1 9 1.0 0.0 0.4 8 1.0 0.0 0.5 8 1.0 0.0 0.6 7 1.0 0.0 0.7 5 1.0 0.0 0.9 0 1 1
12 0.1 12 0.9166666666666666 0.0 0.4 8 1.0 0.0 0.5 8 1.0 0.0 0.6 8 1.0 0.0 0.7 8 1.0 0.0 0.9 0 1 1
12 0.1 13 0.9230769230769231 0.0 0.4 9 1.0 0.0 0.5 9 1.0 0.0 0.6 9 1.0 0.0 0.7 8 1.0 0.0 0.9 0 1 1
12 0.1 11 0.9090909090909091 0.0 0.4 9 1.0 0.0 0.5 9 1.0 0.0 0.6 9 1.0 0.0 0.7 9 1.0 0.0 0.9 0 1 1
12 0.1 10 1.0 0.0 0.4 10 1.0 0.0 0.5 10 1.0 0.0 0.6 9 1.0 0.0 0.7 9 1.0 0.0 0.9 0 1 1
12 0.1 12 0.9166666666666666 0.0 0.4 10 1.0 0.0 0.5 9 1.0 0.0 0.6 9 1.0 0.0 0.7 9 1.0 0.0 0.9 0 1 1
12 0.1 10 1.0 0.0 0.4 10 1.0 0.0 0.5 9 1.0 0.0 0.6 9 1.0 0.0 0.7 8 1.0 0.0 0.9 0 1 1
12 0.1 9 1.0 0.0 0.4 8 1.0 0.0 0.5 8 1.0 0.0 0.6 8 1.0 0.0 0.7 8 1.0 0.0 0.9 0 1 1
12 0.1 11 1.0 0.0 0.4 10 1.0 0.0 0.5 9 1.0 0.0 0.6 9 1.0 0.0 0.7 7 1.0 0.0 0.9 0 1 1
12 0.1 11 1.0 0.0 0.4 11 1.0 0.0 0.5 11 1.0 0.0 0.6 9 1.0 0.0 0.7 9 1.0 0.0 0.9 0 1 1
12 0.1 11 1.0 0.0 0.4 10 1.0 0.0 0.5 10 1.0 0.0 0.6 8 1.0 0.0 0.7 8 1.0 0.0 0.9 0 1 1
12 0.1 12 1.0 0.0 0.4 11 1.0 0.0 0.5 11 1.0 0.0 0.6 11 1.0 0.0 0.7 10 1.0 0.0 0.9 0 1 1
12 0.1 11 1.0 0.0 0.4 11 1.0 0.0 0.5 11 1.0 0.0 0.6 10 1.0 0.0 0.7 10 1.0 0.0 0.9 0 1 1
12 0.1 11 1.0 0.0 0.4 9 1.0 0.0 0.5 9 1.0 0.0 0.6 9 1.0 0.0 0.7 8 1.0 0.0 0.9 0 1 1
12 0.1 10 1.0 0.0 0.4 9 1.0 0.0 0.5 9 1.0 0.0 0.6 8 1.0 0.0 0.7 7 1.0 0.0 0.9 0 1 1
12 0.1 10 1.0 0.0 0.4 9 1.0 0.0 0.5 9 1.0 0.0 0.6 9 1.0 0.0 0.7 9 1.0 0.0 0.9 0 1 1
12 0.1 13 0.8461538461538461 0.0 0.4 10 1.0 0.0 0.5 10 1.0 0.0 0.6 10 1.0 0.0 0.7 10 1.0 0.0 0.9 0 1 1
12 0.1 10 1.0 0.0 0.4 9 1.0 0.0 0.5 9 1.0 0.0 0.6 9 1.0 0.0 0.7 9 1.0 0.0 0.9 0 1 1
12 0.1 11 1.0 0.0 0.4 10 1.0 0.0 0.5 10 1.0 0.0 0.6 10 1.0 0.0 0.7 9 1.0 0.0 0.9 0 1 1
12 0.1 11 1.0 0.0 0.4 9 1.0 0.0 0.5 9 1.0 0.0 0.6 9 1.0 0.0 0.7 9 1.0 0.0 0.9 1 1.0 0.0
12 0.1 12 1.0 0.0 0.4 9 1.0 0.0 0.5 9 1.0 0.0 0.6 9 1.0 0.0 0.7 9 1.0 0.0 0.9 0 1 1
12 0.1 9 1.0 0.0 0.4 8 1.0 0.0 0.5 8 1.0 0.0 0.6 8 1.0 0.0 0.7 8 1.0 0.0 0.9 0 1 1
12 0.1 12 1.0 0.0 0.4 10 1.0 0.0 0.5 10 1.0 0.0 0.6 10 1.0 0.0 0.7 10 1.0 0.0 0.9 0 1 1
12 0.1 10 1.0 0.0 0.4 8 1.0 0.0 0.5 7 1.0 0.0 0.6 7 1.0 0.0 0.7 7 1.0 0.0 0.9 1 1.0 0.0
12 0.1 12 1.0 0.0 0.4 10 1.0 0.0 0.5 10 1.0 0.0 0.6 10 1.0 0.0 0.7 10 1.0 0.0 0.9 0 1 1
12 0.1 10 1.0 0.0 0.4 10 1.0 0.0 0.5 9 1.0 0.0 0.6 9 1.0 0.0 0.7 9 1.0 0.0 0.9 0 1 1
12 0.1 9 1.0 0.0 0.4 9 1.0 0.0 0.5 9 1.0 0.0 0.6 9 1.0 0.0 0.7 8 1.0 0.0 0.9 1 1.0 0.0
12 0.1 9 1.0 0.0 0.4 9 1.0 0.0 0.5 9 1.0 0.0 0.6 9 1.0 0.0 0.7 9 1.0 0.0 0.9 1 1.0 0.0
12 0.1 11 1.0 0.09090909090909091 0.4 10 1.0 0.1 0.5 10 1.0 0.1 0.6 10 1.0 0.1 0.7 10 1.0 0.1 0.9 0 1 1
12 0.1 10 1.0 0.1 0.4 10 1.0 0.1 0.5 10 1.0 0.1 0.6 10 1.0 0.1 0.7 9 1.0 0.1111111111111111 0.9 0 1 1
12 0.1 11 0.9090909090909091 0.0 0.4 8 1.0 0.0 0.5 8 1.0 0.0 0.6 8 1.0 0.0 0.7 8 1.0 0.0 0.9 0 1 1
12 0.1 11 0.9090909090909091 0.0 0.4 10 1.0 0.0 0.5 10 1.0 0.0 0.6 9 1.0 0.0 0.7 8 1.0 0.0 0.9 0 1 1
12 0.1 10 1.0 0.0 0.4 10 1.0 0.0 0.5 10 1.0 0.0 0.6 10 1.0 0.0 0.7 9 1.0 0.0 0.9 0 1 1
12 0.1 11 1.0 0.0 0.4 10 1.0 0.0 0.5 10 1.0 0.0 0.6 10 1.0 0.0 0.7 10 1.0 0.0 0.9 1 1.0 0.0
12 0.1 10 1.0 0.0 0.4 10 1.0 0.0 0.5 10 1.0 0.0 0.6 10 1.0 0.0 0.7 10 1.0 0.0 0.9 1 1.0 0.0
12 0.1 10 1.0 0.0 0.4 10 1.0 0.0 0.5 10 1.0 0.0 0.6 10 1.0 0.0 0.7 10 1.0 0.0 0.9 1 1.0 0.0
12 0.1 10 1.0 0.0 0.4 9 1.0 0.0 0.5 9 1.0 0.0 0.6 9 1.0 0.0 0.7 8 1.0 0.0 0.9 1 1.0 0.0
12 0.1 10 1.0 0.0 0.4 9 1.0 0.0 0.5 9 1.0 0.0 0.6 8 1.0 0.0 0.7 8 1.0 0.0 0.9 1 1.0 0.0
12 0.1 10 1.0 0.0 0.4 9 1.0 0.0 0.5 9 1.0 0.0 0.6 9 1.0 0.0 0.7 8 1.0 0.0 0.9 1 1.0 0.0
12 0.1 10 1.0 0.0 0.4 9 1.0 0.0 0.5 9 1.0 0.0 0.6 9 1.0 0.0 0.7 9 1.0 0.0 0.9 1 1.0 0.0
12 0.1 10 1.0 0.0 0.4 10 1.0 0.0 0.5 10 1.0 0.0 0.6 10 1.0 0.0 0.7 10 1.0 0.0 0.9 1 1.0 0.0
12 0.1 10 1.0 0.0 0.4 10 1.0 0.0 0.5 10 1.0 0.0 0.6 10 1.0 0.0 0.7 9 1.0 0.0 0.9 1 1.0 0.0
12 0.1 10 1.0 0.0 0.4 10 1.0 0.0 0.5 10 1.0 0.0 0.6 10 1.0 0.0 0.7 9 1.0 0.0 0.9 1 1.0 0.0
12 0.1 10 1.0 0.0 0.4 10 1.0 0.0 0.5 9 1.0 0.0 0.6 9 1.0 0.0 0.7 9 1.0 0.0 0.9 1 1.0 0.0
12 0.1 10 1.0 0.0 0.4 10 1.0 0.0 0.5 10 1.0 0.0 0.6 10 1.0 0.0 0.7 10 1.0 0.0 0.9 0 1 1
12 0.1 12 1.0 0.0 0.4 10 1.0 0.0 0.5 10 1.0 0.0 0.6 10 1.0 0.0 0.7 10 1.0 0.0 0.9 0 1 1
12 0.1 10 1.0 0.0 0.4 10 1.0 0.0 0.5 9 1.0 0.0 0.6 9 1.0 0.0 0.7 9 1.0 0.0 0.9 0 1 1
12 0.1 10 1.0 0.0 0.4 10 1.0 0.0 0.5 10 1.0 0.0 0.6 10 1.0 0.0 0.7 9 1.0 0.0 0.9 1 1.0 0.0
12 0.1 10 1.0 0.0 0.4 10 1.0 0.0 0.5 9 1.0 0.0 0.6 9 1.0 0.0 0.7 9 1.0 0.0 0.9 1 1.0 0.0
12 0.1 10 1.0 0.0 0.4 9 1.0 0.0 0.5 9 1.0 0.0 0.6 9 1.0 0.0 0.7 9 1.0 0.0 0.9 1 1.0 0.0
12 0.1 12 1.0 0.0 0.4 11 1.0 0.0 0.5 10 1.0 0.0 0.6 10 1.0 0.0 0.7 10 1.0 0.0 0.9 2 1.0 0.0
12 0.1 12 1.0 0.0 0.4 11 1.0 0.0 0.5 11 1.0 0.0 0.6 10 1.0 0.0 0.7 10 1.0 0.0 0.9 0 1 1
12 0.1 11 1.0 0.0 0.4 10 1.0 0.0 0.5 10 1.0 0.0 0.6 10 1.0 0.0 0.7 10 1.0 0.0 0.9 1 1.0 0.0
12 0.1 11 1.0 0.0 0.4 11 1.0 0.0 0.5 10 1.0 0.0 0.6 10 1.0 0.0 0.7 10 1.0 0.0 0.9 0 1 1
12 0.1 11 1.0 0.0 0.4 10 1.0 0.0 0.5 10 1.0 0.0 0.6 10 1.0 0.0 0.7 10 1.0 0.0 0.9 1 1.0 0.0
12 0.1 10 1.0 0.0 0.4 10 1.0 0.0 0.5 10 1.0 0.0 0.6 10 1.0 0.0 0.7 9 1.0 0.0 0.9 1 1.0 0.0
12 0.1 10 1.0 0.0 0.4 10 1.0 0.0 0.5 10 1.0 0.0 0.6 10 1.0 0.0 0.7 9 1.0 0.0 0.9 1 1.0 0.0
12 0.1 10 1.0 0.0 0.4 9 1.0 0.0 0.5 9 1.0 0.0 0.6 9 1.0 0.0 0.7 9 1.0 0.0 0.9 1 1.0 0.0
12 0.1 10 1.0 0.0 0.4 9 1.0 0.0 0.5 9 1.0 0.0 0.6 9 1.0 0.0 0.7 9 1.0 0.0 0.9 1 1.0 0.0
12 0.1 9 1.0 0.0 0.4 9 1.0 0.0 0.5 9 1.0 0.0 0.6 9 1.0 0.0 0.7 9 1.0 0.0 0.9 1 1.0 0.0
12 0.1 10 1.0 0.0 0.4 10 1.0 0.0 0.5 10 1.0 0.0 0.6 9 1.0 0.0 0.7 9 1.0 0.0 0.9 1 1.0 0.0
12 0.1 10 1.0 0.0 0.4 10 1.0 0.0 0.5 10 1.0 0.0 0.6 10 1.0 0.0 0.7 10 1.0 0.0 0.9 0 1 1
12 0.1 10 1.0 0.0 0.4 10 1.0 0.0 0.5 9 1.0 0.0 0.6 9 1.0 0.0 0.7 9 1.0 0.0 0.9 1 1.0 0.0
12 0.1 11 1.0 0.0 0.4 10 1.0 0.0 0.5 10 1.0 0.0 0.6 10 1.0 0.0 0.7 9 1.0 0.0 0.9 1 1.0 0.0
12 0.1 11 1.0 0.0 0.4 10 1.0 0.0 0.5 10 1.0 0.0 0.6 10 1.0 0.0 0.7 10 1.0 0.0 0.9 1 1.0 0.0
12 0.1 10 1.0 0.0 0.4 10 1.0 0.0 0.5 10 1.0 0.0 0.6 10 1.0 0.0 0.7 10 1.0 0.0 0.9 1 1.0 0.0
12 0.1 11 0.9090909090909091 0.0 0.4 10 1.0 0.0 0.5 10 1.0 0.0 0.6 10 1.0 0.0 0.7 10 1.0 0.0 0.9 1 1.0 0.0
12 0.1 10 1.0 0.0 0.4 10 1.0 0.0 0.5 10 1.0 0.0 0.6 10 1.0 0.0 0.7 10 1.0 0.0 0.9 1 1.0 0.0
12 0.1 10 1.0 0.0 0.4 10 1.0 0.0 0.5 10 1.0 0.0 0.6 10 1.0 0.0 0.7 10 1.0 0.0 0.9 1 1.0 0.0
12 0.1 10 1.0 0.0 0.4 9 1.0 0.0 0.5 9 1.0 0.0 0.6 9 1.0 0.0 0.7 9 1.0 0.0 0.9 0 1 1
12 0.1 10 1.0 0.0 0.4 9 1.0 0.0 0.5 9 1.0 0.0 0.6 9 1.0 0.0 0.7 9 1.0 0.0 0.9 0 1 1
12 0.1 11 1.0 0.0 0.4 10 1.0 0.0 0.5 10 1.0 0.0 0.6 10 1.0 0.0 0.7 7 1.0 0.0 0.9 0 1 1
12 0.1 9 1.0 0.1111111111111111 0.4 9 1.0 0.1111111111111111 0.5 9 1.0 0.1111111111111111 0.6 9 1.0 0.1111111111111111 0.7 9 1.0 0.1111111111111111 0.9 1 1.0 1.0
12 0.1 12 1.0 0.08333333333333333 0.4 11 1.0 0.09090909090909091 0.5 10 1.0 0.1 0.6 10 1.0 0.1 0.7 10 1.0 0.1 0.9 1 1.0 1.0
12 0.1 11 1.0 0.0 0.4 11 1.0 0.0 0.5 10 1.0 0.0 0.6 10 1.0 0.0 0.7 10 1.0 0.0 0.9 2 1.0 0.0
12 0.1 12 1.0 0.08333333333333333 0.4 11 1.0 0.09090909090909091 0.5 10 1.0 0.1 0.6 10 1.0 0.1 0.7 10 1.0 0.1 0.9 1 1.0 1.0
12 0.1 11 1.0 0.0 0.4 10 1.0 0.0 0.5 10 1.0 0.0 0.6 10 1.0 0.0 0.7 10 1.0 0.0 0.9 1 1.0 0.0
12 0.1 11 1.0 0.09090909090909091 0.4 10 1.0 0.1 0.5 10 1.0 0.1 0.6 10 1.0 0.1 0.7 10 1.0 0.1 0.9 2 1.0 0.5
12 0.1 12 1.0 0.0 0.4 11 1.0 0.0 0.5 10 1.0 0.0 0.6 10 1.0 0.0 0.7 10 1.0 0.0 0.9 2 1.0 0.0
12 0.1 11 1.0 0.0 0.4 10 1.0 0.0 0.5 10 1.0 0.0 0.6 10 1.0 0.0 0.7 10 1.0 0.0 0.9 2 1.0 0.0
12 0.1 12 1.0 0.0 0.4 10 1.0 0.0 0.5 9 1.0 0.0 0.6 9 1.0 0.0 0.7 9 1.0 0.0 0.9 1 1.0 0.0
12 0.1 10 1.0 0.0 0.4 10 1.0 0.0 0.5 10 1.0 0.0 0.6 10 1.0 0.0 0.7 10 1.0 0.0 0.9 1 1.0 0.0
12 0.1 10 1.0 0.0 0.4 10 1.0 0.0 0.5 10 1.0 0.0 0.6 10 1.0 0.0 0.7 10 1.0 0.0 0.9 2 1.0 0.0
12 0.1 12 1.0 0.0 0.4 10 1.0 0.0 0.5 10 1.0 0.0 0.6 10 1.0 0.0 0.7 10 1.0 0.0 0.9 1 1.0 0.0
12 0.1 11 1.0 0.0 0.4 10 1.0 0.0 0.5 10 1.0 0.0 0.6 10 1.0 0.0 0.7 10 1.0 0.0 0.9 2 1.0 0.0
12 0.1 10 1.0 0.0 0.4 10 1.0 0.0 0.5 10 1.0 0.0 0.6 10 1.0 0.0 0.7 10 1.0 0.0 0.9 1 1.0 0.0
12 0.1 12 1.0 0.0 0.4 10 1.0 0.0 0.5 10 1.0 0.0 0.6 10 1.0 0.0 0.7 10 1.0 0.0 0.9 1 1.0 0.0
12 0.1 10 1.0 0.0 0.4 10 1.0 0.0 0.5 10 1.0 0.0 0.6 10 1.0 0.0 0.7 10 1.0 0.0 0.9 1 1.0 0.0
12 0.1 10 1.0 0.0 0.4 9 1.0 0.0 0.5 9 1.0 0.0 0.6 9 1.0 0.0 0.7 8 1.0 0.0 0.9 1 1.0 0.0
12 0.1 10 1.0 0.0 0.4 9 1.0 0.0 0.5 9 1.0 0.0 0.6 9 1.0 0.0 0.7 8 1.0 0.0 0.9 1 1.0 0.0
12 0.1 11 1.0 0.0 0.4 9 1.0 0.0 0.5 9 1.0 0.0 0.6 9 1.0 0.0 0.7 9 1.0 0.0 0.9 1 1.0 0.0
12 0.1 12 1.0 0.0 0.4 10 1.0 0.0 0.5 9 1.0 0.0 0.6 9 1.0 0.0 0.7 9 1.0 0.0 0.9 1 1.0 0.0
12 0.1 10 1.0 0.0 0.4 9 1.0 0.0 0.5 9 1.0 0.0 0.6 9 1.0 0.0 0.7 9 1.0 0.0 0.9 2 1.0 0.0
12 0.1 11 1.0 0.0 0.4 10 1.0 0.0 0.5 10 1.0 0.0 0.6 10 1.0 0.0 0.7 9 1.0 0.0 0.9 1 1.0 0.0
12 0.1 11 1.0 0.0 0.4 10 1.0 0.0 0.5 10 1.0 0.0 0.6 10 1.0 0.0 0.7 10 1.0 0.0 0.9 0 1 1
12 0.1 12 1.0 0.0 0.4 10 1.0 0.0 0.5 10 1.0 0.0 0.6 9 1.0 0.0 0.7 9 1.0 0.0 0.9 1 1.0 0.0
12 0.1 10 1.0 0.0 0.4 10 1.0 0.0 0.5 10 1.0 0.0 0.6 9 1.0 0.0 0.7 9 1.0 0.0 0.9 1 1.0 0.0
12 0.1 11 1.0 0.0 0.4 10 1.0 0.0 0.5 10 1.0 0.0 0.6 10 1.0 0.0 0.7 10 1.0 0.0 0.9 1 1.0 0.0
12 0.1 10 1.0 0.0 0.4 10 1.0 0.0 0.5 10 1.0 0.0 0.6 10 1.0 0.0 0.7 10 1.0 0.0 0.9 2 1.0 0.0
12 0.1 11 1.0 0.0 0.4 10 1.0 0.0 0.5 10 1.0 0.0 0.6 10 1.0 0.0 0.7 10 1.0 0.0 0.9 1 1.0 0.0
12 0.1 10 1.0 0.0 0.4 10 1.0 0.0 0.5 10 1.0 0.0 0.6 10 1.0 0.0 0.7 10 1.0 0.0 0.9 1 1.0 0.0
12 0.1 10 1.0 0.1 0.4 10 1.0 0.1 0.5 10 1.0 0.1 0.6 10 1.0 0.1 0.7 10 1.0 0.1 0.9 1 1.0 1.0
12 0.1 11 1.0 0.0 0.4 10 1.0 0.0 0.5 10 1.0 0.0 0.6 9 1.0 0.0 0.7 9 1.0 0.0 0.9 1 1.0 0.0
12 0.1 11 1.0 0.0 0.4 10 1.0 0.0 0.5 10 1.0 0.0 0.6 10 1.0 0.0 0.7 9 1.0 0.0 0.9 1 1.0 0.0
12 0.1 11 1.0 0.0 0.4 11 1.0 0.0 0.5 10 1.0 0.0 0.6 10 1.0 0.0 0.7 10 1.0 0.0 0.9 2 1.0 0.0
12 0.1 11 1.0 0.0 0.4 10 1.0 0.0 0.5 10 1.0 0.0 0.6 10 1.0 0.0 0.7 10 1.0 0.0 0.9 1 1.0 0.0
12 0.1 12 0.9166666666666666 0.0 0.4 11 1.0 0.0 0.5 11 1.0 0.0 0.6 11 1.0 0.0 0.7 11 1.0 0.0 0.9 1 1.0 0.0
12 0.1 13 0.8461538461538461 0.0 0.4 11 1.0 0.0 0.5 11 1.0 0.0 0.6 10 1.0 0.0 0.7 9 1.0 0.0 0.9 1 1.0 0.0
12 0.1 12 1.0 0.0 0.4 11 1.0 0.0 0.5 11 1.0 0.0 0.6 11 1.0 0.0 0.7 9 1.0 0.0 0.9 1 1.0 0.0
12 0.1 12 1.0 0.08333333333333333 0.4 11 1.0 0.09090909090909091 0.5 10 1.0 0.1 0.6 10 1.0 0.1 0.7 10 1.0 0.1 0.9 1 1.0 1.0
12 0.1 13 0.9230769230769231 0.0 0.4 10 1.0 0.0 0.5 10 1.0 0.0 0.6 9 1.0 0.0 0.7 9 1.0 0.0 0.9 2 1.0 0.0
12 0.1 10 1.0 0.0 0.4 10 1.0 0.0 0.5 9 1.0 0.0 0.6 9 1.0 0.0 0.7 9 1.0 0.0 0.9 1 1.0 0.0
12 0.1 11 1.0 0.0 0.4 10 1.0 0.0 0.5 10 1.0 0.0 0.6 10 1.0 0.0 0.7 10 1.0 0.0 0.9 2 1.0 0.0
12 0.1 11 1.0 0.09090909090909091 0.4 11 1.0 0.09090909090909091 0.5 10 1.0 0.1 0.6 10 1.0 0.1 0.7 10 1.0 0.1 0.9 2 1.0 0.5
12 0.1 11 1.0 0.0 0.4 10 1.0 0.0 0.5 10 1.0 0.0 0.6 10 1.0 0.0 0.7 10 1.0 0.0 0.9 1 1.0 0.0
12 0.1 10 1.0 0.1 0.4 10 1.0 0.1 0.5 10 1.0 0.1 0.6 10 1.0 0.1 0.7 10 1.0 0.1 0.9 2 1.0 0.5
12 0.1 10 1.0 0.1 0.4 10 1.0 0.1 0.5 10 1.0 0.1 0.6 10 1.0 0.1 0.7 10 1.0 0.1 0.9 1 1.0 1.0
12 0.1 11 1.0 0.0 0.4 10 1.0 0.0 0.5 10 1.0 0.0 0.6 10 1.0 0.0 0.7 10 1.0 0.0 0.9 2 1.0 0.0
12 0.1 10 1.0 0.0 0.4 10 1.0 0.0 0.5 10 1.0 0.0 0.6 10 1.0 0.0 0.7 10 1.0 0.0 0.9 3 1.0 0.0
12 0.1 11 1.0 0.0 0.4 10 1.0 0.0 0.5 10 1.0 0.0 0.6 10 1.0 0.0 0.7 10 1.0 0.0 0.9 2 1.0 0.0
12 0.1 11 1.0 0.0 0.4 11 1.0 0.0 0.5 10 1.0 0.0 0.6 10 1.0 0.0 0.7 9 1.0 0.0 0.9 1 1.0 0.0
12 0.1 11 1.0 0.0 0.4 10 1.0 0.0 0.5 10 1.0 0.0 0.6 10 1.0 0.0 0.7 10 1.0 0.0 0.9 3 1.0 0.0
12 0.1 12 1.0 0.0 0.4 11 1.0 0.0 0.5 10 1.0 0.0 0.6 10 1.0 0.0 0.7 10 1.0 0.0 0.9 3 1.0 0.0
12 0.1 12 1.0 0.0 0.4 10 1.0 0.0 0.5 10 1.0 0.0 0.6 10 1.0 0.0 0.7 9 1.0 0.0 0.9 1 1.0 0.0
12 0.1 10 1.0 0.1 0.4 9 1.0 0.1111111111111111 0.5 9 1.0 0.1111111111111111 0.6 9 1.0 0.1111111111111111 0.7 9 1.0 0.1111111111111111 0.9 1 1.0 1.0
12 0.1 11 1.0 0.09090909090909091 0.4 11 1.0 0.09090909090909091 0.5 11 1.0 0.09090909090909091 0.6 10 1.0 0.1 0.7 10 1.0 0.1 0.9 1 1.0 1.0
12 0.1 12 1.0 0.0 0.4 10 1.0 0.0 0.5 10 1.0 0.0 0.6 10 1.0 0.0 0.7 10 1.0 0.0 0.9 2 1.0 0.0
12 0.1 12 1.0 0.0 0.4 10 1.0 0.0 0.5 10 1.0 0.0 0.6 10 1.0 0.0 0.7 10 1.0 0.0 0.9 1 1.0 0.0
12 0.1 12 1.0 0.0 0.4 10 1.0 0.0 0.5 10 1.0 0.0 0.6 10 1.0 0.0 0.7 10 1.0 0.0 0.9 3 1.0 0.0
12 0.1 10 1.0 0.0 0.4 10 1.0 0.0 0.5 10 1.0 0.0 0.6 10 1.0 0.0 0.7 10 1.0 0.0 0.9 2 1.0 0.0
