32 0.1 0 1 1 0.4 0 1 1 0.5 0 1 1 0.6 0 1 1 0.7 0 1 1 0.9 0 1 1
32 0.1 4 0.0 0.0 0.4 0 1 1 0.5 0 1 1 0.6 0 1 1 0.7 0 1 1 0.9 0 1 1
32 0.1 137 0.10948905109489052 0.0 0.4 2 0.0 0.0 0.5 1 0.0 0.0 0.6 0 1 1 0.7 0 1 1 0.9 0 1 1
32 0.1 193 0.08290155440414508 0.0 0.4 18 0.05555555555555555 0.0 0.5 3 0.0 0.0 0.6 0 1 1 0.7 0 1 1 0.9 0 1 1
32 0.1 491 0.06313645621181263 0.0 0.4 127 0.1889763779527559 0.0 0.5 74 0.25675675675675674 0.0 0.6 22 0.3181818181818182 0.0 0.7 4 0.25 0.0 0.9 0 1 1
32 0.1 242 0.11983471074380166 0.0 0.4 15 0.2 0.0 0.5 5 0.4 0.0 0.6 1 0.0 0.0 0.7 1 0.0 0.0 0.9 0 1 1
32 0.1 251 0.11952191235059761 0.0 0.4 43 0.3488372093023256 0.0 0.5 7 1.0 0.0 0.6 2 1.0 0.0 0.7 0 1 1 0.9 0 1 1
32 0.1 188 0.15425531914893617 0.0 0.4 2 1.0 0.0 0.5 0 1 1 0.6 0 1 1 0.7 0 1 1 0.9 0 1 1
32 0.1 187 0.1497326203208556 0.0 0.4 40 0.4 0.0 0.5 16 0.6875 0.0 0.6 4 0.75 0.0 0.7 0 1 1 0.9 0 1 1
32 0.1 183 0.16939890710382513 0.0 0.4 28 0.7142857142857143 0.0 0.5 10 0.8 0.0 0.6 2 1.0 0.0 0.7 0 1 1 0.9 0 1 1
32 0.1 179 0.16759776536312848 0.00558659217877095 0.4 32 0.5 0.03125 0.5 9 0.6666666666666666 0.0 0.6 1 1.0 0.0 0.7 0 1 1 0.9 0 1 1
32 0.1 106 0.29245283018867924 0.0 0.4 23 0.5217391304347826 0.0 0.5 9 0.6666666666666666 0.0 0.6 0 1 1 0.7 0 1 1 0.9 0 1 1
32 0.1 14 0.5714285714285714 0.0 0.4 3 1.0 0.0 0.5 3 1.0 0.0 0.6 0 1 1 0.7 0 1 1 0.9 0 1 1
32 0.1 46 0.45652173913043476 0.0 0.4 4 0.75 0.0 0.5 1 0.0 0.0 0.6 0 1 1 0.7 0 1 1 0.9 0 1 1
32 0.1 139 0.22302158273381295 0.0 0.4 73 0.3835616438356164 0.0 0.5 56 0.5 0.0 0.6 42 0.5714285714285714 0.0 0.7 23 0.8260869565217391 0.0 0.9 0 1 1
32 0.1 93 0.34408602150537637 0.0 0.4 39 0.5384615384615384 0.0 0.5 33 0.5757575757575758 0.0 0.6 21 0.8095238095238095 0.0 0.7 13 0.9230769230769231 0.0 0.9 0 1 1
32 0.1 83 0.37349397590361444 0.0 0.4 30 0.6333333333333333 0.0 0.5 19 0.6842105263157895 0.0 0.6 9 0.8888888888888888 0.0 0.7 4 0.75 0.0 0.9 0 1 1
32 0.1 106 0.3018867924528302 0.0 0.4 48 0.5 0.0 0.5 33 0.5757575757575758 0.0 0.6 18 0.6666666666666666 0.0 0.7 8 0.875 0.0 0.9 0 1 1
32 0.1 15 0.26666666666666666 0.0 0.4 0 1 1 0.5 0 1 1 0.6 0 1 1 0.7 0 1 1 0.9 0 1 1
32 0.1 97 0.30927835051546393 0.0 0.4 33 0.5757575757575758 0.0 0.5 19 0.631578947368421 0.0 0.6 9 0.7777777777777778 0.0 0.7 1 1.0 0.0 0.9 0 1 1
32 0.1 44 0.4090909090909091 0.0 0.4 11 0.6363636363636364 0.0 0.5 2 1.0 0.0 0.6 0 1 1 0.7 0 1 1 0.9 0 1 1
32 0.1 31 0.6129032258064516 0.0 0.4 6 0.8333333333333334 0.0 0.5 4 1.0 0.0 0.6 0 1 1 0.7 0 1 1 0.9 0 1 1
32 0.1 80 0.3875 0.0 0.4 44 0.6818181818181818 0.0 0.5 38 0.7368421052631579 0.0 0.6 29 0.7931034482758621 0.0 0.7 19 0.8947368421052632 0.0 0.9 0 1 1
32 0.1 9 0.7777777777777778 0.0 0.4 0 1 1 0.5 0 1 1 0.6 0 1 1 0.7 0 1 1 0.9 0 1 1
32 0.1 91 0.31868131868131866 0.0 0.4 44 0.5227272727272727 0.0 0.5 31 0.6451612903225806 0.0 0.6 17 0.7058823529411765 0.0 0.7 8 0.75 0.0 0.9 0 1 1
32 0.1 66 0.4393939393939394 0.0 0.4 31 0.6129032258064516 0.0 0.5 27 0.7037037037037037 0.0 0.6 20 0.75 0.0 0.7 10 0.6 0.0 0.9 0 1 1
32 0.1 49 0.5714285714285714 0.0 0.4 20 0.85 0.0 0.5 16 0.9375 0.0 0.6 8 1.0 0.0 0.7 5 1.0 0.0 0.9 0 1 1
32 0.1 0 1 1 0.4 0 1 1 0.5 0 1 1 0.6 0 1 1 0.7 0 1 1 0.9 0 1 1
32 0.1 0 1 1 0.4 0 1 1 0.5 0 1 1 0.6 0 1 1 0.7 0 1 1 0.9 0 1 1
32 0.1 1 0.0 0.0 0.4 0 1 1 0.5 0 1 1 0.6 0 1 1 0.7 0 1 1 0.9 0 1 1
32 0.1 23 0.13043478260869565 0.0 0.4 0 1 1 0.5 0 1 1 0.6 0 1 1 0.7 0 1 1 0.9 0 1 1
32 0.1 67 0.19402985074626866 0.014925373134328358 0.4 8 0.625 0.0 0.5 5 0.8 0.0 0.6 1 1.0 0.0 0.7 1 1.0 0.0 0.9 0 1 1
32 0.1 0 1 1 0.4 0 1 1 0.5 0 1 1 0.6 0 1 1 0.7 0 1 1 0.9 0 1 1
32 0.1 0 1 1 0.4 0 1 1 0.5 0 1 1 0.6 0 1 1 0.7 0 1 1 0.9 0 1 1
32 0.1 27 0.6296296296296297 0.0 0.4 3 1.0 0.0 0.5 2 1.0 0.0 0.6 0 1 1 0.7 0 1 1 0.9 0 1 1
32 0.1 2 0.0 0.0 0.4 0 1 1 0.5 0 1 1 0.6 0 1 1 0.7 0 1 1 0.9 0 1 1
32 0.1 83 0.3253012048192771 0.0 0.4 22 0.5909090909090909 0.0 0.5 12 0.8333333333333334 0.0 0.6 5 1.0 0.0 0.7 0 1 1 0.9 0 1 1
32 0.1 55 0.4909090909090909 0.0 0.4 11 1.0 0.0 0.5 7 1.0 0.0 0.6 3 1.0 0.0 0.7 0 1 1 0.9 0 1 1
32 0.1 21 0.5714285714285714 0.0 0.4 0 1 1 0.5 0 1 1 0.6 0 1 1 0.7 0 1 1 0.9 0 1 1
32 0.1 19 0.3157894736842105 0.0 0.4 3 0.3333333333333333 0.0 0.5 1 1.0 0.0 0.6 0 1 1 0.7 0 1 1 0.9 0 1 1
32 0.1 49 0.5306122448979592 0.0 0.4 16 1.0 0.0 0.5 12 1.0 0.0 0.6 3 1.0 0.0 0.7 1 1.0 0.0 0.9 0 1 1
32 0.1 60 0.45 0.016666666666666666 0.4 20 0.9 0.05 0.5 15 1.0 0.06666666666666667 0.6 9 1.0 0.1111111111111111 0.7 1 1.0 0.0 0.9 0 1 1
32 0.1 43 0.3023255813953488 0.0 0.4 2 1.0 0.0 0.5 0 1 1 0.6 0 1 1 0.7 0 1 1 0.9 0 1 1
32 0.1 59 0.5084745762711864 0.0 0.4 17 0.7647058823529411 0.0 0.5 9 1.0 0.0 0.6 4 1.0 0.0 0.7 1 1.0 0.0 0.9 0 1 1
32 0.1 46 0.5652173913043478 0.021739130434782608 0.4 17 0.8235294117647058 0.058823529411764705 0.5 14 0.7857142857142857 0.07142857142857142 0.6 6 1.0 0.0 0.7 2 1.0 0.0 0.9 0 1 1
32 0.1 58 0.5517241379310345 0.0 0.4 31 0.7419354838709677 0.0 0.5 26 0.8076923076923077 0.0 0.6 22 0.8181818181818182 0.0 0.7 10 1.0 0.0 0.9 0 1 1
32 0.1 121 0.2644628099173554 0.008264462809917356 0.4 27 0.7407407407407407 0.0 0.5 10 1.0 0.0 0.6 3 1.0 0.0 0.7 0 1 1 0.9 0 1 1
32 0.1 0 1 1 0.4 0 1 1 0.5 0 1 1 0.6 0 1 1 0.7 0 1 1 0.9 0 1 1
32 0.1 51 0.5686274509803921 0.0 0.4 22 0.7272727272727273 0.0 0.5 13 1.0 0.0 0.6 8 1.0 0.0 0.7 2 1.0 0.0 0.9 0 1 1
32 0.1 53 0.5094339622641509 0.0 0.4 25 0.8 0.0 0.5 18 0.8888888888888888 0.0 0.6 15 0.9333333333333333 0.0 0.7 9 1.0 0.0 0.9 0 1 1
32 0.1 31 0.6774193548387096 0.06451612903225806 0.4 9 0.8888888888888888 0.1111111111111111 0.5 6 1.0 0.16666666666666666 0.6 4 1.0 0.25 0.7 0 1 1 0.9 0 1 1
32 0.1 44 0.6136363636363636 0.0 0.4 23 0.8695652173913043 0.0 0.5 18 0.9444444444444444 0.0 0.6 13 1.0 0.0 0.7 8 1.0 0.0 0.9 0 1 1
32 0.1 38 0.7105263157894737 0.0 0.4 17 0.9411764705882353 0.0 0.5 13 0.9230769230769231 0.0 0.6 10 1.0 0.0 0.7 4 1.0 0.0 0.9 0 1 1
32 0.1 41 0.6829268292682927 0.024390243902439025 0.4 20 0.9 0.0 0.5 16 0.9375 0.0 0.6 12 0.9166666666666666 0.0 0.7 6 1.0 0.0 0.9 0 1 1
32 0.1 49 0.6326530612244898 0.02040816326530612 0.4 33 0.7878787878787878 0.030303030303030304 0.5 28 0.8571428571428571 0.03571428571428571 0.6 25 0.92 0.04 0.7 20 0.9 0.05 0.9 0 1 1
32 0.1 45 0.6666666666666666 0.0 0.4 28 0.8571428571428571 0.0 0.5 23 0.9130434782608695 0.0 0.6 19 0.9473684210526315 0.0 0.7 13 1.0 0.0 0.9 0 1 1
32 0.1 66 0.48484848484848486 0.0 0.4 31 0.8387096774193549 0.0 0.5 25 0.84 0.0 0.6 14 1.0 0.0 0.7 4 1.0 0.0 0.9 0 1 1
32 0.1 65 0.49230769230769234 0.015384615384615385 0.4 31 0.7741935483870968 0.0 0.5 30 0.8 0.0 0.6 28 0.7857142857142857 0.0 0.7 16 0.875 0.0 0.9 0 1 1
32 0.1 64 0.5 0.0 0.4 37 0.7567567567567568 0.0 0.5 32 0.8125 0.0 0.6 24 0.9166666666666666 0.0 0.7 13 1.0 0.0 0.9 0 1 1
32 0.1 47 0.6382978723404256 0.02127659574468085 0.4 30 0.8666666666666667 0.03333333333333333 0.5 28 0.8928571428571429 0.03571428571428571 0.6 21 0.9523809523809523 0.047619047619047616 0.7 12 1.0 0.08333333333333333 0.9 0 1 1
32 0.1 53 0.5849056603773585 0.0 0.4 32 0.8125 0.0 0.5 29 0.8275862068965517 0.0 0.6 20 0.9 0.0 0.7 8 1.0 0.0 0.9 0 1 1
32 0.1 70 0.44285714285714284 0.0 0.4 32 0.71875 0.0 0.5 21 0.8571428571428571 0.0 0.6 11 0.9090909090909091 0.0 0.7 5 1.0 0.0 0.9 0 1 1
32 0.1 62 0.5161290322580645 0.016129032258064516 0.4 40 0.7 0.025 0.5 31 0.8064516129032258 0.03225806451612903 0.6 27 0.8888888888888888 0.037037037037037035 0.7 22 0.9545454545454546 0.045454545454545456 0.9 0 1 1
32 0.1 58 0.4827586206896552 0.0 0.4 21 0.8571428571428571 0.0 0.5 17 0.8823529411764706 0.0 0.6 10 1.0 0.0 0.7 4 1.0 0.0 0.9 0 1 1
32 0.1 51 0.5490196078431373 0.0 0.4 25 0.84 0.0 0.5 21 0.9047619047619048 0.0 0.6 14 0.9285714285714286 0.0 0.7 10 1.0 0.0 0.9 0 1 1
32 0.1 53 0.5471698113207547 0.0 0.4 29 0.7241379310344828 0.0 0.5 22 0.8636363636363636 0.0 0.6 16 0.9375 0.0 0.7 9 1.0 0.0 0.9 0 1 1
32 0.1 48 0.6458333333333334 0.0 0.4 24 0.875 0.0 0.5 22 0.8636363636363636 0.0 0.6 15 0.9333333333333333 0.0 0.7 11 1.0 0.0 0.9 0 1 1
32 0.1 65 0.49230769230769234 0.03076923076923077 0.4 39 0.6923076923076923 0.02564102564102564 0.5 36 0.7222222222222222 0.027777777777777776 0.6 26 0.8461538461538461 0.038461538461538464 0.7 16 1.0 0.0625 0.9 0 1 1
32 0.1 58 0.5344827586206896 0.017241379310344827 0.4 34 0.7647058823529411 0.029411764705882353 0.5 30 0.8333333333333334 0.03333333333333333 0.6 26 0.8846153846153846 0.038461538461538464 0.7 15 1.0 0.06666666666666667 0.9 0 1 1
32 0.1 59 0.5254237288135594 0.06779661016949153 0.4 35 0.7714285714285715 0.11428571428571428 0.5 33 0.7878787878787878 0.12121212121212122 0.6 30 0.8 0.1 0.7 22 0.9545454545454546 0.09090909090909091 0.9 1 1.0 0.0
32 0.1 55 0.5818181818181818 0.03636363636363636 0.4 33 0.8181818181818182 0.030303030303030304 0.5 29 0.8275862068965517 0.0 0.6 27 0.8518518518518519 0.0 0.7 21 0.9047619047619048 0.0 0.9 0 1 1
32 0.1 48 0.625 0.041666666666666664 0.4 27 0.8518518518518519 0.037037037037037035 0.5 25 0.88 0.04 0.6 14 0.9285714285714286 0.07142857142857142 0.7 8 1.0 0.125 0.9 0 1 1
32 0.1 56 0.5714285714285714 0.017857142857142856 0.4 22 0.7727272727272727 0.045454545454545456 0.5 18 0.8333333333333334 0.05555555555555555 0.6 8 0.875 0.0 0.7 3 1.0 0.0 0.9 0 1 1
32 0.1 87 0.367816091954023 0.034482758620689655 0.4 46 0.6521739130434783 0.06521739130434782 0.5 39 0.717948717948718 0.07692307692307693 0.6 31 0.7741935483870968 0.0967741935483871 0.7 23 0.8260869565217391 0.08695652173913043 0.9 0 1 1
32 0.1 43 0.6046511627906976 0.023255813953488372 0.4 28 0.7857142857142857 0.03571428571428571 0.5 23 0.8695652173913043 0.043478260869565216 0.6 17 0.9411764705882353 0.058823529411764705 0.7 11 0.9090909090909091 0.09090909090909091 0.9 0 1 1
32 0.1 57 0.543859649122807 0.03508771929824561 0.4 32 0.75 0.0625 0.5 28 0.8214285714285714 0.07142857142857142 0.6 25 0.88 0.08 0.7 16 0.9375 0.125 0.9 0 1 1
32 0.1 59 0.5423728813559322 0.03389830508474576 0.4 35 0.7428571428571429 0.05714285714285714 0.5 29 0.7931034482758621 0.06896551724137931 0.6 24 0.875 0.08333333333333333 0.7 18 0.9444444444444444 0.1111111111111111 0.9 0 1 1
32 0.1 64 0.5 0.0 0.4 37 0.7027027027027027 0.0 0.5 35 0.7428571428571429 0.0 0.6 34 0.7647058823529411 0.0 0.7 29 0.8275862068965517 0.0 0.9 1 1.0 0.0
32 0.1 61 0.5245901639344263 0.0 0.4 46 0.6521739130434783 0.0 0.5 40 0.725 0.0 0.6 34 0.7941176470588235 0.0 0.7 26 0.8846153846153846 0.0 0.9 2 1.0 0.0
32 0.1 88 0.36363636363636365 0.011363636363636364 0.4 36 0.6944444444444444 0.027777777777777776 0.5 27 0.7407407407407407 0.037037037037037035 0.6 22 0.8181818181818182 0.045454545454545456 0.7 14 0.8571428571428571 0.07142857142857142 0.9 0 1 1
32 0.1 61 0.5245901639344263 0.0 0.4 40 0.725 0.0 0.5 34 0.7647058823529411 0.0 0.6 29 0.8275862068965517 0.0 0.7 22 0.9090909090909091 0.0 0.9 0 1 1
32 0.1 45 0.6666666666666666 0.022222222222222223 0.4 31 0.7741935483870968 0.0 0.5 26 0.8076923076923077 0.0 0.6 21 0.9523809523809523 0.0 0.7 11 1.0 0.0 0.9 0 1 1
32 0.1 51 0.5882352941176471 0.0 0.4 30 0.8333333333333334 0.0 0.5 30 0.8333333333333334 0.0 0.6 26 0.8846153846153846 0.0 0.7 16 0.875 0.0 0.9 0 1 1
32 0.1 60 0.5333333333333333 0.016666666666666666 0.4 43 0.627906976744186 0.023255813953488372 0.5 37 0.7297297297297297 0.02702702702702703 0.6 33 0.7575757575757576 0.030303030303030304 0.7 30 0.8333333333333334 0.03333333333333333 0.9 1 1.0 0.0
32 0.1 59 0.5254237288135594 0.05084745762711865 0.4 43 0.6976744186046512 0.06976744186046512 0.5 35 0.7142857142857143 0.05714285714285714 0.6 31 0.7741935483870968 0.06451612903225806 0.7 24 0.875 0.08333333333333333 0.9 0 1 1
32 0.1 58 0.5517241379310345 0.017241379310344827 0.4 39 0.6923076923076923 0.02564102564102564 0.5 31 0.7741935483870968 0.0 0.6 27 0.8148148148148148 0.0 0.7 22 0.9090909090909091 0.0 0.9 2 1.0 0.0
32 0.1 52 0.6153846153846154 0.0 0.4 33 0.7575757575757576 0.0 0.5 30 0.8 0.0 0.6 24 0.875 0.0 0.7 20 0.95 0.0 0.9 1 1.0 0.0
32 0.1 51 0.6078431372549019 0.0784313725490196 0.4 33 0.8181818181818182 0.09090909090909091 0.5 31 0.8064516129032258 0.0967741935483871 0.6 28 0.8214285714285714 0.07142857142857142 0.7 22 0.9545454545454546 0.09090909090909091 0.9 2 1.0 0.0
32 0.1 57 0.5614035087719298 0.017543859649122806 0.4 37 0.7837837837837838 0.02702702702702703 0.5 33 0.8484848484848485 0.030303030303030304 0.6 28 0.8571428571428571 0.03571428571428571 0.7 16 1.0 0.0625 0.9 0 1 1
32 0.1 60 0.5333333333333333 0.016666666666666666 0.4 43 0.7209302325581395 0.023255813953488372 0.5 37 0.7837837837837838 0.02702702702702703 0.6 26 0.8846153846153846 0.038461538461538464 0.7 20 0.95 0.05 0.9 1 1.0 0.0
32 0.1 56 0.5714285714285714 0.03571428571428571 0.4 41 0.7317073170731707 0.04878048780487805 0.5 37 0.7567567567567568 0.05405405405405406 0.6 29 0.7931034482758621 0.034482758620689655 0.7 23 0.9130434782608695 0.043478260869565216 0.9 0 1 1
32 0.1 56 0.5714285714285714 0.0 0.4 42 0.7142857142857143 0.0 0.5 39 0.7692307692307693 0.0 0.6 34 0.8235294117647058 0.0 0.7 25 0.8 0.0 0.9 0 1 1
32 0.1 53 0.6037735849056604 0.018867924528301886 0.4 42 0.7619047619047619 0.023809523809523808 0.5 39 0.7692307692307693 0.02564102564102564 0.6 30 0.8333333333333334 0.03333333333333333 0.7 22 0.9090909090909091 0.045454545454545456 0.9 0 1 1
32 0.1 59 0.5423728813559322 0.0 0.4 44 0.7045454545454546 0.0 0.5 39 0.7692307692307693 0.0 0.6 36 0.8055555555555556 0.0 0.7 27 0.8148148148148148 0.0 0.9 2 1.0 0.0
32 0.1 55 0.5818181818181818 0.05454545454545454 0.4 38 0.8157894736842105 0.07894736842105263 0.5 32 0.84375 0.09375 0.6 29 0.896551724137931 0.10344827586206896 0.7 25 0.92 0.12 0.9 0 1 1
32 0.1 57 0.5614035087719298 0.03508771929824561 0.4 42 0.7380952380952381 0.047619047619047616 0.5 39 0.7692307692307693 0.05128205128205128 0.6 34 0.7941176470588235 0.058823529411764705 0.7 29 0.8275862068965517 0.06896551724137931 0.9 0 1 1
32 0.1 67 0.47761194029850745 0.0 0.4 45 0.6666666666666666 0.0 0.5 39 0.7435897435897436 0.0 0.6 35 0.7714285714285715 0.0 0.7 24 0.875 0.0 0.9 1 1.0 0.0
32 0.1 52 0.5961538461538461 0.038461538461538464 0.4 40 0.725 0.05 0.5 34 0.7941176470588235 0.058823529411764705 0.6 29 0.8620689655172413 0.06896551724137931 0.7 28 0.8928571428571429 0.07142857142857142 0.9 2 1.0 0.0
32 0.1 52 0.5961538461538461 0.0 0.4 28 0.7857142857142857 0.0 0.5 27 0.8148148148148148 0.0 0.6 23 0.9130434782608695 0.0 0.7 14 1.0 0.0 0.9 0 1 1
32 0.1 45 0.6666666666666666 0.0 0.4 28 0.8214285714285714 0.0 0.5 28 0.8214285714285714 0.0 0.6 27 0.8148148148148148 0.0 0.7 15 0.9333333333333333 0.0 0.9 1 1.0 0.0
32 0.1 44 0.6818181818181818 0.0 0.4 27 0.8518518518518519 0.0 0.5 24 0.8333333333333334 0.0 0.6 18 0.9444444444444444 0.0 0.7 14 0.9285714285714286 0.0 0.9 0 1 1
32 0.1 48 0.6666666666666666 0.0 0.4 34 0.8529411764705882 0.0 0.5 26 0.8461538461538461 0.0 0.6 23 0.8695652173913043 0.0 0.7 18 0.9444444444444444 0.0 0.9 0 1 1
32 0.1 51 0.6274509803921569 0.0392156862745098 0.4 43 0.7441860465116279 0.046511627906976744 0.5 42 0.7380952380952381 0.047619047619047616 0.6 31 0.8064516129032258 0.06451612903225806 0.7 24 0.9166666666666666 0.041666666666666664 0.9 0 1 1
32 0.1 50 0.64 0.02 0.4 40 0.75 0.025 0.5 38 0.7368421052631579 0.02631578947368421 0.6 33 0.7878787878787878 0.030303030303030304 0.7 27 0.8518518518518519 0.037037037037037035 0.9 1 1.0 0.0
32 0.1 54 0.5925925925925926 0.018518518518518517 0.4 42 0.7142857142857143 0.023809523809523808 0.5 37 0.7297297297297297 0.02702702702702703 0.6 34 0.7647058823529411 0.029411764705882353 0.7 28 0.8214285714285714 0.03571428571428571 0.9 0 1 1
32 0.1 50 0.64 0.02 0.4 36 0.7777777777777778 0.027777777777777776 0.5 32 0.8125 0.03125 0.6 29 0.8275862068965517 0.034482758620689655 0.7 22 0.9090909090909091 0.045454545454545456 0.9 0 1 1
32 0.1 57 0.5614035087719298 0.0 0.4 43 0.7209302325581395 0.0 0.5 38 0.7631578947368421 0.0 0.6 34 0.7647058823529411 0.0 0.7 29 0.8275862068965517 0.0 0.9 2 1.0 0.0
32 0.1 53 0.6037735849056604 0.03773584905660377 0.4 39 0.7692307692307693 0.05128205128205128 0.5 36 0.8333333333333334 0.05555555555555555 0.6 30 0.8333333333333334 0.06666666666666667 0.7 24 0.9166666666666666 0.08333333333333333 0.9 1 1.0 0.0
32 0.1 45 0.6888888888888889 0.08888888888888889 0.4 37 0.8108108108108109 0.08108108108108109 0.5 35 0.8285714285714286 0.08571428571428572 0.6 30 0.8666666666666667 0.1 0.7 22 0.9545454545454546 0.09090909090909091 0.9 0 1 1
32 0.1 54 0.5740740740740741 0.0 0.4 43 0.6744186046511628 0.0 0.5 41 0.7073170731707317 0.0 0.6 37 0.7837837837837838 0.0 0.7 29 0.8620689655172413 0.0 0.9 0 1 1
32 0.1 49 0.6326530612244898 0.08163265306122448 0.4 38 0.7631578947368421 0.10526315789473684 0.5 32 0.8125 0.125 0.6 27 0.8518518518518519 0.14814814814814814 0.7 21 0.9047619047619048 0.14285714285714285 0.9 0 1 1
32 0.1 45 0.6888888888888889 0.044444444444444446 0.4 39 0.7435897435897436 0.05128205128205128 0.5 34 0.7941176470588235 0.058823529411764705 0.6 28 0.7857142857142857 0.03571428571428571 0.7 26 0.8076923076923077 0.0 0.9 2 1.0 0.0
32 0.1 53 0.6037735849056604 0.0 0.4 42 0.7380952380952381 0.0 0.5 40 0.725 0.0 0.6 35 0.7714285714285715 0.0 0.7 29 0.8275862068965517 0.0 0.9 2 1.0 0.0
32 0.1 55 0.5818181818181818 0.0 0.4 38 0.7631578947368421 0.0 0.5 36 0.7777777777777778 0.0 0.6 30 0.8333333333333334 0.0 0.7 23 0.8695652173913043 0.0 0.9 0 1 1
32 0.1 45 0.7111111111111111 0.06666666666666667 0.4 34 0.7941176470588235 0.08823529411764706 0.5 32 0.78125 0.09375 0.6 29 0.7931034482758621 0.06896551724137931 0.7 23 0.8260869565217391 0.08695652173913043 0.9 0 1 1
32 0.1 56 0.5714285714285714 0.0 0.4 40 0.75 0.0 0.5 36 0.8055555555555556 0.0 0.6 32 0.8125 0.0 0.7 29 0.8275862068965517 0.0 0.9 1 1.0 0.0
32 0.1 52 0.6153846153846154 0.057692307692307696 0.4 36 0.7777777777777778 0.08333333333333333 0.5 36 0.7777777777777778 0.08333333333333333 0.6 32 0.84375 0.0625 0.7 27 0.8888888888888888 0.07407407407407407 0.9 2 1.0 0.0
32 0.1 55 0.5818181818181818 0.0 0.4 39 0.7692307692307693 0.0 0.5 37 0.7837837837837838 0.0 0.6 31 0.8387096774193549 0.0 0.7 22 0.9545454545454546 0.0 0.9 0 1 1
32 0.1 47 0.6808510638297872 0.0425531914893617 0.4 35 0.8 0.05714285714285714 0.5 33 0.8181818181818182 0.06060606060606061 0.6 27 0.8518518518518519 0.07407407407407407 0.7 19 0.8947368421052632 0.10526315789473684 0.9 1 1.0 0.0
32 0.1 49 0.6530612244897959 0.02040816326530612 0.4 36 0.7777777777777778 0.027777777777777776 0.5 33 0.8181818181818182 0.030303030303030304 0.6 30 0.8 0.03333333333333333 0.7 21 0.9047619047619048 0.047619047619047616 0.9 1 1.0 0.0
32 0.1 47 0.6808510638297872 0.0425531914893617 0.4 33 0.8181818181818182 0.06060606060606061 0.5 30 0.8333333333333334 0.06666666666666667 0.6 25 0.92 0.08 0.7 16 0.9375 0.0 0.9 0 1 1
32 0.1 49 0.6122448979591837 0.02040816326530612 0.4 32 0.78125 0.0 0.5 29 0.7931034482758621 0.0 0.6 23 0.8695652173913043 0.0 0.7 20 0.95 0.0 0.9 0 1 1
32 0.1 45 0.6666666666666666 0.08888888888888889 0.4 26 0.7307692307692307 0.11538461538461539 0.5 20 0.8 0.1 0.6 19 0.8421052631578947 0.10526315789473684 0.7 14 0.9285714285714286 0.14285714285714285 0.9 0 1 1
32 0.1 47 0.6595744680851063 0.0851063829787234 0.4 36 0.75 0.1111111111111111 0.5 31 0.7741935483870968 0.12903225806451613 0.6 27 0.7407407407407407 0.1111111111111111 0.7 22 0.8636363636363636 0.13636363636363635 0.9 1 1.0 0.0
32 0.1 49 0.6530612244897959 0.0 0.4 35 0.7714285714285715 0.0 0.5 35 0.7714285714285715 0.0 0.6 33 0.7878787878787878 0.0 0.7 21 0.9523809523809523 0.0 0.9 1 1.0 0.0
32 0.1 49 0.6530612244897959 0.061224489795918366 0.4 44 0.7045454545454546 0.06818181818181818 0.5 41 0.7317073170731707 0.07317073170731707 0.6 36 0.7777777777777778 0.08333333333333333 0.7 30 0.8 0.06666666666666667 0.9 1 1.0 0.0
32 0.1 47 0.6808510638297872 0.0 0.4 39 0.717948717948718 0.0 0.5 36 0.7777777777777778 0.0 0.6 34 0.8235294117647058 0.0 0.7 29 0.8275862068965517 0.0 0.9 0 1 1
32 0.1 51 0.6274509803921569 0.058823529411764705 0.4 40 0.75 0.075 0.5 37 0.7567567567567568 0.05405405405405406 0.6 27 0.8148148148148148 0.037037037037037035 0.7 23 0.8260869565217391 0.043478260869565216 0.9 1 1.0 0.0
32 0.1 50 0.64 0.06 0.4 40 0.675 0.025 0.5 34 0.7647058823529411 0.029411764705882353 0.6 30 0.8 0.03333333333333333 0.7 23 0.8260869565217391 0.043478260869565216 0.9 1 1.0 0.0
32 0.1 55 0.5818181818181818 0.01818181818181818 0.4 47 0.6595744680851063 0.02127659574468085 0.5 44 0.6818181818181818 0.022727272727272728 0.6 41 0.6829268292682927 0.024390243902439025 0.7 34 0.7058823529411765 0.0 0.9 1 1.0 0.0
32 0.1 52 0.6153846153846154 0.0 0.4 38 0.6578947368421053 0.0 0.5 32 0.75 0.0 0.6 30 0.7666666666666667 0.0 0.7 20 0.8 0.0 0.9 1 1.0 0.0
32 0.1 50 0.64 0.02 0.4 41 0.7317073170731707 0.024390243902439025 0.5 35 0.7714285714285715 0.02857142857142857 0.6 31 0.7741935483870968 0.03225806451612903 0.7 23 0.9130434782608695 0.043478260869565216 0.9 2 1.0 0.0
32 0.1 51 0.6274509803921569 0.0392156862745098 0.4 38 0.7105263157894737 0.02631578947368421 0.5 36 0.7222222222222222 0.027777777777777776 0.6 31 0.8387096774193549 0.03225806451612903 0.7 25 0.84 0.04 0.9 0 1 1
32 0.1 50 0.62 0.0 0.4 43 0.6976744186046512 0.0 0.5 39 0.7435897435897436 0.0 0.6 36 0.7777777777777778 0.0 0.7 28 0.8214285714285714 0.0 0.9 0 1 1
32 0.1 51 0.6274509803921569 0.0 0.4 42 0.7380952380952381 0.0 0.5 39 0.7692307692307693 0.0 0.6 31 0.8064516129032258 0.0 0.7 30 0.8333333333333334 0.0 0.9 1 1.0 0.0
32 0.1 55 0.5818181818181818 0.05454545454545454 0.4 42 0.7380952380952381 0.07142857142857142 0.5 39 0.7435897435897436 0.07692307692307693 0.6 35 0.7714285714285715 0.08571428571428572 0.7 30 0.8333333333333334 0.1 0.9 1 1.0 0.0
32 0.1 54 0.5555555555555556 0.037037037037037035 0.4 44 0.6818181818181818 0.045454545454545456 0.5 40 0.7 0.05 0.6 38 0.7105263157894737 0.05263157894736842 0.7 32 0.75 0.0625 0.9 0 1 1
32 0.1 51 0.5882352941176471 0.0784313725490196 0.4 42 0.7142857142857143 0.09523809523809523 0.5 40 0.725 0.1 0.6 36 0.75 0.1111111111111111 0.7 30 0.7333333333333333 0.13333333333333333 0.9 0 1 1
32 0.1 52 0.5769230769230769 0.019230769230769232 0.4 40 0.75 0.025 0.5 39 0.7692307692307693 0.02564102564102564 0.6 30 0.8 0.03333333333333333 0.7 26 0.8461538461538461 0.038461538461538464 0.9 0 1 1
32 0.1 59 0.5254237288135594 0.01694915254237288 0.4 45 0.6444444444444445 0.022222222222222223 0.5 43 0.6511627906976745 0.023255813953488372 0.6 40 0.7 0.025 0.7 36 0.75 0.027777777777777776 0.9 3 1.0 0.0
32 0.1 53 0.6037735849056604 0.0 0.4 39 0.7435897435897436 0.0 0.5 36 0.7777777777777778 0.0 0.6 34 0.7941176470588235 0.0 0.7 33 0.7878787878787878 0.0 0.9 0 1 1
32 0.1 51 0.6274509803921569 0.0392156862745098 0.4 39 0.7435897435897436 0.05128205128205128 0.5 34 0.7647058823529411 0.058823529411764705 0.6 32 0.78125 0.0625 0.7 26 0.8461538461538461 0.07692307692307693 0.9 0 1 1
32 0.1 49 0.6326530612244898 0.02040816326530612 0.4 35 0.8 0.02857142857142857 0.5 32 0.8125 0.03125 0.6 29 0.7931034482758621 0.034482758620689655 0.7 21 0.9047619047619048 0.047619047619047616 0.9 0 1 1
32 0.1 49 0.6326530612244898 0.0 0.4 37 0.7567567567567568 0.0 0.5 32 0.8125 0.0 0.6 29 0.8620689655172413 0.0 0.7 23 0.9565217391304348 0.0 0.9 0 1 1
32 0.1 51 0.6274509803921569 0.0196078431372549 0.4 41 0.7317073170731707 0.024390243902439025 0.5 38 0.7368421052631579 0.02631578947368421 0.6 36 0.7222222222222222 0.027777777777777776 0.7 32 0.8125 0.03125 0.9 0 1 1
32 0.1 51 0.6274509803921569 0.0 0.4 42 0.7142857142857143 0.0 0.5 37 0.7567567567567568 0.0 0.6 34 0.7941176470588235 0.0 0.7 29 0.8275862068965517 0.0 0.9 2 1.0 0.0
32 0.1 56 0.5714285714285714 0.017857142857142856 0.4 42 0.6904761904761905 0.023809523809523808 0.5 42 0.6904761904761905 0.023809523809523808 0.6 39 0.717948717948718 0.02564102564102564 0.7 37 0.7567567567567568 0.02702702702702703 0.9 3 1.0 0.0
32 0.1 48 0.625 0.020833333333333332 0.4 35 0.7428571428571429 0.02857142857142857 0.5 34 0.7647058823529411 0.029411764705882353 0.6 33 0.7878787878787878 0.030303030303030304 0.7 27 0.7777777777777778 0.037037037037037035 0.9 0 1 1
32 0.1 60 0.5333333333333333 0.016666666666666666 0.4 44 0.6818181818181818 0.022727272727272728 0.5 42 0.7142857142857143 0.023809523809523808 0.6 39 0.717948717948718 0.02564102564102564 0.7 35 0.7714285714285715 0.02857142857142857 0.9 4 1.0 0.0
32 0.1 60 0.5333333333333333 0.03333333333333333 0.4 47 0.6595744680851063 0.0425531914893617 0.5 47 0.6595744680851063 0.0425531914893617 0.6 43 0.6976744186046512 0.046511627906976744 0.7 32 0.8125 0.0625 0.9 3 1.0 0.0
32 0.1 53 0.6037735849056604 0.05660377358490566 0.4 43 0.6976744186046512 0.06976744186046512 0.5 37 0.7837837837837838 0.08108108108108109 0.6 32 0.8125 0.09375 0.7 28 0.8571428571428571 0.10714285714285714 0.9 0 1 1
32 0.1 44 0.7272727272727273 0.022727272727272728 0.4 36 0.7777777777777778 0.027777777777777776 0.5 31 0.8064516129032258 0.03225806451612903 0.6 28 0.7857142857142857 0.03571428571428571 0.7 25 0.8 0.04 0.9 1 1.0 0.0
32 0.1 48 0.625 0.0 0.4 34 0.7647058823529411 0.0 0.5 29 0.7931034482758621 0.0 0.6 24 0.8333333333333334 0.0 0.7 21 0.9047619047619048 0.0 0.9 0 1 1
32 0.1 50 0.62 0.04 0.4 43 0.6976744186046512 0.046511627906976744 0.5 38 0.7368421052631579 0.05263157894736842 0.6 34 0.7941176470588235 0.058823529411764705 0.7 31 0.7741935483870968 0.03225806451612903 0.9 2 1.0 0.0
32 0.1 51 0.6078431372549019 0.0392156862745098 0.4 35 0.7142857142857143 0.05714285714285714 0.5 32 0.75 0.0625 0.6 31 0.7741935483870968 0.06451612903225806 0.7 29 0.8275862068965517 0.06896551724137931 0.9 0 1 1
32 0.1 47 0.6808510638297872 0.06382978723404255 0.4 39 0.717948717948718 0.07692307692307693 0.5 35 0.7714285714285715 0.08571428571428572 0.6 32 0.78125 0.09375 0.7 28 0.8214285714285714 0.10714285714285714 0.9 0 1 1
32 0.1 51 0.6274509803921569 0.0196078431372549 0.4 45 0.7111111111111111 0.022222222222222223 0.5 38 0.7368421052631579 0.02631578947368421 0.6 32 0.78125 0.03125 0.7 28 0.8571428571428571 0.03571428571428571 0.9 2 1.0 0.0
32 0.1 52 0.6153846153846154 0.057692307692307696 0.4 40 0.725 0.075 0.5 38 0.7368421052631579 0.07894736842105263 0.6 33 0.7878787878787878 0.09090909090909091 0.7 31 0.8064516129032258 0.0967741935483871 0.9 3 1.0 0.0
32 0.1 53 0.6037735849056604 0.11320754716981132 0.4 46 0.6521739130434783 0.10869565217391304 0.5 44 0.6818181818181818 0.11363636363636363 0.6 41 0.7317073170731707 0.12195121951219512 0.7 37 0.7567567567567568 0.10810810810810811 0.9 3 1.0 0.0
32 0.1 55 0.5818181818181818 0.07272727272727272 0.4 48 0.625 0.08333333333333333 0.5 46 0.6521739130434783 0.08695652173913043 0.6 42 0.6904761904761905 0.09523809523809523 0.7 39 0.7435897435897436 0.10256410256410256 0.9 4 1.0 0.0
32 0.1 47 0.6808510638297872 0.0851063829787234 0.4 44 0.7045454545454546 0.09090909090909091 0.5 42 0.7142857142857143 0.09523809523809523 0.6 39 0.6923076923076923 0.10256410256410256 0.7 33 0.7272727272727273 0.12121212121212122 0.9 0 1 1
32 0.1 49 0.6530612244897959 0.12244897959183673 0.4 43 0.6976744186046512 0.13953488372093023 0.5 39 0.7435897435897436 0.15384615384615385 0.6 37 0.7297297297297297 0.16216216216216217 0.7 28 0.7857142857142857 0.17857142857142858 0.9 0 1 1
32 0.1 49 0.6530612244897959 0.04081632653061224 0.4 42 0.7380952380952381 0.047619047619047616 0.5 41 0.7317073170731707 0.04878048780487805 0.6 36 0.7222222222222222 0.05555555555555555 0.7 34 0.7647058823529411 0.058823529411764705 0.9 3 1.0 0.0
32 0.1 49 0.6530612244897959 0.02040816326530612 0.4 43 0.6976744186046512 0.023255813953488372 0.5 40 0.725 0.025 0.6 36 0.75 0.027777777777777776 0.7 33 0.7575757575757576 0.030303030303030304 0.9 3 1.0 0.0
32 0.1 48 0.6458333333333334 0.08333333333333333 0.4 42 0.7142857142857143 0.09523809523809523 0.5 39 0.6923076923076923 0.10256410256410256 0.6 36 0.75 0.1111111111111111 0.7 27 0.8148148148148148 0.07407407407407407 0.9 1 1.0 0.0
32 0.1 52 0.6153846153846154 0.07692307692307693 0.4 43 0.6976744186046512 0.09302325581395349 0.5 40 0.725 0.1 0.6 37 0.7297297297297297 0.10810810810810811 0.7 33 0.7575757575757576 0.12121212121212122 0.9 0 1 1
32 0.1 53 0.6037735849056604 0.0 0.4 44 0.6590909090909091 0.0 0.5 43 0.6744186046511628 0.0 0.6 40 0.7 0.0 0.7 34 0.7647058823529411 0.0 0.9 1 1.0 0.0
32 0.1 48 0.6666666666666666 0.0625 0.4 40 0.775 0.075 0.5 37 0.7567567567567568 0.08108108108108109 0.6 36 0.7777777777777778 0.08333333333333333 0.7 33 0.8181818181818182 0.06060606060606061 0.9 1 1.0 0.0
32 0.1 45 0.7111111111111111 0.044444444444444446 0.4 39 0.7435897435897436 0.05128205128205128 0.5 36 0.75 0.05555555555555555 0.6 32 0.78125 0.0625 0.7 27 0.8518518518518519 0.07407407407407407 0.9 0 1 1
32 0.1 52 0.6153846153846154 0.019230769230769232 0.4 43 0.7209302325581395 0.023255813953488372 0.5 40 0.75 0.025 0.6 39 0.7692307692307693 0.02564102564102564 0.7 35 0.8571428571428571 0.02857142857142857 0.9 1 1.0 0.0
32 0.1 51 0.6274509803921569 0.0196078431372549 0.4 41 0.7317073170731707 0.024390243902439025 0.5 40 0.725 0.025 0.6 38 0.7368421052631579 0.02631578947368421 0.7 32 0.8125 0.03125 0.9 0 1 1
32 0.1 48 0.6458333333333334 0.0 0.4 42 0.6904761904761905 0.0 0.5 38 0.7631578947368421 0.0 0.6 33 0.7878787878787878 0.0 0.7 29 0.896551724137931 0.0 0.9 0 1 1
32 0.1 47 0.6595744680851063 0.0851063829787234 0.4 38 0.7894736842105263 0.10526315789473684 0.5 36 0.8333333333333334 0.1111111111111111 0.6 31 0.8709677419354839 0.12903225806451613 0.7 28 0.9285714285714286 0.14285714285714285 0.9 0 1 1
32 0.1 48 0.6666666666666666 0.0625 0.4 37 0.7837837837837838 0.08108108108108109 0.5 31 0.8709677419354839 0.0967741935483871 0.6 29 0.896551724137931 0.10344827586206896 0.7 25 0.92 0.12 0.9 0 1 1
32 0.1 53 0.5849056603773585 0.07547169811320754 0.4 46 0.6521739130434783 0.08695652173913043 0.5 42 0.6904761904761905 0.09523809523809523 0.6 39 0.7435897435897436 0.10256410256410256 0.7 36 0.7777777777777778 0.1111111111111111 0.9 1 0.0 0.0
32 0.1 50 0.64 0.1 0.4 41 0.7317073170731707 0.12195121951219512 0.5 36 0.8055555555555556 0.1388888888888889 0.6 32 0.8125 0.15625 0.7 27 0.8518518518518519 0.14814814814814814 0.9 0 1 1
32 0.1 50 0.64 0.04 0.4 43 0.6744186046511628 0.046511627906976744 0.5 40 0.7 0.05 0.6 37 0.7297297297297297 0.05405405405405406 0.7 34 0.7352941176470589 0.029411764705882353 0.9 1 1.0 1.0
32 0.1 54 0.5925925925925926 0.037037037037037035 0.4 39 0.7435897435897436 0.05128205128205128 0.5 39 0.7435897435897436 0.05128205128205128 0.6 35 0.8 0.05714285714285714 0.7 30 0.8 0.06666666666666667 0.9 2 1.0 0.0
32 0.1 52 0.6153846153846154 0.038461538461538464 0.4 44 0.6363636363636364 0.045454545454545456 0.5 40 0.675 0.025 0.6 36 0.75 0.027777777777777776 0.7 30 0.8333333333333334 0.03333333333333333 0.9 1 1.0 0.0
32 0.1 51 0.6274509803921569 0.11764705882352941 0.4 42 0.7142857142857143 0.14285714285714285 0.5 42 0.7142857142857143 0.14285714285714285 0.6 35 0.7714285714285715 0.14285714285714285 0.7 33 0.7878787878787878 0.15151515151515152 0.9 0 1 1
32 0.1 52 0.6153846153846154 0.07692307692307693 0.4 44 0.7045454545454546 0.09090909090909091 0.5 42 0.7142857142857143 0.09523809523809523 0.6 40 0.725 0.1 0.7 36 0.8055555555555556 0.1111111111111111 0.9 1 1.0 0.0
32 0.1 52 0.6153846153846154 0.038461538461538464 0.4 40 0.75 0.05 0.5 39 0.7435897435897436 0.05128205128205128 0.6 36 0.7222222222222222 0.05555555555555555 0.7 33 0.7575757575757576 0.06060606060606061 0.9 1 1.0 0.0
32 0.1 48 0.6458333333333334 0.041666666666666664 0.4 39 0.6923076923076923 0.05128205128205128 0.5 37 0.7027027027027027 0.05405405405405406 0.6 34 0.7352941176470589 0.058823529411764705 0.7 30 0.8 0.06666666666666667 0.9 1 1.0 0.0
32 0.1 47 0.6808510638297872 0.0851063829787234 0.4 38 0.7631578947368421 0.10526315789473684 0.5 36 0.8055555555555556 0.1111111111111111 0.6 33 0.8181818181818182 0.12121212121212122 0.7 27 0.8888888888888888 0.14814814814814814 0.9 1 1.0 0.0
32 0.1 47 0.6808510638297872 0.06382978723404255 0.4 37 0.7567567567567568 0.08108108108108109 0.5 35 0.7714285714285715 0.08571428571428572 0.6 34 0.7941176470588235 0.08823529411764706 0.7 31 0.8709677419354839 0.0967741935483871 0.9 2 1.0 0.0
32 0.1 51 0.5882352941176471 0.058823529411764705 0.4 42 0.6904761904761905 0.07142857142857142 0.5 38 0.7105263157894737 0.07894736842105263 0.6 37 0.7297297297297297 0.08108108108108109 0.7 32 0.78125 0.09375 0.9 1 1.0 0.0
32 0.1 50 0.6 0.02 0.4 40 0.725 0.025 0.5 36 0.7222222222222222 0.0 0.6 35 0.7428571428571429 0.0 0.7 33 0.7575757575757576 0.0 0.9 2 1.0 0.0
32 0.1 50 0.62 0.04 0.4 37 0.7297297297297297 0.05405405405405406 0.5 35 0.7714285714285715 0.05714285714285714 0.6 32 0.8125 0.0625 0.7 28 0.8571428571428571 0.07142857142857142 0.9 0 1 1
32 0.1 54 0.5925925925925926 0.018518518518518517 0.4 49 0.6326530612244898 0.02040816326530612 0.5 45 0.6888888888888889 0.022222222222222223 0.6 42 0.7142857142857143 0.023809523809523808 0.7 37 0.7027027027027027 0.0 0.9 1 1.0 0.0
32 0.1 48 0.6458333333333334 0.041666666666666664 0.4 38 0.7631578947368421 0.05263157894736842 0.5 36 0.7777777777777778 0.05555555555555555 0.6 35 0.7714285714285715 0.05714285714285714 0.7 31 0.7741935483870968 0.06451612903225806 0.9 1 1.0 0.0
32 0.1 53 0.5849056603773585 0.05660377358490566 0.4 43 0.6976744186046512 0.06976744186046512 0.5 40 0.725 0.075 0.6 39 0.7435897435897436 0.07692307692307693 0.7 37 0.7837837837837838 0.08108108108108109 0.9 2 1.0 0.0
32 0.1 48 0.6666666666666666 0.0625 0.4 42 0.7380952380952381 0.07142857142857142 0.5 41 0.7560975609756098 0.07317073170731707 0.6 38 0.8157894736842105 0.07894736842105263 0.7 31 0.8064516129032258 0.0967741935483871 0.9 0 1 1
32 0.1 51 0.6078431372549019 0.0392156862745098 0.4 44 0.6818181818181818 0.045454545454545456 0.5 42 0.6666666666666666 0.047619047619047616 0.6 38 0.7105263157894737 0.05263157894736842 0.7 33 0.7878787878787878 0.06060606060606061 0.9 0 1 1
32 0.1 49 0.6326530612244898 0.08163265306122448 0.4 44 0.6590909090909091 0.09090909090909091 0.5 43 0.6744186046511628 0.09302325581395349 0.6 42 0.6666666666666666 0.09523809523809523 0.7 38 0.7105263157894737 0.10526315789473684 0.9 0 1 1
32 0.1 48 0.625 0.08333333333333333 0.4 41 0.7073170731707317 0.0975609756097561 0.5 39 0.717948717948718 0.10256410256410256 0.6 35 0.7714285714285715 0.11428571428571428 0.7 32 0.8125 0.125 0.9 0 1 1
32 0.1 47 0.6382978723404256 0.06382978723404255 0.4 38 0.7368421052631579 0.07894736842105263 0.5 38 0.7368421052631579 0.07894736842105263 0.6 36 0.7777777777777778 0.08333333333333333 0.7 30 0.8333333333333334 0.1 0.9 0 1 1
32 0.1 52 0.5961538461538461 0.09615384615384616 0.4 46 0.6739130434782609 0.10869565217391304 0.5 43 0.7209302325581395 0.11627906976744186 0.6 40 0.7 0.125 0.7 38 0.7368421052631579 0.13157894736842105 0.9 3 1.0 0.3333333333333333
32 0.1 53 0.5849056603773585 0.05660377358490566 0.4 43 0.6976744186046512 0.06976744186046512 0.5 42 0.7142857142857143 0.07142857142857142 0.6 39 0.717948717948718 0.07692307692307693 0.7 35 0.7428571428571429 0.08571428571428572 0.9 0 1 1
32 0.1 56 0.5714285714285714 0.0 0.4 46 0.6739130434782609 0.0 0.5 44 0.6818181818181818 0.0 0.6 42 0.7142857142857143 0.0 0.7 40 0.725 0.0 0.9 2 1.0 0.0
32 0.1 52 0.5961538461538461 0.09615384615384616 0.4 42 0.6666666666666666 0.11904761904761904 0.5 38 0.7368421052631579 0.13157894736842105 0.6 35 0.7714285714285715 0.14285714285714285 0.7 34 0.7647058823529411 0.14705882352941177 0.9 1 1.0 0.0
32 0.1 52 0.5769230769230769 0.11538461538461539 0.4 37 0.7567567567567568 0.16216216216216217 0.5 36 0.7777777777777778 0.16666666666666666 0.6 34 0.7941176470588235 0.17647058823529413 0.7 30 0.8 0.16666666666666666 0.9 1 1.0 0.0
32 0.1 52 0.6153846153846154 0.0 0.4 42 0.7142857142857143 0.0 0.5 39 0.717948717948718 0.0 0.6 35 0.7714285714285715 0.0 0.7 32 0.8125 0.0 0.9 1 1.0 0.0
32 0.1 52 0.5961538461538461 0.057692307692307696 0.4 44 0.6818181818181818 0.06818181818181818 0.5 41 0.7317073170731707 0.07317073170731707 0.6 38 0.7631578947368421 0.07894736842105263 0.7 35 0.7714285714285715 0.08571428571428572 0.9 1 1.0 1.0
32 0.1 53 0.5849056603773585 0.09433962264150944 0.4 46 0.6521739130434783 0.10869565217391304 0.5 42 0.7142857142857143 0.11904761904761904 0.6 40 0.75 0.125 0.7 36 0.8055555555555556 0.1388888888888889 0.9 1 1.0 1.0
32 0.1 50 0.62 0.12 0.4 40 0.725 0.15 0.5 37 0.7567567567567568 0.16216216216216217 0.6 36 0.7777777777777778 0.16666666666666666 0.7 32 0.84375 0.1875 0.9 0 1 1
32 0.1 53 0.6037735849056604 0.07547169811320754 0.4 45 0.6666666666666666 0.06666666666666667 0.5 44 0.6818181818181818 0.06818181818181818 0.6 41 0.7317073170731707 0.07317073170731707 0.7 33 0.8484848484848485 0.09090909090909091 0.9 3 1.0 0.0
32 0.1 50 0.64 0.14 0.4 43 0.7209302325581395 0.16279069767441862 0.5 39 0.7692307692307693 0.1794871794871795 0.6 38 0.7894736842105263 0.18421052631578946 0.7 35 0.8 0.2 0.9 3 0.6666666666666666 0.0
32 0.1 49 0.6326530612244898 0.14285714285714285 0.4 41 0.7317073170731707 0.17073170731707318 0.5 40 0.75 0.175 0.6 38 0.7894736842105263 0.18421052631578946 0.7 37 0.7837837837837838 0.1891891891891892 0.9 3 0.6666666666666666 0.3333333333333333
32 0.1 54 0.5925925925925926 0.0 0.4 49 0.6122448979591837 0.0 0.5 45 0.6666666666666666 0.0 0.6 43 0.6976744186046512 0.0 0.7 40 0.725 0.0 0.9 3 1.0 0.0
32 0.1 51 0.5882352941176471 0.058823529411764705 0.4 42 0.6904761904761905 0.07142857142857142 0.5 41 0.7073170731707317 0.07317073170731707 0.6 40 0.725 0.075 0.7 35 0.7714285714285715 0.08571428571428572 0.9 2 1.0 0.0
32 0.1 51 0.6078431372549019 0.0196078431372549 0.4 43 0.6976744186046512 0.023255813953488372 0.5 41 0.7317073170731707 0.024390243902439025 0.6 40 0.725 0.025 0.7 36 0.75 0.027777777777777776 0.9 1 1.0 0.0
32 0.1 51 0.6078431372549019 0.0196078431372549 0.4 40 0.7 0.0 0.5 38 0.7368421052631579 0.0 0.6 36 0.75 0.0 0.7 34 0.7941176470588235 0.0 0.9 1 1.0 0.0
32 0.1 50 0.62 0.08 0.4 42 0.6904761904761905 0.09523809523809523 0.5 40 0.7 0.1 0.6 37 0.7567567567567568 0.10810810810810811 0.7 31 0.8064516129032258 0.12903225806451613 0.9 1 1.0 0.0
32 0.1 45 0.6888888888888889 0.17777777777777778 0.4 40 0.7 0.175 0.5 37 0.7297297297297297 0.16216216216216217 0.6 32 0.78125 0.1875 0.7 32 0.78125 0.1875 0.9 1 1.0 0.0
32 0.1 45 0.6888888888888889 0.022222222222222223 0.4 42 0.7380952380952381 0.023809523809523808 0.5 39 0.7692307692307693 0.02564102564102564 0.6 36 0.7777777777777778 0.027777777777777776 0.7 34 0.7941176470588235 0.029411764705882353 0.9 1 1.0 0.0
32 0.1 50 0.62 0.0 0.4 43 0.6744186046511628 0.0 0.5 40 0.7 0.0 0.6 39 0.717948717948718 0.0 0.7 36 0.7777777777777778 0.0 0.9 1 1.0 0.0
32 0.1 43 0.7209302325581395 0.11627906976744186 0.4 39 0.717948717948718 0.1282051282051282 0.5 38 0.7105263157894737 0.10526315789473684 0.6 35 0.7142857142857143 0.11428571428571428 0.7 33 0.7575757575757576 0.12121212121212122 0.9 1 1.0 0.0
32 0.1 47 0.6595744680851063 0.10638297872340426 0.4 38 0.7105263157894737 0.10526315789473684 0.5 38 0.7105263157894737 0.10526315789473684 0.6 35 0.7142857142857143 0.11428571428571428 0.7 32 0.75 0.125 0.9 2 1.0 0.5
32 0.1 47 0.6382978723404256 0.06382978723404255 0.4 40 0.7 0.075 0.5 40 0.7 0.075 0.6 34 0.7058823529411765 0.08823529411764706 0.7 31 0.7419354838709677 0.0967741935483871 0.9 1 1.0 0.0
32 0.1 50 0.64 0.04 0.4 44 0.7045454545454546 0.045454545454545456 0.5 41 0.7317073170731707 0.04878048780487805 0.6 41 0.7317073170731707 0.04878048780487805 0.7 38 0.7105263157894737 0.05263157894736842 0.9 2 1.0 0.0
32 0.1 52 0.5961538461538461 0.057692307692307696 0.4 47 0.6595744680851063 0.06382978723404255 0.5 46 0.6739130434782609 0.06521739130434782 0.6 45 0.6888888888888889 0.06666666666666667 0.7 39 0.7435897435897436 0.07692307692307693 0.9 2 1.0 0.0
32 0.1 51 0.6078431372549019 0.058823529411764705 0.4 46 0.6739130434782609 0.06521739130434782 0.5 44 0.6818181818181818 0.06818181818181818 0.6 43 0.6976744186046512 0.06976744186046512 0.7 38 0.7631578947368421 0.07894736842105263 0.9 2 1.0 0.0
32 0.1 51 0.6078431372549019 0.0392156862745098 0.4 46 0.6521739130434783 0.021739130434782608 0.5 44 0.6818181818181818 0.022727272727272728 0.6 41 0.6829268292682927 0.024390243902439025 0.7 36 0.7222222222222222 0.027777777777777776 0.9 1 1.0 0.0
32 0.1 50 0.62 0.06 0.4 43 0.6744186046511628 0.06976744186046512 0.5 41 0.7073170731707317 0.07317073170731707 0.6 36 0.7222222222222222 0.05555555555555555 0.7 34 0.7647058823529411 0.058823529411764705 0.9 1 1.0 0.0
32 0.1 50 0.62 0.06 0.4 42 0.6904761904761905 0.07142857142857142 0.5 42 0.6904761904761905 0.07142857142857142 0.6 40 0.725 0.075 0.7 37 0.7297297297297297 0.08108108108108109 0.9 4 1.0 0.0
32 0.1 47 0.6808510638297872 0.0425531914893617 0.4 43 0.7209302325581395 0.046511627906976744 0.5 41 0.7073170731707317 0.024390243902439025 0.6 38 0.7631578947368421 0.02631578947368421 0.7 33 0.7878787878787878 0.030303030303030304 0.9 3 1.0 0.0
32 0.1 52 0.6153846153846154 0.038461538461538464 0.4 46 0.6956521739130435 0.043478260869565216 0.5 45 0.7111111111111111 0.044444444444444446 0.6 39 0.717948717948718 0.05128205128205128 0.7 37 0.7567567567567568 0.05405405405405406 0.9 2 1.0 0.0
32 0.1 49 0.6530612244897959 0.061224489795918366 0.4 46 0.6739130434782609 0.06521739130434782 0.5 43 0.7209302325581395 0.06976744186046512 0.6 39 0.7435897435897436 0.07692307692307693 0.7 37 0.7567567567567568 0.08108108108108109 0.9 2 0.5 0.0
32 0.1 50 0.64 0.06 0.4 45 0.6888888888888889 0.06666666666666667 0.5 43 0.6976744186046512 0.06976744186046512 0.6 41 0.7073170731707317 0.07317073170731707 0.7 40 0.725 0.075 0.9 2 1.0 0.5
32 0.1 45 0.6888888888888889 0.022222222222222223 0.4 42 0.7380952380952381 0.023809523809523808 0.5 40 0.775 0.025 0.6 36 0.8055555555555556 0.027777777777777776 0.7 34 0.7941176470588235 0.029411764705882353 0.9 1 1.0 0.0
32 0.1 46 0.6739130434782609 0.08695652173913043 0.4 44 0.6818181818181818 0.06818181818181818 0.5 42 0.7142857142857143 0.07142857142857142 0.6 40 0.725 0.075 0.7 35 0.7428571428571429 0.05714285714285714 0.9 3 1.0 0.0
32 0.1 48 0.6458333333333334 0.0625 0.4 40 0.725 0.075 0.5 38 0.7631578947368421 0.07894736842105263 0.6 36 0.8055555555555556 0.08333333333333333 0.7 33 0.7878787878787878 0.06060606060606061 0.9 0 1 1
32 0.1 48 0.6458333333333334 0.10416666666666667 0.4 45 0.6888888888888889 0.1111111111111111 0.5 43 0.6976744186046512 0.11627906976744186 0.6 40 0.75 0.125 0.7 37 0.7837837837837838 0.13513513513513514 0.9 5 1.0 0.2
32 0.1 50 0.62 0.14 0.4 44 0.7045454545454546 0.1590909090909091 0.5 40 0.725 0.175 0.6 40 0.725 0.175 0.7 37 0.7567567567567568 0.1891891891891892 0.9 4 0.75 0.0
32 0.1 50 0.64 0.1 0.4 42 0.7142857142857143 0.11904761904761904 0.5 41 0.7073170731707317 0.12195121951219512 0.6 40 0.7 0.125 0.7 36 0.7777777777777778 0.1388888888888889 0.9 1 1.0 0.0
32 0.1 51 0.6274509803921569 0.09803921568627451 0.4 46 0.6739130434782609 0.10869565217391304 0.5 41 0.6829268292682927 0.12195121951219512 0.6 38 0.7105263157894737 0.10526315789473684 0.7 35 0.7714285714285715 0.11428571428571428 0.9 2 1.0 0.0
32 0.1 51 0.6274509803921569 0.09803921568627451 0.4 42 0.6904761904761905 0.11904761904761904 0.5 41 0.7073170731707317 0.12195121951219512 0.6 39 0.717948717948718 0.1282051282051282 0.7 35 0.7428571428571429 0.14285714285714285 0.9 1 1.0 1.0
32 0.1 51 0.6078431372549019 0.058823529411764705 0.4 46 0.6739130434782609 0.06521739130434782 0.5 45 0.6666666666666666 0.06666666666666667 0.6 42 0.6904761904761905 0.07142857142857142 0.7 37 0.7027027027027027 0.08108108108108109 0.9 6 0.8333333333333334 0.0
32 0.1 48 0.6458333333333334 0.020833333333333332 0.4 43 0.7209302325581395 0.023255813953488372 0.5 42 0.7380952380952381 0.023809523809523808 0.6 37 0.7297297297297297 0.02702702702702703 0.7 34 0.7647058823529411 0.029411764705882353 0.9 2 0.5 0.5
32 0.1 48 0.6458333333333334 0.0625 0.4 43 0.6976744186046512 0.06976744186046512 0.5 42 0.7142857142857143 0.07142857142857142 0.6 41 0.7317073170731707 0.07317073170731707 0.7 35 0.7428571428571429 0.08571428571428572 0.9 3 0.6666666666666666 0.0
32 0.1 48 0.6458333333333334 0.0 0.4 43 0.6976744186046512 0.0 0.5 40 0.7 0.0 0.6 40 0.7 0.0 0.7 37 0.7567567567567568 0.0 0.9 2 0.5 0.0
32 0.1 43 0.6744186046511628 0.13953488372093023 0.4 36 0.75 0.16666666666666666 0.5 32 0.78125 0.1875 0.6 32 0.78125 0.1875 0.7 30 0.7666666666666667 0.2 0.9 3 0.6666666666666666 0.0
32 0.1 49 0.6326530612244898 0.10204081632653061 0.4 42 0.7142857142857143 0.09523809523809523 0.5 39 0.7435897435897436 0.10256410256410256 0.6 36 0.75 0.1111111111111111 0.7 35 0.7714285714285715 0.11428571428571428 0.9 3 0.6666666666666666 0.0
32 0.1 52 0.5961538461538461 0.07692307692307693 0.4 45 0.6666666666666666 0.08888888888888889 0.5 45 0.6666666666666666 0.08888888888888889 0.6 44 0.6818181818181818 0.09090909090909091 0.7 44 0.6818181818181818 0.09090909090909091 0.9 4 0.75 0.25
32 0.1 50 0.62 0.14 0.4 44 0.6818181818181818 0.1590909090909091 0.5 43 0.6976744186046512 0.16279069767441862 0.6 43 0.6976744186046512 0.16279069767441862 0.7 40 0.75 0.175 0.9 6 0.8333333333333334 0.3333333333333333
32 0.1 48 0.6458333333333334 0.16666666666666666 0.4 44 0.7045454545454546 0.18181818181818182 0.5 42 0.7142857142857143 0.19047619047619047 0.6 41 0.7073170731707317 0.1951219512195122 0.7 37 0.7837837837837838 0.21621621621621623 0.9 5 0.8 0.4
32 0.1 47 0.6595744680851063 0.1276595744680851 0.4 42 0.6904761904761905 0.14285714285714285 0.5 41 0.6829268292682927 0.12195121951219512 0.6 39 0.6923076923076923 0.1282051282051282 0.7 37 0.7027027027027027 0.13513513513513514 0.9 4 0.75 0.25
32 0.1 46 0.6739130434782609 0.043478260869565216 0.4 39 0.6923076923076923 0.05128205128205128 0.5 38 0.7105263157894737 0.05263157894736842 0.6 37 0.7027027027027027 0.05405405405405406 0.7 35 0.6857142857142857 0.05714285714285714 0.9 3 0.6666666666666666 0.0
32 0.1 46 0.6521739130434783 0.13043478260869565 0.4 41 0.6585365853658537 0.12195121951219512 0.5 40 0.675 0.125 0.6 39 0.6666666666666666 0.1282051282051282 0.7 37 0.7027027027027027 0.13513513513513514 0.9 3 0.6666666666666666 0.0
32 0.1 47 0.6595744680851063 0.2127659574468085 0.4 41 0.6829268292682927 0.21951219512195122 0.5 39 0.6923076923076923 0.20512820512820512 0.6 39 0.6923076923076923 0.20512820512820512 0.7 36 0.7222222222222222 0.2222222222222222 0.9 3 0.6666666666666666 0.0
32 0.1 46 0.6739130434782609 0.043478260869565216 0.4 42 0.6904761904761905 0.047619047619047616 0.5 42 0.6904761904761905 0.047619047619047616 0.6 41 0.6829268292682927 0.04878048780487805 0.7 37 0.7567567567567568 0.05405405405405406 0.9 1 1.0 0.0
32 0.1 47 0.6595744680851063 0.0851063829787234 0.4 42 0.6904761904761905 0.09523809523809523 0.5 40 0.675 0.1 0.6 40 0.675 0.1 0.7 38 0.7105263157894737 0.10526315789473684 0.9 6 0.8333333333333334 0.16666666666666666
32 0.1 48 0.625 0.14583333333333334 0.4 43 0.6744186046511628 0.16279069767441862 0.5 43 0.6744186046511628 0.16279069767441862 0.6 42 0.6666666666666666 0.16666666666666666 0.7 39 0.6923076923076923 0.1794871794871795 0.9 9 0.8888888888888888 0.2222222222222222
32 0.1 54 0.5925925925925926 0.09259259259259259 0.4 47 0.6382978723404256 0.10638297872340426 0.5 43 0.6976744186046512 0.11627906976744186 0.6 43 0.6976744186046512 0.11627906976744186 0.7 42 0.7142857142857143 0.11904761904761904 0.9 7 0.7142857142857143 0.14285714285714285
32 0.1 50 0.64 0.08 0.4 41 0.6829268292682927 0.0975609756097561 0.5 41 0.6829268292682927 0.0975609756097561 0.6 39 0.717948717948718 0.10256410256410256 0.7 38 0.7368421052631579 0.10526315789473684 0.9 7 0.8571428571428571 0.0
32 0.1 51 0.6274509803921569 0.1568627450980392 0.4 41 0.7317073170731707 0.1951219512195122 0.5 40 0.75 0.2 0.6 39 0.7435897435897436 0.20512820512820512 0.7 38 0.7368421052631579 0.18421052631578946 0.9 6 0.8333333333333334 0.3333333333333333
32 0.1 51 0.6274509803921569 0.0784313725490196 0.4 40 0.7 0.1 0.5 38 0.7368421052631579 0.10526315789473684 0.6 37 0.7567567567567568 0.10810810810810811 0.7 37 0.7567567567567568 0.10810810810810811 0.9 5 0.8 0.2
32 0.1 51 0.6078431372549019 0.1568627450980392 0.4 44 0.6818181818181818 0.18181818181818182 0.5 41 0.7073170731707317 0.1951219512195122 0.6 40 0.7 0.2 0.7 38 0.7368421052631579 0.21052631578947367 0.9 5 0.8 0.6
32 0.1 51 0.6274509803921569 0.13725490196078433 0.4 42 0.7142857142857143 0.16666666666666666 0.5 40 0.725 0.175 0.6 39 0.717948717948718 0.1794871794871795 0.7 36 0.75 0.19444444444444445 0.9 6 0.8333333333333334 0.3333333333333333
32 0.1 46 0.6739130434782609 0.06521739130434782 0.4 42 0.7380952380952381 0.07142857142857142 0.5 39 0.7692307692307693 0.07692307692307693 0.6 38 0.7631578947368421 0.07894736842105263 0.7 34 0.7647058823529411 0.08823529411764706 0.9 6 0.8333333333333334 0.16666666666666666
32 0.1 48 0.6458333333333334 0.125 0.4 44 0.6818181818181818 0.13636363636363635 0.5 40 0.725 0.15 0.6 39 0.717948717948718 0.15384615384615385 0.7 37 0.7297297297297297 0.16216216216216217 0.9 7 0.8571428571428571 0.2857142857142857
32 0.1 51 0.6078431372549019 0.11764705882352941 0.4 43 0.6744186046511628 0.13953488372093023 0.5 43 0.6744186046511628 0.13953488372093023 0.6 40 0.7 0.15 0.7 37 0.7567567567567568 0.16216216216216217 0.9 4 0.75 0.0
32 0.1 49 0.6530612244897959 0.14285714285714285 0.4 43 0.6976744186046512 0.16279069767441862 0.5 41 0.7073170731707317 0.17073170731707318 0.6 39 0.717948717948718 0.1794871794871795 0.7 35 0.7142857142857143 0.2 0.9 5 0.8 0.2
32 0.1 50 0.62 0.12 0.4 42 0.6904761904761905 0.14285714285714285 0.5 40 0.725 0.15 0.6 38 0.7105263157894737 0.15789473684210525 0.7 37 0.7027027027027027 0.16216216216216217 0.9 5 0.8 0.4
32 0.1 48 0.6458333333333334 0.125 0.4 42 0.6904761904761905 0.14285714285714285 0.5 39 0.717948717948718 0.15384615384615385 0.6 38 0.7105263157894737 0.15789473684210525 0.7 37 0.7027027027027027 0.16216216216216217 0.9 5 0.8 0.4
32 0.1 47 0.6170212765957447 0.0851063829787234 0.4 44 0.6590909090909091 0.09090909090909091 0.5 42 0.6666666666666666 0.09523809523809523 0.6 39 0.717948717948718 0.10256410256410256 0.7 39 0.717948717948718 0.10256410256410256 0.9 11 0.8181818181818182 0.2727272727272727
32 0.1 52 0.5961538461538461 0.11538461538461539 0.4 45 0.6666666666666666 0.13333333333333333 0.5 43 0.6744186046511628 0.13953488372093023 0.6 42 0.6904761904761905 0.14285714285714285 0.7 41 0.6829268292682927 0.14634146341463414 0.9 7 0.7142857142857143 0.2857142857142857
32 0.1 50 0.62 0.02 0.4 42 0.6666666666666666 0.023809523809523808 0.5 41 0.6829268292682927 0.024390243902439025 0.6 40 0.7 0.025 0.7 39 0.717948717948718 0.02564102564102564 0.9 3 0.6666666666666666 0.0
32 0.1 48 0.6458333333333334 0.14583333333333334 0.4 43 0.6744186046511628 0.16279069767441862 0.5 41 0.6829268292682927 0.17073170731707318 0.6 40 0.7 0.175 0.7 38 0.7368421052631579 0.18421052631578946 0.9 2 1.0 0.5
32 0.1 49 0.6122448979591837 0.02040816326530612 0.4 45 0.6444444444444445 0.022222222222222223 0.5 41 0.6829268292682927 0.024390243902439025 0.6 40 0.7 0.025 0.7 37 0.7297297297297297 0.02702702702702703 0.9 9 0.7777777777777778 0.0
32 0.1 51 0.6078431372549019 0.0784313725490196 0.4 46 0.6304347826086957 0.08695652173913043 0.5 43 0.6744186046511628 0.09302325581395349 0.6 40 0.725 0.1 0.7 37 0.7297297297297297 0.10810810810810811 0.9 7 0.7142857142857143 0.0
32 0.1 51 0.6078431372549019 0.0392156862745098 0.4 46 0.6521739130434783 0.043478260869565216 0.5 43 0.6744186046511628 0.046511627906976744 0.6 40 0.725 0.05 0.7 39 0.717948717948718 0.05128205128205128 0.9 4 0.75 0.0
32 0.1 50 0.62 0.04 0.4 44 0.6818181818181818 0.045454545454545456 0.5 41 0.7317073170731707 0.04878048780487805 0.6 39 0.7435897435897436 0.05128205128205128 0.7 38 0.7368421052631579 0.05263157894736842 0.9 7 1.0 0.0
32 0.1 51 0.6274509803921569 0.09803921568627451 0.4 39 0.6923076923076923 0.1282051282051282 0.5 37 0.7297297297297297 0.13513513513513514 0.6 37 0.7297297297297297 0.13513513513513514 0.7 37 0.7297297297297297 0.13513513513513514 0.9 6 0.8333333333333334 0.16666666666666666
32 0.1 47 0.6382978723404256 0.06382978723404255 0.4 43 0.6744186046511628 0.06976744186046512 0.5 40 0.725 0.075 0.6 40 0.725 0.075 0.7 34 0.7647058823529411 0.08823529411764706 0.9 7 0.8571428571428571 0.14285714285714285
32 0.1 51 0.6078431372549019 0.13725490196078433 0.4 42 0.6904761904761905 0.16666666666666666 0.5 42 0.6904761904761905 0.16666666666666666 0.6 41 0.7073170731707317 0.17073170731707318 0.7 38 0.7368421052631579 0.18421052631578946 0.9 6 0.8333333333333334 0.16666666666666666
32 0.1 51 0.6274509803921569 0.1568627450980392 0.4 43 0.6744186046511628 0.16279069767441862 0.5 43 0.6744186046511628 0.16279069767441862 0.6 41 0.6829268292682927 0.17073170731707318 0.7 41 0.6829268292682927 0.17073170731707318 0.9 6 0.8333333333333334 0.0
32 0.1 51 0.6274509803921569 0.09803921568627451 0.4 43 0.6976744186046512 0.11627906976744186 0.5 42 0.6904761904761905 0.11904761904761904 0.6 42 0.6904761904761905 0.11904761904761904 0.7 40 0.7 0.125 0.9 6 0.8333333333333334 0.0
32 0.1 49 0.6326530612244898 0.14285714285714285 0.4 43 0.6976744186046512 0.16279069767441862 0.5 40 0.725 0.175 0.6 38 0.7368421052631579 0.18421052631578946 0.7 37 0.7297297297297297 0.1891891891891892 0.9 6 0.8333333333333334 0.16666666666666666
32 0.1 50 0.64 0.1 0.4 47 0.6595744680851063 0.10638297872340426 0.5 45 0.6666666666666666 0.1111111111111111 0.6 42 0.7142857142857143 0.11904761904761904 0.7 40 0.725 0.125 0.9 6 0.8333333333333334 0.16666666666666666
32 0.1 50 0.64 0.14 0.4 44 0.6818181818181818 0.1590909090909091 0.5 43 0.6976744186046512 0.16279069767441862 0.6 42 0.7142857142857143 0.16666666666666666 0.7 40 0.725 0.175 0.9 7 0.8571428571428571 0.14285714285714285
32 0.1 51 0.6078431372549019 0.058823529411764705 0.4 42 0.6904761904761905 0.07142857142857142 0.5 42 0.6904761904761905 0.07142857142857142 0.6 41 0.7073170731707317 0.07317073170731707 0.7 38 0.7368421052631579 0.07894736842105263 0.9 7 0.7142857142857143 0.0
32 0.1 48 0.6666666666666666 0.08333333333333333 0.4 42 0.6666666666666666 0.09523809523809523 0.5 40 0.7 0.1 0.6 38 0.7105263157894737 0.10526315789473684 0.7 35 0.7428571428571429 0.11428571428571428 0.9 7 0.8571428571428571 0.0
32 0.1 51 0.6274509803921569 0.0784313725490196 0.4 42 0.6904761904761905 0.09523809523809523 0.5 40 0.675 0.1 0.6 39 0.6923076923076923 0.10256410256410256 0.7 36 0.7222222222222222 0.1111111111111111 0.9 7 0.7142857142857143 0.2857142857142857
32 0.1 52 0.6153846153846154 0.09615384615384616 0.4 45 0.6888888888888889 0.1111111111111111 0.5 42 0.7142857142857143 0.11904761904761904 0.6 40 0.725 0.125 0.7 40 0.725 0.125 0.9 6 0.8333333333333334 0.16666666666666666
32 0.1 49 0.6530612244897959 0.12244897959183673 0.4 46 0.6521739130434783 0.13043478260869565 0.5 42 0.6904761904761905 0.14285714285714285 0.6 40 0.725 0.15 0.7 37 0.7567567567567568 0.16216216216216217 0.9 7 0.8571428571428571 0.2857142857142857
32 0.1 52 0.6153846153846154 0.09615384615384616 0.4 45 0.6666666666666666 0.08888888888888889 0.5 43 0.6976744186046512 0.09302325581395349 0.6 37 0.7297297297297297 0.08108108108108109 0.7 35 0.7428571428571429 0.08571428571428572 0.9 8 0.875 0.0
32 0.1 51 0.6274509803921569 0.0392156862745098 0.4 44 0.6818181818181818 0.045454545454545456 0.5 42 0.7142857142857143 0.047619047619047616 0.6 41 0.7317073170731707 0.04878048780487805 0.7 38 0.7368421052631579 0.05263157894736842 0.9 6 0.8333333333333334 0.0
32 0.1 51 0.6078431372549019 0.13725490196078433 0.4 46 0.6521739130434783 0.15217391304347827 0.5 43 0.6744186046511628 0.16279069767441862 0.6 42 0.6904761904761905 0.16666666666666666 0.7 42 0.6904761904761905 0.16666666666666666 0.9 7 0.7142857142857143 0.0
32 0.1 50 0.62 0.2 0.4 44 0.6818181818181818 0.22727272727272727 0.5 44 0.6818181818181818 0.22727272727272727 0.6 42 0.6904761904761905 0.23809523809523808 0.7 41 0.7073170731707317 0.24390243902439024 0.9 6 0.6666666666666666 0.16666666666666666
32 0.1 48 0.625 0.10416666666666667 0.4 43 0.6511627906976745 0.11627906976744186 0.5 41 0.6585365853658537 0.12195121951219512 0.6 40 0.675 0.125 0.7 37 0.7297297297297297 0.13513513513513514 0.9 6 0.8333333333333334 0.0
32 0.1 47 0.6595744680851063 0.0851063829787234 0.4 44 0.6818181818181818 0.09090909090909091 0.5 43 0.6976744186046512 0.09302325581395349 0.6 40 0.7 0.1 0.7 35 0.7714285714285715 0.11428571428571428 0.9 10 0.8 0.0
32 0.1 50 0.62 0.08 0.4 42 0.6904761904761905 0.09523809523809523 0.5 41 0.6829268292682927 0.0975609756097561 0.6 39 0.717948717948718 0.10256410256410256 0.7 37 0.7297297297297297 0.10810810810810811 0.9 12 0.8333333333333334 0.0
32 0.1 51 0.6078431372549019 0.11764705882352941 0.4 45 0.6888888888888889 0.13333333333333333 0.5 43 0.7209302325581395 0.13953488372093023 0.6 40 0.725 0.15 0.7 38 0.7368421052631579 0.15789473684210525 0.9 6 0.8333333333333334 0.16666666666666666
32 0.1 48 0.6458333333333334 0.125 0.4 44 0.6818181818181818 0.13636363636363635 0.5 42 0.6904761904761905 0.14285714285714285 0.6 41 0.6829268292682927 0.14634146341463414 0.7 38 0.6842105263157895 0.15789473684210525 0.9 3 0.6666666666666666 0.0
32 0.1 49 0.6326530612244898 0.08163265306122448 0.4 46 0.6521739130434783 0.08695652173913043 0.5 44 0.6818181818181818 0.09090909090909091 0.6 41 0.6829268292682927 0.0975609756097561 0.7 39 0.717948717948718 0.10256410256410256 0.9 7 0.8571428571428571 0.2857142857142857
32 0.1 48 0.6458333333333334 0.125 0.4 44 0.7045454545454546 0.13636363636363635 0.5 43 0.6976744186046512 0.13953488372093023 0.6 40 0.725 0.15 0.7 37 0.7297297297297297 0.13513513513513514 0.9 4 0.75 0.0
32 0.1 47 0.6595744680851063 0.1276595744680851 0.4 42 0.7142857142857143 0.14285714285714285 0.5 41 0.7073170731707317 0.14634146341463414 0.6 39 0.717948717948718 0.15384615384615385 0.7 37 0.7567567567567568 0.16216216216216217 0.9 6 0.8333333333333334 0.0
32 0.1 49 0.6326530612244898 0.061224489795918366 0.4 45 0.6666666666666666 0.06666666666666667 0.5 43 0.6744186046511628 0.06976744186046512 0.6 43 0.6744186046511628 0.06976744186046512 0.7 39 0.717948717948718 0.07692307692307693 0.9 5 0.8 0.0
32 0.1 50 0.62 0.06 0.4 43 0.6976744186046512 0.06976744186046512 0.5 43 0.6976744186046512 0.06976744186046512 0.6 43 0.6976744186046512 0.06976744186046512 0.7 39 0.717948717948718 0.07692307692307693 0.9 11 0.8181818181818182 0.0
