35 0.1 0 1 1 0.4 0 1 1 0.5 0 1 1 0.6 0 1 1 0.7 0 1 1 0.9 0 1 1
35 0.1 42 0.11904761904761904 0.0 0.4 0 1 1 0.5 0 1 1 0.6 0 1 1 0.7 0 1 1 0.9 0 1 1
35 0.1 105 0.1619047619047619 0.0 0.4 7 0.5714285714285714 0.0 0.5 4 0.5 0.0 0.6 0 1 1 0.7 0 1 1 0.9 0 1 1
35 0.1 199 0.11557788944723618 0.0 0.4 38 0.2631578947368421 0.0 0.5 15 0.3333333333333333 0.0 0.6 4 0.5 0.0 0.7 0 1 1 0.9 0 1 1
35 0.1 410 0.08048780487804878 0.0 0.4 140 0.2 0.0 0.5 89 0.25842696629213485 0.0 0.6 54 0.35185185185185186 0.0 0.7 16 0.4375 0.0 0.9 0 1 1
35 0.1 226 0.13716814159292035 0.0 0.4 48 0.1875 0.0 0.5 15 0.13333333333333333 0.0 0.6 4 0.0 0.0 0.7 0 1 1 0.9 0 1 1
35 0.1 215 0.15348837209302327 0.0 0.4 71 0.30985915492957744 0.0 0.5 26 0.5 0.0 0.6 1 1.0 0.0 0.7 0 1 1 0.9 0 1 1
35 0.1 151 0.19205298013245034 0.0 0.4 5 0.6 0.0 0.5 0 1 1 0.6 0 1 1 0.7 0 1 1 0.9 0 1 1
35 0.1 148 0.19594594594594594 0.0 0.4 47 0.425531914893617 0.0 0.5 24 0.5833333333333334 0.0 0.6 7 0.8571428571428571 0.0 0.7 1 1.0 0.0 0.9 0 1 1
35 0.1 148 0.22297297297297297 0.0 0.4 44 0.5454545454545454 0.0 0.5 26 0.8076923076923077 0.0 0.6 14 0.9285714285714286 0.0 0.7 1 1.0 0.0 0.9 0 1 1
35 0.1 150 0.22 0.0 0.4 60 0.4166666666666667 0.0 0.5 38 0.5 0.0 0.6 12 0.8333333333333334 0.0 0.7 1 1.0 0.0 0.9 0 1 1
35 0.1 88 0.36363636363636365 0.0 0.4 49 0.5306122448979592 0.0 0.5 35 0.6 0.0 0.6 16 0.75 0.0 0.7 2 0.5 0.0 0.9 0 1 1
35 0.1 18 0.8888888888888888 0.0 0.4 3 1.0 0.0 0.5 1 1.0 0.0 0.6 0 1 1 0.7 0 1 1 0.9 0 1 1
35 0.1 39 0.5641025641025641 0.0 0.4 7 0.8571428571428571 0.0 0.5 3 1.0 0.0 0.6 1 1.0 0.0 0.7 0 1 1 0.9 0 1 1
35 0.1 91 0.3626373626373626 0.0 0.4 53 0.5471698113207547 0.0 0.5 49 0.5918367346938775 0.0 0.6 39 0.717948717948718 0.0 0.7 26 0.8846153846153846 0.0 0.9 0 1 1
35 0.1 82 0.4146341463414634 0.0 0.4 47 0.6170212765957447 0.0 0.5 40 0.675 0.0 0.6 31 0.8387096774193549 0.0 0.7 23 0.9565217391304348 0.0 0.9 0 1 1
35 0.1 64 0.4375 0.0 0.4 29 0.7586206896551724 0.0 0.5 24 0.7916666666666666 0.0 0.6 19 0.8421052631578947 0.0 0.7 9 0.7777777777777778 0.0 0.9 0 1 1
35 0.1 86 0.37209302325581395 0.0 0.4 51 0.49019607843137253 0.0 0.5 44 0.5227272727272727 0.0 0.6 33 0.696969696969697 0.0 0.7 17 0.9411764705882353 0.0 0.9 0 1 1
35 0.1 4 0.5 0.0 0.4 0 1 1 0.5 0 1 1 0.6 0 1 1 0.7 0 1 1 0.9 0 1 1
35 0.1 77 0.44155844155844154 0.0 0.4 33 0.7878787878787878 0.0 0.5 26 0.8076923076923077 0.0 0.6 17 0.8235294117647058 0.0 0.7 4 1.0 0.0 0.9 0 1 1
35 0.1 29 0.5862068965517241 0.0 0.4 5 0.6 0.0 0.5 3 0.6666666666666666 0.0 0.6 1 1.0 0.0 0.7 0 1 1 0.9 0 1 1
35 0.1 30 0.8 0.0 0.4 8 1.0 0.0 0.5 5 1.0 0.0 0.6 1 1.0 0.0 0.7 0 1 1 0.9 0 1 1
35 0.1 54 0.6481481481481481 0.0 0.4 37 0.918918918918919 0.0 0.5 35 0.9428571428571428 0.0 0.6 29 1.0 0.0 0.7 27 1.0 0.0 0.9 0 1 1
35 0.1 4 0.75 0.0 0.4 0 1 1 0.5 0 1 1 0.6 0 1 1 0.7 0 1 1 0.9 0 1 1
35 0.1 60 0.5333333333333333 0.0 0.4 32 0.8125 0.0 0.5 26 0.8461538461538461 0.0 0.6 20 0.85 0.0 0.7 11 1.0 0.0 0.9 0 1 1
35 0.1 54 0.5740740740740741 0.0 0.4 37 0.6756756756756757 0.0 0.5 31 0.6774193548387096 0.0 0.6 20 0.6 0.0 0.7 12 0.6666666666666666 0.0 0.9 0 1 1
35 0.1 45 0.7555555555555555 0.0 0.4 28 0.9642857142857143 0.0 0.5 20 0.95 0.0 0.6 17 0.9411764705882353 0.0 0.7 9 0.8888888888888888 0.0 0.9 0 1 1
35 0.1 0 1 1 0.4 0 1 1 0.5 0 1 1 0.6 0 1 1 0.7 0 1 1 0.9 0 1 1
35 0.1 0 1 1 0.4 0 1 1 0.5 0 1 1 0.6 0 1 1 0.7 0 1 1 0.9 0 1 1
35 0.1 2 0.0 0.0 0.4 0 1 1 0.5 0 1 1 0.6 0 1 1 0.7 0 1 1 0.9 0 1 1
35 0.1 12 0.3333333333333333 0.0 0.4 0 1 1 0.5 0 1 1 0.6 0 1 1 0.7 0 1 1 0.9 0 1 1
35 0.1 23 0.5652173913043478 0.0 0.4 4 1.0 0.0 0.5 1 1.0 0.0 0.6 0 1 1 0.7 0 1 1 0.9 0 1 1
35 0.1 0 1 1 0.4 0 1 1 0.5 0 1 1 0.6 0 1 1 0.7 0 1 1 0.9 0 1 1
35 0.1 0 1 1 0.4 0 1 1 0.5 0 1 1 0.6 0 1 1 0.7 0 1 1 0.9 0 1 1
35 0.1 22 0.7272727272727273 0.0 0.4 3 1.0 0.0 0.5 0 1 1 0.6 0 1 1 0.7 0 1 1 0.9 0 1 1
35 0.1 2 0.0 0.0 0.4 0 1 1 0.5 0 1 1 0.6 0 1 1 0.7 0 1 1 0.9 0 1 1
35 0.1 37 0.7297297297297297 0.0 0.4 17 0.9411764705882353 0.0 0.5 9 1.0 0.0 0.6 6 1.0 0.0 0.7 0 1 1 0.9 0 1 1
35 0.1 38 0.7894736842105263 0.0 0.4 20 0.95 0.0 0.5 13 0.9230769230769231 0.0 0.6 8 0.875 0.0 0.7 2 0.5 0.0 0.9 0 1 1
35 0.1 47 0.5106382978723404 0.0 0.4 10 0.9 0.0 0.5 7 0.8571428571428571 0.0 0.6 3 1.0 0.0 0.7 1 1.0 0.0 0.9 0 1 1
35 0.1 30 0.23333333333333334 0.0 0.4 5 0.4 0.0 0.5 3 0.6666666666666666 0.0 0.6 0 1 1 0.7 0 1 1 0.9 0 1 1
35 0.1 41 0.7804878048780488 0.0 0.4 24 0.9583333333333334 0.0 0.5 14 0.9285714285714286 0.0 0.6 8 1.0 0.0 0.7 1 1.0 0.0 0.9 0 1 1
35 0.1 46 0.6956521739130435 0.021739130434782608 0.4 26 0.9615384615384616 0.038461538461538464 0.5 23 0.9565217391304348 0.043478260869565216 0.6 13 1.0 0.07692307692307693 0.7 5 1.0 0.0 0.9 0 1 1
35 0.1 41 0.5853658536585366 0.0 0.4 10 0.9 0.0 0.5 3 1.0 0.0 0.6 1 1.0 0.0 0.7 1 1.0 0.0 0.9 0 1 1
35 0.1 41 0.7560975609756098 0.0 0.4 23 0.9565217391304348 0.0 0.5 17 1.0 0.0 0.6 9 1.0 0.0 0.7 0 1 1 0.9 0 1 1
35 0.1 41 0.8292682926829268 0.04878048780487805 0.4 20 0.95 0.05 0.5 18 0.9444444444444444 0.05555555555555555 0.6 7 1.0 0.14285714285714285 0.7 2 1.0 0.0 0.9 0 1 1
35 0.1 41 0.8536585365853658 0.04878048780487805 0.4 32 0.96875 0.0625 0.5 29 1.0 0.06896551724137931 0.6 24 1.0 0.0 0.7 17 1.0 0.0 0.9 0 1 1
35 0.1 57 0.5789473684210527 0.017543859649122806 0.4 18 0.9444444444444444 0.0 0.5 7 1.0 0.0 0.6 3 1.0 0.0 0.7 1 1.0 0.0 0.9 0 1 1
35 0.1 0 1 1 0.4 0 1 1 0.5 0 1 1 0.6 0 1 1 0.7 0 1 1 0.9 0 1 1
35 0.1 38 0.868421052631579 0.0 0.4 27 1.0 0.0 0.5 22 1.0 0.0 0.6 12 1.0 0.0 0.7 5 1.0 0.0 0.9 0 1 1
35 0.1 41 0.7560975609756098 0.024390243902439025 0.4 31 0.9032258064516129 0.03225806451612903 0.5 28 0.9285714285714286 0.03571428571428571 0.6 23 1.0 0.043478260869565216 0.7 15 1.0 0.0 0.9 0 1 1
35 0.1 33 0.9090909090909091 0.0 0.4 15 0.9333333333333333 0.0 0.5 7 1.0 0.0 0.6 4 1.0 0.0 0.7 3 1.0 0.0 0.9 0 1 1
35 0.1 38 0.868421052631579 0.02631578947368421 0.4 30 0.9666666666666667 0.03333333333333333 0.5 28 0.9642857142857143 0.03571428571428571 0.6 19 1.0 0.05263157894736842 0.7 6 1.0 0.0 0.9 0 1 1
35 0.1 39 0.8974358974358975 0.0 0.4 20 1.0 0.0 0.5 18 1.0 0.0 0.6 10 1.0 0.0 0.7 4 1.0 0.0 0.9 0 1 1
35 0.1 40 0.85 0.05 0.4 25 1.0 0.04 0.5 19 1.0 0.05263157894736842 0.6 9 1.0 0.1111111111111111 0.7 5 1.0 0.0 0.9 0 1 1
35 0.1 39 0.8974358974358975 0.05128205128205128 0.4 33 0.9696969696969697 0.06060606060606061 0.5 33 0.9696969696969697 0.06060606060606061 0.6 31 0.967741935483871 0.06451612903225806 0.7 26 1.0 0.038461538461538464 0.9 0 1 1
35 0.1 38 0.8947368421052632 0.02631578947368421 0.4 33 0.9696969696969697 0.030303030303030304 0.5 31 0.967741935483871 0.03225806451612903 0.6 27 1.0 0.037037037037037035 0.7 18 1.0 0.0 0.9 0 1 1
35 0.1 46 0.7391304347826086 0.0 0.4 34 0.9411764705882353 0.0 0.5 31 0.967741935483871 0.0 0.6 23 1.0 0.0 0.7 9 1.0 0.0 0.9 0 1 1
35 0.1 47 0.723404255319149 0.0 0.4 36 0.9166666666666666 0.0 0.5 34 0.9705882352941176 0.0 0.6 33 0.9696969696969697 0.0 0.7 28 0.9642857142857143 0.0 0.9 0 1 1
35 0.1 45 0.7777777777777778 0.022222222222222223 0.4 34 0.9411764705882353 0.029411764705882353 0.5 30 0.9666666666666667 0.03333333333333333 0.6 24 1.0 0.041666666666666664 0.7 12 1.0 0.0 0.9 0 1 1
35 0.1 42 0.8095238095238095 0.023809523809523808 0.4 34 0.9411764705882353 0.029411764705882353 0.5 33 0.9696969696969697 0.030303030303030304 0.6 28 0.9642857142857143 0.03571428571428571 0.7 25 1.0 0.04 0.9 0 1 1
35 0.1 43 0.813953488372093 0.023255813953488372 0.4 34 0.9705882352941176 0.029411764705882353 0.5 33 0.9696969696969697 0.030303030303030304 0.6 25 0.96 0.0 0.7 14 1.0 0.0 0.9 0 1 1
35 0.1 60 0.5666666666666667 0.0 0.4 35 0.8857142857142857 0.0 0.5 29 1.0 0.0 0.6 23 1.0 0.0 0.7 8 1.0 0.0 0.9 0 1 1
35 0.1 49 0.7142857142857143 0.0 0.4 35 0.9428571428571428 0.0 0.5 34 0.9705882352941176 0.0 0.6 31 1.0 0.0 0.7 27 1.0 0.0 0.9 0 1 1
35 0.1 49 0.6938775510204082 0.0 0.4 25 1.0 0.0 0.5 21 1.0 0.0 0.6 12 1.0 0.0 0.7 4 1.0 0.0 0.9 0 1 1
35 0.1 44 0.7954545454545454 0.0 0.4 33 1.0 0.0 0.5 30 1.0 0.0 0.6 26 1.0 0.0 0.7 23 1.0 0.0 0.9 0 1 1
35 0.1 46 0.7391304347826086 0.0 0.4 32 0.9375 0.0 0.5 30 0.9666666666666667 0.0 0.6 27 1.0 0.0 0.7 16 1.0 0.0 0.9 0 1 1
35 0.1 41 0.8292682926829268 0.024390243902439025 0.4 32 0.96875 0.03125 0.5 29 1.0 0.034482758620689655 0.6 19 1.0 0.05263157894736842 0.7 12 1.0 0.08333333333333333 0.9 0 1 1
35 0.1 55 0.6363636363636364 0.01818181818181818 0.4 36 0.9444444444444444 0.027777777777777776 0.5 32 0.96875 0.03125 0.6 28 1.0 0.03571428571428571 0.7 20 1.0 0.05 0.9 0 1 1
35 0.1 49 0.6938775510204082 0.0 0.4 39 0.8461538461538461 0.0 0.5 37 0.8648648648648649 0.0 0.6 32 0.90625 0.0 0.7 28 0.9642857142857143 0.0 0.9 0 1 1
35 0.1 43 0.7906976744186046 0.0 0.4 36 0.9166666666666666 0.0 0.5 35 0.9428571428571428 0.0 0.6 33 0.9696969696969697 0.0 0.7 29 0.9655172413793104 0.0 0.9 1 1.0 0.0
35 0.1 42 0.8333333333333334 0.047619047619047616 0.4 35 0.9714285714285714 0.02857142857142857 0.5 34 0.9705882352941176 0.029411764705882353 0.6 30 1.0 0.03333333333333333 0.7 24 1.0 0.041666666666666664 0.9 0 1 1
35 0.1 45 0.7777777777777778 0.06666666666666667 0.4 36 0.9166666666666666 0.08333333333333333 0.5 32 1.0 0.0625 0.6 26 1.0 0.038461538461538464 0.7 22 1.0 0.045454545454545456 0.9 0 1 1
35 0.1 45 0.7777777777777778 0.022222222222222223 0.4 27 1.0 0.037037037037037035 0.5 25 1.0 0.04 0.6 20 1.0 0.05 0.7 7 1.0 0.14285714285714285 0.9 0 1 1
35 0.1 61 0.5737704918032787 0.0 0.4 41 0.8048780487804879 0.0 0.5 36 0.8611111111111112 0.0 0.6 33 0.8787878787878788 0.0 0.7 25 0.96 0.0 0.9 1 1.0 0.0
35 0.1 43 0.7906976744186046 0.046511627906976744 0.4 33 0.9393939393939394 0.06060606060606061 0.5 32 0.9375 0.0625 0.6 28 0.9642857142857143 0.07142857142857142 0.7 19 1.0 0.05263157894736842 0.9 0 1 1
35 0.1 45 0.7777777777777778 0.044444444444444446 0.4 36 0.9444444444444444 0.05555555555555555 0.5 30 0.9666666666666667 0.06666666666666667 0.6 26 1.0 0.07692307692307693 0.7 19 1.0 0.0 0.9 0 1 1
35 0.1 45 0.7777777777777778 0.06666666666666667 0.4 33 0.9696969696969697 0.09090909090909091 0.5 32 1.0 0.09375 0.6 30 1.0 0.1 0.7 19 1.0 0.05263157894736842 0.9 0 1 1
35 0.1 40 0.85 0.0 0.4 37 0.918918918918919 0.0 0.5 36 0.9444444444444444 0.0 0.6 34 0.9411764705882353 0.0 0.7 28 1.0 0.0 0.9 0 1 1
35 0.1 41 0.8292682926829268 0.0 0.4 35 0.9714285714285714 0.0 0.5 34 0.9705882352941176 0.0 0.6 32 0.96875 0.0 0.7 29 1.0 0.0 0.9 0 1 1
35 0.1 58 0.603448275862069 0.06896551724137931 0.4 34 0.8823529411764706 0.11764705882352941 0.5 31 0.9032258064516129 0.12903225806451613 0.6 24 0.9583333333333334 0.16666666666666666 0.7 15 1.0 0.13333333333333333 0.9 0 1 1
35 0.1 41 0.8536585365853658 0.0 0.4 35 0.9714285714285714 0.0 0.5 33 0.9696969696969697 0.0 0.6 32 0.96875 0.0 0.7 26 1.0 0.0 0.9 0 1 1
35 0.1 37 0.8648648648648649 0.05405405405405406 0.4 32 0.96875 0.0625 0.5 30 0.9666666666666667 0.06666666666666667 0.6 28 1.0 0.07142857142857142 0.7 18 1.0 0.1111111111111111 0.9 0 1 1
35 0.1 40 0.875 0.0 0.4 35 0.9714285714285714 0.0 0.5 33 1.0 0.0 0.6 29 1.0 0.0 0.7 25 1.0 0.0 0.9 0 1 1
35 0.1 43 0.813953488372093 0.023255813953488372 0.4 37 0.918918918918919 0.02702702702702703 0.5 35 0.9714285714285714 0.02857142857142857 0.6 35 0.9714285714285714 0.02857142857142857 0.7 32 1.0 0.03125 0.9 0 1 1
35 0.1 42 0.8333333333333334 0.047619047619047616 0.4 35 0.9714285714285714 0.05714285714285714 0.5 35 0.9714285714285714 0.05714285714285714 0.6 34 1.0 0.058823529411764705 0.7 33 1.0 0.06060606060606061 0.9 0 1 1
35 0.1 44 0.7954545454545454 0.0 0.4 37 0.9459459459459459 0.0 0.5 34 1.0 0.0 0.6 33 1.0 0.0 0.7 30 1.0 0.0 0.9 1 1.0 0.0
35 0.1 42 0.8333333333333334 0.0 0.4 37 0.9459459459459459 0.0 0.5 37 0.9459459459459459 0.0 0.6 36 0.9722222222222222 0.0 0.7 31 1.0 0.0 0.9 0 1 1
35 0.1 43 0.813953488372093 0.023255813953488372 0.4 38 0.9210526315789473 0.02631578947368421 0.5 36 0.9444444444444444 0.027777777777777776 0.6 34 0.9705882352941176 0.029411764705882353 0.7 29 1.0 0.034482758620689655 0.9 0 1 1
35 0.1 41 0.8292682926829268 0.04878048780487805 0.4 34 0.9705882352941176 0.058823529411764705 0.5 33 0.9696969696969697 0.06060606060606061 0.6 31 0.967741935483871 0.06451612903225806 0.7 26 0.9615384615384616 0.0 0.9 0 1 1
35 0.1 41 0.8536585365853658 0.024390243902439025 0.4 35 0.9714285714285714 0.02857142857142857 0.5 34 1.0 0.029411764705882353 0.6 34 1.0 0.029411764705882353 0.7 30 1.0 0.03333333333333333 0.9 0 1 1
35 0.1 42 0.8333333333333334 0.023809523809523808 0.4 34 1.0 0.029411764705882353 0.5 34 1.0 0.029411764705882353 0.6 33 1.0 0.030303030303030304 0.7 31 1.0 0.03225806451612903 0.9 0 1 1
35 0.1 43 0.813953488372093 0.0 0.4 36 0.9722222222222222 0.0 0.5 36 0.9722222222222222 0.0 0.6 35 0.9714285714285714 0.0 0.7 30 1.0 0.0 0.9 0 1 1
35 0.1 42 0.8333333333333334 0.023809523809523808 0.4 35 0.9714285714285714 0.02857142857142857 0.5 34 0.9705882352941176 0.029411764705882353 0.6 32 1.0 0.03125 0.7 28 1.0 0.03571428571428571 0.9 0 1 1
35 0.1 40 0.85 0.0 0.4 36 0.8888888888888888 0.0 0.5 33 0.9393939393939394 0.0 0.6 32 0.96875 0.0 0.7 27 0.9629629629629629 0.0 0.9 0 1 1
35 0.1 42 0.8333333333333334 0.07142857142857142 0.4 33 0.9696969696969697 0.09090909090909091 0.5 31 1.0 0.0967741935483871 0.6 31 1.0 0.0967741935483871 0.7 28 1.0 0.10714285714285714 0.9 0 1 1
35 0.1 44 0.7954545454545454 0.022727272727272728 0.4 37 0.918918918918919 0.02702702702702703 0.5 36 0.9444444444444444 0.027777777777777776 0.6 34 0.9705882352941176 0.029411764705882353 0.7 30 1.0 0.03333333333333333 0.9 0 1 1
35 0.1 42 0.8333333333333334 0.0 0.4 39 0.8974358974358975 0.0 0.5 37 0.9459459459459459 0.0 0.6 35 0.9428571428571428 0.0 0.7 27 1.0 0.0 0.9 0 1 1
35 0.1 41 0.8536585365853658 0.07317073170731707 0.4 37 0.9459459459459459 0.08108108108108109 0.5 34 1.0 0.08823529411764706 0.6 34 1.0 0.08823529411764706 0.7 32 1.0 0.09375 0.9 0 1 1
35 0.1 42 0.8333333333333334 0.09523809523809523 0.4 32 0.96875 0.125 0.5 32 0.96875 0.125 0.6 28 1.0 0.14285714285714285 0.7 23 1.0 0.17391304347826086 0.9 0 1 1
35 0.1 40 0.875 0.05 0.4 35 0.9714285714285714 0.05714285714285714 0.5 35 0.9714285714285714 0.05714285714285714 0.6 33 1.0 0.06060606060606061 0.7 32 1.0 0.0625 0.9 0 1 1
35 0.1 42 0.8333333333333334 0.0 0.4 35 0.9428571428571428 0.0 0.5 33 1.0 0.0 0.6 33 1.0 0.0 0.7 30 1.0 0.0 0.9 0 1 1
35 0.1 39 0.8974358974358975 0.05128205128205128 0.4 36 0.9444444444444444 0.05555555555555555 0.5 34 0.9411764705882353 0.058823529411764705 0.6 32 1.0 0.0625 0.7 28 1.0 0.03571428571428571 0.9 0 1 1
35 0.1 44 0.7954545454545454 0.022727272727272728 0.4 38 0.9210526315789473 0.02631578947368421 0.5 37 0.9459459459459459 0.02702702702702703 0.6 35 0.9714285714285714 0.02857142857142857 0.7 33 1.0 0.030303030303030304 0.9 0 1 1
35 0.1 43 0.7906976744186046 0.023255813953488372 0.4 36 0.9166666666666666 0.027777777777777776 0.5 36 0.9166666666666666 0.027777777777777776 0.6 34 0.9705882352941176 0.029411764705882353 0.7 33 0.9696969696969697 0.030303030303030304 0.9 0 1 1
35 0.1 44 0.7954545454545454 0.022727272727272728 0.4 37 0.918918918918919 0.02702702702702703 0.5 36 0.9444444444444444 0.027777777777777776 0.6 35 0.9714285714285714 0.02857142857142857 0.7 34 1.0 0.029411764705882353 0.9 0 1 1
35 0.1 43 0.813953488372093 0.0 0.4 35 0.9714285714285714 0.0 0.5 35 0.9714285714285714 0.0 0.6 35 0.9714285714285714 0.0 0.7 33 1.0 0.0 0.9 0 1 1
35 0.1 47 0.7446808510638298 0.0 0.4 36 0.9444444444444444 0.0 0.5 35 0.9714285714285714 0.0 0.6 35 0.9714285714285714 0.0 0.7 34 1.0 0.0 0.9 0 1 1
35 0.1 41 0.8536585365853658 0.04878048780487805 0.4 36 0.9444444444444444 0.05555555555555555 0.5 35 0.9714285714285714 0.05714285714285714 0.6 32 1.0 0.0625 0.7 31 1.0 0.06451612903225806 0.9 0 1 1
35 0.1 40 0.875 0.075 0.4 33 1.0 0.09090909090909091 0.5 32 1.0 0.09375 0.6 31 1.0 0.0967741935483871 0.7 29 1.0 0.10344827586206896 0.9 0 1 1
35 0.1 44 0.7954545454545454 0.022727272727272728 0.4 38 0.9210526315789473 0.02631578947368421 0.5 38 0.9210526315789473 0.02631578947368421 0.6 33 1.0 0.030303030303030304 0.7 32 1.0 0.03125 0.9 0 1 1
35 0.1 42 0.8333333333333334 0.16666666666666666 0.4 34 0.9705882352941176 0.20588235294117646 0.5 33 1.0 0.21212121212121213 0.6 32 1.0 0.21875 0.7 29 1.0 0.2413793103448276 0.9 0 1 1
35 0.1 41 0.8536585365853658 0.07317073170731707 0.4 36 0.9444444444444444 0.08333333333333333 0.5 33 1.0 0.09090909090909091 0.6 32 1.0 0.09375 0.7 31 1.0 0.0967741935483871 0.9 0 1 1
35 0.1 42 0.8333333333333334 0.023809523809523808 0.4 36 0.9444444444444444 0.027777777777777776 0.5 36 0.9444444444444444 0.027777777777777776 0.6 34 0.9705882352941176 0.029411764705882353 0.7 32 1.0 0.03125 0.9 0 1 1
35 0.1 42 0.8095238095238095 0.07142857142857142 0.4 35 0.9714285714285714 0.08571428571428572 0.5 35 0.9714285714285714 0.08571428571428572 0.6 34 0.9705882352941176 0.08823529411764706 0.7 34 0.9705882352941176 0.08823529411764706 0.9 0 1 1
35 0.1 42 0.8095238095238095 0.047619047619047616 0.4 36 0.9166666666666666 0.05555555555555555 0.5 36 0.9166666666666666 0.05555555555555555 0.6 36 0.9166666666666666 0.05555555555555555 0.7 32 0.9375 0.0625 0.9 0 1 1
35 0.1 43 0.813953488372093 0.06976744186046512 0.4 36 0.9444444444444444 0.08333333333333333 0.5 34 1.0 0.08823529411764706 0.6 34 1.0 0.08823529411764706 0.7 34 1.0 0.08823529411764706 0.9 0 1 1
35 0.1 40 0.875 0.05 0.4 35 0.9428571428571428 0.05714285714285714 0.5 34 0.9705882352941176 0.058823529411764705 0.6 34 0.9705882352941176 0.058823529411764705 0.7 30 1.0 0.06666666666666667 0.9 0 1 1
35 0.1 41 0.8536585365853658 0.07317073170731707 0.4 35 0.9428571428571428 0.08571428571428572 0.5 34 0.9411764705882353 0.08823529411764706 0.6 33 0.9696969696969697 0.09090909090909091 0.7 32 1.0 0.09375 0.9 0 1 1
35 0.1 41 0.8536585365853658 0.0975609756097561 0.4 36 0.9444444444444444 0.1111111111111111 0.5 36 0.9444444444444444 0.1111111111111111 0.6 34 1.0 0.11764705882352941 0.7 31 1.0 0.0967741935483871 0.9 0 1 1
35 0.1 40 0.875 0.05 0.4 35 0.9714285714285714 0.05714285714285714 0.5 34 1.0 0.058823529411764705 0.6 34 1.0 0.058823529411764705 0.7 30 1.0 0.06666666666666667 0.9 0 1 1
35 0.1 39 0.8717948717948718 0.02564102564102564 0.4 35 0.9428571428571428 0.02857142857142857 0.5 34 0.9705882352941176 0.029411764705882353 0.6 32 1.0 0.03125 0.7 29 1.0 0.034482758620689655 0.9 0 1 1
35 0.1 40 0.85 0.0 0.4 35 0.9428571428571428 0.0 0.5 32 0.96875 0.0 0.6 28 1.0 0.0 0.7 27 1.0 0.0 0.9 0 1 1
35 0.1 36 0.9166666666666666 0.08333333333333333 0.4 30 0.9666666666666667 0.1 0.5 27 0.9629629629629629 0.1111111111111111 0.6 20 0.95 0.1 0.7 12 0.9166666666666666 0.08333333333333333 0.9 0 1 1
35 0.1 41 0.8292682926829268 0.024390243902439025 0.4 35 0.9714285714285714 0.02857142857142857 0.5 34 1.0 0.029411764705882353 0.6 34 1.0 0.029411764705882353 0.7 33 1.0 0.030303030303030304 0.9 0 1 1
35 0.1 40 0.875 0.05 0.4 33 0.9696969696969697 0.06060606060606061 0.5 31 1.0 0.06451612903225806 0.6 30 1.0 0.06666666666666667 0.7 30 1.0 0.06666666666666667 0.9 0 1 1
35 0.1 40 0.875 0.025 0.4 36 0.9444444444444444 0.027777777777777776 0.5 36 0.9444444444444444 0.027777777777777776 0.6 35 0.9714285714285714 0.02857142857142857 0.7 33 1.0 0.030303030303030304 0.9 0 1 1
35 0.1 40 0.875 0.1 0.4 36 0.9444444444444444 0.1111111111111111 0.5 36 0.9444444444444444 0.1111111111111111 0.6 34 0.9705882352941176 0.11764705882352941 0.7 32 1.0 0.125 0.9 0 1 1
35 0.1 38 0.8947368421052632 0.0 0.4 32 0.96875 0.0 0.5 32 0.96875 0.0 0.6 29 1.0 0.0 0.7 26 1.0 0.0 0.9 0 1 1
35 0.1 38 0.8947368421052632 0.07894736842105263 0.4 35 0.9714285714285714 0.08571428571428572 0.5 34 1.0 0.08823529411764706 0.6 34 1.0 0.08823529411764706 0.7 32 1.0 0.0625 0.9 0 1 1
35 0.1 38 0.8947368421052632 0.05263157894736842 0.4 36 0.9444444444444444 0.05555555555555555 0.5 36 0.9444444444444444 0.05555555555555555 0.6 35 0.9714285714285714 0.05714285714285714 0.7 34 0.9705882352941176 0.058823529411764705 0.9 0 1 1
35 0.1 40 0.85 0.0 0.4 36 0.9444444444444444 0.0 0.5 34 1.0 0.0 0.6 34 1.0 0.0 0.7 32 1.0 0.0 0.9 0 1 1
35 0.1 39 0.8717948717948718 0.02564102564102564 0.4 35 0.9714285714285714 0.02857142857142857 0.5 33 1.0 0.030303030303030304 0.6 33 1.0 0.030303030303030304 0.7 32 1.0 0.03125 0.9 0 1 1
35 0.1 38 0.8947368421052632 0.10526315789473684 0.4 34 1.0 0.11764705882352941 0.5 34 1.0 0.11764705882352941 0.6 33 1.0 0.09090909090909091 0.7 31 1.0 0.0967741935483871 0.9 0 1 1
35 0.1 41 0.8536585365853658 0.024390243902439025 0.4 34 0.9411764705882353 0.029411764705882353 0.5 34 0.9411764705882353 0.029411764705882353 0.6 33 0.9696969696969697 0.030303030303030304 0.7 31 1.0 0.03225806451612903 0.9 0 1 1
35 0.1 41 0.8536585365853658 0.024390243902439025 0.4 36 0.9166666666666666 0.027777777777777776 0.5 35 0.9142857142857143 0.02857142857142857 0.6 34 0.9411764705882353 0.029411764705882353 0.7 33 0.9696969696969697 0.030303030303030304 0.9 0 1 1
35 0.1 40 0.875 0.125 0.4 34 0.9705882352941176 0.14705882352941177 0.5 33 0.9696969696969697 0.15151515151515152 0.6 33 0.9696969696969697 0.15151515151515152 0.7 32 1.0 0.15625 0.9 0 1 1
35 0.1 41 0.8536585365853658 0.0975609756097561 0.4 36 0.9444444444444444 0.1111111111111111 0.5 34 1.0 0.11764705882352941 0.6 33 1.0 0.12121212121212122 0.7 32 1.0 0.125 0.9 0 1 1
35 0.1 37 0.9459459459459459 0.08108108108108109 0.4 33 0.9696969696969697 0.09090909090909091 0.5 32 0.96875 0.09375 0.6 31 1.0 0.0967741935483871 0.7 29 1.0 0.10344827586206896 0.9 0 1 1
35 0.1 40 0.875 0.125 0.4 35 0.9428571428571428 0.14285714285714285 0.5 33 0.9696969696969697 0.15151515151515152 0.6 32 1.0 0.15625 0.7 30 1.0 0.13333333333333333 0.9 0 1 1
35 0.1 40 0.875 0.125 0.4 34 0.9411764705882353 0.14705882352941177 0.5 34 0.9411764705882353 0.14705882352941177 0.6 33 0.9696969696969697 0.15151515151515152 0.7 32 1.0 0.15625 0.9 0 1 1
35 0.1 40 0.875 0.05 0.4 35 0.9428571428571428 0.05714285714285714 0.5 34 0.9411764705882353 0.058823529411764705 0.6 32 0.96875 0.0625 0.7 31 1.0 0.06451612903225806 0.9 0 1 1
35 0.1 41 0.8536585365853658 0.0975609756097561 0.4 35 0.9714285714285714 0.11428571428571428 0.5 35 0.9714285714285714 0.11428571428571428 0.6 34 0.9705882352941176 0.11764705882352941 0.7 32 0.96875 0.125 0.9 0 1 1
35 0.1 40 0.825 0.0 0.4 32 0.96875 0.0 0.5 31 0.967741935483871 0.0 0.6 29 1.0 0.0 0.7 28 1.0 0.0 0.9 0 1 1
35 0.1 38 0.8947368421052632 0.0 0.4 29 1.0 0.0 0.5 29 1.0 0.0 0.6 28 1.0 0.0 0.7 28 1.0 0.0 0.9 0 1 1
35 0.1 40 0.875 0.025 0.4 34 0.9705882352941176 0.029411764705882353 0.5 32 0.96875 0.03125 0.6 28 1.0 0.03571428571428571 0.7 27 1.0 0.037037037037037035 0.9 0 1 1
35 0.1 39 0.8974358974358975 0.0 0.4 34 0.9705882352941176 0.0 0.5 33 1.0 0.0 0.6 33 1.0 0.0 0.7 30 1.0 0.0 0.9 0 1 1
35 0.1 40 0.875 0.05 0.4 37 0.918918918918919 0.05405405405405406 0.5 36 0.9444444444444444 0.05555555555555555 0.6 35 0.9428571428571428 0.05714285714285714 0.7 32 1.0 0.0625 0.9 0 1 1
35 0.1 38 0.868421052631579 0.07894736842105263 0.4 31 1.0 0.0967741935483871 0.5 29 1.0 0.06896551724137931 0.6 29 1.0 0.06896551724137931 0.7 28 1.0 0.07142857142857142 0.9 0 1 1
35 0.1 42 0.8333333333333334 0.047619047619047616 0.4 36 0.9166666666666666 0.05555555555555555 0.5 34 0.9705882352941176 0.058823529411764705 0.6 33 0.9696969696969697 0.06060606060606061 0.7 32 1.0 0.0625 0.9 2 1.0 0.0
35 0.1 42 0.8333333333333334 0.09523809523809523 0.4 36 0.9166666666666666 0.1111111111111111 0.5 34 0.9705882352941176 0.11764705882352941 0.6 33 0.9696969696969697 0.12121212121212122 0.7 30 1.0 0.13333333333333333 0.9 2 1.0 0.0
35 0.1 40 0.85 0.05 0.4 32 0.96875 0.0625 0.5 30 0.9666666666666667 0.06666666666666667 0.6 29 1.0 0.06896551724137931 0.7 28 1.0 0.07142857142857142 0.9 0 1 1
35 0.1 37 0.8918918918918919 0.05405405405405406 0.4 28 1.0 0.07142857142857142 0.5 26 1.0 0.07692307692307693 0.6 26 1.0 0.07692307692307693 0.7 26 1.0 0.07692307692307693 0.9 1 1.0 0.0
35 0.1 35 0.9142857142857143 0.08571428571428572 0.4 31 0.967741935483871 0.0967741935483871 0.5 30 1.0 0.1 0.6 28 1.0 0.10714285714285714 0.7 24 1.0 0.125 0.9 0 1 1
35 0.1 39 0.8717948717948718 0.10256410256410256 0.4 36 0.9444444444444444 0.1111111111111111 0.5 34 0.9705882352941176 0.11764705882352941 0.6 33 1.0 0.12121212121212122 0.7 31 1.0 0.12903225806451613 0.9 1 1.0 0.0
35 0.1 36 0.9444444444444444 0.05555555555555555 0.4 33 1.0 0.06060606060606061 0.5 33 1.0 0.06060606060606061 0.6 32 1.0 0.0625 0.7 24 1.0 0.08333333333333333 0.9 0 1 1
35 0.1 36 0.9166666666666666 0.1111111111111111 0.4 31 0.967741935483871 0.12903225806451613 0.5 31 0.967741935483871 0.12903225806451613 0.6 31 0.967741935483871 0.12903225806451613 0.7 28 1.0 0.10714285714285714 0.9 0 1 1
35 0.1 38 0.8947368421052632 0.02631578947368421 0.4 35 0.9428571428571428 0.02857142857142857 0.5 33 0.9696969696969697 0.030303030303030304 0.6 29 1.0 0.034482758620689655 0.7 28 1.0 0.03571428571428571 0.9 0 1 1
35 0.1 36 0.9444444444444444 0.027777777777777776 0.4 31 1.0 0.0 0.5 31 1.0 0.0 0.6 30 1.0 0.0 0.7 28 1.0 0.0 0.9 0 1 1
35 0.1 40 0.875 0.15 0.4 36 0.9444444444444444 0.16666666666666666 0.5 36 0.9444444444444444 0.16666666666666666 0.6 35 0.9714285714285714 0.17142857142857143 0.7 34 1.0 0.17647058823529413 0.9 1 1.0 0.0
35 0.1 41 0.8536585365853658 0.17073170731707318 0.4 36 0.9444444444444444 0.19444444444444445 0.5 36 0.9444444444444444 0.19444444444444445 0.6 36 0.9444444444444444 0.19444444444444445 0.7 33 0.9696969696969697 0.18181818181818182 0.9 0 1 1
35 0.1 39 0.8974358974358975 0.05128205128205128 0.4 35 0.9428571428571428 0.05714285714285714 0.5 35 0.9428571428571428 0.05714285714285714 0.6 32 1.0 0.0625 0.7 31 1.0 0.06451612903225806 0.9 0 1 1
35 0.1 37 0.918918918918919 0.08108108108108109 0.4 31 0.967741935483871 0.0967741935483871 0.5 29 1.0 0.10344827586206896 0.6 28 1.0 0.10714285714285714 0.7 25 1.0 0.12 0.9 0 1 1
35 0.1 37 0.8918918918918919 0.10810810810810811 0.4 32 0.9375 0.09375 0.5 29 1.0 0.10344827586206896 0.6 29 1.0 0.10344827586206896 0.7 28 1.0 0.10714285714285714 0.9 0 1 1
35 0.1 38 0.868421052631579 0.13157894736842105 0.4 31 0.9354838709677419 0.16129032258064516 0.5 30 0.9666666666666667 0.16666666666666666 0.6 30 0.9666666666666667 0.16666666666666666 0.7 28 1.0 0.14285714285714285 0.9 1 1.0 1.0
35 0.1 35 0.9142857142857143 0.05714285714285714 0.4 30 0.9666666666666667 0.06666666666666667 0.5 30 0.9666666666666667 0.06666666666666667 0.6 28 0.9642857142857143 0.03571428571428571 0.7 26 1.0 0.038461538461538464 0.9 1 1.0 0.0
35 0.1 39 0.8974358974358975 0.10256410256410256 0.4 34 0.9705882352941176 0.11764705882352941 0.5 33 0.9696969696969697 0.12121212121212122 0.6 32 1.0 0.125 0.7 30 1.0 0.1 0.9 0 1 1
35 0.1 39 0.8974358974358975 0.02564102564102564 0.4 36 0.9444444444444444 0.027777777777777776 0.5 34 0.9411764705882353 0.029411764705882353 0.6 33 0.9393939393939394 0.030303030303030304 0.7 32 0.9375 0.03125 0.9 3 1.0 0.0
35 0.1 39 0.8974358974358975 0.02564102564102564 0.4 33 0.9696969696969697 0.030303030303030304 0.5 31 1.0 0.03225806451612903 0.6 31 1.0 0.03225806451612903 0.7 30 1.0 0.03333333333333333 0.9 0 1 1
35 0.1 36 0.9166666666666666 0.08333333333333333 0.4 30 0.9666666666666667 0.1 0.5 30 0.9666666666666667 0.1 0.6 30 0.9666666666666667 0.1 0.7 28 1.0 0.10714285714285714 0.9 0 1 1
35 0.1 38 0.8947368421052632 0.05263157894736842 0.4 34 0.9705882352941176 0.029411764705882353 0.5 34 0.9705882352941176 0.029411764705882353 0.6 33 1.0 0.030303030303030304 0.7 31 1.0 0.03225806451612903 0.9 3 1.0 0.0
35 0.1 37 0.918918918918919 0.02702702702702703 0.4 30 0.9666666666666667 0.03333333333333333 0.5 29 1.0 0.034482758620689655 0.6 29 1.0 0.034482758620689655 0.7 28 1.0 0.03571428571428571 0.9 0 1 1
35 0.1 36 0.9166666666666666 0.1388888888888889 0.4 28 1.0 0.10714285714285714 0.5 28 1.0 0.10714285714285714 0.6 27 1.0 0.1111111111111111 0.7 27 1.0 0.1111111111111111 0.9 0 1 1
35 0.1 37 0.8918918918918919 0.08108108108108109 0.4 30 0.9666666666666667 0.06666666666666667 0.5 30 0.9666666666666667 0.06666666666666667 0.6 29 1.0 0.06896551724137931 0.7 29 1.0 0.06896551724137931 0.9 0 1 1
35 0.1 37 0.9459459459459459 0.05405405405405406 0.4 32 0.96875 0.03125 0.5 28 1.0 0.03571428571428571 0.6 28 1.0 0.03571428571428571 0.7 28 1.0 0.03571428571428571 0.9 1 1.0 0.0
35 0.1 40 0.85 0.0 0.4 33 0.9393939393939394 0.0 0.5 33 0.9393939393939394 0.0 0.6 31 1.0 0.0 0.7 28 1.0 0.0 0.9 1 1.0 0.0
35 0.1 36 0.9166666666666666 0.027777777777777776 0.4 33 0.9696969696969697 0.030303030303030304 0.5 33 0.9696969696969697 0.030303030303030304 0.6 30 0.9666666666666667 0.03333333333333333 0.7 26 0.9615384615384616 0.0 0.9 0 1 1
35 0.1 39 0.8974358974358975 0.1282051282051282 0.4 34 0.9411764705882353 0.14705882352941177 0.5 33 0.9696969696969697 0.15151515151515152 0.6 31 1.0 0.12903225806451613 0.7 31 1.0 0.12903225806451613 0.9 2 1.0 0.0
35 0.1 39 0.8717948717948718 0.10256410256410256 0.4 35 0.9142857142857143 0.11428571428571428 0.5 34 0.9411764705882353 0.11764705882352941 0.6 32 1.0 0.125 0.7 31 1.0 0.12903225806451613 0.9 2 1.0 0.0
35 0.1 37 0.8648648648648649 0.10810810810810811 0.4 33 0.9090909090909091 0.12121212121212122 0.5 31 0.967741935483871 0.12903225806451613 0.6 31 0.967741935483871 0.12903225806451613 0.7 26 1.0 0.11538461538461539 0.9 1 1.0 0.0
35 0.1 42 0.8333333333333334 0.11904761904761904 0.4 34 0.9411764705882353 0.14705882352941177 0.5 32 1.0 0.15625 0.6 32 1.0 0.15625 0.7 31 1.0 0.16129032258064516 0.9 0 1 1
35 0.1 39 0.8717948717948718 0.20512820512820512 0.4 34 0.9411764705882353 0.20588235294117646 0.5 34 0.9411764705882353 0.20588235294117646 0.6 31 0.967741935483871 0.22580645161290322 0.7 30 1.0 0.23333333333333334 0.9 0 1 1
35 0.1 40 0.825 0.1 0.4 33 0.9393939393939394 0.12121212121212122 0.5 30 0.9666666666666667 0.13333333333333333 0.6 30 0.9666666666666667 0.13333333333333333 0.7 29 1.0 0.13793103448275862 0.9 2 1.0 0.0
35 0.1 35 0.9428571428571428 0.05714285714285714 0.4 32 0.96875 0.0625 0.5 31 0.967741935483871 0.06451612903225806 0.6 30 1.0 0.06666666666666667 0.7 30 1.0 0.06666666666666667 0.9 1 1.0 0.0
35 0.1 36 0.8611111111111112 0.08333333333333333 0.4 30 0.9666666666666667 0.1 0.5 28 1.0 0.10714285714285714 0.6 27 1.0 0.1111111111111111 0.7 27 1.0 0.1111111111111111 0.9 0 1 1
35 0.1 35 0.9142857142857143 0.14285714285714285 0.4 30 0.9666666666666667 0.16666666666666666 0.5 29 1.0 0.1724137931034483 0.6 28 1.0 0.17857142857142858 0.7 28 1.0 0.17857142857142858 0.9 1 1.0 0.0
35 0.1 33 0.9393939393939394 0.0 0.4 31 1.0 0.0 0.5 29 1.0 0.0 0.6 28 1.0 0.0 0.7 26 1.0 0.0 0.9 0 1 1
35 0.1 40 0.85 0.05 0.4 34 0.9411764705882353 0.058823529411764705 0.5 34 0.9411764705882353 0.058823529411764705 0.6 31 1.0 0.03225806451612903 0.7 29 1.0 0.0 0.9 2 1.0 0.0
35 0.1 36 0.9166666666666666 0.0 0.4 33 0.9696969696969697 0.0 0.5 30 0.9666666666666667 0.0 0.6 29 1.0 0.0 0.7 29 1.0 0.0 0.9 0 1 1
35 0.1 39 0.8974358974358975 0.02564102564102564 0.4 32 0.96875 0.03125 0.5 32 0.96875 0.03125 0.6 31 0.967741935483871 0.03225806451612903 0.7 30 0.9666666666666667 0.03333333333333333 0.9 1 1.0 0.0
35 0.1 34 0.9411764705882353 0.0 0.4 30 0.9666666666666667 0.0 0.5 30 0.9666666666666667 0.0 0.6 30 0.9666666666666667 0.0 0.7 29 1.0 0.0 0.9 0 1 1
35 0.1 39 0.8717948717948718 0.07692307692307693 0.4 32 0.96875 0.09375 0.5 31 0.967741935483871 0.0967741935483871 0.6 30 0.9666666666666667 0.1 0.7 29 0.9655172413793104 0.10344827586206896 0.9 0 1 1
35 0.1 36 0.9166666666666666 0.19444444444444445 0.4 30 0.9666666666666667 0.23333333333333334 0.5 30 0.9666666666666667 0.23333333333333334 0.6 27 0.9629629629629629 0.2222222222222222 0.7 27 0.9629629629629629 0.2222222222222222 0.9 0 1 1
35 0.1 42 0.8333333333333334 0.09523809523809523 0.4 34 0.9705882352941176 0.11764705882352941 0.5 33 0.9696969696969697 0.09090909090909091 0.6 33 0.9696969696969697 0.09090909090909091 0.7 30 1.0 0.1 0.9 0 1 1
35 0.1 35 0.8571428571428571 0.02857142857142857 0.4 29 0.9310344827586207 0.034482758620689655 0.5 29 0.9310344827586207 0.034482758620689655 0.6 28 0.9642857142857143 0.03571428571428571 0.7 27 1.0 0.037037037037037035 0.9 0 1 1
35 0.1 39 0.8717948717948718 0.02564102564102564 0.4 35 0.9714285714285714 0.02857142857142857 0.5 35 0.9714285714285714 0.02857142857142857 0.6 34 1.0 0.029411764705882353 0.7 33 1.0 0.030303030303030304 0.9 1 1.0 0.0
35 0.1 38 0.8947368421052632 0.05263157894736842 0.4 33 0.9696969696969697 0.06060606060606061 0.5 33 0.9696969696969697 0.06060606060606061 0.6 31 0.967741935483871 0.03225806451612903 0.7 31 0.967741935483871 0.03225806451612903 0.9 1 1.0 0.0
35 0.1 39 0.8461538461538461 0.1282051282051282 0.4 30 0.9666666666666667 0.16666666666666666 0.5 29 0.9655172413793104 0.1724137931034483 0.6 29 0.9655172413793104 0.1724137931034483 0.7 29 0.9655172413793104 0.1724137931034483 0.9 1 1.0 0.0
35 0.1 34 0.8823529411764706 0.11764705882352941 0.4 29 0.9655172413793104 0.10344827586206896 0.5 27 1.0 0.1111111111111111 0.6 27 1.0 0.1111111111111111 0.7 26 1.0 0.11538461538461539 0.9 0 1 1
35 0.1 39 0.8717948717948718 0.1282051282051282 0.4 32 1.0 0.15625 0.5 32 1.0 0.15625 0.6 31 1.0 0.12903225806451613 0.7 30 1.0 0.1 0.9 0 1 1
35 0.1 38 0.8947368421052632 0.21052631578947367 0.4 31 1.0 0.25806451612903225 0.5 31 1.0 0.25806451612903225 0.6 30 1.0 0.23333333333333334 0.7 30 1.0 0.23333333333333334 0.9 0 1 1
35 0.1 36 0.8611111111111112 0.25 0.4 29 1.0 0.3103448275862069 0.5 29 1.0 0.3103448275862069 0.6 29 1.0 0.3103448275862069 0.7 29 1.0 0.3103448275862069 0.9 0 1 1
35 0.1 38 0.8421052631578947 0.0 0.4 31 0.967741935483871 0.0 0.5 31 0.967741935483871 0.0 0.6 30 1.0 0.0 0.7 29 1.0 0.0 0.9 0 1 1
35 0.1 40 0.85 0.05 0.4 33 0.9393939393939394 0.06060606060606061 0.5 32 0.96875 0.0625 0.6 30 1.0 0.06666666666666667 0.7 30 1.0 0.06666666666666667 0.9 1 1.0 1.0
35 0.1 37 0.8918918918918919 0.08108108108108109 0.4 33 0.9696969696969697 0.09090909090909091 0.5 31 0.967741935483871 0.0967741935483871 0.6 30 1.0 0.1 0.7 28 1.0 0.10714285714285714 0.9 1 1.0 1.0
35 0.1 38 0.8947368421052632 0.02631578947368421 0.4 33 0.9696969696969697 0.030303030303030304 0.5 29 1.0 0.0 0.6 29 1.0 0.0 0.7 28 1.0 0.0 0.9 0 1 1
35 0.1 39 0.8974358974358975 0.05128205128205128 0.4 30 0.9666666666666667 0.03333333333333333 0.5 30 0.9666666666666667 0.03333333333333333 0.6 28 0.9642857142857143 0.03571428571428571 0.7 28 0.9642857142857143 0.03571428571428571 0.9 1 1.0 0.0
35 0.1 38 0.8947368421052632 0.15789473684210525 0.4 33 0.9696969696969697 0.18181818181818182 0.5 32 0.96875 0.15625 0.6 31 1.0 0.16129032258064516 0.7 30 1.0 0.16666666666666666 0.9 0 1 1
35 0.1 40 0.875 0.1 0.4 32 0.96875 0.125 0.5 31 0.967741935483871 0.12903225806451613 0.6 31 0.967741935483871 0.12903225806451613 0.7 29 1.0 0.13793103448275862 0.9 5 1.0 0.2
35 0.1 40 0.875 0.0 0.4 33 0.9696969696969697 0.0 0.5 32 0.96875 0.0 0.6 32 0.96875 0.0 0.7 31 1.0 0.0 0.9 2 1.0 0.0
35 0.1 37 0.8648648648648649 0.0 0.4 33 0.9393939393939394 0.0 0.5 31 0.967741935483871 0.0 0.6 31 0.967741935483871 0.0 0.7 30 0.9666666666666667 0.0 0.9 1 1.0 0.0
35 0.1 40 0.85 0.0 0.4 35 0.9714285714285714 0.0 0.5 34 0.9705882352941176 0.0 0.6 33 0.9696969696969697 0.0 0.7 32 0.96875 0.0 0.9 0 1 1
35 0.1 42 0.8333333333333334 0.047619047619047616 0.4 32 0.96875 0.0625 0.5 32 0.96875 0.0625 0.6 32 0.96875 0.0625 0.7 31 0.967741935483871 0.06451612903225806 0.9 1 1.0 0.0
35 0.1 38 0.8947368421052632 0.10526315789473684 0.4 34 0.9411764705882353 0.11764705882352941 0.5 34 0.9411764705882353 0.11764705882352941 0.6 33 0.9696969696969697 0.12121212121212122 0.7 32 1.0 0.125 0.9 1 1.0 0.0
35 0.1 37 0.8918918918918919 0.08108108108108109 0.4 32 0.96875 0.09375 0.5 32 0.96875 0.09375 0.6 32 0.96875 0.09375 0.7 28 1.0 0.10714285714285714 0.9 0 1 1
35 0.1 37 0.918918918918919 0.02702702702702703 0.4 34 0.9705882352941176 0.029411764705882353 0.5 34 0.9705882352941176 0.029411764705882353 0.6 32 1.0 0.0 0.7 29 1.0 0.0 0.9 0 1 1
35 0.1 39 0.8717948717948718 0.0 0.4 34 1.0 0.0 0.5 34 1.0 0.0 0.6 32 1.0 0.0 0.7 31 1.0 0.0 0.9 2 1.0 0.0
35 0.1 35 0.9428571428571428 0.02857142857142857 0.4 31 1.0 0.03225806451612903 0.5 31 1.0 0.03225806451612903 0.6 28 1.0 0.03571428571428571 0.7 27 1.0 0.037037037037037035 0.9 0 1 1
35 0.1 37 0.918918918918919 0.13513513513513514 0.4 33 0.9696969696969697 0.12121212121212122 0.5 30 1.0 0.13333333333333333 0.6 29 1.0 0.13793103448275862 0.7 29 1.0 0.13793103448275862 0.9 1 1.0 1.0
35 0.1 37 0.8918918918918919 0.10810810810810811 0.4 31 1.0 0.12903225806451613 0.5 31 1.0 0.12903225806451613 0.6 31 1.0 0.12903225806451613 0.7 29 1.0 0.13793103448275862 0.9 0 1 1
35 0.1 38 0.8947368421052632 0.18421052631578946 0.4 33 0.9696969696969697 0.21212121212121213 0.5 33 0.9696969696969697 0.21212121212121213 0.6 31 1.0 0.1935483870967742 0.7 30 1.0 0.2 0.9 0 1 1
35 0.1 39 0.8717948717948718 0.1282051282051282 0.4 35 0.9428571428571428 0.14285714285714285 0.5 35 0.9428571428571428 0.14285714285714285 0.6 33 0.9696969696969697 0.15151515151515152 0.7 33 0.9696969696969697 0.15151515151515152 0.9 1 1.0 0.0
35 0.1 39 0.8717948717948718 0.05128205128205128 0.4 34 0.9411764705882353 0.058823529411764705 0.5 34 0.9411764705882353 0.058823529411764705 0.6 33 0.9696969696969697 0.06060606060606061 0.7 32 1.0 0.0625 0.9 0 1 1
35 0.1 38 0.868421052631579 0.13157894736842105 0.4 34 0.9411764705882353 0.14705882352941177 0.5 34 0.9411764705882353 0.14705882352941177 0.6 33 0.9696969696969697 0.15151515151515152 0.7 32 0.96875 0.15625 0.9 1 1.0 1.0
35 0.1 38 0.868421052631579 0.10526315789473684 0.4 34 0.9411764705882353 0.11764705882352941 0.5 33 0.9393939393939394 0.12121212121212122 0.6 33 0.9393939393939394 0.12121212121212122 0.7 31 1.0 0.12903225806451613 0.9 0 1 1
35 0.1 35 0.9142857142857143 0.11428571428571428 0.4 32 0.96875 0.125 0.5 32 0.96875 0.125 0.6 30 1.0 0.13333333333333333 0.7 29 1.0 0.13793103448275862 0.9 1 1.0 0.0
35 0.1 35 0.9142857142857143 0.11428571428571428 0.4 33 0.9696969696969697 0.12121212121212122 0.5 32 0.96875 0.125 0.6 30 1.0 0.13333333333333333 0.7 30 1.0 0.13333333333333333 0.9 1 1.0 0.0
35 0.1 38 0.8947368421052632 0.07894736842105263 0.4 34 0.9411764705882353 0.08823529411764706 0.5 34 0.9411764705882353 0.08823529411764706 0.6 33 0.9696969696969697 0.09090909090909091 0.7 32 0.96875 0.0625 0.9 0 1 1
35 0.1 38 0.8947368421052632 0.13157894736842105 0.4 32 0.96875 0.15625 0.5 32 0.96875 0.15625 0.6 31 1.0 0.16129032258064516 0.7 30 1.0 0.16666666666666666 0.9 2 1.0 0.0
35 0.1 37 0.918918918918919 0.10810810810810811 0.4 34 0.9411764705882353 0.11764705882352941 0.5 33 0.9696969696969697 0.12121212121212122 0.6 33 0.9696969696969697 0.12121212121212122 0.7 32 0.96875 0.125 0.9 2 1.0 0.0
35 0.1 36 0.8611111111111112 0.08333333333333333 0.4 32 0.96875 0.09375 0.5 31 0.967741935483871 0.0967741935483871 0.6 31 0.967741935483871 0.0967741935483871 0.7 29 1.0 0.10344827586206896 0.9 0 1 1
35 0.1 38 0.868421052631579 0.15789473684210525 0.4 34 0.9411764705882353 0.17647058823529413 0.5 33 0.9696969696969697 0.18181818181818182 0.6 33 0.9696969696969697 0.18181818181818182 0.7 32 1.0 0.1875 0.9 1 1.0 1.0
35 0.1 41 0.8292682926829268 0.024390243902439025 0.4 35 0.9428571428571428 0.02857142857142857 0.5 34 0.9705882352941176 0.029411764705882353 0.6 31 1.0 0.03225806451612903 0.7 31 1.0 0.03225806451612903 0.9 0 1 1
35 0.1 41 0.8292682926829268 0.14634146341463414 0.4 32 0.96875 0.15625 0.5 32 0.96875 0.15625 0.6 32 0.96875 0.15625 0.7 31 1.0 0.16129032258064516 0.9 2 1.0 0.0
35 0.1 41 0.8292682926829268 0.12195121951219512 0.4 33 0.9393939393939394 0.12121212121212122 0.5 33 0.9393939393939394 0.12121212121212122 0.6 33 0.9393939393939394 0.12121212121212122 0.7 32 0.96875 0.125 0.9 4 1.0 0.0
35 0.1 40 0.85 0.075 0.4 33 0.9696969696969697 0.09090909090909091 0.5 33 0.9696969696969697 0.09090909090909091 0.6 33 0.9696969696969697 0.09090909090909091 0.7 33 0.9696969696969697 0.09090909090909091 0.9 1 1.0 1.0
35 0.1 41 0.8292682926829268 0.17073170731707318 0.4 34 0.9705882352941176 0.20588235294117646 0.5 34 0.9705882352941176 0.20588235294117646 0.6 33 0.9696969696969697 0.21212121212121213 0.7 32 0.96875 0.1875 0.9 3 1.0 0.3333333333333333
35 0.1 40 0.85 0.1 0.4 35 0.9428571428571428 0.11428571428571428 0.5 34 0.9411764705882353 0.11764705882352941 0.6 33 0.9696969696969697 0.12121212121212122 0.7 33 0.9696969696969697 0.12121212121212122 0.9 2 1.0 0.5
35 0.1 38 0.8947368421052632 0.13157894736842105 0.4 35 0.9428571428571428 0.14285714285714285 0.5 35 0.9428571428571428 0.14285714285714285 0.6 34 0.9411764705882353 0.14705882352941177 0.7 34 0.9411764705882353 0.14705882352941177 0.9 6 1.0 0.16666666666666666
35 0.1 39 0.8717948717948718 0.10256410256410256 0.4 36 0.9166666666666666 0.1111111111111111 0.5 33 0.9696969696969697 0.12121212121212122 0.6 33 0.9696969696969697 0.12121212121212122 0.7 31 1.0 0.12903225806451613 0.9 5 1.0 0.2
35 0.1 37 0.8918918918918919 0.02702702702702703 0.4 33 0.9393939393939394 0.030303030303030304 0.5 33 0.9393939393939394 0.030303030303030304 0.6 33 0.9393939393939394 0.030303030303030304 0.7 32 0.96875 0.03125 0.9 1 1.0 0.0
35 0.1 36 0.8888888888888888 0.0 0.4 33 0.9393939393939394 0.0 0.5 33 0.9393939393939394 0.0 0.6 33 0.9393939393939394 0.0 0.7 33 0.9393939393939394 0.0 0.9 0 1 1
35 0.1 37 0.8918918918918919 0.16216216216216217 0.4 32 0.96875 0.1875 0.5 32 0.96875 0.1875 0.6 30 0.9666666666666667 0.13333333333333333 0.7 27 1.0 0.1111111111111111 0.9 0 1 1
35 0.1 37 0.8378378378378378 0.05405405405405406 0.4 33 0.9393939393939394 0.06060606060606061 0.5 32 0.96875 0.0625 0.6 32 0.96875 0.0625 0.7 32 0.96875 0.0625 0.9 3 1.0 0.0
35 0.1 40 0.825 0.075 0.4 34 0.9411764705882353 0.08823529411764706 0.5 34 0.9411764705882353 0.08823529411764706 0.6 33 0.9696969696969697 0.09090909090909091 0.7 32 0.96875 0.09375 0.9 2 1.0 0.0
35 0.1 40 0.85 0.25 0.4 34 0.9411764705882353 0.29411764705882354 0.5 34 0.9411764705882353 0.29411764705882354 0.6 34 0.9411764705882353 0.29411764705882354 0.7 34 0.9411764705882353 0.29411764705882354 0.9 4 1.0 0.5
35 0.1 37 0.8648648648648649 0.16216216216216217 0.4 34 0.9411764705882353 0.17647058823529413 0.5 34 0.9411764705882353 0.17647058823529413 0.6 33 0.9696969696969697 0.18181818181818182 0.7 33 0.9696969696969697 0.18181818181818182 0.9 7 1.0 0.14285714285714285
35 0.1 37 0.8648648648648649 0.02702702702702703 0.4 34 0.9411764705882353 0.029411764705882353 0.5 32 0.96875 0.03125 0.6 30 0.9666666666666667 0.03333333333333333 0.7 29 0.9655172413793104 0.034482758620689655 0.9 2 1.0 0.0
35 0.1 37 0.918918918918919 0.10810810810810811 0.4 34 0.9411764705882353 0.11764705882352941 0.5 33 0.9696969696969697 0.12121212121212122 0.6 31 1.0 0.0967741935483871 0.7 29 1.0 0.10344827586206896 0.9 0 1 1
35 0.1 39 0.8717948717948718 0.15384615384615385 0.4 33 0.9393939393939394 0.15151515151515152 0.5 33 0.9393939393939394 0.15151515151515152 0.6 33 0.9393939393939394 0.15151515151515152 0.7 33 0.9393939393939394 0.15151515151515152 0.9 1 1.0 0.0
35 0.1 38 0.868421052631579 0.0 0.4 36 0.8888888888888888 0.0 0.5 33 0.9393939393939394 0.0 0.6 32 0.96875 0.0 0.7 32 0.96875 0.0 0.9 3 1.0 0.0
35 0.1 42 0.8095238095238095 0.0 0.4 37 0.918918918918919 0.0 0.5 35 0.9428571428571428 0.0 0.6 34 0.9411764705882353 0.0 0.7 34 0.9411764705882353 0.0 0.9 1 1.0 0.0
35 0.1 38 0.8421052631578947 0.02631578947368421 0.4 33 0.9393939393939394 0.0 0.5 30 1.0 0.0 0.6 30 1.0 0.0 0.7 30 1.0 0.0 0.9 2 1.0 0.0
35 0.1 40 0.825 0.025 0.4 33 0.9696969696969697 0.030303030303030304 0.5 33 0.9696969696969697 0.030303030303030304 0.6 31 1.0 0.03225806451612903 0.7 31 1.0 0.03225806451612903 0.9 5 1.0 0.0
35 0.1 40 0.825 0.075 0.4 35 0.9428571428571428 0.08571428571428572 0.5 34 0.9411764705882353 0.08823529411764706 0.6 34 0.9411764705882353 0.08823529411764706 0.7 33 0.9696969696969697 0.09090909090909091 0.9 2 1.0 0.0
35 0.1 39 0.8717948717948718 0.02564102564102564 0.4 34 0.9411764705882353 0.029411764705882353 0.5 33 0.9696969696969697 0.030303030303030304 0.6 32 1.0 0.03125 0.7 31 1.0 0.03225806451612903 0.9 4 1.0 0.0
35 0.1 39 0.8461538461538461 0.2564102564102564 0.4 34 0.9411764705882353 0.29411764705882354 0.5 33 0.9696969696969697 0.30303030303030304 0.6 32 1.0 0.3125 0.7 30 1.0 0.3 0.9 3 1.0 0.6666666666666666
35 0.1 39 0.8717948717948718 0.02564102564102564 0.4 36 0.9444444444444444 0.027777777777777776 0.5 35 0.9714285714285714 0.02857142857142857 0.6 34 0.9705882352941176 0.029411764705882353 0.7 33 0.9696969696969697 0.030303030303030304 0.9 0 1 1
35 0.1 40 0.825 0.05 0.4 34 0.9411764705882353 0.058823529411764705 0.5 34 0.9411764705882353 0.058823529411764705 0.6 34 0.9411764705882353 0.058823529411764705 0.7 33 0.9696969696969697 0.06060606060606061 0.9 2 1.0 0.0
35 0.1 37 0.8918918918918919 0.05405405405405406 0.4 32 0.96875 0.0625 0.5 32 0.96875 0.0625 0.6 31 0.967741935483871 0.03225806451612903 0.7 29 0.9655172413793104 0.034482758620689655 0.9 0 1 1
35 0.1 37 0.8918918918918919 0.0 0.4 30 1.0 0.0 0.5 30 1.0 0.0 0.6 30 1.0 0.0 0.7 28 1.0 0.0 0.9 0 1 1
35 0.1 42 0.8095238095238095 0.11904761904761904 0.4 34 0.9411764705882353 0.14705882352941177 0.5 34 0.9411764705882353 0.14705882352941177 0.6 33 0.9393939393939394 0.15151515151515152 0.7 31 0.967741935483871 0.12903225806451613 0.9 3 1.0 0.3333333333333333
35 0.1 43 0.7906976744186046 0.046511627906976744 0.4 35 0.9428571428571428 0.05714285714285714 0.5 35 0.9428571428571428 0.05714285714285714 0.6 35 0.9428571428571428 0.05714285714285714 0.7 35 0.9428571428571428 0.05714285714285714 0.9 1 1.0 0.0
35 0.1 40 0.825 0.0 0.4 33 0.9393939393939394 0.0 0.5 33 0.9393939393939394 0.0 0.6 33 0.9393939393939394 0.0 0.7 32 0.96875 0.0 0.9 2 1.0 0.0
35 0.1 40 0.85 0.025 0.4 35 0.9428571428571428 0.02857142857142857 0.5 35 0.9428571428571428 0.02857142857142857 0.6 35 0.9428571428571428 0.02857142857142857 0.7 33 0.9393939393939394 0.030303030303030304 0.9 3 1.0 0.0
35 0.1 39 0.8717948717948718 0.05128205128205128 0.4 36 0.9444444444444444 0.05555555555555555 0.5 36 0.9444444444444444 0.05555555555555555 0.6 36 0.9444444444444444 0.05555555555555555 0.7 34 0.9411764705882353 0.029411764705882353 0.9 2 1.0 0.0
35 0.1 38 0.8947368421052632 0.02631578947368421 0.4 36 0.9444444444444444 0.027777777777777776 0.5 36 0.9444444444444444 0.027777777777777776 0.6 34 0.9411764705882353 0.029411764705882353 0.7 34 0.9411764705882353 0.029411764705882353 0.9 2 1.0 0.0
35 0.1 41 0.8292682926829268 0.04878048780487805 0.4 36 0.9444444444444444 0.05555555555555555 0.5 36 0.9444444444444444 0.05555555555555555 0.6 35 0.9428571428571428 0.05714285714285714 0.7 34 0.9411764705882353 0.058823529411764705 0.9 4 1.0 0.0
35 0.1 40 0.85 0.025 0.4 36 0.9444444444444444 0.027777777777777776 0.5 36 0.9444444444444444 0.027777777777777776 0.6 36 0.9444444444444444 0.027777777777777776 0.7 34 0.9705882352941176 0.029411764705882353 0.9 3 1.0 0.0
35 0.1 39 0.8717948717948718 0.10256410256410256 0.4 34 0.9411764705882353 0.08823529411764706 0.5 31 1.0 0.0967741935483871 0.6 31 1.0 0.0967741935483871 0.7 31 1.0 0.0967741935483871 0.9 3 1.0 0.0
35 0.1 38 0.868421052631579 0.0 0.4 33 0.9696969696969697 0.0 0.5 33 0.9696969696969697 0.0 0.6 31 1.0 0.0 0.7 28 1.0 0.0 0.9 6 1.0 0.0
35 0.1 36 0.9166666666666666 0.05555555555555555 0.4 34 0.9411764705882353 0.058823529411764705 0.5 33 0.9696969696969697 0.06060606060606061 0.6 32 1.0 0.0625 0.7 31 1.0 0.06451612903225806 0.9 3 1.0 0.0
35 0.1 40 0.825 0.075 0.4 34 0.9411764705882353 0.08823529411764706 0.5 34 0.9411764705882353 0.08823529411764706 0.6 34 0.9411764705882353 0.08823529411764706 0.7 33 0.9696969696969697 0.09090909090909091 0.9 2 1.0 0.0
35 0.1 40 0.85 0.1 0.4 35 0.9142857142857143 0.11428571428571428 0.5 34 0.9411764705882353 0.11764705882352941 0.6 34 0.9411764705882353 0.11764705882352941 0.7 34 0.9411764705882353 0.11764705882352941 0.9 8 1.0 0.125
35 0.1 37 0.918918918918919 0.08108108108108109 0.4 34 0.9411764705882353 0.08823529411764706 0.5 33 0.9696969696969697 0.09090909090909091 0.6 32 0.96875 0.09375 0.7 30 1.0 0.06666666666666667 0.9 3 1.0 0.0
35 0.1 36 0.9166666666666666 0.1111111111111111 0.4 34 0.9411764705882353 0.11764705882352941 0.5 33 0.9696969696969697 0.12121212121212122 0.6 33 0.9696969696969697 0.12121212121212122 0.7 32 1.0 0.125 0.9 2 1.0 0.0
35 0.1 35 0.9142857142857143 0.08571428571428572 0.4 33 0.9393939393939394 0.06060606060606061 0.5 32 0.96875 0.0625 0.6 32 0.96875 0.0625 0.7 31 1.0 0.06451612903225806 0.9 2 1.0 0.0
35 0.1 41 0.8292682926829268 0.0975609756097561 0.4 34 0.9411764705882353 0.11764705882352941 0.5 34 0.9411764705882353 0.11764705882352941 0.6 34 0.9411764705882353 0.11764705882352941 0.7 32 1.0 0.125 0.9 4 1.0 0.0
35 0.1 38 0.8421052631578947 0.10526315789473684 0.4 35 0.9142857142857143 0.11428571428571428 0.5 33 0.9696969696969697 0.12121212121212122 0.6 33 0.9696969696969697 0.12121212121212122 0.7 32 0.96875 0.125 0.9 7 1.0 0.0
35 0.1 38 0.8421052631578947 0.13157894736842105 0.4 34 0.9411764705882353 0.14705882352941177 0.5 32 0.96875 0.125 0.6 32 0.96875 0.125 0.7 32 0.96875 0.125 0.9 3 1.0 0.3333333333333333
35 0.1 37 0.8648648648648649 0.10810810810810811 0.4 35 0.9142857142857143 0.11428571428571428 0.5 34 0.9411764705882353 0.11764705882352941 0.6 34 0.9411764705882353 0.11764705882352941 0.7 34 0.9411764705882353 0.11764705882352941 0.9 4 1.0 0.25
35 0.1 37 0.8648648648648649 0.10810810810810811 0.4 34 0.9411764705882353 0.11764705882352941 0.5 34 0.9411764705882353 0.11764705882352941 0.6 34 0.9411764705882353 0.11764705882352941 0.7 32 0.96875 0.125 0.9 8 1.0 0.125
35 0.1 37 0.918918918918919 0.10810810810810811 0.4 35 0.9428571428571428 0.11428571428571428 0.5 33 0.9696969696969697 0.12121212121212122 0.6 33 0.9696969696969697 0.12121212121212122 0.7 32 0.96875 0.125 0.9 5 1.0 0.0
35 0.1 38 0.8947368421052632 0.0 0.4 33 0.9393939393939394 0.0 0.5 32 0.96875 0.0 0.6 32 0.96875 0.0 0.7 32 0.96875 0.0 0.9 2 1.0 0.0
35 0.1 38 0.868421052631579 0.13157894736842105 0.4 32 0.96875 0.15625 0.5 32 0.96875 0.15625 0.6 30 0.9666666666666667 0.13333333333333333 0.7 29 1.0 0.13793103448275862 0.9 3 1.0 0.0
35 0.1 37 0.8918918918918919 0.05405405405405406 0.4 31 1.0 0.06451612903225806 0.5 31 1.0 0.06451612903225806 0.6 31 1.0 0.06451612903225806 0.7 28 1.0 0.07142857142857142 0.9 2 1.0 0.0
35 0.1 40 0.825 0.025 0.4 31 0.967741935483871 0.03225806451612903 0.5 29 1.0 0.034482758620689655 0.6 29 1.0 0.034482758620689655 0.7 27 1.0 0.0 0.9 6 1.0 0.0
35 0.1 39 0.8717948717948718 0.1282051282051282 0.4 35 0.9428571428571428 0.14285714285714285 0.5 30 1.0 0.13333333333333333 0.6 30 1.0 0.13333333333333333 0.7 29 1.0 0.13793103448275862 0.9 7 1.0 0.14285714285714285
35 0.1 37 0.918918918918919 0.05405405405405406 0.4 32 0.96875 0.03125 0.5 31 1.0 0.03225806451612903 0.6 29 1.0 0.034482758620689655 0.7 29 1.0 0.034482758620689655 0.9 2 1.0 0.0
35 0.1 38 0.8947368421052632 0.0 0.4 36 0.9166666666666666 0.0 0.5 35 0.9428571428571428 0.0 0.6 33 0.9696969696969697 0.0 0.7 33 0.9696969696969697 0.0 0.9 7 1.0 0.0
35 0.1 39 0.8717948717948718 0.05128205128205128 0.4 36 0.9444444444444444 0.05555555555555555 0.5 34 0.9411764705882353 0.058823529411764705 0.6 32 1.0 0.0625 0.7 32 1.0 0.0625 0.9 6 1.0 0.16666666666666666
35 0.1 42 0.8095238095238095 0.16666666666666666 0.4 33 0.9393939393939394 0.18181818181818182 0.5 33 0.9393939393939394 0.18181818181818182 0.6 32 0.96875 0.1875 0.7 29 1.0 0.1724137931034483 0.9 2 1.0 0.5
35 0.1 39 0.8717948717948718 0.05128205128205128 0.4 34 0.9705882352941176 0.058823529411764705 0.5 34 0.9705882352941176 0.058823529411764705 0.6 32 1.0 0.0625 0.7 30 1.0 0.06666666666666667 0.9 8 1.0 0.0
35 0.1 37 0.918918918918919 0.0 0.4 33 0.9696969696969697 0.0 0.5 33 0.9696969696969697 0.0 0.6 32 1.0 0.0 0.7 31 1.0 0.0 0.9 10 1.0 0.0
35 0.1 36 0.9166666666666666 0.0 0.4 34 0.9411764705882353 0.0 0.5 33 0.9696969696969697 0.0 0.6 33 0.9696969696969697 0.0 0.7 31 1.0 0.0 0.9 2 1.0 0.0
35 0.1 36 0.8888888888888888 0.027777777777777776 0.4 32 0.9375 0.03125 0.5 30 0.9666666666666667 0.03333333333333333 0.6 30 0.9666666666666667 0.03333333333333333 0.7 29 1.0 0.034482758620689655 0.9 2 1.0 0.0
35 0.1 39 0.8717948717948718 0.10256410256410256 0.4 35 0.9428571428571428 0.11428571428571428 0.5 32 1.0 0.125 0.6 31 1.0 0.12903225806451613 0.7 30 1.0 0.13333333333333333 0.9 6 1.0 0.16666666666666666
35 0.1 37 0.8918918918918919 0.05405405405405406 0.4 35 0.9428571428571428 0.05714285714285714 0.5 34 0.9705882352941176 0.058823529411764705 0.6 34 0.9705882352941176 0.058823529411764705 0.7 32 1.0 0.0625 0.9 2 1.0 0.0
35 0.1 39 0.8717948717948718 0.02564102564102564 0.4 35 0.9428571428571428 0.02857142857142857 0.5 35 0.9428571428571428 0.02857142857142857 0.6 35 0.9428571428571428 0.02857142857142857 0.7 33 0.9696969696969697 0.030303030303030304 0.9 7 1.0 0.0
35 0.1 38 0.868421052631579 0.21052631578947367 0.4 35 0.9428571428571428 0.22857142857142856 0.5 33 0.9393939393939394 0.24242424242424243 0.6 32 0.96875 0.25 0.7 32 0.96875 0.25 0.9 4 1.0 0.25
35 0.1 38 0.8421052631578947 0.05263157894736842 0.4 32 0.96875 0.0625 0.5 32 0.96875 0.0625 0.6 32 0.96875 0.0625 0.7 31 0.967741935483871 0.06451612903225806 0.9 8 1.0 0.0
