5 0.1 0 1 1 0.4 0 1 1 0.5 0 1 1 0.6 0 1 1 0.7 0 1 1 0.9 0 1 1
5 0.1 6 0.0 0.0 0.4 0 1 1 0.5 0 1 1 0.6 0 1 1 0.7 0 1 1 0.9 0 1 1
5 0.1 37 0.10810810810810811 0.0 0.4 0 1 1 0.5 0 1 1 0.6 0 1 1 0.7 0 1 1 0.9 0 1 1
5 0.1 17 0.17647058823529413 0.0 0.4 1 0.0 0.0 0.5 0 1 1 0.6 0 1 1 0.7 0 1 1 0.9 0 1 1
5 0.1 134 0.03731343283582089 0.0 0.4 33 0.09090909090909091 0.0 0.5 15 0.13333333333333333 0.0 0.6 3 0.6666666666666666 0.0 0.7 0 1 1 0.9 0 1 1
5 0.1 49 0.10204081632653061 0.0 0.4 2 0.5 0.0 0.5 0 1 1 0.6 0 1 1 0.7 0 1 1 0.9 0 1 1
5 0.1 49 0.10204081632653061 0.0 0.4 8 0.5 0.0 0.5 1 1.0 0.0 0.6 0 1 1 0.7 0 1 1 0.9 0 1 1
5 0.1 55 0.09090909090909091 0.0 0.4 1 1.0 0.0 0.5 0 1 1 0.6 0 1 1 0.7 0 1 1 0.9 0 1 1
5 0.1 48 0.10416666666666667 0.0 0.4 8 0.25 0.0 0.5 1 1.0 0.0 0.6 1 1.0 0.0 0.7 0 1 1 0.9 0 1 1
5 0.1 37 0.13513513513513514 0.0 0.4 6 0.6666666666666666 0.0 0.5 2 1.0 0.0 0.6 0 1 1 0.7 0 1 1 0.9 0 1 1
5 0.1 34 0.14705882352941177 0.0 0.4 5 0.4 0.0 0.5 2 1.0 0.0 0.6 0 1 1 0.7 0 1 1 0.9 0 1 1
5 0.1 29 0.1724137931034483 0.0 0.4 8 0.5 0.0 0.5 4 0.75 0.0 0.6 2 1.0 0.0 0.7 0 1 1 0.9 0 1 1
5 0.1 6 0.5 0.0 0.4 2 1.0 0.0 0.5 0 1 1 0.6 0 1 1 0.7 0 1 1 0.9 0 1 1
5 0.1 11 0.36363636363636365 0.0 0.4 2 1.0 0.0 0.5 2 1.0 0.0 0.6 1 1.0 0.0 0.7 0 1 1 0.9 0 1 1
5 0.1 31 0.16129032258064516 0.0 0.4 18 0.2222222222222222 0.0 0.5 13 0.3076923076923077 0.0 0.6 11 0.36363636363636365 0.0 0.7 6 0.6666666666666666 0.0 0.9 0 1 1
5 0.1 23 0.21739130434782608 0.0 0.4 9 0.5555555555555556 0.0 0.5 7 0.7142857142857143 0.0 0.6 4 1.0 0.0 0.7 2 1.0 0.0 0.9 0 1 1
5 0.1 17 0.29411764705882354 0.0 0.4 6 0.6666666666666666 0.0 0.5 4 0.75 0.0 0.6 2 1.0 0.0 0.7 1 1.0 0.0 0.9 0 1 1
5 0.1 24 0.20833333333333334 0.0 0.4 7 0.5714285714285714 0.0 0.5 5 0.6 0.0 0.6 4 0.5 0.0 0.7 1 1.0 0.0 0.9 0 1 1
5 0.1 4 0.5 0.0 0.4 2 0.5 0.0 0.5 1 1.0 0.0 0.6 0 1 1 0.7 0 1 1 0.9 0 1 1
5 0.1 31 0.16129032258064516 0.0 0.4 9 0.5555555555555556 0.0 0.5 7 0.7142857142857143 0.0 0.6 3 0.6666666666666666 0.0 0.7 2 1.0 0.0 0.9 0 1 1
5 0.1 14 0.35714285714285715 0.0 0.4 3 0.3333333333333333 0.0 0.5 3 0.3333333333333333 0.0 0.6 2 0.5 0.0 0.7 1 1.0 0.0 0.9 0 1 1
5 0.1 7 0.7142857142857143 0.0 0.4 2 1.0 0.0 0.5 2 1.0 0.0 0.6 2 1.0 0.0 0.7 0 1 1 0.9 0 1 1
5 0.1 18 0.2222222222222222 0.0 0.4 7 0.5714285714285714 0.0 0.5 7 0.5714285714285714 0.0 0.6 5 0.6 0.0 0.7 3 1.0 0.0 0.9 0 1 1
5 0.1 1 0.0 0.0 0.4 0 1 1 0.5 0 1 1 0.6 0 1 1 0.7 0 1 1 0.9 0 1 1
5 0.1 52 0.09615384615384616 0.0 0.4 12 0.25 0.0 0.5 8 0.375 0.0 0.6 4 0.5 0.0 0.7 1 1.0 0.0 0.9 0 1 1
5 0.1 8 0.5 0.0 0.4 5 0.8 0.0 0.5 4 1.0 0.0 0.6 3 1.0 0.0 0.7 2 1.0 0.0 0.9 0 1 1
5 0.1 9 0.5555555555555556 0.0 0.4 4 1.0 0.0 0.5 4 1.0 0.0 0.6 4 1.0 0.0 0.7 2 1.0 0.0 0.9 0 1 1
5 0.1 0 1 1 0.4 0 1 1 0.5 0 1 1 0.6 0 1 1 0.7 0 1 1 0.9 0 1 1
5 0.1 0 1 1 0.4 0 1 1 0.5 0 1 1 0.6 0 1 1 0.7 0 1 1 0.9 0 1 1
5 0.1 2 0.0 0.0 0.4 0 1 1 0.5 0 1 1 0.6 0 1 1 0.7 0 1 1 0.9 0 1 1
5 0.1 0 1 1 0.4 0 1 1 0.5 0 1 1 0.6 0 1 1 0.7 0 1 1 0.9 0 1 1
5 0.1 5 0.4 0.0 0.4 0 1 1 0.5 0 1 1 0.6 0 1 1 0.7 0 1 1 0.9 0 1 1
5 0.1 0 1 1 0.4 0 1 1 0.5 0 1 1 0.6 0 1 1 0.7 0 1 1 0.9 0 1 1
5 0.1 0 1 1 0.4 0 1 1 0.5 0 1 1 0.6 0 1 1 0.7 0 1 1 0.9 0 1 1
5 0.1 4 0.5 0.0 0.4 0 1 1 0.5 0 1 1 0.6 0 1 1 0.7 0 1 1 0.9 0 1 1
5 0.1 2 0.0 0.0 0.4 0 1 1 0.5 0 1 1 0.6 0 1 1 0.7 0 1 1 0.9 0 1 1
5 0.1 22 0.18181818181818182 0.0 0.4 3 0.6666666666666666 0.0 0.5 1 1.0 0.0 0.6 0 1 1 0.7 0 1 1 0.9 0 1 1
5 0.1 22 0.22727272727272727 0.0 0.4 6 0.5 0.0 0.5 4 0.75 0.0 0.6 1 1.0 0.0 0.7 0 1 1 0.9 0 1 1
5 0.1 6 0.5 0.0 0.4 1 1.0 0.0 0.5 1 1.0 0.0 0.6 0 1 1 0.7 0 1 1 0.9 0 1 1
5 0.1 10 0.1 0.0 0.4 0 1 1 0.5 0 1 1 0.6 0 1 1 0.7 0 1 1 0.9 0 1 1
5 0.1 11 0.45454545454545453 0.0 0.4 5 0.8 0.0 0.5 4 1.0 0.0 0.6 3 1.0 0.0 0.7 1 1.0 0.0 0.9 0 1 1
5 0.1 12 0.4166666666666667 0.0 0.4 5 0.6 0.0 0.5 1 1.0 0.0 0.6 1 1.0 0.0 0.7 0 1 1 0.9 0 1 1
5 0.1 8 0.0 0.0 0.4 0 1 1 0.5 0 1 1 0.6 0 1 1 0.7 0 1 1 0.9 0 1 1
5 0.1 11 0.45454545454545453 0.0 0.4 3 1.0 0.0 0.5 3 1.0 0.0 0.6 0 1 1 0.7 0 1 1 0.9 0 1 1
5 0.1 11 0.45454545454545453 0.0 0.4 4 0.75 0.0 0.5 3 1.0 0.0 0.6 3 1.0 0.0 0.7 2 1.0 0.0 0.9 0 1 1
5 0.1 14 0.35714285714285715 0.0 0.4 6 0.6666666666666666 0.0 0.5 4 1.0 0.0 0.6 3 1.0 0.0 0.7 2 1.0 0.0 0.9 0 1 1
5 0.1 22 0.22727272727272727 0.0 0.4 4 0.5 0.0 0.5 2 0.5 0.0 0.6 1 1.0 0.0 0.7 0 1 1 0.9 0 1 1
5 0.1 0 1 1 0.4 0 1 1 0.5 0 1 1 0.6 0 1 1 0.7 0 1 1 0.9 0 1 1
5 0.1 9 0.5555555555555556 0.0 0.4 5 1.0 0.0 0.5 3 1.0 0.0 0.6 2 1.0 0.0 0.7 0 1 1 0.9 0 1 1
5 0.1 9 0.5555555555555556 0.0 0.4 5 1.0 0.0 0.5 5 1.0 0.0 0.6 2 1.0 0.0 0.7 1 1.0 0.0 0.9 0 1 1
5 0.1 7 0.7142857142857143 0.0 0.4 3 1.0 0.0 0.5 3 1.0 0.0 0.6 2 1.0 0.0 0.7 0 1 1 0.9 0 1 1
5 0.1 8 0.625 0.0 0.4 6 0.8333333333333334 0.0 0.5 6 0.8333333333333334 0.0 0.6 6 0.8333333333333334 0.0 0.7 2 1.0 0.0 0.9 0 1 1
5 0.1 10 0.5 0.0 0.4 6 0.8333333333333334 0.0 0.5 5 1.0 0.0 0.6 5 1.0 0.0 0.7 3 1.0 0.0 0.9 0 1 1
5 0.1 9 0.5555555555555556 0.0 0.4 6 0.8333333333333334 0.0 0.5 5 1.0 0.0 0.6 5 1.0 0.0 0.7 3 1.0 0.0 0.9 0 1 1
5 0.1 10 0.5 0.0 0.4 7 0.7142857142857143 0.0 0.5 6 0.8333333333333334 0.0 0.6 5 1.0 0.0 0.7 4 1.0 0.0 0.9 0 1 1
5 0.1 10 0.5 0.0 0.4 5 1.0 0.0 0.5 5 1.0 0.0 0.6 5 1.0 0.0 0.7 4 1.0 0.0 0.9 0 1 1
5 0.1 17 0.29411764705882354 0.0 0.4 4 1.0 0.0 0.5 4 1.0 0.0 0.6 4 1.0 0.0 0.7 2 1.0 0.0 0.9 0 1 1
5 0.1 11 0.45454545454545453 0.0 0.4 7 0.5714285714285714 0.0 0.5 5 0.8 0.0 0.6 4 1.0 0.0 0.7 3 1.0 0.0 0.9 0 1 1
5 0.1 12 0.4166666666666667 0.0 0.4 5 1.0 0.0 0.5 5 1.0 0.0 0.6 5 1.0 0.0 0.7 3 1.0 0.0 0.9 0 1 1
5 0.1 8 0.5 0.0 0.4 5 0.8 0.0 0.5 4 1.0 0.0 0.6 3 1.0 0.0 0.7 2 1.0 0.0 0.9 0 1 1
5 0.1 9 0.5555555555555556 0.0 0.4 6 0.8333333333333334 0.0 0.5 5 1.0 0.0 0.6 5 1.0 0.0 0.7 3 1.0 0.0 0.9 0 1 1
5 0.1 35 0.14285714285714285 0.0 0.4 7 0.7142857142857143 0.0 0.5 4 1.0 0.0 0.6 3 1.0 0.0 0.7 1 1.0 0.0 0.9 0 1 1
5 0.1 11 0.45454545454545453 0.0 0.4 7 0.7142857142857143 0.0 0.5 6 0.8333333333333334 0.0 0.6 5 0.8 0.0 0.7 4 1.0 0.0 0.9 0 1 1
5 0.1 11 0.36363636363636365 0.0 0.4 4 0.75 0.0 0.5 3 1.0 0.0 0.6 2 1.0 0.0 0.7 0 1 1 0.9 0 1 1
5 0.1 9 0.4444444444444444 0.0 0.4 5 0.8 0.0 0.5 4 1.0 0.0 0.6 4 1.0 0.0 0.7 3 1.0 0.0 0.9 0 1 1
5 0.1 10 0.5 0.0 0.4 6 0.6666666666666666 0.0 0.5 5 0.8 0.0 0.6 4 1.0 0.0 0.7 2 1.0 0.0 0.9 0 1 1
5 0.1 10 0.5 0.0 0.4 6 0.8333333333333334 0.0 0.5 6 0.8333333333333334 0.0 0.6 5 1.0 0.0 0.7 4 1.0 0.0 0.9 0 1 1
5 0.1 29 0.1724137931034483 0.0 0.4 8 0.625 0.0 0.5 6 0.8333333333333334 0.0 0.6 4 1.0 0.0 0.7 3 1.0 0.0 0.9 0 1 1
5 0.1 11 0.45454545454545453 0.0 0.4 7 0.7142857142857143 0.0 0.5 7 0.7142857142857143 0.0 0.6 6 0.8333333333333334 0.0 0.7 3 1.0 0.0 0.9 0 1 1
5 0.1 12 0.4166666666666667 0.0 0.4 7 0.7142857142857143 0.0 0.5 6 0.8333333333333334 0.0 0.6 6 0.8333333333333334 0.0 0.7 4 1.0 0.0 0.9 0 1 1
5 0.1 10 0.5 0.0 0.4 7 0.7142857142857143 0.0 0.5 6 0.8333333333333334 0.0 0.6 5 0.8 0.0 0.7 3 1.0 0.0 0.9 0 1 1
5 0.1 12 0.4166666666666667 0.0 0.4 6 0.8333333333333334 0.0 0.5 5 1.0 0.0 0.6 5 1.0 0.0 0.7 2 1.0 0.0 0.9 0 1 1
5 0.1 18 0.2777777777777778 0.0 0.4 5 0.8 0.0 0.5 4 1.0 0.0 0.6 4 1.0 0.0 0.7 2 1.0 0.0 0.9 0 1 1
5 0.1 25 0.2 0.0 0.4 11 0.36363636363636365 0.0 0.5 7 0.5714285714285714 0.0 0.6 6 0.6666666666666666 0.0 0.7 3 0.6666666666666666 0.0 0.9 0 1 1
5 0.1 12 0.4166666666666667 0.0 0.4 5 1.0 0.0 0.5 4 1.0 0.0 0.6 4 1.0 0.0 0.7 1 1.0 0.0 0.9 0 1 1
5 0.1 11 0.45454545454545453 0.0 0.4 5 1.0 0.0 0.5 5 1.0 0.0 0.6 5 1.0 0.0 0.7 4 1.0 0.0 0.9 0 1 1
5 0.1 13 0.38461538461538464 0.0 0.4 7 0.7142857142857143 0.0 0.5 6 0.8333333333333334 0.0 0.6 5 1.0 0.0 0.7 5 1.0 0.0 0.9 0 1 1
5 0.1 11 0.45454545454545453 0.0 0.4 8 0.625 0.0 0.5 6 0.8333333333333334 0.0 0.6 6 0.8333333333333334 0.0 0.7 6 0.8333333333333334 0.0 0.9 0 1 1
5 0.1 10 0.5 0.0 0.4 7 0.7142857142857143 0.0 0.5 6 0.8333333333333334 0.0 0.6 6 0.8333333333333334 0.0 0.7 6 0.8333333333333334 0.0 0.9 0 1 1
5 0.1 33 0.15151515151515152 0.0 0.4 8 0.625 0.0 0.5 5 0.6 0.0 0.6 2 1.0 0.0 0.7 1 1.0 0.0 0.9 0 1 1
5 0.1 13 0.38461538461538464 0.0 0.4 8 0.625 0.0 0.5 7 0.7142857142857143 0.0 0.6 6 0.8333333333333334 0.0 0.7 5 1.0 0.0 0.9 0 1 1
5 0.1 9 0.5555555555555556 0.0 0.4 5 1.0 0.0 0.5 5 1.0 0.0 0.6 5 1.0 0.0 0.7 4 1.0 0.0 0.9 0 1 1
5 0.1 10 0.5 0.0 0.4 6 0.8333333333333334 0.0 0.5 5 1.0 0.0 0.6 5 1.0 0.0 0.7 3 1.0 0.0 0.9 0 1 1
5 0.1 10 0.5 0.0 0.4 8 0.625 0.0 0.5 7 0.7142857142857143 0.0 0.6 7 0.7142857142857143 0.0 0.7 5 0.8 0.0 0.9 0 1 1
5 0.1 10 0.5 0.0 0.4 7 0.7142857142857143 0.0 0.5 7 0.7142857142857143 0.0 0.6 5 0.8 0.0 0.7 2 1.0 0.0 0.9 0 1 1
5 0.1 11 0.45454545454545453 0.0 0.4 7 0.7142857142857143 0.0 0.5 6 0.8333333333333334 0.0 0.6 6 0.8333333333333334 0.0 0.7 3 1.0 0.0 0.9 0 1 1
5 0.1 8 0.625 0.0 0.4 7 0.7142857142857143 0.0 0.5 5 0.6 0.0 0.6 3 1.0 0.0 0.7 3 1.0 0.0 0.9 0 1 1
5 0.1 10 0.5 0.1 0.4 6 0.8333333333333334 0.16666666666666666 0.5 5 0.8 0.0 0.6 3 1.0 0.0 0.7 3 1.0 0.0 0.9 0 1 1
5 0.1 10 0.5 0.0 0.4 6 0.8333333333333334 0.0 0.5 5 1.0 0.0 0.6 5 1.0 0.0 0.7 4 1.0 0.0 0.9 0 1 1
5 0.1 10 0.5 0.0 0.4 7 0.7142857142857143 0.0 0.5 7 0.7142857142857143 0.0 0.6 4 1.0 0.0 0.7 3 1.0 0.0 0.9 0 1 1
5 0.1 9 0.5555555555555556 0.0 0.4 7 0.7142857142857143 0.0 0.5 7 0.7142857142857143 0.0 0.6 6 0.8333333333333334 0.0 0.7 4 0.75 0.0 0.9 0 1 1
5 0.1 10 0.5 0.0 0.4 9 0.5555555555555556 0.0 0.5 7 0.7142857142857143 0.0 0.6 6 0.8333333333333334 0.0 0.7 5 0.8 0.0 0.9 0 1 1
5 0.1 9 0.5555555555555556 0.0 0.4 8 0.625 0.0 0.5 7 0.7142857142857143 0.0 0.6 6 0.8333333333333334 0.0 0.7 4 1.0 0.0 0.9 0 1 1
5 0.1 11 0.45454545454545453 0.0 0.4 8 0.625 0.0 0.5 5 1.0 0.0 0.6 4 1.0 0.0 0.7 3 1.0 0.0 0.9 0 1 1
5 0.1 12 0.4166666666666667 0.0 0.4 7 0.7142857142857143 0.0 0.5 6 0.8333333333333334 0.0 0.6 5 0.8 0.0 0.7 3 1.0 0.0 0.9 0 1 1
5 0.1 12 0.4166666666666667 0.08333333333333333 0.4 8 0.625 0.125 0.5 7 0.7142857142857143 0.14285714285714285 0.6 7 0.7142857142857143 0.14285714285714285 0.7 5 1.0 0.2 0.9 0 1 1
5 0.1 21 0.23809523809523808 0.0 0.4 9 0.5555555555555556 0.0 0.5 8 0.625 0.0 0.6 7 0.7142857142857143 0.0 0.7 4 0.75 0.0 0.9 0 1 1
5 0.1 11 0.45454545454545453 0.0 0.4 7 0.7142857142857143 0.0 0.5 7 0.7142857142857143 0.0 0.6 7 0.7142857142857143 0.0 0.7 4 1.0 0.0 0.9 0 1 1
5 0.1 12 0.4166666666666667 0.0 0.4 6 0.8333333333333334 0.0 0.5 6 0.8333333333333334 0.0 0.6 6 0.8333333333333334 0.0 0.7 3 1.0 0.0 0.9 0 1 1
5 0.1 8 0.625 0.0 0.4 7 0.7142857142857143 0.0 0.5 7 0.7142857142857143 0.0 0.6 6 0.8333333333333334 0.0 0.7 4 1.0 0.0 0.9 0 1 1
5 0.1 9 0.5555555555555556 0.0 0.4 7 0.7142857142857143 0.0 0.5 7 0.7142857142857143 0.0 0.6 5 1.0 0.0 0.7 4 1.0 0.0 0.9 0 1 1
5 0.1 8 0.625 0.0 0.4 8 0.625 0.0 0.5 6 0.8333333333333334 0.0 0.6 6 0.8333333333333334 0.0 0.7 4 1.0 0.0 0.9 0 1 1
5 0.1 10 0.5 0.0 0.4 7 0.7142857142857143 0.0 0.5 7 0.7142857142857143 0.0 0.6 7 0.7142857142857143 0.0 0.7 6 0.8333333333333334 0.0 0.9 0 1 1
5 0.1 9 0.5555555555555556 0.0 0.4 7 0.7142857142857143 0.0 0.5 7 0.7142857142857143 0.0 0.6 7 0.7142857142857143 0.0 0.7 7 0.7142857142857143 0.0 0.9 0 1 1
5 0.1 10 0.5 0.0 0.4 7 0.7142857142857143 0.0 0.5 6 0.8333333333333334 0.0 0.6 5 0.8 0.0 0.7 3 1.0 0.0 0.9 0 1 1
5 0.1 9 0.5555555555555556 0.0 0.4 8 0.625 0.0 0.5 7 0.7142857142857143 0.0 0.6 5 0.8 0.0 0.7 5 0.8 0.0 0.9 0 1 1
5 0.1 10 0.5 0.0 0.4 8 0.625 0.0 0.5 7 0.7142857142857143 0.0 0.6 7 0.7142857142857143 0.0 0.7 6 0.8333333333333334 0.0 0.9 0 1 1
5 0.1 10 0.5 0.0 0.4 7 0.7142857142857143 0.0 0.5 7 0.7142857142857143 0.0 0.6 7 0.7142857142857143 0.0 0.7 6 0.8333333333333334 0.0 0.9 0 1 1
5 0.1 9 0.5555555555555556 0.0 0.4 7 0.7142857142857143 0.0 0.5 7 0.7142857142857143 0.0 0.6 6 0.8333333333333334 0.0 0.7 6 0.8333333333333334 0.0 0.9 0 1 1
5 0.1 11 0.45454545454545453 0.0 0.4 8 0.625 0.0 0.5 7 0.7142857142857143 0.0 0.6 6 0.8333333333333334 0.0 0.7 6 0.8333333333333334 0.0 0.9 0 1 1
5 0.1 9 0.5555555555555556 0.0 0.4 7 0.7142857142857143 0.0 0.5 6 0.8333333333333334 0.0 0.6 5 1.0 0.0 0.7 5 1.0 0.0 0.9 0 1 1
5 0.1 9 0.5555555555555556 0.0 0.4 8 0.625 0.0 0.5 7 0.7142857142857143 0.0 0.6 6 0.8333333333333334 0.0 0.7 5 1.0 0.0 0.9 0 1 1
5 0.1 9 0.5555555555555556 0.0 0.4 7 0.7142857142857143 0.0 0.5 7 0.7142857142857143 0.0 0.6 7 0.7142857142857143 0.0 0.7 5 0.8 0.0 0.9 0 1 1
5 0.1 10 0.5 0.0 0.4 8 0.625 0.0 0.5 8 0.625 0.0 0.6 7 0.7142857142857143 0.0 0.7 5 0.8 0.0 0.9 0 1 1
5 0.1 9 0.5555555555555556 0.0 0.4 6 0.8333333333333334 0.0 0.5 5 0.8 0.0 0.6 5 0.8 0.0 0.7 5 0.8 0.0 0.9 0 1 1
5 0.1 12 0.4166666666666667 0.0 0.4 8 0.625 0.0 0.5 7 0.7142857142857143 0.0 0.6 7 0.7142857142857143 0.0 0.7 7 0.7142857142857143 0.0 0.9 0 1 1
5 0.1 12 0.4166666666666667 0.0 0.4 5 0.8 0.0 0.5 4 1.0 0.0 0.6 4 1.0 0.0 0.7 4 1.0 0.0 0.9 0 1 1
5 0.1 10 0.5 0.0 0.4 8 0.625 0.0 0.5 7 0.7142857142857143 0.0 0.6 6 0.8333333333333334 0.0 0.7 6 0.8333333333333334 0.0 0.9 0 1 1
5 0.1 9 0.5555555555555556 0.0 0.4 8 0.625 0.0 0.5 7 0.7142857142857143 0.0 0.6 7 0.7142857142857143 0.0 0.7 5 0.8 0.0 0.9 0 1 1
5 0.1 10 0.5 0.0 0.4 6 0.8333333333333334 0.0 0.5 6 0.8333333333333334 0.0 0.6 6 0.8333333333333334 0.0 0.7 5 1.0 0.0 0.9 0 1 1
5 0.1 8 0.625 0.0 0.4 6 0.8333333333333334 0.0 0.5 6 0.8333333333333334 0.0 0.6 4 0.75 0.0 0.7 4 0.75 0.0 0.9 0 1 1
5 0.1 11 0.45454545454545453 0.0 0.4 5 0.8 0.0 0.5 5 0.8 0.0 0.6 5 0.8 0.0 0.7 4 1.0 0.0 0.9 0 1 1
5 0.1 6 0.6666666666666666 0.0 0.4 4 1.0 0.0 0.5 4 1.0 0.0 0.6 4 1.0 0.0 0.7 3 1.0 0.0 0.9 0 1 1
5 0.1 9 0.5555555555555556 0.1111111111111111 0.4 6 0.8333333333333334 0.16666666666666666 0.5 6 0.8333333333333334 0.16666666666666666 0.6 6 0.8333333333333334 0.16666666666666666 0.7 5 0.8 0.0 0.9 0 1 1
5 0.1 9 0.5555555555555556 0.1111111111111111 0.4 7 0.7142857142857143 0.14285714285714285 0.5 6 0.8333333333333334 0.16666666666666666 0.6 6 0.8333333333333334 0.16666666666666666 0.7 5 1.0 0.2 0.9 0 1 1
5 0.1 10 0.5 0.0 0.4 6 0.8333333333333334 0.0 0.5 6 0.8333333333333334 0.0 0.6 6 0.8333333333333334 0.0 0.7 6 0.8333333333333334 0.0 0.9 0 1 1
5 0.1 9 0.5555555555555556 0.1111111111111111 0.4 6 0.8333333333333334 0.16666666666666666 0.5 6 0.8333333333333334 0.16666666666666666 0.6 6 0.8333333333333334 0.16666666666666666 0.7 6 0.8333333333333334 0.16666666666666666 0.9 0 1 1
5 0.1 8 0.625 0.0 0.4 6 0.8333333333333334 0.0 0.5 6 0.8333333333333334 0.0 0.6 6 0.8333333333333334 0.0 0.7 3 1.0 0.0 0.9 0 1 1
5 0.1 8 0.625 0.125 0.4 6 0.8333333333333334 0.16666666666666666 0.5 6 0.8333333333333334 0.16666666666666666 0.6 6 0.8333333333333334 0.16666666666666666 0.7 5 1.0 0.2 0.9 0 1 1
5 0.1 10 0.5 0.1 0.4 8 0.625 0.125 0.5 7 0.7142857142857143 0.14285714285714285 0.6 6 0.8333333333333334 0.16666666666666666 0.7 6 0.8333333333333334 0.16666666666666666 0.9 0 1 1
5 0.1 11 0.45454545454545453 0.0 0.4 7 0.7142857142857143 0.0 0.5 6 0.8333333333333334 0.0 0.6 6 0.8333333333333334 0.0 0.7 4 1.0 0.0 0.9 0 1 1
5 0.1 10 0.5 0.0 0.4 9 0.5555555555555556 0.0 0.5 9 0.5555555555555556 0.0 0.6 6 0.8333333333333334 0.0 0.7 5 1.0 0.0 0.9 0 1 1
5 0.1 11 0.45454545454545453 0.0 0.4 9 0.5555555555555556 0.0 0.5 9 0.5555555555555556 0.0 0.6 7 0.7142857142857143 0.0 0.7 6 0.8333333333333334 0.0 0.9 0 1 1
5 0.1 9 0.5555555555555556 0.0 0.4 6 0.8333333333333334 0.0 0.5 6 0.8333333333333334 0.0 0.6 6 0.8333333333333334 0.0 0.7 5 1.0 0.0 0.9 0 1 1
5 0.1 12 0.4166666666666667 0.0 0.4 8 0.625 0.0 0.5 6 0.8333333333333334 0.0 0.6 6 0.8333333333333334 0.0 0.7 6 0.8333333333333334 0.0 0.9 0 1 1
5 0.1 9 0.5555555555555556 0.0 0.4 8 0.625 0.0 0.5 8 0.625 0.0 0.6 6 0.8333333333333334 0.0 0.7 4 1.0 0.0 0.9 0 1 1
5 0.1 10 0.5 0.1 0.4 7 0.7142857142857143 0.14285714285714285 0.5 7 0.7142857142857143 0.14285714285714285 0.6 7 0.7142857142857143 0.14285714285714285 0.7 6 0.8333333333333334 0.16666666666666666 0.9 0 1 1
5 0.1 9 0.5555555555555556 0.0 0.4 7 0.7142857142857143 0.0 0.5 6 0.8333333333333334 0.0 0.6 5 0.8 0.0 0.7 4 1.0 0.0 0.9 0 1 1
5 0.1 8 0.625 0.125 0.4 5 1.0 0.2 0.5 5 1.0 0.2 0.6 5 1.0 0.2 0.7 4 1.0 0.25 0.9 0 1 1
5 0.1 11 0.45454545454545453 0.09090909090909091 0.4 8 0.625 0.125 0.5 8 0.625 0.125 0.6 7 0.7142857142857143 0.14285714285714285 0.7 7 0.7142857142857143 0.14285714285714285 0.9 0 1 1
5 0.1 9 0.5555555555555556 0.0 0.4 7 0.7142857142857143 0.0 0.5 5 1.0 0.0 0.6 5 1.0 0.0 0.7 4 1.0 0.0 0.9 0 1 1
5 0.1 8 0.625 0.0 0.4 6 0.8333333333333334 0.0 0.5 5 0.8 0.0 0.6 4 1.0 0.0 0.7 4 1.0 0.0 0.9 0 1 1
5 0.1 9 0.5555555555555556 0.0 0.4 4 1.0 0.0 0.5 4 1.0 0.0 0.6 4 1.0 0.0 0.7 4 1.0 0.0 0.9 0 1 1
5 0.1 7 0.7142857142857143 0.0 0.4 6 0.8333333333333334 0.0 0.5 5 1.0 0.0 0.6 4 1.0 0.0 0.7 4 1.0 0.0 0.9 0 1 1
5 0.1 10 0.5 0.0 0.4 7 0.7142857142857143 0.0 0.5 7 0.7142857142857143 0.0 0.6 7 0.7142857142857143 0.0 0.7 6 0.8333333333333334 0.0 0.9 0 1 1
5 0.1 10 0.5 0.0 0.4 5 0.8 0.0 0.5 5 0.8 0.0 0.6 4 1.0 0.0 0.7 4 1.0 0.0 0.9 0 1 1
5 0.1 9 0.5555555555555556 0.0 0.4 6 0.8333333333333334 0.0 0.5 5 1.0 0.0 0.6 5 1.0 0.0 0.7 4 1.0 0.0 0.9 0 1 1
5 0.1 6 0.8333333333333334 0.0 0.4 5 1.0 0.0 0.5 5 1.0 0.0 0.6 5 1.0 0.0 0.7 5 1.0 0.0 0.9 0 1 1
5 0.1 8 0.625 0.0 0.4 6 0.6666666666666666 0.0 0.5 6 0.6666666666666666 0.0 0.6 5 0.8 0.0 0.7 5 0.8 0.0 0.9 0 1 1
5 0.1 9 0.5555555555555556 0.0 0.4 7 0.7142857142857143 0.0 0.5 7 0.7142857142857143 0.0 0.6 6 0.6666666666666666 0.0 0.7 6 0.6666666666666666 0.0 0.9 0 1 1
5 0.1 7 0.7142857142857143 0.0 0.4 5 1.0 0.0 0.5 5 1.0 0.0 0.6 5 1.0 0.0 0.7 4 1.0 0.0 0.9 0 1 1
5 0.1 8 0.625 0.0 0.4 6 0.8333333333333334 0.0 0.5 6 0.8333333333333334 0.0 0.6 5 0.8 0.0 0.7 4 1.0 0.0 0.9 0 1 1
5 0.1 7 0.7142857142857143 0.0 0.4 6 0.8333333333333334 0.0 0.5 6 0.8333333333333334 0.0 0.6 6 0.8333333333333334 0.0 0.7 5 1.0 0.0 0.9 0 1 1
5 0.1 8 0.625 0.0 0.4 6 0.8333333333333334 0.0 0.5 6 0.8333333333333334 0.0 0.6 6 0.8333333333333334 0.0 0.7 6 0.8333333333333334 0.0 0.9 0 1 1
5 0.1 7 0.7142857142857143 0.0 0.4 6 0.8333333333333334 0.0 0.5 6 0.8333333333333334 0.0 0.6 6 0.8333333333333334 0.0 0.7 5 0.8 0.0 0.9 0 1 1
5 0.1 7 0.7142857142857143 0.0 0.4 6 0.8333333333333334 0.0 0.5 6 0.8333333333333334 0.0 0.6 6 0.8333333333333334 0.0 0.7 6 0.8333333333333334 0.0 0.9 0 1 1
5 0.1 7 0.7142857142857143 0.0 0.4 6 0.8333333333333334 0.0 0.5 6 0.8333333333333334 0.0 0.6 5 1.0 0.0 0.7 4 1.0 0.0 0.9 0 1 1
5 0.1 6 0.8333333333333334 0.0 0.4 5 1.0 0.0 0.5 5 1.0 0.0 0.6 5 1.0 0.0 0.7 3 1.0 0.0 0.9 0 1 1
5 0.1 9 0.5555555555555556 0.0 0.4 8 0.625 0.0 0.5 7 0.7142857142857143 0.0 0.6 7 0.7142857142857143 0.0 0.7 6 0.8333333333333334 0.0 0.9 0 1 1
5 0.1 10 0.5 0.0 0.4 8 0.625 0.0 0.5 8 0.625 0.0 0.6 6 0.8333333333333334 0.0 0.7 6 0.8333333333333334 0.0 0.9 0 1 1
5 0.1 8 0.625 0.0 0.4 5 1.0 0.0 0.5 5 1.0 0.0 0.6 5 1.0 0.0 0.7 4 1.0 0.0 0.9 0 1 1
5 0.1 6 0.8333333333333334 0.0 0.4 5 1.0 0.0 0.5 5 1.0 0.0 0.6 5 1.0 0.0 0.7 4 1.0 0.0 0.9 0 1 1
5 0.1 10 0.5 0.0 0.4 6 0.8333333333333334 0.0 0.5 6 0.8333333333333334 0.0 0.6 6 0.8333333333333334 0.0 0.7 5 1.0 0.0 0.9 0 1 1
5 0.1 9 0.5555555555555556 0.0 0.4 6 0.8333333333333334 0.0 0.5 6 0.8333333333333334 0.0 0.6 5 1.0 0.0 0.7 5 1.0 0.0 0.9 0 1 1
5 0.1 10 0.5 0.0 0.4 7 0.7142857142857143 0.0 0.5 6 0.8333333333333334 0.0 0.6 5 1.0 0.0 0.7 5 1.0 0.0 0.9 0 1 1
5 0.1 11 0.45454545454545453 0.0 0.4 7 0.7142857142857143 0.0 0.5 7 0.7142857142857143 0.0 0.6 6 0.8333333333333334 0.0 0.7 5 1.0 0.0 0.9 0 1 1
5 0.1 12 0.4166666666666667 0.0 0.4 7 0.7142857142857143 0.0 0.5 6 0.8333333333333334 0.0 0.6 6 0.8333333333333334 0.0 0.7 6 0.8333333333333334 0.0 0.9 0 1 1
5 0.1 9 0.5555555555555556 0.0 0.4 6 0.8333333333333334 0.0 0.5 6 0.8333333333333334 0.0 0.6 6 0.8333333333333334 0.0 0.7 5 1.0 0.0 0.9 0 1 1
5 0.1 8 0.625 0.0 0.4 6 0.8333333333333334 0.0 0.5 6 0.8333333333333334 0.0 0.6 6 0.8333333333333334 0.0 0.7 6 0.8333333333333334 0.0 0.9 0 1 1
5 0.1 10 0.5 0.0 0.4 7 0.7142857142857143 0.0 0.5 6 0.8333333333333334 0.0 0.6 6 0.8333333333333334 0.0 0.7 5 0.8 0.0 0.9 0 1 1
5 0.1 7 0.7142857142857143 0.0 0.4 6 0.8333333333333334 0.0 0.5 6 0.8333333333333334 0.0 0.6 5 1.0 0.0 0.7 4 1.0 0.0 0.9 0 1 1
5 0.1 9 0.5555555555555556 0.0 0.4 7 0.7142857142857143 0.0 0.5 6 0.6666666666666666 0.0 0.6 4 1.0 0.0 0.7 4 1.0 0.0 0.9 0 1 1
5 0.1 7 0.7142857142857143 0.0 0.4 5 1.0 0.0 0.5 5 1.0 0.0 0.6 4 1.0 0.0 0.7 4 1.0 0.0 0.9 0 1 1
5 0.1 6 0.8333333333333334 0.0 0.4 5 1.0 0.0 0.5 4 1.0 0.0 0.6 4 1.0 0.0 0.7 4 1.0 0.0 0.9 0 1 1
5 0.1 7 0.7142857142857143 0.0 0.4 5 1.0 0.0 0.5 5 1.0 0.0 0.6 5 1.0 0.0 0.7 5 1.0 0.0 0.9 0 1 1
5 0.1 7 0.7142857142857143 0.0 0.4 6 0.8333333333333334 0.0 0.5 5 1.0 0.0 0.6 5 1.0 0.0 0.7 5 1.0 0.0 0.9 0 1 1
5 0.1 9 0.5555555555555556 0.0 0.4 7 0.7142857142857143 0.0 0.5 7 0.7142857142857143 0.0 0.6 6 0.8333333333333334 0.0 0.7 4 1.0 0.0 0.9 0 1 1
5 0.1 11 0.45454545454545453 0.0 0.4 6 0.8333333333333334 0.0 0.5 6 0.8333333333333334 0.0 0.6 6 0.8333333333333334 0.0 0.7 5 0.8 0.0 0.9 0 1 1
5 0.1 9 0.5555555555555556 0.0 0.4 7 0.7142857142857143 0.0 0.5 7 0.7142857142857143 0.0 0.6 6 0.6666666666666666 0.0 0.7 6 0.6666666666666666 0.0 0.9 0 1 1
5 0.1 9 0.5555555555555556 0.0 0.4 7 0.7142857142857143 0.0 0.5 7 0.7142857142857143 0.0 0.6 5 0.8 0.0 0.7 5 0.8 0.0 0.9 0 1 1
5 0.1 8 0.625 0.0 0.4 8 0.625 0.0 0.5 8 0.625 0.0 0.6 7 0.7142857142857143 0.0 0.7 4 1.0 0.0 0.9 0 1 1
5 0.1 8 0.625 0.0 0.4 8 0.625 0.0 0.5 8 0.625 0.0 0.6 6 0.8333333333333334 0.0 0.7 6 0.8333333333333334 0.0 0.9 0 1 1
5 0.1 8 0.625 0.0 0.4 6 0.8333333333333334 0.0 0.5 6 0.8333333333333334 0.0 0.6 6 0.8333333333333334 0.0 0.7 6 0.8333333333333334 0.0 0.9 0 1 1
5 0.1 7 0.7142857142857143 0.0 0.4 6 0.8333333333333334 0.0 0.5 5 1.0 0.0 0.6 5 1.0 0.0 0.7 5 1.0 0.0 0.9 0 1 1
5 0.1 7 0.7142857142857143 0.0 0.4 7 0.7142857142857143 0.0 0.5 7 0.7142857142857143 0.0 0.6 6 0.8333333333333334 0.0 0.7 6 0.8333333333333334 0.0 0.9 0 1 1
5 0.1 8 0.625 0.0 0.4 6 0.8333333333333334 0.0 0.5 6 0.8333333333333334 0.0 0.6 6 0.8333333333333334 0.0 0.7 5 1.0 0.0 0.9 0 1 1
5 0.1 9 0.5555555555555556 0.0 0.4 7 0.7142857142857143 0.0 0.5 6 0.8333333333333334 0.0 0.6 6 0.8333333333333334 0.0 0.7 6 0.8333333333333334 0.0 0.9 0 1 1
5 0.1 7 0.7142857142857143 0.0 0.4 6 0.8333333333333334 0.0 0.5 5 1.0 0.0 0.6 5 1.0 0.0 0.7 5 1.0 0.0 0.9 0 1 1
5 0.1 8 0.625 0.0 0.4 8 0.625 0.0 0.5 8 0.625 0.0 0.6 8 0.625 0.0 0.7 8 0.625 0.0 0.9 0 1 1
5 0.1 8 0.625 0.0 0.4 7 0.7142857142857143 0.0 0.5 7 0.7142857142857143 0.0 0.6 7 0.7142857142857143 0.0 0.7 7 0.7142857142857143 0.0 0.9 0 1 1
5 0.1 8 0.625 0.0 0.4 8 0.625 0.0 0.5 8 0.625 0.0 0.6 8 0.625 0.0 0.7 8 0.625 0.0 0.9 0 1 1
5 0.1 7 0.7142857142857143 0.0 0.4 7 0.7142857142857143 0.0 0.5 7 0.7142857142857143 0.0 0.6 7 0.7142857142857143 0.0 0.7 7 0.7142857142857143 0.0 0.9 0 1 1
5 0.1 8 0.625 0.0 0.4 6 0.8333333333333334 0.0 0.5 6 0.8333333333333334 0.0 0.6 6 0.8333333333333334 0.0 0.7 5 1.0 0.0 0.9 0 1 1
5 0.1 7 0.7142857142857143 0.0 0.4 7 0.7142857142857143 0.0 0.5 7 0.7142857142857143 0.0 0.6 7 0.7142857142857143 0.0 0.7 6 0.8333333333333334 0.0 0.9 0 1 1
5 0.1 7 0.7142857142857143 0.0 0.4 5 1.0 0.0 0.5 5 1.0 0.0 0.6 5 1.0 0.0 0.7 4 1.0 0.0 0.9 0 1 1
5 0.1 8 0.625 0.0 0.4 3 1.0 0.0 0.5 3 1.0 0.0 0.6 3 1.0 0.0 0.7 3 1.0 0.0 0.9 0 1 1
5 0.1 8 0.625 0.0 0.4 7 0.7142857142857143 0.0 0.5 7 0.7142857142857143 0.0 0.6 6 0.8333333333333334 0.0 0.7 5 1.0 0.0 0.9 0 1 1
5 0.1 10 0.5 0.0 0.4 8 0.625 0.0 0.5 8 0.625 0.0 0.6 7 0.7142857142857143 0.0 0.7 6 0.8333333333333334 0.0 0.9 0 1 1
5 0.1 9 0.5555555555555556 0.0 0.4 8 0.625 0.0 0.5 8 0.625 0.0 0.6 7 0.7142857142857143 0.0 0.7 5 0.8 0.0 0.9 0 1 1
5 0.1 8 0.625 0.0 0.4 6 0.8333333333333334 0.0 0.5 6 0.8333333333333334 0.0 0.6 6 0.8333333333333334 0.0 0.7 6 0.8333333333333334 0.0 0.9 0 1 1
5 0.1 9 0.5555555555555556 0.0 0.4 7 0.7142857142857143 0.0 0.5 7 0.7142857142857143 0.0 0.6 6 0.8333333333333334 0.0 0.7 5 1.0 0.0 0.9 0 1 1
5 0.1 9 0.5555555555555556 0.0 0.4 6 0.6666666666666666 0.0 0.5 6 0.6666666666666666 0.0 0.6 6 0.6666666666666666 0.0 0.7 6 0.6666666666666666 0.0 0.9 0 1 1
5 0.1 8 0.625 0.0 0.4 6 0.8333333333333334 0.0 0.5 6 0.8333333333333334 0.0 0.6 6 0.8333333333333334 0.0 0.7 5 1.0 0.0 0.9 0 1 1
5 0.1 8 0.625 0.0 0.4 7 0.7142857142857143 0.0 0.5 6 0.8333333333333334 0.0 0.6 6 0.8333333333333334 0.0 0.7 6 0.8333333333333334 0.0 0.9 0 1 1
5 0.1 7 0.7142857142857143 0.0 0.4 5 1.0 0.0 0.5 5 1.0 0.0 0.6 5 1.0 0.0 0.7 5 1.0 0.0 0.9 0 1 1
5 0.1 8 0.625 0.0 0.4 7 0.7142857142857143 0.0 0.5 7 0.7142857142857143 0.0 0.6 7 0.7142857142857143 0.0 0.7 6 0.8333333333333334 0.0 0.9 0 1 1
5 0.1 8 0.625 0.0 0.4 7 0.7142857142857143 0.0 0.5 6 0.8333333333333334 0.0 0.6 6 0.8333333333333334 0.0 0.7 5 1.0 0.0 0.9 0 1 1
5 0.1 8 0.625 0.0 0.4 7 0.7142857142857143 0.0 0.5 6 0.8333333333333334 0.0 0.6 5 1.0 0.0 0.7 5 1.0 0.0 0.9 1 1.0 0.0
5 0.1 7 0.7142857142857143 0.0 0.4 7 0.7142857142857143 0.0 0.5 7 0.7142857142857143 0.0 0.6 6 0.8333333333333334 0.0 0.7 5 1.0 0.0 0.9 0 1 1
5 0.1 8 0.625 0.0 0.4 6 0.8333333333333334 0.0 0.5 6 0.8333333333333334 0.0 0.6 6 0.8333333333333334 0.0 0.7 6 0.8333333333333334 0.0 0.9 0 1 1
5 0.1 8 0.625 0.0 0.4 7 0.7142857142857143 0.0 0.5 6 0.8333333333333334 0.0 0.6 6 0.8333333333333334 0.0 0.7 6 0.8333333333333334 0.0 0.9 0 1 1
5 0.1 7 0.7142857142857143 0.0 0.4 6 0.8333333333333334 0.0 0.5 6 0.8333333333333334 0.0 0.6 6 0.8333333333333334 0.0 0.7 6 0.8333333333333334 0.0 0.9 0 1 1
5 0.1 8 0.625 0.0 0.4 8 0.625 0.0 0.5 6 0.8333333333333334 0.0 0.6 6 0.8333333333333334 0.0 0.7 6 0.8333333333333334 0.0 0.9 0 1 1
5 0.1 8 0.625 0.0 0.4 7 0.7142857142857143 0.0 0.5 7 0.7142857142857143 0.0 0.6 7 0.7142857142857143 0.0 0.7 7 0.7142857142857143 0.0 0.9 0 1 1
5 0.1 8 0.625 0.0 0.4 7 0.7142857142857143 0.0 0.5 6 0.8333333333333334 0.0 0.6 6 0.8333333333333334 0.0 0.7 6 0.8333333333333334 0.0 0.9 0 1 1
5 0.1 9 0.5555555555555556 0.0 0.4 7 0.7142857142857143 0.0 0.5 6 0.8333333333333334 0.0 0.6 6 0.8333333333333334 0.0 0.7 6 0.8333333333333334 0.0 0.9 0 1 1
5 0.1 8 0.625 0.0 0.4 7 0.7142857142857143 0.0 0.5 6 0.8333333333333334 0.0 0.6 5 1.0 0.0 0.7 5 1.0 0.0 0.9 0 1 1
5 0.1 6 0.8333333333333334 0.0 0.4 6 0.8333333333333334 0.0 0.5 6 0.8333333333333334 0.0 0.6 5 1.0 0.0 0.7 5 1.0 0.0 0.9 0 1 1
5 0.1 8 0.625 0.0 0.4 7 0.7142857142857143 0.0 0.5 7 0.7142857142857143 0.0 0.6 6 0.8333333333333334 0.0 0.7 6 0.8333333333333334 0.0 0.9 0 1 1
5 0.1 7 0.7142857142857143 0.0 0.4 6 0.8333333333333334 0.0 0.5 6 0.8333333333333334 0.0 0.6 6 0.8333333333333334 0.0 0.7 6 0.8333333333333334 0.0 0.9 0 1 1
5 0.1 8 0.625 0.0 0.4 7 0.7142857142857143 0.0 0.5 7 0.7142857142857143 0.0 0.6 7 0.7142857142857143 0.0 0.7 7 0.7142857142857143 0.0 0.9 0 1 1
5 0.1 7 0.7142857142857143 0.0 0.4 7 0.7142857142857143 0.0 0.5 7 0.7142857142857143 0.0 0.6 6 0.8333333333333334 0.0 0.7 6 0.8333333333333334 0.0 0.9 0 1 1
5 0.1 8 0.625 0.0 0.4 7 0.7142857142857143 0.0 0.5 7 0.7142857142857143 0.0 0.6 7 0.7142857142857143 0.0 0.7 6 0.8333333333333334 0.0 0.9 0 1 1
5 0.1 8 0.625 0.0 0.4 6 0.8333333333333334 0.0 0.5 6 0.8333333333333334 0.0 0.6 6 0.8333333333333334 0.0 0.7 6 0.8333333333333334 0.0 0.9 0 1 1
5 0.1 8 0.625 0.0 0.4 6 0.8333333333333334 0.0 0.5 6 0.8333333333333334 0.0 0.6 6 0.8333333333333334 0.0 0.7 6 0.8333333333333334 0.0 0.9 0 1 1
5 0.1 7 0.7142857142857143 0.0 0.4 7 0.7142857142857143 0.0 0.5 7 0.7142857142857143 0.0 0.6 7 0.7142857142857143 0.0 0.7 7 0.7142857142857143 0.0 0.9 0 1 1
5 0.1 8 0.625 0.0 0.4 7 0.7142857142857143 0.0 0.5 7 0.7142857142857143 0.0 0.6 6 0.8333333333333334 0.0 0.7 6 0.8333333333333334 0.0 0.9 0 1 1
5 0.1 7 0.7142857142857143 0.0 0.4 7 0.7142857142857143 0.0 0.5 7 0.7142857142857143 0.0 0.6 7 0.7142857142857143 0.0 0.7 7 0.7142857142857143 0.0 0.9 0 1 1
5 0.1 8 0.625 0.0 0.4 7 0.7142857142857143 0.0 0.5 7 0.7142857142857143 0.0 0.6 7 0.7142857142857143 0.0 0.7 7 0.7142857142857143 0.0 0.9 0 1 1
5 0.1 6 0.8333333333333334 0.0 0.4 6 0.8333333333333334 0.0 0.5 6 0.8333333333333334 0.0 0.6 6 0.8333333333333334 0.0 0.7 6 0.8333333333333334 0.0 0.9 0 1 1
5 0.1 7 0.7142857142857143 0.0 0.4 6 0.8333333333333334 0.0 0.5 6 0.8333333333333334 0.0 0.6 6 0.8333333333333334 0.0 0.7 6 0.8333333333333334 0.0 0.9 0 1 1
5 0.1 7 0.7142857142857143 0.0 0.4 7 0.7142857142857143 0.0 0.5 7 0.7142857142857143 0.0 0.6 6 0.8333333333333334 0.0 0.7 5 1.0 0.0 0.9 0 1 1
5 0.1 7 0.7142857142857143 0.0 0.4 6 0.8333333333333334 0.0 0.5 6 0.8333333333333334 0.0 0.6 6 0.8333333333333334 0.0 0.7 5 0.8 0.0 0.9 0 1 1
5 0.1 7 0.7142857142857143 0.0 0.4 7 0.7142857142857143 0.0 0.5 7 0.7142857142857143 0.0 0.6 6 0.6666666666666666 0.0 0.7 5 0.8 0.0 0.9 0 1 1
5 0.1 7 0.7142857142857143 0.0 0.4 5 1.0 0.0 0.5 5 1.0 0.0 0.6 4 1.0 0.0 0.7 4 1.0 0.0 0.9 0 1 1
5 0.1 7 0.7142857142857143 0.0 0.4 6 0.8333333333333334 0.0 0.5 6 0.8333333333333334 0.0 0.6 6 0.8333333333333334 0.0 0.7 6 0.8333333333333334 0.0 0.9 0 1 1
5 0.1 7 0.7142857142857143 0.0 0.4 7 0.7142857142857143 0.0 0.5 7 0.7142857142857143 0.0 0.6 6 0.8333333333333334 0.0 0.7 5 1.0 0.0 0.9 0 1 1
5 0.1 7 0.7142857142857143 0.0 0.4 7 0.7142857142857143 0.0 0.5 6 0.8333333333333334 0.0 0.6 6 0.8333333333333334 0.0 0.7 6 0.8333333333333334 0.0 0.9 0 1 1
5 0.1 6 0.8333333333333334 0.0 0.4 6 0.8333333333333334 0.0 0.5 6 0.8333333333333334 0.0 0.6 5 1.0 0.0 0.7 5 1.0 0.0 0.9 0 1 1
5 0.1 6 0.8333333333333334 0.0 0.4 6 0.8333333333333334 0.0 0.5 6 0.8333333333333334 0.0 0.6 6 0.8333333333333334 0.0 0.7 5 1.0 0.0 0.9 0 1 1
5 0.1 7 0.7142857142857143 0.0 0.4 7 0.7142857142857143 0.0 0.5 6 0.8333333333333334 0.0 0.6 6 0.8333333333333334 0.0 0.7 5 1.0 0.0 0.9 0 1 1
5 0.1 6 0.8333333333333334 0.0 0.4 5 1.0 0.0 0.5 5 1.0 0.0 0.6 5 1.0 0.0 0.7 5 1.0 0.0 0.9 0 1 1
5 0.1 7 0.7142857142857143 0.0 0.4 7 0.7142857142857143 0.0 0.5 7 0.7142857142857143 0.0 0.6 7 0.7142857142857143 0.0 0.7 6 0.8333333333333334 0.0 0.9 0 1 1
5 0.1 9 0.5555555555555556 0.0 0.4 8 0.625 0.0 0.5 7 0.7142857142857143 0.0 0.6 7 0.7142857142857143 0.0 0.7 6 0.8333333333333334 0.0 0.9 0 1 1
5 0.1 8 0.625 0.0 0.4 7 0.7142857142857143 0.0 0.5 7 0.7142857142857143 0.0 0.6 7 0.7142857142857143 0.0 0.7 6 0.8333333333333334 0.0 0.9 0 1 1
5 0.1 9 0.5555555555555556 0.0 0.4 8 0.625 0.0 0.5 7 0.7142857142857143 0.0 0.6 7 0.7142857142857143 0.0 0.7 7 0.7142857142857143 0.0 0.9 0 1 1
5 0.1 7 0.7142857142857143 0.0 0.4 6 0.8333333333333334 0.0 0.5 6 0.8333333333333334 0.0 0.6 6 0.8333333333333334 0.0 0.7 6 0.8333333333333334 0.0 0.9 0 1 1
5 0.1 7 0.7142857142857143 0.0 0.4 6 0.8333333333333334 0.0 0.5 6 0.8333333333333334 0.0 0.6 6 0.8333333333333334 0.0 0.7 6 0.8333333333333334 0.0 0.9 0 1 1
5 0.1 7 0.7142857142857143 0.0 0.4 6 0.8333333333333334 0.0 0.5 6 0.8333333333333334 0.0 0.6 6 0.8333333333333334 0.0 0.7 6 0.8333333333333334 0.0 0.9 0 1 1
5 0.1 7 0.7142857142857143 0.0 0.4 6 0.8333333333333334 0.0 0.5 6 0.8333333333333334 0.0 0.6 5 1.0 0.0 0.7 5 1.0 0.0 0.9 0 1 1
5 0.1 6 0.8333333333333334 0.0 0.4 6 0.8333333333333334 0.0 0.5 5 1.0 0.0 0.6 5 1.0 0.0 0.7 5 1.0 0.0 0.9 0 1 1
5 0.1 6 0.8333333333333334 0.0 0.4 6 0.8333333333333334 0.0 0.5 6 0.8333333333333334 0.0 0.6 6 0.8333333333333334 0.0 0.7 6 0.8333333333333334 0.0 0.9 0 1 1
5 0.1 8 0.625 0.0 0.4 7 0.7142857142857143 0.0 0.5 6 0.8333333333333334 0.0 0.6 6 0.8333333333333334 0.0 0.7 6 0.8333333333333334 0.0 0.9 0 1 1
5 0.1 8 0.625 0.0 0.4 7 0.7142857142857143 0.0 0.5 7 0.7142857142857143 0.0 0.6 7 0.7142857142857143 0.0 0.7 7 0.7142857142857143 0.0 0.9 0 1 1
5 0.1 8 0.625 0.0 0.4 7 0.7142857142857143 0.0 0.5 7 0.7142857142857143 0.0 0.6 7 0.7142857142857143 0.0 0.7 7 0.7142857142857143 0.0 0.9 0 1 1
5 0.1 8 0.625 0.0 0.4 6 0.8333333333333334 0.0 0.5 6 0.8333333333333334 0.0 0.6 6 0.8333333333333334 0.0 0.7 6 0.8333333333333334 0.0 0.9 0 1 1
5 0.1 7 0.7142857142857143 0.0 0.4 7 0.7142857142857143 0.0 0.5 7 0.7142857142857143 0.0 0.6 7 0.7142857142857143 0.0 0.7 7 0.7142857142857143 0.0 0.9 0 1 1
5 0.1 9 0.5555555555555556 0.0 0.4 7 0.7142857142857143 0.0 0.5 7 0.7142857142857143 0.0 0.6 6 0.8333333333333334 0.0 0.7 6 0.8333333333333334 0.0 0.9 0 1 1
5 0.1 7 0.7142857142857143 0.0 0.4 6 0.8333333333333334 0.0 0.5 6 0.8333333333333334 0.0 0.6 6 0.8333333333333334 0.0 0.7 6 0.8333333333333334 0.0 0.9 0 1 1
5 0.1 7 0.7142857142857143 0.0 0.4 6 0.8333333333333334 0.0 0.5 6 0.8333333333333334 0.0 0.6 6 0.8333333333333334 0.0 0.7 6 0.8333333333333334 0.0 0.9 0 1 1
5 0.1 7 0.7142857142857143 0.0 0.4 6 0.8333333333333334 0.0 0.5 6 0.8333333333333334 0.0 0.6 6 0.8333333333333334 0.0 0.7 6 0.8333333333333334 0.0 0.9 0 1 1
5 0.1 8 0.625 0.0 0.4 6 0.8333333333333334 0.0 0.5 6 0.8333333333333334 0.0 0.6 6 0.8333333333333334 0.0 0.7 6 0.8333333333333334 0.0 0.9 0 1 1
5 0.1 6 0.8333333333333334 0.0 0.4 6 0.8333333333333334 0.0 0.5 6 0.8333333333333334 0.0 0.6 6 0.8333333333333334 0.0 0.7 6 0.8333333333333334 0.0 0.9 0 1 1
5 0.1 7 0.7142857142857143 0.0 0.4 7 0.7142857142857143 0.0 0.5 7 0.7142857142857143 0.0 0.6 7 0.7142857142857143 0.0 0.7 7 0.7142857142857143 0.0 0.9 0 1 1
5 0.1 8 0.625 0.125 0.4 7 0.7142857142857143 0.14285714285714285 0.5 7 0.7142857142857143 0.14285714285714285 0.6 7 0.7142857142857143 0.14285714285714285 0.7 7 0.7142857142857143 0.14285714285714285 0.9 0 1 1
5 0.1 8 0.625 0.0 0.4 6 0.8333333333333334 0.0 0.5 6 0.8333333333333334 0.0 0.6 6 0.8333333333333334 0.0 0.7 6 0.8333333333333334 0.0 0.9 0 1 1
5 0.1 8 0.625 0.0 0.4 6 0.8333333333333334 0.0 0.5 6 0.8333333333333334 0.0 0.6 6 0.8333333333333334 0.0 0.7 6 0.8333333333333334 0.0 0.9 0 1 1
5 0.1 8 0.625 0.0 0.4 7 0.7142857142857143 0.0 0.5 7 0.7142857142857143 0.0 0.6 7 0.7142857142857143 0.0 0.7 7 0.7142857142857143 0.0 0.9 0 1 1
5 0.1 7 0.7142857142857143 0.0 0.4 6 0.8333333333333334 0.0 0.5 6 0.8333333333333334 0.0 0.6 5 1.0 0.0 0.7 5 1.0 0.0 0.9 0 1 1
5 0.1 6 0.8333333333333334 0.0 0.4 5 1.0 0.0 0.5 5 1.0 0.0 0.6 5 1.0 0.0 0.7 4 1.0 0.0 0.9 0 1 1
5 0.1 8 0.625 0.0 0.4 5 1.0 0.0 0.5 5 1.0 0.0 0.6 5 1.0 0.0 0.7 5 1.0 0.0 0.9 0 1 1
5 0.1 9 0.5555555555555556 0.0 0.4 6 0.8333333333333334 0.0 0.5 6 0.8333333333333334 0.0 0.6 6 0.8333333333333334 0.0 0.7 6 0.8333333333333334 0.0 0.9 0 1 1
5 0.1 8 0.625 0.0 0.4 8 0.625 0.0 0.5 7 0.7142857142857143 0.0 0.6 7 0.7142857142857143 0.0 0.7 6 0.8333333333333334 0.0 0.9 2 0.5 0.0
5 0.1 8 0.625 0.0 0.4 8 0.625 0.0 0.5 8 0.625 0.0 0.6 7 0.7142857142857143 0.0 0.7 7 0.7142857142857143 0.0 0.9 0 1 1
5 0.1 8 0.625 0.0 0.4 6 0.8333333333333334 0.0 0.5 6 0.8333333333333334 0.0 0.6 6 0.8333333333333334 0.0 0.7 6 0.8333333333333334 0.0 0.9 0 1 1
5 0.1 7 0.7142857142857143 0.0 0.4 6 0.8333333333333334 0.0 0.5 6 0.8333333333333334 0.0 0.6 5 1.0 0.0 0.7 5 1.0 0.0 0.9 0 1 1
5 0.1 9 0.5555555555555556 0.0 0.4 8 0.625 0.0 0.5 8 0.625 0.0 0.6 7 0.7142857142857143 0.0 0.7 6 0.8333333333333334 0.0 0.9 0 1 1
5 0.1 9 0.5555555555555556 0.0 0.4 7 0.7142857142857143 0.0 0.5 6 0.8333333333333334 0.0 0.6 5 1.0 0.0 0.7 5 1.0 0.0 0.9 0 1 1
5 0.1 9 0.5555555555555556 0.0 0.4 6 0.8333333333333334 0.0 0.5 6 0.8333333333333334 0.0 0.6 6 0.8333333333333334 0.0 0.7 6 0.8333333333333334 0.0 0.9 0 1 1
5 0.1 8 0.625 0.0 0.4 7 0.7142857142857143 0.0 0.5 7 0.7142857142857143 0.0 0.6 7 0.7142857142857143 0.0 0.7 6 0.8333333333333334 0.0 0.9 0 1 1
5 0.1 7 0.7142857142857143 0.0 0.4 7 0.7142857142857143 0.0 0.5 5 1.0 0.0 0.6 5 1.0 0.0 0.7 5 1.0 0.0 0.9 0 1 1
5 0.1 7 0.7142857142857143 0.0 0.4 6 0.8333333333333334 0.0 0.5 6 0.8333333333333334 0.0 0.6 6 0.8333333333333334 0.0 0.7 6 0.8333333333333334 0.0 0.9 0 1 1
5 0.1 6 0.8333333333333334 0.0 0.4 6 0.8333333333333334 0.0 0.5 6 0.8333333333333334 0.0 0.6 6 0.8333333333333334 0.0 0.7 5 1.0 0.0 0.9 0 1 1
5 0.1 8 0.625 0.0 0.4 6 0.8333333333333334 0.0 0.5 6 0.8333333333333334 0.0 0.6 6 0.8333333333333334 0.0 0.7 6 0.8333333333333334 0.0 0.9 0 1 1
5 0.1 7 0.7142857142857143 0.0 0.4 6 0.8333333333333334 0.0 0.5 5 1.0 0.0 0.6 5 1.0 0.0 0.7 5 1.0 0.0 0.9 0 1 1
5 0.1 7 0.7142857142857143 0.0 0.4 6 0.8333333333333334 0.0 0.5 6 0.8333333333333334 0.0 0.6 5 1.0 0.0 0.7 5 1.0 0.0 0.9 0 1 1
5 0.1 7 0.7142857142857143 0.0 0.4 7 0.7142857142857143 0.0 0.5 6 0.8333333333333334 0.0 0.6 6 0.8333333333333334 0.0 0.7 6 0.8333333333333334 0.0 0.9 0 1 1
5 0.1 7 0.7142857142857143 0.0 0.4 6 0.8333333333333334 0.0 0.5 6 0.8333333333333334 0.0 0.6 6 0.8333333333333334 0.0 0.7 6 0.8333333333333334 0.0 0.9 0 1 1
5 0.1 7 0.7142857142857143 0.0 0.4 6 0.8333333333333334 0.0 0.5 6 0.8333333333333334 0.0 0.6 6 0.8333333333333334 0.0 0.7 6 0.8333333333333334 0.0 0.9 0 1 1
5 0.1 7 0.7142857142857143 0.0 0.4 7 0.7142857142857143 0.0 0.5 6 0.8333333333333334 0.0 0.6 6 0.8333333333333334 0.0 0.7 6 0.8333333333333334 0.0 0.9 0 1 1
5 0.1 7 0.7142857142857143 0.0 0.4 6 0.8333333333333334 0.0 0.5 6 0.8333333333333334 0.0 0.6 6 0.8333333333333334 0.0 0.7 6 0.8333333333333334 0.0 0.9 0 1 1
5 0.1 8 0.625 0.0 0.4 6 0.8333333333333334 0.0 0.5 6 0.8333333333333334 0.0 0.6 6 0.8333333333333334 0.0 0.7 6 0.8333333333333334 0.0 0.9 0 1 1
5 0.1 8 0.625 0.0 0.4 7 0.7142857142857143 0.0 0.5 7 0.7142857142857143 0.0 0.6 7 0.7142857142857143 0.0 0.7 6 0.8333333333333334 0.0 0.9 1 1.0 0.0
5 0.1 9 0.5555555555555556 0.0 0.4 8 0.625 0.0 0.5 6 0.8333333333333334 0.0 0.6 6 0.8333333333333334 0.0 0.7 6 0.8333333333333334 0.0 0.9 0 1 1
5 0.1 8 0.625 0.0 0.4 6 0.8333333333333334 0.0 0.5 6 0.8333333333333334 0.0 0.6 6 0.8333333333333334 0.0 0.7 5 1.0 0.0 0.9 0 1 1
5 0.1 9 0.5555555555555556 0.0 0.4 7 0.7142857142857143 0.0 0.5 7 0.7142857142857143 0.0 0.6 7 0.7142857142857143 0.0 0.7 7 0.7142857142857143 0.0 0.9 0 1 1
5 0.1 8 0.625 0.0 0.4 7 0.7142857142857143 0.0 0.5 6 0.8333333333333334 0.0 0.6 6 0.8333333333333334 0.0 0.7 6 0.8333333333333334 0.0 0.9 0 1 1
5 0.1 8 0.625 0.0 0.4 7 0.7142857142857143 0.0 0.5 7 0.7142857142857143 0.0 0.6 6 0.8333333333333334 0.0 0.7 6 0.8333333333333334 0.0 0.9 0 1 1
5 0.1 8 0.625 0.0 0.4 6 0.8333333333333334 0.0 0.5 6 0.8333333333333334 0.0 0.6 6 0.8333333333333334 0.0 0.7 6 0.8333333333333334 0.0 0.9 0 1 1
5 0.1 7 0.7142857142857143 0.0 0.4 6 0.8333333333333334 0.0 0.5 6 0.8333333333333334 0.0 0.6 6 0.8333333333333334 0.0 0.7 6 0.8333333333333334 0.0 0.9 0 1 1
