13 0.1 0 1 1 0.4 0 1 1 0.5 0 1 1 0.6 0 1 1 0.7 0 1 1 0.9 0 1 1
13 0.1 18 0.05555555555555555 0.0 0.4 1 0.0 0.0 0.5 1 0.0 0.0 0.6 0 1 1 0.7 0 1 1 0.9 0 1 1
13 0.1 57 0.12280701754385964 0.0 0.4 4 0.25 0.0 0.5 0 1 1 0.6 0 1 1 0.7 0 1 1 0.9 0 1 1
13 0.1 40 0.125 0.0 0.4 8 0.25 0.0 0.5 6 0.3333333333333333 0.0 0.6 2 0.0 0.0 0.7 0 1 1 0.9 0 1 1
13 0.1 181 0.06077348066298342 0.0 0.4 45 0.15555555555555556 0.0 0.5 25 0.28 0.0 0.6 7 0.42857142857142855 0.0 0.7 1 1.0 0.0 0.9 0 1 1
13 0.1 99 0.12121212121212122 0.0 0.4 10 0.3 0.0 0.5 4 0.25 0.0 0.6 0 1 1 0.7 0 1 1 0.9 0 1 1
13 0.1 98 0.12244897959183673 0.0 0.4 16 0.25 0.0 0.5 1 1.0 0.0 0.6 1 1.0 0.0 0.7 0 1 1 0.9 0 1 1
13 0.1 89 0.12359550561797752 0.0 0.4 1 0.0 0.0 0.5 0 1 1 0.6 0 1 1 0.7 0 1 1 0.9 0 1 1
13 0.1 66 0.16666666666666666 0.0 0.4 7 0.5714285714285714 0.0 0.5 2 0.5 0.0 0.6 2 0.5 0.0 0.7 1 1.0 0.0 0.9 0 1 1
13 0.1 63 0.1746031746031746 0.0 0.4 8 0.375 0.0 0.5 3 0.3333333333333333 0.0 0.6 1 1.0 0.0 0.7 1 1.0 0.0 0.9 0 1 1
13 0.1 57 0.19298245614035087 0.0 0.4 6 0.5 0.0 0.5 3 0.3333333333333333 0.0 0.6 0 1 1 0.7 0 1 1 0.9 0 1 1
13 0.1 40 0.275 0.0 0.4 9 0.5555555555555556 0.0 0.5 6 0.6666666666666666 0.0 0.6 3 0.6666666666666666 0.0 0.7 1 1.0 0.0 0.9 0 1 1
13 0.1 11 0.45454545454545453 0.0 0.4 2 1.0 0.0 0.5 1 1.0 0.0 0.6 0 1 1 0.7 0 1 1 0.9 0 1 1
13 0.1 14 0.42857142857142855 0.0 0.4 5 0.6 0.0 0.5 3 1.0 0.0 0.6 1 1.0 0.0 0.7 0 1 1 0.9 0 1 1
13 0.1 51 0.23529411764705882 0.0 0.4 28 0.32142857142857145 0.0 0.5 21 0.38095238095238093 0.0 0.6 13 0.38461538461538464 0.0 0.7 9 0.5555555555555556 0.0 0.9 0 1 1
13 0.1 41 0.2926829268292683 0.0 0.4 19 0.47368421052631576 0.0 0.5 13 0.6153846153846154 0.0 0.6 9 0.5555555555555556 0.0 0.7 4 0.75 0.0 0.9 0 1 1
13 0.1 31 0.3225806451612903 0.0 0.4 9 0.5555555555555556 0.0 0.5 6 0.5 0.0 0.6 4 0.75 0.0 0.7 1 1.0 0.0 0.9 0 1 1
13 0.1 44 0.25 0.0 0.4 16 0.375 0.0 0.5 11 0.36363636363636365 0.0 0.6 6 0.5 0.0 0.7 2 0.5 0.0 0.9 0 1 1
13 0.1 12 0.25 0.0 0.4 0 1 1 0.5 0 1 1 0.6 0 1 1 0.7 0 1 1 0.9 0 1 1
13 0.1 42 0.2619047619047619 0.0 0.4 13 0.46153846153846156 0.0 0.5 7 0.5714285714285714 0.0 0.6 6 0.5 0.0 0.7 1 1.0 0.0 0.9 0 1 1
13 0.1 25 0.36 0.0 0.4 3 0.3333333333333333 0.0 0.5 2 0.5 0.0 0.6 1 1.0 0.0 0.7 0 1 1 0.9 0 1 1
13 0.1 11 0.36363636363636365 0.0 0.4 4 0.5 0.0 0.5 1 1.0 0.0 0.6 1 1.0 0.0 0.7 1 1.0 0.0 0.9 0 1 1
13 0.1 32 0.40625 0.0 0.4 13 0.7692307692307693 0.0 0.5 13 0.7692307692307693 0.0 0.6 9 0.8888888888888888 0.0 0.7 9 0.8888888888888888 0.0 0.9 1 1.0 0.0
13 0.1 5 0.4 0.0 0.4 0 1 1 0.5 0 1 1 0.6 0 1 1 0.7 0 1 1 0.9 0 1 1
13 0.1 47 0.2127659574468085 0.0 0.4 15 0.4 0.0 0.5 8 0.5 0.0 0.6 6 0.6666666666666666 0.0 0.7 3 1.0 0.0 0.9 0 1 1
13 0.1 24 0.375 0.0 0.4 13 0.5384615384615384 0.0 0.5 11 0.5454545454545454 0.0 0.6 4 1.0 0.0 0.7 3 1.0 0.0 0.9 0 1 1
13 0.1 22 0.5909090909090909 0.0 0.4 12 0.8333333333333334 0.0 0.5 11 0.8181818181818182 0.0 0.6 8 0.75 0.0 0.7 4 0.75 0.0 0.9 0 1 1
13 0.1 0 1 1 0.4 0 1 1 0.5 0 1 1 0.6 0 1 1 0.7 0 1 1 0.9 0 1 1
13 0.1 0 1 1 0.4 0 1 1 0.5 0 1 1 0.6 0 1 1 0.7 0 1 1 0.9 0 1 1
13 0.1 1 0.0 0.0 0.4 0 1 1 0.5 0 1 1 0.6 0 1 1 0.7 0 1 1 0.9 0 1 1
13 0.1 1 1.0 0.0 0.4 0 1 1 0.5 0 1 1 0.6 0 1 1 0.7 0 1 1 0.9 0 1 1
13 0.1 14 0.21428571428571427 0.0 0.4 3 0.3333333333333333 0.0 0.5 3 0.3333333333333333 0.0 0.6 1 0.0 0.0 0.7 0 1 1 0.9 0 1 1
13 0.1 0 1 1 0.4 0 1 1 0.5 0 1 1 0.6 0 1 1 0.7 0 1 1 0.9 0 1 1
13 0.1 0 1 1 0.4 0 1 1 0.5 0 1 1 0.6 0 1 1 0.7 0 1 1 0.9 0 1 1
13 0.1 14 0.42857142857142855 0.0 0.4 2 1.0 0.0 0.5 1 1.0 0.0 0.6 0 1 1 0.7 0 1 1 0.9 0 1 1
13 0.1 2 0.0 0.0 0.4 0 1 1 0.5 0 1 1 0.6 0 1 1 0.7 0 1 1 0.9 0 1 1
13 0.1 29 0.1724137931034483 0.0 0.4 10 0.4 0.0 0.5 5 0.6 0.0 0.6 3 0.6666666666666666 0.0 0.7 1 1.0 0.0 0.9 0 1 1
13 0.1 24 0.4166666666666667 0.0 0.4 5 1.0 0.0 0.5 4 1.0 0.0 0.6 1 1.0 0.0 0.7 0 1 1 0.9 0 1 1
13 0.1 9 0.5555555555555556 0.0 0.4 0 1 1 0.5 0 1 1 0.6 0 1 1 0.7 0 1 1 0.9 0 1 1
13 0.1 14 0.21428571428571427 0.0 0.4 0 1 1 0.5 0 1 1 0.6 0 1 1 0.7 0 1 1 0.9 0 1 1
13 0.1 21 0.5238095238095238 0.0 0.4 5 1.0 0.0 0.5 3 1.0 0.0 0.6 1 1.0 0.0 0.7 1 1.0 0.0 0.9 0 1 1
13 0.1 28 0.35714285714285715 0.03571428571428571 0.4 4 1.0 0.25 0.5 2 1.0 0.5 0.6 1 1.0 1.0 0.7 0 1 1 0.9 0 1 1
13 0.1 16 0.125 0.0 0.4 0 1 1 0.5 0 1 1 0.6 0 1 1 0.7 0 1 1 0.9 0 1 1
13 0.1 20 0.5 0.0 0.4 6 1.0 0.0 0.5 5 1.0 0.0 0.6 1 1.0 0.0 0.7 0 1 1 0.9 0 1 1
13 0.1 23 0.5652173913043478 0.0 0.4 5 1.0 0.0 0.5 2 1.0 0.0 0.6 2 1.0 0.0 0.7 2 1.0 0.0 0.9 0 1 1
13 0.1 21 0.6190476190476191 0.0 0.4 10 0.9 0.0 0.5 9 0.8888888888888888 0.0 0.6 6 1.0 0.0 0.7 4 1.0 0.0 0.9 0 1 1
13 0.1 36 0.3055555555555556 0.0 0.4 6 0.8333333333333334 0.0 0.5 3 1.0 0.0 0.6 1 1.0 0.0 0.7 0 1 1 0.9 0 1 1
13 0.1 0 1 1 0.4 0 1 1 0.5 0 1 1 0.6 0 1 1 0.7 0 1 1 0.9 0 1 1
13 0.1 25 0.48 0.0 0.4 10 0.9 0.0 0.5 7 0.8571428571428571 0.0 0.6 5 0.8 0.0 0.7 1 1.0 0.0 0.9 0 1 1
13 0.1 19 0.631578947368421 0.05263157894736842 0.4 12 0.8333333333333334 0.08333333333333333 0.5 12 0.8333333333333334 0.08333333333333333 0.6 7 1.0 0.14285714285714285 0.7 2 1.0 0.5 0.9 0 1 1
13 0.1 12 0.75 0.0 0.4 4 1.0 0.0 0.5 2 1.0 0.0 0.6 0 1 1 0.7 0 1 1 0.9 0 1 1
13 0.1 18 0.6666666666666666 0.05555555555555555 0.4 9 1.0 0.1111111111111111 0.5 8 1.0 0.125 0.6 7 1.0 0.14285714285714285 0.7 4 1.0 0.25 0.9 0 1 1
13 0.1 17 0.7647058823529411 0.0 0.4 6 1.0 0.0 0.5 6 1.0 0.0 0.6 5 1.0 0.0 0.7 3 1.0 0.0 0.9 0 1 1
13 0.1 16 0.75 0.0 0.4 7 1.0 0.0 0.5 6 1.0 0.0 0.6 5 1.0 0.0 0.7 2 1.0 0.0 0.9 0 1 1
13 0.1 19 0.6842105263157895 0.0 0.4 14 0.9285714285714286 0.0 0.5 13 0.9230769230769231 0.0 0.6 13 0.9230769230769231 0.0 0.7 9 1.0 0.0 0.9 0 1 1
13 0.1 21 0.6190476190476191 0.09523809523809523 0.4 13 0.8461538461538461 0.15384615384615385 0.5 12 0.9166666666666666 0.16666666666666666 0.6 11 0.9090909090909091 0.18181818181818182 0.7 8 1.0 0.0 0.9 0 1 1
13 0.1 31 0.41935483870967744 0.0 0.4 11 0.8181818181818182 0.0 0.5 10 0.8 0.0 0.6 5 1.0 0.0 0.7 0 1 1 0.9 0 1 1
13 0.1 32 0.40625 0.0 0.4 15 0.8666666666666667 0.0 0.5 12 0.8333333333333334 0.0 0.6 10 0.9 0.0 0.7 9 0.8888888888888888 0.0 0.9 0 1 1
13 0.1 28 0.4642857142857143 0.0 0.4 16 0.75 0.0 0.5 13 0.8461538461538461 0.0 0.6 7 1.0 0.0 0.7 6 1.0 0.0 0.9 0 1 1
13 0.1 20 0.65 0.0 0.4 15 0.8666666666666667 0.0 0.5 14 0.8571428571428571 0.0 0.6 10 0.9 0.0 0.7 8 0.875 0.0 0.9 0 1 1
13 0.1 25 0.52 0.0 0.4 15 0.8666666666666667 0.0 0.5 13 0.9230769230769231 0.0 0.6 11 0.9090909090909091 0.0 0.7 7 1.0 0.0 0.9 0 1 1
13 0.1 57 0.22807017543859648 0.0 0.4 18 0.5555555555555556 0.0 0.5 11 0.6363636363636364 0.0 0.6 5 1.0 0.0 0.7 2 1.0 0.0 0.9 0 1 1
13 0.1 27 0.48148148148148145 0.0 0.4 19 0.6842105263157895 0.0 0.5 15 0.8 0.0 0.6 11 0.9090909090909091 0.0 0.7 10 0.9 0.0 0.9 0 1 1
13 0.1 37 0.35135135135135137 0.0 0.4 10 0.8 0.0 0.5 4 0.75 0.0 0.6 3 0.6666666666666666 0.0 0.7 1 1.0 0.0 0.9 0 1 1
13 0.1 19 0.6842105263157895 0.0 0.4 13 0.9230769230769231 0.0 0.5 9 0.8888888888888888 0.0 0.6 8 0.875 0.0 0.7 5 1.0 0.0 0.9 0 1 1
13 0.1 25 0.52 0.0 0.4 14 0.8571428571428571 0.0 0.5 11 0.9090909090909091 0.0 0.6 8 0.875 0.0 0.7 3 1.0 0.0 0.9 0 1 1
13 0.1 20 0.65 0.0 0.4 12 0.9166666666666666 0.0 0.5 10 0.9 0.0 0.6 8 1.0 0.0 0.7 5 1.0 0.0 0.9 0 1 1
13 0.1 44 0.29545454545454547 0.022727272727272728 0.4 16 0.75 0.0625 0.5 13 0.8461538461538461 0.07692307692307693 0.6 10 1.0 0.1 0.7 7 1.0 0.14285714285714285 0.9 0 1 1
13 0.1 22 0.5909090909090909 0.045454545454545456 0.4 14 0.9285714285714286 0.07142857142857142 0.5 14 0.9285714285714286 0.07142857142857142 0.6 12 0.9166666666666666 0.0 0.7 10 0.9 0.0 0.9 0 1 1
13 0.1 20 0.65 0.05 0.4 13 1.0 0.07692307692307693 0.5 12 1.0 0.08333333333333333 0.6 11 1.0 0.09090909090909091 0.7 10 1.0 0.1 0.9 0 1 1
13 0.1 20 0.65 0.0 0.4 12 1.0 0.0 0.5 12 1.0 0.0 0.6 11 1.0 0.0 0.7 9 1.0 0.0 0.9 0 1 1
13 0.1 20 0.65 0.0 0.4 13 0.9230769230769231 0.0 0.5 13 0.9230769230769231 0.0 0.6 10 1.0 0.0 0.7 8 1.0 0.0 0.9 0 1 1
13 0.1 32 0.40625 0.0 0.4 12 0.8333333333333334 0.0 0.5 11 0.8181818181818182 0.0 0.6 6 1.0 0.0 0.7 3 1.0 0.0 0.9 0 1 1
13 0.1 54 0.24074074074074073 0.018518518518518517 0.4 20 0.6 0.05 0.5 12 0.8333333333333334 0.08333333333333333 0.6 11 0.9090909090909091 0.09090909090909091 0.7 6 1.0 0.16666666666666666 0.9 0 1 1
13 0.1 20 0.55 0.05 0.4 10 0.9 0.0 0.5 7 0.8571428571428571 0.0 0.6 5 1.0 0.0 0.7 3 1.0 0.0 0.9 0 1 1
13 0.1 24 0.5416666666666666 0.0 0.4 15 0.8666666666666667 0.0 0.5 13 0.9230769230769231 0.0 0.6 9 1.0 0.0 0.7 7 1.0 0.0 0.9 0 1 1
13 0.1 27 0.48148148148148145 0.037037037037037035 0.4 14 0.8571428571428571 0.07142857142857142 0.5 12 0.9166666666666666 0.08333333333333333 0.6 11 0.9090909090909091 0.09090909090909091 0.7 7 1.0 0.14285714285714285 0.9 0 1 1
13 0.1 20 0.65 0.0 0.4 16 0.8125 0.0 0.5 15 0.8666666666666667 0.0 0.6 13 0.9230769230769231 0.0 0.7 12 1.0 0.0 0.9 0 1 1
13 0.1 22 0.5909090909090909 0.0 0.4 18 0.7222222222222222 0.0 0.5 15 0.8 0.0 0.6 14 0.8571428571428571 0.0 0.7 12 0.9166666666666666 0.0 0.9 0 1 1
13 0.1 38 0.34210526315789475 0.0 0.4 14 0.7857142857142857 0.0 0.5 11 0.9090909090909091 0.0 0.6 10 1.0 0.0 0.7 3 1.0 0.0 0.9 0 1 1
13 0.1 24 0.5416666666666666 0.0 0.4 16 0.8125 0.0 0.5 12 0.9166666666666666 0.0 0.6 10 0.9 0.0 0.7 9 1.0 0.0 0.9 0 1 1
13 0.1 19 0.6842105263157895 0.05263157894736842 0.4 9 0.8888888888888888 0.1111111111111111 0.5 8 0.875 0.125 0.6 5 1.0 0.2 0.7 4 1.0 0.25 0.9 0 1 1
13 0.1 20 0.65 0.0 0.4 15 0.8666666666666667 0.0 0.5 14 0.8571428571428571 0.0 0.6 12 1.0 0.0 0.7 8 1.0 0.0 0.9 0 1 1
13 0.1 21 0.6190476190476191 0.047619047619047616 0.4 16 0.8125 0.0625 0.5 16 0.8125 0.0625 0.6 14 0.8571428571428571 0.07142857142857142 0.7 12 1.0 0.08333333333333333 0.9 0 1 1
13 0.1 21 0.6190476190476191 0.047619047619047616 0.4 14 0.8571428571428571 0.07142857142857142 0.5 14 0.8571428571428571 0.07142857142857142 0.6 13 0.9230769230769231 0.07692307692307693 0.7 12 1.0 0.08333333333333333 0.9 0 1 1
13 0.1 24 0.5416666666666666 0.08333333333333333 0.4 16 0.8125 0.125 0.5 14 0.9285714285714286 0.14285714285714285 0.6 11 1.0 0.18181818181818182 0.7 10 1.0 0.2 0.9 0 1 1
13 0.1 19 0.6842105263157895 0.05263157894736842 0.4 16 0.8125 0.0625 0.5 16 0.8125 0.0625 0.6 15 0.8666666666666667 0.06666666666666667 0.7 14 0.9285714285714286 0.07142857142857142 0.9 0 1 1
13 0.1 21 0.6190476190476191 0.047619047619047616 0.4 16 0.8125 0.0625 0.5 15 0.8666666666666667 0.06666666666666667 0.6 15 0.8666666666666667 0.06666666666666667 0.7 12 0.9166666666666666 0.08333333333333333 0.9 0 1 1
13 0.1 19 0.6842105263157895 0.05263157894736842 0.4 17 0.7058823529411765 0.058823529411764705 0.5 14 0.8571428571428571 0.07142857142857142 0.6 12 0.9166666666666666 0.0 0.7 10 0.9 0.0 0.9 0 1 1
13 0.1 20 0.65 0.05 0.4 14 0.9285714285714286 0.07142857142857142 0.5 14 0.9285714285714286 0.07142857142857142 0.6 12 1.0 0.08333333333333333 0.7 9 1.0 0.1111111111111111 0.9 0 1 1
13 0.1 16 0.8125 0.0625 0.4 14 0.9285714285714286 0.07142857142857142 0.5 14 0.9285714285714286 0.07142857142857142 0.6 13 1.0 0.07692307692307693 0.7 9 1.0 0.1111111111111111 0.9 0 1 1
13 0.1 20 0.65 0.0 0.4 17 0.7647058823529411 0.0 0.5 16 0.8125 0.0 0.6 15 0.8666666666666667 0.0 0.7 13 1.0 0.0 0.9 0 1 1
13 0.1 20 0.65 0.0 0.4 16 0.8125 0.0 0.5 15 0.8666666666666667 0.0 0.6 13 1.0 0.0 0.7 13 1.0 0.0 0.9 0 1 1
13 0.1 28 0.4642857142857143 0.0 0.4 19 0.631578947368421 0.0 0.5 15 0.7333333333333333 0.0 0.6 13 0.8461538461538461 0.0 0.7 10 0.9 0.0 0.9 0 1 1
13 0.1 20 0.65 0.0 0.4 16 0.8125 0.0 0.5 15 0.8666666666666667 0.0 0.6 15 0.8666666666666667 0.0 0.7 12 0.9166666666666666 0.0 0.9 0 1 1
13 0.1 24 0.5416666666666666 0.0 0.4 17 0.7647058823529411 0.0 0.5 15 0.8666666666666667 0.0 0.6 14 0.9285714285714286 0.0 0.7 14 0.9285714285714286 0.0 0.9 0 1 1
13 0.1 35 0.37142857142857144 0.0 0.4 17 0.7647058823529411 0.0 0.5 15 0.8666666666666667 0.0 0.6 14 0.9285714285714286 0.0 0.7 11 1.0 0.0 0.9 0 1 1
13 0.1 21 0.6190476190476191 0.0 0.4 15 0.8666666666666667 0.0 0.5 15 0.8666666666666667 0.0 0.6 14 0.9285714285714286 0.0 0.7 10 1.0 0.0 0.9 0 1 1
13 0.1 26 0.5 0.038461538461538464 0.4 12 0.75 0.08333333333333333 0.5 9 1.0 0.1111111111111111 0.6 6 1.0 0.16666666666666666 0.7 5 1.0 0.2 0.9 0 1 1
13 0.1 20 0.65 0.0 0.4 15 0.8666666666666667 0.0 0.5 13 0.9230769230769231 0.0 0.6 13 0.9230769230769231 0.0 0.7 8 1.0 0.0 0.9 0 1 1
13 0.1 20 0.65 0.0 0.4 14 0.9285714285714286 0.0 0.5 11 1.0 0.0 0.6 11 1.0 0.0 0.7 8 1.0 0.0 0.9 0 1 1
13 0.1 20 0.65 0.0 0.4 16 0.8125 0.0 0.5 13 1.0 0.0 0.6 12 1.0 0.0 0.7 10 1.0 0.0 0.9 0 1 1
13 0.1 21 0.6190476190476191 0.0 0.4 18 0.7222222222222222 0.0 0.5 14 0.9285714285714286 0.0 0.6 14 0.9285714285714286 0.0 0.7 13 0.9230769230769231 0.0 0.9 0 1 1
13 0.1 19 0.6842105263157895 0.0 0.4 15 0.8666666666666667 0.0 0.5 14 0.9285714285714286 0.0 0.6 14 0.9285714285714286 0.0 0.7 12 0.9166666666666666 0.0 0.9 1 1.0 0.0
13 0.1 19 0.6842105263157895 0.0 0.4 15 0.8666666666666667 0.0 0.5 14 0.9285714285714286 0.0 0.6 14 0.9285714285714286 0.0 0.7 14 0.9285714285714286 0.0 0.9 0 1 1
13 0.1 21 0.6190476190476191 0.0 0.4 15 0.8666666666666667 0.0 0.5 14 0.9285714285714286 0.0 0.6 14 0.9285714285714286 0.0 0.7 13 1.0 0.0 0.9 0 1 1
13 0.1 21 0.6190476190476191 0.0 0.4 17 0.7647058823529411 0.0 0.5 16 0.8125 0.0 0.6 15 0.8666666666666667 0.0 0.7 13 1.0 0.0 0.9 0 1 1
13 0.1 20 0.65 0.0 0.4 17 0.7647058823529411 0.0 0.5 16 0.8125 0.0 0.6 14 0.9285714285714286 0.0 0.7 14 0.9285714285714286 0.0 0.9 0 1 1
13 0.1 19 0.6842105263157895 0.0 0.4 14 0.8571428571428571 0.0 0.5 11 0.9090909090909091 0.0 0.6 11 0.9090909090909091 0.0 0.7 9 1.0 0.0 0.9 0 1 1
13 0.1 23 0.5652173913043478 0.0 0.4 19 0.6842105263157895 0.0 0.5 17 0.7647058823529411 0.0 0.6 14 0.8571428571428571 0.0 0.7 10 1.0 0.0 0.9 0 1 1
13 0.1 19 0.6842105263157895 0.05263157894736842 0.4 11 1.0 0.0 0.5 11 1.0 0.0 0.6 11 1.0 0.0 0.7 8 1.0 0.0 0.9 0 1 1
13 0.1 20 0.65 0.0 0.4 16 0.8125 0.0 0.5 14 0.9285714285714286 0.0 0.6 14 0.9285714285714286 0.0 0.7 13 0.9230769230769231 0.0 0.9 1 1.0 0.0
13 0.1 19 0.6842105263157895 0.0 0.4 16 0.8125 0.0 0.5 14 0.9285714285714286 0.0 0.6 14 0.9285714285714286 0.0 0.7 13 0.9230769230769231 0.0 0.9 0 1 1
13 0.1 20 0.65 0.0 0.4 16 0.8125 0.0 0.5 14 0.9285714285714286 0.0 0.6 14 0.9285714285714286 0.0 0.7 14 0.9285714285714286 0.0 0.9 0 1 1
13 0.1 18 0.7222222222222222 0.0 0.4 15 0.8666666666666667 0.0 0.5 15 0.8666666666666667 0.0 0.6 14 0.9285714285714286 0.0 0.7 12 0.9166666666666666 0.0 0.9 0 1 1
13 0.1 20 0.65 0.0 0.4 14 0.9285714285714286 0.0 0.5 14 0.9285714285714286 0.0 0.6 14 0.9285714285714286 0.0 0.7 12 0.9166666666666666 0.0 0.9 0 1 1
13 0.1 17 0.7647058823529411 0.0 0.4 15 0.8666666666666667 0.0 0.5 15 0.8666666666666667 0.0 0.6 15 0.8666666666666667 0.0 0.7 14 0.9285714285714286 0.0 0.9 0 1 1
13 0.1 19 0.6842105263157895 0.0 0.4 14 0.9285714285714286 0.0 0.5 13 0.9230769230769231 0.0 0.6 13 0.9230769230769231 0.0 0.7 12 0.9166666666666666 0.0 0.9 0 1 1
13 0.1 19 0.6842105263157895 0.0 0.4 15 0.8666666666666667 0.0 0.5 14 0.9285714285714286 0.0 0.6 14 0.9285714285714286 0.0 0.7 11 1.0 0.0 0.9 0 1 1
13 0.1 18 0.7222222222222222 0.0 0.4 14 0.9285714285714286 0.0 0.5 14 0.9285714285714286 0.0 0.6 11 1.0 0.0 0.7 10 1.0 0.0 0.9 0 1 1
13 0.1 18 0.7222222222222222 0.0 0.4 15 0.8666666666666667 0.0 0.5 13 1.0 0.0 0.6 13 1.0 0.0 0.7 12 1.0 0.0 0.9 0 1 1
13 0.1 20 0.65 0.05 0.4 14 0.8571428571428571 0.0 0.5 13 0.9230769230769231 0.0 0.6 12 0.9166666666666666 0.0 0.7 9 1.0 0.0 0.9 0 1 1
13 0.1 15 0.8666666666666667 0.06666666666666667 0.4 13 0.9230769230769231 0.07692307692307693 0.5 11 1.0 0.09090909090909091 0.6 8 1.0 0.125 0.7 7 1.0 0.14285714285714285 0.9 0 1 1
13 0.1 21 0.6190476190476191 0.0 0.4 14 0.9285714285714286 0.0 0.5 14 0.9285714285714286 0.0 0.6 14 0.9285714285714286 0.0 0.7 10 1.0 0.0 0.9 0 1 1
13 0.1 18 0.7222222222222222 0.1111111111111111 0.4 15 0.8666666666666667 0.13333333333333333 0.5 13 0.9230769230769231 0.15384615384615385 0.6 10 1.0 0.2 0.7 10 1.0 0.2 0.9 0 1 1
13 0.1 20 0.65 0.0 0.4 15 0.8666666666666667 0.0 0.5 15 0.8666666666666667 0.0 0.6 14 0.9285714285714286 0.0 0.7 14 0.9285714285714286 0.0 0.9 0 1 1
13 0.1 17 0.7647058823529411 0.0 0.4 14 0.9285714285714286 0.0 0.5 14 0.9285714285714286 0.0 0.6 13 1.0 0.0 0.7 13 1.0 0.0 0.9 0 1 1
13 0.1 17 0.7647058823529411 0.0 0.4 14 0.9285714285714286 0.0 0.5 13 1.0 0.0 0.6 12 1.0 0.0 0.7 10 1.0 0.0 0.9 0 1 1
13 0.1 18 0.7222222222222222 0.05555555555555555 0.4 15 0.8666666666666667 0.06666666666666667 0.5 14 0.9285714285714286 0.07142857142857142 0.6 14 0.9285714285714286 0.07142857142857142 0.7 12 0.9166666666666666 0.08333333333333333 0.9 0 1 1
13 0.1 18 0.7222222222222222 0.0 0.4 17 0.7647058823529411 0.0 0.5 16 0.8125 0.0 0.6 14 0.9285714285714286 0.0 0.7 13 0.9230769230769231 0.0 0.9 0 1 1
13 0.1 17 0.7647058823529411 0.0 0.4 14 0.9285714285714286 0.0 0.5 13 1.0 0.0 0.6 11 1.0 0.0 0.7 11 1.0 0.0 0.9 0 1 1
13 0.1 21 0.6190476190476191 0.047619047619047616 0.4 14 0.9285714285714286 0.07142857142857142 0.5 13 1.0 0.07692307692307693 0.6 13 1.0 0.07692307692307693 0.7 12 1.0 0.08333333333333333 0.9 0 1 1
13 0.1 17 0.7647058823529411 0.0 0.4 16 0.8125 0.0 0.5 15 0.8666666666666667 0.0 0.6 15 0.8666666666666667 0.0 0.7 12 1.0 0.0 0.9 0 1 1
13 0.1 21 0.6190476190476191 0.0 0.4 16 0.8125 0.0 0.5 14 0.9285714285714286 0.0 0.6 12 1.0 0.0 0.7 11 1.0 0.0 0.9 0 1 1
13 0.1 18 0.7222222222222222 0.0 0.4 15 0.8666666666666667 0.0 0.5 14 0.9285714285714286 0.0 0.6 13 1.0 0.0 0.7 12 1.0 0.0 0.9 0 1 1
13 0.1 17 0.7647058823529411 0.0 0.4 14 0.9285714285714286 0.0 0.5 13 1.0 0.0 0.6 11 1.0 0.0 0.7 9 1.0 0.0 0.9 0 1 1
13 0.1 21 0.6190476190476191 0.0 0.4 13 0.9230769230769231 0.0 0.5 13 0.9230769230769231 0.0 0.6 12 1.0 0.0 0.7 11 1.0 0.0 0.9 0 1 1
13 0.1 21 0.6190476190476191 0.0 0.4 15 0.8 0.0 0.5 13 0.9230769230769231 0.0 0.6 13 0.9230769230769231 0.0 0.7 11 1.0 0.0 0.9 0 1 1
13 0.1 19 0.6842105263157895 0.0 0.4 14 0.9285714285714286 0.0 0.5 14 0.9285714285714286 0.0 0.6 14 0.9285714285714286 0.0 0.7 12 1.0 0.0 0.9 0 1 1
13 0.1 20 0.65 0.0 0.4 16 0.8125 0.0 0.5 15 0.8666666666666667 0.0 0.6 15 0.8666666666666667 0.0 0.7 13 0.9230769230769231 0.0 0.9 1 1.0 0.0
13 0.1 21 0.6190476190476191 0.0 0.4 16 0.8125 0.0 0.5 14 0.9285714285714286 0.0 0.6 13 0.9230769230769231 0.0 0.7 12 1.0 0.0 0.9 0 1 1
13 0.1 19 0.6842105263157895 0.0 0.4 15 0.8666666666666667 0.0 0.5 13 1.0 0.0 0.6 13 1.0 0.0 0.7 12 1.0 0.0 0.9 1 1.0 0.0
13 0.1 18 0.7222222222222222 0.0 0.4 13 0.9230769230769231 0.0 0.5 12 0.9166666666666666 0.0 0.6 10 1.0 0.0 0.7 8 1.0 0.0 0.9 0 1 1
13 0.1 16 0.8125 0.0 0.4 15 0.8666666666666667 0.0 0.5 12 1.0 0.0 0.6 12 1.0 0.0 0.7 9 1.0 0.0 0.9 0 1 1
13 0.1 15 0.8666666666666667 0.0 0.4 12 0.9166666666666666 0.0 0.5 11 0.9090909090909091 0.0 0.6 10 1.0 0.0 0.7 8 1.0 0.0 0.9 0 1 1
13 0.1 19 0.6842105263157895 0.0 0.4 14 0.9285714285714286 0.0 0.5 14 0.9285714285714286 0.0 0.6 13 1.0 0.0 0.7 12 1.0 0.0 0.9 0 1 1
13 0.1 21 0.6190476190476191 0.0 0.4 15 0.8666666666666667 0.0 0.5 14 0.9285714285714286 0.0 0.6 13 1.0 0.0 0.7 12 1.0 0.0 0.9 0 1 1
13 0.1 19 0.631578947368421 0.05263157894736842 0.4 12 1.0 0.08333333333333333 0.5 11 1.0 0.09090909090909091 0.6 10 1.0 0.1 0.7 8 1.0 0.125 0.9 0 1 1
13 0.1 18 0.7222222222222222 0.0 0.4 18 0.7222222222222222 0.0 0.5 13 1.0 0.0 0.6 13 1.0 0.0 0.7 11 1.0 0.0 0.9 0 1 1
13 0.1 20 0.65 0.0 0.4 18 0.7222222222222222 0.0 0.5 17 0.7647058823529411 0.0 0.6 14 0.9285714285714286 0.0 0.7 14 0.9285714285714286 0.0 0.9 1 1.0 0.0
13 0.1 19 0.6842105263157895 0.0 0.4 17 0.7647058823529411 0.0 0.5 14 0.9285714285714286 0.0 0.6 13 1.0 0.0 0.7 13 1.0 0.0 0.9 0 1 1
13 0.1 16 0.8125 0.0 0.4 15 0.8666666666666667 0.0 0.5 12 1.0 0.0 0.6 12 1.0 0.0 0.7 11 1.0 0.0 0.9 0 1 1
13 0.1 17 0.7647058823529411 0.0 0.4 12 1.0 0.0 0.5 12 1.0 0.0 0.6 11 1.0 0.0 0.7 10 1.0 0.0 0.9 0 1 1
13 0.1 20 0.65 0.0 0.4 16 0.75 0.0 0.5 13 0.9230769230769231 0.0 0.6 12 1.0 0.0 0.7 12 1.0 0.0 0.9 0 1 1
13 0.1 18 0.7222222222222222 0.0 0.4 13 0.9230769230769231 0.0 0.5 12 1.0 0.0 0.6 12 1.0 0.0 0.7 11 1.0 0.0 0.9 0 1 1
13 0.1 18 0.7222222222222222 0.05555555555555555 0.4 14 0.9285714285714286 0.07142857142857142 0.5 14 0.9285714285714286 0.07142857142857142 0.6 13 0.9230769230769231 0.07692307692307693 0.7 13 0.9230769230769231 0.07692307692307693 0.9 0 1 1
13 0.1 17 0.7647058823529411 0.058823529411764705 0.4 13 1.0 0.07692307692307693 0.5 13 1.0 0.07692307692307693 0.6 12 1.0 0.08333333333333333 0.7 12 1.0 0.08333333333333333 0.9 0 1 1
13 0.1 17 0.7647058823529411 0.0 0.4 12 1.0 0.0 0.5 11 1.0 0.0 0.6 11 1.0 0.0 0.7 10 1.0 0.0 0.9 0 1 1
13 0.1 18 0.7222222222222222 0.05555555555555555 0.4 17 0.7647058823529411 0.058823529411764705 0.5 16 0.8125 0.0625 0.6 13 1.0 0.07692307692307693 0.7 12 1.0 0.08333333333333333 0.9 1 1.0 0.0
13 0.1 18 0.7222222222222222 0.0 0.4 16 0.8125 0.0 0.5 15 0.8666666666666667 0.0 0.6 15 0.8666666666666667 0.0 0.7 14 0.9285714285714286 0.0 0.9 1 1.0 0.0
13 0.1 17 0.7647058823529411 0.0 0.4 16 0.8125 0.0 0.5 15 0.8666666666666667 0.0 0.6 14 0.9285714285714286 0.0 0.7 14 0.9285714285714286 0.0 0.9 0 1 1
13 0.1 17 0.7647058823529411 0.0 0.4 14 0.9285714285714286 0.0 0.5 14 0.9285714285714286 0.0 0.6 13 1.0 0.0 0.7 13 1.0 0.0 0.9 0 1 1
13 0.1 18 0.7222222222222222 0.05555555555555555 0.4 15 0.8666666666666667 0.06666666666666667 0.5 14 0.9285714285714286 0.07142857142857142 0.6 13 1.0 0.07692307692307693 0.7 12 1.0 0.08333333333333333 0.9 0 1 1
13 0.1 19 0.6842105263157895 0.0 0.4 16 0.8125 0.0 0.5 16 0.8125 0.0 0.6 15 0.8666666666666667 0.0 0.7 14 0.9285714285714286 0.0 0.9 1 1.0 0.0
13 0.1 22 0.5909090909090909 0.0 0.4 17 0.7647058823529411 0.0 0.5 16 0.8125 0.0 0.6 13 0.9230769230769231 0.0 0.7 11 1.0 0.0 0.9 0 1 1
13 0.1 22 0.5909090909090909 0.0 0.4 16 0.75 0.0 0.5 15 0.7333333333333333 0.0 0.6 13 0.8461538461538461 0.0 0.7 10 1.0 0.0 0.9 0 1 1
13 0.1 22 0.5909090909090909 0.0 0.4 18 0.7222222222222222 0.0 0.5 17 0.7647058823529411 0.0 0.6 12 1.0 0.0 0.7 12 1.0 0.0 0.9 1 1.0 0.0
13 0.1 21 0.6190476190476191 0.0 0.4 18 0.7222222222222222 0.0 0.5 16 0.8125 0.0 0.6 14 0.9285714285714286 0.0 0.7 13 0.9230769230769231 0.0 0.9 1 1.0 0.0
13 0.1 19 0.6842105263157895 0.0 0.4 15 0.8666666666666667 0.0 0.5 15 0.8666666666666667 0.0 0.6 13 0.8461538461538461 0.0 0.7 12 0.9166666666666666 0.0 0.9 0 1 1
13 0.1 22 0.5909090909090909 0.0 0.4 18 0.7222222222222222 0.0 0.5 15 0.8666666666666667 0.0 0.6 15 0.8666666666666667 0.0 0.7 13 0.9230769230769231 0.0 0.9 0 1 1
13 0.1 18 0.7222222222222222 0.0 0.4 16 0.8125 0.0 0.5 15 0.8666666666666667 0.0 0.6 14 0.8571428571428571 0.0 0.7 12 1.0 0.0 0.9 0 1 1
13 0.1 19 0.6842105263157895 0.0 0.4 17 0.7647058823529411 0.0 0.5 15 0.8666666666666667 0.0 0.6 15 0.8666666666666667 0.0 0.7 13 0.9230769230769231 0.0 0.9 1 1.0 0.0
13 0.1 18 0.7222222222222222 0.0 0.4 17 0.7647058823529411 0.0 0.5 17 0.7647058823529411 0.0 0.6 15 0.8666666666666667 0.0 0.7 14 0.9285714285714286 0.0 0.9 0 1 1
13 0.1 21 0.6190476190476191 0.0 0.4 16 0.8125 0.0 0.5 16 0.8125 0.0 0.6 15 0.8666666666666667 0.0 0.7 14 0.9285714285714286 0.0 0.9 0 1 1
13 0.1 20 0.65 0.0 0.4 18 0.7222222222222222 0.0 0.5 17 0.7647058823529411 0.0 0.6 16 0.8125 0.0 0.7 13 1.0 0.0 0.9 1 1.0 0.0
13 0.1 17 0.7647058823529411 0.0 0.4 14 0.9285714285714286 0.0 0.5 14 0.9285714285714286 0.0 0.6 14 0.9285714285714286 0.0 0.7 11 1.0 0.0 0.9 0 1 1
13 0.1 19 0.6842105263157895 0.0 0.4 16 0.8125 0.0 0.5 16 0.8125 0.0 0.6 16 0.8125 0.0 0.7 13 0.9230769230769231 0.0 0.9 0 1 1
13 0.1 19 0.6842105263157895 0.0 0.4 16 0.8125 0.0 0.5 16 0.8125 0.0 0.6 16 0.8125 0.0 0.7 13 1.0 0.0 0.9 0 1 1
13 0.1 17 0.7647058823529411 0.0 0.4 16 0.8125 0.0 0.5 15 0.8666666666666667 0.0 0.6 14 0.9285714285714286 0.0 0.7 13 0.9230769230769231 0.0 0.9 0 1 1
13 0.1 16 0.8125 0.0 0.4 14 0.9285714285714286 0.0 0.5 13 0.9230769230769231 0.0 0.6 12 1.0 0.0 0.7 11 1.0 0.0 0.9 0 1 1
13 0.1 17 0.7647058823529411 0.11764705882352941 0.4 15 0.8666666666666667 0.13333333333333333 0.5 14 0.9285714285714286 0.14285714285714285 0.6 12 1.0 0.16666666666666666 0.7 12 1.0 0.16666666666666666 0.9 0 1 1
13 0.1 20 0.65 0.0 0.4 17 0.7058823529411765 0.0 0.5 15 0.8 0.0 0.6 13 0.9230769230769231 0.0 0.7 12 1.0 0.0 0.9 0 1 1
13 0.1 19 0.6842105263157895 0.0 0.4 16 0.8125 0.0 0.5 15 0.8 0.0 0.6 14 0.8571428571428571 0.0 0.7 12 1.0 0.0 0.9 0 1 1
13 0.1 17 0.7647058823529411 0.058823529411764705 0.4 14 0.9285714285714286 0.07142857142857142 0.5 12 0.9166666666666666 0.0 0.6 12 0.9166666666666666 0.0 0.7 11 1.0 0.0 0.9 0 1 1
13 0.1 16 0.8125 0.0 0.4 13 0.9230769230769231 0.0 0.5 12 1.0 0.0 0.6 12 1.0 0.0 0.7 11 1.0 0.0 0.9 0 1 1
13 0.1 17 0.7647058823529411 0.0 0.4 14 0.9285714285714286 0.0 0.5 13 0.9230769230769231 0.0 0.6 12 1.0 0.0 0.7 12 1.0 0.0 0.9 0 1 1
13 0.1 19 0.6842105263157895 0.0 0.4 15 0.8666666666666667 0.0 0.5 13 1.0 0.0 0.6 12 1.0 0.0 0.7 12 1.0 0.0 0.9 0 1 1
13 0.1 16 0.8125 0.0 0.4 14 0.8571428571428571 0.0 0.5 12 1.0 0.0 0.6 12 1.0 0.0 0.7 12 1.0 0.0 0.9 0 1 1
13 0.1 17 0.7647058823529411 0.0 0.4 15 0.8666666666666667 0.0 0.5 13 0.9230769230769231 0.0 0.6 11 1.0 0.0 0.7 11 1.0 0.0 0.9 0 1 1
13 0.1 17 0.7647058823529411 0.0 0.4 14 0.8571428571428571 0.0 0.5 12 1.0 0.0 0.6 11 1.0 0.0 0.7 10 1.0 0.0 0.9 0 1 1
13 0.1 18 0.7222222222222222 0.0 0.4 14 0.9285714285714286 0.0 0.5 12 1.0 0.0 0.6 11 1.0 0.0 0.7 11 1.0 0.0 0.9 1 1.0 0.0
13 0.1 15 0.8666666666666667 0.0 0.4 13 0.9230769230769231 0.0 0.5 12 1.0 0.0 0.6 11 1.0 0.0 0.7 10 1.0 0.0 0.9 0 1 1
13 0.1 17 0.7647058823529411 0.0 0.4 16 0.8125 0.0 0.5 14 0.8571428571428571 0.0 0.6 12 1.0 0.0 0.7 11 1.0 0.0 0.9 1 1.0 0.0
13 0.1 18 0.7222222222222222 0.0 0.4 13 0.9230769230769231 0.0 0.5 13 0.9230769230769231 0.0 0.6 12 1.0 0.0 0.7 12 1.0 0.0 0.9 0 1 1
13 0.1 18 0.7222222222222222 0.0 0.4 13 0.9230769230769231 0.0 0.5 13 0.9230769230769231 0.0 0.6 11 1.0 0.0 0.7 11 1.0 0.0 0.9 2 1.0 0.0
13 0.1 17 0.7647058823529411 0.0 0.4 14 0.9285714285714286 0.0 0.5 13 0.9230769230769231 0.0 0.6 11 1.0 0.0 0.7 10 1.0 0.0 0.9 1 1.0 0.0
13 0.1 16 0.8125 0.0 0.4 16 0.8125 0.0 0.5 16 0.8125 0.0 0.6 15 0.8666666666666667 0.0 0.7 12 1.0 0.0 0.9 1 1.0 0.0
13 0.1 19 0.6842105263157895 0.0 0.4 14 0.8571428571428571 0.0 0.5 13 0.9230769230769231 0.0 0.6 13 0.9230769230769231 0.0 0.7 12 1.0 0.0 0.9 1 1.0 0.0
13 0.1 18 0.7222222222222222 0.0 0.4 16 0.8125 0.0 0.5 16 0.8125 0.0 0.6 13 0.9230769230769231 0.0 0.7 13 0.9230769230769231 0.0 0.9 1 1.0 0.0
13 0.1 18 0.7222222222222222 0.0 0.4 15 0.8 0.0 0.5 14 0.8571428571428571 0.0 0.6 13 0.9230769230769231 0.0 0.7 13 0.9230769230769231 0.0 0.9 1 1.0 0.0
13 0.1 16 0.75 0.0 0.4 13 0.8461538461538461 0.0 0.5 13 0.8461538461538461 0.0 0.6 12 0.9166666666666666 0.0 0.7 12 0.9166666666666666 0.0 0.9 2 1.0 0.0
13 0.1 21 0.6190476190476191 0.0 0.4 15 0.8666666666666667 0.0 0.5 14 0.8571428571428571 0.0 0.6 14 0.8571428571428571 0.0 0.7 12 1.0 0.0 0.9 0 1 1
13 0.1 17 0.7647058823529411 0.058823529411764705 0.4 14 0.9285714285714286 0.07142857142857142 0.5 13 1.0 0.07692307692307693 0.6 12 1.0 0.08333333333333333 0.7 12 1.0 0.08333333333333333 0.9 0 1 1
13 0.1 18 0.7222222222222222 0.0 0.4 15 0.8 0.0 0.5 13 0.9230769230769231 0.0 0.6 11 1.0 0.0 0.7 11 1.0 0.0 0.9 1 1.0 0.0
13 0.1 14 0.8571428571428571 0.0 0.4 13 0.9230769230769231 0.0 0.5 12 1.0 0.0 0.6 12 1.0 0.0 0.7 12 1.0 0.0 0.9 0 1 1
13 0.1 15 0.8 0.0 0.4 13 0.9230769230769231 0.0 0.5 13 0.9230769230769231 0.0 0.6 11 1.0 0.0 0.7 10 1.0 0.0 0.9 1 1.0 0.0
13 0.1 16 0.75 0.0 0.4 13 0.9230769230769231 0.0 0.5 13 0.9230769230769231 0.0 0.6 13 0.9230769230769231 0.0 0.7 13 0.9230769230769231 0.0 0.9 1 1.0 0.0
13 0.1 18 0.7222222222222222 0.0 0.4 14 0.8571428571428571 0.0 0.5 13 0.9230769230769231 0.0 0.6 13 0.9230769230769231 0.0 0.7 13 0.9230769230769231 0.0 0.9 2 1.0 0.0
13 0.1 19 0.6842105263157895 0.0 0.4 15 0.8 0.0 0.5 15 0.8 0.0 0.6 12 1.0 0.0 0.7 12 1.0 0.0 0.9 1 1.0 0.0
13 0.1 15 0.8 0.0 0.4 13 0.9230769230769231 0.0 0.5 12 1.0 0.0 0.6 12 1.0 0.0 0.7 12 1.0 0.0 0.9 0 1 1
13 0.1 17 0.7058823529411765 0.0 0.4 14 0.8571428571428571 0.0 0.5 13 0.9230769230769231 0.0 0.6 12 1.0 0.0 0.7 12 1.0 0.0 0.9 1 1.0 0.0
13 0.1 16 0.75 0.0 0.4 15 0.8 0.0 0.5 14 0.8571428571428571 0.0 0.6 13 0.9230769230769231 0.0 0.7 12 1.0 0.0 0.9 0 1 1
13 0.1 18 0.6666666666666666 0.0 0.4 15 0.8 0.0 0.5 15 0.8 0.0 0.6 15 0.8 0.0 0.7 13 0.8461538461538461 0.0 0.9 0 1 1
13 0.1 16 0.75 0.0 0.4 14 0.8571428571428571 0.0 0.5 13 0.9230769230769231 0.0 0.6 13 0.9230769230769231 0.0 0.7 10 1.0 0.0 0.9 1 1.0 0.0
13 0.1 18 0.7222222222222222 0.0 0.4 14 0.8571428571428571 0.0 0.5 14 0.8571428571428571 0.0 0.6 13 0.9230769230769231 0.0 0.7 12 0.9166666666666666 0.0 0.9 1 1.0 0.0
13 0.1 16 0.75 0.0 0.4 14 0.8571428571428571 0.0 0.5 12 1.0 0.0 0.6 12 1.0 0.0 0.7 12 1.0 0.0 0.9 1 1.0 0.0
13 0.1 16 0.75 0.0 0.4 12 0.9166666666666666 0.0 0.5 12 0.9166666666666666 0.0 0.6 11 1.0 0.0 0.7 11 1.0 0.0 0.9 0 1 1
13 0.1 16 0.75 0.0 0.4 15 0.8 0.0 0.5 14 0.8571428571428571 0.0 0.6 12 1.0 0.0 0.7 10 1.0 0.0 0.9 2 1.0 0.0
13 0.1 17 0.7058823529411765 0.0 0.4 12 0.9166666666666666 0.0 0.5 10 1.0 0.0 0.6 10 1.0 0.0 0.7 10 1.0 0.0 0.9 2 1.0 0.0
13 0.1 17 0.7058823529411765 0.0 0.4 13 0.9230769230769231 0.0 0.5 11 1.0 0.0 0.6 11 1.0 0.0 0.7 11 1.0 0.0 0.9 2 1.0 0.0
13 0.1 17 0.7647058823529411 0.0 0.4 14 0.8571428571428571 0.0 0.5 13 0.9230769230769231 0.0 0.6 13 0.9230769230769231 0.0 0.7 13 0.9230769230769231 0.0 0.9 1 1.0 0.0
13 0.1 17 0.7647058823529411 0.0 0.4 15 0.8666666666666667 0.0 0.5 15 0.8666666666666667 0.0 0.6 13 0.9230769230769231 0.0 0.7 13 0.9230769230769231 0.0 0.9 0 1 1
13 0.1 15 0.8666666666666667 0.0 0.4 14 0.9285714285714286 0.0 0.5 14 0.9285714285714286 0.0 0.6 13 0.9230769230769231 0.0 0.7 13 0.9230769230769231 0.0 0.9 0 1 1
13 0.1 17 0.7647058823529411 0.0 0.4 14 0.9285714285714286 0.0 0.5 13 0.9230769230769231 0.0 0.6 13 0.9230769230769231 0.0 0.7 12 1.0 0.0 0.9 0 1 1
13 0.1 17 0.7647058823529411 0.0 0.4 13 0.9230769230769231 0.0 0.5 12 1.0 0.0 0.6 12 1.0 0.0 0.7 12 1.0 0.0 0.9 1 1.0 0.0
13 0.1 15 0.8666666666666667 0.0 0.4 13 0.9230769230769231 0.0 0.5 13 0.9230769230769231 0.0 0.6 11 1.0 0.0 0.7 11 1.0 0.0 0.9 2 1.0 0.0
13 0.1 16 0.8125 0.0 0.4 15 0.8666666666666667 0.0 0.5 14 0.9285714285714286 0.0 0.6 13 0.9230769230769231 0.0 0.7 12 0.9166666666666666 0.0 0.9 1 1.0 0.0
13 0.1 17 0.7647058823529411 0.0 0.4 14 0.8571428571428571 0.0 0.5 13 0.9230769230769231 0.0 0.6 13 0.9230769230769231 0.0 0.7 13 0.9230769230769231 0.0 0.9 2 1.0 0.0
13 0.1 15 0.8 0.0 0.4 13 0.9230769230769231 0.0 0.5 13 0.9230769230769231 0.0 0.6 12 1.0 0.0 0.7 12 1.0 0.0 0.9 1 1.0 0.0
13 0.1 15 0.8 0.0 0.4 12 1.0 0.0 0.5 12 1.0 0.0 0.6 12 1.0 0.0 0.7 12 1.0 0.0 0.9 0 1 1
13 0.1 17 0.7647058823529411 0.0 0.4 13 0.9230769230769231 0.0 0.5 12 1.0 0.0 0.6 12 1.0 0.0 0.7 12 1.0 0.0 0.9 2 1.0 0.0
13 0.1 18 0.7222222222222222 0.05555555555555555 0.4 14 0.8571428571428571 0.07142857142857142 0.5 14 0.8571428571428571 0.07142857142857142 0.6 13 0.9230769230769231 0.07692307692307693 0.7 12 1.0 0.08333333333333333 0.9 0 1 1
13 0.1 16 0.75 0.0 0.4 14 0.8571428571428571 0.0 0.5 13 0.9230769230769231 0.0 0.6 12 1.0 0.0 0.7 12 1.0 0.0 0.9 2 1.0 0.0
13 0.1 19 0.6842105263157895 0.0 0.4 15 0.8 0.0 0.5 15 0.8 0.0 0.6 14 0.8571428571428571 0.0 0.7 13 0.9230769230769231 0.0 0.9 1 1.0 0.0
13 0.1 18 0.6666666666666666 0.0 0.4 15 0.8 0.0 0.5 14 0.8571428571428571 0.0 0.6 13 0.9230769230769231 0.0 0.7 12 1.0 0.0 0.9 0 1 1
13 0.1 18 0.6666666666666666 0.05555555555555555 0.4 14 0.8571428571428571 0.07142857142857142 0.5 13 0.9230769230769231 0.07692307692307693 0.6 13 0.9230769230769231 0.07692307692307693 0.7 12 0.9166666666666666 0.08333333333333333 0.9 1 1.0 0.0
13 0.1 18 0.6666666666666666 0.05555555555555555 0.4 14 0.8571428571428571 0.07142857142857142 0.5 14 0.8571428571428571 0.07142857142857142 0.6 11 1.0 0.09090909090909091 0.7 11 1.0 0.09090909090909091 0.9 1 1.0 0.0
13 0.1 19 0.6842105263157895 0.0 0.4 14 0.8571428571428571 0.0 0.5 14 0.8571428571428571 0.0 0.6 13 0.9230769230769231 0.0 0.7 11 1.0 0.0 0.9 4 1.0 0.0
13 0.1 17 0.7647058823529411 0.0 0.4 15 0.8 0.0 0.5 13 0.8461538461538461 0.0 0.6 11 1.0 0.0 0.7 11 1.0 0.0 0.9 1 1.0 0.0
13 0.1 14 0.7857142857142857 0.0 0.4 12 0.9166666666666666 0.0 0.5 12 0.9166666666666666 0.0 0.6 11 1.0 0.0 0.7 11 1.0 0.0 0.9 1 1.0 0.0
13 0.1 17 0.7647058823529411 0.0 0.4 14 0.7857142857142857 0.0 0.5 14 0.7857142857142857 0.0 0.6 13 0.8461538461538461 0.0 0.7 12 0.9166666666666666 0.0 0.9 1 1.0 0.0
13 0.1 16 0.8125 0.0625 0.4 12 0.9166666666666666 0.08333333333333333 0.5 11 1.0 0.09090909090909091 0.6 11 1.0 0.09090909090909091 0.7 11 1.0 0.09090909090909091 0.9 0 1 1
13 0.1 18 0.7222222222222222 0.0 0.4 14 0.8571428571428571 0.0 0.5 13 0.8461538461538461 0.0 0.6 13 0.8461538461538461 0.0 0.7 11 1.0 0.0 0.9 2 1.0 0.0
13 0.1 17 0.7058823529411765 0.0 0.4 15 0.8 0.0 0.5 15 0.8 0.0 0.6 15 0.8 0.0 0.7 14 0.8571428571428571 0.0 0.9 3 1.0 0.0
13 0.1 17 0.7058823529411765 0.0 0.4 15 0.8 0.0 0.5 15 0.8 0.0 0.6 15 0.8 0.0 0.7 14 0.8571428571428571 0.0 0.9 3 1.0 0.0
13 0.1 17 0.7058823529411765 0.058823529411764705 0.4 14 0.8571428571428571 0.07142857142857142 0.5 13 0.9230769230769231 0.07692307692307693 0.6 12 0.9166666666666666 0.08333333333333333 0.7 11 1.0 0.09090909090909091 0.9 4 1.0 0.0
13 0.1 15 0.8 0.0 0.4 11 1.0 0.0 0.5 11 1.0 0.0 0.6 11 1.0 0.0 0.7 11 1.0 0.0 0.9 2 1.0 0.0
13 0.1 17 0.7647058823529411 0.058823529411764705 0.4 13 0.9230769230769231 0.07692307692307693 0.5 12 1.0 0.08333333333333333 0.6 12 1.0 0.08333333333333333 0.7 11 1.0 0.09090909090909091 0.9 0 1 1
13 0.1 17 0.7058823529411765 0.0 0.4 13 0.9230769230769231 0.0 0.5 13 0.9230769230769231 0.0 0.6 13 0.9230769230769231 0.0 0.7 12 1.0 0.0 0.9 1 1.0 0.0
13 0.1 15 0.8 0.0 0.4 14 0.8571428571428571 0.0 0.5 14 0.8571428571428571 0.0 0.6 12 1.0 0.0 0.7 12 1.0 0.0 0.9 1 1.0 0.0
13 0.1 17 0.7058823529411765 0.0 0.4 14 0.8571428571428571 0.0 0.5 13 0.9230769230769231 0.0 0.6 12 1.0 0.0 0.7 12 1.0 0.0 0.9 2 1.0 0.0
13 0.1 17 0.7058823529411765 0.0 0.4 15 0.8 0.0 0.5 14 0.8571428571428571 0.0 0.6 13 0.9230769230769231 0.0 0.7 12 1.0 0.0 0.9 4 1.0 0.0
13 0.1 19 0.6842105263157895 0.0 0.4 16 0.75 0.0 0.5 15 0.8 0.0 0.6 15 0.8 0.0 0.7 13 0.8461538461538461 0.0 0.9 4 1.0 0.0
13 0.1 20 0.65 0.0 0.4 17 0.7058823529411765 0.0 0.5 16 0.75 0.0 0.6 16 0.75 0.0 0.7 14 0.8571428571428571 0.0 0.9 3 1.0 0.0
13 0.1 20 0.65 0.0 0.4 14 0.8571428571428571 0.0 0.5 14 0.8571428571428571 0.0 0.6 14 0.8571428571428571 0.0 0.7 14 0.8571428571428571 0.0 0.9 2 1.0 0.0
13 0.1 18 0.7222222222222222 0.0 0.4 17 0.7647058823529411 0.0 0.5 15 0.8 0.0 0.6 15 0.8 0.0 0.7 14 0.8571428571428571 0.0 0.9 3 1.0 0.0
13 0.1 16 0.75 0.0 0.4 16 0.75 0.0 0.5 15 0.8 0.0 0.6 13 0.8461538461538461 0.0 0.7 12 0.9166666666666666 0.0 0.9 1 1.0 0.0
13 0.1 16 0.75 0.0625 0.4 15 0.8 0.06666666666666667 0.5 14 0.7857142857142857 0.07142857142857142 0.6 14 0.7857142857142857 0.07142857142857142 0.7 13 0.8461538461538461 0.07692307692307693 0.9 2 1.0 0.0
13 0.1 15 0.8 0.0 0.4 14 0.7857142857142857 0.0 0.5 13 0.8461538461538461 0.0 0.6 13 0.8461538461538461 0.0 0.7 12 0.9166666666666666 0.0 0.9 0 1 1
13 0.1 16 0.8125 0.0 0.4 14 0.8571428571428571 0.0 0.5 13 0.9230769230769231 0.0 0.6 12 0.9166666666666666 0.0 0.7 12 0.9166666666666666 0.0 0.9 1 1.0 0.0
13 0.1 16 0.75 0.0 0.4 15 0.8 0.0 0.5 14 0.8571428571428571 0.0 0.6 13 0.9230769230769231 0.0 0.7 12 1.0 0.0 0.9 2 1.0 0.0
13 0.1 16 0.75 0.0 0.4 16 0.75 0.0 0.5 16 0.75 0.0 0.6 15 0.8 0.0 0.7 14 0.8571428571428571 0.0 0.9 0 1 1
13 0.1 18 0.7222222222222222 0.0 0.4 15 0.8 0.0 0.5 15 0.8 0.0 0.6 15 0.8 0.0 0.7 14 0.8571428571428571 0.0 0.9 1 1.0 0.0
13 0.1 17 0.7647058823529411 0.0 0.4 16 0.75 0.0 0.5 14 0.7857142857142857 0.0 0.6 13 0.8461538461538461 0.0 0.7 12 0.9166666666666666 0.0 0.9 1 1.0 0.0
13 0.1 17 0.7647058823529411 0.058823529411764705 0.4 16 0.75 0.0625 0.5 14 0.8571428571428571 0.07142857142857142 0.6 14 0.8571428571428571 0.07142857142857142 0.7 14 0.8571428571428571 0.07142857142857142 0.9 2 1.0 0.0
13 0.1 17 0.7647058823529411 0.0 0.4 15 0.8 0.0 0.5 14 0.8571428571428571 0.0 0.6 14 0.8571428571428571 0.0 0.7 13 0.8461538461538461 0.0 0.9 3 1.0 0.0
13 0.1 17 0.7647058823529411 0.0 0.4 14 0.8571428571428571 0.0 0.5 14 0.8571428571428571 0.0 0.6 13 0.9230769230769231 0.0 0.7 13 0.9230769230769231 0.0 0.9 3 1.0 0.0
13 0.1 17 0.7647058823529411 0.0 0.4 14 0.8571428571428571 0.0 0.5 13 0.9230769230769231 0.0 0.6 13 0.9230769230769231 0.0 0.7 13 0.9230769230769231 0.0 0.9 2 1.0 0.0
13 0.1 17 0.7647058823529411 0.0 0.4 13 0.9230769230769231 0.0 0.5 13 0.9230769230769231 0.0 0.6 12 1.0 0.0 0.7 12 1.0 0.0 0.9 4 1.0 0.0
13 0.1 17 0.7647058823529411 0.0 0.4 13 0.9230769230769231 0.0 0.5 13 0.9230769230769231 0.0 0.6 13 0.9230769230769231 0.0 0.7 13 0.9230769230769231 0.0 0.9 4 1.0 0.0
13 0.1 17 0.7647058823529411 0.0 0.4 16 0.75 0.0 0.5 15 0.8 0.0 0.6 14 0.8571428571428571 0.0 0.7 12 1.0 0.0 0.9 4 1.0 0.0
13 0.1 17 0.7647058823529411 0.0 0.4 15 0.8 0.0 0.5 14 0.8571428571428571 0.0 0.6 14 0.8571428571428571 0.0 0.7 11 1.0 0.0 0.9 2 1.0 0.0
13 0.1 16 0.75 0.0 0.4 15 0.8 0.0 0.5 15 0.8 0.0 0.6 12 0.9166666666666666 0.0 0.7 12 0.9166666666666666 0.0 0.9 4 1.0 0.0
13 0.1 16 0.75 0.0 0.4 12 0.9166666666666666 0.0 0.5 12 0.9166666666666666 0.0 0.6 12 0.9166666666666666 0.0 0.7 11 1.0 0.0 0.9 3 1.0 0.0
13 0.1 16 0.75 0.0 0.4 14 0.8571428571428571 0.0 0.5 13 0.9230769230769231 0.0 0.6 12 1.0 0.0 0.7 12 1.0 0.0 0.9 3 1.0 0.0
13 0.1 17 0.7647058823529411 0.0 0.4 15 0.8 0.0 0.5 14 0.8571428571428571 0.0 0.6 12 1.0 0.0 0.7 10 1.0 0.0 0.9 2 1.0 0.0
13 0.1 17 0.7647058823529411 0.058823529411764705 0.4 16 0.75 0.0625 0.5 15 0.8 0.06666666666666667 0.6 14 0.8571428571428571 0.07142857142857142 0.7 14 0.8571428571428571 0.07142857142857142 0.9 1 1.0 0.0
13 0.1 17 0.7647058823529411 0.058823529411764705 0.4 15 0.8 0.06666666666666667 0.5 15 0.8 0.06666666666666667 0.6 14 0.8571428571428571 0.07142857142857142 0.7 13 0.9230769230769231 0.07692307692307693 0.9 3 1.0 0.0
13 0.1 17 0.7647058823529411 0.058823529411764705 0.4 14 0.8571428571428571 0.07142857142857142 0.5 14 0.8571428571428571 0.07142857142857142 0.6 13 0.9230769230769231 0.07692307692307693 0.7 12 0.9166666666666666 0.08333333333333333 0.9 1 1.0 0.0
13 0.1 17 0.7647058823529411 0.0 0.4 16 0.75 0.0 0.5 15 0.8 0.0 0.6 13 0.9230769230769231 0.0 0.7 13 0.9230769230769231 0.0 0.9 3 1.0 0.0
13 0.1 17 0.7058823529411765 0.0 0.4 14 0.8571428571428571 0.0 0.5 14 0.8571428571428571 0.0 0.6 13 0.9230769230769231 0.0 0.7 13 0.9230769230769231 0.0 0.9 4 1.0 0.0
13 0.1 16 0.75 0.0 0.4 14 0.8571428571428571 0.0 0.5 14 0.8571428571428571 0.0 0.6 13 0.9230769230769231 0.0 0.7 13 0.9230769230769231 0.0 0.9 1 1.0 0.0
13 0.1 17 0.7647058823529411 0.0 0.4 15 0.8 0.0 0.5 13 0.9230769230769231 0.0 0.6 13 0.9230769230769231 0.0 0.7 12 1.0 0.0 0.9 2 1.0 0.0
13 0.1 15 0.8 0.0 0.4 13 0.9230769230769231 0.0 0.5 13 0.9230769230769231 0.0 0.6 12 1.0 0.0 0.7 12 1.0 0.0 0.9 4 1.0 0.0
13 0.1 15 0.8 0.0 0.4 14 0.8571428571428571 0.0 0.5 13 0.8461538461538461 0.0 0.6 12 0.9166666666666666 0.0 0.7 11 1.0 0.0 0.9 2 1.0 0.0
13 0.1 16 0.8125 0.0 0.4 14 0.8571428571428571 0.0 0.5 14 0.8571428571428571 0.0 0.6 12 1.0 0.0 0.7 12 1.0 0.0 0.9 2 1.0 0.0
13 0.1 16 0.8125 0.0625 0.4 13 0.8461538461538461 0.07692307692307693 0.5 13 0.8461538461538461 0.07692307692307693 0.6 13 0.8461538461538461 0.07692307692307693 0.7 10 1.0 0.0 0.9 2 1.0 0.0
13 0.1 14 0.8571428571428571 0.0 0.4 13 0.8461538461538461 0.0 0.5 12 0.8333333333333334 0.0 0.6 11 0.9090909090909091 0.0 0.7 11 0.9090909090909091 0.0 0.9 1 1.0 0.0
13 0.1 16 0.8125 0.0625 0.4 14 0.8571428571428571 0.07142857142857142 0.5 14 0.8571428571428571 0.07142857142857142 0.6 14 0.8571428571428571 0.07142857142857142 0.7 13 0.9230769230769231 0.07692307692307693 0.9 4 1.0 0.0
13 0.1 17 0.7058823529411765 0.0 0.4 13 0.8461538461538461 0.0 0.5 13 0.8461538461538461 0.0 0.6 12 0.9166666666666666 0.0 0.7 12 0.9166666666666666 0.0 0.9 3 1.0 0.0
13 0.1 16 0.8125 0.0 0.4 13 0.8461538461538461 0.0 0.5 13 0.8461538461538461 0.0 0.6 12 0.9166666666666666 0.0 0.7 11 1.0 0.0 0.9 3 1.0 0.0
13 0.1 16 0.75 0.0 0.4 15 0.8 0.0 0.5 14 0.8571428571428571 0.0 0.6 12 1.0 0.0 0.7 12 1.0 0.0 0.9 5 1.0 0.0
13 0.1 16 0.75 0.0 0.4 14 0.7857142857142857 0.0 0.5 13 0.8461538461538461 0.0 0.6 12 0.9166666666666666 0.0 0.7 12 0.9166666666666666 0.0 0.9 6 1.0 0.0
13 0.1 17 0.7058823529411765 0.0 0.4 15 0.8 0.0 0.5 13 0.8461538461538461 0.0 0.6 12 0.9166666666666666 0.0 0.7 12 0.9166666666666666 0.0 0.9 3 1.0 0.0
13 0.1 16 0.6875 0.0 0.4 12 0.9166666666666666 0.0 0.5 12 0.9166666666666666 0.0 0.6 11 1.0 0.0 0.7 11 1.0 0.0 0.9 2 1.0 0.0
13 0.1 15 0.8 0.0 0.4 14 0.8571428571428571 0.0 0.5 13 0.8461538461538461 0.0 0.6 12 0.9166666666666666 0.0 0.7 11 1.0 0.0 0.9 4 1.0 0.0
13 0.1 14 0.7857142857142857 0.0 0.4 13 0.8461538461538461 0.0 0.5 13 0.8461538461538461 0.0 0.6 13 0.8461538461538461 0.0 0.7 11 1.0 0.0 0.9 2 1.0 0.0
13 0.1 17 0.7058823529411765 0.0 0.4 14 0.7857142857142857 0.0 0.5 13 0.8461538461538461 0.0 0.6 13 0.8461538461538461 0.0 0.7 12 0.9166666666666666 0.0 0.9 5 1.0 0.0
13 0.1 15 0.8 0.0 0.4 13 0.8461538461538461 0.0 0.5 11 1.0 0.0 0.6 11 1.0 0.0 0.7 11 1.0 0.0 0.9 4 1.0 0.0
13 0.1 18 0.7222222222222222 0.0 0.4 13 0.8461538461538461 0.0 0.5 13 0.8461538461538461 0.0 0.6 12 0.9166666666666666 0.0 0.7 12 0.9166666666666666 0.0 0.9 7 1.0 0.0
