8 0.1 0 1 1 0.4 0 1 1 0.5 0 1 1 0.6 0 1 1 0.7 0 1 1 0.9 0 1 1
8 0.1 32 0.0 0.0 0.4 0 1 1 0.5 0 1 1 0.6 0 1 1 0.7 0 1 1 0.9 0 1 1
8 0.1 173 0.028901734104046242 0.0 0.4 8 0.0 0.0 0.5 2 0.0 0.0 0.6 1 0.0 0.0 0.7 1 0.0 0.0 0.9 0 1 1
8 0.1 87 0.05747126436781609 0.0 0.4 9 0.1111111111111111 0.0 0.5 2 0.0 0.0 0.6 0 1 1 0.7 0 1 1 0.9 0 1 1
8 0.1 315 0.022222222222222223 0.0 0.4 87 0.08045977011494253 0.0 0.5 46 0.10869565217391304 0.0 0.6 25 0.16 0.0 0.7 8 0.375 0.0 0.9 0 1 1
8 0.1 133 0.05263157894736842 0.0 0.4 18 0.1111111111111111 0.0 0.5 3 0.0 0.0 0.6 0 1 1 0.7 0 1 1 0.9 0 1 1
8 0.1 159 0.050314465408805034 0.0 0.4 26 0.11538461538461539 0.0 0.5 11 0.2727272727272727 0.0 0.6 1 1.0 0.0 0.7 0 1 1 0.9 0 1 1
8 0.1 110 0.07272727272727272 0.0 0.4 0 1 1 0.5 0 1 1 0.6 0 1 1 0.7 0 1 1 0.9 0 1 1
8 0.1 97 0.08247422680412371 0.0 0.4 15 0.26666666666666666 0.0 0.5 7 0.42857142857142855 0.0 0.6 3 1.0 0.0 0.7 0 1 1 0.9 0 1 1
8 0.1 92 0.08695652173913043 0.0 0.4 13 0.3076923076923077 0.0 0.5 6 0.5 0.0 0.6 3 0.6666666666666666 0.0 0.7 0 1 1 0.9 0 1 1
8 0.1 79 0.10126582278481013 0.0 0.4 14 0.2857142857142857 0.0 0.5 6 0.5 0.0 0.6 0 1 1 0.7 0 1 1 0.9 0 1 1
8 0.1 64 0.125 0.0 0.4 5 0.4 0.0 0.5 0 1 1 0.6 0 1 1 0.7 0 1 1 0.9 0 1 1
8 0.1 6 0.8333333333333334 0.0 0.4 1 1.0 0.0 0.5 0 1 1 0.6 0 1 1 0.7 0 1 1 0.9 0 1 1
8 0.1 11 0.45454545454545453 0.0 0.4 1 1.0 0.0 0.5 0 1 1 0.6 0 1 1 0.7 0 1 1 0.9 0 1 1
8 0.1 57 0.14035087719298245 0.0 0.4 22 0.2727272727272727 0.0 0.5 16 0.375 0.0 0.6 10 0.5 0.0 0.7 4 1.0 0.0 0.9 0 1 1
8 0.1 53 0.1509433962264151 0.0 0.4 12 0.4166666666666667 0.0 0.5 10 0.5 0.0 0.6 7 0.5714285714285714 0.0 0.7 4 1.0 0.0 0.9 0 1 1
8 0.1 38 0.18421052631578946 0.0 0.4 13 0.5384615384615384 0.0 0.5 8 0.5 0.0 0.6 8 0.5 0.0 0.7 2 1.0 0.0 0.9 0 1 1
8 0.1 30 0.2 0.0 0.4 14 0.2857142857142857 0.0 0.5 9 0.4444444444444444 0.0 0.6 3 0.6666666666666666 0.0 0.7 1 1.0 0.0 0.9 0 1 1
8 0.1 2 0.5 0.0 0.4 0 1 1 0.5 0 1 1 0.6 0 1 1 0.7 0 1 1 0.9 0 1 1
8 0.1 52 0.15384615384615385 0.0 0.4 15 0.3333333333333333 0.0 0.5 7 0.42857142857142855 0.0 0.6 2 0.0 0.0 0.7 0 1 1 0.9 0 1 1
8 0.1 22 0.2727272727272727 0.0 0.4 2 0.0 0.0 0.5 0 1 1 0.6 0 1 1 0.7 0 1 1 0.9 0 1 1
8 0.1 19 0.3157894736842105 0.0 0.4 3 1.0 0.0 0.5 1 1.0 0.0 0.6 0 1 1 0.7 0 1 1 0.9 0 1 1
8 0.1 49 0.14285714285714285 0.0 0.4 21 0.3333333333333333 0.0 0.5 16 0.4375 0.0 0.6 13 0.46153846153846156 0.0 0.7 8 0.75 0.0 0.9 0 1 1
8 0.1 2 0.5 0.0 0.4 0 1 1 0.5 0 1 1 0.6 0 1 1 0.7 0 1 1 0.9 0 1 1
8 0.1 65 0.12307692307692308 0.0 0.4 22 0.2727272727272727 0.0 0.5 17 0.29411764705882354 0.0 0.6 8 0.25 0.0 0.7 3 0.3333333333333333 0.0 0.9 0 1 1
8 0.1 30 0.2 0.0 0.4 15 0.3333333333333333 0.0 0.5 11 0.45454545454545453 0.0 0.6 6 0.5 0.0 0.7 2 0.5 0.0 0.9 0 1 1
8 0.1 28 0.25 0.0 0.4 8 0.5 0.0 0.5 5 0.6 0.0 0.6 4 0.75 0.0 0.7 1 1.0 0.0 0.9 0 1 1
8 0.1 0 1 1 0.4 0 1 1 0.5 0 1 1 0.6 0 1 1 0.7 0 1 1 0.9 0 1 1
8 0.1 0 1 1 0.4 0 1 1 0.5 0 1 1 0.6 0 1 1 0.7 0 1 1 0.9 0 1 1
8 0.1 2 0.0 0.0 0.4 0 1 1 0.5 0 1 1 0.6 0 1 1 0.7 0 1 1 0.9 0 1 1
8 0.1 9 0.2222222222222222 0.0 0.4 0 1 1 0.5 0 1 1 0.6 0 1 1 0.7 0 1 1 0.9 0 1 1
8 0.1 20 0.2 0.0 0.4 2 0.5 0.0 0.5 0 1 1 0.6 0 1 1 0.7 0 1 1 0.9 0 1 1
8 0.1 0 1 1 0.4 0 1 1 0.5 0 1 1 0.6 0 1 1 0.7 0 1 1 0.9 0 1 1
8 0.1 0 1 1 0.4 0 1 1 0.5 0 1 1 0.6 0 1 1 0.7 0 1 1 0.9 0 1 1
8 0.1 10 0.4 0.0 0.4 0 1 1 0.5 0 1 1 0.6 0 1 1 0.7 0 1 1 0.9 0 1 1
8 0.1 3 0.0 0.0 0.4 0 1 1 0.5 0 1 1 0.6 0 1 1 0.7 0 1 1 0.9 0 1 1
8 0.1 39 0.1794871794871795 0.0 0.4 18 0.16666666666666666 0.0 0.5 8 0.125 0.0 0.6 3 0.0 0.0 0.7 0 1 1 0.9 0 1 1
8 0.1 34 0.23529411764705882 0.0 0.4 6 0.16666666666666666 0.0 0.5 1 1.0 0.0 0.6 0 1 1 0.7 0 1 1 0.9 0 1 1
8 0.1 17 0.058823529411764705 0.0 0.4 0 1 1 0.5 0 1 1 0.6 0 1 1 0.7 0 1 1 0.9 0 1 1
8 0.1 29 0.034482758620689655 0.0 0.4 0 1 1 0.5 0 1 1 0.6 0 1 1 0.7 0 1 1 0.9 0 1 1
8 0.1 30 0.2 0.0 0.4 5 0.8 0.0 0.5 3 1.0 0.0 0.6 2 1.0 0.0 0.7 0 1 1 0.9 0 1 1
8 0.1 25 0.24 0.0 0.4 5 0.6 0.0 0.5 2 1.0 0.0 0.6 1 1.0 0.0 0.7 0 1 1 0.9 0 1 1
8 0.1 28 0.07142857142857142 0.0 0.4 1 0.0 0.0 0.5 0 1 1 0.6 0 1 1 0.7 0 1 1 0.9 0 1 1
8 0.1 22 0.2727272727272727 0.0 0.4 3 1.0 0.0 0.5 2 1.0 0.0 0.6 2 1.0 0.0 0.7 0 1 1 0.9 0 1 1
8 0.1 18 0.3888888888888889 0.0 0.4 7 0.7142857142857143 0.0 0.5 3 1.0 0.0 0.6 2 1.0 0.0 0.7 0 1 1 0.9 0 1 1
8 0.1 23 0.30434782608695654 0.0 0.4 11 0.45454545454545453 0.0 0.5 6 0.5 0.0 0.6 4 0.5 0.0 0.7 0 1 1 0.9 0 1 1
8 0.1 46 0.15217391304347827 0.0 0.4 6 0.5 0.0 0.5 3 1.0 0.0 0.6 3 1.0 0.0 0.7 1 1.0 0.0 0.9 0 1 1
8 0.1 0 1 1 0.4 0 1 1 0.5 0 1 1 0.6 0 1 1 0.7 0 1 1 0.9 0 1 1
8 0.1 28 0.21428571428571427 0.0 0.4 5 1.0 0.0 0.5 4 1.0 0.0 0.6 1 1.0 0.0 0.7 1 1.0 0.0 0.9 0 1 1
8 0.1 24 0.2916666666666667 0.0 0.4 6 0.8333333333333334 0.0 0.5 4 1.0 0.0 0.6 2 1.0 0.0 0.7 1 1.0 0.0 0.9 0 1 1
8 0.1 9 0.6666666666666666 0.0 0.4 1 1.0 0.0 0.5 1 1.0 0.0 0.6 1 1.0 0.0 0.7 0 1 1 0.9 0 1 1
8 0.1 18 0.3888888888888889 0.0 0.4 5 0.8 0.0 0.5 3 1.0 0.0 0.6 1 1.0 0.0 0.7 1 1.0 0.0 0.9 0 1 1
8 0.1 15 0.4666666666666667 0.0 0.4 3 1.0 0.0 0.5 2 1.0 0.0 0.6 1 1.0 0.0 0.7 0 1 1 0.9 0 1 1
8 0.1 13 0.5384615384615384 0.07692307692307693 0.4 3 1.0 0.3333333333333333 0.5 1 1.0 0.0 0.6 1 1.0 0.0 0.7 1 1.0 0.0 0.9 0 1 1
8 0.1 26 0.3076923076923077 0.0 0.4 11 0.6363636363636364 0.0 0.5 9 0.7777777777777778 0.0 0.6 4 0.75 0.0 0.7 3 0.6666666666666666 0.0 0.9 0 1 1
8 0.1 18 0.3888888888888889 0.0 0.4 7 0.7142857142857143 0.0 0.5 6 0.8333333333333334 0.0 0.6 4 1.0 0.0 0.7 1 1.0 0.0 0.9 0 1 1
8 0.1 29 0.27586206896551724 0.0 0.4 9 0.6666666666666666 0.0 0.5 5 1.0 0.0 0.6 2 1.0 0.0 0.7 0 1 1 0.9 0 1 1
8 0.1 28 0.25 0.0 0.4 9 0.6666666666666666 0.0 0.5 9 0.6666666666666666 0.0 0.6 8 0.625 0.0 0.7 2 1.0 0.0 0.9 0 1 1
8 0.1 29 0.27586206896551724 0.0 0.4 11 0.5454545454545454 0.0 0.5 6 0.6666666666666666 0.0 0.6 3 1.0 0.0 0.7 1 1.0 0.0 0.9 0 1 1
8 0.1 27 0.2962962962962963 0.0 0.4 10 0.6 0.0 0.5 5 0.8 0.0 0.6 3 0.6666666666666666 0.0 0.7 2 1.0 0.0 0.9 0 1 1
8 0.1 25 0.28 0.0 0.4 11 0.45454545454545453 0.0 0.5 6 0.6666666666666666 0.0 0.6 4 0.75 0.0 0.7 0 1 1 0.9 0 1 1
8 0.1 57 0.12280701754385964 0.0 0.4 16 0.375 0.0 0.5 9 0.6666666666666666 0.0 0.6 4 1.0 0.0 0.7 1 1.0 0.0 0.9 0 1 1
8 0.1 30 0.26666666666666666 0.0 0.4 15 0.4 0.0 0.5 11 0.5454545454545454 0.0 0.6 9 0.6666666666666666 0.0 0.7 5 0.8 0.0 0.9 0 1 1
8 0.1 35 0.2 0.0 0.4 9 0.5555555555555556 0.0 0.5 4 0.75 0.0 0.6 1 1.0 0.0 0.7 0 1 1 0.9 0 1 1
8 0.1 24 0.2916666666666667 0.0 0.4 13 0.46153846153846156 0.0 0.5 6 0.5 0.0 0.6 3 0.6666666666666666 0.0 0.7 3 0.6666666666666666 0.0 0.9 0 1 1
8 0.1 29 0.27586206896551724 0.0 0.4 9 0.6666666666666666 0.0 0.5 5 1.0 0.0 0.6 2 1.0 0.0 0.7 1 1.0 0.0 0.9 0 1 1
8 0.1 26 0.3076923076923077 0.0 0.4 9 0.6666666666666666 0.0 0.5 6 0.5 0.0 0.6 3 0.6666666666666666 0.0 0.7 1 1.0 0.0 0.9 0 1 1
8 0.1 40 0.2 0.0 0.4 10 0.6 0.0 0.5 5 0.8 0.0 0.6 3 1.0 0.0 0.7 1 1.0 0.0 0.9 0 1 1
8 0.1 25 0.32 0.0 0.4 14 0.5 0.0 0.5 9 0.7777777777777778 0.0 0.6 6 0.8333333333333334 0.0 0.7 1 1.0 0.0 0.9 0 1 1
8 0.1 22 0.3181818181818182 0.045454545454545456 0.4 12 0.5833333333333334 0.08333333333333333 0.5 9 0.6666666666666666 0.0 0.6 7 0.7142857142857143 0.0 0.7 3 0.6666666666666666 0.0 0.9 0 1 1
8 0.1 18 0.3888888888888889 0.0 0.4 10 0.7 0.0 0.5 7 0.7142857142857143 0.0 0.6 5 0.8 0.0 0.7 2 1.0 0.0 0.9 0 1 1
8 0.1 18 0.3888888888888889 0.0 0.4 8 0.875 0.0 0.5 2 1.0 0.0 0.6 1 1.0 0.0 0.7 1 1.0 0.0 0.9 0 1 1
8 0.1 35 0.2 0.0 0.4 10 0.7 0.0 0.5 5 0.8 0.0 0.6 1 1.0 0.0 0.7 0 1 1 0.9 0 1 1
8 0.1 46 0.15217391304347827 0.0 0.4 21 0.3333333333333333 0.0 0.5 18 0.3888888888888889 0.0 0.6 11 0.45454545454545453 0.0 0.7 6 0.5 0.0 0.9 0 1 1
8 0.1 22 0.2727272727272727 0.045454545454545456 0.4 9 0.6666666666666666 0.1111111111111111 0.5 7 0.7142857142857143 0.14285714285714285 0.6 4 0.75 0.25 0.7 1 1.0 1.0 0.9 0 1 1
8 0.1 26 0.2692307692307692 0.0 0.4 13 0.5384615384615384 0.0 0.5 6 0.8333333333333334 0.0 0.6 2 1.0 0.0 0.7 1 1.0 0.0 0.9 0 1 1
8 0.1 21 0.3333333333333333 0.047619047619047616 0.4 11 0.5454545454545454 0.09090909090909091 0.5 9 0.5555555555555556 0.0 0.6 3 1.0 0.0 0.7 0 1 1 0.9 0 1 1
8 0.1 24 0.2916666666666667 0.0 0.4 14 0.5 0.0 0.5 13 0.5384615384615384 0.0 0.6 9 0.7777777777777778 0.0 0.7 5 1.0 0.0 0.9 0 1 1
8 0.1 23 0.30434782608695654 0.0 0.4 16 0.4375 0.0 0.5 13 0.5384615384615384 0.0 0.6 8 0.75 0.0 0.7 5 1.0 0.0 0.9 0 1 1
8 0.1 40 0.175 0.0 0.4 6 0.5 0.0 0.5 4 0.5 0.0 0.6 3 0.6666666666666666 0.0 0.7 2 1.0 0.0 0.9 0 1 1
8 0.1 28 0.25 0.0 0.4 15 0.4666666666666667 0.0 0.5 12 0.5 0.0 0.6 6 0.5 0.0 0.7 3 0.6666666666666666 0.0 0.9 0 1 1
8 0.1 15 0.4666666666666667 0.2 0.4 8 0.625 0.375 0.5 5 1.0 0.6 0.6 5 1.0 0.6 0.7 2 1.0 0.5 0.9 0 1 1
8 0.1 21 0.3333333333333333 0.047619047619047616 0.4 10 0.7 0.1 0.5 7 0.8571428571428571 0.14285714285714285 0.6 6 0.8333333333333334 0.16666666666666666 0.7 2 1.0 0.5 0.9 0 1 1
8 0.1 24 0.2916666666666667 0.0 0.4 13 0.46153846153846156 0.0 0.5 11 0.5454545454545454 0.0 0.6 9 0.5555555555555556 0.0 0.7 5 1.0 0.0 0.9 0 1 1
8 0.1 24 0.2916666666666667 0.041666666666666664 0.4 10 0.7 0.1 0.5 7 0.8571428571428571 0.14285714285714285 0.6 6 1.0 0.16666666666666666 0.7 3 1.0 0.3333333333333333 0.9 0 1 1
8 0.1 17 0.4117647058823529 0.0 0.4 13 0.5384615384615384 0.0 0.5 7 0.8571428571428571 0.0 0.6 4 1.0 0.0 0.7 3 1.0 0.0 0.9 0 1 1
8 0.1 22 0.3181818181818182 0.045454545454545456 0.4 9 0.6666666666666666 0.1111111111111111 0.5 7 0.7142857142857143 0.14285714285714285 0.6 5 0.8 0.2 0.7 3 1.0 0.3333333333333333 0.9 0 1 1
8 0.1 25 0.28 0.04 0.4 12 0.5 0.08333333333333333 0.5 9 0.6666666666666666 0.1111111111111111 0.6 7 0.7142857142857143 0.14285714285714285 0.7 7 0.7142857142857143 0.14285714285714285 0.9 1 1.0 1.0
8 0.1 21 0.38095238095238093 0.0 0.4 7 0.7142857142857143 0.0 0.5 5 0.8 0.0 0.6 5 0.8 0.0 0.7 3 0.6666666666666666 0.0 0.9 0 1 1
8 0.1 15 0.4666666666666667 0.06666666666666667 0.4 11 0.5454545454545454 0.09090909090909091 0.5 7 0.8571428571428571 0.14285714285714285 0.6 5 0.8 0.2 0.7 2 1.0 0.5 0.9 0 1 1
8 0.1 16 0.4375 0.0625 0.4 7 0.5714285714285714 0.14285714285714285 0.5 4 0.5 0.25 0.6 1 1.0 1.0 0.7 1 1.0 1.0 0.9 0 1 1
8 0.1 25 0.28 0.0 0.4 13 0.46153846153846156 0.0 0.5 6 0.6666666666666666 0.0 0.6 6 0.6666666666666666 0.0 0.7 4 0.75 0.0 0.9 0 1 1
8 0.1 18 0.3888888888888889 0.05555555555555555 0.4 6 0.8333333333333334 0.0 0.5 5 0.8 0.0 0.6 3 0.6666666666666666 0.0 0.7 1 1.0 0.0 0.9 0 1 1
8 0.1 28 0.2857142857142857 0.03571428571428571 0.4 16 0.4375 0.0625 0.5 13 0.5384615384615384 0.07692307692307693 0.6 11 0.6363636363636364 0.09090909090909091 0.7 7 0.7142857142857143 0.14285714285714285 0.9 0 1 1
8 0.1 23 0.30434782608695654 0.043478260869565216 0.4 13 0.5384615384615384 0.07692307692307693 0.5 12 0.5833333333333334 0.08333333333333333 0.6 9 0.6666666666666666 0.1111111111111111 0.7 7 0.8571428571428571 0.14285714285714285 0.9 0 1 1
8 0.1 23 0.30434782608695654 0.043478260869565216 0.4 19 0.3684210526315789 0.05263157894736842 0.5 15 0.4666666666666667 0.06666666666666667 0.6 9 0.6666666666666666 0.1111111111111111 0.7 6 0.8333333333333334 0.0 0.9 0 1 1
8 0.1 32 0.25 0.03125 0.4 14 0.5 0.07142857142857142 0.5 10 0.6 0.1 0.6 9 0.6666666666666666 0.1111111111111111 0.7 4 1.0 0.25 0.9 0 1 1
8 0.1 16 0.4375 0.0625 0.4 9 0.6666666666666666 0.1111111111111111 0.5 4 1.0 0.25 0.6 4 1.0 0.25 0.7 3 1.0 0.3333333333333333 0.9 0 1 1
8 0.1 10 0.7 0.0 0.4 5 1.0 0.0 0.5 3 1.0 0.0 0.6 1 1.0 0.0 0.7 0 1 1 0.9 0 1 1
8 0.1 19 0.3684210526315789 0.0 0.4 6 0.8333333333333334 0.0 0.5 5 0.8 0.0 0.6 2 1.0 0.0 0.7 2 1.0 0.0 0.9 0 1 1
8 0.1 17 0.4117647058823529 0.058823529411764705 0.4 6 0.8333333333333334 0.0 0.5 5 1.0 0.0 0.6 2 1.0 0.0 0.7 2 1.0 0.0 0.9 0 1 1
8 0.1 15 0.4666666666666667 0.0 0.4 10 0.7 0.0 0.5 5 1.0 0.0 0.6 3 1.0 0.0 0.7 2 1.0 0.0 0.9 0 1 1
8 0.1 24 0.2916666666666667 0.041666666666666664 0.4 15 0.4666666666666667 0.06666666666666667 0.5 11 0.6363636363636364 0.09090909090909091 0.6 10 0.7 0.1 0.7 7 0.5714285714285714 0.0 0.9 0 1 1
8 0.1 23 0.30434782608695654 0.0 0.4 15 0.4666666666666667 0.0 0.5 13 0.5384615384615384 0.0 0.6 12 0.5833333333333334 0.0 0.7 8 0.625 0.0 0.9 0 1 1
8 0.1 28 0.25 0.07142857142857142 0.4 15 0.4666666666666667 0.13333333333333333 0.5 12 0.5833333333333334 0.16666666666666666 0.6 11 0.5454545454545454 0.18181818181818182 0.7 6 0.6666666666666666 0.16666666666666666 0.9 0 1 1
8 0.1 23 0.30434782608695654 0.0 0.4 9 0.6666666666666666 0.0 0.5 7 0.5714285714285714 0.0 0.6 6 0.6666666666666666 0.0 0.7 3 1.0 0.0 0.9 0 1 1
8 0.1 22 0.3181818181818182 0.0 0.4 14 0.5 0.0 0.5 12 0.5833333333333334 0.0 0.6 9 0.7777777777777778 0.0 0.7 6 0.8333333333333334 0.0 0.9 0 1 1
8 0.1 22 0.3181818181818182 0.045454545454545456 0.4 13 0.5384615384615384 0.07692307692307693 0.5 13 0.5384615384615384 0.07692307692307693 0.6 7 0.7142857142857143 0.14285714285714285 0.7 5 1.0 0.2 0.9 0 1 1
8 0.1 22 0.3181818181818182 0.09090909090909091 0.4 11 0.6363636363636364 0.18181818181818182 0.5 8 0.75 0.125 0.6 7 0.7142857142857143 0.14285714285714285 0.7 4 0.75 0.25 0.9 0 1 1
8 0.1 24 0.2916666666666667 0.0 0.4 13 0.5384615384615384 0.0 0.5 10 0.6 0.0 0.6 8 0.625 0.0 0.7 5 0.8 0.0 0.9 0 1 1
8 0.1 21 0.3333333333333333 0.0 0.4 8 0.5 0.0 0.5 7 0.42857142857142855 0.0 0.6 4 0.5 0.0 0.7 3 0.6666666666666666 0.0 0.9 0 1 1
8 0.1 25 0.28 0.04 0.4 15 0.4666666666666667 0.06666666666666667 0.5 11 0.6363636363636364 0.09090909090909091 0.6 10 0.7 0.1 0.7 7 0.7142857142857143 0.14285714285714285 0.9 0 1 1
8 0.1 19 0.3684210526315789 0.0 0.4 14 0.5 0.0 0.5 13 0.5384615384615384 0.0 0.6 11 0.45454545454545453 0.0 0.7 7 0.42857142857142855 0.0 0.9 0 1 1
8 0.1 24 0.2916666666666667 0.0 0.4 15 0.4666666666666667 0.0 0.5 15 0.4666666666666667 0.0 0.6 12 0.5 0.0 0.7 8 0.5 0.0 0.9 0 1 1
8 0.1 17 0.4117647058823529 0.058823529411764705 0.4 11 0.6363636363636364 0.09090909090909091 0.5 11 0.6363636363636364 0.09090909090909091 0.6 9 0.6666666666666666 0.1111111111111111 0.7 6 0.6666666666666666 0.0 0.9 0 1 1
8 0.1 16 0.4375 0.0 0.4 11 0.6363636363636364 0.0 0.5 11 0.6363636363636364 0.0 0.6 8 0.5 0.0 0.7 7 0.5714285714285714 0.0 0.9 0 1 1
8 0.1 19 0.3684210526315789 0.0 0.4 14 0.5 0.0 0.5 10 0.6 0.0 0.6 9 0.6666666666666666 0.0 0.7 8 0.625 0.0 0.9 0 1 1
8 0.1 21 0.3333333333333333 0.047619047619047616 0.4 14 0.5 0.07142857142857142 0.5 13 0.5384615384615384 0.07692307692307693 0.6 10 0.5 0.1 0.7 8 0.5 0.125 0.9 0 1 1
8 0.1 22 0.3181818181818182 0.0 0.4 13 0.5384615384615384 0.0 0.5 12 0.5833333333333334 0.0 0.6 10 0.6 0.0 0.7 7 0.7142857142857143 0.0 0.9 0 1 1
8 0.1 20 0.35 0.1 0.4 12 0.5 0.08333333333333333 0.5 9 0.5555555555555556 0.1111111111111111 0.6 7 0.5714285714285714 0.14285714285714285 0.7 3 1.0 0.0 0.9 0 1 1
8 0.1 15 0.4666666666666667 0.0 0.4 10 0.6 0.0 0.5 9 0.5555555555555556 0.0 0.6 6 0.6666666666666666 0.0 0.7 5 0.8 0.0 0.9 0 1 1
8 0.1 14 0.5 0.07142857142857142 0.4 8 0.625 0.125 0.5 5 0.8 0.2 0.6 4 0.75 0.25 0.7 4 0.75 0.25 0.9 0 1 1
8 0.1 13 0.5384615384615384 0.0 0.4 9 0.6666666666666666 0.0 0.5 7 0.7142857142857143 0.0 0.6 4 1.0 0.0 0.7 4 1.0 0.0 0.9 0 1 1
8 0.1 19 0.3684210526315789 0.0 0.4 14 0.5 0.0 0.5 10 0.5 0.0 0.6 7 0.5714285714285714 0.0 0.7 5 0.6 0.0 0.9 0 1 1
8 0.1 21 0.3333333333333333 0.047619047619047616 0.4 11 0.36363636363636365 0.09090909090909091 0.5 10 0.4 0.1 0.6 9 0.4444444444444444 0.1111111111111111 0.7 7 0.42857142857142855 0.14285714285714285 0.9 0 1 1
8 0.1 24 0.2916666666666667 0.0 0.4 17 0.4117647058823529 0.0 0.5 16 0.4375 0.0 0.6 14 0.42857142857142855 0.0 0.7 9 0.5555555555555556 0.0 0.9 0 1 1
8 0.1 16 0.4375 0.0625 0.4 11 0.5454545454545454 0.09090909090909091 0.5 10 0.6 0.1 0.6 8 0.625 0.125 0.7 5 0.8 0.2 0.9 0 1 1
8 0.1 16 0.4375 0.0 0.4 10 0.7 0.0 0.5 9 0.6666666666666666 0.0 0.6 6 0.8333333333333334 0.0 0.7 5 0.8 0.0 0.9 0 1 1
8 0.1 14 0.5 0.07142857142857142 0.4 10 0.7 0.1 0.5 10 0.7 0.1 0.6 9 0.7777777777777778 0.1111111111111111 0.7 5 0.8 0.2 0.9 0 1 1
8 0.1 22 0.3181818181818182 0.045454545454545456 0.4 13 0.5384615384615384 0.07692307692307693 0.5 10 0.7 0.1 0.6 9 0.6666666666666666 0.1111111111111111 0.7 8 0.625 0.125 0.9 0 1 1
8 0.1 14 0.5 0.0 0.4 9 0.6666666666666666 0.0 0.5 9 0.6666666666666666 0.0 0.6 8 0.625 0.0 0.7 4 0.75 0.0 0.9 0 1 1
8 0.1 25 0.32 0.0 0.4 13 0.5384615384615384 0.0 0.5 12 0.5 0.0 0.6 10 0.6 0.0 0.7 8 0.625 0.0 0.9 0 1 1
8 0.1 14 0.5 0.07142857142857142 0.4 11 0.6363636363636364 0.09090909090909091 0.5 10 0.7 0.1 0.6 8 0.625 0.125 0.7 7 0.7142857142857143 0.14285714285714285 0.9 0 1 1
8 0.1 23 0.30434782608695654 0.0 0.4 12 0.5833333333333334 0.0 0.5 11 0.6363636363636364 0.0 0.6 9 0.5555555555555556 0.0 0.7 6 0.5 0.0 0.9 0 1 1
8 0.1 26 0.2692307692307692 0.0 0.4 16 0.4375 0.0 0.5 14 0.5 0.0 0.6 11 0.5454545454545454 0.0 0.7 11 0.5454545454545454 0.0 0.9 0 1 1
8 0.1 23 0.30434782608695654 0.0 0.4 15 0.4666666666666667 0.0 0.5 13 0.5384615384615384 0.0 0.6 10 0.7 0.0 0.7 9 0.7777777777777778 0.0 0.9 0 1 1
8 0.1 23 0.30434782608695654 0.0 0.4 15 0.4666666666666667 0.0 0.5 15 0.4666666666666667 0.0 0.6 13 0.5384615384615384 0.0 0.7 7 0.8571428571428571 0.0 0.9 0 1 1
8 0.1 17 0.4117647058823529 0.0 0.4 12 0.5833333333333334 0.0 0.5 12 0.5833333333333334 0.0 0.6 10 0.7 0.0 0.7 7 0.8571428571428571 0.0 0.9 0 1 1
8 0.1 18 0.3888888888888889 0.0 0.4 13 0.5384615384615384 0.0 0.5 13 0.5384615384615384 0.0 0.6 11 0.6363636363636364 0.0 0.7 9 0.7777777777777778 0.0 0.9 1 1.0 0.0
8 0.1 28 0.2857142857142857 0.03571428571428571 0.4 20 0.35 0.05 0.5 18 0.3888888888888889 0.05555555555555555 0.6 16 0.4375 0.0625 0.7 15 0.4666666666666667 0.06666666666666667 0.9 0 1 1
8 0.1 14 0.5 0.0 0.4 9 0.7777777777777778 0.0 0.5 9 0.7777777777777778 0.0 0.6 9 0.7777777777777778 0.0 0.7 5 1.0 0.0 0.9 0 1 1
8 0.1 14 0.5 0.0 0.4 9 0.7777777777777778 0.0 0.5 9 0.7777777777777778 0.0 0.6 8 0.875 0.0 0.7 5 1.0 0.0 0.9 0 1 1
8 0.1 13 0.5384615384615384 0.0 0.4 6 0.6666666666666666 0.0 0.5 5 0.8 0.0 0.6 3 1.0 0.0 0.7 2 1.0 0.0 0.9 0 1 1
8 0.1 10 0.7 0.0 0.4 8 0.75 0.0 0.5 7 0.8571428571428571 0.0 0.6 5 1.0 0.0 0.7 3 1.0 0.0 0.9 0 1 1
8 0.1 17 0.4117647058823529 0.058823529411764705 0.4 11 0.5454545454545454 0.09090909090909091 0.5 10 0.6 0.1 0.6 10 0.6 0.1 0.7 6 0.6666666666666666 0.0 0.9 0 1 1
8 0.1 19 0.3684210526315789 0.05263157894736842 0.4 7 0.8571428571428571 0.14285714285714285 0.5 7 0.8571428571428571 0.14285714285714285 0.6 7 0.8571428571428571 0.14285714285714285 0.7 6 0.8333333333333334 0.16666666666666666 0.9 0 1 1
8 0.1 20 0.35 0.05 0.4 13 0.5384615384615384 0.07692307692307693 0.5 12 0.5833333333333334 0.08333333333333333 0.6 12 0.5833333333333334 0.08333333333333333 0.7 10 0.7 0.1 0.9 0 1 1
8 0.1 19 0.3684210526315789 0.05263157894736842 0.4 7 0.8571428571428571 0.14285714285714285 0.5 7 0.8571428571428571 0.14285714285714285 0.6 5 1.0 0.2 0.7 2 1.0 0.5 0.9 0 1 1
8 0.1 20 0.35 0.0 0.4 16 0.4375 0.0 0.5 15 0.4666666666666667 0.0 0.6 12 0.5833333333333334 0.0 0.7 10 0.7 0.0 0.9 0 1 1
8 0.1 22 0.3181818181818182 0.0 0.4 17 0.4117647058823529 0.0 0.5 16 0.4375 0.0 0.6 13 0.5384615384615384 0.0 0.7 8 0.75 0.0 0.9 0 1 1
8 0.1 19 0.3684210526315789 0.0 0.4 13 0.5384615384615384 0.0 0.5 9 0.7777777777777778 0.0 0.6 8 0.75 0.0 0.7 7 0.8571428571428571 0.0 0.9 0 1 1
8 0.1 14 0.5 0.0 0.4 10 0.6 0.0 0.5 8 0.75 0.0 0.6 7 0.8571428571428571 0.0 0.7 6 0.8333333333333334 0.0 0.9 0 1 1
8 0.1 14 0.5 0.0 0.4 6 0.8333333333333334 0.0 0.5 6 0.8333333333333334 0.0 0.6 5 1.0 0.0 0.7 3 1.0 0.0 0.9 0 1 1
8 0.1 17 0.4117647058823529 0.0 0.4 10 0.6 0.0 0.5 10 0.6 0.0 0.6 7 0.7142857142857143 0.0 0.7 4 1.0 0.0 0.9 0 1 1
8 0.1 14 0.5 0.0 0.4 11 0.6363636363636364 0.0 0.5 9 0.6666666666666666 0.0 0.6 8 0.75 0.0 0.7 4 0.5 0.0 0.9 0 1 1
8 0.1 19 0.3684210526315789 0.0 0.4 13 0.5384615384615384 0.0 0.5 11 0.5454545454545454 0.0 0.6 10 0.6 0.0 0.7 6 0.8333333333333334 0.0 0.9 0 1 1
8 0.1 14 0.5 0.0 0.4 8 0.875 0.0 0.5 7 0.8571428571428571 0.0 0.6 6 0.8333333333333334 0.0 0.7 4 0.75 0.0 0.9 0 1 1
8 0.1 15 0.4 0.13333333333333333 0.4 8 0.625 0.125 0.5 7 0.5714285714285714 0.14285714285714285 0.6 7 0.5714285714285714 0.14285714285714285 0.7 5 0.6 0.2 0.9 0 1 1
8 0.1 26 0.2692307692307692 0.0 0.4 20 0.35 0.0 0.5 17 0.4117647058823529 0.0 0.6 15 0.4666666666666667 0.0 0.7 11 0.5454545454545454 0.0 0.9 0 1 1
8 0.1 23 0.30434782608695654 0.043478260869565216 0.4 17 0.4117647058823529 0.058823529411764705 0.5 17 0.4117647058823529 0.058823529411764705 0.6 14 0.5 0.07142857142857142 0.7 12 0.5833333333333334 0.08333333333333333 0.9 0 1 1
8 0.1 14 0.5 0.0 0.4 8 0.75 0.0 0.5 7 0.8571428571428571 0.0 0.6 7 0.8571428571428571 0.0 0.7 4 1.0 0.0 0.9 0 1 1
8 0.1 12 0.5833333333333334 0.0 0.4 9 0.7777777777777778 0.0 0.5 8 0.875 0.0 0.6 7 0.8571428571428571 0.0 0.7 3 1.0 0.0 0.9 0 1 1
8 0.1 17 0.4117647058823529 0.0 0.4 11 0.6363636363636364 0.0 0.5 11 0.6363636363636364 0.0 0.6 8 0.75 0.0 0.7 6 0.8333333333333334 0.0 0.9 0 1 1
8 0.1 18 0.3888888888888889 0.0 0.4 10 0.6 0.0 0.5 8 0.75 0.0 0.6 8 0.75 0.0 0.7 8 0.75 0.0 0.9 0 1 1
8 0.1 16 0.4375 0.0 0.4 8 0.75 0.0 0.5 7 0.8571428571428571 0.0 0.6 6 1.0 0.0 0.7 5 1.0 0.0 0.9 0 1 1
8 0.1 20 0.35 0.0 0.4 13 0.5384615384615384 0.0 0.5 12 0.5833333333333334 0.0 0.6 12 0.5833333333333334 0.0 0.7 8 0.625 0.0 0.9 0 1 1
8 0.1 23 0.30434782608695654 0.0 0.4 16 0.4375 0.0 0.5 14 0.5 0.0 0.6 13 0.46153846153846156 0.0 0.7 10 0.5 0.0 0.9 0 1 1
8 0.1 16 0.4375 0.0 0.4 10 0.7 0.0 0.5 10 0.7 0.0 0.6 8 0.75 0.0 0.7 7 0.7142857142857143 0.0 0.9 0 1 1
8 0.1 19 0.3684210526315789 0.0 0.4 9 0.5555555555555556 0.0 0.5 6 0.6666666666666666 0.0 0.6 4 0.75 0.0 0.7 3 1.0 0.0 0.9 0 1 1
8 0.1 22 0.3181818181818182 0.0 0.4 12 0.5833333333333334 0.0 0.5 11 0.6363636363636364 0.0 0.6 10 0.7 0.0 0.7 6 0.8333333333333334 0.0 0.9 0 1 1
8 0.1 14 0.42857142857142855 0.0 0.4 9 0.6666666666666666 0.0 0.5 8 0.75 0.0 0.6 6 0.8333333333333334 0.0 0.7 3 0.6666666666666666 0.0 0.9 0 1 1
8 0.1 15 0.4666666666666667 0.0 0.4 8 0.5 0.0 0.5 7 0.5714285714285714 0.0 0.6 4 0.75 0.0 0.7 3 1.0 0.0 0.9 0 1 1
8 0.1 16 0.375 0.0 0.4 9 0.5555555555555556 0.0 0.5 8 0.625 0.0 0.6 6 0.5 0.0 0.7 5 0.6 0.0 0.9 0 1 1
8 0.1 13 0.5384615384615384 0.0 0.4 8 0.625 0.0 0.5 8 0.625 0.0 0.6 5 0.8 0.0 0.7 3 0.6666666666666666 0.0 0.9 0 1 1
8 0.1 19 0.3684210526315789 0.0 0.4 12 0.5833333333333334 0.0 0.5 12 0.5833333333333334 0.0 0.6 11 0.6363636363636364 0.0 0.7 7 0.8571428571428571 0.0 0.9 0 1 1
8 0.1 17 0.4117647058823529 0.0 0.4 11 0.6363636363636364 0.0 0.5 9 0.7777777777777778 0.0 0.6 7 0.8571428571428571 0.0 0.7 3 1.0 0.0 0.9 0 1 1
8 0.1 20 0.35 0.0 0.4 11 0.5454545454545454 0.0 0.5 9 0.5555555555555556 0.0 0.6 7 0.7142857142857143 0.0 0.7 6 0.6666666666666666 0.0 0.9 0 1 1
8 0.1 22 0.3181818181818182 0.0 0.4 14 0.5 0.0 0.5 11 0.5454545454545454 0.0 0.6 9 0.5555555555555556 0.0 0.7 7 0.5714285714285714 0.0 0.9 0 1 1
8 0.1 16 0.4375 0.0 0.4 9 0.4444444444444444 0.0 0.5 6 0.6666666666666666 0.0 0.6 6 0.6666666666666666 0.0 0.7 4 0.75 0.0 0.9 0 1 1
8 0.1 8 0.625 0.125 0.4 7 0.7142857142857143 0.14285714285714285 0.5 5 0.8 0.2 0.6 4 1.0 0.25 0.7 3 1.0 0.3333333333333333 0.9 0 1 1
8 0.1 10 0.5 0.0 0.4 7 0.7142857142857143 0.0 0.5 5 0.8 0.0 0.6 3 1.0 0.0 0.7 3 1.0 0.0 0.9 0 1 1
8 0.1 16 0.375 0.0 0.4 9 0.6666666666666666 0.0 0.5 7 0.7142857142857143 0.0 0.6 5 0.8 0.0 0.7 4 1.0 0.0 0.9 0 1 1
8 0.1 14 0.42857142857142855 0.0 0.4 10 0.6 0.0 0.5 8 0.75 0.0 0.6 7 0.8571428571428571 0.0 0.7 5 1.0 0.0 0.9 0 1 1
8 0.1 13 0.46153846153846156 0.15384615384615385 0.4 6 0.8333333333333334 0.3333333333333333 0.5 5 1.0 0.4 0.6 5 1.0 0.4 0.7 3 1.0 0.3333333333333333 0.9 0 1 1
8 0.1 11 0.5454545454545454 0.0 0.4 6 0.8333333333333334 0.0 0.5 6 0.8333333333333334 0.0 0.6 5 0.8 0.0 0.7 4 0.75 0.0 0.9 0 1 1
8 0.1 11 0.45454545454545453 0.0 0.4 4 1.0 0.0 0.5 4 1.0 0.0 0.6 3 1.0 0.0 0.7 3 1.0 0.0 0.9 0 1 1
8 0.1 20 0.35 0.0 0.4 14 0.5 0.0 0.5 12 0.5 0.0 0.6 9 0.5555555555555556 0.0 0.7 8 0.625 0.0 0.9 0 1 1
8 0.1 14 0.35714285714285715 0.0 0.4 6 0.6666666666666666 0.0 0.5 4 1.0 0.0 0.6 4 1.0 0.0 0.7 4 1.0 0.0 0.9 0 1 1
8 0.1 18 0.3888888888888889 0.05555555555555555 0.4 14 0.5 0.07142857142857142 0.5 12 0.5833333333333334 0.08333333333333333 0.6 8 0.625 0.125 0.7 7 0.5714285714285714 0.14285714285714285 0.9 0 1 1
8 0.1 18 0.3888888888888889 0.05555555555555555 0.4 12 0.5833333333333334 0.08333333333333333 0.5 10 0.5 0.0 0.6 4 0.75 0.0 0.7 3 1.0 0.0 0.9 0 1 1
8 0.1 23 0.30434782608695654 0.0 0.4 15 0.4666666666666667 0.0 0.5 12 0.5833333333333334 0.0 0.6 9 0.6666666666666666 0.0 0.7 8 0.625 0.0 0.9 0 1 1
8 0.1 17 0.4117647058823529 0.0 0.4 12 0.5 0.0 0.5 8 0.625 0.0 0.6 7 0.5714285714285714 0.0 0.7 5 0.8 0.0 0.9 0 1 1
8 0.1 17 0.29411764705882354 0.058823529411764705 0.4 7 0.5714285714285714 0.14285714285714285 0.5 6 0.5 0.16666666666666666 0.6 5 0.6 0.2 0.7 4 0.75 0.25 0.9 0 1 1
8 0.1 15 0.26666666666666666 0.0 0.4 9 0.4444444444444444 0.0 0.5 9 0.4444444444444444 0.0 0.6 6 0.6666666666666666 0.0 0.7 6 0.6666666666666666 0.0 0.9 0 1 1
8 0.1 9 0.5555555555555556 0.1111111111111111 0.4 4 0.5 0.25 0.5 4 0.5 0.25 0.6 3 0.6666666666666666 0.3333333333333333 0.7 3 0.6666666666666666 0.3333333333333333 0.9 0 1 1
8 0.1 9 0.6666666666666666 0.0 0.4 4 0.75 0.0 0.5 4 0.75 0.0 0.6 3 0.6666666666666666 0.0 0.7 3 0.6666666666666666 0.0 0.9 0 1 1
8 0.1 10 0.6 0.0 0.4 6 0.6666666666666666 0.0 0.5 5 0.6 0.0 0.6 3 0.6666666666666666 0.0 0.7 3 0.6666666666666666 0.0 0.9 0 1 1
8 0.1 14 0.5 0.07142857142857142 0.4 8 0.75 0.125 0.5 8 0.75 0.125 0.6 6 0.8333333333333334 0.16666666666666666 0.7 4 0.75 0.0 0.9 0 1 1
8 0.1 17 0.4117647058823529 0.11764705882352941 0.4 11 0.5454545454545454 0.18181818181818182 0.5 11 0.5454545454545454 0.18181818181818182 0.6 9 0.5555555555555556 0.2222222222222222 0.7 6 0.6666666666666666 0.3333333333333333 0.9 0 1 1
8 0.1 14 0.35714285714285715 0.07142857142857142 0.4 10 0.5 0.1 0.5 8 0.375 0.0 0.6 6 0.5 0.0 0.7 5 0.6 0.0 0.9 0 1 1
8 0.1 13 0.46153846153846156 0.07692307692307693 0.4 8 0.625 0.0 0.5 8 0.625 0.0 0.6 6 0.6666666666666666 0.0 0.7 4 0.75 0.0 0.9 0 1 1
8 0.1 16 0.4375 0.0 0.4 11 0.6363636363636364 0.0 0.5 9 0.6666666666666666 0.0 0.6 7 0.7142857142857143 0.0 0.7 4 0.75 0.0 0.9 0 1 1
8 0.1 10 0.6 0.0 0.4 5 0.8 0.0 0.5 4 1.0 0.0 0.6 3 1.0 0.0 0.7 1 1.0 0.0 0.9 0 1 1
8 0.1 20 0.35 0.05 0.4 10 0.4 0.1 0.5 10 0.4 0.1 0.6 7 0.42857142857142855 0.14285714285714285 0.7 6 0.5 0.16666666666666666 0.9 0 1 1
8 0.1 16 0.4375 0.0 0.4 10 0.5 0.0 0.5 7 0.5714285714285714 0.0 0.6 5 0.4 0.0 0.7 2 1.0 0.0 0.9 0 1 1
8 0.1 14 0.5 0.0 0.4 10 0.6 0.0 0.5 7 0.7142857142857143 0.0 0.6 5 0.8 0.0 0.7 3 1.0 0.0 0.9 0 1 1
8 0.1 15 0.4 0.0 0.4 9 0.6666666666666666 0.0 0.5 9 0.6666666666666666 0.0 0.6 6 0.8333333333333334 0.0 0.7 4 0.75 0.0 0.9 0 1 1
8 0.1 15 0.3333333333333333 0.06666666666666667 0.4 7 0.7142857142857143 0.14285714285714285 0.5 6 0.8333333333333334 0.16666666666666666 0.6 5 0.8 0.2 0.7 5 0.8 0.2 0.9 0 1 1
8 0.1 17 0.35294117647058826 0.0 0.4 12 0.5 0.0 0.5 10 0.5 0.0 0.6 7 0.5714285714285714 0.0 0.7 6 0.6666666666666666 0.0 0.9 0 1 1
8 0.1 17 0.35294117647058826 0.058823529411764705 0.4 12 0.4166666666666667 0.08333333333333333 0.5 11 0.45454545454545453 0.09090909090909091 0.6 11 0.45454545454545453 0.09090909090909091 0.7 9 0.4444444444444444 0.1111111111111111 0.9 0 1 1
8 0.1 14 0.42857142857142855 0.07142857142857142 0.4 10 0.5 0.1 0.5 9 0.5555555555555556 0.1111111111111111 0.6 8 0.625 0.125 0.7 7 0.7142857142857143 0.14285714285714285 0.9 0 1 1
8 0.1 13 0.5384615384615384 0.0 0.4 9 0.5555555555555556 0.0 0.5 9 0.5555555555555556 0.0 0.6 8 0.625 0.0 0.7 6 0.8333333333333334 0.0 0.9 1 1.0 0.0
8 0.1 16 0.4375 0.0 0.4 12 0.5833333333333334 0.0 0.5 11 0.5454545454545454 0.0 0.6 7 0.7142857142857143 0.0 0.7 7 0.7142857142857143 0.0 0.9 0 1 1
8 0.1 17 0.4117647058823529 0.058823529411764705 0.4 8 0.5 0.0 0.5 7 0.42857142857142855 0.0 0.6 7 0.42857142857142855 0.0 0.7 6 0.5 0.0 0.9 1 1.0 0.0
8 0.1 12 0.5 0.0 0.4 10 0.6 0.0 0.5 6 0.6666666666666666 0.0 0.6 5 0.8 0.0 0.7 4 1.0 0.0 0.9 1 1.0 0.0
8 0.1 17 0.35294117647058826 0.0 0.4 10 0.5 0.0 0.5 8 0.5 0.0 0.6 8 0.5 0.0 0.7 7 0.42857142857142855 0.0 0.9 1 1.0 0.0
8 0.1 13 0.46153846153846156 0.0 0.4 6 0.5 0.0 0.5 4 0.5 0.0 0.6 3 0.6666666666666666 0.0 0.7 2 1.0 0.0 0.9 0 1 1
8 0.1 12 0.5 0.0 0.4 7 0.7142857142857143 0.0 0.5 6 0.8333333333333334 0.0 0.6 5 0.8 0.0 0.7 5 0.8 0.0 0.9 1 1.0 0.0
8 0.1 11 0.5454545454545454 0.0 0.4 7 0.7142857142857143 0.0 0.5 7 0.7142857142857143 0.0 0.6 4 1.0 0.0 0.7 4 1.0 0.0 0.9 1 1.0 0.0
8 0.1 14 0.42857142857142855 0.0 0.4 9 0.6666666666666666 0.0 0.5 9 0.6666666666666666 0.0 0.6 6 0.8333333333333334 0.0 0.7 6 0.8333333333333334 0.0 0.9 1 1.0 0.0
8 0.1 19 0.3157894736842105 0.0 0.4 11 0.5454545454545454 0.0 0.5 10 0.6 0.0 0.6 10 0.6 0.0 0.7 8 0.75 0.0 0.9 1 1.0 0.0
8 0.1 15 0.4666666666666667 0.0 0.4 11 0.6363636363636364 0.0 0.5 10 0.6 0.0 0.6 8 0.75 0.0 0.7 6 0.8333333333333334 0.0 0.9 0 1 1
8 0.1 18 0.3888888888888889 0.0 0.4 12 0.5833333333333334 0.0 0.5 9 0.6666666666666666 0.0 0.6 8 0.75 0.0 0.7 7 0.7142857142857143 0.0 0.9 0 1 1
8 0.1 12 0.5833333333333334 0.0 0.4 10 0.7 0.0 0.5 9 0.6666666666666666 0.0 0.6 7 0.5714285714285714 0.0 0.7 6 0.6666666666666666 0.0 0.9 0 1 1
8 0.1 13 0.5384615384615384 0.0 0.4 10 0.7 0.0 0.5 9 0.6666666666666666 0.0 0.6 7 0.7142857142857143 0.0 0.7 5 0.8 0.0 0.9 0 1 1
8 0.1 14 0.5 0.0 0.4 8 0.625 0.0 0.5 7 0.7142857142857143 0.0 0.6 6 0.6666666666666666 0.0 0.7 4 0.75 0.0 0.9 0 1 1
8 0.1 13 0.5384615384615384 0.0 0.4 7 0.7142857142857143 0.0 0.5 6 0.6666666666666666 0.0 0.6 4 1.0 0.0 0.7 4 1.0 0.0 0.9 0 1 1
8 0.1 13 0.5384615384615384 0.0 0.4 8 0.75 0.0 0.5 7 0.7142857142857143 0.0 0.6 6 0.6666666666666666 0.0 0.7 5 0.8 0.0 0.9 0 1 1
8 0.1 19 0.3684210526315789 0.0 0.4 9 0.5555555555555556 0.0 0.5 8 0.625 0.0 0.6 7 0.5714285714285714 0.0 0.7 6 0.6666666666666666 0.0 0.9 0 1 1
8 0.1 14 0.35714285714285715 0.0 0.4 7 0.5714285714285714 0.0 0.5 7 0.5714285714285714 0.0 0.6 6 0.6666666666666666 0.0 0.7 6 0.6666666666666666 0.0 0.9 0 1 1
8 0.1 17 0.4117647058823529 0.0 0.4 13 0.5384615384615384 0.0 0.5 11 0.5454545454545454 0.0 0.6 9 0.5555555555555556 0.0 0.7 8 0.5 0.0 0.9 0 1 1
8 0.1 12 0.5833333333333334 0.08333333333333333 0.4 11 0.6363636363636364 0.09090909090909091 0.5 10 0.6 0.1 0.6 8 0.625 0.125 0.7 7 0.5714285714285714 0.14285714285714285 0.9 0 1 1
8 0.1 16 0.4375 0.0 0.4 11 0.6363636363636364 0.0 0.5 11 0.6363636363636364 0.0 0.6 9 0.5555555555555556 0.0 0.7 8 0.625 0.0 0.9 0 1 1
8 0.1 18 0.3888888888888889 0.0 0.4 12 0.5833333333333334 0.0 0.5 12 0.5833333333333334 0.0 0.6 12 0.5833333333333334 0.0 0.7 9 0.4444444444444444 0.0 0.9 1 1.0 0.0
8 0.1 15 0.4666666666666667 0.0 0.4 11 0.5454545454545454 0.0 0.5 11 0.5454545454545454 0.0 0.6 9 0.4444444444444444 0.0 0.7 7 0.5714285714285714 0.0 0.9 0 1 1
8 0.1 18 0.3888888888888889 0.05555555555555555 0.4 10 0.5 0.1 0.5 10 0.5 0.1 0.6 10 0.5 0.1 0.7 9 0.5555555555555556 0.1111111111111111 0.9 1 1.0 0.0
8 0.1 18 0.3888888888888889 0.05555555555555555 0.4 11 0.5454545454545454 0.09090909090909091 0.5 11 0.5454545454545454 0.09090909090909091 0.6 7 0.7142857142857143 0.14285714285714285 0.7 6 0.6666666666666666 0.16666666666666666 0.9 1 1.0 0.0
8 0.1 17 0.4117647058823529 0.058823529411764705 0.4 11 0.5454545454545454 0.09090909090909091 0.5 10 0.6 0.1 0.6 10 0.6 0.1 0.7 6 0.6666666666666666 0.16666666666666666 0.9 1 1.0 0.0
8 0.1 17 0.4117647058823529 0.0 0.4 9 0.6666666666666666 0.0 0.5 9 0.6666666666666666 0.0 0.6 7 0.7142857142857143 0.0 0.7 6 0.6666666666666666 0.0 0.9 1 1.0 0.0
8 0.1 19 0.3684210526315789 0.0 0.4 12 0.5833333333333334 0.0 0.5 10 0.6 0.0 0.6 9 0.6666666666666666 0.0 0.7 7 0.5714285714285714 0.0 0.9 1 1.0 0.0
8 0.1 15 0.4666666666666667 0.0 0.4 12 0.5833333333333334 0.0 0.5 11 0.6363636363636364 0.0 0.6 9 0.7777777777777778 0.0 0.7 6 0.6666666666666666 0.0 0.9 0 1 1
8 0.1 10 0.6 0.0 0.4 8 0.5 0.0 0.5 7 0.42857142857142855 0.0 0.6 6 0.5 0.0 0.7 5 0.6 0.0 0.9 0 1 1
8 0.1 20 0.35 0.0 0.4 15 0.4666666666666667 0.0 0.5 13 0.5384615384615384 0.0 0.6 12 0.5833333333333334 0.0 0.7 9 0.6666666666666666 0.0 0.9 1 1.0 0.0
8 0.1 22 0.3181818181818182 0.0 0.4 15 0.4666666666666667 0.0 0.5 15 0.4666666666666667 0.0 0.6 13 0.5384615384615384 0.0 0.7 13 0.5384615384615384 0.0 0.9 1 1.0 0.0
8 0.1 20 0.35 0.05 0.4 12 0.5833333333333334 0.08333333333333333 0.5 12 0.5833333333333334 0.08333333333333333 0.6 12 0.5833333333333334 0.08333333333333333 0.7 11 0.6363636363636364 0.09090909090909091 0.9 1 1.0 1.0
8 0.1 17 0.4117647058823529 0.0 0.4 12 0.5 0.0 0.5 12 0.5 0.0 0.6 11 0.45454545454545453 0.0 0.7 8 0.625 0.0 0.9 1 1.0 0.0
8 0.1 16 0.4375 0.0625 0.4 9 0.5555555555555556 0.1111111111111111 0.5 9 0.5555555555555556 0.1111111111111111 0.6 9 0.5555555555555556 0.1111111111111111 0.7 9 0.5555555555555556 0.1111111111111111 0.9 1 1.0 0.0
8 0.1 13 0.46153846153846156 0.07692307692307693 0.4 12 0.5 0.08333333333333333 0.5 11 0.5454545454545454 0.09090909090909091 0.6 10 0.6 0.1 0.7 7 0.5714285714285714 0.14285714285714285 0.9 1 1.0 0.0
8 0.1 18 0.3888888888888889 0.0 0.4 12 0.5833333333333334 0.0 0.5 12 0.5833333333333334 0.0 0.6 11 0.6363636363636364 0.0 0.7 9 0.5555555555555556 0.0 0.9 0 1 1
8 0.1 17 0.4117647058823529 0.0 0.4 11 0.6363636363636364 0.0 0.5 11 0.6363636363636364 0.0 0.6 10 0.7 0.0 0.7 7 0.7142857142857143 0.0 0.9 1 1.0 0.0
8 0.1 17 0.4117647058823529 0.0 0.4 13 0.5384615384615384 0.0 0.5 12 0.5833333333333334 0.0 0.6 12 0.5833333333333334 0.0 0.7 9 0.6666666666666666 0.0 0.9 1 1.0 0.0
8 0.1 17 0.4117647058823529 0.0 0.4 11 0.6363636363636364 0.0 0.5 8 0.625 0.0 0.6 7 0.5714285714285714 0.0 0.7 4 0.75 0.0 0.9 1 1.0 0.0
8 0.1 19 0.3684210526315789 0.0 0.4 13 0.5384615384615384 0.0 0.5 13 0.5384615384615384 0.0 0.6 13 0.5384615384615384 0.0 0.7 11 0.45454545454545453 0.0 0.9 1 1.0 0.0
8 0.1 20 0.35 0.0 0.4 16 0.4375 0.0 0.5 15 0.4666666666666667 0.0 0.6 14 0.5 0.0 0.7 12 0.5 0.0 0.9 1 1.0 0.0
8 0.1 15 0.4666666666666667 0.0 0.4 10 0.6 0.0 0.5 8 0.625 0.0 0.6 8 0.625 0.0 0.7 7 0.5714285714285714 0.0 0.9 1 1.0 0.0
8 0.1 15 0.4666666666666667 0.06666666666666667 0.4 10 0.6 0.1 0.5 8 0.625 0.125 0.6 8 0.625 0.125 0.7 6 0.6666666666666666 0.16666666666666666 0.9 2 1.0 0.0
8 0.1 15 0.4666666666666667 0.0 0.4 13 0.5384615384615384 0.0 0.5 12 0.5833333333333334 0.0 0.6 10 0.6 0.0 0.7 10 0.6 0.0 0.9 1 1.0 0.0
8 0.1 16 0.4375 0.0 0.4 12 0.5833333333333334 0.0 0.5 12 0.5833333333333334 0.0 0.6 11 0.6363636363636364 0.0 0.7 9 0.6666666666666666 0.0 0.9 1 1.0 0.0
8 0.1 12 0.5833333333333334 0.0 0.4 9 0.7777777777777778 0.0 0.5 8 0.75 0.0 0.6 7 0.7142857142857143 0.0 0.7 4 0.75 0.0 0.9 1 1.0 0.0
8 0.1 11 0.5454545454545454 0.0 0.4 7 0.5714285714285714 0.0 0.5 6 0.6666666666666666 0.0 0.6 6 0.6666666666666666 0.0 0.7 5 0.6 0.0 0.9 2 1.0 0.0
8 0.1 14 0.5 0.0 0.4 9 0.7777777777777778 0.0 0.5 9 0.7777777777777778 0.0 0.6 9 0.7777777777777778 0.0 0.7 8 0.75 0.0 0.9 1 1.0 0.0
8 0.1 17 0.4117647058823529 0.0 0.4 13 0.5384615384615384 0.0 0.5 11 0.6363636363636364 0.0 0.6 10 0.6 0.0 0.7 9 0.5555555555555556 0.0 0.9 0 1 1
8 0.1 13 0.46153846153846156 0.0 0.4 8 0.75 0.0 0.5 8 0.75 0.0 0.6 7 0.7142857142857143 0.0 0.7 7 0.7142857142857143 0.0 0.9 0 1 1
8 0.1 14 0.5 0.0 0.4 8 0.75 0.0 0.5 8 0.75 0.0 0.6 8 0.75 0.0 0.7 7 0.7142857142857143 0.0 0.9 1 1.0 0.0
8 0.1 17 0.4117647058823529 0.0 0.4 12 0.5833333333333334 0.0 0.5 11 0.6363636363636364 0.0 0.6 9 0.6666666666666666 0.0 0.7 8 0.625 0.0 0.9 1 1.0 0.0
8 0.1 14 0.5 0.0 0.4 9 0.5555555555555556 0.0 0.5 9 0.5555555555555556 0.0 0.6 7 0.5714285714285714 0.0 0.7 5 0.6 0.0 0.9 1 1.0 0.0
8 0.1 15 0.4666666666666667 0.0 0.4 9 0.6666666666666666 0.0 0.5 7 0.7142857142857143 0.0 0.6 6 0.6666666666666666 0.0 0.7 5 0.6 0.0 0.9 1 1.0 0.0
8 0.1 14 0.5 0.0 0.4 10 0.6 0.0 0.5 9 0.6666666666666666 0.0 0.6 8 0.75 0.0 0.7 8 0.75 0.0 0.9 0 1 1
8 0.1 14 0.5 0.0 0.4 8 0.625 0.0 0.5 8 0.625 0.0 0.6 8 0.625 0.0 0.7 8 0.625 0.0 0.9 2 1.0 0.0
8 0.1 12 0.5833333333333334 0.0 0.4 9 0.6666666666666666 0.0 0.5 9 0.6666666666666666 0.0 0.6 9 0.6666666666666666 0.0 0.7 8 0.625 0.0 0.9 1 1.0 0.0
8 0.1 15 0.4666666666666667 0.0 0.4 9 0.7777777777777778 0.0 0.5 8 0.75 0.0 0.6 5 0.8 0.0 0.7 4 0.75 0.0 0.9 1 1.0 0.0
8 0.1 15 0.4666666666666667 0.0 0.4 9 0.6666666666666666 0.0 0.5 6 0.6666666666666666 0.0 0.6 6 0.6666666666666666 0.0 0.7 4 0.5 0.0 0.9 1 1.0 0.0
8 0.1 15 0.4666666666666667 0.0 0.4 11 0.6363636363636364 0.0 0.5 10 0.7 0.0 0.6 9 0.7777777777777778 0.0 0.7 8 0.75 0.0 0.9 1 1.0 0.0
8 0.1 16 0.4375 0.0 0.4 9 0.4444444444444444 0.0 0.5 7 0.5714285714285714 0.0 0.6 7 0.5714285714285714 0.0 0.7 5 0.6 0.0 0.9 2 1.0 0.0
8 0.1 15 0.4666666666666667 0.06666666666666667 0.4 10 0.6 0.1 0.5 10 0.6 0.1 0.6 6 0.6666666666666666 0.16666666666666666 0.7 5 0.6 0.2 0.9 1 1.0 0.0
8 0.1 14 0.5 0.07142857142857142 0.4 8 0.75 0.125 0.5 8 0.75 0.125 0.6 6 0.8333333333333334 0.16666666666666666 0.7 6 0.8333333333333334 0.16666666666666666 0.9 0 1 1
8 0.1 22 0.3181818181818182 0.0 0.4 13 0.5384615384615384 0.0 0.5 11 0.5454545454545454 0.0 0.6 10 0.6 0.0 0.7 7 0.5714285714285714 0.0 0.9 1 1.0 0.0
8 0.1 15 0.4666666666666667 0.06666666666666667 0.4 11 0.5454545454545454 0.09090909090909091 0.5 11 0.5454545454545454 0.09090909090909091 0.6 9 0.5555555555555556 0.1111111111111111 0.7 9 0.5555555555555556 0.1111111111111111 0.9 1 1.0 0.0
8 0.1 17 0.4117647058823529 0.058823529411764705 0.4 12 0.5 0.08333333333333333 0.5 10 0.6 0.1 0.6 9 0.6666666666666666 0.1111111111111111 0.7 8 0.625 0.125 0.9 1 1.0 0.0
8 0.1 17 0.4117647058823529 0.0 0.4 14 0.42857142857142855 0.0 0.5 9 0.6666666666666666 0.0 0.6 9 0.6666666666666666 0.0 0.7 8 0.625 0.0 0.9 1 1.0 0.0
8 0.1 17 0.35294117647058826 0.0 0.4 11 0.5454545454545454 0.0 0.5 10 0.6 0.0 0.6 8 0.625 0.0 0.7 7 0.7142857142857143 0.0 0.9 1 1.0 0.0
8 0.1 13 0.5384615384615384 0.07692307692307693 0.4 6 0.8333333333333334 0.0 0.5 6 0.8333333333333334 0.0 0.6 6 0.8333333333333334 0.0 0.7 5 0.8 0.0 0.9 1 1.0 0.0
8 0.1 14 0.42857142857142855 0.0 0.4 8 0.625 0.0 0.5 8 0.625 0.0 0.6 5 0.8 0.0 0.7 5 0.8 0.0 0.9 1 1.0 0.0
8 0.1 13 0.46153846153846156 0.15384615384615385 0.4 6 0.6666666666666666 0.16666666666666666 0.5 6 0.6666666666666666 0.16666666666666666 0.6 5 0.6 0.2 0.7 5 0.6 0.2 0.9 1 1.0 0.0
8 0.1 14 0.42857142857142855 0.0 0.4 7 0.7142857142857143 0.0 0.5 6 0.6666666666666666 0.0 0.6 5 0.6 0.0 0.7 5 0.6 0.0 0.9 1 1.0 0.0
8 0.1 16 0.375 0.0625 0.4 9 0.5555555555555556 0.1111111111111111 0.5 9 0.5555555555555556 0.1111111111111111 0.6 9 0.5555555555555556 0.1111111111111111 0.7 6 0.6666666666666666 0.16666666666666666 0.9 1 1.0 0.0
8 0.1 11 0.45454545454545453 0.09090909090909091 0.4 5 0.6 0.2 0.5 5 0.6 0.2 0.6 4 0.5 0.25 0.7 3 0.3333333333333333 0.0 0.9 1 1.0 0.0
8 0.1 10 0.4 0.0 0.4 4 0.5 0.0 0.5 4 0.5 0.0 0.6 3 0.3333333333333333 0.0 0.7 3 0.3333333333333333 0.0 0.9 0 1 1
8 0.1 15 0.4666666666666667 0.0 0.4 8 0.625 0.0 0.5 7 0.7142857142857143 0.0 0.6 5 0.6 0.0 0.7 4 0.75 0.0 0.9 1 1.0 0.0
8 0.1 14 0.42857142857142855 0.07142857142857142 0.4 10 0.4 0.1 0.5 9 0.4444444444444444 0.1111111111111111 0.6 7 0.5714285714285714 0.14285714285714285 0.7 4 0.75 0.25 0.9 1 1.0 0.0
8 0.1 14 0.5 0.07142857142857142 0.4 8 0.625 0.125 0.5 7 0.5714285714285714 0.14285714285714285 0.6 6 0.6666666666666666 0.16666666666666666 0.7 5 0.8 0.2 0.9 0 1 1
8 0.1 14 0.42857142857142855 0.0 0.4 10 0.6 0.0 0.5 7 0.7142857142857143 0.0 0.6 4 0.75 0.0 0.7 4 0.75 0.0 0.9 1 1.0 0.0
8 0.1 14 0.42857142857142855 0.0 0.4 11 0.5454545454545454 0.0 0.5 10 0.6 0.0 0.6 8 0.75 0.0 0.7 7 0.7142857142857143 0.0 0.9 1 1.0 0.0
8 0.1 14 0.42857142857142855 0.0 0.4 10 0.6 0.0 0.5 10 0.6 0.0 0.6 9 0.5555555555555556 0.0 0.7 6 0.5 0.0 0.9 1 1.0 0.0
8 0.1 12 0.5 0.0 0.4 9 0.5555555555555556 0.0 0.5 7 0.42857142857142855 0.0 0.6 7 0.42857142857142855 0.0 0.7 6 0.5 0.0 0.9 0 1 1
8 0.1 12 0.5 0.0 0.4 11 0.5454545454545454 0.0 0.5 10 0.6 0.0 0.6 8 0.625 0.0 0.7 7 0.7142857142857143 0.0 0.9 0 1 1
8 0.1 13 0.46153846153846156 0.0 0.4 10 0.6 0.0 0.5 9 0.5555555555555556 0.0 0.6 8 0.625 0.0 0.7 7 0.7142857142857143 0.0 0.9 0 1 1
8 0.1 16 0.4375 0.0 0.4 10 0.6 0.0 0.5 9 0.6666666666666666 0.0 0.6 8 0.625 0.0 0.7 8 0.625 0.0 0.9 1 1.0 0.0
8 0.1 17 0.4117647058823529 0.058823529411764705 0.4 11 0.5454545454545454 0.09090909090909091 0.5 10 0.6 0.1 0.6 8 0.625 0.125 0.7 7 0.7142857142857143 0.14285714285714285 0.9 0 1 1
8 0.1 15 0.4666666666666667 0.06666666666666667 0.4 10 0.7 0.1 0.5 10 0.7 0.1 0.6 10 0.7 0.1 0.7 9 0.6666666666666666 0.1111111111111111 0.9 1 1.0 1.0
