31 0.1 0 1 1 0.4 0 1 1 0.5 0 1 1 0.6 0 1 1 0.7 0 1 1 0.9 0 1 1
31 0.1 13 0.0 0.0 0.4 1 0.0 0.0 0.5 0 1 1 0.6 0 1 1 0.7 0 1 1 0.9 0 1 1
31 0.1 238 0.07142857142857142 0.0 0.4 13 0.15384615384615385 0.0 0.5 4 0.25 0.0 0.6 2 0.5 0.0 0.7 0 1 1 0.9 0 1 1
31 0.1 162 0.09259259259259259 0.0 0.4 17 0.058823529411764705 0.0 0.5 6 0.0 0.0 0.6 4 0.0 0.0 0.7 0 1 1 0.9 0 1 1
31 0.1 518 0.05791505791505792 0.0 0.4 105 0.2 0.0 0.5 62 0.24193548387096775 0.0 0.6 21 0.2857142857142857 0.0 0.7 4 0.0 0.0 0.9 0 1 1
31 0.1 284 0.09507042253521127 0.0 0.4 17 0.29411764705882354 0.0 0.5 2 0.0 0.0 0.6 0 1 1 0.7 0 1 1 0.9 0 1 1
31 0.1 315 0.09841269841269841 0.0 0.4 32 0.3125 0.0 0.5 3 1.0 0.0 0.6 0 1 1 0.7 0 1 1 0.9 0 1 1
31 0.1 219 0.1324200913242009 0.0 0.4 0 1 1 0.5 0 1 1 0.6 0 1 1 0.7 0 1 1 0.9 0 1 1
31 0.1 212 0.1320754716981132 0.0 0.4 32 0.40625 0.0 0.5 16 0.625 0.0 0.6 2 0.5 0.0 0.7 0 1 1 0.9 0 1 1
31 0.1 179 0.16201117318435754 0.0 0.4 24 0.5416666666666666 0.0 0.5 9 0.7777777777777778 0.0 0.6 5 0.6 0.0 0.7 0 1 1 0.9 0 1 1
31 0.1 201 0.13930348258706468 0.0 0.4 38 0.42105263157894735 0.0 0.5 17 0.5882352941176471 0.0 0.6 2 0.5 0.0 0.7 0 1 1 0.9 0 1 1
31 0.1 106 0.24528301886792453 0.0 0.4 14 0.5 0.0 0.5 3 1.0 0.0 0.6 0 1 1 0.7 0 1 1 0.9 0 1 1
31 0.1 17 0.5882352941176471 0.0 0.4 4 0.75 0.0 0.5 4 0.75 0.0 0.6 2 1.0 0.0 0.7 0 1 1 0.9 0 1 1
31 0.1 35 0.42857142857142855 0.0 0.4 6 0.8333333333333334 0.0 0.5 1 1.0 0.0 0.6 0 1 1 0.7 0 1 1 0.9 0 1 1
31 0.1 168 0.17857142857142858 0.0 0.4 74 0.3918918918918919 0.0 0.5 60 0.4166666666666667 0.0 0.6 41 0.5365853658536586 0.0 0.7 21 0.8571428571428571 0.0 0.9 0 1 1
31 0.1 102 0.2647058823529412 0.0 0.4 45 0.4666666666666667 0.0 0.5 35 0.5428571428571428 0.0 0.6 20 0.7 0.0 0.7 9 1.0 0.0 0.9 0 1 1
31 0.1 78 0.32051282051282054 0.0 0.4 19 0.631578947368421 0.0 0.5 15 0.6666666666666666 0.0 0.6 6 0.8333333333333334 0.0 0.7 2 1.0 0.0 0.9 0 1 1
31 0.1 111 0.25225225225225223 0.009009009009009009 0.4 47 0.44680851063829785 0.02127659574468085 0.5 31 0.5806451612903226 0.0 0.6 15 0.6 0.0 0.7 6 0.6666666666666666 0.0 0.9 0 1 1
31 0.1 5 0.4 0.0 0.4 0 1 1 0.5 0 1 1 0.6 0 1 1 0.7 0 1 1 0.9 0 1 1
31 0.1 98 0.3163265306122449 0.0 0.4 25 0.68 0.0 0.5 13 0.7692307692307693 0.0 0.6 5 0.8 0.0 0.7 1 1.0 0.0 0.9 0 1 1
31 0.1 46 0.30434782608695654 0.0 0.4 5 0.6 0.0 0.5 2 0.5 0.0 0.6 2 0.5 0.0 0.7 0 1 1 0.9 0 1 1
31 0.1 28 0.6071428571428571 0.0 0.4 6 0.6666666666666666 0.0 0.5 3 1.0 0.0 0.6 2 1.0 0.0 0.7 1 1.0 0.0 0.9 0 1 1
31 0.1 98 0.30612244897959184 0.0 0.4 43 0.6046511627906976 0.0 0.5 30 0.7333333333333333 0.0 0.6 20 0.9 0.0 0.7 13 1.0 0.0 0.9 0 1 1
31 0.1 6 0.3333333333333333 0.0 0.4 0 1 1 0.5 0 1 1 0.6 0 1 1 0.7 0 1 1 0.9 0 1 1
31 0.1 131 0.22900763358778625 0.0 0.4 33 0.6060606060606061 0.0 0.5 18 0.5555555555555556 0.0 0.6 12 0.5833333333333334 0.0 0.7 5 0.8 0.0 0.9 0 1 1
31 0.1 71 0.38028169014084506 0.0 0.4 32 0.5625 0.0 0.5 26 0.5769230769230769 0.0 0.6 19 0.6842105263157895 0.0 0.7 7 1.0 0.0 0.9 0 1 1
31 0.1 41 0.5853658536585366 0.0 0.4 17 0.9411764705882353 0.0 0.5 10 0.9 0.0 0.6 5 1.0 0.0 0.7 3 1.0 0.0 0.9 0 1 1
31 0.1 0 1 1 0.4 0 1 1 0.5 0 1 1 0.6 0 1 1 0.7 0 1 1 0.9 0 1 1
31 0.1 0 1 1 0.4 0 1 1 0.5 0 1 1 0.6 0 1 1 0.7 0 1 1 0.9 0 1 1
31 0.1 2 0.0 0.0 0.4 0 1 1 0.5 0 1 1 0.6 0 1 1 0.7 0 1 1 0.9 0 1 1
31 0.1 21 0.14285714285714285 0.0 0.4 0 1 1 0.5 0 1 1 0.6 0 1 1 0.7 0 1 1 0.9 0 1 1
31 0.1 63 0.15873015873015872 0.0 0.4 8 0.5 0.0 0.5 2 0.0 0.0 0.6 0 1 1 0.7 0 1 1 0.9 0 1 1
31 0.1 0 1 1 0.4 0 1 1 0.5 0 1 1 0.6 0 1 1 0.7 0 1 1 0.9 0 1 1
31 0.1 0 1 1 0.4 0 1 1 0.5 0 1 1 0.6 0 1 1 0.7 0 1 1 0.9 0 1 1
31 0.1 25 0.44 0.0 0.4 4 0.75 0.0 0.5 0 1 1 0.6 0 1 1 0.7 0 1 1 0.9 0 1 1
31 0.1 4 0.25 0.0 0.4 0 1 1 0.5 0 1 1 0.6 0 1 1 0.7 0 1 1 0.9 0 1 1
31 0.1 99 0.25252525252525254 0.0 0.4 17 0.4117647058823529 0.0 0.5 8 0.375 0.0 0.6 1 1.0 0.0 0.7 1 1.0 0.0 0.9 0 1 1
31 0.1 53 0.4339622641509434 0.018867924528301886 0.4 10 0.9 0.0 0.5 6 1.0 0.0 0.6 2 1.0 0.0 0.7 1 1.0 0.0 0.9 0 1 1
31 0.1 19 0.47368421052631576 0.0 0.4 0 1 1 0.5 0 1 1 0.6 0 1 1 0.7 0 1 1 0.9 0 1 1
31 0.1 11 0.18181818181818182 0.0 0.4 2 0.5 0.0 0.5 0 1 1 0.6 0 1 1 0.7 0 1 1 0.9 0 1 1
31 0.1 42 0.5714285714285714 0.0 0.4 5 0.8 0.0 0.5 5 0.8 0.0 0.6 2 1.0 0.0 0.7 0 1 1 0.9 0 1 1
31 0.1 48 0.4791666666666667 0.0 0.4 16 0.8125 0.0 0.5 4 1.0 0.0 0.6 1 1.0 0.0 0.7 0 1 1 0.9 0 1 1
31 0.1 24 0.20833333333333334 0.0 0.4 1 1.0 0.0 0.5 0 1 1 0.6 0 1 1 0.7 0 1 1 0.9 0 1 1
31 0.1 53 0.4716981132075472 0.0 0.4 9 0.7777777777777778 0.0 0.5 6 0.8333333333333334 0.0 0.6 1 1.0 0.0 0.7 0 1 1 0.9 0 1 1
31 0.1 37 0.5945945945945946 0.0 0.4 6 1.0 0.0 0.5 2 1.0 0.0 0.6 2 1.0 0.0 0.7 2 1.0 0.0 0.9 0 1 1
31 0.1 60 0.48333333333333334 0.0 0.4 23 0.6956521739130435 0.0 0.5 15 0.8 0.0 0.6 9 1.0 0.0 0.7 4 1.0 0.0 0.9 0 1 1
31 0.1 135 0.2 0.0 0.4 15 0.6 0.0 0.5 3 1.0 0.0 0.6 2 1.0 0.0 0.7 1 1.0 0.0 0.9 0 1 1
31 0.1 0 1 1 0.4 0 1 1 0.5 0 1 1 0.6 0 1 1 0.7 0 1 1 0.9 0 1 1
31 0.1 45 0.5777777777777777 0.022222222222222223 0.4 16 0.75 0.0 0.5 12 0.75 0.0 0.6 8 1.0 0.0 0.7 0 1 1 0.9 0 1 1
31 0.1 55 0.45454545454545453 0.0 0.4 27 0.7407407407407407 0.0 0.5 22 0.8181818181818182 0.0 0.6 14 1.0 0.0 0.7 5 1.0 0.0 0.9 0 1 1
31 0.1 23 0.7391304347826086 0.0 0.4 8 1.0 0.0 0.5 2 1.0 0.0 0.6 0 1 1 0.7 0 1 1 0.9 0 1 1
31 0.1 41 0.6341463414634146 0.0 0.4 20 0.85 0.0 0.5 11 0.8181818181818182 0.0 0.6 6 0.8333333333333334 0.0 0.7 2 1.0 0.0 0.9 0 1 1
31 0.1 39 0.6923076923076923 0.0 0.4 13 0.8461538461538461 0.0 0.5 6 1.0 0.0 0.6 2 1.0 0.0 0.7 0 1 1 0.9 0 1 1
31 0.1 43 0.6046511627906976 0.046511627906976744 0.4 16 0.875 0.0 0.5 8 1.0 0.0 0.6 3 1.0 0.0 0.7 1 1.0 0.0 0.9 0 1 1
31 0.1 54 0.5370370370370371 0.0 0.4 29 0.8275862068965517 0.0 0.5 26 0.8461538461538461 0.0 0.6 17 0.8235294117647058 0.0 0.7 10 0.8 0.0 0.9 0 1 1
31 0.1 44 0.6363636363636364 0.0 0.4 20 0.9 0.0 0.5 14 1.0 0.0 0.6 8 1.0 0.0 0.7 5 1.0 0.0 0.9 0 1 1
31 0.1 73 0.3835616438356164 0.0 0.4 17 0.8235294117647058 0.0 0.5 10 0.7 0.0 0.6 4 1.0 0.0 0.7 1 1.0 0.0 0.9 0 1 1
31 0.1 64 0.4375 0.015625 0.4 25 0.76 0.04 0.5 17 0.8235294117647058 0.058823529411764705 0.6 10 0.8 0.0 0.7 7 0.7142857142857143 0.0 0.9 0 1 1
31 0.1 74 0.3918918918918919 0.04054054054054054 0.4 35 0.7142857142857143 0.08571428571428572 0.5 28 0.8214285714285714 0.10714285714285714 0.6 22 0.8636363636363636 0.09090909090909091 0.7 13 0.8461538461538461 0.07692307692307693 0.9 0 1 1
31 0.1 51 0.5098039215686274 0.0 0.4 18 0.8333333333333334 0.0 0.5 13 0.8461538461538461 0.0 0.6 10 0.8 0.0 0.7 3 1.0 0.0 0.9 0 1 1
31 0.1 63 0.49206349206349204 0.0 0.4 30 0.8 0.0 0.5 24 0.7916666666666666 0.0 0.6 14 0.8571428571428571 0.0 0.7 7 0.8571428571428571 0.0 0.9 0 1 1
31 0.1 82 0.35365853658536583 0.0 0.4 29 0.6206896551724138 0.0 0.5 13 0.5384615384615384 0.0 0.6 7 0.8571428571428571 0.0 0.7 0 1 1 0.9 0 1 1
31 0.1 77 0.38961038961038963 0.012987012987012988 0.4 36 0.6666666666666666 0.027777777777777776 0.5 27 0.7407407407407407 0.037037037037037035 0.6 20 0.8 0.0 0.7 14 0.9285714285714286 0.0 0.9 0 1 1
31 0.1 58 0.46551724137931033 0.0 0.4 11 0.7272727272727273 0.0 0.5 5 0.6 0.0 0.6 1 1.0 0.0 0.7 0 1 1 0.9 0 1 1
31 0.1 59 0.4915254237288136 0.0 0.4 18 0.7777777777777778 0.0 0.5 15 0.8 0.0 0.6 11 0.9090909090909091 0.0 0.7 5 1.0 0.0 0.9 0 1 1
31 0.1 58 0.4827586206896552 0.0 0.4 21 0.8571428571428571 0.0 0.5 17 0.8235294117647058 0.0 0.6 9 0.7777777777777778 0.0 0.7 2 1.0 0.0 0.9 0 1 1
31 0.1 51 0.5294117647058824 0.0196078431372549 0.4 19 0.8421052631578947 0.05263157894736842 0.5 14 0.8571428571428571 0.0 0.6 6 1.0 0.0 0.7 2 1.0 0.0 0.9 0 1 1
31 0.1 84 0.35714285714285715 0.0 0.4 28 0.75 0.0 0.5 22 0.8636363636363636 0.0 0.6 16 1.0 0.0 0.7 9 1.0 0.0 0.9 0 1 1
31 0.1 73 0.3835616438356164 0.0 0.4 33 0.7272727272727273 0.0 0.5 25 0.84 0.0 0.6 20 0.8 0.0 0.7 11 0.8181818181818182 0.0 0.9 0 1 1
31 0.1 67 0.44776119402985076 0.0 0.4 41 0.6585365853658537 0.0 0.5 31 0.7419354838709677 0.0 0.6 25 0.8 0.0 0.7 18 0.8888888888888888 0.0 0.9 0 1 1
31 0.1 68 0.4411764705882353 0.0 0.4 40 0.65 0.0 0.5 30 0.7333333333333333 0.0 0.6 25 0.8 0.0 0.7 19 0.8947368421052632 0.0 0.9 0 1 1
31 0.1 52 0.5384615384615384 0.0 0.4 23 0.8260869565217391 0.0 0.5 15 0.9333333333333333 0.0 0.6 11 1.0 0.0 0.7 5 1.0 0.0 0.9 0 1 1
31 0.1 58 0.46551724137931033 0.0 0.4 19 0.7894736842105263 0.0 0.5 11 1.0 0.0 0.6 9 1.0 0.0 0.7 3 1.0 0.0 0.9 0 1 1
31 0.1 138 0.2246376811594203 0.007246376811594203 0.4 36 0.6111111111111112 0.027777777777777776 0.5 27 0.5925925925925926 0.037037037037037035 0.6 19 0.631578947368421 0.05263157894736842 0.7 7 0.7142857142857143 0.0 0.9 0 1 1
31 0.1 35 0.6 0.02857142857142857 0.4 9 0.8888888888888888 0.1111111111111111 0.5 6 1.0 0.16666666666666666 0.6 3 1.0 0.3333333333333333 0.7 2 1.0 0.0 0.9 0 1 1
31 0.1 76 0.40789473684210525 0.0 0.4 34 0.6764705882352942 0.0 0.5 29 0.7586206896551724 0.0 0.6 17 1.0 0.0 0.7 13 1.0 0.0 0.9 0 1 1
31 0.1 71 0.43661971830985913 0.04225352112676056 0.4 35 0.6571428571428571 0.08571428571428572 0.5 28 0.7857142857142857 0.10714285714285714 0.6 24 0.875 0.125 0.7 15 1.0 0.2 0.9 0 1 1
31 0.1 66 0.42424242424242425 0.0 0.4 40 0.6 0.0 0.5 29 0.7241379310344828 0.0 0.6 23 0.8260869565217391 0.0 0.7 15 0.9333333333333333 0.0 0.9 0 1 1
31 0.1 70 0.42857142857142855 0.0 0.4 44 0.6136363636363636 0.0 0.5 33 0.6666666666666666 0.0 0.6 25 0.8 0.0 0.7 17 1.0 0.0 0.9 0 1 1
31 0.1 176 0.1590909090909091 0.0 0.4 28 0.5357142857142857 0.0 0.5 15 0.7333333333333333 0.0 0.6 7 1.0 0.0 0.7 1 1.0 0.0 0.9 0 1 1
31 0.1 75 0.41333333333333333 0.02666666666666667 0.4 43 0.627906976744186 0.046511627906976744 0.5 39 0.6410256410256411 0.05128205128205128 0.6 33 0.6666666666666666 0.06060606060606061 0.7 21 0.8571428571428571 0.09523809523809523 0.9 0 1 1
31 0.1 55 0.5272727272727272 0.0 0.4 32 0.65625 0.0 0.5 23 0.782608695652174 0.0 0.6 19 0.8947368421052632 0.0 0.7 12 1.0 0.0 0.9 0 1 1
31 0.1 53 0.5283018867924528 0.018867924528301886 0.4 27 0.7777777777777778 0.037037037037037035 0.5 17 0.8823529411764706 0.058823529411764705 0.6 11 0.9090909090909091 0.09090909090909091 0.7 5 1.0 0.2 0.9 0 1 1
31 0.1 71 0.4225352112676056 0.0 0.4 43 0.6046511627906976 0.0 0.5 34 0.7058823529411765 0.0 0.6 29 0.7586206896551724 0.0 0.7 17 0.8823529411764706 0.0 0.9 0 1 1
31 0.1 67 0.4626865671641791 0.0 0.4 39 0.6153846153846154 0.0 0.5 30 0.7333333333333333 0.0 0.6 25 0.84 0.0 0.7 11 1.0 0.0 0.9 0 1 1
31 0.1 64 0.46875 0.0 0.4 35 0.6857142857142857 0.0 0.5 25 0.88 0.0 0.6 18 0.9444444444444444 0.0 0.7 12 1.0 0.0 0.9 0 1 1
31 0.1 55 0.5272727272727272 0.0 0.4 30 0.7333333333333333 0.0 0.5 27 0.7777777777777778 0.0 0.6 18 0.8333333333333334 0.0 0.7 8 1.0 0.0 0.9 0 1 1
31 0.1 66 0.4696969696969697 0.0 0.4 34 0.7352941176470589 0.0 0.5 28 0.75 0.0 0.6 20 0.85 0.0 0.7 13 1.0 0.0 0.9 0 1 1
31 0.1 62 0.46774193548387094 0.03225806451612903 0.4 31 0.8064516129032258 0.03225806451612903 0.5 23 0.8695652173913043 0.043478260869565216 0.6 20 0.9 0.05 0.7 10 1.0 0.1 0.9 0 1 1
31 0.1 56 0.5178571428571429 0.0 0.4 30 0.8333333333333334 0.0 0.5 22 0.9090909090909091 0.0 0.6 14 1.0 0.0 0.7 8 1.0 0.0 0.9 0 1 1
31 0.1 63 0.47619047619047616 0.0 0.4 36 0.6666666666666666 0.0 0.5 28 0.7142857142857143 0.0 0.6 21 0.8571428571428571 0.0 0.7 13 0.9230769230769231 0.0 0.9 0 1 1
31 0.1 70 0.44285714285714284 0.0 0.4 42 0.6428571428571429 0.0 0.5 37 0.6486486486486487 0.0 0.6 32 0.6875 0.0 0.7 16 1.0 0.0 0.9 0 1 1
31 0.1 54 0.5370370370370371 0.018518518518518517 0.4 36 0.6944444444444444 0.027777777777777776 0.5 28 0.7142857142857143 0.03571428571428571 0.6 21 0.9047619047619048 0.047619047619047616 0.7 14 0.9285714285714286 0.07142857142857142 0.9 0 1 1
31 0.1 61 0.4918032786885246 0.0 0.4 35 0.6 0.0 0.5 27 0.7407407407407407 0.0 0.6 22 0.7272727272727273 0.0 0.7 12 0.8333333333333334 0.0 0.9 0 1 1
31 0.1 54 0.5185185185185185 0.018518518518518517 0.4 29 0.7931034482758621 0.034482758620689655 0.5 22 0.8181818181818182 0.045454545454545456 0.6 19 0.8421052631578947 0.05263157894736842 0.7 10 1.0 0.0 0.9 0 1 1
31 0.1 57 0.5087719298245614 0.07017543859649122 0.4 35 0.7142857142857143 0.08571428571428572 0.5 30 0.7666666666666667 0.1 0.6 23 0.782608695652174 0.13043478260869565 0.7 16 0.9375 0.1875 0.9 0 1 1
31 0.1 69 0.42028985507246375 0.0 0.4 35 0.6857142857142857 0.0 0.5 26 0.7307692307692307 0.0 0.6 20 0.8 0.0 0.7 16 0.875 0.0 0.9 0 1 1
31 0.1 48 0.5833333333333334 0.0 0.4 29 0.7241379310344828 0.0 0.5 24 0.75 0.0 0.6 21 0.8571428571428571 0.0 0.7 13 1.0 0.0 0.9 0 1 1
31 0.1 59 0.4915254237288136 0.0 0.4 32 0.6875 0.0 0.5 29 0.7586206896551724 0.0 0.6 18 0.8888888888888888 0.0 0.7 11 0.9090909090909091 0.0 0.9 0 1 1
31 0.1 53 0.5283018867924528 0.0 0.4 23 0.8260869565217391 0.0 0.5 20 0.9 0.0 0.6 15 1.0 0.0 0.7 11 1.0 0.0 0.9 0 1 1
31 0.1 39 0.5897435897435898 0.0 0.4 18 0.8888888888888888 0.0 0.5 13 1.0 0.0 0.6 10 1.0 0.0 0.7 6 1.0 0.0 0.9 0 1 1
31 0.1 53 0.5283018867924528 0.0 0.4 29 0.7586206896551724 0.0 0.5 19 0.8421052631578947 0.0 0.6 17 0.8823529411764706 0.0 0.7 11 0.9090909090909091 0.0 0.9 0 1 1
31 0.1 56 0.5357142857142857 0.017857142857142856 0.4 33 0.7272727272727273 0.030303030303030304 0.5 24 0.7916666666666666 0.041666666666666664 0.6 18 0.8333333333333334 0.05555555555555555 0.7 12 1.0 0.08333333333333333 0.9 0 1 1
31 0.1 49 0.5918367346938775 0.0 0.4 34 0.7352941176470589 0.0 0.5 28 0.7857142857142857 0.0 0.6 20 0.85 0.0 0.7 15 0.9333333333333333 0.0 0.9 0 1 1
31 0.1 52 0.5576923076923077 0.057692307692307696 0.4 32 0.71875 0.09375 0.5 25 0.72 0.12 0.6 16 0.8125 0.125 0.7 14 0.8571428571428571 0.14285714285714285 0.9 0 1 1
31 0.1 54 0.5 0.0 0.4 24 0.7916666666666666 0.0 0.5 18 0.8333333333333334 0.0 0.6 13 0.8461538461538461 0.0 0.7 10 1.0 0.0 0.9 0 1 1
31 0.1 65 0.4461538461538462 0.0 0.4 40 0.575 0.0 0.5 34 0.5882352941176471 0.0 0.6 28 0.7142857142857143 0.0 0.7 20 0.85 0.0 0.9 0 1 1
31 0.1 59 0.4915254237288136 0.05084745762711865 0.4 30 0.7 0.1 0.5 26 0.7692307692307693 0.11538461538461539 0.6 15 0.9333333333333333 0.13333333333333333 0.7 10 1.0 0.2 0.9 0 1 1
31 0.1 53 0.5471698113207547 0.018867924528301886 0.4 31 0.6774193548387096 0.03225806451612903 0.5 24 0.7916666666666666 0.041666666666666664 0.6 17 0.7647058823529411 0.0 0.7 12 0.9166666666666666 0.0 0.9 0 1 1
31 0.1 69 0.4492753623188406 0.0 0.4 45 0.6444444444444445 0.0 0.5 41 0.6585365853658537 0.0 0.6 35 0.6857142857142857 0.0 0.7 26 0.7307692307692307 0.0 0.9 0 1 1
31 0.1 41 0.6097560975609756 0.07317073170731707 0.4 24 0.6666666666666666 0.125 0.5 17 0.8235294117647058 0.17647058823529413 0.6 13 0.9230769230769231 0.23076923076923078 0.7 12 0.9166666666666666 0.25 0.9 0 1 1
31 0.1 44 0.6136363636363636 0.045454545454545456 0.4 25 0.8 0.08 0.5 22 0.8181818181818182 0.09090909090909091 0.6 21 0.8095238095238095 0.09523809523809523 0.7 14 0.8571428571428571 0.14285714285714285 0.9 0 1 1
31 0.1 53 0.5283018867924528 0.0 0.4 31 0.6129032258064516 0.0 0.5 21 0.8571428571428571 0.0 0.6 19 0.8421052631578947 0.0 0.7 11 0.9090909090909091 0.0 0.9 0 1 1
31 0.1 67 0.417910447761194 0.0 0.4 38 0.631578947368421 0.0 0.5 29 0.6551724137931034 0.0 0.6 26 0.6923076923076923 0.0 0.7 16 0.9375 0.0 0.9 0 1 1
31 0.1 50 0.56 0.0 0.4 25 0.72 0.0 0.5 22 0.7727272727272727 0.0 0.6 17 0.8235294117647058 0.0 0.7 9 0.8888888888888888 0.0 0.9 0 1 1
31 0.1 57 0.5087719298245614 0.0 0.4 35 0.6571428571428571 0.0 0.5 29 0.6896551724137931 0.0 0.6 24 0.7916666666666666 0.0 0.7 15 0.9333333333333333 0.0 0.9 0 1 1
31 0.1 63 0.4603174603174603 0.0 0.4 36 0.6666666666666666 0.0 0.5 31 0.6774193548387096 0.0 0.6 23 0.7391304347826086 0.0 0.7 20 0.75 0.0 0.9 0 1 1
31 0.1 60 0.5166666666666667 0.0 0.4 36 0.6388888888888888 0.0 0.5 30 0.7 0.0 0.6 24 0.7916666666666666 0.0 0.7 18 0.9444444444444444 0.0 0.9 0 1 1
31 0.1 54 0.5 0.07407407407407407 0.4 30 0.7333333333333333 0.1 0.5 26 0.7307692307692307 0.11538461538461539 0.6 22 0.8181818181818182 0.13636363636363635 0.7 14 0.9285714285714286 0.14285714285714285 0.9 0 1 1
31 0.1 50 0.54 0.0 0.4 27 0.7777777777777778 0.0 0.5 23 0.8260869565217391 0.0 0.6 17 0.8235294117647058 0.0 0.7 15 0.9333333333333333 0.0 0.9 0 1 1
31 0.1 49 0.5714285714285714 0.0 0.4 29 0.7241379310344828 0.0 0.5 24 0.7916666666666666 0.0 0.6 18 0.8333333333333334 0.0 0.7 11 0.9090909090909091 0.0 0.9 0 1 1
31 0.1 41 0.5853658536585366 0.024390243902439025 0.4 22 0.7727272727272727 0.045454545454545456 0.5 14 0.7142857142857143 0.07142857142857142 0.6 11 0.8181818181818182 0.09090909090909091 0.7 8 1.0 0.125 0.9 0 1 1
31 0.1 44 0.5909090909090909 0.022727272727272728 0.4 28 0.7142857142857143 0.0 0.5 22 0.7272727272727273 0.0 0.6 18 0.7777777777777778 0.0 0.7 12 0.9166666666666666 0.0 0.9 0 1 1
31 0.1 52 0.5 0.038461538461538464 0.4 33 0.6363636363636364 0.06060606060606061 0.5 29 0.6206896551724138 0.06896551724137931 0.6 25 0.64 0.08 0.7 16 1.0 0.125 0.9 0 1 1
31 0.1 48 0.5416666666666666 0.0625 0.4 26 0.7307692307692307 0.11538461538461539 0.5 22 0.7272727272727273 0.13636363636363635 0.6 17 0.7647058823529411 0.17647058823529413 0.7 11 0.9090909090909091 0.18181818181818182 0.9 0 1 1
31 0.1 58 0.4827586206896552 0.017241379310344827 0.4 40 0.525 0.025 0.5 35 0.5142857142857142 0.02857142857142857 0.6 31 0.5806451612903226 0.03225806451612903 0.7 25 0.68 0.04 0.9 0 1 1
31 0.1 56 0.4642857142857143 0.08928571428571429 0.4 27 0.7037037037037037 0.14814814814814814 0.5 24 0.75 0.16666666666666666 0.6 21 0.7619047619047619 0.19047619047619047 0.7 17 0.8235294117647058 0.17647058823529413 0.9 0 1 1
31 0.1 51 0.5294117647058824 0.058823529411764705 0.4 35 0.6285714285714286 0.08571428571428572 0.5 31 0.6451612903225806 0.06451612903225806 0.6 30 0.6666666666666666 0.06666666666666667 0.7 19 0.7894736842105263 0.10526315789473684 0.9 0 1 1
31 0.1 44 0.6136363636363636 0.09090909090909091 0.4 26 0.7307692307692307 0.11538461538461539 0.5 22 0.8181818181818182 0.09090909090909091 0.6 18 0.8333333333333334 0.05555555555555555 0.7 12 0.9166666666666666 0.08333333333333333 0.9 0 1 1
31 0.1 53 0.5471698113207547 0.07547169811320754 0.4 38 0.6842105263157895 0.10526315789473684 0.5 33 0.7575757575757576 0.09090909090909091 0.6 27 0.7407407407407407 0.07407407407407407 0.7 17 0.8823529411764706 0.11764705882352941 0.9 1 1.0 0.0
31 0.1 46 0.5869565217391305 0.0 0.4 27 0.7407407407407407 0.0 0.5 26 0.7307692307692307 0.0 0.6 19 0.7894736842105263 0.0 0.7 12 0.8333333333333334 0.0 0.9 1 1.0 0.0
31 0.1 52 0.5192307692307693 0.11538461538461539 0.4 29 0.6896551724137931 0.1724137931034483 0.5 25 0.72 0.2 0.6 21 0.8095238095238095 0.23809523809523808 0.7 18 0.8888888888888888 0.2777777777777778 0.9 0 1 1
31 0.1 51 0.5882352941176471 0.0196078431372549 0.4 34 0.7058823529411765 0.029411764705882353 0.5 30 0.7666666666666667 0.03333333333333333 0.6 24 0.7916666666666666 0.041666666666666664 0.7 17 0.7647058823529411 0.058823529411764705 0.9 0 1 1
31 0.1 53 0.5660377358490566 0.0 0.4 37 0.7027027027027027 0.0 0.5 34 0.7352941176470589 0.0 0.6 28 0.75 0.0 0.7 23 0.782608695652174 0.0 0.9 0 1 1
31 0.1 51 0.5686274509803921 0.0392156862745098 0.4 32 0.6875 0.03125 0.5 29 0.6551724137931034 0.034482758620689655 0.6 25 0.72 0.04 0.7 18 0.7777777777777778 0.05555555555555555 0.9 0 1 1
31 0.1 46 0.5 0.08695652173913043 0.4 28 0.6428571428571429 0.10714285714285714 0.5 26 0.6153846153846154 0.11538461538461539 0.6 19 0.7894736842105263 0.15789473684210525 0.7 12 0.8333333333333334 0.25 0.9 0 1 1
31 0.1 61 0.45901639344262296 0.01639344262295082 0.4 39 0.6410256410256411 0.02564102564102564 0.5 30 0.6666666666666666 0.03333333333333333 0.6 28 0.6785714285714286 0.03571428571428571 0.7 21 0.7142857142857143 0.0 0.9 0 1 1
31 0.1 55 0.509090909090909 0.03636363636363636 0.4 29 0.6551724137931034 0.06896551724137931 0.5 27 0.7037037037037037 0.07407407407407407 0.6 22 0.8181818181818182 0.09090909090909091 0.7 14 0.8571428571428571 0.07142857142857142 0.9 0 1 1
31 0.1 60 0.4666666666666667 0.05 0.4 37 0.6486486486486487 0.05405405405405406 0.5 32 0.6875 0.0625 0.6 23 0.7391304347826086 0.08695652173913043 0.7 16 0.8125 0.125 0.9 0 1 1
31 0.1 59 0.5084745762711864 0.03389830508474576 0.4 40 0.625 0.05 0.5 37 0.6216216216216216 0.05405405405405406 0.6 31 0.7096774193548387 0.06451612903225806 0.7 26 0.7692307692307693 0.07692307692307693 0.9 0 1 1
31 0.1 41 0.5609756097560976 0.024390243902439025 0.4 26 0.7307692307692307 0.038461538461538464 0.5 22 0.7727272727272727 0.045454545454545456 0.6 18 0.7777777777777778 0.05555555555555555 0.7 13 0.9230769230769231 0.07692307692307693 0.9 0 1 1
31 0.1 56 0.5 0.08928571428571429 0.4 30 0.7 0.13333333333333333 0.5 25 0.72 0.16 0.6 22 0.7727272727272727 0.18181818181818182 0.7 14 0.8571428571428571 0.2857142857142857 0.9 0 1 1
31 0.1 46 0.5217391304347826 0.0 0.4 28 0.6428571428571429 0.0 0.5 22 0.7272727272727273 0.0 0.6 20 0.75 0.0 0.7 15 0.8666666666666667 0.0 0.9 0 1 1
31 0.1 41 0.6097560975609756 0.0 0.4 26 0.6923076923076923 0.0 0.5 20 0.75 0.0 0.6 18 0.7777777777777778 0.0 0.7 15 0.8 0.0 0.9 0 1 1
31 0.1 44 0.6136363636363636 0.045454545454545456 0.4 29 0.6896551724137931 0.06896551724137931 0.5 22 0.7272727272727273 0.09090909090909091 0.6 15 0.8 0.13333333333333333 0.7 11 0.9090909090909091 0.18181818181818182 0.9 0 1 1
31 0.1 53 0.5471698113207547 0.0 0.4 32 0.65625 0.0 0.5 28 0.7142857142857143 0.0 0.6 26 0.7307692307692307 0.0 0.7 22 0.6818181818181818 0.0 0.9 0 1 1
31 0.1 54 0.5185185185185185 0.018518518518518517 0.4 32 0.65625 0.03125 0.5 30 0.6666666666666666 0.03333333333333333 0.6 26 0.6923076923076923 0.038461538461538464 0.7 20 0.7 0.05 0.9 0 1 1
31 0.1 45 0.5777777777777777 0.044444444444444446 0.4 32 0.65625 0.0625 0.5 26 0.6538461538461539 0.07692307692307693 0.6 21 0.7619047619047619 0.09523809523809523 0.7 13 0.8461538461538461 0.07692307692307693 0.9 0 1 1
31 0.1 64 0.46875 0.03125 0.4 40 0.625 0.05 0.5 35 0.6571428571428571 0.05714285714285714 0.6 33 0.696969696969697 0.06060606060606061 0.7 25 0.76 0.04 0.9 0 1 1
31 0.1 62 0.46774193548387094 0.04838709677419355 0.4 41 0.6829268292682927 0.07317073170731707 0.5 36 0.7222222222222222 0.08333333333333333 0.6 34 0.7352941176470589 0.08823529411764706 0.7 22 0.7727272727272727 0.09090909090909091 0.9 1 1.0 0.0
31 0.1 57 0.49122807017543857 0.05263157894736842 0.4 36 0.6944444444444444 0.08333333333333333 0.5 31 0.7419354838709677 0.0967741935483871 0.6 27 0.8148148148148148 0.1111111111111111 0.7 17 0.8235294117647058 0.11764705882352941 0.9 0 1 1
31 0.1 44 0.5909090909090909 0.13636363636363635 0.4 30 0.6666666666666666 0.16666666666666666 0.5 25 0.68 0.16 0.6 20 0.7 0.15 0.7 13 0.9230769230769231 0.15384615384615385 0.9 0 1 1
31 0.1 45 0.6 0.13333333333333333 0.4 30 0.7666666666666667 0.2 0.5 28 0.75 0.17857142857142858 0.6 23 0.8695652173913043 0.17391304347826086 0.7 18 0.9444444444444444 0.16666666666666666 0.9 0 1 1
31 0.1 46 0.5869565217391305 0.06521739130434782 0.4 33 0.696969696969697 0.09090909090909091 0.5 31 0.6774193548387096 0.06451612903225806 0.6 23 0.6956521739130435 0.08695652173913043 0.7 16 0.875 0.125 0.9 0 1 1
31 0.1 42 0.5952380952380952 0.09523809523809523 0.4 27 0.7407407407407407 0.14814814814814814 0.5 23 0.8260869565217391 0.17391304347826086 0.6 17 0.9411764705882353 0.23529411764705882 0.7 15 1.0 0.26666666666666666 0.9 0 1 1
31 0.1 46 0.6304347826086957 0.021739130434782608 0.4 28 0.75 0.03571428571428571 0.5 27 0.7407407407407407 0.037037037037037035 0.6 25 0.76 0.04 0.7 19 0.8421052631578947 0.05263157894736842 0.9 0 1 1
31 0.1 44 0.6363636363636364 0.022727272727272728 0.4 30 0.7 0.03333333333333333 0.5 27 0.7407407407407407 0.037037037037037035 0.6 24 0.7916666666666666 0.041666666666666664 0.7 19 0.9473684210526315 0.05263157894736842 0.9 0 1 1
31 0.1 45 0.5333333333333333 0.08888888888888889 0.4 32 0.65625 0.125 0.5 30 0.7 0.13333333333333333 0.6 27 0.7407407407407407 0.14814814814814814 0.7 23 0.8260869565217391 0.17391304347826086 0.9 0 1 1
31 0.1 51 0.5294117647058824 0.058823529411764705 0.4 36 0.6111111111111112 0.08333333333333333 0.5 34 0.6470588235294118 0.08823529411764706 0.6 33 0.6666666666666666 0.09090909090909091 0.7 28 0.7142857142857143 0.10714285714285714 0.9 0 1 1
31 0.1 52 0.5576923076923077 0.09615384615384616 0.4 40 0.625 0.075 0.5 36 0.6666666666666666 0.08333333333333333 0.6 33 0.696969696969697 0.09090909090909091 0.7 27 0.7037037037037037 0.1111111111111111 0.9 0 1 1
31 0.1 49 0.5714285714285714 0.08163265306122448 0.4 29 0.7241379310344828 0.06896551724137931 0.5 27 0.7407407407407407 0.07407407407407407 0.6 24 0.7916666666666666 0.08333333333333333 0.7 20 0.85 0.1 0.9 0 1 1
31 0.1 47 0.5531914893617021 0.0851063829787234 0.4 29 0.7241379310344828 0.10344827586206896 0.5 23 0.7391304347826086 0.13043478260869565 0.6 22 0.7727272727272727 0.13636363636363635 0.7 15 0.9333333333333333 0.2 0.9 0 1 1
31 0.1 41 0.6341463414634146 0.07317073170731707 0.4 31 0.7741935483870968 0.0967741935483871 0.5 29 0.7586206896551724 0.10344827586206896 0.6 24 0.7916666666666666 0.125 0.7 22 0.7727272727272727 0.13636363636363635 0.9 0 1 1
31 0.1 50 0.54 0.08 0.4 34 0.6764705882352942 0.08823529411764706 0.5 31 0.7096774193548387 0.0967741935483871 0.6 26 0.7692307692307693 0.11538461538461539 0.7 20 0.75 0.1 0.9 1 1.0 1.0
31 0.1 42 0.6190476190476191 0.07142857142857142 0.4 31 0.7419354838709677 0.06451612903225806 0.5 24 0.875 0.08333333333333333 0.6 21 0.8571428571428571 0.09523809523809523 0.7 18 0.8888888888888888 0.1111111111111111 0.9 0 1 1
31 0.1 51 0.5686274509803921 0.0784313725490196 0.4 34 0.6764705882352942 0.058823529411764705 0.5 28 0.7142857142857143 0.07142857142857142 0.6 25 0.76 0.08 0.7 20 0.85 0.1 0.9 0 1 1
31 0.1 52 0.5576923076923077 0.057692307692307696 0.4 38 0.631578947368421 0.07894736842105263 0.5 35 0.6285714285714286 0.05714285714285714 0.6 32 0.65625 0.0625 0.7 24 0.7083333333333334 0.08333333333333333 0.9 1 1.0 0.0
31 0.1 48 0.5625 0.0625 0.4 36 0.6388888888888888 0.08333333333333333 0.5 29 0.7241379310344828 0.10344827586206896 0.6 25 0.8 0.12 0.7 19 0.7894736842105263 0.10526315789473684 0.9 1 1.0 0.0
31 0.1 43 0.5581395348837209 0.06976744186046512 0.4 26 0.6923076923076923 0.11538461538461539 0.5 23 0.782608695652174 0.13043478260869565 0.6 17 0.8823529411764706 0.11764705882352941 0.7 15 0.8666666666666667 0.13333333333333333 0.9 0 1 1
31 0.1 49 0.5306122448979592 0.04081632653061224 0.4 36 0.6666666666666666 0.05555555555555555 0.5 31 0.7419354838709677 0.06451612903225806 0.6 28 0.75 0.07142857142857142 0.7 22 0.8181818181818182 0.09090909090909091 0.9 1 1.0 1.0
31 0.1 35 0.6857142857142857 0.02857142857142857 0.4 23 0.6956521739130435 0.043478260869565216 0.5 17 0.7058823529411765 0.058823529411764705 0.6 14 0.7857142857142857 0.07142857142857142 0.7 12 0.9166666666666666 0.08333333333333333 0.9 0 1 1
31 0.1 35 0.6 0.02857142857142857 0.4 22 0.7272727272727273 0.045454545454545456 0.5 21 0.7142857142857143 0.047619047619047616 0.6 19 0.7368421052631579 0.05263157894736842 0.7 17 0.7647058823529411 0.058823529411764705 0.9 0 1 1
31 0.1 40 0.55 0.075 0.4 26 0.6923076923076923 0.11538461538461539 0.5 22 0.7272727272727273 0.13636363636363635 0.6 22 0.7272727272727273 0.13636363636363635 0.7 18 0.7777777777777778 0.16666666666666666 0.9 1 1.0 0.0
31 0.1 43 0.6046511627906976 0.06976744186046512 0.4 30 0.7666666666666667 0.1 0.5 27 0.7777777777777778 0.1111111111111111 0.6 22 0.7272727272727273 0.13636363636363635 0.7 20 0.75 0.15 0.9 0 1 1
31 0.1 48 0.5833333333333334 0.10416666666666667 0.4 40 0.6 0.1 0.5 34 0.6470588235294118 0.11764705882352941 0.6 32 0.65625 0.125 0.7 26 0.7307692307692307 0.15384615384615385 0.9 1 1.0 0.0
31 0.1 39 0.6153846153846154 0.02564102564102564 0.4 29 0.6551724137931034 0.034482758620689655 0.5 24 0.6666666666666666 0.041666666666666664 0.6 21 0.6666666666666666 0.047619047619047616 0.7 13 0.8461538461538461 0.07692307692307693 0.9 0 1 1
31 0.1 45 0.6 0.06666666666666667 0.4 33 0.696969696969697 0.09090909090909091 0.5 31 0.7096774193548387 0.0967741935483871 0.6 24 0.7083333333333334 0.125 0.7 16 0.75 0.1875 0.9 0 1 1
31 0.1 56 0.5357142857142857 0.017857142857142856 0.4 38 0.6842105263157895 0.02631578947368421 0.5 37 0.7027027027027027 0.02702702702702703 0.6 32 0.71875 0.03125 0.7 29 0.7241379310344828 0.034482758620689655 0.9 1 1.0 0.0
31 0.1 45 0.6 0.1111111111111111 0.4 34 0.7352941176470589 0.14705882352941177 0.5 31 0.7419354838709677 0.16129032258064516 0.6 29 0.7241379310344828 0.13793103448275862 0.7 26 0.6923076923076923 0.15384615384615385 0.9 0 1 1
31 0.1 40 0.625 0.0 0.4 28 0.75 0.0 0.5 26 0.7307692307692307 0.0 0.6 25 0.72 0.0 0.7 20 0.75 0.0 0.9 0 1 1
31 0.1 48 0.5833333333333334 0.10416666666666667 0.4 36 0.6944444444444444 0.1388888888888889 0.5 34 0.7352941176470589 0.14705882352941177 0.6 31 0.7419354838709677 0.16129032258064516 0.7 26 0.7692307692307693 0.11538461538461539 0.9 1 1.0 0.0
31 0.1 43 0.627906976744186 0.046511627906976744 0.4 29 0.6896551724137931 0.06896551724137931 0.5 28 0.7142857142857143 0.07142857142857142 0.6 27 0.7407407407407407 0.07407407407407407 0.7 25 0.76 0.08 0.9 1 1.0 0.0
31 0.1 39 0.6410256410256411 0.05128205128205128 0.4 28 0.75 0.07142857142857142 0.5 28 0.75 0.07142857142857142 0.6 23 0.8695652173913043 0.08695652173913043 0.7 20 0.85 0.1 0.9 1 1.0 0.0
31 0.1 33 0.6666666666666666 0.030303030303030304 0.4 27 0.7037037037037037 0.037037037037037035 0.5 21 0.7619047619047619 0.047619047619047616 0.6 19 0.7894736842105263 0.05263157894736842 0.7 16 0.8125 0.0625 0.9 0 1 1
31 0.1 36 0.6111111111111112 0.05555555555555555 0.4 27 0.7407407407407407 0.07407407407407407 0.5 24 0.7916666666666666 0.08333333333333333 0.6 21 0.8095238095238095 0.09523809523809523 0.7 18 0.9444444444444444 0.1111111111111111 0.9 0 1 1
31 0.1 33 0.696969696969697 0.06060606060606061 0.4 25 0.72 0.08 0.5 24 0.7083333333333334 0.08333333333333333 0.6 18 0.6666666666666666 0.1111111111111111 0.7 15 0.6666666666666666 0.13333333333333333 0.9 0 1 1
31 0.1 43 0.627906976744186 0.023255813953488372 0.4 36 0.6388888888888888 0.027777777777777776 0.5 35 0.6571428571428571 0.02857142857142857 0.6 32 0.6875 0.03125 0.7 28 0.7142857142857143 0.03571428571428571 0.9 1 1.0 0.0
31 0.1 33 0.6363636363636364 0.0 0.4 26 0.6923076923076923 0.0 0.5 22 0.6818181818181818 0.0 0.6 21 0.6666666666666666 0.0 0.7 17 0.7058823529411765 0.0 0.9 0 1 1
31 0.1 43 0.5813953488372093 0.0 0.4 35 0.6285714285714286 0.0 0.5 31 0.6774193548387096 0.0 0.6 28 0.6785714285714286 0.0 0.7 24 0.6666666666666666 0.0 0.9 0 1 1
31 0.1 44 0.5681818181818182 0.0 0.4 29 0.6551724137931034 0.0 0.5 27 0.6666666666666666 0.0 0.6 26 0.6923076923076923 0.0 0.7 23 0.7391304347826086 0.0 0.9 1 1.0 0.0
31 0.1 42 0.6190476190476191 0.11904761904761904 0.4 32 0.6875 0.15625 0.5 30 0.7 0.16666666666666666 0.6 29 0.7241379310344828 0.1724137931034483 0.7 23 0.782608695652174 0.17391304347826086 0.9 2 1.0 0.0
31 0.1 41 0.6585365853658537 0.07317073170731707 0.4 26 0.7307692307692307 0.11538461538461539 0.5 26 0.7307692307692307 0.11538461538461539 0.6 22 0.7727272727272727 0.13636363636363635 0.7 18 0.8333333333333334 0.16666666666666666 0.9 0 1 1
31 0.1 42 0.6190476190476191 0.14285714285714285 0.4 29 0.6896551724137931 0.13793103448275862 0.5 28 0.7142857142857143 0.14285714285714285 0.6 28 0.7142857142857143 0.14285714285714285 0.7 22 0.7727272727272727 0.18181818181818182 0.9 0 1 1
31 0.1 45 0.5555555555555556 0.0 0.4 35 0.6857142857142857 0.0 0.5 34 0.7058823529411765 0.0 0.6 30 0.7333333333333333 0.0 0.7 24 0.8333333333333334 0.0 0.9 0 1 1
31 0.1 41 0.5853658536585366 0.04878048780487805 0.4 31 0.7096774193548387 0.06451612903225806 0.5 25 0.8 0.08 0.6 24 0.8333333333333334 0.08333333333333333 0.7 22 0.8636363636363636 0.09090909090909091 0.9 0 1 1
31 0.1 40 0.625 0.075 0.4 26 0.7307692307692307 0.11538461538461539 0.5 25 0.76 0.12 0.6 23 0.8260869565217391 0.13043478260869565 0.7 18 0.9444444444444444 0.1111111111111111 0.9 0 1 1
31 0.1 41 0.5365853658536586 0.07317073170731707 0.4 28 0.7142857142857143 0.10714285714285714 0.5 26 0.7692307692307693 0.11538461538461539 0.6 24 0.8333333333333334 0.125 0.7 20 0.8 0.05 0.9 1 1.0 0.0
31 0.1 44 0.5909090909090909 0.0 0.4 33 0.6363636363636364 0.0 0.5 29 0.7241379310344828 0.0 0.6 24 0.8333333333333334 0.0 0.7 19 0.8947368421052632 0.0 0.9 0 1 1
31 0.1 53 0.5094339622641509 0.07547169811320754 0.4 37 0.7027027027027027 0.10810810810810811 0.5 34 0.7058823529411765 0.08823529411764706 0.6 29 0.7586206896551724 0.10344827586206896 0.7 27 0.7777777777777778 0.1111111111111111 0.9 1 1.0 0.0
31 0.1 43 0.627906976744186 0.0 0.4 33 0.7272727272727273 0.0 0.5 29 0.7931034482758621 0.0 0.6 26 0.8076923076923077 0.0 0.7 26 0.8076923076923077 0.0 0.9 1 1.0 0.0
31 0.1 39 0.6410256410256411 0.02564102564102564 0.4 30 0.7666666666666667 0.03333333333333333 0.5 28 0.8214285714285714 0.03571428571428571 0.6 25 0.84 0.04 0.7 24 0.875 0.041666666666666664 0.9 1 1.0 0.0
31 0.1 50 0.5 0.0 0.4 31 0.6774193548387096 0.0 0.5 29 0.7241379310344828 0.0 0.6 28 0.75 0.0 0.7 23 0.7391304347826086 0.0 0.9 1 1.0 0.0
31 0.1 33 0.6666666666666666 0.030303030303030304 0.4 28 0.6785714285714286 0.03571428571428571 0.5 27 0.7037037037037037 0.037037037037037035 0.6 21 0.7619047619047619 0.047619047619047616 0.7 18 0.7777777777777778 0.05555555555555555 0.9 0 1 1
31 0.1 42 0.6190476190476191 0.07142857142857142 0.4 32 0.6875 0.09375 0.5 29 0.7586206896551724 0.10344827586206896 0.6 27 0.7407407407407407 0.1111111111111111 0.7 23 0.7391304347826086 0.13043478260869565 0.9 0 1 1
31 0.1 36 0.5833333333333334 0.0 0.4 28 0.6071428571428571 0.0 0.5 26 0.6538461538461539 0.0 0.6 25 0.68 0.0 0.7 20 0.8 0.0 0.9 0 1 1
31 0.1 47 0.5531914893617021 0.06382978723404255 0.4 36 0.6944444444444444 0.08333333333333333 0.5 35 0.6857142857142857 0.08571428571428572 0.6 32 0.6875 0.09375 0.7 27 0.7037037037037037 0.1111111111111111 0.9 1 1.0 0.0
31 0.1 38 0.6578947368421053 0.05263157894736842 0.4 32 0.71875 0.0625 0.5 29 0.7241379310344828 0.06896551724137931 0.6 25 0.72 0.08 0.7 23 0.7391304347826086 0.08695652173913043 0.9 1 1.0 0.0
31 0.1 40 0.65 0.0 0.4 34 0.6764705882352942 0.0 0.5 31 0.7096774193548387 0.0 0.6 31 0.7096774193548387 0.0 0.7 27 0.7777777777777778 0.0 0.9 1 1.0 0.0
31 0.1 52 0.5576923076923077 0.0 0.4 36 0.6666666666666666 0.0 0.5 32 0.65625 0.0 0.6 31 0.6774193548387096 0.0 0.7 28 0.7142857142857143 0.0 0.9 1 1.0 0.0
31 0.1 51 0.5490196078431373 0.058823529411764705 0.4 30 0.6666666666666666 0.1 0.5 28 0.6785714285714286 0.10714285714285714 0.6 27 0.7037037037037037 0.1111111111111111 0.7 25 0.68 0.12 0.9 1 1.0 0.0
31 0.1 43 0.6046511627906976 0.046511627906976744 0.4 31 0.6774193548387096 0.06451612903225806 0.5 31 0.6774193548387096 0.06451612903225806 0.6 29 0.6896551724137931 0.06896551724137931 0.7 27 0.7407407407407407 0.07407407407407407 0.9 0 1 1
31 0.1 44 0.6136363636363636 0.0 0.4 35 0.6571428571428571 0.0 0.5 31 0.6774193548387096 0.0 0.6 29 0.7241379310344828 0.0 0.7 25 0.76 0.0 0.9 0 1 1
31 0.1 44 0.6136363636363636 0.13636363636363635 0.4 31 0.7096774193548387 0.1935483870967742 0.5 29 0.6896551724137931 0.20689655172413793 0.6 25 0.8 0.24 0.7 22 0.8636363636363636 0.2727272727272727 0.9 0 1 1
31 0.1 40 0.625 0.125 0.4 33 0.7575757575757576 0.15151515151515152 0.5 30 0.7666666666666667 0.16666666666666666 0.6 26 0.8076923076923077 0.19230769230769232 0.7 20 0.9 0.25 0.9 0 1 1
31 0.1 46 0.5217391304347826 0.0 0.4 34 0.6470588235294118 0.0 0.5 31 0.7096774193548387 0.0 0.6 25 0.72 0.0 0.7 24 0.75 0.0 0.9 0 1 1
31 0.1 46 0.5652173913043478 0.043478260869565216 0.4 38 0.6578947368421053 0.05263157894736842 0.5 33 0.6666666666666666 0.06060606060606061 0.6 30 0.7 0.06666666666666667 0.7 28 0.7142857142857143 0.07142857142857142 0.9 1 1.0 0.0
31 0.1 42 0.5952380952380952 0.11904761904761904 0.4 30 0.7 0.13333333333333333 0.5 30 0.7 0.13333333333333333 0.6 24 0.75 0.16666666666666666 0.7 17 0.8823529411764706 0.23529411764705882 0.9 0 1 1
31 0.1 37 0.6486486486486487 0.05405405405405406 0.4 29 0.7241379310344828 0.06896551724137931 0.5 26 0.7692307692307693 0.07692307692307693 0.6 24 0.75 0.08333333333333333 0.7 20 0.85 0.1 0.9 0 1 1
31 0.1 38 0.631578947368421 0.10526315789473684 0.4 32 0.6875 0.125 0.5 30 0.7333333333333333 0.13333333333333333 0.6 28 0.75 0.14285714285714285 0.7 26 0.7307692307692307 0.15384615384615385 0.9 0 1 1
31 0.1 44 0.5681818181818182 0.09090909090909091 0.4 32 0.6875 0.09375 0.5 30 0.7 0.1 0.6 27 0.7777777777777778 0.1111111111111111 0.7 26 0.7692307692307693 0.11538461538461539 0.9 1 1.0 0.0
31 0.1 44 0.5681818181818182 0.045454545454545456 0.4 37 0.6486486486486487 0.05405405405405406 0.5 33 0.696969696969697 0.06060606060606061 0.6 31 0.7096774193548387 0.06451612903225806 0.7 28 0.7142857142857143 0.07142857142857142 0.9 0 1 1
31 0.1 42 0.6190476190476191 0.07142857142857142 0.4 33 0.696969696969697 0.09090909090909091 0.5 31 0.7096774193548387 0.0967741935483871 0.6 29 0.7241379310344828 0.10344827586206896 0.7 28 0.75 0.10714285714285714 0.9 0 1 1
31 0.1 45 0.6 0.06666666666666667 0.4 31 0.6774193548387096 0.06451612903225806 0.5 29 0.6896551724137931 0.034482758620689655 0.6 27 0.7407407407407407 0.037037037037037035 0.7 27 0.7407407407407407 0.037037037037037035 0.9 0 1 1
31 0.1 36 0.6388888888888888 0.027777777777777776 0.4 28 0.6785714285714286 0.03571428571428571 0.5 25 0.76 0.04 0.6 22 0.7727272727272727 0.045454545454545456 0.7 20 0.8 0.05 0.9 0 1 1
31 0.1 41 0.6097560975609756 0.04878048780487805 0.4 32 0.6875 0.03125 0.5 28 0.75 0.03571428571428571 0.6 27 0.7407407407407407 0.037037037037037035 0.7 25 0.76 0.04 0.9 1 1.0 0.0
31 0.1 37 0.5945945945945946 0.08108108108108109 0.4 32 0.65625 0.09375 0.5 29 0.7241379310344828 0.10344827586206896 0.6 29 0.7241379310344828 0.10344827586206896 0.7 28 0.7142857142857143 0.10714285714285714 0.9 1 1.0 0.0
31 0.1 38 0.6052631578947368 0.02631578947368421 0.4 31 0.6774193548387096 0.0 0.5 30 0.7 0.0 0.6 28 0.7142857142857143 0.0 0.7 23 0.8695652173913043 0.0 0.9 0 1 1
31 0.1 34 0.6470588235294118 0.058823529411764705 0.4 30 0.7 0.06666666666666667 0.5 29 0.6896551724137931 0.06896551724137931 0.6 27 0.7407407407407407 0.07407407407407407 0.7 23 0.8260869565217391 0.08695652173913043 0.9 1 1.0 0.0
31 0.1 40 0.6 0.05 0.4 33 0.696969696969697 0.06060606060606061 0.5 33 0.696969696969697 0.06060606060606061 0.6 30 0.7 0.06666666666666667 0.7 29 0.6896551724137931 0.06896551724137931 0.9 2 1.0 0.0
31 0.1 38 0.631578947368421 0.02631578947368421 0.4 28 0.7142857142857143 0.03571428571428571 0.5 27 0.7407407407407407 0.037037037037037035 0.6 26 0.7307692307692307 0.038461538461538464 0.7 26 0.7307692307692307 0.038461538461538464 0.9 3 1.0 0.0
31 0.1 41 0.5853658536585366 0.024390243902439025 0.4 30 0.7 0.03333333333333333 0.5 29 0.6896551724137931 0.034482758620689655 0.6 29 0.6896551724137931 0.034482758620689655 0.7 27 0.7037037037037037 0.037037037037037035 0.9 3 1.0 0.0
31 0.1 39 0.5897435897435898 0.0 0.4 32 0.6875 0.0 0.5 31 0.7096774193548387 0.0 0.6 27 0.7777777777777778 0.0 0.7 25 0.84 0.0 0.9 0 1 1
31 0.1 39 0.6153846153846154 0.02564102564102564 0.4 34 0.7058823529411765 0.029411764705882353 0.5 32 0.6875 0.03125 0.6 30 0.7 0.03333333333333333 0.7 26 0.7692307692307693 0.038461538461538464 0.9 2 1.0 0.0
31 0.1 42 0.5952380952380952 0.023809523809523808 0.4 34 0.7058823529411765 0.029411764705882353 0.5 30 0.6666666666666666 0.03333333333333333 0.6 29 0.6896551724137931 0.034482758620689655 0.7 27 0.7037037037037037 0.037037037037037035 0.9 2 1.0 0.0
31 0.1 36 0.6388888888888888 0.027777777777777776 0.4 28 0.6785714285714286 0.03571428571428571 0.5 27 0.7037037037037037 0.037037037037037035 0.6 25 0.72 0.04 0.7 22 0.7727272727272727 0.045454545454545456 0.9 2 1.0 0.0
31 0.1 37 0.7027027027027027 0.08108108108108109 0.4 31 0.7096774193548387 0.0967741935483871 0.5 28 0.7142857142857143 0.10714285714285714 0.6 27 0.7407407407407407 0.1111111111111111 0.7 26 0.7307692307692307 0.07692307692307693 0.9 2 1.0 0.0
31 0.1 32 0.65625 0.0625 0.4 29 0.6896551724137931 0.06896551724137931 0.5 28 0.6785714285714286 0.07142857142857142 0.6 26 0.7307692307692307 0.07692307692307693 0.7 22 0.7727272727272727 0.09090909090909091 0.9 1 1.0 0.0
31 0.1 34 0.6176470588235294 0.029411764705882353 0.4 29 0.6896551724137931 0.034482758620689655 0.5 28 0.7142857142857143 0.03571428571428571 0.6 28 0.7142857142857143 0.03571428571428571 0.7 23 0.7391304347826086 0.043478260869565216 0.9 1 1.0 0.0
31 0.1 35 0.6 0.0 0.4 32 0.65625 0.0 0.5 29 0.6896551724137931 0.0 0.6 29 0.6896551724137931 0.0 0.7 28 0.7142857142857143 0.0 0.9 1 1.0 0.0
31 0.1 36 0.6388888888888888 0.0 0.4 31 0.6774193548387096 0.0 0.5 30 0.7 0.0 0.6 25 0.68 0.0 0.7 20 0.8 0.0 0.9 2 1.0 0.0
31 0.1 37 0.6216216216216216 0.0 0.4 29 0.6551724137931034 0.0 0.5 27 0.6666666666666666 0.0 0.6 26 0.6923076923076923 0.0 0.7 22 0.7727272727272727 0.0 0.9 1 1.0 0.0
31 0.1 32 0.625 0.03125 0.4 25 0.68 0.04 0.5 23 0.7391304347826086 0.043478260869565216 0.6 18 0.7777777777777778 0.05555555555555555 0.7 15 0.7333333333333333 0.06666666666666667 0.9 0 1 1
31 0.1 40 0.625 0.05 0.4 29 0.7241379310344828 0.06896551724137931 0.5 27 0.7777777777777778 0.07407407407407407 0.6 25 0.76 0.08 0.7 23 0.7391304347826086 0.08695652173913043 0.9 1 1.0 0.0
31 0.1 39 0.6410256410256411 0.05128205128205128 0.4 33 0.6666666666666666 0.06060606060606061 0.5 32 0.65625 0.0625 0.6 28 0.6785714285714286 0.07142857142857142 0.7 23 0.7391304347826086 0.08695652173913043 0.9 2 1.0 0.0
31 0.1 38 0.6578947368421053 0.07894736842105263 0.4 30 0.6666666666666666 0.1 0.5 28 0.6785714285714286 0.10714285714285714 0.6 26 0.7307692307692307 0.11538461538461539 0.7 25 0.76 0.12 0.9 3 1.0 0.0
31 0.1 41 0.5609756097560976 0.024390243902439025 0.4 28 0.7142857142857143 0.03571428571428571 0.5 26 0.7692307692307693 0.038461538461538464 0.6 23 0.782608695652174 0.043478260869565216 0.7 22 0.8181818181818182 0.045454545454545456 0.9 3 1.0 0.0
31 0.1 36 0.6666666666666666 0.0 0.4 27 0.7407407407407407 0.0 0.5 25 0.76 0.0 0.6 23 0.7391304347826086 0.0 0.7 22 0.7727272727272727 0.0 0.9 3 1.0 0.0
31 0.1 35 0.6285714285714286 0.0 0.4 28 0.6785714285714286 0.0 0.5 26 0.6538461538461539 0.0 0.6 25 0.68 0.0 0.7 18 0.7777777777777778 0.0 0.9 2 1.0 0.0
31 0.1 37 0.6756756756756757 0.02702702702702703 0.4 33 0.6666666666666666 0.030303030303030304 0.5 32 0.6875 0.03125 0.6 32 0.6875 0.03125 0.7 27 0.6666666666666666 0.037037037037037035 0.9 2 1.0 0.0
31 0.1 39 0.6410256410256411 0.02564102564102564 0.4 31 0.6774193548387096 0.03225806451612903 0.5 30 0.7 0.03333333333333333 0.6 28 0.7142857142857143 0.03571428571428571 0.7 25 0.76 0.04 0.9 4 1.0 0.0
31 0.1 42 0.6190476190476191 0.0 0.4 35 0.6571428571428571 0.0 0.5 33 0.6363636363636364 0.0 0.6 31 0.6451612903225806 0.0 0.7 28 0.7142857142857143 0.0 0.9 2 1.0 0.0
31 0.1 38 0.6842105263157895 0.0 0.4 29 0.7241379310344828 0.0 0.5 27 0.7407407407407407 0.0 0.6 26 0.7307692307692307 0.0 0.7 20 0.75 0.0 0.9 3 0.6666666666666666 0.0
31 0.1 33 0.7272727272727273 0.0 0.4 29 0.7241379310344828 0.0 0.5 28 0.75 0.0 0.6 25 0.72 0.0 0.7 21 0.7619047619047619 0.0 0.9 2 1.0 0.0
31 0.1 42 0.6190476190476191 0.023809523809523808 0.4 33 0.696969696969697 0.0 0.5 32 0.71875 0.0 0.6 29 0.7241379310344828 0.0 0.7 26 0.7307692307692307 0.0 0.9 1 1.0 0.0
31 0.1 45 0.6222222222222222 0.0 0.4 33 0.6666666666666666 0.0 0.5 31 0.6774193548387096 0.0 0.6 30 0.7 0.0 0.7 24 0.7083333333333334 0.0 0.9 1 1.0 0.0
31 0.1 41 0.6341463414634146 0.14634146341463414 0.4 32 0.6875 0.125 0.5 31 0.7096774193548387 0.12903225806451613 0.6 26 0.7307692307692307 0.15384615384615385 0.7 24 0.75 0.16666666666666666 0.9 2 1.0 0.5
31 0.1 41 0.6097560975609756 0.0 0.4 34 0.6764705882352942 0.0 0.5 32 0.65625 0.0 0.6 26 0.7307692307692307 0.0 0.7 21 0.7619047619047619 0.0 0.9 1 1.0 0.0
31 0.1 38 0.6578947368421053 0.07894736842105263 0.4 33 0.696969696969697 0.09090909090909091 0.5 32 0.71875 0.09375 0.6 31 0.7096774193548387 0.0967741935483871 0.7 29 0.7241379310344828 0.10344827586206896 0.9 2 1.0 0.5
31 0.1 38 0.631578947368421 0.02631578947368421 0.4 31 0.7096774193548387 0.03225806451612903 0.5 29 0.7241379310344828 0.034482758620689655 0.6 27 0.7407407407407407 0.037037037037037035 0.7 23 0.8260869565217391 0.043478260869565216 0.9 2 1.0 0.0
31 0.1 34 0.6764705882352942 0.029411764705882353 0.4 29 0.6896551724137931 0.034482758620689655 0.5 29 0.6896551724137931 0.034482758620689655 0.6 28 0.6785714285714286 0.03571428571428571 0.7 26 0.6923076923076923 0.038461538461538464 0.9 3 1.0 0.0
31 0.1 39 0.6153846153846154 0.05128205128205128 0.4 32 0.6875 0.03125 0.5 31 0.7096774193548387 0.03225806451612903 0.6 30 0.7 0.03333333333333333 0.7 25 0.68 0.04 0.9 2 1.0 0.0
31 0.1 39 0.6410256410256411 0.0 0.4 33 0.696969696969697 0.0 0.5 31 0.7419354838709677 0.0 0.6 29 0.7241379310344828 0.0 0.7 27 0.7407407407407407 0.0 0.9 2 1.0 0.0
31 0.1 39 0.6153846153846154 0.07692307692307693 0.4 30 0.7 0.06666666666666667 0.5 27 0.7407407407407407 0.07407407407407407 0.6 25 0.72 0.08 0.7 20 0.8 0.1 0.9 2 1.0 0.5
31 0.1 40 0.625 0.025 0.4 34 0.6764705882352942 0.0 0.5 30 0.7 0.0 0.6 28 0.7142857142857143 0.0 0.7 25 0.76 0.0 0.9 1 1.0 0.0
31 0.1 40 0.6 0.1 0.4 32 0.65625 0.125 0.5 31 0.6451612903225806 0.12903225806451613 0.6 30 0.6666666666666666 0.13333333333333333 0.7 28 0.7142857142857143 0.14285714285714285 0.9 3 1.0 0.6666666666666666
31 0.1 41 0.6097560975609756 0.04878048780487805 0.4 32 0.65625 0.03125 0.5 32 0.65625 0.03125 0.6 31 0.6451612903225806 0.03225806451612903 0.7 27 0.6666666666666666 0.037037037037037035 0.9 5 1.0 0.0
31 0.1 41 0.6097560975609756 0.04878048780487805 0.4 32 0.65625 0.0625 0.5 31 0.6451612903225806 0.06451612903225806 0.6 29 0.6551724137931034 0.06896551724137931 0.7 22 0.6818181818181818 0.09090909090909091 0.9 5 0.8 0.0
31 0.1 44 0.5909090909090909 0.0 0.4 34 0.6764705882352942 0.0 0.5 34 0.6764705882352942 0.0 0.6 33 0.6666666666666666 0.0 0.7 31 0.6451612903225806 0.0 0.9 2 1.0 0.0
31 0.1 42 0.6190476190476191 0.14285714285714285 0.4 31 0.6774193548387096 0.16129032258064516 0.5 29 0.6551724137931034 0.1724137931034483 0.6 27 0.6666666666666666 0.18518518518518517 0.7 24 0.75 0.20833333333333334 0.9 6 1.0 0.3333333333333333
31 0.1 38 0.6052631578947368 0.0 0.4 27 0.7407407407407407 0.0 0.5 26 0.7692307692307693 0.0 0.6 25 0.8 0.0 0.7 22 0.8181818181818182 0.0 0.9 4 1.0 0.0
31 0.1 40 0.6 0.1 0.4 32 0.6875 0.09375 0.5 30 0.7 0.1 0.6 29 0.7241379310344828 0.10344827586206896 0.7 24 0.7916666666666666 0.125 0.9 2 1.0 0.0
31 0.1 44 0.5909090909090909 0.11363636363636363 0.4 36 0.6388888888888888 0.08333333333333333 0.5 31 0.6774193548387096 0.0967741935483871 0.6 31 0.6774193548387096 0.0967741935483871 0.7 27 0.7777777777777778 0.1111111111111111 0.9 1 1.0 0.0
31 0.1 42 0.6190476190476191 0.07142857142857142 0.4 34 0.6764705882352942 0.058823529411764705 0.5 30 0.7333333333333333 0.06666666666666667 0.6 29 0.7241379310344828 0.034482758620689655 0.7 26 0.7692307692307693 0.038461538461538464 0.9 3 1.0 0.0
31 0.1 41 0.6341463414634146 0.07317073170731707 0.4 31 0.7096774193548387 0.0967741935483871 0.5 31 0.7096774193548387 0.0967741935483871 0.6 28 0.7142857142857143 0.07142857142857142 0.7 26 0.7692307692307693 0.07692307692307693 0.9 1 1.0 0.0
31 0.1 40 0.625 0.075 0.4 30 0.7 0.06666666666666667 0.5 29 0.7241379310344828 0.06896551724137931 0.6 27 0.7407407407407407 0.07407407407407407 0.7 23 0.782608695652174 0.08695652173913043 0.9 3 1.0 0.3333333333333333
31 0.1 39 0.6153846153846154 0.07692307692307693 0.4 29 0.6896551724137931 0.06896551724137931 0.5 26 0.7307692307692307 0.07692307692307693 0.6 26 0.7307692307692307 0.07692307692307693 0.7 21 0.7619047619047619 0.09523809523809523 0.9 2 1.0 0.5
31 0.1 40 0.625 0.025 0.4 31 0.7096774193548387 0.03225806451612903 0.5 30 0.7 0.03333333333333333 0.6 29 0.6896551724137931 0.034482758620689655 0.7 28 0.7142857142857143 0.03571428571428571 0.9 1 1.0 0.0
31 0.1 37 0.6486486486486487 0.05405405405405406 0.4 30 0.7333333333333333 0.06666666666666667 0.5 29 0.7241379310344828 0.06896551724137931 0.6 28 0.75 0.07142857142857142 0.7 25 0.76 0.08 0.9 3 1.0 0.3333333333333333
31 0.1 39 0.6153846153846154 0.05128205128205128 0.4 29 0.7241379310344828 0.06896551724137931 0.5 27 0.7777777777777778 0.07407407407407407 0.6 26 0.8076923076923077 0.07692307692307693 0.7 23 0.782608695652174 0.08695652173913043 0.9 3 1.0 0.3333333333333333
31 0.1 39 0.6153846153846154 0.07692307692307693 0.4 30 0.7 0.1 0.5 30 0.7 0.1 0.6 28 0.75 0.10714285714285714 0.7 26 0.7692307692307693 0.11538461538461539 0.9 3 1.0 0.3333333333333333
31 0.1 42 0.5952380952380952 0.09523809523809523 0.4 32 0.6875 0.125 0.5 31 0.6774193548387096 0.12903225806451613 0.6 30 0.7 0.13333333333333333 0.7 27 0.7407407407407407 0.14814814814814814 0.9 5 1.0 0.2
31 0.1 43 0.6046511627906976 0.0 0.4 33 0.6666666666666666 0.0 0.5 29 0.7586206896551724 0.0 0.6 27 0.7777777777777778 0.0 0.7 25 0.8 0.0 0.9 3 1.0 0.0
31 0.1 41 0.6097560975609756 0.024390243902439025 0.4 34 0.7058823529411765 0.029411764705882353 0.5 31 0.7096774193548387 0.03225806451612903 0.6 28 0.7142857142857143 0.03571428571428571 0.7 24 0.7916666666666666 0.041666666666666664 0.9 3 1.0 0.0
31 0.1 40 0.65 0.05 0.4 32 0.71875 0.0625 0.5 27 0.7777777777777778 0.07407407407407407 0.6 25 0.8 0.08 0.7 23 0.8695652173913043 0.08695652173913043 0.9 4 1.0 0.25
31 0.1 45 0.6 0.044444444444444446 0.4 32 0.75 0.0625 0.5 29 0.7586206896551724 0.06896551724137931 0.6 27 0.7777777777777778 0.07407407407407407 0.7 25 0.8 0.08 0.9 2 1.0 0.0
31 0.1 36 0.6666666666666666 0.1111111111111111 0.4 30 0.7333333333333333 0.13333333333333333 0.5 27 0.7407407407407407 0.14814814814814814 0.6 26 0.7692307692307693 0.15384615384615385 0.7 25 0.8 0.16 0.9 3 1.0 0.3333333333333333
31 0.1 34 0.6764705882352942 0.11764705882352941 0.4 28 0.75 0.14285714285714285 0.5 25 0.8 0.16 0.6 24 0.7916666666666666 0.16666666666666666 0.7 23 0.782608695652174 0.17391304347826086 0.9 3 1.0 0.0
31 0.1 34 0.6764705882352942 0.029411764705882353 0.4 29 0.7241379310344828 0.034482758620689655 0.5 27 0.7037037037037037 0.037037037037037035 0.6 24 0.7916666666666666 0.041666666666666664 0.7 22 0.7727272727272727 0.0 0.9 3 1.0 0.0
31 0.1 39 0.6410256410256411 0.05128205128205128 0.4 32 0.71875 0.0625 0.5 28 0.7142857142857143 0.03571428571428571 0.6 27 0.7407407407407407 0.037037037037037035 0.7 26 0.7692307692307693 0.038461538461538464 0.9 3 1.0 0.0
31 0.1 43 0.5813953488372093 0.046511627906976744 0.4 33 0.696969696969697 0.06060606060606061 0.5 30 0.7 0.06666666666666667 0.6 28 0.75 0.07142857142857142 0.7 26 0.7307692307692307 0.038461538461538464 0.9 3 1.0 0.0
31 0.1 40 0.65 0.05 0.4 28 0.8214285714285714 0.07142857142857142 0.5 26 0.8076923076923077 0.07692307692307693 0.6 24 0.8333333333333334 0.08333333333333333 0.7 19 0.8421052631578947 0.10526315789473684 0.9 1 1.0 0.0
31 0.1 38 0.6578947368421053 0.02631578947368421 0.4 28 0.7857142857142857 0.03571428571428571 0.5 26 0.8076923076923077 0.038461538461538464 0.6 24 0.8333333333333334 0.041666666666666664 0.7 23 0.8695652173913043 0.043478260869565216 0.9 2 1.0 0.5
31 0.1 39 0.6666666666666666 0.02564102564102564 0.4 30 0.7333333333333333 0.03333333333333333 0.5 29 0.7241379310344828 0.034482758620689655 0.6 26 0.7692307692307693 0.038461538461538464 0.7 23 0.8260869565217391 0.043478260869565216 0.9 6 0.8333333333333334 0.16666666666666666
31 0.1 39 0.6410256410256411 0.05128205128205128 0.4 32 0.6875 0.0625 0.5 30 0.7 0.06666666666666667 0.6 30 0.7 0.06666666666666667 0.7 25 0.8 0.08 0.9 3 1.0 0.3333333333333333
31 0.1 37 0.6216216216216216 0.05405405405405406 0.4 31 0.6774193548387096 0.06451612903225806 0.5 30 0.7 0.06666666666666667 0.6 27 0.6666666666666666 0.07407407407407407 0.7 22 0.7727272727272727 0.09090909090909091 0.9 3 1.0 0.3333333333333333
31 0.1 38 0.6578947368421053 0.05263157894736842 0.4 29 0.6896551724137931 0.034482758620689655 0.5 29 0.6896551724137931 0.034482758620689655 0.6 28 0.7142857142857143 0.03571428571428571 0.7 25 0.76 0.04 0.9 3 1.0 0.0
31 0.1 39 0.6666666666666666 0.02564102564102564 0.4 31 0.7419354838709677 0.03225806451612903 0.5 29 0.7586206896551724 0.034482758620689655 0.6 26 0.7692307692307693 0.038461538461538464 0.7 24 0.7916666666666666 0.041666666666666664 0.9 3 1.0 0.0
31 0.1 43 0.6046511627906976 0.023255813953488372 0.4 33 0.7272727272727273 0.030303030303030304 0.5 33 0.7272727272727273 0.030303030303030304 0.6 31 0.7096774193548387 0.03225806451612903 0.7 29 0.7586206896551724 0.034482758620689655 0.9 3 1.0 0.0
31 0.1 42 0.6190476190476191 0.11904761904761904 0.4 31 0.7096774193548387 0.12903225806451613 0.5 30 0.7 0.13333333333333333 0.6 28 0.7142857142857143 0.14285714285714285 0.7 26 0.7692307692307693 0.15384615384615385 0.9 2 1.0 0.5
31 0.1 44 0.6136363636363636 0.045454545454545456 0.4 33 0.7272727272727273 0.06060606060606061 0.5 32 0.71875 0.03125 0.6 29 0.7241379310344828 0.034482758620689655 0.7 27 0.7777777777777778 0.037037037037037035 0.9 3 1.0 0.0
