7 0.1 0 1 1 0.4 0 1 1 0.5 0 1 1 0.6 0 1 1 0.7 0 1 1 0.9 0 1 1
7 0.1 8 0.0 0.0 0.4 0 1 1 0.5 0 1 1 0.6 0 1 1 0.7 0 1 1 0.9 0 1 1
7 0.1 50 0.12 0.0 0.4 0 1 1 0.5 0 1 1 0.6 0 1 1 0.7 0 1 1 0.9 0 1 1
7 0.1 75 0.08 0.0 0.4 17 0.17647058823529413 0.0 0.5 6 0.3333333333333333 0.0 0.6 3 0.3333333333333333 0.0 0.7 1 0.0 0.0 0.9 0 1 1
7 0.1 141 0.04964539007092199 0.0 0.4 49 0.14285714285714285 0.0 0.5 35 0.2 0.0 0.6 17 0.29411764705882354 0.0 0.7 1 1.0 0.0 0.9 0 1 1
7 0.1 64 0.109375 0.0 0.4 7 0.42857142857142855 0.0 0.5 0 1 1 0.6 0 1 1 0.7 0 1 1 0.9 0 1 1
7 0.1 55 0.12727272727272726 0.0 0.4 15 0.26666666666666666 0.0 0.5 3 0.6666666666666666 0.0 0.6 0 1 1 0.7 0 1 1 0.9 0 1 1
7 0.1 49 0.14285714285714285 0.0 0.4 0 1 1 0.5 0 1 1 0.6 0 1 1 0.7 0 1 1 0.9 0 1 1
7 0.1 45 0.15555555555555556 0.0 0.4 8 0.5 0.0 0.5 5 0.6 0.0 0.6 2 1.0 0.0 0.7 0 1 1 0.9 0 1 1
7 0.1 44 0.1590909090909091 0.0 0.4 13 0.38461538461538464 0.0 0.5 6 0.6666666666666666 0.0 0.6 4 0.75 0.0 0.7 0 1 1 0.9 0 1 1
7 0.1 38 0.18421052631578946 0.0 0.4 8 0.375 0.0 0.5 5 0.4 0.0 0.6 2 0.5 0.0 0.7 0 1 1 0.9 0 1 1
7 0.1 24 0.2916666666666667 0.0 0.4 7 0.5714285714285714 0.0 0.5 4 0.5 0.0 0.6 1 1.0 0.0 0.7 1 1.0 0.0 0.9 0 1 1
7 0.1 6 0.5 0.0 0.4 0 1 1 0.5 0 1 1 0.6 0 1 1 0.7 0 1 1 0.9 0 1 1
7 0.1 17 0.4117647058823529 0.0 0.4 0 1 1 0.5 0 1 1 0.6 0 1 1 0.7 0 1 1 0.9 0 1 1
7 0.1 32 0.21875 0.0 0.4 14 0.5 0.0 0.5 12 0.5833333333333334 0.0 0.6 8 0.625 0.0 0.7 4 0.5 0.0 0.9 0 1 1
7 0.1 21 0.3333333333333333 0.0 0.4 10 0.7 0.0 0.5 8 0.875 0.0 0.6 6 1.0 0.0 0.7 4 1.0 0.0 0.9 0 1 1
7 0.1 20 0.35 0.0 0.4 7 0.8571428571428571 0.0 0.5 4 1.0 0.0 0.6 2 1.0 0.0 0.7 1 1.0 0.0 0.9 0 1 1
7 0.1 31 0.22580645161290322 0.0 0.4 12 0.5 0.0 0.5 6 0.5 0.0 0.6 3 0.6666666666666666 0.0 0.7 3 0.6666666666666666 0.0 0.9 0 1 1
7 0.1 4 0.5 0.0 0.4 0 1 1 0.5 0 1 1 0.6 0 1 1 0.7 0 1 1 0.9 0 1 1
7 0.1 29 0.2413793103448276 0.0 0.4 10 0.6 0.0 0.5 8 0.625 0.0 0.6 3 1.0 0.0 0.7 1 1.0 0.0 0.9 0 1 1
7 0.1 17 0.4117647058823529 0.0 0.4 4 0.5 0.0 0.5 0 1 1 0.6 0 1 1 0.7 0 1 1 0.9 0 1 1
7 0.1 9 0.7777777777777778 0.0 0.4 4 1.0 0.0 0.5 1 1.0 0.0 0.6 0 1 1 0.7 0 1 1 0.9 0 1 1
7 0.1 16 0.4375 0.0 0.4 9 0.7777777777777778 0.0 0.5 8 0.875 0.0 0.6 6 1.0 0.0 0.7 6 1.0 0.0 0.9 0 1 1
7 0.1 2 0.5 0.0 0.4 0 1 1 0.5 0 1 1 0.6 0 1 1 0.7 0 1 1 0.9 0 1 1
7 0.1 32 0.21875 0.0 0.4 10 0.6 0.0 0.5 8 0.625 0.0 0.6 6 0.6666666666666666 0.0 0.7 3 0.6666666666666666 0.0 0.9 0 1 1
7 0.1 13 0.3076923076923077 0.0 0.4 7 0.5714285714285714 0.0 0.5 5 0.6 0.0 0.6 3 0.3333333333333333 0.0 0.7 0 1 1 0.9 0 1 1
7 0.1 13 0.5384615384615384 0.0 0.4 5 1.0 0.0 0.5 5 1.0 0.0 0.6 3 1.0 0.0 0.7 1 1.0 0.0 0.9 0 1 1
7 0.1 0 1 1 0.4 0 1 1 0.5 0 1 1 0.6 0 1 1 0.7 0 1 1 0.9 0 1 1
7 0.1 0 1 1 0.4 0 1 1 0.5 0 1 1 0.6 0 1 1 0.7 0 1 1 0.9 0 1 1
7 0.1 2 0.0 0.0 0.4 0 1 1 0.5 0 1 1 0.6 0 1 1 0.7 0 1 1 0.9 0 1 1
7 0.1 8 0.0 0.0 0.4 0 1 1 0.5 0 1 1 0.6 0 1 1 0.7 0 1 1 0.9 0 1 1
7 0.1 14 0.2857142857142857 0.0 0.4 3 0.3333333333333333 0.0 0.5 0 1 1 0.6 0 1 1 0.7 0 1 1 0.9 0 1 1
7 0.1 0 1 1 0.4 0 1 1 0.5 0 1 1 0.6 0 1 1 0.7 0 1 1 0.9 0 1 1
7 0.1 0 1 1 0.4 0 1 1 0.5 0 1 1 0.6 0 1 1 0.7 0 1 1 0.9 0 1 1
7 0.1 4 0.5 0.0 0.4 0 1 1 0.5 0 1 1 0.6 0 1 1 0.7 0 1 1 0.9 0 1 1
7 0.1 2 0.0 0.0 0.4 0 1 1 0.5 0 1 1 0.6 0 1 1 0.7 0 1 1 0.9 0 1 1
7 0.1 14 0.5 0.0 0.4 6 0.8333333333333334 0.0 0.5 5 0.8 0.0 0.6 4 0.75 0.0 0.7 0 1 1 0.9 0 1 1
7 0.1 14 0.5 0.0 0.4 7 0.7142857142857143 0.0 0.5 4 0.75 0.0 0.6 3 0.6666666666666666 0.0 0.7 0 1 1 0.9 0 1 1
7 0.1 31 0.22580645161290322 0.0 0.4 3 0.6666666666666666 0.0 0.5 2 1.0 0.0 0.6 2 1.0 0.0 0.7 1 1.0 0.0 0.9 0 1 1
7 0.1 18 0.05555555555555555 0.0 0.4 4 0.25 0.0 0.5 1 0.0 0.0 0.6 0 1 1 0.7 0 1 1 0.9 0 1 1
7 0.1 15 0.4666666666666667 0.0 0.4 5 1.0 0.0 0.5 4 1.0 0.0 0.6 3 1.0 0.0 0.7 1 1.0 0.0 0.9 0 1 1
7 0.1 13 0.5384615384615384 0.0 0.4 6 0.8333333333333334 0.0 0.5 3 1.0 0.0 0.6 1 1.0 0.0 0.7 0 1 1 0.9 0 1 1
7 0.1 20 0.35 0.0 0.4 3 0.6666666666666666 0.0 0.5 1 0.0 0.0 0.6 0 1 1 0.7 0 1 1 0.9 0 1 1
7 0.1 12 0.5833333333333334 0.0 0.4 3 1.0 0.0 0.5 1 1.0 0.0 0.6 0 1 1 0.7 0 1 1 0.9 0 1 1
7 0.1 9 0.7777777777777778 0.0 0.4 5 1.0 0.0 0.5 2 1.0 0.0 0.6 1 1.0 0.0 0.7 0 1 1 0.9 0 1 1
7 0.1 10 0.7 0.0 0.4 6 1.0 0.0 0.5 4 1.0 0.0 0.6 2 1.0 0.0 0.7 2 1.0 0.0 0.9 0 1 1
7 0.1 36 0.19444444444444445 0.0 0.4 5 1.0 0.0 0.5 2 1.0 0.0 0.6 0 1 1 0.7 0 1 1 0.9 0 1 1
7 0.1 0 1 1 0.4 0 1 1 0.5 0 1 1 0.6 0 1 1 0.7 0 1 1 0.9 0 1 1
7 0.1 10 0.7 0.0 0.4 6 1.0 0.0 0.5 6 1.0 0.0 0.6 4 1.0 0.0 0.7 0 1 1 0.9 0 1 1
7 0.1 11 0.6363636363636364 0.0 0.4 10 0.7 0.0 0.5 6 1.0 0.0 0.6 4 1.0 0.0 0.7 2 1.0 0.0 0.9 0 1 1
7 0.1 9 0.7777777777777778 0.0 0.4 4 1.0 0.0 0.5 2 1.0 0.0 0.6 1 1.0 0.0 0.7 0 1 1 0.9 0 1 1
7 0.1 10 0.7 0.0 0.4 8 0.875 0.0 0.5 6 1.0 0.0 0.6 3 1.0 0.0 0.7 2 1.0 0.0 0.9 0 1 1
7 0.1 7 1.0 0.0 0.4 5 1.0 0.0 0.5 4 1.0 0.0 0.6 2 1.0 0.0 0.7 0 1 1 0.9 0 1 1
7 0.1 8 0.875 0.0 0.4 5 1.0 0.0 0.5 3 1.0 0.0 0.6 2 1.0 0.0 0.7 0 1 1 0.9 0 1 1
7 0.1 10 0.7 0.0 0.4 8 0.875 0.0 0.5 8 0.875 0.0 0.6 6 1.0 0.0 0.7 2 1.0 0.0 0.9 0 1 1
7 0.1 10 0.7 0.0 0.4 6 1.0 0.0 0.5 6 1.0 0.0 0.6 5 1.0 0.0 0.7 1 1.0 0.0 0.9 0 1 1
7 0.1 25 0.28 0.04 0.4 8 0.875 0.125 0.5 3 1.0 0.0 0.6 1 1.0 0.0 0.7 1 1.0 0.0 0.9 0 1 1
7 0.1 18 0.3888888888888889 0.0 0.4 8 0.875 0.0 0.5 7 1.0 0.0 0.6 6 1.0 0.0 0.7 3 1.0 0.0 0.9 0 1 1
7 0.1 14 0.5 0.0 0.4 7 1.0 0.0 0.5 7 1.0 0.0 0.6 6 1.0 0.0 0.7 2 1.0 0.0 0.9 0 1 1
7 0.1 11 0.6363636363636364 0.09090909090909091 0.4 8 0.875 0.125 0.5 7 0.8571428571428571 0.0 0.6 5 1.0 0.0 0.7 2 1.0 0.0 0.9 0 1 1
7 0.1 9 0.7777777777777778 0.1111111111111111 0.4 7 1.0 0.14285714285714285 0.5 5 1.0 0.2 0.6 4 1.0 0.0 0.7 1 1.0 0.0 0.9 0 1 1
7 0.1 37 0.1891891891891892 0.0 0.4 10 0.6 0.0 0.5 6 0.8333333333333334 0.0 0.6 4 1.0 0.0 0.7 2 1.0 0.0 0.9 0 1 1
7 0.1 22 0.3181818181818182 0.0 0.4 8 0.875 0.0 0.5 7 1.0 0.0 0.6 5 1.0 0.0 0.7 2 1.0 0.0 0.9 0 1 1
7 0.1 18 0.3888888888888889 0.0 0.4 4 1.0 0.0 0.5 2 1.0 0.0 0.6 1 1.0 0.0 0.7 1 1.0 0.0 0.9 0 1 1
7 0.1 10 0.7 0.0 0.4 5 0.8 0.0 0.5 4 0.75 0.0 0.6 2 1.0 0.0 0.7 2 1.0 0.0 0.9 0 1 1
7 0.1 14 0.5 0.0 0.4 6 1.0 0.0 0.5 6 1.0 0.0 0.6 3 1.0 0.0 0.7 1 1.0 0.0 0.9 0 1 1
7 0.1 9 0.7777777777777778 0.0 0.4 7 1.0 0.0 0.5 5 1.0 0.0 0.6 3 1.0 0.0 0.7 0 1 1 0.9 0 1 1
7 0.1 26 0.2692307692307692 0.0 0.4 9 0.7777777777777778 0.0 0.5 7 0.8571428571428571 0.0 0.6 5 1.0 0.0 0.7 3 1.0 0.0 0.9 0 1 1
7 0.1 12 0.5833333333333334 0.08333333333333333 0.4 9 0.7777777777777778 0.1111111111111111 0.5 8 0.75 0.0 0.6 6 1.0 0.0 0.7 3 1.0 0.0 0.9 0 1 1
7 0.1 9 0.7777777777777778 0.0 0.4 7 1.0 0.0 0.5 7 1.0 0.0 0.6 7 1.0 0.0 0.7 4 1.0 0.0 0.9 0 1 1
7 0.1 10 0.7 0.0 0.4 7 1.0 0.0 0.5 5 1.0 0.0 0.6 5 1.0 0.0 0.7 2 1.0 0.0 0.9 0 1 1
7 0.1 14 0.5 0.0 0.4 7 1.0 0.0 0.5 5 1.0 0.0 0.6 3 1.0 0.0 0.7 1 1.0 0.0 0.9 0 1 1
7 0.1 15 0.4666666666666667 0.06666666666666667 0.4 7 1.0 0.14285714285714285 0.5 5 1.0 0.2 0.6 5 1.0 0.2 0.7 1 1.0 0.0 0.9 0 1 1
7 0.1 35 0.2 0.0 0.4 12 0.5 0.0 0.5 9 0.6666666666666666 0.0 0.6 7 0.8571428571428571 0.0 0.7 4 1.0 0.0 0.9 0 1 1
7 0.1 12 0.5833333333333334 0.0 0.4 5 1.0 0.0 0.5 4 1.0 0.0 0.6 2 1.0 0.0 0.7 2 1.0 0.0 0.9 0 1 1
7 0.1 20 0.35 0.0 0.4 7 1.0 0.0 0.5 5 1.0 0.0 0.6 4 1.0 0.0 0.7 1 1.0 0.0 0.9 0 1 1
7 0.1 10 0.7 0.0 0.4 7 1.0 0.0 0.5 6 1.0 0.0 0.6 5 1.0 0.0 0.7 2 1.0 0.0 0.9 0 1 1
7 0.1 12 0.5833333333333334 0.0 0.4 8 0.875 0.0 0.5 7 1.0 0.0 0.6 7 1.0 0.0 0.7 5 1.0 0.0 0.9 0 1 1
7 0.1 11 0.6363636363636364 0.0 0.4 7 1.0 0.0 0.5 7 1.0 0.0 0.6 7 1.0 0.0 0.7 4 1.0 0.0 0.9 0 1 1
7 0.1 32 0.21875 0.03125 0.4 8 0.625 0.125 0.5 7 0.7142857142857143 0.14285714285714285 0.6 5 0.8 0.2 0.7 0 1 1 0.9 0 1 1
7 0.1 11 0.6363636363636364 0.0 0.4 6 1.0 0.0 0.5 6 1.0 0.0 0.6 4 1.0 0.0 0.7 1 1.0 0.0 0.9 0 1 1
7 0.1 7 1.0 0.0 0.4 7 1.0 0.0 0.5 5 1.0 0.0 0.6 4 1.0 0.0 0.7 3 1.0 0.0 0.9 0 1 1
7 0.1 9 0.7777777777777778 0.0 0.4 7 1.0 0.0 0.5 7 1.0 0.0 0.6 7 1.0 0.0 0.7 3 1.0 0.0 0.9 0 1 1
7 0.1 14 0.5 0.0 0.4 7 1.0 0.0 0.5 7 1.0 0.0 0.6 7 1.0 0.0 0.7 4 1.0 0.0 0.9 0 1 1
7 0.1 14 0.5 0.0 0.4 7 1.0 0.0 0.5 7 1.0 0.0 0.6 7 1.0 0.0 0.7 4 1.0 0.0 0.9 0 1 1
7 0.1 19 0.3684210526315789 0.0 0.4 7 1.0 0.0 0.5 7 1.0 0.0 0.6 6 1.0 0.0 0.7 5 1.0 0.0 0.9 0 1 1
7 0.1 14 0.5 0.07142857142857142 0.4 7 1.0 0.14285714285714285 0.5 7 1.0 0.14285714285714285 0.6 7 1.0 0.14285714285714285 0.7 4 1.0 0.25 0.9 0 1 1
7 0.1 12 0.5833333333333334 0.0 0.4 8 0.875 0.0 0.5 7 0.8571428571428571 0.0 0.6 6 1.0 0.0 0.7 5 1.0 0.0 0.9 0 1 1
7 0.1 8 0.875 0.0 0.4 7 1.0 0.0 0.5 7 1.0 0.0 0.6 7 1.0 0.0 0.7 6 1.0 0.0 0.9 0 1 1
7 0.1 9 0.7777777777777778 0.0 0.4 7 1.0 0.0 0.5 7 1.0 0.0 0.6 6 1.0 0.0 0.7 6 1.0 0.0 0.9 0 1 1
7 0.1 8 0.875 0.125 0.4 7 1.0 0.14285714285714285 0.5 7 1.0 0.14285714285714285 0.6 6 1.0 0.16666666666666666 0.7 5 1.0 0.2 0.9 0 1 1
7 0.1 11 0.6363636363636364 0.0 0.4 7 1.0 0.0 0.5 7 1.0 0.0 0.6 6 1.0 0.0 0.7 5 1.0 0.0 0.9 0 1 1
7 0.1 9 0.7777777777777778 0.0 0.4 7 1.0 0.0 0.5 7 1.0 0.0 0.6 5 1.0 0.0 0.7 2 1.0 0.0 0.9 0 1 1
7 0.1 16 0.4375 0.0 0.4 8 0.875 0.0 0.5 7 1.0 0.0 0.6 6 1.0 0.0 0.7 6 1.0 0.0 0.9 0 1 1
7 0.1 8 0.875 0.0 0.4 7 1.0 0.0 0.5 7 1.0 0.0 0.6 6 1.0 0.0 0.7 5 1.0 0.0 0.9 0 1 1
7 0.1 12 0.5833333333333334 0.0 0.4 7 1.0 0.0 0.5 6 1.0 0.0 0.6 6 1.0 0.0 0.7 5 1.0 0.0 0.9 0 1 1
7 0.1 16 0.4375 0.0625 0.4 11 0.6363636363636364 0.09090909090909091 0.5 8 0.75 0.125 0.6 6 1.0 0.16666666666666666 0.7 6 1.0 0.16666666666666666 0.9 0 1 1
7 0.1 9 0.7777777777777778 0.0 0.4 5 1.0 0.0 0.5 5 1.0 0.0 0.6 4 1.0 0.0 0.7 2 1.0 0.0 0.9 0 1 1
7 0.1 11 0.6363636363636364 0.09090909090909091 0.4 8 0.875 0.125 0.5 6 1.0 0.16666666666666666 0.6 4 1.0 0.0 0.7 3 1.0 0.0 0.9 0 1 1
7 0.1 10 0.7 0.0 0.4 6 1.0 0.0 0.5 5 1.0 0.0 0.6 4 1.0 0.0 0.7 3 1.0 0.0 0.9 0 1 1
7 0.1 7 1.0 0.0 0.4 6 1.0 0.0 0.5 6 1.0 0.0 0.6 5 1.0 0.0 0.7 2 1.0 0.0 0.9 0 1 1
7 0.1 9 0.7777777777777778 0.1111111111111111 0.4 7 1.0 0.14285714285714285 0.5 5 1.0 0.0 0.6 5 1.0 0.0 0.7 3 1.0 0.0 0.9 0 1 1
7 0.1 9 0.7777777777777778 0.1111111111111111 0.4 7 1.0 0.14285714285714285 0.5 7 1.0 0.14285714285714285 0.6 7 1.0 0.14285714285714285 0.7 7 1.0 0.14285714285714285 0.9 0 1 1
7 0.1 9 0.7777777777777778 0.0 0.4 7 1.0 0.0 0.5 7 1.0 0.0 0.6 7 1.0 0.0 0.7 7 1.0 0.0 0.9 0 1 1
7 0.1 9 0.7777777777777778 0.0 0.4 7 1.0 0.0 0.5 7 1.0 0.0 0.6 7 1.0 0.0 0.7 5 1.0 0.0 0.9 0 1 1
7 0.1 8 0.875 0.0 0.4 7 1.0 0.0 0.5 6 1.0 0.0 0.6 4 1.0 0.0 0.7 3 1.0 0.0 0.9 0 1 1
7 0.1 9 0.7777777777777778 0.0 0.4 7 1.0 0.0 0.5 7 1.0 0.0 0.6 6 1.0 0.0 0.7 5 1.0 0.0 0.9 0 1 1
7 0.1 10 0.7 0.1 0.4 8 0.875 0.125 0.5 8 0.875 0.125 0.6 6 1.0 0.16666666666666666 0.7 4 1.0 0.0 0.9 0 1 1
7 0.1 10 0.7 0.0 0.4 7 1.0 0.0 0.5 7 1.0 0.0 0.6 4 1.0 0.0 0.7 4 1.0 0.0 0.9 0 1 1
7 0.1 10 0.7 0.0 0.4 8 0.875 0.0 0.5 7 1.0 0.0 0.6 7 1.0 0.0 0.7 5 1.0 0.0 0.9 0 1 1
7 0.1 8 0.875 0.0 0.4 7 1.0 0.0 0.5 6 1.0 0.0 0.6 5 1.0 0.0 0.7 3 1.0 0.0 0.9 0 1 1
7 0.1 9 0.7777777777777778 0.0 0.4 7 1.0 0.0 0.5 7 1.0 0.0 0.6 6 1.0 0.0 0.7 5 1.0 0.0 0.9 0 1 1
7 0.1 8 0.875 0.0 0.4 7 1.0 0.0 0.5 7 1.0 0.0 0.6 5 1.0 0.0 0.7 4 1.0 0.0 0.9 0 1 1
7 0.1 11 0.6363636363636364 0.0 0.4 7 1.0 0.0 0.5 4 1.0 0.0 0.6 4 1.0 0.0 0.7 4 1.0 0.0 0.9 0 1 1
7 0.1 8 0.875 0.0 0.4 6 1.0 0.0 0.5 5 1.0 0.0 0.6 5 1.0 0.0 0.7 4 1.0 0.0 0.9 0 1 1
7 0.1 13 0.5384615384615384 0.0 0.4 8 0.75 0.0 0.5 6 0.8333333333333334 0.0 0.6 5 1.0 0.0 0.7 5 1.0 0.0 0.9 0 1 1
7 0.1 9 0.7777777777777778 0.0 0.4 6 1.0 0.0 0.5 6 1.0 0.0 0.6 5 1.0 0.0 0.7 4 1.0 0.0 0.9 0 1 1
7 0.1 10 0.7 0.0 0.4 8 0.875 0.0 0.5 7 1.0 0.0 0.6 6 1.0 0.0 0.7 4 1.0 0.0 0.9 0 1 1
7 0.1 9 0.7777777777777778 0.1111111111111111 0.4 6 1.0 0.16666666666666666 0.5 6 1.0 0.16666666666666666 0.6 6 1.0 0.16666666666666666 0.7 5 1.0 0.2 0.9 0 1 1
7 0.1 9 0.7777777777777778 0.0 0.4 7 0.8571428571428571 0.0 0.5 6 1.0 0.0 0.6 6 1.0 0.0 0.7 4 1.0 0.0 0.9 0 1 1
7 0.1 7 1.0 0.0 0.4 6 1.0 0.0 0.5 6 1.0 0.0 0.6 5 1.0 0.0 0.7 4 1.0 0.0 0.9 0 1 1
7 0.1 11 0.6363636363636364 0.09090909090909091 0.4 5 1.0 0.2 0.5 4 1.0 0.25 0.6 4 1.0 0.25 0.7 3 1.0 0.0 0.9 0 1 1
7 0.1 8 0.875 0.0 0.4 5 1.0 0.0 0.5 5 1.0 0.0 0.6 3 1.0 0.0 0.7 2 1.0 0.0 0.9 0 1 1
7 0.1 8 0.875 0.0 0.4 6 1.0 0.0 0.5 6 1.0 0.0 0.6 5 1.0 0.0 0.7 2 1.0 0.0 0.9 0 1 1
7 0.1 9 0.7777777777777778 0.0 0.4 5 1.0 0.0 0.5 4 1.0 0.0 0.6 4 1.0 0.0 0.7 3 1.0 0.0 0.9 0 1 1
7 0.1 10 0.7 0.0 0.4 6 1.0 0.0 0.5 6 1.0 0.0 0.6 6 1.0 0.0 0.7 5 1.0 0.0 0.9 0 1 1
7 0.1 6 1.0 0.16666666666666666 0.4 4 1.0 0.0 0.5 4 1.0 0.0 0.6 4 1.0 0.0 0.7 4 1.0 0.0 0.9 0 1 1
7 0.1 8 0.875 0.0 0.4 5 1.0 0.0 0.5 5 1.0 0.0 0.6 5 1.0 0.0 0.7 3 1.0 0.0 0.9 0 1 1
7 0.1 8 0.875 0.125 0.4 7 1.0 0.14285714285714285 0.5 7 1.0 0.14285714285714285 0.6 6 1.0 0.0 0.7 5 1.0 0.0 0.9 0 1 1
7 0.1 12 0.5833333333333334 0.0 0.4 9 0.7777777777777778 0.0 0.5 9 0.7777777777777778 0.0 0.6 8 0.875 0.0 0.7 6 1.0 0.0 0.9 0 1 1
7 0.1 10 0.7 0.0 0.4 8 0.875 0.0 0.5 8 0.875 0.0 0.6 8 0.875 0.0 0.7 6 1.0 0.0 0.9 0 1 1
7 0.1 9 0.7777777777777778 0.0 0.4 8 0.875 0.0 0.5 8 0.875 0.0 0.6 8 0.875 0.0 0.7 6 1.0 0.0 0.9 0 1 1
7 0.1 10 0.7 0.0 0.4 7 1.0 0.0 0.5 5 1.0 0.0 0.6 5 1.0 0.0 0.7 5 1.0 0.0 0.9 0 1 1
7 0.1 9 0.7777777777777778 0.0 0.4 7 1.0 0.0 0.5 6 1.0 0.0 0.6 6 1.0 0.0 0.7 6 1.0 0.0 0.9 0 1 1
7 0.1 9 0.7777777777777778 0.0 0.4 8 0.875 0.0 0.5 7 1.0 0.0 0.6 6 1.0 0.0 0.7 6 1.0 0.0 0.9 0 1 1
7 0.1 10 0.7 0.0 0.4 8 0.875 0.0 0.5 7 1.0 0.0 0.6 7 1.0 0.0 0.7 7 1.0 0.0 0.9 0 1 1
7 0.1 10 0.7 0.0 0.4 7 1.0 0.0 0.5 7 1.0 0.0 0.6 7 1.0 0.0 0.7 5 1.0 0.0 0.9 0 1 1
7 0.1 8 0.875 0.0 0.4 7 1.0 0.0 0.5 7 1.0 0.0 0.6 5 1.0 0.0 0.7 5 1.0 0.0 0.9 0 1 1
7 0.1 8 0.875 0.0 0.4 7 1.0 0.0 0.5 6 1.0 0.0 0.6 4 1.0 0.0 0.7 4 1.0 0.0 0.9 0 1 1
7 0.1 9 0.7777777777777778 0.0 0.4 7 0.8571428571428571 0.0 0.5 7 0.8571428571428571 0.0 0.6 6 0.8333333333333334 0.0 0.7 5 1.0 0.0 0.9 0 1 1
7 0.1 8 0.875 0.0 0.4 7 1.0 0.0 0.5 7 1.0 0.0 0.6 6 1.0 0.0 0.7 6 1.0 0.0 0.9 0 1 1
7 0.1 7 1.0 0.0 0.4 6 1.0 0.0 0.5 5 1.0 0.0 0.6 5 1.0 0.0 0.7 4 1.0 0.0 0.9 0 1 1
7 0.1 7 1.0 0.0 0.4 5 1.0 0.0 0.5 4 1.0 0.0 0.6 4 1.0 0.0 0.7 3 1.0 0.0 0.9 0 1 1
7 0.1 9 0.7777777777777778 0.0 0.4 6 1.0 0.0 0.5 6 1.0 0.0 0.6 5 1.0 0.0 0.7 4 1.0 0.0 0.9 0 1 1
7 0.1 10 0.7 0.0 0.4 10 0.7 0.0 0.5 9 0.6666666666666666 0.0 0.6 9 0.6666666666666666 0.0 0.7 7 0.8571428571428571 0.0 0.9 0 1 1
7 0.1 8 0.875 0.0 0.4 7 1.0 0.0 0.5 7 1.0 0.0 0.6 6 1.0 0.0 0.7 5 1.0 0.0 0.9 0 1 1
7 0.1 9 0.7777777777777778 0.0 0.4 7 1.0 0.0 0.5 7 1.0 0.0 0.6 7 1.0 0.0 0.7 7 1.0 0.0 0.9 0 1 1
7 0.1 8 0.875 0.125 0.4 7 1.0 0.14285714285714285 0.5 7 1.0 0.14285714285714285 0.6 7 1.0 0.14285714285714285 0.7 5 1.0 0.0 0.9 0 1 1
7 0.1 9 0.7777777777777778 0.0 0.4 9 0.7777777777777778 0.0 0.5 8 0.875 0.0 0.6 7 1.0 0.0 0.7 5 1.0 0.0 0.9 0 1 1
7 0.1 9 0.7777777777777778 0.1111111111111111 0.4 8 0.875 0.125 0.5 6 1.0 0.16666666666666666 0.6 5 1.0 0.2 0.7 5 1.0 0.2 0.9 0 1 1
7 0.1 9 0.7777777777777778 0.1111111111111111 0.4 7 1.0 0.14285714285714285 0.5 6 1.0 0.16666666666666666 0.6 5 1.0 0.2 0.7 5 1.0 0.2 0.9 0 1 1
7 0.1 9 0.7777777777777778 0.0 0.4 8 0.875 0.0 0.5 7 1.0 0.0 0.6 7 1.0 0.0 0.7 7 1.0 0.0 0.9 0 1 1
7 0.1 9 0.7777777777777778 0.0 0.4 5 1.0 0.0 0.5 5 1.0 0.0 0.6 4 1.0 0.0 0.7 3 1.0 0.0 0.9 0 1 1
7 0.1 8 0.875 0.0 0.4 5 1.0 0.0 0.5 5 1.0 0.0 0.6 4 1.0 0.0 0.7 4 1.0 0.0 0.9 0 1 1
7 0.1 9 0.7777777777777778 0.1111111111111111 0.4 7 0.8571428571428571 0.14285714285714285 0.5 6 1.0 0.16666666666666666 0.6 6 1.0 0.16666666666666666 0.7 6 1.0 0.16666666666666666 0.9 0 1 1
7 0.1 9 0.7777777777777778 0.0 0.4 6 1.0 0.0 0.5 5 1.0 0.0 0.6 5 1.0 0.0 0.7 5 1.0 0.0 0.9 0 1 1
7 0.1 9 0.7777777777777778 0.0 0.4 7 0.8571428571428571 0.0 0.5 5 1.0 0.0 0.6 4 1.0 0.0 0.7 4 1.0 0.0 0.9 0 1 1
7 0.1 7 1.0 0.14285714285714285 0.4 5 1.0 0.2 0.5 4 1.0 0.0 0.6 4 1.0 0.0 0.7 4 1.0 0.0 0.9 0 1 1
7 0.1 9 0.7777777777777778 0.0 0.4 7 0.8571428571428571 0.0 0.5 6 1.0 0.0 0.6 6 1.0 0.0 0.7 5 1.0 0.0 0.9 1 1.0 0.0
7 0.1 10 0.7 0.1 0.4 8 0.75 0.0 0.5 8 0.75 0.0 0.6 8 0.75 0.0 0.7 7 0.8571428571428571 0.0 0.9 1 1.0 0.0
7 0.1 9 0.7777777777777778 0.0 0.4 7 0.8571428571428571 0.0 0.5 7 0.8571428571428571 0.0 0.6 6 1.0 0.0 0.7 5 1.0 0.0 0.9 0 1 1
7 0.1 7 0.8571428571428571 0.0 0.4 5 1.0 0.0 0.5 5 1.0 0.0 0.6 5 1.0 0.0 0.7 3 1.0 0.0 0.9 0 1 1
7 0.1 9 0.7777777777777778 0.1111111111111111 0.4 8 0.875 0.125 0.5 7 0.8571428571428571 0.14285714285714285 0.6 6 0.8333333333333334 0.16666666666666666 0.7 5 1.0 0.2 0.9 0 1 1
7 0.1 8 0.875 0.0 0.4 6 0.8333333333333334 0.0 0.5 6 0.8333333333333334 0.0 0.6 5 1.0 0.0 0.7 5 1.0 0.0 0.9 0 1 1
7 0.1 8 0.875 0.0 0.4 8 0.875 0.0 0.5 7 0.8571428571428571 0.0 0.6 7 0.8571428571428571 0.0 0.7 5 1.0 0.0 0.9 0 1 1
7 0.1 8 0.875 0.0 0.4 7 0.8571428571428571 0.0 0.5 7 0.8571428571428571 0.0 0.6 6 1.0 0.0 0.7 6 1.0 0.0 0.9 0 1 1
7 0.1 11 0.6363636363636364 0.18181818181818182 0.4 8 0.875 0.25 0.5 7 0.8571428571428571 0.2857142857142857 0.6 7 0.8571428571428571 0.2857142857142857 0.7 7 0.8571428571428571 0.2857142857142857 0.9 1 1.0 0.0
7 0.1 10 0.7 0.1 0.4 8 0.875 0.125 0.5 8 0.875 0.125 0.6 7 0.8571428571428571 0.14285714285714285 0.7 7 0.8571428571428571 0.14285714285714285 0.9 1 1.0 0.0
7 0.1 8 0.875 0.25 0.4 7 0.8571428571428571 0.14285714285714285 0.5 6 1.0 0.16666666666666666 0.6 6 1.0 0.16666666666666666 0.7 5 1.0 0.2 0.9 0 1 1
7 0.1 9 0.7777777777777778 0.0 0.4 8 0.75 0.0 0.5 7 0.8571428571428571 0.0 0.6 7 0.8571428571428571 0.0 0.7 6 0.8333333333333334 0.0 0.9 1 1.0 0.0
7 0.1 8 0.875 0.125 0.4 6 0.8333333333333334 0.16666666666666666 0.5 5 0.8 0.2 0.6 4 1.0 0.25 0.7 4 1.0 0.25 0.9 0 1 1
7 0.1 8 0.875 0.25 0.4 7 0.8571428571428571 0.14285714285714285 0.5 7 0.8571428571428571 0.14285714285714285 0.6 6 0.8333333333333334 0.16666666666666666 0.7 5 1.0 0.2 0.9 0 1 1
7 0.1 8 0.875 0.25 0.4 6 0.8333333333333334 0.0 0.5 5 0.8 0.0 0.6 4 1.0 0.0 0.7 4 1.0 0.0 0.9 0 1 1
7 0.1 8 0.875 0.125 0.4 8 0.875 0.125 0.5 7 0.8571428571428571 0.14285714285714285 0.6 7 0.8571428571428571 0.14285714285714285 0.7 6 1.0 0.16666666666666666 0.9 0 1 1
7 0.1 8 0.875 0.25 0.4 8 0.875 0.25 0.5 7 1.0 0.2857142857142857 0.6 7 1.0 0.2857142857142857 0.7 7 1.0 0.2857142857142857 0.9 0 1 1
7 0.1 8 0.875 0.125 0.4 8 0.875 0.125 0.5 7 1.0 0.14285714285714285 0.6 7 1.0 0.14285714285714285 0.7 6 1.0 0.16666666666666666 0.9 0 1 1
7 0.1 8 0.875 0.0 0.4 8 0.875 0.0 0.5 8 0.875 0.0 0.6 7 0.8571428571428571 0.0 0.7 7 0.8571428571428571 0.0 0.9 0 1 1
7 0.1 8 0.875 0.375 0.4 8 0.875 0.375 0.5 8 0.875 0.375 0.6 8 0.875 0.375 0.7 7 0.8571428571428571 0.2857142857142857 0.9 0 1 1
7 0.1 9 0.7777777777777778 0.0 0.4 8 0.875 0.0 0.5 8 0.875 0.0 0.6 7 0.8571428571428571 0.0 0.7 7 0.8571428571428571 0.0 0.9 0 1 1
7 0.1 8 0.875 0.0 0.4 7 1.0 0.0 0.5 7 1.0 0.0 0.6 7 1.0 0.0 0.7 6 1.0 0.0 0.9 0 1 1
7 0.1 8 0.875 0.0 0.4 6 1.0 0.0 0.5 5 1.0 0.0 0.6 5 1.0 0.0 0.7 5 1.0 0.0 0.9 0 1 1
7 0.1 8 0.875 0.0 0.4 8 0.875 0.0 0.5 7 0.8571428571428571 0.0 0.6 7 0.8571428571428571 0.0 0.7 6 1.0 0.0 0.9 0 1 1
7 0.1 8 0.875 0.375 0.4 8 0.875 0.375 0.5 8 0.875 0.375 0.6 7 0.8571428571428571 0.2857142857142857 0.7 7 0.8571428571428571 0.2857142857142857 0.9 0 1 1
7 0.1 10 0.7 0.2 0.4 9 0.7777777777777778 0.2222222222222222 0.5 8 0.75 0.125 0.6 7 0.8571428571428571 0.14285714285714285 0.7 6 1.0 0.16666666666666666 0.9 0 1 1
7 0.1 10 0.7 0.2 0.4 9 0.6666666666666666 0.1111111111111111 0.5 8 0.75 0.125 0.6 8 0.75 0.125 0.7 7 0.8571428571428571 0.14285714285714285 0.9 0 1 1
7 0.1 7 1.0 0.0 0.4 6 1.0 0.0 0.5 6 1.0 0.0 0.6 6 1.0 0.0 0.7 6 1.0 0.0 0.9 1 1.0 0.0
7 0.1 9 0.7777777777777778 0.0 0.4 9 0.7777777777777778 0.0 0.5 8 0.875 0.0 0.6 8 0.875 0.0 0.7 7 0.8571428571428571 0.0 0.9 0 1 1
7 0.1 8 0.75 0.0 0.4 6 1.0 0.0 0.5 6 1.0 0.0 0.6 5 1.0 0.0 0.7 5 1.0 0.0 0.9 0 1 1
7 0.1 9 0.7777777777777778 0.1111111111111111 0.4 8 0.875 0.125 0.5 8 0.875 0.125 0.6 8 0.875 0.125 0.7 7 0.8571428571428571 0.14285714285714285 0.9 0 1 1
7 0.1 8 0.875 0.125 0.4 8 0.875 0.125 0.5 8 0.875 0.125 0.6 8 0.875 0.125 0.7 6 0.8333333333333334 0.16666666666666666 0.9 0 1 1
7 0.1 8 0.875 0.25 0.4 8 0.875 0.25 0.5 8 0.875 0.25 0.6 8 0.875 0.25 0.7 8 0.875 0.25 0.9 0 1 1
7 0.1 8 0.875 0.125 0.4 8 0.875 0.125 0.5 8 0.875 0.125 0.6 7 0.8571428571428571 0.14285714285714285 0.7 7 0.8571428571428571 0.14285714285714285 0.9 0 1 1
7 0.1 11 0.6363636363636364 0.09090909090909091 0.4 7 1.0 0.14285714285714285 0.5 7 1.0 0.14285714285714285 0.6 6 1.0 0.16666666666666666 0.7 5 1.0 0.0 0.9 0 1 1
7 0.1 8 0.875 0.0 0.4 7 0.8571428571428571 0.0 0.5 7 0.8571428571428571 0.0 0.6 7 0.8571428571428571 0.0 0.7 7 0.8571428571428571 0.0 0.9 0 1 1
7 0.1 8 0.875 0.125 0.4 6 1.0 0.16666666666666666 0.5 6 1.0 0.16666666666666666 0.6 6 1.0 0.16666666666666666 0.7 6 1.0 0.16666666666666666 0.9 0 1 1
7 0.1 7 1.0 0.0 0.4 6 1.0 0.0 0.5 6 1.0 0.0 0.6 5 1.0 0.0 0.7 5 1.0 0.0 0.9 0 1 1
7 0.1 8 0.875 0.125 0.4 7 0.8571428571428571 0.14285714285714285 0.5 7 0.8571428571428571 0.14285714285714285 0.6 5 1.0 0.2 0.7 5 1.0 0.2 0.9 0 1 1
7 0.1 8 0.875 0.125 0.4 8 0.875 0.125 0.5 8 0.875 0.125 0.6 8 0.875 0.125 0.7 6 1.0 0.16666666666666666 0.9 0 1 1
7 0.1 9 0.7777777777777778 0.2222222222222222 0.4 8 0.875 0.25 0.5 8 0.875 0.25 0.6 7 1.0 0.2857142857142857 0.7 7 1.0 0.2857142857142857 0.9 0 1 1
7 0.1 10 0.7 0.2 0.4 7 1.0 0.2857142857142857 0.5 7 1.0 0.2857142857142857 0.6 7 1.0 0.2857142857142857 0.7 6 1.0 0.3333333333333333 0.9 0 1 1
7 0.1 8 0.875 0.125 0.4 8 0.875 0.125 0.5 7 0.8571428571428571 0.14285714285714285 0.6 6 1.0 0.16666666666666666 0.7 6 1.0 0.16666666666666666 0.9 0 1 1
7 0.1 9 0.7777777777777778 0.0 0.4 7 1.0 0.0 0.5 6 1.0 0.0 0.6 6 1.0 0.0 0.7 4 1.0 0.0 0.9 0 1 1
7 0.1 8 0.875 0.25 0.4 7 1.0 0.2857142857142857 0.5 7 1.0 0.2857142857142857 0.6 7 1.0 0.2857142857142857 0.7 5 1.0 0.0 0.9 0 1 1
7 0.1 8 0.875 0.0 0.4 8 0.875 0.0 0.5 8 0.875 0.0 0.6 7 1.0 0.0 0.7 7 1.0 0.0 0.9 1 1.0 0.0
7 0.1 9 0.7777777777777778 0.1111111111111111 0.4 7 1.0 0.14285714285714285 0.5 7 1.0 0.14285714285714285 0.6 7 1.0 0.14285714285714285 0.7 7 1.0 0.14285714285714285 0.9 0 1 1
7 0.1 8 0.875 0.0 0.4 8 0.875 0.0 0.5 8 0.875 0.0 0.6 7 1.0 0.0 0.7 6 1.0 0.0 0.9 0 1 1
7 0.1 8 0.875 0.0 0.4 8 0.875 0.0 0.5 8 0.875 0.0 0.6 8 0.875 0.0 0.7 7 1.0 0.0 0.9 0 1 1
7 0.1 8 0.875 0.0 0.4 8 0.875 0.0 0.5 8 0.875 0.0 0.6 8 0.875 0.0 0.7 7 1.0 0.0 0.9 1 1.0 0.0
7 0.1 9 0.7777777777777778 0.0 0.4 8 0.875 0.0 0.5 8 0.875 0.0 0.6 8 0.875 0.0 0.7 8 0.875 0.0 0.9 0 1 1
7 0.1 9 0.7777777777777778 0.2222222222222222 0.4 8 0.875 0.25 0.5 8 0.875 0.25 0.6 8 0.875 0.25 0.7 7 0.8571428571428571 0.2857142857142857 0.9 0 1 1
7 0.1 10 0.7 0.2 0.4 7 1.0 0.2857142857142857 0.5 7 1.0 0.2857142857142857 0.6 7 1.0 0.2857142857142857 0.7 6 1.0 0.3333333333333333 0.9 0 1 1
7 0.1 8 0.875 0.25 0.4 7 1.0 0.2857142857142857 0.5 7 1.0 0.2857142857142857 0.6 7 1.0 0.2857142857142857 0.7 5 1.0 0.2 0.9 0 1 1
7 0.1 10 0.7 0.0 0.4 9 0.7777777777777778 0.0 0.5 9 0.7777777777777778 0.0 0.6 9 0.7777777777777778 0.0 0.7 9 0.7777777777777778 0.0 0.9 0 1 1
7 0.1 9 0.7777777777777778 0.1111111111111111 0.4 9 0.7777777777777778 0.1111111111111111 0.5 8 0.875 0.125 0.6 8 0.875 0.125 0.7 8 0.875 0.125 0.9 0 1 1
7 0.1 9 0.7777777777777778 0.1111111111111111 0.4 7 1.0 0.14285714285714285 0.5 7 1.0 0.14285714285714285 0.6 7 1.0 0.14285714285714285 0.7 7 1.0 0.14285714285714285 0.9 0 1 1
7 0.1 8 0.875 0.0 0.4 8 0.875 0.0 0.5 8 0.875 0.0 0.6 8 0.875 0.0 0.7 8 0.875 0.0 0.9 0 1 1
7 0.1 6 1.0 0.16666666666666666 0.4 6 1.0 0.16666666666666666 0.5 6 1.0 0.16666666666666666 0.6 5 1.0 0.2 0.7 5 1.0 0.2 0.9 0 1 1
7 0.1 7 1.0 0.2857142857142857 0.4 6 1.0 0.3333333333333333 0.5 6 1.0 0.3333333333333333 0.6 6 1.0 0.3333333333333333 0.7 5 1.0 0.2 0.9 0 1 1
7 0.1 8 0.875 0.375 0.4 6 1.0 0.5 0.5 6 1.0 0.5 0.6 5 1.0 0.4 0.7 5 1.0 0.4 0.9 0 1 1
7 0.1 8 0.875 0.125 0.4 7 1.0 0.14285714285714285 0.5 7 1.0 0.14285714285714285 0.6 7 1.0 0.14285714285714285 0.7 6 1.0 0.16666666666666666 0.9 0 1 1
7 0.1 9 0.7777777777777778 0.0 0.4 9 0.7777777777777778 0.0 0.5 9 0.7777777777777778 0.0 0.6 9 0.7777777777777778 0.0 0.7 8 0.875 0.0 0.9 0 1 1
7 0.1 8 0.875 0.125 0.4 8 0.875 0.125 0.5 7 1.0 0.14285714285714285 0.6 7 1.0 0.14285714285714285 0.7 6 1.0 0.16666666666666666 0.9 0 1 1
7 0.1 9 0.7777777777777778 0.0 0.4 8 0.875 0.0 0.5 8 0.875 0.0 0.6 7 0.8571428571428571 0.0 0.7 7 0.8571428571428571 0.0 0.9 0 1 1
7 0.1 9 0.7777777777777778 0.0 0.4 6 1.0 0.0 0.5 6 1.0 0.0 0.6 6 1.0 0.0 0.7 6 1.0 0.0 0.9 0 1 1
7 0.1 7 0.8571428571428571 0.14285714285714285 0.4 7 0.8571428571428571 0.14285714285714285 0.5 7 0.8571428571428571 0.14285714285714285 0.6 7 0.8571428571428571 0.14285714285714285 0.7 7 0.8571428571428571 0.14285714285714285 0.9 0 1 1
7 0.1 8 0.75 0.375 0.4 7 0.8571428571428571 0.42857142857142855 0.5 6 1.0 0.5 0.6 6 1.0 0.5 0.7 5 1.0 0.4 0.9 1 1.0 0.0
7 0.1 9 0.7777777777777778 0.0 0.4 7 1.0 0.0 0.5 7 1.0 0.0 0.6 7 1.0 0.0 0.7 6 1.0 0.0 0.9 0 1 1
7 0.1 8 0.875 0.125 0.4 7 1.0 0.14285714285714285 0.5 7 1.0 0.14285714285714285 0.6 6 1.0 0.16666666666666666 0.7 6 1.0 0.16666666666666666 0.9 0 1 1
7 0.1 9 0.7777777777777778 0.2222222222222222 0.4 9 0.7777777777777778 0.2222222222222222 0.5 9 0.7777777777777778 0.2222222222222222 0.6 8 0.875 0.25 0.7 8 0.875 0.25 0.9 0 1 1
7 0.1 9 0.7777777777777778 0.0 0.4 7 0.8571428571428571 0.0 0.5 6 0.8333333333333334 0.0 0.6 5 1.0 0.0 0.7 4 1.0 0.0 0.9 0 1 1
7 0.1 8 0.875 0.125 0.4 6 1.0 0.16666666666666666 0.5 6 1.0 0.16666666666666666 0.6 6 1.0 0.16666666666666666 0.7 6 1.0 0.16666666666666666 0.9 0 1 1
7 0.1 7 1.0 0.14285714285714285 0.4 5 1.0 0.0 0.5 5 1.0 0.0 0.6 5 1.0 0.0 0.7 4 1.0 0.0 0.9 0 1 1
7 0.1 8 0.875 0.25 0.4 7 1.0 0.2857142857142857 0.5 7 1.0 0.2857142857142857 0.6 6 1.0 0.16666666666666666 0.7 5 1.0 0.2 0.9 0 1 1
7 0.1 9 0.7777777777777778 0.1111111111111111 0.4 8 0.875 0.125 0.5 7 1.0 0.14285714285714285 0.6 6 1.0 0.16666666666666666 0.7 6 1.0 0.16666666666666666 0.9 1 1.0 0.0
7 0.1 8 0.875 0.25 0.4 7 1.0 0.2857142857142857 0.5 7 1.0 0.2857142857142857 0.6 7 1.0 0.2857142857142857 0.7 7 1.0 0.2857142857142857 0.9 0 1 1
7 0.1 8 0.875 0.125 0.4 8 0.875 0.125 0.5 7 1.0 0.14285714285714285 0.6 6 1.0 0.0 0.7 6 1.0 0.0 0.9 0 1 1
7 0.1 8 0.875 0.125 0.4 8 0.875 0.125 0.5 8 0.875 0.125 0.6 8 0.875 0.125 0.7 8 0.875 0.125 0.9 0 1 1
7 0.1 8 0.875 0.0 0.4 7 1.0 0.0 0.5 7 1.0 0.0 0.6 6 1.0 0.0 0.7 6 1.0 0.0 0.9 0 1 1
7 0.1 6 1.0 0.16666666666666666 0.4 6 1.0 0.16666666666666666 0.5 6 1.0 0.16666666666666666 0.6 6 1.0 0.16666666666666666 0.7 5 1.0 0.2 0.9 0 1 1
7 0.1 7 1.0 0.0 0.4 6 1.0 0.0 0.5 6 1.0 0.0 0.6 6 1.0 0.0 0.7 5 1.0 0.0 0.9 0 1 1
7 0.1 8 0.875 0.0 0.4 7 0.8571428571428571 0.0 0.5 7 0.8571428571428571 0.0 0.6 6 0.8333333333333334 0.0 0.7 6 0.8333333333333334 0.0 0.9 0 1 1
7 0.1 5 1.0 0.2 0.4 5 1.0 0.2 0.5 5 1.0 0.2 0.6 4 1.0 0.25 0.7 4 1.0 0.25 0.9 0 1 1
7 0.1 8 0.875 0.0 0.4 7 1.0 0.0 0.5 7 1.0 0.0 0.6 7 1.0 0.0 0.7 5 1.0 0.0 0.9 0 1 1
7 0.1 8 0.875 0.125 0.4 8 0.875 0.125 0.5 8 0.875 0.125 0.6 7 0.8571428571428571 0.14285714285714285 0.7 6 0.8333333333333334 0.16666666666666666 0.9 0 1 1
7 0.1 8 0.875 0.125 0.4 7 1.0 0.14285714285714285 0.5 6 1.0 0.16666666666666666 0.6 6 1.0 0.16666666666666666 0.7 6 1.0 0.16666666666666666 0.9 0 1 1
7 0.1 8 0.875 0.0 0.4 8 0.875 0.0 0.5 8 0.875 0.0 0.6 6 1.0 0.0 0.7 6 1.0 0.0 0.9 0 1 1
7 0.1 8 0.875 0.0 0.4 7 1.0 0.0 0.5 6 1.0 0.0 0.6 6 1.0 0.0 0.7 6 1.0 0.0 0.9 0 1 1
7 0.1 6 1.0 0.0 0.4 5 1.0 0.0 0.5 5 1.0 0.0 0.6 5 1.0 0.0 0.7 4 1.0 0.0 0.9 0 1 1
7 0.1 7 1.0 0.0 0.4 7 1.0 0.0 0.5 6 1.0 0.0 0.6 6 1.0 0.0 0.7 6 1.0 0.0 0.9 0 1 1
7 0.1 7 1.0 0.0 0.4 7 1.0 0.0 0.5 7 1.0 0.0 0.6 6 1.0 0.0 0.7 6 1.0 0.0 0.9 0 1 1
7 0.1 7 1.0 0.0 0.4 6 1.0 0.0 0.5 6 1.0 0.0 0.6 5 1.0 0.0 0.7 5 1.0 0.0 0.9 0 1 1
7 0.1 7 1.0 0.2857142857142857 0.4 6 1.0 0.3333333333333333 0.5 5 1.0 0.2 0.6 5 1.0 0.2 0.7 5 1.0 0.2 0.9 0 1 1
7 0.1 7 1.0 0.14285714285714285 0.4 7 1.0 0.14285714285714285 0.5 7 1.0 0.14285714285714285 0.6 7 1.0 0.14285714285714285 0.7 6 1.0 0.16666666666666666 0.9 0 1 1
7 0.1 8 0.875 0.125 0.4 6 1.0 0.16666666666666666 0.5 6 1.0 0.16666666666666666 0.6 5 1.0 0.2 0.7 5 1.0 0.2 0.9 0 1 1
7 0.1 8 0.875 0.0 0.4 5 1.0 0.0 0.5 5 1.0 0.0 0.6 5 1.0 0.0 0.7 5 1.0 0.0 0.9 0 1 1
7 0.1 7 1.0 0.0 0.4 6 1.0 0.0 0.5 6 1.0 0.0 0.6 6 1.0 0.0 0.7 6 1.0 0.0 0.9 1 1.0 0.0
7 0.1 8 0.875 0.0 0.4 6 1.0 0.0 0.5 6 1.0 0.0 0.6 6 1.0 0.0 0.7 6 1.0 0.0 0.9 0 1 1
7 0.1 8 0.875 0.0 0.4 7 1.0 0.0 0.5 7 1.0 0.0 0.6 7 1.0 0.0 0.7 6 1.0 0.0 0.9 0 1 1
7 0.1 7 1.0 0.14285714285714285 0.4 5 1.0 0.0 0.5 5 1.0 0.0 0.6 4 1.0 0.0 0.7 3 1.0 0.0 0.9 0 1 1
7 0.1 6 1.0 0.16666666666666666 0.4 4 1.0 0.25 0.5 4 1.0 0.25 0.6 4 1.0 0.25 0.7 4 1.0 0.25 0.9 0 1 1
7 0.1 7 1.0 0.2857142857142857 0.4 5 1.0 0.2 0.5 4 1.0 0.0 0.6 4 1.0 0.0 0.7 4 1.0 0.0 0.9 0 1 1
7 0.1 8 0.875 0.25 0.4 5 1.0 0.2 0.5 5 1.0 0.2 0.6 4 1.0 0.0 0.7 4 1.0 0.0 0.9 0 1 1
7 0.1 7 0.8571428571428571 0.0 0.4 6 1.0 0.0 0.5 6 1.0 0.0 0.6 6 1.0 0.0 0.7 4 1.0 0.0 0.9 0 1 1
7 0.1 10 0.7 0.0 0.4 6 1.0 0.0 0.5 6 1.0 0.0 0.6 6 1.0 0.0 0.7 6 1.0 0.0 0.9 0 1 1
7 0.1 7 1.0 0.0 0.4 7 1.0 0.0 0.5 6 1.0 0.0 0.6 6 1.0 0.0 0.7 6 1.0 0.0 0.9 1 1.0 0.0
7 0.1 7 1.0 0.0 0.4 7 1.0 0.0 0.5 7 1.0 0.0 0.6 6 1.0 0.0 0.7 6 1.0 0.0 0.9 0 1 1
7 0.1 8 0.875 0.125 0.4 8 0.875 0.125 0.5 8 0.875 0.125 0.6 7 0.8571428571428571 0.14285714285714285 0.7 7 0.8571428571428571 0.14285714285714285 0.9 0 1 1
7 0.1 8 0.875 0.125 0.4 7 1.0 0.14285714285714285 0.5 7 1.0 0.14285714285714285 0.6 7 1.0 0.14285714285714285 0.7 5 1.0 0.2 0.9 0 1 1
7 0.1 8 0.875 0.0 0.4 8 0.875 0.0 0.5 7 1.0 0.0 0.6 7 1.0 0.0 0.7 6 1.0 0.0 0.9 0 1 1
7 0.1 7 1.0 0.14285714285714285 0.4 7 1.0 0.14285714285714285 0.5 7 1.0 0.14285714285714285 0.6 6 1.0 0.16666666666666666 0.7 6 1.0 0.16666666666666666 0.9 0 1 1
7 0.1 7 1.0 0.0 0.4 7 1.0 0.0 0.5 7 1.0 0.0 0.6 6 1.0 0.0 0.7 6 1.0 0.0 0.9 1 1.0 0.0
7 0.1 7 1.0 0.0 0.4 7 1.0 0.0 0.5 7 1.0 0.0 0.6 6 1.0 0.0 0.7 5 1.0 0.0 0.9 0 1 1
7 0.1 7 1.0 0.0 0.4 7 1.0 0.0 0.5 6 1.0 0.0 0.6 6 1.0 0.0 0.7 6 1.0 0.0 0.9 1 1.0 0.0
7 0.1 8 0.875 0.0 0.4 7 0.8571428571428571 0.0 0.5 6 1.0 0.0 0.6 6 1.0 0.0 0.7 6 1.0 0.0 0.9 1 1.0 0.0
7 0.1 8 0.875 0.0 0.4 6 1.0 0.0 0.5 6 1.0 0.0 0.6 6 1.0 0.0 0.7 6 1.0 0.0 0.9 1 1.0 0.0
7 0.1 8 0.875 0.0 0.4 7 1.0 0.0 0.5 6 1.0 0.0 0.6 6 1.0 0.0 0.7 6 1.0 0.0 0.9 0 1 1
7 0.1 8 0.875 0.0 0.4 7 1.0 0.0 0.5 7 1.0 0.0 0.6 7 1.0 0.0 0.7 6 1.0 0.0 0.9 0 1 1
7 0.1 8 0.875 0.125 0.4 8 0.875 0.125 0.5 7 1.0 0.14285714285714285 0.6 7 1.0 0.14285714285714285 0.7 7 1.0 0.14285714285714285 0.9 0 1 1
7 0.1 8 0.875 0.125 0.4 7 1.0 0.14285714285714285 0.5 7 1.0 0.14285714285714285 0.6 7 1.0 0.14285714285714285 0.7 7 1.0 0.14285714285714285 0.9 0 1 1
7 0.1 9 0.7777777777777778 0.1111111111111111 0.4 8 0.875 0.125 0.5 8 0.875 0.125 0.6 7 1.0 0.14285714285714285 0.7 6 1.0 0.16666666666666666 0.9 1 1.0 0.0
7 0.1 8 0.875 0.125 0.4 8 0.875 0.125 0.5 7 0.8571428571428571 0.14285714285714285 0.6 7 0.8571428571428571 0.14285714285714285 0.7 7 0.8571428571428571 0.14285714285714285 0.9 1 1.0 0.0
7 0.1 7 1.0 0.0 0.4 6 1.0 0.0 0.5 5 1.0 0.0 0.6 5 1.0 0.0 0.7 5 1.0 0.0 0.9 0 1 1
7 0.1 7 0.8571428571428571 0.0 0.4 7 0.8571428571428571 0.0 0.5 7 0.8571428571428571 0.0 0.6 7 0.8571428571428571 0.0 0.7 7 0.8571428571428571 0.0 0.9 0 1 1
7 0.1 7 0.8571428571428571 0.14285714285714285 0.4 7 0.8571428571428571 0.14285714285714285 0.5 6 1.0 0.16666666666666666 0.6 6 1.0 0.16666666666666666 0.7 6 1.0 0.16666666666666666 0.9 0 1 1
7 0.1 7 0.8571428571428571 0.14285714285714285 0.4 7 0.8571428571428571 0.14285714285714285 0.5 6 1.0 0.16666666666666666 0.6 6 1.0 0.16666666666666666 0.7 6 1.0 0.16666666666666666 0.9 0 1 1
7 0.1 8 0.875 0.125 0.4 7 0.8571428571428571 0.14285714285714285 0.5 7 0.8571428571428571 0.14285714285714285 0.6 7 0.8571428571428571 0.14285714285714285 0.7 7 0.8571428571428571 0.14285714285714285 0.9 0 1 1
7 0.1 9 0.7777777777777778 0.0 0.4 6 0.8333333333333334 0.0 0.5 6 0.8333333333333334 0.0 0.6 5 1.0 0.0 0.7 5 1.0 0.0 0.9 0 1 1
7 0.1 8 0.875 0.0 0.4 4 1.0 0.0 0.5 4 1.0 0.0 0.6 4 1.0 0.0 0.7 4 1.0 0.0 0.9 0 1 1
7 0.1 8 0.875 0.0 0.4 6 1.0 0.0 0.5 6 1.0 0.0 0.6 6 1.0 0.0 0.7 6 1.0 0.0 0.9 0 1 1
7 0.1 7 1.0 0.0 0.4 6 1.0 0.0 0.5 6 1.0 0.0 0.6 6 1.0 0.0 0.7 6 1.0 0.0 0.9 0 1 1
7 0.1 7 1.0 0.14285714285714285 0.4 6 1.0 0.16666666666666666 0.5 6 1.0 0.16666666666666666 0.6 5 1.0 0.2 0.7 5 1.0 0.2 0.9 0 1 1
7 0.1 7 1.0 0.14285714285714285 0.4 6 1.0 0.16666666666666666 0.5 6 1.0 0.16666666666666666 0.6 5 1.0 0.2 0.7 5 1.0 0.2 0.9 1 1.0 0.0
7 0.1 7 1.0 0.14285714285714285 0.4 6 1.0 0.16666666666666666 0.5 6 1.0 0.16666666666666666 0.6 6 1.0 0.16666666666666666 0.7 6 1.0 0.16666666666666666 0.9 3 1.0 0.0
7 0.1 7 1.0 0.0 0.4 6 1.0 0.0 0.5 6 1.0 0.0 0.6 6 1.0 0.0 0.7 6 1.0 0.0 0.9 1 1.0 0.0
7 0.1 7 0.8571428571428571 0.14285714285714285 0.4 7 0.8571428571428571 0.14285714285714285 0.5 7 0.8571428571428571 0.14285714285714285 0.6 6 1.0 0.16666666666666666 0.7 6 1.0 0.16666666666666666 0.9 0 1 1
7 0.1 7 1.0 0.0 0.4 5 1.0 0.0 0.5 5 1.0 0.0 0.6 5 1.0 0.0 0.7 5 1.0 0.0 0.9 0 1 1
7 0.1 7 1.0 0.0 0.4 6 1.0 0.0 0.5 6 1.0 0.0 0.6 6 1.0 0.0 0.7 5 1.0 0.0 0.9 0 1 1
7 0.1 11 0.6363636363636364 0.0 0.4 7 0.8571428571428571 0.0 0.5 7 0.8571428571428571 0.0 0.6 7 0.8571428571428571 0.0 0.7 7 0.8571428571428571 0.0 0.9 1 1.0 0.0
7 0.1 9 0.7777777777777778 0.0 0.4 8 0.875 0.0 0.5 7 0.8571428571428571 0.0 0.6 7 0.8571428571428571 0.0 0.7 6 1.0 0.0 0.9 1 1.0 0.0
7 0.1 7 1.0 0.14285714285714285 0.4 6 1.0 0.16666666666666666 0.5 5 1.0 0.2 0.6 5 1.0 0.2 0.7 5 1.0 0.2 0.9 1 1.0 0.0
