27 0.1 0 1 1 0.4 0 1 1 0.5 0 1 1 0.6 0 1 1 0.7 0 1 1 0.9 0 1 1
27 0.1 37 0.08108108108108109 0.0 0.4 1 0.0 0.0 0.5 0 1 1 0.6 0 1 1 0.7 0 1 1 0.9 0 1 1
27 0.1 93 0.08602150537634409 0.0 0.4 5 0.2 0.0 0.5 2 0.0 0.0 0.6 1 0.0 0.0 0.7 0 1 1 0.9 0 1 1
27 0.1 136 0.11029411764705882 0.0 0.4 22 0.22727272727272727 0.0 0.5 10 0.2 0.0 0.6 5 0.2 0.0 0.7 1 0.0 0.0 0.9 0 1 1
27 0.1 377 0.06631299734748011 0.0 0.4 90 0.16666666666666666 0.0 0.5 45 0.2222222222222222 0.0 0.6 20 0.35 0.0 0.7 4 0.5 0.0 0.9 0 1 1
27 0.1 168 0.125 0.0 0.4 21 0.14285714285714285 0.0 0.5 8 0.0 0.0 0.6 1 0.0 0.0 0.7 0 1 1 0.9 0 1 1
27 0.1 171 0.13450292397660818 0.0 0.4 39 0.3333333333333333 0.0 0.5 17 0.47058823529411764 0.0 0.6 2 1.0 0.0 0.7 1 1.0 0.0 0.9 0 1 1
27 0.1 117 0.18803418803418803 0.0 0.4 1 1.0 0.0 0.5 0 1 1 0.6 0 1 1 0.7 0 1 1 0.9 0 1 1
27 0.1 96 0.17708333333333334 0.0 0.4 30 0.36666666666666664 0.0 0.5 16 0.375 0.0 0.6 5 0.2 0.0 0.7 0 1 1 0.9 0 1 1
27 0.1 93 0.22580645161290322 0.0 0.4 17 0.5294117647058824 0.0 0.5 9 0.8888888888888888 0.0 0.6 1 1.0 0.0 0.7 0 1 1 0.9 0 1 1
27 0.1 111 0.1981981981981982 0.0 0.4 31 0.45161290322580644 0.0 0.5 21 0.47619047619047616 0.0 0.6 14 0.5 0.0 0.7 1 1.0 0.0 0.9 0 1 1
27 0.1 64 0.3125 0.0 0.4 29 0.3448275862068966 0.0 0.5 15 0.5333333333333333 0.0 0.6 4 0.75 0.0 0.7 1 1.0 0.0 0.9 0 1 1
27 0.1 9 0.7777777777777778 0.0 0.4 1 1.0 0.0 0.5 1 1.0 0.0 0.6 0 1 1 0.7 0 1 1 0.9 0 1 1
27 0.1 17 0.5294117647058824 0.0 0.4 5 0.6 0.0 0.5 2 0.5 0.0 0.6 0 1 1 0.7 0 1 1 0.9 0 1 1
27 0.1 80 0.3125 0.0 0.4 40 0.5 0.0 0.5 32 0.53125 0.0 0.6 22 0.6818181818181818 0.0 0.7 14 0.9285714285714286 0.0 0.9 0 1 1
27 0.1 59 0.4067796610169492 0.0 0.4 30 0.6 0.0 0.5 25 0.68 0.0 0.6 21 0.7142857142857143 0.0 0.7 9 1.0 0.0 0.9 0 1 1
27 0.1 42 0.4523809523809524 0.0 0.4 16 0.75 0.0 0.5 12 0.75 0.0 0.6 9 0.7777777777777778 0.0 0.7 2 1.0 0.0 0.9 0 1 1
27 0.1 61 0.3442622950819672 0.0 0.4 27 0.5555555555555556 0.0 0.5 18 0.6111111111111112 0.0 0.6 11 0.6363636363636364 0.0 0.7 4 0.5 0.0 0.9 0 1 1
27 0.1 4 0.5 0.0 0.4 0 1 1 0.5 0 1 1 0.6 0 1 1 0.7 0 1 1 0.9 0 1 1
27 0.1 55 0.36363636363636365 0.0 0.4 17 0.5882352941176471 0.0 0.5 11 0.7272727272727273 0.0 0.6 6 1.0 0.0 0.7 2 1.0 0.0 0.9 0 1 1
27 0.1 26 0.46153846153846156 0.0 0.4 5 0.4 0.0 0.5 0 1 1 0.6 0 1 1 0.7 0 1 1 0.9 0 1 1
27 0.1 22 0.6363636363636364 0.0 0.4 4 1.0 0.0 0.5 1 1.0 0.0 0.6 0 1 1 0.7 0 1 1 0.9 0 1 1
27 0.1 53 0.4716981132075472 0.0 0.4 26 0.7307692307692307 0.0 0.5 22 0.8181818181818182 0.0 0.6 18 0.8333333333333334 0.0 0.7 12 1.0 0.0 0.9 0 1 1
27 0.1 1 1.0 0.0 0.4 0 1 1 0.5 0 1 1 0.6 0 1 1 0.7 0 1 1 0.9 0 1 1
27 0.1 75 0.32 0.0 0.4 25 0.6 0.0 0.5 18 0.7222222222222222 0.0 0.6 8 0.875 0.0 0.7 3 1.0 0.0 0.9 0 1 1
27 0.1 41 0.4634146341463415 0.0 0.4 21 0.6190476190476191 0.0 0.5 18 0.7222222222222222 0.0 0.6 16 0.6875 0.0 0.7 9 0.5555555555555556 0.0 0.9 0 1 1
27 0.1 31 0.6129032258064516 0.0 0.4 18 0.7777777777777778 0.0 0.5 14 0.7142857142857143 0.0 0.6 9 0.7777777777777778 0.0 0.7 6 0.6666666666666666 0.0 0.9 0 1 1
27 0.1 0 1 1 0.4 0 1 1 0.5 0 1 1 0.6 0 1 1 0.7 0 1 1 0.9 0 1 1
27 0.1 0 1 1 0.4 0 1 1 0.5 0 1 1 0.6 0 1 1 0.7 0 1 1 0.9 0 1 1
27 0.1 2 0.0 0.0 0.4 0 1 1 0.5 0 1 1 0.6 0 1 1 0.7 0 1 1 0.9 0 1 1
27 0.1 10 0.2 0.0 0.4 0 1 1 0.5 0 1 1 0.6 0 1 1 0.7 0 1 1 0.9 0 1 1
27 0.1 38 0.2631578947368421 0.0 0.4 1 1.0 0.0 0.5 1 1.0 0.0 0.6 0 1 1 0.7 0 1 1 0.9 0 1 1
27 0.1 0 1 1 0.4 0 1 1 0.5 0 1 1 0.6 0 1 1 0.7 0 1 1 0.9 0 1 1
27 0.1 0 1 1 0.4 0 1 1 0.5 0 1 1 0.6 0 1 1 0.7 0 1 1 0.9 0 1 1
27 0.1 18 0.5555555555555556 0.0 0.4 2 1.0 0.0 0.5 1 1.0 0.0 0.6 1 1.0 0.0 0.7 0 1 1 0.9 0 1 1
27 0.1 2 0.0 0.0 0.4 0 1 1 0.5 0 1 1 0.6 0 1 1 0.7 0 1 1 0.9 0 1 1
27 0.1 45 0.3333333333333333 0.0 0.4 12 0.6666666666666666 0.0 0.5 8 0.625 0.0 0.6 2 0.5 0.0 0.7 0 1 1 0.9 0 1 1
27 0.1 50 0.46 0.0 0.4 12 1.0 0.0 0.5 10 1.0 0.0 0.6 5 1.0 0.0 0.7 1 1.0 0.0 0.9 0 1 1
27 0.1 36 0.5 0.0 0.4 2 1.0 0.0 0.5 0 1 1 0.6 0 1 1 0.7 0 1 1 0.9 0 1 1
27 0.1 16 0.1875 0.0 0.4 4 0.0 0.0 0.5 0 1 1 0.6 0 1 1 0.7 0 1 1 0.9 0 1 1
27 0.1 31 0.7096774193548387 0.0 0.4 8 1.0 0.0 0.5 7 1.0 0.0 0.6 3 1.0 0.0 0.7 0 1 1 0.9 0 1 1
27 0.1 42 0.47619047619047616 0.023809523809523808 0.4 12 0.9166666666666666 0.08333333333333333 0.5 8 1.0 0.0 0.6 4 1.0 0.0 0.7 1 1.0 0.0 0.9 0 1 1
27 0.1 43 0.3023255813953488 0.0 0.4 4 1.0 0.0 0.5 1 1.0 0.0 0.6 0 1 1 0.7 0 1 1 0.9 0 1 1
27 0.1 26 0.7692307692307693 0.0 0.4 11 0.9090909090909091 0.0 0.5 7 1.0 0.0 0.6 1 1.0 0.0 0.7 1 1.0 0.0 0.9 0 1 1
27 0.1 18 0.8888888888888888 0.05555555555555555 0.4 9 0.8888888888888888 0.0 0.5 4 1.0 0.0 0.6 4 1.0 0.0 0.7 0 1 1 0.9 0 1 1
27 0.1 32 0.71875 0.0 0.4 18 0.8888888888888888 0.0 0.5 15 0.8666666666666667 0.0 0.6 8 0.875 0.0 0.7 5 1.0 0.0 0.9 0 1 1
27 0.1 74 0.2702702702702703 0.0 0.4 11 0.9090909090909091 0.0 0.5 7 0.8571428571428571 0.0 0.6 4 0.75 0.0 0.7 1 1.0 0.0 0.9 0 1 1
27 0.1 0 1 1 0.4 0 1 1 0.5 0 1 1 0.6 0 1 1 0.7 0 1 1 0.9 0 1 1
27 0.1 31 0.7419354838709677 0.0 0.4 13 0.8461538461538461 0.0 0.5 10 1.0 0.0 0.6 9 1.0 0.0 0.7 1 1.0 0.0 0.9 0 1 1
27 0.1 36 0.6388888888888888 0.027777777777777776 0.4 18 0.8888888888888888 0.05555555555555555 0.5 13 0.8461538461538461 0.07692307692307693 0.6 9 0.8888888888888888 0.1111111111111111 0.7 7 1.0 0.14285714285714285 0.9 0 1 1
27 0.1 21 0.9047619047619048 0.09523809523809523 0.4 4 1.0 0.25 0.5 2 1.0 0.5 0.6 1 1.0 1.0 0.7 0 1 1 0.9 0 1 1
27 0.1 29 0.7586206896551724 0.0 0.4 15 0.8 0.0 0.5 12 1.0 0.0 0.6 8 1.0 0.0 0.7 3 1.0 0.0 0.9 0 1 1
27 0.1 24 0.7916666666666666 0.041666666666666664 0.4 11 1.0 0.0 0.5 9 1.0 0.0 0.6 5 1.0 0.0 0.7 5 1.0 0.0 0.9 0 1 1
27 0.1 25 0.8 0.0 0.4 11 1.0 0.0 0.5 8 1.0 0.0 0.6 5 1.0 0.0 0.7 4 1.0 0.0 0.9 0 1 1
27 0.1 33 0.7272727272727273 0.0 0.4 18 0.8333333333333334 0.0 0.5 16 0.9375 0.0 0.6 14 0.9285714285714286 0.0 0.7 10 1.0 0.0 0.9 0 1 1
27 0.1 27 0.7777777777777778 0.0 0.4 12 0.9166666666666666 0.0 0.5 11 1.0 0.0 0.6 10 1.0 0.0 0.7 9 1.0 0.0 0.9 0 1 1
27 0.1 47 0.48936170212765956 0.0 0.4 19 0.7894736842105263 0.0 0.5 13 1.0 0.0 0.6 8 1.0 0.0 0.7 2 1.0 0.0 0.9 0 1 1
27 0.1 44 0.5454545454545454 0.0 0.4 22 0.8636363636363636 0.0 0.5 19 0.9473684210526315 0.0 0.6 16 0.9375 0.0 0.7 10 1.0 0.0 0.9 0 1 1
27 0.1 35 0.6571428571428571 0.0 0.4 20 0.95 0.0 0.5 14 1.0 0.0 0.6 9 1.0 0.0 0.7 8 1.0 0.0 0.9 0 1 1
27 0.1 43 0.5581395348837209 0.023255813953488372 0.4 20 0.9 0.05 0.5 14 0.9285714285714286 0.0 0.6 12 0.9166666666666666 0.0 0.7 7 1.0 0.0 0.9 0 1 1
27 0.1 36 0.6666666666666666 0.027777777777777776 0.4 21 0.9523809523809523 0.047619047619047616 0.5 15 1.0 0.06666666666666667 0.6 12 1.0 0.08333333333333333 0.7 4 1.0 0.25 0.9 0 1 1
27 0.1 86 0.27906976744186046 0.0 0.4 24 0.75 0.0 0.5 16 0.9375 0.0 0.6 10 1.0 0.0 0.7 3 1.0 0.0 0.9 0 1 1
27 0.1 57 0.43859649122807015 0.0 0.4 25 0.84 0.0 0.5 20 0.95 0.0 0.6 15 1.0 0.0 0.7 11 1.0 0.0 0.9 0 1 1
27 0.1 46 0.5217391304347826 0.0 0.4 14 1.0 0.0 0.5 10 1.0 0.0 0.6 3 1.0 0.0 0.7 3 1.0 0.0 0.9 0 1 1
27 0.1 43 0.5813953488372093 0.023255813953488372 0.4 22 0.7727272727272727 0.0 0.5 16 1.0 0.0 0.6 12 1.0 0.0 0.7 7 1.0 0.0 0.9 1 1.0 0.0
27 0.1 34 0.6764705882352942 0.0 0.4 16 0.9375 0.0 0.5 13 1.0 0.0 0.6 9 1.0 0.0 0.7 6 1.0 0.0 0.9 0 1 1
27 0.1 31 0.7419354838709677 0.03225806451612903 0.4 16 0.9375 0.0 0.5 13 1.0 0.0 0.6 10 1.0 0.0 0.7 5 1.0 0.0 0.9 0 1 1
27 0.1 54 0.4444444444444444 0.0 0.4 23 0.9130434782608695 0.0 0.5 16 1.0 0.0 0.6 13 1.0 0.0 0.7 7 1.0 0.0 0.9 0 1 1
27 0.1 46 0.5434782608695652 0.043478260869565216 0.4 24 0.875 0.08333333333333333 0.5 22 0.9090909090909091 0.09090909090909091 0.6 16 1.0 0.125 0.7 12 1.0 0.16666666666666666 0.9 0 1 1
27 0.1 30 0.7333333333333333 0.03333333333333333 0.4 21 0.9047619047619048 0.047619047619047616 0.5 17 0.9411764705882353 0.058823529411764705 0.6 15 0.9333333333333333 0.06666666666666667 0.7 14 0.9285714285714286 0.07142857142857142 0.9 0 1 1
27 0.1 34 0.7058823529411765 0.029411764705882353 0.4 21 0.9523809523809523 0.047619047619047616 0.5 19 0.9473684210526315 0.05263157894736842 0.6 17 0.9411764705882353 0.058823529411764705 0.7 10 1.0 0.1 0.9 0 1 1
27 0.1 40 0.625 0.0 0.4 19 0.8947368421052632 0.0 0.5 18 0.9444444444444444 0.0 0.6 12 1.0 0.0 0.7 6 1.0 0.0 0.9 0 1 1
27 0.1 32 0.71875 0.03125 0.4 14 0.9285714285714286 0.0 0.5 11 1.0 0.0 0.6 9 1.0 0.0 0.7 2 1.0 0.0 0.9 0 1 1
27 0.1 76 0.32894736842105265 0.0 0.4 31 0.7096774193548387 0.0 0.5 20 0.9 0.0 0.6 14 1.0 0.0 0.7 11 1.0 0.0 0.9 0 1 1
27 0.1 34 0.6764705882352942 0.0 0.4 16 0.9375 0.0 0.5 12 1.0 0.0 0.6 9 1.0 0.0 0.7 7 1.0 0.0 0.9 0 1 1
27 0.1 45 0.5333333333333333 0.0 0.4 22 0.9545454545454546 0.0 0.5 16 1.0 0.0 0.6 15 1.0 0.0 0.7 11 1.0 0.0 0.9 0 1 1
27 0.1 41 0.5853658536585366 0.04878048780487805 0.4 23 0.9130434782608695 0.08695652173913043 0.5 20 1.0 0.1 0.6 13 1.0 0.07692307692307693 0.7 8 1.0 0.0 0.9 0 1 1
27 0.1 42 0.5952380952380952 0.023809523809523808 0.4 29 0.7586206896551724 0.034482758620689655 0.5 24 0.8333333333333334 0.041666666666666664 0.6 21 0.9523809523809523 0.047619047619047616 0.7 17 1.0 0.058823529411764705 0.9 0 1 1
27 0.1 39 0.5897435897435898 0.0 0.4 28 0.8214285714285714 0.0 0.5 21 0.9047619047619048 0.0 0.6 14 1.0 0.0 0.7 13 1.0 0.0 0.9 0 1 1
27 0.1 94 0.2872340425531915 0.0 0.4 22 0.7727272727272727 0.0 0.5 18 0.8888888888888888 0.0 0.6 12 1.0 0.0 0.7 8 1.0 0.0 0.9 0 1 1
27 0.1 35 0.6571428571428571 0.0 0.4 21 0.9047619047619048 0.0 0.5 18 0.9444444444444444 0.0 0.6 15 1.0 0.0 0.7 13 1.0 0.0 0.9 0 1 1
27 0.1 31 0.7419354838709677 0.0 0.4 17 1.0 0.0 0.5 15 1.0 0.0 0.6 12 1.0 0.0 0.7 9 1.0 0.0 0.9 0 1 1
27 0.1 32 0.71875 0.0 0.4 19 0.9473684210526315 0.0 0.5 17 1.0 0.0 0.6 16 1.0 0.0 0.7 12 1.0 0.0 0.9 0 1 1
27 0.1 45 0.5555555555555556 0.022222222222222223 0.4 26 0.8076923076923077 0.038461538461538464 0.5 22 0.9090909090909091 0.045454545454545456 0.6 20 0.95 0.0 0.7 17 0.9411764705882353 0.0 0.9 0 1 1
27 0.1 38 0.6052631578947368 0.0 0.4 24 0.8333333333333334 0.0 0.5 21 0.8571428571428571 0.0 0.6 17 1.0 0.0 0.7 12 1.0 0.0 0.9 0 1 1
27 0.1 34 0.6470588235294118 0.058823529411764705 0.4 20 0.9 0.05 0.5 17 0.9411764705882353 0.058823529411764705 0.6 17 0.9411764705882353 0.058823529411764705 0.7 11 1.0 0.09090909090909091 0.9 0 1 1
27 0.1 34 0.7058823529411765 0.058823529411764705 0.4 24 0.875 0.08333333333333333 0.5 21 0.9047619047619048 0.09523809523809523 0.6 18 0.9444444444444444 0.1111111111111111 0.7 13 1.0 0.15384615384615385 0.9 0 1 1
27 0.1 38 0.631578947368421 0.02631578947368421 0.4 24 0.8333333333333334 0.041666666666666664 0.5 20 0.95 0.05 0.6 19 0.9473684210526315 0.05263157894736842 0.7 16 0.9375 0.0625 0.9 0 1 1
27 0.1 38 0.631578947368421 0.05263157894736842 0.4 25 0.84 0.08 0.5 17 0.9411764705882353 0.11764705882352941 0.6 14 1.0 0.14285714285714285 0.7 12 1.0 0.16666666666666666 0.9 0 1 1
27 0.1 33 0.696969696969697 0.0 0.4 25 0.76 0.0 0.5 21 0.8571428571428571 0.0 0.6 15 1.0 0.0 0.7 12 1.0 0.0 0.9 0 1 1
27 0.1 36 0.6388888888888888 0.05555555555555555 0.4 28 0.8214285714285714 0.07142857142857142 0.5 24 0.9166666666666666 0.08333333333333333 0.6 20 0.95 0.1 0.7 16 1.0 0.125 0.9 0 1 1
27 0.1 42 0.6190476190476191 0.0 0.4 30 0.8 0.0 0.5 27 0.7777777777777778 0.0 0.6 23 0.9130434782608695 0.0 0.7 19 1.0 0.0 0.9 0 1 1
27 0.1 36 0.6666666666666666 0.027777777777777776 0.4 23 0.8695652173913043 0.043478260869565216 0.5 22 0.9090909090909091 0.045454545454545456 0.6 20 0.95 0.05 0.7 14 0.9285714285714286 0.0 0.9 0 1 1
27 0.1 40 0.6 0.0 0.4 27 0.7777777777777778 0.0 0.5 24 0.8333333333333334 0.0 0.6 23 0.8695652173913043 0.0 0.7 19 0.8947368421052632 0.0 0.9 0 1 1
27 0.1 39 0.6153846153846154 0.07692307692307693 0.4 27 0.8148148148148148 0.1111111111111111 0.5 24 0.9166666666666666 0.125 0.6 22 0.9545454545454546 0.13636363636363635 0.7 18 0.9444444444444444 0.1111111111111111 0.9 0 1 1
27 0.1 36 0.6666666666666666 0.027777777777777776 0.4 26 0.8461538461538461 0.038461538461538464 0.5 24 0.9166666666666666 0.041666666666666664 0.6 22 0.9090909090909091 0.045454545454545456 0.7 17 0.9411764705882353 0.058823529411764705 0.9 0 1 1
27 0.1 45 0.5333333333333333 0.0 0.4 33 0.696969696969697 0.0 0.5 24 0.875 0.0 0.6 20 0.95 0.0 0.7 15 1.0 0.0 0.9 0 1 1
27 0.1 30 0.7333333333333333 0.06666666666666667 0.4 22 0.8636363636363636 0.09090909090909091 0.5 18 0.8888888888888888 0.0 0.6 17 0.8823529411764706 0.0 0.7 14 0.8571428571428571 0.0 0.9 0 1 1
27 0.1 34 0.7058823529411765 0.08823529411764706 0.4 21 0.8571428571428571 0.14285714285714285 0.5 20 0.9 0.15 0.6 17 0.9411764705882353 0.17647058823529413 0.7 11 1.0 0.18181818181818182 0.9 0 1 1
27 0.1 33 0.696969696969697 0.030303030303030304 0.4 23 0.8695652173913043 0.043478260869565216 0.5 20 0.9 0.05 0.6 19 0.9473684210526315 0.05263157894736842 0.7 12 0.9166666666666666 0.0 0.9 0 1 1
27 0.1 30 0.7 0.03333333333333333 0.4 21 0.9047619047619048 0.047619047619047616 0.5 18 0.9444444444444444 0.0 0.6 16 0.9375 0.0 0.7 11 1.0 0.0 0.9 0 1 1
27 0.1 32 0.71875 0.03125 0.4 23 0.8260869565217391 0.043478260869565216 0.5 23 0.8260869565217391 0.043478260869565216 0.6 19 0.8947368421052632 0.0 0.7 14 0.9285714285714286 0.0 0.9 0 1 1
27 0.1 38 0.6052631578947368 0.02631578947368421 0.4 29 0.7931034482758621 0.034482758620689655 0.5 26 0.8846153846153846 0.038461538461538464 0.6 25 0.88 0.04 0.7 20 0.9 0.05 0.9 1 1.0 0.0
27 0.1 30 0.7666666666666667 0.0 0.4 25 0.88 0.0 0.5 21 0.9047619047619048 0.0 0.6 21 0.9047619047619048 0.0 0.7 19 0.9473684210526315 0.0 0.9 1 1.0 0.0
27 0.1 36 0.6388888888888888 0.05555555555555555 0.4 27 0.8518518518518519 0.07407407407407407 0.5 23 0.9130434782608695 0.08695652173913043 0.6 21 0.9047619047619048 0.09523809523809523 0.7 18 0.9444444444444444 0.1111111111111111 0.9 1 1.0 0.0
27 0.1 37 0.6486486486486487 0.0 0.4 24 0.9166666666666666 0.0 0.5 23 0.9130434782608695 0.0 0.6 20 1.0 0.0 0.7 12 1.0 0.0 0.9 0 1 1
27 0.1 33 0.696969696969697 0.0 0.4 29 0.7931034482758621 0.0 0.5 26 0.8846153846153846 0.0 0.6 23 0.8695652173913043 0.0 0.7 18 0.8888888888888888 0.0 0.9 1 1.0 0.0
27 0.1 31 0.7419354838709677 0.0 0.4 23 0.8260869565217391 0.0 0.5 21 0.8571428571428571 0.0 0.6 18 0.9444444444444444 0.0 0.7 17 0.9411764705882353 0.0 0.9 0 1 1
27 0.1 33 0.7272727272727273 0.12121212121212122 0.4 24 0.875 0.16666666666666666 0.5 21 0.9047619047619048 0.19047619047619047 0.6 19 0.9473684210526315 0.15789473684210525 0.7 17 0.9411764705882353 0.17647058823529413 0.9 1 1.0 0.0
27 0.1 40 0.625 0.0 0.4 30 0.8 0.0 0.5 28 0.8214285714285714 0.0 0.6 25 0.88 0.0 0.7 23 0.9130434782608695 0.0 0.9 0 1 1
27 0.1 30 0.7666666666666667 0.03333333333333333 0.4 23 0.9565217391304348 0.043478260869565216 0.5 20 1.0 0.05 0.6 19 1.0 0.05263157894736842 0.7 17 1.0 0.058823529411764705 0.9 0 1 1
27 0.1 37 0.6486486486486487 0.05405405405405406 0.4 24 0.875 0.08333333333333333 0.5 23 0.9130434782608695 0.08695652173913043 0.6 21 0.9523809523809523 0.09523809523809523 0.7 19 0.9473684210526315 0.10526315789473684 0.9 0 1 1
27 0.1 33 0.696969696969697 0.030303030303030304 0.4 27 0.8148148148148148 0.037037037037037035 0.5 22 0.9090909090909091 0.045454545454545456 0.6 19 0.9473684210526315 0.05263157894736842 0.7 15 1.0 0.06666666666666667 0.9 0 1 1
27 0.1 39 0.6153846153846154 0.0 0.4 31 0.7419354838709677 0.0 0.5 27 0.8148148148148148 0.0 0.6 23 0.8695652173913043 0.0 0.7 16 0.9375 0.0 0.9 1 1.0 0.0
27 0.1 33 0.7272727272727273 0.06060606060606061 0.4 23 0.9130434782608695 0.08695652173913043 0.5 21 0.9523809523809523 0.09523809523809523 0.6 21 0.9523809523809523 0.09523809523809523 0.7 19 0.9473684210526315 0.10526315789473684 0.9 0 1 1
27 0.1 35 0.6857142857142857 0.02857142857142857 0.4 27 0.8148148148148148 0.037037037037037035 0.5 23 0.8695652173913043 0.043478260869565216 0.6 21 0.8571428571428571 0.047619047619047616 0.7 17 0.9411764705882353 0.058823529411764705 0.9 0 1 1
27 0.1 35 0.6571428571428571 0.0 0.4 27 0.8148148148148148 0.0 0.5 26 0.8461538461538461 0.0 0.6 23 0.9130434782608695 0.0 0.7 19 0.8947368421052632 0.0 0.9 0 1 1
27 0.1 32 0.75 0.03125 0.4 27 0.8518518518518519 0.037037037037037035 0.5 24 0.9166666666666666 0.041666666666666664 0.6 24 0.9166666666666666 0.041666666666666664 0.7 22 0.9545454545454546 0.045454545454545456 0.9 0 1 1
27 0.1 30 0.7666666666666667 0.0 0.4 23 0.9130434782608695 0.0 0.5 23 0.9130434782608695 0.0 0.6 21 0.9047619047619048 0.0 0.7 20 0.95 0.0 0.9 0 1 1
27 0.1 30 0.7666666666666667 0.06666666666666667 0.4 24 0.875 0.08333333333333333 0.5 21 0.9523809523809523 0.09523809523809523 0.6 18 1.0 0.1111111111111111 0.7 13 1.0 0.15384615384615385 0.9 0 1 1
27 0.1 31 0.7741935483870968 0.0 0.4 23 0.8695652173913043 0.0 0.5 23 0.8695652173913043 0.0 0.6 21 0.9523809523809523 0.0 0.7 17 1.0 0.0 0.9 0 1 1
27 0.1 30 0.7333333333333333 0.03333333333333333 0.4 20 0.95 0.05 0.5 14 1.0 0.07142857142857142 0.6 13 1.0 0.07692307692307693 0.7 10 1.0 0.1 0.9 0 1 1
27 0.1 30 0.7666666666666667 0.03333333333333333 0.4 19 0.9473684210526315 0.05263157894736842 0.5 18 0.9444444444444444 0.05555555555555555 0.6 14 0.9285714285714286 0.0 0.7 8 1.0 0.0 0.9 0 1 1
27 0.1 30 0.7666666666666667 0.03333333333333333 0.4 23 0.8695652173913043 0.043478260869565216 0.5 22 0.9090909090909091 0.045454545454545456 0.6 22 0.9090909090909091 0.045454545454545456 0.7 17 0.8823529411764706 0.0 0.9 0 1 1
27 0.1 30 0.7666666666666667 0.0 0.4 26 0.8461538461538461 0.0 0.5 23 0.9130434782608695 0.0 0.6 19 0.9473684210526315 0.0 0.7 15 1.0 0.0 0.9 0 1 1
27 0.1 32 0.71875 0.03125 0.4 27 0.8148148148148148 0.037037037037037035 0.5 26 0.8461538461538461 0.038461538461538464 0.6 25 0.84 0.04 0.7 22 0.9545454545454546 0.045454545454545456 0.9 0 1 1
27 0.1 29 0.7586206896551724 0.034482758620689655 0.4 25 0.88 0.04 0.5 23 0.9565217391304348 0.043478260869565216 0.6 20 0.95 0.05 0.7 18 0.9444444444444444 0.05555555555555555 0.9 0 1 1
27 0.1 31 0.7096774193548387 0.03225806451612903 0.4 24 0.8333333333333334 0.041666666666666664 0.5 20 0.9 0.05 0.6 20 0.9 0.05 0.7 17 0.8823529411764706 0.058823529411764705 0.9 0 1 1
27 0.1 31 0.7419354838709677 0.03225806451612903 0.4 23 0.8695652173913043 0.043478260869565216 0.5 20 0.95 0.05 0.6 18 0.9444444444444444 0.0 0.7 16 0.9375 0.0 0.9 0 1 1
27 0.1 35 0.6857142857142857 0.0 0.4 27 0.8518518518518519 0.0 0.5 23 0.9130434782608695 0.0 0.6 21 0.9523809523809523 0.0 0.7 20 1.0 0.0 0.9 1 1.0 0.0
27 0.1 34 0.6764705882352942 0.0 0.4 24 0.875 0.0 0.5 23 0.8695652173913043 0.0 0.6 20 0.95 0.0 0.7 18 1.0 0.0 0.9 1 1.0 0.0
27 0.1 30 0.7333333333333333 0.06666666666666667 0.4 22 0.9545454545454546 0.09090909090909091 0.5 21 0.9523809523809523 0.09523809523809523 0.6 20 0.95 0.1 0.7 16 1.0 0.125 0.9 0 1 1
27 0.1 30 0.7666666666666667 0.06666666666666667 0.4 20 0.95 0.1 0.5 18 1.0 0.1111111111111111 0.6 16 1.0 0.125 0.7 13 1.0 0.07692307692307693 0.9 0 1 1
27 0.1 28 0.8214285714285714 0.0 0.4 22 0.9545454545454546 0.0 0.5 20 0.95 0.0 0.6 18 1.0 0.0 0.7 18 1.0 0.0 0.9 0 1 1
27 0.1 29 0.7586206896551724 0.034482758620689655 0.4 23 0.9130434782608695 0.043478260869565216 0.5 21 0.9523809523809523 0.047619047619047616 0.6 18 1.0 0.05555555555555555 0.7 17 1.0 0.058823529411764705 0.9 0 1 1
27 0.1 30 0.7666666666666667 0.06666666666666667 0.4 25 0.88 0.08 0.5 25 0.88 0.08 0.6 20 1.0 0.1 0.7 17 1.0 0.058823529411764705 0.9 0 1 1
27 0.1 31 0.7419354838709677 0.0967741935483871 0.4 21 0.9523809523809523 0.14285714285714285 0.5 20 0.95 0.15 0.6 17 1.0 0.17647058823529413 0.7 17 1.0 0.17647058823529413 0.9 0 1 1
27 0.1 29 0.7931034482758621 0.034482758620689655 0.4 20 0.95 0.05 0.5 20 0.95 0.05 0.6 18 0.9444444444444444 0.05555555555555555 0.7 15 1.0 0.06666666666666667 0.9 0 1 1
27 0.1 31 0.7741935483870968 0.06451612903225806 0.4 20 0.95 0.05 0.5 19 0.9473684210526315 0.05263157894736842 0.6 19 0.9473684210526315 0.05263157894736842 0.7 18 0.9444444444444444 0.05555555555555555 0.9 0 1 1
27 0.1 38 0.631578947368421 0.07894736842105263 0.4 29 0.7931034482758621 0.10344827586206896 0.5 27 0.8518518518518519 0.1111111111111111 0.6 26 0.8461538461538461 0.07692307692307693 0.7 24 0.9166666666666666 0.08333333333333333 0.9 1 1.0 0.0
27 0.1 28 0.7857142857142857 0.07142857142857142 0.4 24 0.875 0.08333333333333333 0.5 21 0.9523809523809523 0.09523809523809523 0.6 19 0.9473684210526315 0.10526315789473684 0.7 18 1.0 0.1111111111111111 0.9 0 1 1
27 0.1 28 0.7857142857142857 0.0 0.4 22 0.8636363636363636 0.0 0.5 20 0.95 0.0 0.6 19 0.9473684210526315 0.0 0.7 17 0.9411764705882353 0.0 0.9 0 1 1
27 0.1 31 0.7741935483870968 0.03225806451612903 0.4 22 0.8636363636363636 0.045454545454545456 0.5 21 0.9047619047619048 0.047619047619047616 0.6 20 0.9 0.05 0.7 15 1.0 0.06666666666666667 0.9 0 1 1
27 0.1 27 0.7777777777777778 0.0 0.4 21 0.9047619047619048 0.0 0.5 18 1.0 0.0 0.6 16 1.0 0.0 0.7 14 1.0 0.0 0.9 0 1 1
27 0.1 25 0.84 0.04 0.4 21 0.9047619047619048 0.0 0.5 18 0.9444444444444444 0.0 0.6 16 1.0 0.0 0.7 14 1.0 0.0 0.9 0 1 1
27 0.1 30 0.7666666666666667 0.0 0.4 20 0.95 0.0 0.5 20 0.95 0.0 0.6 20 0.95 0.0 0.7 19 0.9473684210526315 0.0 0.9 0 1 1
27 0.1 31 0.7096774193548387 0.03225806451612903 0.4 22 0.9545454545454546 0.045454545454545456 0.5 22 0.9545454545454546 0.045454545454545456 0.6 21 0.9523809523809523 0.047619047619047616 0.7 20 1.0 0.05 0.9 0 1 1
27 0.1 27 0.8148148148148148 0.0 0.4 22 1.0 0.0 0.5 19 1.0 0.0 0.6 19 1.0 0.0 0.7 19 1.0 0.0 0.9 0 1 1
27 0.1 36 0.6666666666666666 0.05555555555555555 0.4 25 0.84 0.08 0.5 24 0.875 0.08333333333333333 0.6 22 0.9545454545454546 0.09090909090909091 0.7 20 0.95 0.1 0.9 1 1.0 0.0
27 0.1 35 0.6857142857142857 0.05714285714285714 0.4 25 0.84 0.08 0.5 23 0.9130434782608695 0.08695652173913043 0.6 21 0.9523809523809523 0.09523809523809523 0.7 20 1.0 0.1 0.9 0 1 1
27 0.1 30 0.7 0.1 0.4 21 0.9523809523809523 0.14285714285714285 0.5 20 1.0 0.15 0.6 20 1.0 0.15 0.7 17 1.0 0.17647058823529413 0.9 0 1 1
27 0.1 28 0.75 0.07142857142857142 0.4 23 0.9130434782608695 0.08695652173913043 0.5 22 0.9090909090909091 0.09090909090909091 0.6 19 1.0 0.10526315789473684 0.7 17 1.0 0.058823529411764705 0.9 0 1 1
27 0.1 29 0.6896551724137931 0.034482758620689655 0.4 21 0.8571428571428571 0.047619047619047616 0.5 20 0.9 0.05 0.6 18 0.9444444444444444 0.05555555555555555 0.7 16 1.0 0.0 0.9 0 1 1
27 0.1 26 0.8076923076923077 0.038461538461538464 0.4 20 1.0 0.0 0.5 20 1.0 0.0 0.6 17 1.0 0.0 0.7 16 1.0 0.0 0.9 0 1 1
27 0.1 28 0.75 0.03571428571428571 0.4 20 1.0 0.05 0.5 20 1.0 0.05 0.6 16 1.0 0.0625 0.7 16 1.0 0.0625 0.9 0 1 1
27 0.1 33 0.6666666666666666 0.06060606060606061 0.4 23 0.9130434782608695 0.08695652173913043 0.5 22 0.9090909090909091 0.09090909090909091 0.6 21 0.9523809523809523 0.09523809523809523 0.7 19 1.0 0.05263157894736842 0.9 0 1 1
27 0.1 29 0.7241379310344828 0.034482758620689655 0.4 22 0.9545454545454546 0.045454545454545456 0.5 21 0.9523809523809523 0.047619047619047616 0.6 20 0.95 0.0 0.7 16 1.0 0.0 0.9 0 1 1
27 0.1 30 0.7 0.1 0.4 23 0.9130434782608695 0.13043478260869565 0.5 22 0.9545454545454546 0.13636363636363635 0.6 21 0.9523809523809523 0.14285714285714285 0.7 18 1.0 0.1111111111111111 0.9 0 1 1
27 0.1 29 0.7241379310344828 0.034482758620689655 0.4 25 0.84 0.04 0.5 22 0.9090909090909091 0.045454545454545456 0.6 22 0.9090909090909091 0.045454545454545456 0.7 21 0.9047619047619048 0.047619047619047616 0.9 1 1.0 0.0
27 0.1 29 0.7241379310344828 0.06896551724137931 0.4 24 0.875 0.08333333333333333 0.5 23 0.9130434782608695 0.08695652173913043 0.6 22 0.9090909090909091 0.045454545454545456 0.7 22 0.9090909090909091 0.045454545454545456 0.9 1 1.0 0.0
27 0.1 27 0.7407407407407407 0.037037037037037035 0.4 22 0.9090909090909091 0.045454545454545456 0.5 21 0.9047619047619048 0.047619047619047616 0.6 21 0.9047619047619048 0.047619047619047616 0.7 18 0.9444444444444444 0.05555555555555555 0.9 1 1.0 0.0
27 0.1 28 0.7142857142857143 0.03571428571428571 0.4 20 0.95 0.05 0.5 18 0.9444444444444444 0.05555555555555555 0.6 13 0.9230769230769231 0.07692307692307693 0.7 11 0.9090909090909091 0.09090909090909091 0.9 0 1 1
27 0.1 26 0.7692307692307693 0.0 0.4 22 0.9090909090909091 0.0 0.5 22 0.9090909090909091 0.0 0.6 21 0.9047619047619048 0.0 0.7 20 0.9 0.0 0.9 0 1 1
27 0.1 29 0.7586206896551724 0.10344827586206896 0.4 22 0.8636363636363636 0.13636363636363635 0.5 21 0.9047619047619048 0.14285714285714285 0.6 19 0.8947368421052632 0.15789473684210525 0.7 17 0.8823529411764706 0.11764705882352941 0.9 0 1 1
27 0.1 26 0.7692307692307693 0.038461538461538464 0.4 22 0.8636363636363636 0.045454545454545456 0.5 21 0.9047619047619048 0.047619047619047616 0.6 18 0.9444444444444444 0.05555555555555555 0.7 15 0.9333333333333333 0.06666666666666667 0.9 0 1 1
27 0.1 29 0.7241379310344828 0.06896551724137931 0.4 22 0.9090909090909091 0.045454545454545456 0.5 21 0.9523809523809523 0.047619047619047616 0.6 18 1.0 0.05555555555555555 0.7 15 1.0 0.06666666666666667 0.9 0 1 1
27 0.1 27 0.7407407407407407 0.0 0.4 24 0.8333333333333334 0.0 0.5 21 0.8571428571428571 0.0 0.6 19 0.9473684210526315 0.0 0.7 18 0.9444444444444444 0.0 0.9 0 1 1
27 0.1 26 0.7692307692307693 0.0 0.4 22 0.8636363636363636 0.0 0.5 22 0.8636363636363636 0.0 0.6 19 0.9473684210526315 0.0 0.7 19 0.9473684210526315 0.0 0.9 0 1 1
27 0.1 26 0.8076923076923077 0.038461538461538464 0.4 22 0.9090909090909091 0.045454545454545456 0.5 21 0.9047619047619048 0.047619047619047616 0.6 20 0.9 0.05 0.7 15 1.0 0.06666666666666667 0.9 0 1 1
27 0.1 30 0.7333333333333333 0.0 0.4 22 0.9090909090909091 0.0 0.5 22 0.9090909090909091 0.0 0.6 20 0.95 0.0 0.7 18 0.9444444444444444 0.0 0.9 1 1.0 0.0
27 0.1 27 0.7777777777777778 0.037037037037037035 0.4 19 0.8947368421052632 0.05263157894736842 0.5 18 0.9444444444444444 0.05555555555555555 0.6 16 1.0 0.0625 0.7 14 1.0 0.0 0.9 0 1 1
27 0.1 26 0.8076923076923077 0.038461538461538464 0.4 19 0.8947368421052632 0.05263157894736842 0.5 18 0.9444444444444444 0.05555555555555555 0.6 16 1.0 0.0625 0.7 14 1.0 0.07142857142857142 0.9 0 1 1
27 0.1 24 0.875 0.125 0.4 20 0.9 0.15 0.5 20 0.9 0.15 0.6 16 1.0 0.1875 0.7 16 1.0 0.1875 0.9 0 1 1
27 0.1 26 0.8076923076923077 0.038461538461538464 0.4 19 0.9473684210526315 0.05263157894736842 0.5 18 0.9444444444444444 0.05555555555555555 0.6 16 0.9375 0.0625 0.7 15 0.9333333333333333 0.06666666666666667 0.9 0 1 1
27 0.1 26 0.7692307692307693 0.0 0.4 21 0.9047619047619048 0.0 0.5 19 0.9473684210526315 0.0 0.6 19 0.9473684210526315 0.0 0.7 19 0.9473684210526315 0.0 0.9 0 1 1
27 0.1 27 0.7777777777777778 0.037037037037037035 0.4 21 0.9047619047619048 0.047619047619047616 0.5 19 0.8947368421052632 0.05263157894736842 0.6 17 0.9411764705882353 0.058823529411764705 0.7 17 0.9411764705882353 0.058823529411764705 0.9 0 1 1
27 0.1 28 0.75 0.10714285714285714 0.4 24 0.875 0.125 0.5 22 0.9090909090909091 0.13636363636363635 0.6 20 0.9 0.15 0.7 20 0.9 0.15 0.9 0 1 1
27 0.1 31 0.7096774193548387 0.06451612903225806 0.4 23 0.8695652173913043 0.08695652173913043 0.5 23 0.8695652173913043 0.08695652173913043 0.6 22 0.9090909090909091 0.09090909090909091 0.7 20 0.95 0.1 0.9 0 1 1
27 0.1 27 0.7777777777777778 0.037037037037037035 0.4 19 0.9473684210526315 0.05263157894736842 0.5 19 0.9473684210526315 0.05263157894736842 0.6 17 0.9411764705882353 0.058823529411764705 0.7 17 0.9411764705882353 0.058823529411764705 0.9 0 1 1
27 0.1 27 0.7777777777777778 0.1111111111111111 0.4 20 0.95 0.1 0.5 19 0.9473684210526315 0.10526315789473684 0.6 18 0.9444444444444444 0.1111111111111111 0.7 17 0.9411764705882353 0.11764705882352941 0.9 0 1 1
27 0.1 26 0.8076923076923077 0.038461538461538464 0.4 21 0.9047619047619048 0.0 0.5 19 0.9473684210526315 0.0 0.6 19 0.9473684210526315 0.0 0.7 17 0.9411764705882353 0.0 0.9 0 1 1
27 0.1 24 0.8333333333333334 0.041666666666666664 0.4 23 0.8695652173913043 0.043478260869565216 0.5 19 0.8947368421052632 0.05263157894736842 0.6 19 0.8947368421052632 0.05263157894736842 0.7 17 0.9411764705882353 0.058823529411764705 0.9 1 1.0 0.0
27 0.1 24 0.8333333333333334 0.08333333333333333 0.4 22 0.8636363636363636 0.045454545454545456 0.5 20 0.95 0.05 0.6 20 0.95 0.05 0.7 17 0.9411764705882353 0.058823529411764705 0.9 1 1.0 0.0
27 0.1 24 0.8333333333333334 0.041666666666666664 0.4 20 0.9 0.05 0.5 17 0.9411764705882353 0.058823529411764705 0.6 16 0.9375 0.0625 0.7 13 1.0 0.07692307692307693 0.9 1 1.0 0.0
27 0.1 26 0.8076923076923077 0.07692307692307693 0.4 19 0.8947368421052632 0.05263157894736842 0.5 17 0.9411764705882353 0.058823529411764705 0.6 16 0.9375 0.0625 0.7 13 1.0 0.07692307692307693 0.9 0 1 1
27 0.1 25 0.84 0.04 0.4 20 0.9 0.05 0.5 20 0.9 0.05 0.6 19 0.8947368421052632 0.05263157894736842 0.7 17 0.9411764705882353 0.058823529411764705 0.9 0 1 1
27 0.1 26 0.8461538461538461 0.038461538461538464 0.4 22 0.9090909090909091 0.045454545454545456 0.5 22 0.9090909090909091 0.045454545454545456 0.6 21 0.9047619047619048 0.047619047619047616 0.7 20 0.9 0.0 0.9 0 1 1
27 0.1 24 0.875 0.08333333333333333 0.4 20 0.9 0.05 0.5 18 0.9444444444444444 0.05555555555555555 0.6 18 0.9444444444444444 0.05555555555555555 0.7 16 1.0 0.0625 0.9 0 1 1
27 0.1 27 0.7777777777777778 0.07407407407407407 0.4 22 0.9090909090909091 0.045454545454545456 0.5 21 0.9523809523809523 0.047619047619047616 0.6 21 0.9523809523809523 0.047619047619047616 0.7 21 0.9523809523809523 0.047619047619047616 0.9 1 1.0 0.0
27 0.1 25 0.76 0.04 0.4 21 0.9047619047619048 0.047619047619047616 0.5 19 0.9473684210526315 0.05263157894736842 0.6 17 0.9411764705882353 0.058823529411764705 0.7 16 0.9375 0.0625 0.9 2 1.0 0.0
27 0.1 28 0.7142857142857143 0.03571428571428571 0.4 22 0.8636363636363636 0.045454545454545456 0.5 20 0.9 0.05 0.6 18 0.8888888888888888 0.05555555555555555 0.7 15 1.0 0.06666666666666667 0.9 1 1.0 0.0
27 0.1 25 0.76 0.0 0.4 19 0.8947368421052632 0.0 0.5 15 0.9333333333333333 0.0 0.6 13 1.0 0.0 0.7 13 1.0 0.0 0.9 0 1 1
27 0.1 26 0.8076923076923077 0.0 0.4 18 0.8888888888888888 0.0 0.5 16 1.0 0.0 0.6 14 1.0 0.0 0.7 13 1.0 0.0 0.9 1 1.0 0.0
27 0.1 27 0.8148148148148148 0.07407407407407407 0.4 22 0.9545454545454546 0.09090909090909091 0.5 18 1.0 0.1111111111111111 0.6 16 1.0 0.0625 0.7 15 1.0 0.06666666666666667 0.9 0 1 1
27 0.1 27 0.7777777777777778 0.14814814814814814 0.4 21 0.9523809523809523 0.14285714285714285 0.5 19 1.0 0.15789473684210525 0.6 19 1.0 0.15789473684210525 0.7 18 1.0 0.16666666666666666 0.9 0 1 1
27 0.1 27 0.7407407407407407 0.037037037037037035 0.4 21 0.9047619047619048 0.047619047619047616 0.5 18 1.0 0.05555555555555555 0.6 17 1.0 0.058823529411764705 0.7 16 1.0 0.0625 0.9 1 1.0 0.0
27 0.1 26 0.7692307692307693 0.0 0.4 21 0.9047619047619048 0.0 0.5 21 0.9047619047619048 0.0 0.6 18 1.0 0.0 0.7 18 1.0 0.0 0.9 0 1 1
27 0.1 25 0.8 0.0 0.4 20 0.9 0.0 0.5 19 0.9473684210526315 0.0 0.6 19 0.9473684210526315 0.0 0.7 17 1.0 0.0 0.9 0 1 1
27 0.1 30 0.7 0.06666666666666667 0.4 23 0.9130434782608695 0.08695652173913043 0.5 21 0.9523809523809523 0.047619047619047616 0.6 21 0.9523809523809523 0.047619047619047616 0.7 19 0.9473684210526315 0.05263157894736842 0.9 0 1 1
27 0.1 26 0.8076923076923077 0.11538461538461539 0.4 20 0.95 0.1 0.5 20 0.95 0.1 0.6 20 0.95 0.1 0.7 19 1.0 0.10526315789473684 0.9 0 1 1
27 0.1 22 0.9090909090909091 0.045454545454545456 0.4 20 0.95 0.05 0.5 19 1.0 0.05263157894736842 0.6 17 1.0 0.058823529411764705 0.7 17 1.0 0.058823529411764705 0.9 0 1 1
27 0.1 27 0.7777777777777778 0.0 0.4 22 0.8636363636363636 0.0 0.5 21 0.9047619047619048 0.0 0.6 21 0.9047619047619048 0.0 0.7 16 1.0 0.0 0.9 0 1 1
27 0.1 24 0.8333333333333334 0.041666666666666664 0.4 20 0.9 0.05 0.5 20 0.9 0.05 0.6 18 0.9444444444444444 0.05555555555555555 0.7 16 0.9375 0.0 0.9 0 1 1
27 0.1 25 0.84 0.08 0.4 21 0.9047619047619048 0.09523809523809523 0.5 19 0.9473684210526315 0.10526315789473684 0.6 17 1.0 0.11764705882352941 0.7 17 1.0 0.11764705882352941 0.9 0 1 1
27 0.1 26 0.8076923076923077 0.07692307692307693 0.4 20 0.9 0.05 0.5 18 0.9444444444444444 0.05555555555555555 0.6 17 0.9411764705882353 0.058823529411764705 0.7 17 0.9411764705882353 0.058823529411764705 0.9 0 1 1
27 0.1 25 0.84 0.08 0.4 21 0.9523809523809523 0.09523809523809523 0.5 20 1.0 0.1 0.6 19 1.0 0.05263157894736842 0.7 18 1.0 0.05555555555555555 0.9 1 1.0 0.0
27 0.1 25 0.84 0.08 0.4 22 0.9090909090909091 0.09090909090909091 0.5 22 0.9090909090909091 0.09090909090909091 0.6 21 0.9523809523809523 0.09523809523809523 0.7 20 0.95 0.1 0.9 2 1.0 0.0
27 0.1 25 0.84 0.12 0.4 22 0.9090909090909091 0.13636363636363635 0.5 21 0.9523809523809523 0.14285714285714285 0.6 21 0.9523809523809523 0.14285714285714285 0.7 21 0.9523809523809523 0.14285714285714285 0.9 0 1 1
27 0.1 27 0.7777777777777778 0.0 0.4 24 0.875 0.0 0.5 22 0.9545454545454546 0.0 0.6 20 1.0 0.0 0.7 19 1.0 0.0 0.9 1 1.0 0.0
27 0.1 29 0.7241379310344828 0.06896551724137931 0.4 23 0.8695652173913043 0.08695652173913043 0.5 22 0.9090909090909091 0.09090909090909091 0.6 21 0.9523809523809523 0.09523809523809523 0.7 20 1.0 0.1 0.9 0 1 1
27 0.1 27 0.7777777777777778 0.037037037037037035 0.4 24 0.8333333333333334 0.041666666666666664 0.5 22 0.9090909090909091 0.045454545454545456 0.6 20 1.0 0.05 0.7 20 1.0 0.05 0.9 0 1 1
27 0.1 26 0.7692307692307693 0.038461538461538464 0.4 22 0.8636363636363636 0.045454545454545456 0.5 21 0.9047619047619048 0.047619047619047616 0.6 20 0.95 0.05 0.7 17 1.0 0.0 0.9 1 1.0 0.0
27 0.1 26 0.8076923076923077 0.0 0.4 21 0.9047619047619048 0.0 0.5 19 1.0 0.0 0.6 19 1.0 0.0 0.7 17 1.0 0.0 0.9 0 1 1
27 0.1 25 0.8 0.04 0.4 21 0.9047619047619048 0.047619047619047616 0.5 19 1.0 0.05263157894736842 0.6 18 1.0 0.05555555555555555 0.7 18 1.0 0.05555555555555555 0.9 0 1 1
27 0.1 27 0.7407407407407407 0.037037037037037035 0.4 20 0.95 0.05 0.5 19 1.0 0.05263157894736842 0.6 19 1.0 0.05263157894736842 0.7 17 1.0 0.0 0.9 1 1.0 0.0
27 0.1 30 0.7 0.0 0.4 22 0.8636363636363636 0.0 0.5 21 0.9047619047619048 0.0 0.6 20 0.95 0.0 0.7 19 1.0 0.0 0.9 0 1 1
27 0.1 25 0.72 0.04 0.4 18 1.0 0.05555555555555555 0.5 18 1.0 0.05555555555555555 0.6 18 1.0 0.05555555555555555 0.7 18 1.0 0.05555555555555555 0.9 0 1 1
27 0.1 22 0.8636363636363636 0.045454545454545456 0.4 19 0.9473684210526315 0.05263157894736842 0.5 18 1.0 0.05555555555555555 0.6 18 1.0 0.05555555555555555 0.7 17 1.0 0.058823529411764705 0.9 3 1.0 0.0
27 0.1 23 0.8695652173913043 0.043478260869565216 0.4 20 0.95 0.05 0.5 20 0.95 0.05 0.6 18 1.0 0.05555555555555555 0.7 18 1.0 0.05555555555555555 0.9 3 1.0 0.0
27 0.1 23 0.8695652173913043 0.043478260869565216 0.4 22 0.9090909090909091 0.045454545454545456 0.5 21 0.9047619047619048 0.047619047619047616 0.6 19 0.9473684210526315 0.05263157894736842 0.7 19 0.9473684210526315 0.05263157894736842 0.9 1 1.0 0.0
27 0.1 27 0.7777777777777778 0.07407407407407407 0.4 24 0.8333333333333334 0.08333333333333333 0.5 21 0.9523809523809523 0.09523809523809523 0.6 21 0.9523809523809523 0.09523809523809523 0.7 20 0.95 0.1 0.9 2 1.0 0.0
27 0.1 27 0.7777777777777778 0.037037037037037035 0.4 23 0.9130434782608695 0.043478260869565216 0.5 22 0.9090909090909091 0.045454545454545456 0.6 20 0.95 0.05 0.7 20 0.95 0.05 0.9 3 1.0 0.0
27 0.1 29 0.7241379310344828 0.034482758620689655 0.4 25 0.84 0.04 0.5 21 0.9523809523809523 0.047619047619047616 0.6 19 0.9473684210526315 0.05263157894736842 0.7 19 0.9473684210526315 0.05263157894736842 0.9 1 1.0 0.0
27 0.1 27 0.7407407407407407 0.037037037037037035 0.4 22 0.7727272727272727 0.045454545454545456 0.5 19 0.8947368421052632 0.05263157894736842 0.6 19 0.8947368421052632 0.05263157894736842 0.7 18 0.9444444444444444 0.05555555555555555 0.9 2 1.0 0.0
27 0.1 26 0.7692307692307693 0.07692307692307693 0.4 22 0.8181818181818182 0.09090909090909091 0.5 21 0.8571428571428571 0.09523809523809523 0.6 20 0.9 0.1 0.7 17 1.0 0.11764705882352941 0.9 2 1.0 0.0
27 0.1 26 0.7692307692307693 0.07692307692307693 0.4 21 0.9047619047619048 0.09523809523809523 0.5 19 0.9473684210526315 0.10526315789473684 0.6 19 0.9473684210526315 0.10526315789473684 0.7 19 0.9473684210526315 0.10526315789473684 0.9 1 1.0 0.0
27 0.1 25 0.8 0.04 0.4 25 0.8 0.04 0.5 22 0.8636363636363636 0.045454545454545456 0.6 21 0.9047619047619048 0.047619047619047616 0.7 19 0.9473684210526315 0.05263157894736842 0.9 1 1.0 0.0
27 0.1 23 0.8260869565217391 0.08695652173913043 0.4 21 0.8571428571428571 0.09523809523809523 0.5 20 0.9 0.1 0.6 19 0.8947368421052632 0.10526315789473684 0.7 18 0.9444444444444444 0.1111111111111111 0.9 2 1.0 0.0
27 0.1 28 0.8214285714285714 0.07142857142857142 0.4 24 0.8333333333333334 0.08333333333333333 0.5 21 0.9047619047619048 0.09523809523809523 0.6 21 0.9047619047619048 0.09523809523809523 0.7 21 0.9047619047619048 0.09523809523809523 0.9 2 1.0 0.0
27 0.1 26 0.8461538461538461 0.07692307692307693 0.4 22 0.8636363636363636 0.09090909090909091 0.5 20 0.9 0.1 0.6 18 0.9444444444444444 0.1111111111111111 0.7 18 0.9444444444444444 0.1111111111111111 0.9 1 1.0 0.0
27 0.1 27 0.8148148148148148 0.0 0.4 24 0.8333333333333334 0.0 0.5 22 0.8636363636363636 0.0 0.6 21 0.8571428571428571 0.0 0.7 18 1.0 0.0 0.9 1 1.0 0.0
27 0.1 25 0.8 0.04 0.4 21 0.8571428571428571 0.047619047619047616 0.5 17 1.0 0.058823529411764705 0.6 17 1.0 0.058823529411764705 0.7 16 1.0 0.0625 0.9 1 1.0 0.0
27 0.1 25 0.8 0.0 0.4 21 0.9047619047619048 0.0 0.5 19 1.0 0.0 0.6 17 1.0 0.0 0.7 15 1.0 0.0 0.9 1 1.0 0.0
27 0.1 25 0.84 0.04 0.4 21 0.9047619047619048 0.047619047619047616 0.5 20 0.95 0.05 0.6 18 1.0 0.05555555555555555 0.7 17 1.0 0.058823529411764705 0.9 1 1.0 0.0
27 0.1 25 0.8 0.04 0.4 25 0.8 0.04 0.5 20 0.95 0.05 0.6 20 0.95 0.05 0.7 18 1.0 0.05555555555555555 0.9 1 1.0 0.0
27 0.1 24 0.8333333333333334 0.0 0.4 22 0.8636363636363636 0.0 0.5 22 0.8636363636363636 0.0 0.6 19 1.0 0.0 0.7 19 1.0 0.0 0.9 1 1.0 0.0
27 0.1 27 0.7777777777777778 0.0 0.4 19 0.9473684210526315 0.0 0.5 18 1.0 0.0 0.6 18 1.0 0.0 0.7 17 1.0 0.0 0.9 1 1.0 0.0
27 0.1 25 0.8 0.04 0.4 21 0.8571428571428571 0.047619047619047616 0.5 19 0.9473684210526315 0.05263157894736842 0.6 19 0.9473684210526315 0.05263157894736842 0.7 17 1.0 0.058823529411764705 0.9 1 1.0 0.0
27 0.1 22 0.8636363636363636 0.09090909090909091 0.4 20 0.9 0.1 0.5 19 0.8947368421052632 0.10526315789473684 0.6 19 0.8947368421052632 0.10526315789473684 0.7 17 1.0 0.11764705882352941 0.9 1 1.0 0.0
27 0.1 24 0.7916666666666666 0.08333333333333333 0.4 22 0.8181818181818182 0.09090909090909091 0.5 20 0.85 0.1 0.6 18 0.9444444444444444 0.1111111111111111 0.7 16 1.0 0.125 0.9 2 1.0 0.0
27 0.1 23 0.8260869565217391 0.0 0.4 20 0.85 0.0 0.5 20 0.85 0.0 0.6 16 1.0 0.0 0.7 16 1.0 0.0 0.9 1 1.0 0.0
27 0.1 22 0.8636363636363636 0.045454545454545456 0.4 17 0.9411764705882353 0.058823529411764705 0.5 17 0.9411764705882353 0.058823529411764705 0.6 17 0.9411764705882353 0.058823529411764705 0.7 15 1.0 0.06666666666666667 0.9 0 1 1
27 0.1 23 0.8695652173913043 0.08695652173913043 0.4 18 0.9444444444444444 0.1111111111111111 0.5 18 0.9444444444444444 0.1111111111111111 0.6 17 0.9411764705882353 0.058823529411764705 0.7 15 0.9333333333333333 0.06666666666666667 0.9 1 1.0 0.0
27 0.1 22 0.8636363636363636 0.13636363636363635 0.4 20 0.9 0.15 0.5 18 0.9444444444444444 0.16666666666666666 0.6 18 0.9444444444444444 0.16666666666666666 0.7 16 1.0 0.1875 0.9 1 1.0 0.0
27 0.1 22 0.8636363636363636 0.09090909090909091 0.4 21 0.9047619047619048 0.09523809523809523 0.5 21 0.9047619047619048 0.09523809523809523 0.6 19 0.8947368421052632 0.10526315789473684 0.7 16 1.0 0.125 0.9 4 1.0 0.0
27 0.1 22 0.8181818181818182 0.09090909090909091 0.4 19 0.8947368421052632 0.10526315789473684 0.5 18 0.9444444444444444 0.1111111111111111 0.6 18 0.9444444444444444 0.1111111111111111 0.7 17 0.9411764705882353 0.11764705882352941 0.9 3 1.0 0.0
27 0.1 21 0.8571428571428571 0.14285714285714285 0.4 19 0.8947368421052632 0.15789473684210525 0.5 18 0.9444444444444444 0.16666666666666666 0.6 15 1.0 0.13333333333333333 0.7 15 1.0 0.13333333333333333 0.9 1 1.0 0.0
27 0.1 26 0.8076923076923077 0.11538461538461539 0.4 21 0.9047619047619048 0.14285714285714285 0.5 20 0.9 0.15 0.6 17 1.0 0.17647058823529413 0.7 15 1.0 0.13333333333333333 0.9 1 1.0 0.0
27 0.1 26 0.7692307692307693 0.038461538461538464 0.4 20 0.9 0.05 0.5 19 0.9473684210526315 0.05263157894736842 0.6 19 0.9473684210526315 0.05263157894736842 0.7 18 0.9444444444444444 0.05555555555555555 0.9 1 1.0 0.0
27 0.1 22 0.8636363636363636 0.13636363636363635 0.4 18 0.8888888888888888 0.1111111111111111 0.5 18 0.8888888888888888 0.1111111111111111 0.6 18 0.8888888888888888 0.1111111111111111 0.7 16 1.0 0.125 0.9 1 1.0 0.0
27 0.1 21 0.9047619047619048 0.0 0.4 21 0.9047619047619048 0.0 0.5 20 0.9 0.0 0.6 20 0.9 0.0 0.7 20 0.9 0.0 0.9 1 1.0 0.0
27 0.1 22 0.7727272727272727 0.045454545454545456 0.4 20 0.85 0.05 0.5 19 0.8947368421052632 0.05263157894736842 0.6 19 0.8947368421052632 0.05263157894736842 0.7 17 1.0 0.058823529411764705 0.9 2 1.0 0.0
27 0.1 26 0.7692307692307693 0.038461538461538464 0.4 22 0.8181818181818182 0.045454545454545456 0.5 21 0.8095238095238095 0.047619047619047616 0.6 19 0.8947368421052632 0.05263157894736842 0.7 17 1.0 0.058823529411764705 0.9 1 1.0 0.0
27 0.1 25 0.8 0.08 0.4 20 0.9 0.1 0.5 19 0.8947368421052632 0.10526315789473684 0.6 19 0.8947368421052632 0.10526315789473684 0.7 17 0.9411764705882353 0.058823529411764705 0.9 2 1.0 0.0
27 0.1 22 0.7727272727272727 0.045454545454545456 0.4 19 0.8947368421052632 0.05263157894736842 0.5 18 0.8888888888888888 0.05555555555555555 0.6 18 0.8888888888888888 0.05555555555555555 0.7 17 0.9411764705882353 0.058823529411764705 0.9 3 1.0 0.0
27 0.1 22 0.8181818181818182 0.045454545454545456 0.4 18 0.8888888888888888 0.05555555555555555 0.5 18 0.8888888888888888 0.05555555555555555 0.6 18 0.8888888888888888 0.05555555555555555 0.7 16 0.9375 0.0625 0.9 4 1.0 0.0
27 0.1 23 0.8260869565217391 0.043478260869565216 0.4 20 0.85 0.05 0.5 18 0.8888888888888888 0.05555555555555555 0.6 16 0.9375 0.0625 0.7 16 0.9375 0.0625 0.9 3 1.0 0.3333333333333333
27 0.1 26 0.7692307692307693 0.038461538461538464 0.4 21 0.8571428571428571 0.047619047619047616 0.5 19 0.8947368421052632 0.05263157894736842 0.6 19 0.8947368421052632 0.05263157894736842 0.7 18 0.9444444444444444 0.05555555555555555 0.9 2 1.0 0.0
27 0.1 25 0.76 0.04 0.4 21 0.9047619047619048 0.047619047619047616 0.5 19 0.8947368421052632 0.05263157894736842 0.6 19 0.8947368421052632 0.05263157894736842 0.7 16 0.9375 0.0625 0.9 2 1.0 0.0
27 0.1 23 0.782608695652174 0.08695652173913043 0.4 20 0.85 0.1 0.5 20 0.85 0.1 0.6 19 0.8947368421052632 0.10526315789473684 0.7 17 0.8823529411764706 0.11764705882352941 0.9 1 1.0 0.0
27 0.1 25 0.8 0.04 0.4 21 0.8571428571428571 0.047619047619047616 0.5 19 0.8947368421052632 0.05263157894736842 0.6 19 0.8947368421052632 0.05263157894736842 0.7 17 0.9411764705882353 0.058823529411764705 0.9 3 1.0 0.0
27 0.1 30 0.7 0.03333333333333333 0.4 21 0.9047619047619048 0.047619047619047616 0.5 20 0.9 0.05 0.6 19 0.9473684210526315 0.05263157894736842 0.7 18 0.9444444444444444 0.05555555555555555 0.9 3 1.0 0.0
27 0.1 26 0.7692307692307693 0.11538461538461539 0.4 20 0.9 0.15 0.5 20 0.9 0.15 0.6 19 0.8947368421052632 0.15789473684210525 0.7 16 1.0 0.125 0.9 3 1.0 0.0
27 0.1 25 0.84 0.04 0.4 21 0.9047619047619048 0.047619047619047616 0.5 20 0.9 0.05 0.6 18 0.9444444444444444 0.05555555555555555 0.7 17 1.0 0.058823529411764705 0.9 2 1.0 0.0
27 0.1 27 0.8148148148148148 0.037037037037037035 0.4 23 0.8695652173913043 0.043478260869565216 0.5 21 0.9047619047619048 0.047619047619047616 0.6 18 0.9444444444444444 0.05555555555555555 0.7 16 0.9375 0.0625 0.9 2 1.0 0.0
27 0.1 27 0.7407407407407407 0.07407407407407407 0.4 22 0.7727272727272727 0.09090909090909091 0.5 19 0.8421052631578947 0.10526315789473684 0.6 17 0.9411764705882353 0.11764705882352941 0.7 17 0.9411764705882353 0.11764705882352941 0.9 4 1.0 0.0
27 0.1 26 0.7692307692307693 0.07692307692307693 0.4 21 0.8571428571428571 0.09523809523809523 0.5 21 0.8571428571428571 0.09523809523809523 0.6 19 0.9473684210526315 0.10526315789473684 0.7 15 1.0 0.06666666666666667 0.9 3 1.0 0.0
27 0.1 27 0.7777777777777778 0.1111111111111111 0.4 22 0.8636363636363636 0.13636363636363635 0.5 21 0.9047619047619048 0.14285714285714285 0.6 19 0.8947368421052632 0.15789473684210525 0.7 15 1.0 0.13333333333333333 0.9 3 1.0 0.0
27 0.1 24 0.875 0.125 0.4 19 0.8947368421052632 0.15789473684210525 0.5 19 0.8947368421052632 0.15789473684210525 0.6 17 0.9411764705882353 0.17647058823529413 0.7 15 1.0 0.2 0.9 3 1.0 0.0
27 0.1 29 0.7586206896551724 0.0 0.4 23 0.8695652173913043 0.0 0.5 20 0.9 0.0 0.6 19 0.8947368421052632 0.0 0.7 16 0.9375 0.0 0.9 1 1.0 0.0
27 0.1 23 0.8260869565217391 0.08695652173913043 0.4 19 0.8947368421052632 0.10526315789473684 0.5 19 0.8947368421052632 0.10526315789473684 0.6 18 0.9444444444444444 0.1111111111111111 0.7 17 0.9411764705882353 0.11764705882352941 0.9 1 1.0 0.0
27 0.1 27 0.7777777777777778 0.037037037037037035 0.4 20 0.9 0.05 0.5 19 0.8947368421052632 0.05263157894736842 0.6 19 0.8947368421052632 0.05263157894736842 0.7 17 0.9411764705882353 0.058823529411764705 0.9 1 1.0 0.0
27 0.1 25 0.84 0.12 0.4 20 0.85 0.15 0.5 19 0.8947368421052632 0.15789473684210525 0.6 18 0.9444444444444444 0.16666666666666666 0.7 16 1.0 0.1875 0.9 1 1.0 0.0
27 0.1 22 0.8636363636363636 0.09090909090909091 0.4 20 0.9 0.1 0.5 18 0.9444444444444444 0.1111111111111111 0.6 18 0.9444444444444444 0.1111111111111111 0.7 17 1.0 0.11764705882352941 0.9 1 1.0 0.0
27 0.1 23 0.8260869565217391 0.043478260869565216 0.4 19 0.8947368421052632 0.05263157894736842 0.5 19 0.8947368421052632 0.05263157894736842 0.6 18 0.8888888888888888 0.05555555555555555 0.7 16 1.0 0.0625 0.9 2 1.0 0.0
27 0.1 25 0.76 0.08 0.4 22 0.8181818181818182 0.09090909090909091 0.5 20 0.9 0.1 0.6 19 0.9473684210526315 0.10526315789473684 0.7 18 0.9444444444444444 0.1111111111111111 0.9 3 1.0 0.0
27 0.1 32 0.71875 0.09375 0.4 26 0.8461538461538461 0.11538461538461539 0.5 23 0.8695652173913043 0.13043478260869565 0.6 20 0.9 0.15 0.7 18 1.0 0.16666666666666666 0.9 2 1.0 0.0
27 0.1 27 0.7777777777777778 0.07407407407407407 0.4 22 0.8636363636363636 0.045454545454545456 0.5 20 0.9 0.05 0.6 19 0.9473684210526315 0.05263157894736842 0.7 19 0.9473684210526315 0.05263157894736842 0.9 2 1.0 0.0
27 0.1 28 0.7857142857142857 0.03571428571428571 0.4 21 0.9047619047619048 0.047619047619047616 0.5 21 0.9047619047619048 0.047619047619047616 0.6 19 0.9473684210526315 0.05263157894736842 0.7 19 0.9473684210526315 0.05263157894736842 0.9 2 1.0 0.0
27 0.1 25 0.76 0.16 0.4 21 0.9047619047619048 0.19047619047619047 0.5 21 0.9047619047619048 0.19047619047619047 0.6 20 0.95 0.2 0.7 18 0.9444444444444444 0.2222222222222222 0.9 2 1.0 0.0
27 0.1 26 0.8076923076923077 0.07692307692307693 0.4 20 0.95 0.1 0.5 20 0.95 0.1 0.6 20 0.95 0.1 0.7 19 0.9473684210526315 0.10526315789473684 0.9 3 1.0 0.0
27 0.1 26 0.8076923076923077 0.11538461538461539 0.4 22 0.9090909090909091 0.13636363636363635 0.5 22 0.9090909090909091 0.13636363636363635 0.6 20 0.9 0.1 0.7 17 1.0 0.11764705882352941 0.9 1 1.0 0.0
27 0.1 24 0.875 0.08333333333333333 0.4 24 0.875 0.08333333333333333 0.5 23 0.9130434782608695 0.08695652173913043 0.6 19 0.9473684210526315 0.10526315789473684 0.7 18 1.0 0.1111111111111111 0.9 1 1.0 0.0
27 0.1 28 0.7857142857142857 0.07142857142857142 0.4 23 0.8695652173913043 0.08695652173913043 0.5 20 0.9 0.1 0.6 19 0.9473684210526315 0.10526315789473684 0.7 18 1.0 0.1111111111111111 0.9 3 1.0 0.0
27 0.1 25 0.8 0.08 0.4 20 0.9 0.1 0.5 19 0.8947368421052632 0.10526315789473684 0.6 17 1.0 0.11764705882352941 0.7 17 1.0 0.11764705882352941 0.9 1 1.0 0.0
27 0.1 25 0.8 0.04 0.4 19 0.9473684210526315 0.05263157894736842 0.5 19 0.9473684210526315 0.05263157894736842 0.6 18 0.9444444444444444 0.05555555555555555 0.7 18 0.9444444444444444 0.05555555555555555 0.9 4 1.0 0.0
27 0.1 23 0.8260869565217391 0.08695652173913043 0.4 20 0.9 0.1 0.5 20 0.9 0.1 0.6 19 0.9473684210526315 0.10526315789473684 0.7 17 1.0 0.11764705882352941 0.9 2 1.0 0.0
27 0.1 26 0.7692307692307693 0.07692307692307693 0.4 19 0.8947368421052632 0.10526315789473684 0.5 18 0.9444444444444444 0.1111111111111111 0.6 18 0.9444444444444444 0.1111111111111111 0.7 17 1.0 0.11764705882352941 0.9 2 1.0 0.0
27 0.1 27 0.7407407407407407 0.07407407407407407 0.4 19 0.8947368421052632 0.10526315789473684 0.5 18 0.9444444444444444 0.1111111111111111 0.6 18 0.9444444444444444 0.1111111111111111 0.7 17 1.0 0.11764705882352941 0.9 3 1.0 0.0
27 0.1 25 0.8 0.04 0.4 19 0.9473684210526315 0.05263157894736842 0.5 18 1.0 0.05555555555555555 0.6 17 1.0 0.058823529411764705 0.7 17 1.0 0.058823529411764705 0.9 2 1.0 0.0
27 0.1 25 0.8 0.0 0.4 21 0.9047619047619048 0.0 0.5 17 1.0 0.0 0.6 17 1.0 0.0 0.7 17 1.0 0.0 0.9 1 1.0 0.0
27 0.1 25 0.76 0.04 0.4 20 0.9 0.05 0.5 19 0.9473684210526315 0.05263157894736842 0.6 16 1.0 0.0625 0.7 16 1.0 0.0625 0.9 2 1.0 0.0
27 0.1 25 0.8 0.08 0.4 20 0.95 0.1 0.5 18 0.9444444444444444 0.1111111111111111 0.6 18 0.9444444444444444 0.1111111111111111 0.7 17 1.0 0.11764705882352941 0.9 4 1.0 0.0
27 0.1 25 0.84 0.12 0.4 20 0.95 0.1 0.5 19 0.9473684210526315 0.10526315789473684 0.6 19 0.9473684210526315 0.10526315789473684 0.7 18 1.0 0.1111111111111111 0.9 2 1.0 0.0
27 0.1 24 0.875 0.08333333333333333 0.4 19 0.9473684210526315 0.05263157894736842 0.5 18 0.9444444444444444 0.05555555555555555 0.6 18 0.9444444444444444 0.05555555555555555 0.7 17 1.0 0.058823529411764705 0.9 2 1.0 0.0
27 0.1 26 0.8076923076923077 0.038461538461538464 0.4 20 0.95 0.05 0.5 20 0.95 0.05 0.6 20 0.95 0.05 0.7 17 1.0 0.058823529411764705 0.9 2 1.0 0.0
27 0.1 27 0.7407407407407407 0.037037037037037035 0.4 22 0.8636363636363636 0.045454545454545456 0.5 20 0.95 0.05 0.6 19 0.9473684210526315 0.05263157894736842 0.7 18 0.9444444444444444 0.05555555555555555 0.9 2 1.0 0.0
27 0.1 26 0.7307692307692307 0.0 0.4 20 0.9 0.0 0.5 19 0.9473684210526315 0.0 0.6 19 0.9473684210526315 0.0 0.7 18 0.9444444444444444 0.0 0.9 3 1.0 0.0
27 0.1 27 0.7407407407407407 0.0 0.4 21 0.9047619047619048 0.0 0.5 21 0.9047619047619048 0.0 0.6 20 0.95 0.0 0.7 17 0.9411764705882353 0.0 0.9 3 1.0 0.0
27 0.1 26 0.7692307692307693 0.038461538461538464 0.4 20 0.9 0.05 0.5 19 0.9473684210526315 0.05263157894736842 0.6 19 0.9473684210526315 0.05263157894736842 0.7 19 0.9473684210526315 0.05263157894736842 0.9 4 1.0 0.0
