73 0.1 0 1 1 0.4 0 1 1 0.5 0 1 1 0.6 0 1 1 0.7 0 1 1 0.9 0 1 1
73 0.1 8 0.25 0.0 0.4 0 1 1 0.5 0 1 1 0.6 0 1 1 0.7 0 1 1 0.9 0 1 1
73 0.1 269 0.13011152416356878 0.0 0.4 10 0.3 0.0 0.5 4 0.25 0.0 0.6 2 0.0 0.0 0.7 1 0.0 0.0 0.9 0 1 1
73 0.1 377 0.09814323607427056 0.0 0.4 51 0.17647058823529413 0.0 0.5 18 0.2777777777777778 0.0 0.6 2 0.0 0.0 0.7 1 0.0 0.0 0.9 0 1 1
73 0.1 779 0.08087291399229782 0.0 0.4 186 0.1935483870967742 0.0 0.5 100 0.3 0.0 0.6 37 0.35135135135135137 0.0 0.7 4 1.0 0.0 0.9 0 1 1
73 0.1 457 0.12253829321663019 0.0 0.4 44 0.3181818181818182 0.0 0.5 10 0.5 0.0 0.6 1 0.0 0.0 0.7 0 1 1 0.9 0 1 1
73 0.1 472 0.13347457627118645 0.0 0.4 48 0.4375 0.0 0.5 11 0.8181818181818182 0.0 0.6 1 1.0 0.0 0.7 0 1 1 0.9 0 1 1
73 0.1 402 0.13432835820895522 0.0 0.4 2 0.5 0.0 0.5 0 1 1 0.6 0 1 1 0.7 0 1 1 0.9 0 1 1
73 0.1 373 0.14209115281501342 0.0 0.4 74 0.3918918918918919 0.0 0.5 39 0.5641025641025641 0.0 0.6 9 0.6666666666666666 0.0 0.7 1 1.0 0.0 0.9 0 1 1
73 0.1 318 0.18238993710691823 0.0 0.4 51 0.6078431372549019 0.0 0.5 23 0.9565217391304348 0.0 0.6 8 1.0 0.0 0.7 2 1.0 0.0 0.9 0 1 1
73 0.1 337 0.1543026706231454 0.0 0.4 56 0.39285714285714285 0.0 0.5 24 0.5833333333333334 0.0 0.6 4 1.0 0.0 0.7 0 1 1 0.9 0 1 1
73 0.1 174 0.3275862068965517 0.0 0.4 30 0.5666666666666667 0.0 0.5 12 0.8333333333333334 0.0 0.6 1 1.0 0.0 0.7 0 1 1 0.9 0 1 1
73 0.1 23 0.4782608695652174 0.0 0.4 7 1.0 0.0 0.5 2 1.0 0.0 0.6 1 1.0 0.0 0.7 0 1 1 0.9 0 1 1
73 0.1 94 0.3829787234042553 0.0 0.4 10 0.6 0.0 0.5 5 0.6 0.0 0.6 1 0.0 0.0 0.7 0 1 1 0.9 0 1 1
73 0.1 322 0.19875776397515527 0.0 0.4 147 0.36054421768707484 0.0 0.5 110 0.43636363636363634 0.0 0.6 71 0.5211267605633803 0.0 0.7 41 0.6341463414634146 0.0 0.9 0 1 1
73 0.1 208 0.27403846153846156 0.0 0.4 70 0.5428571428571428 0.0 0.5 55 0.5454545454545454 0.0 0.6 35 0.6857142857142857 0.0 0.7 14 0.9285714285714286 0.0 0.9 0 1 1
73 0.1 175 0.3142857142857143 0.005714285714285714 0.4 42 0.6428571428571429 0.023809523809523808 0.5 25 0.72 0.04 0.6 10 0.8 0.0 0.7 5 1.0 0.0 0.9 0 1 1
73 0.1 238 0.2605042016806723 0.0 0.4 100 0.36 0.0 0.5 59 0.4406779661016949 0.0 0.6 31 0.5161290322580645 0.0 0.7 12 0.6666666666666666 0.0 0.9 0 1 1
73 0.1 55 0.34545454545454546 0.0 0.4 2 0.5 0.0 0.5 0 1 1 0.6 0 1 1 0.7 0 1 1 0.9 0 1 1
73 0.1 168 0.35119047619047616 0.0 0.4 34 0.6764705882352942 0.0 0.5 20 0.8 0.0 0.6 7 0.8571428571428571 0.0 0.7 1 1.0 0.0 0.9 0 1 1
73 0.1 79 0.3924050632911392 0.0 0.4 11 0.5454545454545454 0.0 0.5 6 0.6666666666666666 0.0 0.6 1 1.0 0.0 0.7 0 1 1 0.9 0 1 1
73 0.1 48 0.6041666666666666 0.0 0.4 7 0.8571428571428571 0.0 0.5 5 1.0 0.0 0.6 1 1.0 0.0 0.7 0 1 1 0.9 0 1 1
73 0.1 163 0.4110429447852761 0.0 0.4 58 0.7586206896551724 0.0 0.5 40 0.9 0.0 0.6 27 0.9259259259259259 0.0 0.7 11 1.0 0.0 0.9 0 1 1
73 0.1 15 0.3333333333333333 0.0 0.4 0 1 1 0.5 0 1 1 0.6 0 1 1 0.7 0 1 1 0.9 0 1 1
73 0.1 187 0.33689839572192515 0.0 0.4 47 0.6595744680851063 0.0 0.5 24 0.7916666666666666 0.0 0.6 12 0.9166666666666666 0.0 0.7 2 1.0 0.0 0.9 0 1 1
73 0.1 135 0.37037037037037035 0.0 0.4 49 0.5918367346938775 0.0 0.5 35 0.6857142857142857 0.0 0.6 28 0.6785714285714286 0.0 0.7 12 0.6666666666666666 0.0 0.9 0 1 1
73 0.1 77 0.5454545454545454 0.0 0.4 17 0.9411764705882353 0.0 0.5 13 1.0 0.0 0.6 5 1.0 0.0 0.7 3 1.0 0.0 0.9 0 1 1
73 0.1 0 1 1 0.4 0 1 1 0.5 0 1 1 0.6 0 1 1 0.7 0 1 1 0.9 0 1 1
73 0.1 2 0.5 0.0 0.4 0 1 1 0.5 0 1 1 0.6 0 1 1 0.7 0 1 1 0.9 0 1 1
73 0.1 1 0.0 0.0 0.4 0 1 1 0.5 0 1 1 0.6 0 1 1 0.7 0 1 1 0.9 0 1 1
73 0.1 43 0.3023255813953488 0.0 0.4 0 1 1 0.5 0 1 1 0.6 0 1 1 0.7 0 1 1 0.9 0 1 1
73 0.1 131 0.31297709923664124 0.0 0.4 17 0.5294117647058824 0.0 0.5 7 0.5714285714285714 0.0 0.6 2 1.0 0.0 0.7 0 1 1 0.9 0 1 1
73 0.1 0 1 1 0.4 0 1 1 0.5 0 1 1 0.6 0 1 1 0.7 0 1 1 0.9 0 1 1
73 0.1 0 1 1 0.4 0 1 1 0.5 0 1 1 0.6 0 1 1 0.7 0 1 1 0.9 0 1 1
73 0.1 67 0.47761194029850745 0.0 0.4 5 1.0 0.0 0.5 3 1.0 0.0 0.6 2 1.0 0.0 0.7 0 1 1 0.9 0 1 1
73 0.1 3 0.0 0.0 0.4 0 1 1 0.5 0 1 1 0.6 0 1 1 0.7 0 1 1 0.9 0 1 1
73 0.1 128 0.3515625 0.0 0.4 30 0.43333333333333335 0.0 0.5 16 0.625 0.0 0.6 5 1.0 0.0 0.7 1 1.0 0.0 0.9 0 1 1
73 0.1 76 0.5789473684210527 0.0 0.4 7 1.0 0.0 0.5 2 1.0 0.0 0.6 1 1.0 0.0 0.7 0 1 1 0.9 0 1 1
73 0.1 27 0.5925925925925926 0.0 0.4 0 1 1 0.5 0 1 1 0.6 0 1 1 0.7 0 1 1 0.9 0 1 1
73 0.1 14 0.5 0.0 0.4 0 1 1 0.5 0 1 1 0.6 0 1 1 0.7 0 1 1 0.9 0 1 1
73 0.1 62 0.5967741935483871 0.0 0.4 10 1.0 0.0 0.5 3 1.0 0.0 0.6 1 1.0 0.0 0.7 0 1 1 0.9 0 1 1
73 0.1 104 0.4326923076923077 0.009615384615384616 0.4 20 0.9 0.05 0.5 7 0.8571428571428571 0.0 0.6 5 0.8 0.0 0.7 0 1 1 0.9 0 1 1
73 0.1 50 0.4 0.0 0.4 1 1.0 0.0 0.5 0 1 1 0.6 0 1 1 0.7 0 1 1 0.9 0 1 1
73 0.1 122 0.4672131147540984 0.0 0.4 4 1.0 0.0 0.5 1 1.0 0.0 0.6 0 1 1 0.7 0 1 1 0.9 0 1 1
73 0.1 81 0.5679012345679012 0.0 0.4 9 1.0 0.0 0.5 4 1.0 0.0 0.6 1 1.0 0.0 0.7 0 1 1 0.9 0 1 1
73 0.1 127 0.5275590551181102 0.0 0.4 41 0.8536585365853658 0.0 0.5 20 0.95 0.0 0.6 9 1.0 0.0 0.7 6 1.0 0.0 0.9 0 1 1
73 0.1 245 0.2571428571428571 0.0 0.4 29 0.7931034482758621 0.0 0.5 12 0.9166666666666666 0.0 0.6 5 0.8 0.0 0.7 0 1 1 0.9 0 1 1
73 0.1 0 1 1 0.4 0 1 1 0.5 0 1 1 0.6 0 1 1 0.7 0 1 1 0.9 0 1 1
73 0.1 91 0.5494505494505495 0.0 0.4 23 0.8695652173913043 0.0 0.5 15 0.8666666666666667 0.0 0.6 7 1.0 0.0 0.7 0 1 1 0.9 0 1 1
73 0.1 100 0.52 0.01 0.4 38 0.7631578947368421 0.02631578947368421 0.5 26 0.9230769230769231 0.038461538461538464 0.6 19 0.9473684210526315 0.05263157894736842 0.7 8 1.0 0.0 0.9 0 1 1
73 0.1 37 0.7297297297297297 0.0 0.4 2 1.0 0.0 0.5 1 1.0 0.0 0.6 1 1.0 0.0 0.7 0 1 1 0.9 0 1 1
73 0.1 79 0.6329113924050633 0.012658227848101266 0.4 26 0.8461538461538461 0.038461538461538464 0.5 17 0.9411764705882353 0.058823529411764705 0.6 6 1.0 0.0 0.7 3 1.0 0.0 0.9 0 1 1
73 0.1 64 0.640625 0.015625 0.4 18 0.9444444444444444 0.0 0.5 11 1.0 0.0 0.6 2 1.0 0.0 0.7 2 1.0 0.0 0.9 0 1 1
73 0.1 71 0.6197183098591549 0.04225352112676056 0.4 16 0.9375 0.0625 0.5 12 0.9166666666666666 0.08333333333333333 0.6 4 1.0 0.25 0.7 2 1.0 0.5 0.9 0 1 1
73 0.1 127 0.49606299212598426 0.007874015748031496 0.4 44 0.8636363636363636 0.022727272727272728 0.5 30 0.9333333333333333 0.03333333333333333 0.6 24 0.9166666666666666 0.041666666666666664 0.7 11 0.9090909090909091 0.0 0.9 0 1 1
73 0.1 81 0.6296296296296297 0.037037037037037035 0.4 29 0.896551724137931 0.06896551724137931 0.5 18 0.9444444444444444 0.05555555555555555 0.6 12 1.0 0.08333333333333333 0.7 6 1.0 0.16666666666666666 0.9 0 1 1
73 0.1 143 0.46853146853146854 0.0 0.4 30 0.8666666666666667 0.0 0.5 17 0.8823529411764706 0.0 0.6 9 1.0 0.0 0.7 1 1.0 0.0 0.9 0 1 1
73 0.1 135 0.48148148148148145 0.037037037037037035 0.4 49 0.7551020408163265 0.04081632653061224 0.5 33 0.8787878787878788 0.06060606060606061 0.6 23 0.9130434782608695 0.043478260869565216 0.7 10 0.9 0.1 0.9 0 1 1
73 0.1 155 0.432258064516129 0.0064516129032258064 0.4 65 0.6923076923076923 0.015384615384615385 0.5 47 0.851063829787234 0.02127659574468085 0.6 35 0.9428571428571428 0.02857142857142857 0.7 14 0.9285714285714286 0.0 0.9 0 1 1
73 0.1 92 0.6304347826086957 0.010869565217391304 0.4 28 0.9285714285714286 0.03571428571428571 0.5 15 0.9333333333333333 0.06666666666666667 0.6 6 1.0 0.0 0.7 3 1.0 0.0 0.9 0 1 1
73 0.1 143 0.46153846153846156 0.006993006993006993 0.4 53 0.8113207547169812 0.018867924528301886 0.5 36 0.9166666666666666 0.027777777777777776 0.6 23 0.9565217391304348 0.0 0.7 5 1.0 0.0 0.9 0 1 1
73 0.1 139 0.4460431654676259 0.0 0.4 30 0.8333333333333334 0.0 0.5 18 0.9444444444444444 0.0 0.6 9 0.8888888888888888 0.0 0.7 1 1.0 0.0 0.9 0 1 1
73 0.1 160 0.425 0.0 0.4 73 0.7671232876712328 0.0 0.5 57 0.8421052631578947 0.0 0.6 41 0.9512195121951219 0.0 0.7 25 0.92 0.0 0.9 0 1 1
73 0.1 101 0.5643564356435643 0.019801980198019802 0.4 23 0.9565217391304348 0.08695652173913043 0.5 12 0.9166666666666666 0.16666666666666666 0.6 3 0.6666666666666666 0.0 0.7 1 1.0 0.0 0.9 0 1 1
73 0.1 100 0.59 0.0 0.4 37 0.918918918918919 0.0 0.5 20 0.95 0.0 0.6 14 0.9285714285714286 0.0 0.7 6 0.8333333333333334 0.0 0.9 0 1 1
73 0.1 114 0.543859649122807 0.008771929824561403 0.4 35 0.8285714285714286 0.0 0.5 25 0.92 0.0 0.6 14 0.9285714285714286 0.0 0.7 6 0.8333333333333334 0.0 0.9 0 1 1
73 0.1 89 0.5955056179775281 0.033707865168539325 0.4 26 0.9230769230769231 0.07692307692307693 0.5 16 1.0 0.0625 0.6 9 1.0 0.1111111111111111 0.7 4 1.0 0.25 0.9 0 1 1
73 0.1 158 0.4240506329113924 0.0189873417721519 0.4 63 0.7142857142857143 0.015873015873015872 0.5 47 0.8085106382978723 0.02127659574468085 0.6 28 0.8928571428571429 0.0 0.7 10 1.0 0.0 0.9 0 1 1
73 0.1 141 0.475177304964539 0.0070921985815602835 0.4 60 0.8 0.016666666666666666 0.5 46 0.8695652173913043 0.021739130434782608 0.6 32 0.90625 0.03125 0.7 16 0.9375 0.0 0.9 0 1 1
73 0.1 146 0.4794520547945205 0.0 0.4 82 0.6585365853658537 0.0 0.5 63 0.7619047619047619 0.0 0.6 50 0.86 0.0 0.7 29 0.9655172413793104 0.0 0.9 0 1 1
73 0.1 141 0.46808510638297873 0.0070921985815602835 0.4 70 0.7142857142857143 0.014285714285714285 0.5 59 0.7796610169491526 0.01694915254237288 0.6 44 0.8409090909090909 0.022727272727272728 0.7 29 0.9310344827586207 0.034482758620689655 0.9 0 1 1
73 0.1 91 0.5604395604395604 0.02197802197802198 0.4 23 0.9130434782608695 0.08695652173913043 0.5 16 0.9375 0.125 0.6 5 1.0 0.2 0.7 2 1.0 0.0 0.9 0 1 1
73 0.1 116 0.5344827586206896 0.008620689655172414 0.4 31 0.7096774193548387 0.0 0.5 19 0.6842105263157895 0.0 0.6 8 0.875 0.0 0.7 0 1 1 0.9 0 1 1
73 0.1 261 0.2720306513409962 0.011494252873563218 0.4 92 0.5652173913043478 0.03260869565217391 0.5 70 0.6857142857142857 0.04285714285714286 0.6 43 0.7906976744186046 0.06976744186046512 0.7 15 0.8 0.13333333333333333 0.9 0 1 1
73 0.1 66 0.5909090909090909 0.030303030303030304 0.4 23 0.8260869565217391 0.08695652173913043 0.5 17 0.8235294117647058 0.058823529411764705 0.6 7 1.0 0.0 0.7 3 1.0 0.0 0.9 0 1 1
73 0.1 143 0.46153846153846156 0.0 0.4 51 0.7843137254901961 0.0 0.5 38 0.8157894736842105 0.0 0.6 26 1.0 0.0 0.7 11 1.0 0.0 0.9 0 1 1
73 0.1 135 0.4444444444444444 0.014814814814814815 0.4 68 0.6911764705882353 0.029411764705882353 0.5 47 0.8085106382978723 0.02127659574468085 0.6 31 0.9032258064516129 0.03225806451612903 0.7 15 1.0 0.06666666666666667 0.9 0 1 1
73 0.1 126 0.5158730158730159 0.0 0.4 60 0.7333333333333333 0.0 0.5 52 0.8076923076923077 0.0 0.6 38 0.8947368421052632 0.0 0.7 21 1.0 0.0 0.9 0 1 1
73 0.1 137 0.4744525547445255 0.0072992700729927005 0.4 72 0.7361111111111112 0.013888888888888888 0.5 59 0.7627118644067796 0.01694915254237288 0.6 47 0.851063829787234 0.02127659574468085 0.7 26 0.9615384615384616 0.0 0.9 0 1 1
73 0.1 233 0.27467811158798283 0.0 0.4 55 0.6727272727272727 0.0 0.5 31 0.8387096774193549 0.0 0.6 18 0.8888888888888888 0.0 0.7 3 0.6666666666666666 0.0 0.9 0 1 1
73 0.1 135 0.4666666666666667 0.037037037037037035 0.4 70 0.7 0.05714285714285714 0.5 62 0.7258064516129032 0.06451612903225806 0.6 48 0.8333333333333334 0.08333333333333333 0.7 33 0.9696969696969697 0.09090909090909091 0.9 0 1 1
73 0.1 107 0.5233644859813084 0.0 0.4 47 0.8297872340425532 0.0 0.5 39 0.8974358974358975 0.0 0.6 33 0.9090909090909091 0.0 0.7 19 0.9473684210526315 0.0 0.9 0 1 1
73 0.1 101 0.5841584158415841 0.0297029702970297 0.4 47 0.8936170212765957 0.06382978723404255 0.5 34 0.9411764705882353 0.058823529411764705 0.6 20 1.0 0.1 0.7 13 1.0 0.15384615384615385 0.9 0 1 1
73 0.1 153 0.43790849673202614 0.006535947712418301 0.4 81 0.6666666666666666 0.012345679012345678 0.5 67 0.7313432835820896 0.014925373134328358 0.6 54 0.8333333333333334 0.018518518518518517 0.7 35 0.8857142857142857 0.02857142857142857 0.9 0 1 1
73 0.1 147 0.46258503401360546 0.027210884353741496 0.4 66 0.7575757575757576 0.045454545454545456 0.5 53 0.7924528301886793 0.05660377358490566 0.6 35 0.9142857142857143 0.08571428571428572 0.7 18 1.0 0.1111111111111111 0.9 0 1 1
73 0.1 147 0.46938775510204084 0.006802721088435374 0.4 75 0.7066666666666667 0.013333333333333334 0.5 58 0.7758620689655172 0.017241379310344827 0.6 45 0.8666666666666667 0.022222222222222223 0.7 25 1.0 0.0 0.9 1 1.0 0.0
73 0.1 118 0.5338983050847458 0.01694915254237288 0.4 52 0.7884615384615384 0.038461538461538464 0.5 41 0.8780487804878049 0.024390243902439025 0.6 31 0.9354838709677419 0.03225806451612903 0.7 19 1.0 0.0 0.9 0 1 1
73 0.1 115 0.5391304347826087 0.008695652173913044 0.4 55 0.8181818181818182 0.01818181818181818 0.5 38 0.9736842105263158 0.02631578947368421 0.6 29 1.0 0.034482758620689655 0.7 18 1.0 0.05555555555555555 0.9 0 1 1
73 0.1 120 0.525 0.016666666666666666 0.4 56 0.75 0.017857142857142856 0.5 40 0.875 0.025 0.6 31 0.9354838709677419 0.03225806451612903 0.7 16 1.0 0.0625 0.9 0 1 1
73 0.1 136 0.49264705882352944 0.014705882352941176 0.4 69 0.7246376811594203 0.028985507246376812 0.5 55 0.8 0.01818181818181818 0.6 36 0.9166666666666666 0.027777777777777776 0.7 21 0.9523809523809523 0.047619047619047616 0.9 0 1 1
73 0.1 143 0.46153846153846156 0.013986013986013986 0.4 82 0.6829268292682927 0.024390243902439025 0.5 67 0.7611940298507462 0.029850746268656716 0.6 53 0.8301886792452831 0.03773584905660377 0.7 30 0.9666666666666667 0.06666666666666667 0.9 0 1 1
73 0.1 150 0.46 0.0 0.4 102 0.5980392156862745 0.0 0.5 80 0.6875 0.0 0.6 66 0.7424242424242424 0.0 0.7 47 0.8297872340425532 0.0 0.9 0 1 1
73 0.1 144 0.4861111111111111 0.013888888888888888 0.4 85 0.6588235294117647 0.023529411764705882 0.5 72 0.7222222222222222 0.027777777777777776 0.6 63 0.7619047619047619 0.031746031746031744 0.7 42 0.8809523809523809 0.047619047619047616 0.9 0 1 1
73 0.1 150 0.43333333333333335 0.006666666666666667 0.4 86 0.6395348837209303 0.011627906976744186 0.5 69 0.6956521739130435 0.014492753623188406 0.6 50 0.78 0.02 0.7 23 0.9565217391304348 0.0 0.9 1 1.0 0.0
73 0.1 115 0.5304347826086957 0.008695652173913044 0.4 63 0.7142857142857143 0.015873015873015872 0.5 45 0.8 0.022222222222222223 0.6 35 0.8857142857142857 0.02857142857142857 0.7 21 0.8571428571428571 0.047619047619047616 0.9 0 1 1
73 0.1 126 0.5317460317460317 0.023809523809523808 0.4 79 0.6835443037974683 0.0379746835443038 0.5 63 0.7936507936507936 0.047619047619047616 0.6 51 0.8431372549019608 0.0392156862745098 0.7 32 0.90625 0.0625 0.9 0 1 1
73 0.1 164 0.4329268292682927 0.0 0.4 102 0.6176470588235294 0.0 0.5 82 0.7073170731707317 0.0 0.6 66 0.7575757575757576 0.0 0.7 39 0.8974358974358975 0.0 0.9 0 1 1
73 0.1 122 0.5573770491803278 0.01639344262295082 0.4 65 0.7230769230769231 0.03076923076923077 0.5 53 0.8113207547169812 0.03773584905660377 0.6 48 0.7916666666666666 0.041666666666666664 0.7 33 0.8484848484848485 0.06060606060606061 0.9 0 1 1
73 0.1 124 0.49193548387096775 0.008064516129032258 0.4 56 0.7678571428571429 0.017857142857142856 0.5 49 0.8163265306122449 0.0 0.6 37 0.918918918918919 0.0 0.7 20 0.9 0.0 0.9 0 1 1
73 0.1 118 0.5254237288135594 0.0 0.4 55 0.8363636363636363 0.0 0.5 46 0.8695652173913043 0.0 0.6 31 0.9354838709677419 0.0 0.7 19 1.0 0.0 0.9 0 1 1
73 0.1 104 0.5769230769230769 0.0 0.4 49 0.7755102040816326 0.0 0.5 36 0.9166666666666666 0.0 0.6 27 0.9629629629629629 0.0 0.7 12 1.0 0.0 0.9 0 1 1
73 0.1 125 0.504 0.016 0.4 63 0.7619047619047619 0.015873015873015872 0.5 42 0.7857142857142857 0.023809523809523808 0.6 30 0.9 0.03333333333333333 0.7 15 0.8666666666666667 0.06666666666666667 0.9 0 1 1
73 0.1 128 0.515625 0.0078125 0.4 71 0.7183098591549296 0.014084507042253521 0.5 55 0.7818181818181819 0.01818181818181818 0.6 42 0.8571428571428571 0.0 0.7 25 0.92 0.0 0.9 0 1 1
73 0.1 131 0.4961832061068702 0.030534351145038167 0.4 84 0.6785714285714286 0.047619047619047616 0.5 68 0.7352941176470589 0.04411764705882353 0.6 53 0.8113207547169812 0.05660377358490566 0.7 35 0.8857142857142857 0.08571428571428572 0.9 1 1.0 0.0
73 0.1 126 0.5158730158730159 0.007936507936507936 0.4 72 0.75 0.013888888888888888 0.5 56 0.8035714285714286 0.017857142857142856 0.6 42 0.8571428571428571 0.023809523809523808 0.7 26 0.8846153846153846 0.0 0.9 0 1 1
73 0.1 130 0.5230769230769231 0.007692307692307693 0.4 78 0.717948717948718 0.01282051282051282 0.5 66 0.7727272727272727 0.015151515151515152 0.6 46 0.8478260869565217 0.021739130434782608 0.7 28 0.9642857142857143 0.03571428571428571 0.9 0 1 1
73 0.1 148 0.47297297297297297 0.006756756756756757 0.4 88 0.6704545454545454 0.011363636363636364 0.5 77 0.7012987012987013 0.012987012987012988 0.6 63 0.7777777777777778 0.015873015873015872 0.7 46 0.8695652173913043 0.021739130434782608 0.9 1 1.0 0.0
73 0.1 140 0.4928571428571429 0.007142857142857143 0.4 78 0.7564102564102564 0.01282051282051282 0.5 63 0.7619047619047619 0.015873015873015872 0.6 42 0.8809523809523809 0.023809523809523808 0.7 30 0.9333333333333333 0.03333333333333333 0.9 0 1 1
73 0.1 140 0.4714285714285714 0.014285714285714285 0.4 81 0.7037037037037037 0.012345679012345678 0.5 68 0.7205882352941176 0.014705882352941176 0.6 52 0.8076923076923077 0.019230769230769232 0.7 34 0.9117647058823529 0.029411764705882353 0.9 0 1 1
73 0.1 158 0.4430379746835443 0.0 0.4 96 0.6354166666666666 0.0 0.5 79 0.7341772151898734 0.0 0.6 65 0.7538461538461538 0.0 0.7 46 0.8478260869565217 0.0 0.9 0 1 1
73 0.1 122 0.5081967213114754 0.01639344262295082 0.4 64 0.75 0.03125 0.5 56 0.8035714285714286 0.03571428571428571 0.6 42 0.8571428571428571 0.047619047619047616 0.7 29 0.9310344827586207 0.034482758620689655 0.9 0 1 1
73 0.1 110 0.5727272727272728 0.00909090909090909 0.4 60 0.75 0.0 0.5 56 0.75 0.0 0.6 40 0.825 0.0 0.7 27 0.9629629629629629 0.0 0.9 0 1 1
73 0.1 140 0.4857142857142857 0.014285714285714285 0.4 79 0.6835443037974683 0.02531645569620253 0.5 70 0.7285714285714285 0.02857142857142857 0.6 51 0.8627450980392157 0.0392156862745098 0.7 37 0.918918918918919 0.05405405405405406 0.9 0 1 1
73 0.1 132 0.5151515151515151 0.007575757575757576 0.4 80 0.7125 0.0125 0.5 70 0.7428571428571429 0.014285714285714285 0.6 58 0.7758620689655172 0.017241379310344827 0.7 33 0.9393939393939394 0.0 0.9 0 1 1
73 0.1 97 0.5670103092783505 0.041237113402061855 0.4 53 0.7735849056603774 0.07547169811320754 0.5 41 0.8292682926829268 0.0975609756097561 0.6 34 0.8823529411764706 0.11764705882352941 0.7 20 1.0 0.2 0.9 0 1 1
73 0.1 131 0.5114503816793893 0.007633587786259542 0.4 71 0.7323943661971831 0.014084507042253521 0.5 60 0.7833333333333333 0.016666666666666666 0.6 50 0.82 0.02 0.7 32 0.96875 0.03125 0.9 0 1 1
73 0.1 122 0.5491803278688525 0.00819672131147541 0.4 66 0.7727272727272727 0.015151515151515152 0.5 58 0.8448275862068966 0.017241379310344827 0.6 45 0.8666666666666667 0.022222222222222223 0.7 34 0.9411764705882353 0.029411764705882353 0.9 0 1 1
73 0.1 118 0.5423728813559322 0.00847457627118644 0.4 69 0.7536231884057971 0.014492753623188406 0.5 59 0.7966101694915254 0.01694915254237288 0.6 41 0.8536585365853658 0.024390243902439025 0.7 25 0.96 0.04 0.9 0 1 1
73 0.1 123 0.5365853658536586 0.024390243902439025 0.4 77 0.7012987012987013 0.03896103896103896 0.5 61 0.7704918032786885 0.04918032786885246 0.6 45 0.8666666666666667 0.06666666666666667 0.7 26 0.9615384615384616 0.07692307692307693 0.9 0 1 1
73 0.1 118 0.5508474576271186 0.01694915254237288 0.4 65 0.7384615384615385 0.03076923076923077 0.5 49 0.8367346938775511 0.04081632653061224 0.6 42 0.9285714285714286 0.047619047619047616 0.7 26 0.9615384615384616 0.07692307692307693 0.9 0 1 1
73 0.1 94 0.574468085106383 0.010638297872340425 0.4 49 0.8163265306122449 0.02040816326530612 0.5 38 0.8947368421052632 0.02631578947368421 0.6 31 0.9032258064516129 0.03225806451612903 0.7 17 0.9411764705882353 0.058823529411764705 0.9 0 1 1
73 0.1 95 0.5684210526315789 0.042105263157894736 0.4 39 0.8461538461538461 0.07692307692307693 0.5 33 0.8484848484848485 0.09090909090909091 0.6 22 0.8636363636363636 0.09090909090909091 0.7 15 1.0 0.0 0.9 0 1 1
73 0.1 86 0.5930232558139535 0.03488372093023256 0.4 42 0.8333333333333334 0.07142857142857142 0.5 36 0.8888888888888888 0.08333333333333333 0.6 28 0.8928571428571429 0.10714285714285714 0.7 20 0.95 0.1 0.9 0 1 1
73 0.1 105 0.5619047619047619 0.0 0.4 57 0.8070175438596491 0.0 0.5 50 0.82 0.0 0.6 35 0.8571428571428571 0.0 0.7 27 0.9259259259259259 0.0 0.9 0 1 1
73 0.1 124 0.5241935483870968 0.016129032258064516 0.4 74 0.7162162162162162 0.02702702702702703 0.5 59 0.7796610169491526 0.01694915254237288 0.6 50 0.86 0.02 0.7 40 0.9 0.025 0.9 0 1 1
73 0.1 138 0.4855072463768116 0.007246376811594203 0.4 86 0.6627906976744186 0.011627906976744186 0.5 79 0.7215189873417721 0.012658227848101266 0.6 68 0.7647058823529411 0.014705882352941176 0.7 52 0.8461538461538461 0.019230769230769232 0.9 1 1.0 0.0
73 0.1 109 0.5504587155963303 0.01834862385321101 0.4 68 0.7352941176470589 0.029411764705882353 0.5 58 0.7931034482758621 0.017241379310344827 0.6 48 0.8333333333333334 0.020833333333333332 0.7 40 0.85 0.025 0.9 0 1 1
73 0.1 115 0.5130434782608696 0.008695652173913044 0.4 72 0.6666666666666666 0.013888888888888888 0.5 62 0.7419354838709677 0.016129032258064516 0.6 43 0.813953488372093 0.023255813953488372 0.7 36 0.8888888888888888 0.027777777777777776 0.9 0 1 1
73 0.1 115 0.5652173913043478 0.017391304347826087 0.4 78 0.717948717948718 0.02564102564102564 0.5 64 0.78125 0.03125 0.6 51 0.8431372549019608 0.0196078431372549 0.7 37 0.8918918918918919 0.02702702702702703 0.9 0 1 1
73 0.1 133 0.5112781954887218 0.03759398496240601 0.4 82 0.6951219512195121 0.04878048780487805 0.5 75 0.7333333333333333 0.05333333333333334 0.6 66 0.7727272727272727 0.06060606060606061 0.7 50 0.86 0.06 0.9 0 1 1
73 0.1 133 0.48120300751879697 0.0 0.4 83 0.6506024096385542 0.0 0.5 67 0.746268656716418 0.0 0.6 54 0.7962962962962963 0.0 0.7 38 0.868421052631579 0.0 0.9 0 1 1
73 0.1 136 0.47058823529411764 0.029411764705882353 0.4 89 0.6629213483146067 0.0449438202247191 0.5 72 0.7916666666666666 0.05555555555555555 0.6 63 0.8412698412698413 0.06349206349206349 0.7 47 0.851063829787234 0.06382978723404255 0.9 0 1 1
73 0.1 125 0.52 0.008 0.4 71 0.7746478873239436 0.014084507042253521 0.5 62 0.8225806451612904 0.016129032258064516 0.6 56 0.8214285714285714 0.017857142857142856 0.7 42 0.9047619047619048 0.023809523809523808 0.9 0 1 1
73 0.1 114 0.5526315789473685 0.008771929824561403 0.4 71 0.7323943661971831 0.0 0.5 65 0.7692307692307693 0.0 0.6 55 0.8181818181818182 0.0 0.7 46 0.8695652173913043 0.0 0.9 0 1 1
73 0.1 113 0.5575221238938053 0.035398230088495575 0.4 72 0.7222222222222222 0.05555555555555555 0.5 63 0.7936507936507936 0.06349206349206349 0.6 58 0.7931034482758621 0.05172413793103448 0.7 42 0.8809523809523809 0.07142857142857142 0.9 0 1 1
73 0.1 119 0.5630252100840336 0.025210084033613446 0.4 77 0.7012987012987013 0.03896103896103896 0.5 67 0.7611940298507462 0.04477611940298507 0.6 58 0.8103448275862069 0.05172413793103448 0.7 51 0.8235294117647058 0.058823529411764705 0.9 0 1 1
73 0.1 134 0.5149253731343284 0.0 0.4 84 0.6666666666666666 0.0 0.5 72 0.7222222222222222 0.0 0.6 61 0.7868852459016393 0.0 0.7 47 0.8936170212765957 0.0 0.9 0 1 1
73 0.1 127 0.5354330708661418 0.023622047244094488 0.4 76 0.75 0.039473684210526314 0.5 62 0.8225806451612904 0.04838709677419355 0.6 50 0.84 0.06 0.7 40 0.925 0.075 0.9 0 1 1
73 0.1 117 0.5470085470085471 0.03418803418803419 0.4 64 0.765625 0.0625 0.5 57 0.8245614035087719 0.05263157894736842 0.6 47 0.8723404255319149 0.0425531914893617 0.7 39 0.8974358974358975 0.05128205128205128 0.9 0 1 1
73 0.1 132 0.5075757575757576 0.030303030303030304 0.4 82 0.6829268292682927 0.04878048780487805 0.5 75 0.72 0.05333333333333334 0.6 61 0.7868852459016393 0.04918032786885246 0.7 49 0.8571428571428571 0.061224489795918366 0.9 1 1.0 0.0
73 0.1 113 0.5309734513274337 0.0 0.4 64 0.765625 0.0 0.5 55 0.8 0.0 0.6 45 0.8222222222222222 0.0 0.7 34 0.8529411764705882 0.0 0.9 0 1 1
73 0.1 128 0.4921875 0.0078125 0.4 67 0.746268656716418 0.014925373134328358 0.5 57 0.8070175438596491 0.017543859649122806 0.6 45 0.8666666666666667 0.0 0.7 35 0.9142857142857143 0.0 0.9 0 1 1
73 0.1 110 0.5454545454545454 0.0 0.4 63 0.746031746031746 0.0 0.5 50 0.84 0.0 0.6 42 0.8571428571428571 0.0 0.7 34 0.8529411764705882 0.0 0.9 0 1 1
73 0.1 110 0.5818181818181818 0.0 0.4 71 0.7183098591549296 0.0 0.5 57 0.7894736842105263 0.0 0.6 42 0.8333333333333334 0.0 0.7 34 0.9117647058823529 0.0 0.9 1 1.0 0.0
73 0.1 130 0.5307692307692308 0.0 0.4 77 0.7402597402597403 0.0 0.5 62 0.8064516129032258 0.0 0.6 51 0.8627450980392157 0.0 0.7 38 0.9210526315789473 0.0 0.9 1 1.0 0.0
73 0.1 143 0.46853146853146854 0.0 0.4 92 0.6847826086956522 0.0 0.5 75 0.76 0.0 0.6 65 0.7692307692307693 0.0 0.7 48 0.8125 0.0 0.9 1 1.0 0.0
73 0.1 148 0.4594594594594595 0.0 0.4 93 0.6559139784946236 0.0 0.5 85 0.6823529411764706 0.0 0.6 72 0.7638888888888888 0.0 0.7 57 0.8596491228070176 0.0 0.9 0 1 1
73 0.1 112 0.5446428571428571 0.008928571428571428 0.4 70 0.7285714285714285 0.014285714285714285 0.5 60 0.75 0.016666666666666666 0.6 49 0.8163265306122449 0.02040816326530612 0.7 39 0.8974358974358975 0.02564102564102564 0.9 0 1 1
73 0.1 137 0.48175182481751827 0.0 0.4 79 0.6835443037974683 0.0 0.5 70 0.7428571428571429 0.0 0.6 62 0.7903225806451613 0.0 0.7 54 0.8333333333333334 0.0 0.9 1 1.0 0.0
73 0.1 133 0.518796992481203 0.03759398496240601 0.4 82 0.6829268292682927 0.04878048780487805 0.5 69 0.7536231884057971 0.057971014492753624 0.6 58 0.7931034482758621 0.06896551724137931 0.7 47 0.851063829787234 0.06382978723404255 0.9 0 1 1
73 0.1 134 0.5 0.022388059701492536 0.4 82 0.6829268292682927 0.036585365853658534 0.5 68 0.7647058823529411 0.029411764705882353 0.6 61 0.7868852459016393 0.03278688524590164 0.7 45 0.9111111111111111 0.044444444444444446 0.9 0 1 1
73 0.1 111 0.5495495495495496 0.0 0.4 69 0.7391304347826086 0.0 0.5 63 0.7619047619047619 0.0 0.6 54 0.7777777777777778 0.0 0.7 42 0.8571428571428571 0.0 0.9 0 1 1
73 0.1 112 0.5535714285714286 0.026785714285714284 0.4 75 0.7066666666666667 0.04 0.5 65 0.7692307692307693 0.046153846153846156 0.6 54 0.7962962962962963 0.05555555555555555 0.7 45 0.8444444444444444 0.022222222222222223 0.9 0 1 1
73 0.1 123 0.5447154471544715 0.016260162601626018 0.4 78 0.7307692307692307 0.02564102564102564 0.5 69 0.7681159420289855 0.028985507246376812 0.6 59 0.8305084745762712 0.03389830508474576 0.7 44 0.8636363636363636 0.045454545454545456 0.9 0 1 1
73 0.1 114 0.5350877192982456 0.043859649122807015 0.4 68 0.6764705882352942 0.058823529411764705 0.5 56 0.75 0.07142857142857142 0.6 43 0.813953488372093 0.09302325581395349 0.7 37 0.8378378378378378 0.10810810810810811 0.9 1 1.0 0.0
73 0.1 120 0.5166666666666667 0.041666666666666664 0.4 73 0.6986301369863014 0.0684931506849315 0.5 59 0.7457627118644068 0.06779661016949153 0.6 47 0.8085106382978723 0.0851063829787234 0.7 38 0.868421052631579 0.10526315789473684 0.9 0 1 1
73 0.1 113 0.5929203539823009 0.008849557522123894 0.4 62 0.8064516129032258 0.016129032258064516 0.5 58 0.8275862068965517 0.017241379310344827 0.6 48 0.8125 0.020833333333333332 0.7 37 0.8918918918918919 0.02702702702702703 0.9 0 1 1
73 0.1 107 0.5981308411214953 0.028037383177570093 0.4 65 0.7692307692307693 0.046153846153846156 0.5 58 0.8103448275862069 0.05172413793103448 0.6 53 0.7924528301886793 0.05660377358490566 0.7 42 0.8333333333333334 0.047619047619047616 0.9 0 1 1
73 0.1 124 0.5241935483870968 0.024193548387096774 0.4 88 0.6704545454545454 0.03409090909090909 0.5 79 0.7088607594936709 0.0379746835443038 0.6 68 0.7647058823529411 0.04411764705882353 0.7 56 0.7857142857142857 0.05357142857142857 0.9 1 1.0 0.0
73 0.1 118 0.5423728813559322 0.025423728813559324 0.4 87 0.6666666666666666 0.034482758620689655 0.5 76 0.7236842105263158 0.039473684210526314 0.6 65 0.7538461538461538 0.046153846153846156 0.7 56 0.8035714285714286 0.05357142857142857 0.9 1 1.0 0.0
73 0.1 103 0.6019417475728155 0.0 0.4 73 0.7397260273972602 0.0 0.5 67 0.7611940298507462 0.0 0.6 58 0.7931034482758621 0.0 0.7 42 0.8571428571428571 0.0 0.9 0 1 1
73 0.1 121 0.5454545454545454 0.024793388429752067 0.4 80 0.75 0.0375 0.5 71 0.7887323943661971 0.04225352112676056 0.6 61 0.8032786885245902 0.04918032786885246 0.7 45 0.8666666666666667 0.06666666666666667 0.9 0 1 1
73 0.1 128 0.5234375 0.0234375 0.4 86 0.686046511627907 0.03488372093023256 0.5 77 0.7272727272727273 0.03896103896103896 0.6 66 0.7727272727272727 0.045454545454545456 0.7 50 0.8 0.04 0.9 3 1.0 0.0
73 0.1 127 0.5275590551181102 0.031496062992125984 0.4 86 0.6976744186046512 0.046511627906976744 0.5 78 0.7307692307692307 0.05128205128205128 0.6 71 0.7464788732394366 0.056338028169014086 0.7 58 0.8275862068965517 0.06896551724137931 0.9 1 1.0 0.0
73 0.1 115 0.5304347826086957 0.008695652173913044 0.4 78 0.6923076923076923 0.01282051282051282 0.5 67 0.7761194029850746 0.014925373134328358 0.6 62 0.8064516129032258 0.016129032258064516 0.7 54 0.8333333333333334 0.018518518518518517 0.9 1 1.0 0.0
73 0.1 124 0.5161290322580645 0.024193548387096774 0.4 82 0.6829268292682927 0.012195121951219513 0.5 76 0.7236842105263158 0.013157894736842105 0.6 64 0.765625 0.015625 0.7 56 0.8035714285714286 0.017857142857142856 0.9 1 1.0 0.0
73 0.1 128 0.5078125 0.015625 0.4 83 0.7108433734939759 0.024096385542168676 0.5 79 0.7341772151898734 0.02531645569620253 0.6 70 0.7428571428571429 0.02857142857142857 0.7 60 0.7666666666666667 0.03333333333333333 0.9 2 1.0 0.5
73 0.1 122 0.5245901639344263 0.03278688524590164 0.4 73 0.726027397260274 0.0547945205479452 0.5 69 0.7536231884057971 0.057971014492753624 0.6 58 0.7931034482758621 0.06896551724137931 0.7 50 0.84 0.08 0.9 1 1.0 0.0
73 0.1 101 0.5742574257425742 0.009900990099009901 0.4 57 0.7719298245614035 0.0 0.5 49 0.7959183673469388 0.0 0.6 43 0.813953488372093 0.0 0.7 36 0.9166666666666666 0.0 0.9 1 1.0 0.0
73 0.1 119 0.5126050420168067 0.008403361344537815 0.4 73 0.6986301369863014 0.0136986301369863 0.5 65 0.7692307692307693 0.015384615384615385 0.6 60 0.7833333333333333 0.016666666666666666 0.7 51 0.803921568627451 0.0196078431372549 0.9 2 1.0 0.5
73 0.1 104 0.5961538461538461 0.019230769230769232 0.4 65 0.7692307692307693 0.03076923076923077 0.5 58 0.7758620689655172 0.034482758620689655 0.6 50 0.82 0.04 0.7 41 0.8292682926829268 0.024390243902439025 0.9 0 1 1
73 0.1 103 0.5728155339805825 0.0 0.4 61 0.7377049180327869 0.0 0.5 52 0.7884615384615384 0.0 0.6 43 0.813953488372093 0.0 0.7 37 0.8648648648648649 0.0 0.9 0 1 1
73 0.1 109 0.5596330275229358 0.01834862385321101 0.4 69 0.6956521739130435 0.028985507246376812 0.5 61 0.7213114754098361 0.03278688524590164 0.6 50 0.8 0.04 0.7 38 0.868421052631579 0.05263157894736842 0.9 0 1 1
73 0.1 103 0.5631067961165048 0.009708737864077669 0.4 68 0.7205882352941176 0.014705882352941176 0.5 59 0.7457627118644068 0.01694915254237288 0.6 52 0.7692307692307693 0.019230769230769232 0.7 32 0.8125 0.0 0.9 0 1 1
73 0.1 130 0.49230769230769234 0.007692307692307693 0.4 71 0.7323943661971831 0.014084507042253521 0.5 65 0.7538461538461538 0.015384615384615385 0.6 59 0.7457627118644068 0.0 0.7 53 0.7924528301886793 0.0 0.9 1 1.0 0.0
73 0.1 96 0.5625 0.0 0.4 54 0.7222222222222222 0.0 0.5 47 0.723404255319149 0.0 0.6 37 0.8378378378378378 0.0 0.7 33 0.8484848484848485 0.0 0.9 0 1 1
73 0.1 119 0.5210084033613446 0.0 0.4 68 0.6911764705882353 0.0 0.5 61 0.7213114754098361 0.0 0.6 52 0.75 0.0 0.7 40 0.825 0.0 0.9 0 1 1
73 0.1 128 0.5078125 0.015625 0.4 78 0.6666666666666666 0.02564102564102564 0.5 71 0.6901408450704225 0.028169014084507043 0.6 62 0.7258064516129032 0.03225806451612903 0.7 45 0.8222222222222222 0.044444444444444446 0.9 2 1.0 0.0
73 0.1 123 0.5203252032520326 0.024390243902439025 0.4 75 0.72 0.04 0.5 62 0.7419354838709677 0.04838709677419355 0.6 50 0.78 0.06 0.7 43 0.813953488372093 0.06976744186046512 0.9 0 1 1
73 0.1 110 0.5454545454545454 0.02727272727272727 0.4 77 0.7142857142857143 0.03896103896103896 0.5 66 0.7575757575757576 0.030303030303030304 0.6 57 0.7719298245614035 0.03508771929824561 0.7 47 0.7872340425531915 0.0425531914893617 0.9 1 1.0 0.0
73 0.1 125 0.52 0.04 0.4 91 0.6593406593406593 0.054945054945054944 0.5 77 0.7532467532467533 0.05194805194805195 0.6 69 0.7681159420289855 0.043478260869565216 0.7 59 0.8135593220338984 0.05084745762711865 0.9 0 1 1
73 0.1 115 0.5304347826086957 0.034782608695652174 0.4 83 0.6385542168674698 0.04819277108433735 0.5 71 0.704225352112676 0.056338028169014086 0.6 56 0.75 0.07142857142857142 0.7 47 0.8297872340425532 0.06382978723404255 0.9 0 1 1
73 0.1 106 0.5660377358490566 0.018867924528301886 0.4 68 0.7205882352941176 0.014705882352941176 0.5 62 0.7258064516129032 0.016129032258064516 0.6 53 0.7924528301886793 0.018867924528301886 0.7 43 0.7674418604651163 0.0 0.9 0 1 1
73 0.1 107 0.5794392523364486 0.037383177570093455 0.4 69 0.7246376811594203 0.057971014492753624 0.5 60 0.7666666666666667 0.06666666666666667 0.6 54 0.7962962962962963 0.07407407407407407 0.7 45 0.8 0.06666666666666667 0.9 0 1 1
73 0.1 99 0.6060606060606061 0.04040404040404041 0.4 59 0.7627118644067796 0.06779661016949153 0.5 54 0.7592592592592593 0.037037037037037035 0.6 48 0.7916666666666666 0.041666666666666664 0.7 38 0.8157894736842105 0.05263157894736842 0.9 0 1 1
73 0.1 102 0.5686274509803921 0.0392156862745098 0.4 72 0.6944444444444444 0.041666666666666664 0.5 66 0.7272727272727273 0.045454545454545456 0.6 49 0.7346938775510204 0.04081632653061224 0.7 37 0.7297297297297297 0.0 0.9 0 1 1
73 0.1 103 0.5825242718446602 0.009708737864077669 0.4 66 0.7272727272727273 0.015151515151515152 0.5 58 0.7586206896551724 0.017241379310344827 0.6 51 0.7843137254901961 0.0196078431372549 0.7 44 0.7954545454545454 0.0 0.9 0 1 1
73 0.1 107 0.5887850467289719 0.018691588785046728 0.4 72 0.7222222222222222 0.013888888888888888 0.5 63 0.746031746031746 0.015873015873015872 0.6 55 0.7818181818181819 0.01818181818181818 0.7 46 0.8260869565217391 0.021739130434782608 0.9 0 1 1
73 0.1 130 0.5153846153846153 0.0 0.4 90 0.6888888888888889 0.0 0.5 84 0.7142857142857143 0.0 0.6 68 0.7205882352941176 0.0 0.7 61 0.7704918032786885 0.0 0.9 0 1 1
73 0.1 117 0.5726495726495726 0.02564102564102564 0.4 78 0.6794871794871795 0.038461538461538464 0.5 68 0.7058823529411765 0.029411764705882353 0.6 64 0.71875 0.03125 0.7 51 0.7843137254901961 0.0392156862745098 0.9 2 1.0 0.0
73 0.1 122 0.5327868852459017 0.03278688524590164 0.4 83 0.7108433734939759 0.04819277108433735 0.5 74 0.7702702702702703 0.05405405405405406 0.6 63 0.7301587301587301 0.047619047619047616 0.7 53 0.7735849056603774 0.05660377358490566 0.9 1 1.0 0.0
73 0.1 113 0.5752212389380531 0.035398230088495575 0.4 67 0.7761194029850746 0.04477611940298507 0.5 62 0.8064516129032258 0.04838709677419355 0.6 53 0.7924528301886793 0.05660377358490566 0.7 45 0.8 0.06666666666666667 0.9 0 1 1
73 0.1 104 0.5576923076923077 0.019230769230769232 0.4 75 0.6666666666666666 0.02666666666666667 0.5 67 0.7164179104477612 0.029850746268656716 0.6 58 0.7413793103448276 0.034482758620689655 0.7 51 0.803921568627451 0.0392156862745098 0.9 2 1.0 0.0
73 0.1 116 0.5431034482758621 0.034482758620689655 0.4 81 0.6666666666666666 0.04938271604938271 0.5 73 0.6986301369863014 0.0547945205479452 0.6 63 0.746031746031746 0.047619047619047616 0.7 56 0.7857142857142857 0.05357142857142857 0.9 0 1 1
73 0.1 104 0.5865384615384616 0.038461538461538464 0.4 70 0.7142857142857143 0.04285714285714286 0.5 63 0.7301587301587301 0.047619047619047616 0.6 56 0.75 0.03571428571428571 0.7 47 0.8085106382978723 0.0425531914893617 0.9 0 1 1
73 0.1 107 0.5420560747663551 0.0 0.4 70 0.7 0.0 0.5 60 0.7333333333333333 0.0 0.6 54 0.7592592592592593 0.0 0.7 43 0.7906976744186046 0.0 0.9 0 1 1
73 0.1 114 0.5263157894736842 0.017543859649122806 0.4 74 0.7027027027027027 0.02702702702702703 0.5 65 0.7384615384615385 0.03076923076923077 0.6 56 0.7678571428571429 0.03571428571428571 0.7 48 0.8125 0.041666666666666664 0.9 1 1.0 0.0
73 0.1 110 0.5545454545454546 0.00909090909090909 0.4 74 0.7297297297297297 0.013513513513513514 0.5 64 0.765625 0.015625 0.6 58 0.7758620689655172 0.017241379310344827 0.7 45 0.8222222222222222 0.022222222222222223 0.9 0 1 1
73 0.1 109 0.5596330275229358 0.027522935779816515 0.4 83 0.6987951807228916 0.03614457831325301 0.5 73 0.7397260273972602 0.0410958904109589 0.6 65 0.7538461538461538 0.046153846153846156 0.7 56 0.7857142857142857 0.05357142857142857 0.9 0 1 1
73 0.1 108 0.5925925925925926 0.046296296296296294 0.4 70 0.7571428571428571 0.07142857142857142 0.5 64 0.78125 0.078125 0.6 59 0.7796610169491526 0.0847457627118644 0.7 51 0.7647058823529411 0.0784313725490196 0.9 1 1.0 0.0
73 0.1 107 0.5981308411214953 0.028037383177570093 0.4 71 0.7464788732394366 0.04225352112676056 0.5 62 0.7903225806451613 0.04838709677419355 0.6 56 0.7857142857142857 0.05357142857142857 0.7 51 0.7843137254901961 0.058823529411764705 0.9 1 1.0 0.0
73 0.1 109 0.5688073394495413 0.0 0.4 75 0.72 0.0 0.5 70 0.7428571428571429 0.0 0.6 60 0.7666666666666667 0.0 0.7 50 0.78 0.0 0.9 0 1 1
73 0.1 109 0.5871559633027523 0.01834862385321101 0.4 71 0.7323943661971831 0.028169014084507043 0.5 60 0.7833333333333333 0.03333333333333333 0.6 55 0.7818181818181819 0.03636363636363636 0.7 47 0.7872340425531915 0.0425531914893617 0.9 2 1.0 0.0
73 0.1 107 0.5700934579439252 0.009345794392523364 0.4 71 0.7183098591549296 0.0 0.5 62 0.7419354838709677 0.0 0.6 57 0.7543859649122807 0.0 0.7 49 0.7142857142857143 0.0 0.9 1 1.0 0.0
73 0.1 106 0.5754716981132075 0.018867924528301886 0.4 67 0.6865671641791045 0.014925373134328358 0.5 63 0.6825396825396826 0.015873015873015872 0.6 52 0.7307692307692307 0.019230769230769232 0.7 46 0.7608695652173914 0.021739130434782608 0.9 1 1.0 0.0
73 0.1 116 0.5603448275862069 0.04310344827586207 0.4 80 0.675 0.05 0.5 68 0.7205882352941176 0.058823529411764705 0.6 66 0.7424242424242424 0.06060606060606061 0.7 56 0.75 0.05357142857142857 0.9 1 1.0 0.0
73 0.1 104 0.5576923076923077 0.04807692307692308 0.4 68 0.7058823529411765 0.04411764705882353 0.5 61 0.7377049180327869 0.04918032786885246 0.6 53 0.7735849056603774 0.05660377358490566 0.7 46 0.8260869565217391 0.06521739130434782 0.9 1 1.0 0.0
73 0.1 104 0.5865384615384616 0.0673076923076923 0.4 62 0.7419354838709677 0.08064516129032258 0.5 57 0.7543859649122807 0.08771929824561403 0.6 53 0.7735849056603774 0.09433962264150944 0.7 44 0.8181818181818182 0.09090909090909091 0.9 1 1.0 0.0
73 0.1 113 0.5752212389380531 0.0 0.4 86 0.6744186046511628 0.0 0.5 76 0.7368421052631579 0.0 0.6 64 0.765625 0.0 0.7 57 0.7543859649122807 0.0 0.9 0 1 1
73 0.1 107 0.5420560747663551 0.056074766355140186 0.4 72 0.6666666666666666 0.041666666666666664 0.5 61 0.7049180327868853 0.03278688524590164 0.6 55 0.7454545454545455 0.03636363636363636 0.7 48 0.7916666666666666 0.041666666666666664 0.9 0 1 1
73 0.1 119 0.5378151260504201 0.025210084033613446 0.4 70 0.6571428571428571 0.02857142857142857 0.5 65 0.6923076923076923 0.03076923076923077 0.6 57 0.7543859649122807 0.03508771929824561 0.7 48 0.75 0.041666666666666664 0.9 0 1 1
73 0.1 119 0.5210084033613446 0.01680672268907563 0.4 73 0.684931506849315 0.0273972602739726 0.5 68 0.7058823529411765 0.029411764705882353 0.6 56 0.7857142857142857 0.03571428571428571 0.7 46 0.8695652173913043 0.043478260869565216 0.9 0 1 1
73 0.1 113 0.5309734513274337 0.035398230088495575 0.4 74 0.7162162162162162 0.05405405405405406 0.5 66 0.7121212121212122 0.045454545454545456 0.6 59 0.7457627118644068 0.05084745762711865 0.7 50 0.82 0.04 0.9 0 1 1
73 0.1 98 0.5714285714285714 0.04081632653061224 0.4 65 0.6923076923076923 0.06153846153846154 0.5 56 0.75 0.07142857142857142 0.6 49 0.7551020408163265 0.08163265306122448 0.7 42 0.7857142857142857 0.07142857142857142 0.9 1 1.0 0.0
73 0.1 104 0.5769230769230769 0.009615384615384616 0.4 61 0.7377049180327869 0.01639344262295082 0.5 59 0.7457627118644068 0.01694915254237288 0.6 52 0.7692307692307693 0.019230769230769232 0.7 41 0.8048780487804879 0.024390243902439025 0.9 1 1.0 0.0
73 0.1 111 0.5675675675675675 0.0 0.4 71 0.7464788732394366 0.0 0.5 63 0.746031746031746 0.0 0.6 60 0.7333333333333333 0.0 0.7 50 0.78 0.0 0.9 1 1.0 0.0
73 0.1 88 0.5909090909090909 0.03409090909090909 0.4 65 0.676923076923077 0.046153846153846156 0.5 54 0.7592592592592593 0.05555555555555555 0.6 47 0.7659574468085106 0.06382978723404255 0.7 39 0.7435897435897436 0.07692307692307693 0.9 0 1 1
73 0.1 106 0.5754716981132075 0.05660377358490566 0.4 71 0.6901408450704225 0.08450704225352113 0.5 64 0.71875 0.09375 0.6 50 0.74 0.1 0.7 44 0.7272727272727273 0.11363636363636363 0.9 2 1.0 0.0
73 0.1 103 0.6019417475728155 0.05825242718446602 0.4 70 0.7571428571428571 0.08571428571428572 0.5 66 0.7575757575757576 0.09090909090909091 0.6 58 0.7758620689655172 0.08620689655172414 0.7 51 0.7647058823529411 0.09803921568627451 0.9 3 1.0 0.6666666666666666
73 0.1 111 0.5855855855855856 0.036036036036036036 0.4 77 0.7012987012987013 0.05194805194805195 0.5 72 0.7361111111111112 0.05555555555555555 0.6 65 0.7384615384615385 0.046153846153846156 0.7 56 0.7142857142857143 0.05357142857142857 0.9 1 1.0 1.0
73 0.1 123 0.5284552845528455 0.04065040650406504 0.4 82 0.6707317073170732 0.06097560975609756 0.5 73 0.7123287671232876 0.0684931506849315 0.6 67 0.746268656716418 0.07462686567164178 0.7 59 0.7457627118644068 0.06779661016949153 0.9 2 1.0 1.0
73 0.1 107 0.5514018691588785 0.028037383177570093 0.4 73 0.6986301369863014 0.0410958904109589 0.5 66 0.7424242424242424 0.045454545454545456 0.6 56 0.75 0.05357142857142857 0.7 50 0.78 0.06 0.9 0 1 1
73 0.1 112 0.5625 0.026785714285714284 0.4 71 0.704225352112676 0.04225352112676056 0.5 61 0.7213114754098361 0.03278688524590164 0.6 55 0.7454545454545455 0.03636363636363636 0.7 47 0.8085106382978723 0.0425531914893617 0.9 1 1.0 0.0
73 0.1 106 0.5660377358490566 0.05660377358490566 0.4 67 0.6716417910447762 0.08955223880597014 0.5 60 0.6833333333333333 0.1 0.6 53 0.7547169811320755 0.11320754716981132 0.7 43 0.7906976744186046 0.09302325581395349 0.9 0 1 1
73 0.1 113 0.5486725663716814 0.07079646017699115 0.4 77 0.6623376623376623 0.1038961038961039 0.5 65 0.6923076923076923 0.07692307692307693 0.6 60 0.7166666666666667 0.08333333333333333 0.7 53 0.7547169811320755 0.09433962264150944 0.9 1 1.0 0.0
73 0.1 104 0.5865384615384616 0.028846153846153848 0.4 66 0.6666666666666666 0.030303030303030304 0.5 58 0.7241379310344828 0.034482758620689655 0.6 52 0.7692307692307693 0.038461538461538464 0.7 46 0.8043478260869565 0.043478260869565216 0.9 2 1.0 0.5
73 0.1 110 0.5545454545454546 0.02727272727272727 0.4 78 0.6538461538461539 0.038461538461538464 0.5 64 0.75 0.046875 0.6 54 0.7777777777777778 0.037037037037037035 0.7 49 0.7755102040816326 0.04081632653061224 0.9 1 1.0 0.0
73 0.1 110 0.5545454545454546 0.03636363636363636 0.4 79 0.6708860759493671 0.0379746835443038 0.5 69 0.7101449275362319 0.043478260869565216 0.6 59 0.7627118644067796 0.05084745762711865 0.7 55 0.7636363636363637 0.05454545454545454 0.9 3 1.0 0.3333333333333333
73 0.1 119 0.5294117647058824 0.05042016806722689 0.4 79 0.6962025316455697 0.06329113924050633 0.5 73 0.726027397260274 0.0684931506849315 0.6 67 0.746268656716418 0.05970149253731343 0.7 59 0.7627118644067796 0.05084745762711865 0.9 3 1.0 0.3333333333333333
73 0.1 104 0.5961538461538461 0.04807692307692308 0.4 76 0.6973684210526315 0.039473684210526314 0.5 69 0.7101449275362319 0.043478260869565216 0.6 60 0.7666666666666667 0.05 0.7 51 0.7647058823529411 0.0392156862745098 0.9 0 1 1
73 0.1 111 0.5765765765765766 0.05405405405405406 0.4 85 0.6470588235294118 0.058823529411764705 0.5 76 0.7236842105263158 0.06578947368421052 0.6 64 0.75 0.078125 0.7 53 0.7547169811320755 0.07547169811320754 0.9 2 1.0 0.0
73 0.1 106 0.5943396226415094 0.009433962264150943 0.4 77 0.6883116883116883 0.012987012987012988 0.5 71 0.7183098591549296 0.014084507042253521 0.6 63 0.7142857142857143 0.015873015873015872 0.7 54 0.7592592592592593 0.018518518518518517 0.9 0 1 1
73 0.1 108 0.5370370370370371 0.037037037037037035 0.4 74 0.6486486486486487 0.04054054054054054 0.5 66 0.696969696969697 0.045454545454545456 0.6 58 0.7413793103448276 0.034482758620689655 0.7 53 0.7735849056603774 0.03773584905660377 0.9 4 1.0 0.25
73 0.1 110 0.5454545454545454 0.03636363636363636 0.4 78 0.6282051282051282 0.05128205128205128 0.5 71 0.676056338028169 0.04225352112676056 0.6 66 0.696969696969697 0.045454545454545456 0.7 57 0.7017543859649122 0.05263157894736842 0.9 1 1.0 1.0
73 0.1 104 0.5480769230769231 0.057692307692307696 0.4 68 0.7058823529411765 0.058823529411764705 0.5 60 0.7166666666666667 0.06666666666666667 0.6 56 0.7321428571428571 0.07142857142857142 0.7 52 0.7692307692307693 0.07692307692307693 0.9 0 1 1
73 0.1 97 0.6082474226804123 0.041237113402061855 0.4 71 0.7183098591549296 0.04225352112676056 0.5 66 0.7575757575757576 0.045454545454545456 0.6 57 0.7719298245614035 0.05263157894736842 0.7 50 0.8 0.06 0.9 0 1 1
73 0.1 98 0.5918367346938775 0.030612244897959183 0.4 67 0.7014925373134329 0.029850746268656716 0.5 65 0.7230769230769231 0.03076923076923077 0.6 59 0.7288135593220338 0.03389830508474576 0.7 49 0.7755102040816326 0.02040816326530612 0.9 0 1 1
73 0.1 105 0.5619047619047619 0.01904761904761905 0.4 69 0.6811594202898551 0.014492753623188406 0.5 63 0.6984126984126984 0.0 0.6 58 0.7241379310344828 0.0 0.7 50 0.74 0.0 0.9 4 1.0 0.0
73 0.1 99 0.5858585858585859 0.020202020202020204 0.4 70 0.7142857142857143 0.02857142857142857 0.5 66 0.7121212121212122 0.030303030303030304 0.6 63 0.7142857142857143 0.031746031746031744 0.7 49 0.7346938775510204 0.04081632653061224 0.9 5 1.0 0.2
73 0.1 97 0.5979381443298969 0.030927835051546393 0.4 67 0.7164179104477612 0.029850746268656716 0.5 61 0.7377049180327869 0.03278688524590164 0.6 55 0.7272727272727273 0.03636363636363636 0.7 48 0.7291666666666666 0.020833333333333332 0.9 2 1.0 0.0
73 0.1 104 0.5865384615384616 0.04807692307692308 0.4 75 0.6933333333333334 0.05333333333333334 0.5 68 0.6764705882352942 0.04411764705882353 0.6 60 0.7166666666666667 0.05 0.7 51 0.7647058823529411 0.058823529411764705 0.9 1 1.0 1.0
73 0.1 84 0.6071428571428571 0.03571428571428571 0.4 54 0.7037037037037037 0.037037037037037035 0.5 46 0.7608695652173914 0.043478260869565216 0.6 40 0.8 0.05 0.7 35 0.8285714285714286 0.05714285714285714 0.9 0 1 1
73 0.1 109 0.5688073394495413 0.03669724770642202 0.4 70 0.7285714285714285 0.05714285714285714 0.5 63 0.746031746031746 0.047619047619047616 0.6 56 0.75 0.03571428571428571 0.7 49 0.7551020408163265 0.04081632653061224 0.9 2 1.0 0.0
73 0.1 105 0.580952380952381 0.06666666666666667 0.4 76 0.6578947368421053 0.07894736842105263 0.5 66 0.696969696969697 0.09090909090909091 0.6 60 0.7166666666666667 0.08333333333333333 0.7 52 0.7307692307692307 0.09615384615384616 0.9 2 1.0 0.5
73 0.1 97 0.5773195876288659 0.08247422680412371 0.4 68 0.7058823529411765 0.08823529411764706 0.5 60 0.75 0.08333333333333333 0.6 57 0.7368421052631579 0.08771929824561403 0.7 49 0.7551020408163265 0.061224489795918366 0.9 4 1.0 0.25
73 0.1 99 0.5858585858585859 0.06060606060606061 0.4 72 0.6944444444444444 0.06944444444444445 0.5 65 0.7384615384615385 0.07692307692307693 0.6 59 0.7288135593220338 0.0847457627118644 0.7 50 0.76 0.08 0.9 6 1.0 0.3333333333333333
73 0.1 102 0.5784313725490197 0.0392156862745098 0.4 73 0.684931506849315 0.0410958904109589 0.5 65 0.7230769230769231 0.046153846153846156 0.6 57 0.7543859649122807 0.017543859649122806 0.7 54 0.7962962962962963 0.018518518518518517 0.9 2 1.0 0.0
73 0.1 91 0.6153846153846154 0.04395604395604396 0.4 69 0.7246376811594203 0.043478260869565216 0.5 60 0.7666666666666667 0.03333333333333333 0.6 56 0.7678571428571429 0.03571428571428571 0.7 49 0.7959183673469388 0.04081632653061224 0.9 1 1.0 0.0
73 0.1 105 0.5333333333333333 0.0380952380952381 0.4 73 0.6712328767123288 0.0547945205479452 0.5 63 0.6984126984126984 0.06349206349206349 0.6 59 0.7457627118644068 0.06779661016949153 0.7 52 0.7692307692307693 0.057692307692307696 0.9 1 1.0 1.0
73 0.1 91 0.5604395604395604 0.03296703296703297 0.4 64 0.703125 0.03125 0.5 60 0.7333333333333333 0.03333333333333333 0.6 51 0.7450980392156863 0.0196078431372549 0.7 49 0.7346938775510204 0.02040816326530612 0.9 4 1.0 0.25
73 0.1 91 0.5604395604395604 0.03296703296703297 0.4 66 0.6515151515151515 0.045454545454545456 0.5 59 0.6779661016949152 0.03389830508474576 0.6 53 0.7169811320754716 0.03773584905660377 0.7 48 0.75 0.041666666666666664 0.9 4 1.0 0.0
73 0.1 106 0.5660377358490566 0.02830188679245283 0.4 71 0.7183098591549296 0.04225352112676056 0.5 69 0.7391304347826086 0.043478260869565216 0.6 62 0.7258064516129032 0.04838709677419355 0.7 53 0.7547169811320755 0.05660377358490566 0.9 3 1.0 0.3333333333333333
73 0.1 100 0.59 0.04 0.4 71 0.7323943661971831 0.056338028169014086 0.5 64 0.75 0.0625 0.6 62 0.7419354838709677 0.06451612903225806 0.7 49 0.7551020408163265 0.061224489795918366 0.9 6 1.0 0.3333333333333333
73 0.1 116 0.5431034482758621 0.034482758620689655 0.4 77 0.7272727272727273 0.05194805194805195 0.5 72 0.7361111111111112 0.05555555555555555 0.6 72 0.7361111111111112 0.05555555555555555 0.7 58 0.7586206896551724 0.05172413793103448 0.9 2 1.0 0.5
73 0.1 116 0.5603448275862069 0.034482758620689655 0.4 84 0.6785714285714286 0.03571428571428571 0.5 75 0.7333333333333333 0.04 0.6 67 0.7313432835820896 0.04477611940298507 0.7 60 0.7666666666666667 0.05 0.9 4 1.0 0.25
73 0.1 112 0.5625 0.017857142857142856 0.4 76 0.7105263157894737 0.013157894736842105 0.5 71 0.7183098591549296 0.014084507042253521 0.6 66 0.7575757575757576 0.015151515151515152 0.7 50 0.78 0.02 0.9 1 1.0 0.0
73 0.1 116 0.5431034482758621 0.04310344827586207 0.4 77 0.6363636363636364 0.05194805194805195 0.5 66 0.6818181818181818 0.06060606060606061 0.6 64 0.703125 0.0625 0.7 57 0.7192982456140351 0.07017543859649122 0.9 2 1.0 0.0
73 0.1 117 0.5384615384615384 0.042735042735042736 0.4 80 0.675 0.05 0.5 74 0.7027027027027027 0.05405405405405406 0.6 68 0.7352941176470589 0.058823529411764705 0.7 58 0.7586206896551724 0.06896551724137931 0.9 3 1.0 0.3333333333333333
73 0.1 103 0.5631067961165048 0.019417475728155338 0.4 69 0.6956521739130435 0.028985507246376812 0.5 63 0.7301587301587301 0.031746031746031744 0.6 58 0.7586206896551724 0.034482758620689655 0.7 52 0.7692307692307693 0.019230769230769232 0.9 2 1.0 0.0
73 0.1 95 0.5789473684210527 0.05263157894736842 0.4 71 0.6901408450704225 0.07042253521126761 0.5 64 0.703125 0.078125 0.6 58 0.7413793103448276 0.08620689655172414 0.7 54 0.7592592592592593 0.09259259259259259 0.9 3 1.0 0.3333333333333333
73 0.1 95 0.5789473684210527 0.05263157894736842 0.4 63 0.7301587301587301 0.047619047619047616 0.5 60 0.75 0.05 0.6 52 0.7884615384615384 0.057692307692307696 0.7 45 0.8222222222222222 0.06666666666666667 0.9 4 1.0 0.25
73 0.1 104 0.5192307692307693 0.028846153846153848 0.4 71 0.6901408450704225 0.04225352112676056 0.5 64 0.703125 0.046875 0.6 59 0.7457627118644068 0.05084745762711865 0.7 49 0.7959183673469388 0.061224489795918366 0.9 2 1.0 0.0
73 0.1 108 0.5555555555555556 0.027777777777777776 0.4 76 0.6578947368421053 0.02631578947368421 0.5 70 0.7 0.02857142857142857 0.6 65 0.7230769230769231 0.03076923076923077 0.7 53 0.7547169811320755 0.03773584905660377 0.9 0 1 1
73 0.1 107 0.5420560747663551 0.018691588785046728 0.4 78 0.6666666666666666 0.02564102564102564 0.5 70 0.7428571428571429 0.02857142857142857 0.6 63 0.746031746031746 0.031746031746031744 0.7 54 0.8148148148148148 0.037037037037037035 0.9 2 1.0 1.0
73 0.1 104 0.5384615384615384 0.028846153846153848 0.4 72 0.6944444444444444 0.041666666666666664 0.5 64 0.734375 0.046875 0.6 59 0.7796610169491526 0.03389830508474576 0.7 54 0.8148148148148148 0.037037037037037035 0.9 3 1.0 0.0
73 0.1 111 0.5315315315315315 0.02702702702702703 0.4 79 0.6582278481012658 0.0379746835443038 0.5 70 0.7285714285714285 0.04285714285714286 0.6 62 0.7580645161290323 0.04838709677419355 0.7 58 0.7758620689655172 0.034482758620689655 0.9 5 0.8 0.4
73 0.1 99 0.5555555555555556 0.08080808080808081 0.4 71 0.6901408450704225 0.11267605633802817 0.5 65 0.7384615384615385 0.12307692307692308 0.6 60 0.75 0.11666666666666667 0.7 52 0.7884615384615384 0.1346153846153846 0.9 4 1.0 0.5
73 0.1 103 0.5436893203883495 0.02912621359223301 0.4 76 0.631578947368421 0.039473684210526314 0.5 66 0.696969696969697 0.030303030303030304 0.6 63 0.7142857142857143 0.031746031746031744 0.7 54 0.7777777777777778 0.037037037037037035 0.9 2 1.0 0.5
73 0.1 94 0.5425531914893617 0.031914893617021274 0.4 63 0.6825396825396826 0.047619047619047616 0.5 54 0.7407407407407407 0.05555555555555555 0.6 52 0.75 0.057692307692307696 0.7 45 0.7777777777777778 0.06666666666666667 0.9 3 1.0 0.3333333333333333
73 0.1 101 0.49504950495049505 0.04950495049504951 0.4 66 0.6363636363636364 0.07575757575757576 0.5 57 0.6842105263157895 0.07017543859649122 0.6 50 0.7 0.08 0.7 45 0.7555555555555555 0.08888888888888889 0.9 6 0.8333333333333334 0.3333333333333333
73 0.1 114 0.5526315789473685 0.07017543859649122 0.4 81 0.654320987654321 0.08641975308641975 0.5 72 0.6805555555555556 0.09722222222222222 0.6 66 0.7121212121212122 0.10606060606060606 0.7 57 0.7543859649122807 0.12280701754385964 0.9 3 1.0 0.6666666666666666
73 0.1 112 0.5446428571428571 0.0625 0.4 74 0.6486486486486487 0.0945945945945946 0.5 67 0.6716417910447762 0.1044776119402985 0.6 61 0.7213114754098361 0.09836065573770492 0.7 52 0.7692307692307693 0.11538461538461539 0.9 0 1 1
73 0.1 103 0.5533980582524272 0.06796116504854369 0.4 69 0.6811594202898551 0.10144927536231885 0.5 67 0.6865671641791045 0.1044776119402985 0.6 63 0.7142857142857143 0.1111111111111111 0.7 56 0.75 0.125 0.9 3 1.0 0.3333333333333333
73 0.1 103 0.5533980582524272 0.06796116504854369 0.4 74 0.6621621621621622 0.0945945945945946 0.5 69 0.6666666666666666 0.10144927536231885 0.6 66 0.6818181818181818 0.10606060606060606 0.7 53 0.7924528301886793 0.1320754716981132 0.9 3 1.0 0.6666666666666666
73 0.1 93 0.5698924731182796 0.021505376344086023 0.4 69 0.6811594202898551 0.028985507246376812 0.5 67 0.7014925373134329 0.029850746268656716 0.6 62 0.6774193548387096 0.03225806451612903 0.7 51 0.7450980392156863 0.0392156862745098 0.9 3 1.0 0.0
73 0.1 96 0.6041666666666666 0.03125 0.4 67 0.7164179104477612 0.04477611940298507 0.5 64 0.71875 0.046875 0.6 62 0.7419354838709677 0.04838709677419355 0.7 54 0.7407407407407407 0.05555555555555555 0.9 3 1.0 0.3333333333333333
73 0.1 103 0.5922330097087378 0.038834951456310676 0.4 75 0.68 0.05333333333333334 0.5 71 0.704225352112676 0.056338028169014086 0.6 66 0.696969696969697 0.06060606060606061 0.7 57 0.7368421052631579 0.07017543859649122 0.9 4 1.0 0.25
73 0.1 109 0.5596330275229358 0.05504587155963303 0.4 77 0.6623376623376623 0.06493506493506493 0.5 70 0.7142857142857143 0.07142857142857142 0.6 62 0.7096774193548387 0.06451612903225806 0.7 55 0.7090909090909091 0.05454545454545454 0.9 2 1.0 0.0
73 0.1 107 0.5607476635514018 0.04672897196261682 0.4 80 0.6375 0.05 0.5 70 0.6857142857142857 0.05714285714285714 0.6 60 0.7 0.06666666666666667 0.7 55 0.7454545454545455 0.07272727272727272 0.9 1 1.0 0.0
73 0.1 113 0.5575221238938053 0.07964601769911504 0.4 77 0.6623376623376623 0.11688311688311688 0.5 71 0.676056338028169 0.1267605633802817 0.6 65 0.7076923076923077 0.12307692307692308 0.7 57 0.7368421052631579 0.14035087719298245 0.9 4 1.0 0.25
73 0.1 111 0.5405405405405406 0.08108108108108109 0.4 79 0.6582278481012658 0.11392405063291139 0.5 71 0.6901408450704225 0.1267605633802817 0.6 62 0.7258064516129032 0.14516129032258066 0.7 58 0.7241379310344828 0.15517241379310345 0.9 5 1.0 0.4
73 0.1 111 0.5315315315315315 0.036036036036036036 0.4 76 0.6578947368421053 0.05263157894736842 0.5 71 0.676056338028169 0.056338028169014086 0.6 65 0.7076923076923077 0.06153846153846154 0.7 58 0.7241379310344828 0.06896551724137931 0.9 3 1.0 0.6666666666666666
73 0.1 100 0.56 0.09 0.4 73 0.6712328767123288 0.1232876712328767 0.5 66 0.7121212121212122 0.12121212121212122 0.6 59 0.7457627118644068 0.13559322033898305 0.7 51 0.7843137254901961 0.13725490196078433 0.9 6 1.0 0.3333333333333333
73 0.1 96 0.5208333333333334 0.052083333333333336 0.4 69 0.6231884057971014 0.057971014492753624 0.5 56 0.6785714285714286 0.07142857142857142 0.6 50 0.74 0.06 0.7 45 0.7777777777777778 0.06666666666666667 0.9 5 1.0 0.2
73 0.1 106 0.5471698113207547 0.05660377358490566 0.4 78 0.6410256410256411 0.0641025641025641 0.5 69 0.6666666666666666 0.07246376811594203 0.6 61 0.7213114754098361 0.08196721311475409 0.7 51 0.7647058823529411 0.09803921568627451 0.9 2 1.0 0.5
73 0.1 97 0.5773195876288659 0.05154639175257732 0.4 70 0.7142857142857143 0.05714285714285714 0.5 63 0.7142857142857143 0.06349206349206349 0.6 61 0.7377049180327869 0.06557377049180328 0.7 53 0.7547169811320755 0.07547169811320754 0.9 4 1.0 0.25
73 0.1 105 0.5714285714285714 0.06666666666666667 0.4 73 0.684931506849315 0.0958904109589041 0.5 69 0.6956521739130435 0.07246376811594203 0.6 63 0.7142857142857143 0.07936507936507936 0.7 48 0.8125 0.08333333333333333 0.9 8 1.0 0.125
73 0.1 101 0.5544554455445545 0.0594059405940594 0.4 77 0.6493506493506493 0.07792207792207792 0.5 69 0.6666666666666666 0.07246376811594203 0.6 60 0.7166666666666667 0.06666666666666667 0.7 51 0.7843137254901961 0.058823529411764705 0.9 2 1.0 0.0
73 0.1 110 0.5454545454545454 0.03636363636363636 0.4 81 0.6666666666666666 0.04938271604938271 0.5 69 0.6811594202898551 0.043478260869565216 0.6 63 0.7301587301587301 0.047619047619047616 0.7 51 0.7843137254901961 0.058823529411764705 0.9 2 1.0 0.5
73 0.1 100 0.59 0.06 0.4 69 0.6811594202898551 0.07246376811594203 0.5 63 0.7142857142857143 0.06349206349206349 0.6 58 0.7068965517241379 0.05172413793103448 0.7 48 0.7916666666666666 0.0625 0.9 3 1.0 0.6666666666666666
73 0.1 96 0.5833333333333334 0.052083333333333336 0.4 68 0.6911764705882353 0.07352941176470588 0.5 59 0.7288135593220338 0.0847457627118644 0.6 55 0.7272727272727273 0.09090909090909091 0.7 46 0.8043478260869565 0.10869565217391304 0.9 3 1.0 0.6666666666666666
73 0.1 96 0.5833333333333334 0.041666666666666664 0.4 67 0.6716417910447762 0.05970149253731343 0.5 60 0.6833333333333333 0.06666666666666667 0.6 54 0.7222222222222222 0.05555555555555555 0.7 48 0.7708333333333334 0.0625 0.9 4 1.0 0.5
73 0.1 95 0.5684210526315789 0.021052631578947368 0.4 71 0.6619718309859155 0.028169014084507043 0.5 63 0.7142857142857143 0.015873015873015872 0.6 59 0.711864406779661 0.01694915254237288 0.7 49 0.7755102040816326 0.02040816326530612 0.9 8 1.0 0.125
73 0.1 104 0.5480769230769231 0.028846153846153848 0.4 72 0.6666666666666666 0.041666666666666664 0.5 68 0.6911764705882353 0.029411764705882353 0.6 61 0.7049180327868853 0.03278688524590164 0.7 50 0.8 0.04 0.9 3 1.0 0.3333333333333333
73 0.1 99 0.5757575757575758 0.06060606060606061 0.4 69 0.6666666666666666 0.07246376811594203 0.5 63 0.6825396825396826 0.07936507936507936 0.6 50 0.74 0.1 0.7 44 0.8181818181818182 0.11363636363636363 0.9 0 1 1
73 0.1 96 0.5833333333333334 0.09375 0.4 70 0.6714285714285714 0.1 0.5 63 0.6825396825396826 0.1111111111111111 0.6 58 0.7068965517241379 0.1206896551724138 0.7 52 0.75 0.1346153846153846 0.9 0 1 1
73 0.1 103 0.5631067961165048 0.05825242718446602 0.4 77 0.6623376623376623 0.06493506493506493 0.5 68 0.7058823529411765 0.07352941176470588 0.6 61 0.7213114754098361 0.08196721311475409 0.7 50 0.76 0.08 0.9 0 1 1
73 0.1 105 0.5619047619047619 0.01904761904761905 0.4 79 0.6835443037974683 0.02531645569620253 0.5 72 0.7222222222222222 0.027777777777777776 0.6 66 0.7575757575757576 0.030303030303030304 0.7 56 0.8035714285714286 0.03571428571428571 0.9 1 1.0 0.0
73 0.1 102 0.5490196078431373 0.06862745098039216 0.4 74 0.6621621621621622 0.0945945945945946 0.5 65 0.7076923076923077 0.1076923076923077 0.6 58 0.7586206896551724 0.1206896551724138 0.7 49 0.7755102040816326 0.14285714285714285 0.9 2 1.0 0.0
73 0.1 111 0.5585585585585585 0.02702702702702703 0.4 85 0.6588235294117647 0.03529411764705882 0.5 76 0.6973684210526315 0.039473684210526314 0.6 66 0.7424242424242424 0.045454545454545456 0.7 57 0.7543859649122807 0.03508771929824561 0.9 4 1.0 0.0
