13 0.1 0 1 1 0.4 0 1 1 0.5 0 1 1 0.6 0 1 1 0.7 0 1 1 0.9 0 1 1
13 0.1 4 0.25 0.0 0.4 0 1 1 0.5 0 1 1 0.6 0 1 1 0.7 0 1 1 0.9 0 1 1
13 0.1 104 0.07692307692307693 0.0 0.4 0 1 1 0.5 0 1 1 0.6 0 1 1 0.7 0 1 1 0.9 0 1 1
13 0.1 90 0.05555555555555555 0.0 0.4 5 0.2 0.0 0.5 1 0.0 0.0 0.6 0 1 1 0.7 0 1 1 0.9 0 1 1
13 0.1 308 0.03896103896103896 0.0 0.4 55 0.14545454545454545 0.0 0.5 23 0.2608695652173913 0.0 0.6 6 0.5 0.0 0.7 0 1 1 0.9 0 1 1
13 0.1 112 0.09821428571428571 0.0 0.4 6 0.3333333333333333 0.0 0.5 0 1 1 0.6 0 1 1 0.7 0 1 1 0.9 0 1 1
13 0.1 194 0.05670103092783505 0.0 0.4 25 0.16 0.0 0.5 8 0.25 0.0 0.6 0 1 1 0.7 0 1 1 0.9 0 1 1
13 0.1 139 0.08633093525179857 0.0 0.4 1 1.0 0.0 0.5 0 1 1 0.6 0 1 1 0.7 0 1 1 0.9 0 1 1
13 0.1 86 0.12790697674418605 0.0 0.4 6 0.6666666666666666 0.0 0.5 3 0.6666666666666666 0.0 0.6 2 0.5 0.0 0.7 0 1 1 0.9 0 1 1
13 0.1 112 0.09821428571428571 0.0 0.4 12 0.5833333333333334 0.0 0.5 3 1.0 0.0 0.6 0 1 1 0.7 0 1 1 0.9 0 1 1
13 0.1 112 0.09821428571428571 0.0 0.4 11 0.6363636363636364 0.0 0.5 3 0.6666666666666666 0.0 0.6 0 1 1 0.7 0 1 1 0.9 0 1 1
13 0.1 70 0.12857142857142856 0.0 0.4 6 0.6666666666666666 0.0 0.5 3 0.6666666666666666 0.0 0.6 2 1.0 0.0 0.7 0 1 1 0.9 0 1 1
13 0.1 7 0.42857142857142855 0.0 0.4 0 1 1 0.5 0 1 1 0.6 0 1 1 0.7 0 1 1 0.9 0 1 1
13 0.1 9 0.4444444444444444 0.0 0.4 0 1 1 0.5 0 1 1 0.6 0 1 1 0.7 0 1 1 0.9 0 1 1
13 0.1 127 0.09448818897637795 0.0 0.4 34 0.29411764705882354 0.0 0.5 21 0.3333333333333333 0.0 0.6 14 0.5 0.0 0.7 7 0.7142857142857143 0.0 0.9 0 1 1
13 0.1 70 0.17142857142857143 0.0 0.4 23 0.43478260869565216 0.0 0.5 15 0.4666666666666667 0.0 0.6 9 0.5555555555555556 0.0 0.7 4 0.5 0.0 0.9 0 1 1
13 0.1 56 0.17857142857142858 0.0 0.4 17 0.47058823529411764 0.0 0.5 9 0.5555555555555556 0.0 0.6 3 1.0 0.0 0.7 1 1.0 0.0 0.9 0 1 1
13 0.1 74 0.16216216216216217 0.0 0.4 23 0.2608695652173913 0.0 0.5 12 0.4166666666666667 0.0 0.6 7 0.42857142857142855 0.0 0.7 1 1.0 0.0 0.9 0 1 1
13 0.1 13 0.15384615384615385 0.0 0.4 0 1 1 0.5 0 1 1 0.6 0 1 1 0.7 0 1 1 0.9 0 1 1
13 0.1 76 0.14473684210526316 0.0 0.4 13 0.38461538461538464 0.0 0.5 5 0.6 0.0 0.6 3 1.0 0.0 0.7 0 1 1 0.9 0 1 1
13 0.1 23 0.2608695652173913 0.0 0.4 2 0.5 0.0 0.5 1 1.0 0.0 0.6 0 1 1 0.7 0 1 1 0.9 0 1 1
13 0.1 16 0.3125 0.0 0.4 3 1.0 0.0 0.5 1 1.0 0.0 0.6 1 1.0 0.0 0.7 1 1.0 0.0 0.9 0 1 1
13 0.1 60 0.21666666666666667 0.0 0.4 25 0.44 0.0 0.5 16 0.5 0.0 0.6 10 0.6 0.0 0.7 4 0.75 0.0 0.9 0 1 1
13 0.1 4 0.5 0.0 0.4 0 1 1 0.5 0 1 1 0.6 0 1 1 0.7 0 1 1 0.9 0 1 1
13 0.1 93 0.12903225806451613 0.0 0.4 28 0.25 0.0 0.5 14 0.42857142857142855 0.0 0.6 5 0.6 0.0 0.7 1 0.0 0.0 0.9 0 1 1
13 0.1 40 0.25 0.0 0.4 13 0.5384615384615384 0.0 0.5 10 0.5 0.0 0.6 7 0.42857142857142855 0.0 0.7 3 0.3333333333333333 0.0 0.9 0 1 1
13 0.1 20 0.45 0.0 0.4 6 0.6666666666666666 0.0 0.5 4 0.5 0.0 0.6 2 1.0 0.0 0.7 0 1 1 0.9 0 1 1
13 0.1 0 1 1 0.4 0 1 1 0.5 0 1 1 0.6 0 1 1 0.7 0 1 1 0.9 0 1 1
13 0.1 0 1 1 0.4 0 1 1 0.5 0 1 1 0.6 0 1 1 0.7 0 1 1 0.9 0 1 1
13 0.1 1 0.0 0.0 0.4 0 1 1 0.5 0 1 1 0.6 0 1 1 0.7 0 1 1 0.9 0 1 1
13 0.1 17 0.11764705882352941 0.0 0.4 0 1 1 0.5 0 1 1 0.6 0 1 1 0.7 0 1 1 0.9 0 1 1
13 0.1 39 0.10256410256410256 0.0 0.4 7 0.2857142857142857 0.0 0.5 4 0.25 0.0 0.6 0 1 1 0.7 0 1 1 0.9 0 1 1
13 0.1 0 1 1 0.4 0 1 1 0.5 0 1 1 0.6 0 1 1 0.7 0 1 1 0.9 0 1 1
13 0.1 0 1 1 0.4 0 1 1 0.5 0 1 1 0.6 0 1 1 0.7 0 1 1 0.9 0 1 1
13 0.1 18 0.3888888888888889 0.0 0.4 1 1.0 0.0 0.5 1 1.0 0.0 0.6 1 1.0 0.0 0.7 0 1 1 0.9 0 1 1
13 0.1 3 0.0 0.0 0.4 0 1 1 0.5 0 1 1 0.6 0 1 1 0.7 0 1 1 0.9 0 1 1
13 0.1 77 0.11688311688311688 0.0 0.4 12 0.4166666666666667 0.0 0.5 3 0.6666666666666666 0.0 0.6 1 0.0 0.0 0.7 0 1 1 0.9 0 1 1
13 0.1 46 0.21739130434782608 0.0 0.4 3 0.3333333333333333 0.0 0.5 3 0.3333333333333333 0.0 0.6 1 1.0 0.0 0.7 0 1 1 0.9 0 1 1
13 0.1 14 0.2857142857142857 0.0 0.4 0 1 1 0.5 0 1 1 0.6 0 1 1 0.7 0 1 1 0.9 0 1 1
13 0.1 15 0.2 0.0 0.4 0 1 1 0.5 0 1 1 0.6 0 1 1 0.7 0 1 1 0.9 0 1 1
13 0.1 21 0.38095238095238093 0.0 0.4 5 0.6 0.0 0.5 1 1.0 0.0 0.6 0 1 1 0.7 0 1 1 0.9 0 1 1
13 0.1 34 0.2647058823529412 0.0 0.4 2 1.0 0.0 0.5 1 1.0 0.0 0.6 0 1 1 0.7 0 1 1 0.9 0 1 1
13 0.1 34 0.17647058823529413 0.0 0.4 2 0.0 0.0 0.5 1 0.0 0.0 0.6 0 1 1 0.7 0 1 1 0.9 0 1 1
13 0.1 31 0.22580645161290322 0.0 0.4 1 1.0 0.0 0.5 1 1.0 0.0 0.6 0 1 1 0.7 0 1 1 0.9 0 1 1
13 0.1 23 0.391304347826087 0.0 0.4 2 0.5 0.0 0.5 1 1.0 0.0 0.6 1 1.0 0.0 0.7 0 1 1 0.9 0 1 1
13 0.1 41 0.2926829268292683 0.0 0.4 12 0.5 0.0 0.5 5 0.4 0.0 0.6 2 1.0 0.0 0.7 1 1.0 0.0 0.9 0 1 1
13 0.1 98 0.11224489795918367 0.0 0.4 4 0.75 0.0 0.5 0 1 1 0.6 0 1 1 0.7 0 1 1 0.9 0 1 1
13 0.1 0 1 1 0.4 0 1 1 0.5 0 1 1 0.6 0 1 1 0.7 0 1 1 0.9 0 1 1
13 0.1 33 0.30303030303030304 0.0 0.4 9 0.5555555555555556 0.0 0.5 5 0.6 0.0 0.6 3 0.6666666666666666 0.0 0.7 0 1 1 0.9 0 1 1
13 0.1 46 0.21739130434782608 0.0 0.4 14 0.5714285714285714 0.0 0.5 10 0.7 0.0 0.6 5 0.8 0.0 0.7 5 0.8 0.0 0.9 0 1 1
13 0.1 11 0.5454545454545454 0.0 0.4 3 1.0 0.0 0.5 0 1 1 0.6 0 1 1 0.7 0 1 1 0.9 0 1 1
13 0.1 21 0.42857142857142855 0.0 0.4 5 0.8 0.0 0.5 3 0.6666666666666666 0.0 0.6 1 1.0 0.0 0.7 0 1 1 0.9 0 1 1
13 0.1 29 0.41379310344827586 0.0 0.4 10 0.7 0.0 0.5 4 1.0 0.0 0.6 1 1.0 0.0 0.7 0 1 1 0.9 0 1 1
13 0.1 30 0.4 0.0 0.4 6 0.6666666666666666 0.0 0.5 3 0.6666666666666666 0.0 0.6 0 1 1 0.7 0 1 1 0.9 0 1 1
13 0.1 35 0.34285714285714286 0.02857142857142857 0.4 13 0.5384615384615384 0.0 0.5 8 0.5 0.0 0.6 6 0.5 0.0 0.7 1 1.0 0.0 0.9 0 1 1
13 0.1 29 0.3793103448275862 0.0 0.4 9 0.6666666666666666 0.0 0.5 3 1.0 0.0 0.6 2 1.0 0.0 0.7 1 1.0 0.0 0.9 0 1 1
13 0.1 44 0.2727272727272727 0.0 0.4 17 0.6470588235294118 0.0 0.5 3 0.6666666666666666 0.0 0.6 1 1.0 0.0 0.7 0 1 1 0.9 0 1 1
13 0.1 42 0.2857142857142857 0.0 0.4 19 0.47368421052631576 0.0 0.5 11 0.6363636363636364 0.0 0.6 4 0.75 0.0 0.7 1 1.0 0.0 0.9 0 1 1
13 0.1 53 0.22641509433962265 0.018867924528301886 0.4 19 0.5263157894736842 0.05263157894736842 0.5 14 0.5714285714285714 0.07142857142857142 0.6 7 0.42857142857142855 0.0 0.7 2 1.0 0.0 0.9 0 1 1
13 0.1 30 0.4 0.0 0.4 4 0.5 0.0 0.5 2 0.5 0.0 0.6 1 1.0 0.0 0.7 1 1.0 0.0 0.9 0 1 1
13 0.1 46 0.2826086956521739 0.0 0.4 14 0.6428571428571429 0.0 0.5 6 0.6666666666666666 0.0 0.6 2 1.0 0.0 0.7 1 1.0 0.0 0.9 0 1 1
13 0.1 77 0.12987012987012986 0.0 0.4 13 0.5384615384615384 0.0 0.5 6 0.6666666666666666 0.0 0.6 0 1 1 0.7 0 1 1 0.9 0 1 1
13 0.1 43 0.27906976744186046 0.0 0.4 17 0.47058823529411764 0.0 0.5 9 0.4444444444444444 0.0 0.6 6 0.5 0.0 0.7 1 1.0 0.0 0.9 0 1 1
13 0.1 44 0.25 0.0 0.4 9 0.4444444444444444 0.0 0.5 3 0.3333333333333333 0.0 0.6 1 1.0 0.0 0.7 1 1.0 0.0 0.9 0 1 1
13 0.1 29 0.27586206896551724 0.0 0.4 8 0.375 0.0 0.5 5 0.4 0.0 0.6 1 1.0 0.0 0.7 1 1.0 0.0 0.9 0 1 1
13 0.1 38 0.3157894736842105 0.0 0.4 14 0.5714285714285714 0.0 0.5 5 0.8 0.0 0.6 4 1.0 0.0 0.7 0 1 1 0.9 0 1 1
13 0.1 31 0.3870967741935484 0.0 0.4 6 0.8333333333333334 0.0 0.5 4 1.0 0.0 0.6 2 1.0 0.0 0.7 1 1.0 0.0 0.9 0 1 1
13 0.1 54 0.24074074074074073 0.0 0.4 21 0.42857142857142855 0.0 0.5 11 0.45454545454545453 0.0 0.6 4 0.5 0.0 0.7 1 1.0 0.0 0.9 0 1 1
13 0.1 40 0.3 0.025 0.4 19 0.5263157894736842 0.05263157894736842 0.5 13 0.5384615384615384 0.0 0.6 7 0.5714285714285714 0.0 0.7 4 0.75 0.0 0.9 0 1 1
13 0.1 50 0.26 0.02 0.4 23 0.5217391304347826 0.043478260869565216 0.5 14 0.6428571428571429 0.07142857142857142 0.6 9 0.6666666666666666 0.0 0.7 2 1.0 0.0 0.9 0 1 1
13 0.1 46 0.2826086956521739 0.0 0.4 20 0.5 0.0 0.5 14 0.5714285714285714 0.0 0.6 7 0.5714285714285714 0.0 0.7 2 0.5 0.0 0.9 0 1 1
13 0.1 31 0.3548387096774194 0.03225806451612903 0.4 8 0.5 0.0 0.5 2 0.0 0.0 0.6 0 1 1 0.7 0 1 1 0.9 0 1 1
13 0.1 36 0.2777777777777778 0.0 0.4 7 0.7142857142857143 0.0 0.5 3 0.6666666666666666 0.0 0.6 1 1.0 0.0 0.7 0 1 1 0.9 0 1 1
13 0.1 118 0.11016949152542373 0.0 0.4 24 0.2916666666666667 0.0 0.5 18 0.3333333333333333 0.0 0.6 11 0.45454545454545453 0.0 0.7 4 0.5 0.0 0.9 0 1 1
13 0.1 31 0.3870967741935484 0.0 0.4 10 0.5 0.0 0.5 6 0.5 0.0 0.6 3 0.6666666666666666 0.0 0.7 1 1.0 0.0 0.9 0 1 1
13 0.1 59 0.2033898305084746 0.0 0.4 23 0.4782608695652174 0.0 0.5 15 0.6666666666666666 0.0 0.6 8 0.75 0.0 0.7 2 0.5 0.0 0.9 0 1 1
13 0.1 45 0.28888888888888886 0.0 0.4 19 0.5263157894736842 0.0 0.5 16 0.5625 0.0 0.6 8 0.75 0.0 0.7 3 1.0 0.0 0.9 0 1 1
13 0.1 41 0.3170731707317073 0.024390243902439025 0.4 18 0.5555555555555556 0.05555555555555555 0.5 15 0.5333333333333333 0.0 0.6 8 0.625 0.0 0.7 2 1.0 0.0 0.9 0 1 1
13 0.1 38 0.34210526315789475 0.02631578947368421 0.4 14 0.5714285714285714 0.0 0.5 9 0.6666666666666666 0.0 0.6 5 0.8 0.0 0.7 2 1.0 0.0 0.9 0 1 1
13 0.1 103 0.11650485436893204 0.0 0.4 14 0.42857142857142855 0.0 0.5 7 0.7142857142857143 0.0 0.6 3 0.6666666666666666 0.0 0.7 1 1.0 0.0 0.9 0 1 1
13 0.1 51 0.23529411764705882 0.0 0.4 25 0.44 0.0 0.5 21 0.5238095238095238 0.0 0.6 18 0.6111111111111112 0.0 0.7 12 0.75 0.0 0.9 0 1 1
13 0.1 37 0.32432432432432434 0.0 0.4 15 0.6666666666666666 0.0 0.5 12 0.5833333333333334 0.0 0.6 9 0.6666666666666666 0.0 0.7 5 0.4 0.0 0.9 0 1 1
13 0.1 29 0.41379310344827586 0.0 0.4 11 0.7272727272727273 0.0 0.5 7 0.8571428571428571 0.0 0.6 1 1.0 0.0 0.7 0 1 1 0.9 0 1 1
13 0.1 49 0.24489795918367346 0.02040816326530612 0.4 22 0.5454545454545454 0.045454545454545456 0.5 20 0.55 0.05 0.6 14 0.5714285714285714 0.07142857142857142 0.7 4 0.75 0.0 0.9 0 1 1
13 0.1 32 0.375 0.0 0.4 9 0.6666666666666666 0.0 0.5 2 1.0 0.0 0.6 1 1.0 0.0 0.7 0 1 1 0.9 0 1 1
13 0.1 40 0.3 0.0 0.4 13 0.6153846153846154 0.0 0.5 7 0.7142857142857143 0.0 0.6 4 0.75 0.0 0.7 1 1.0 0.0 0.9 0 1 1
13 0.1 32 0.34375 0.0 0.4 15 0.5333333333333333 0.0 0.5 10 0.6 0.0 0.6 6 0.6666666666666666 0.0 0.7 1 1.0 0.0 0.9 0 1 1
13 0.1 38 0.3157894736842105 0.0 0.4 19 0.5263157894736842 0.0 0.5 17 0.5882352941176471 0.0 0.6 10 0.6 0.0 0.7 2 0.5 0.0 0.9 0 1 1
13 0.1 42 0.2857142857142857 0.0 0.4 19 0.631578947368421 0.0 0.5 16 0.625 0.0 0.6 12 0.6666666666666666 0.0 0.7 3 1.0 0.0 0.9 0 1 1
13 0.1 33 0.3333333333333333 0.0 0.4 16 0.5625 0.0 0.5 12 0.75 0.0 0.6 6 1.0 0.0 0.7 3 1.0 0.0 0.9 0 1 1
13 0.1 35 0.34285714285714286 0.0 0.4 20 0.45 0.0 0.5 14 0.6428571428571429 0.0 0.6 11 0.7272727272727273 0.0 0.7 4 0.75 0.0 0.9 0 1 1
13 0.1 47 0.2553191489361702 0.0 0.4 28 0.39285714285714285 0.0 0.5 21 0.47619047619047616 0.0 0.6 19 0.47368421052631576 0.0 0.7 10 0.6 0.0 0.9 0 1 1
13 0.1 42 0.2857142857142857 0.0 0.4 23 0.4782608695652174 0.0 0.5 22 0.5 0.0 0.6 16 0.5625 0.0 0.7 6 0.8333333333333334 0.0 0.9 0 1 1
13 0.1 49 0.24489795918367346 0.0 0.4 21 0.5238095238095238 0.0 0.5 17 0.5294117647058824 0.0 0.6 12 0.5833333333333334 0.0 0.7 9 0.6666666666666666 0.0 0.9 0 1 1
13 0.1 28 0.39285714285714285 0.03571428571428571 0.4 15 0.7333333333333333 0.06666666666666667 0.5 11 0.8181818181818182 0.09090909090909091 0.6 7 0.7142857142857143 0.14285714285714285 0.7 3 1.0 0.0 0.9 0 1 1
13 0.1 38 0.3157894736842105 0.0 0.4 17 0.6470588235294118 0.0 0.5 15 0.7333333333333333 0.0 0.6 13 0.8461538461538461 0.0 0.7 9 0.8888888888888888 0.0 0.9 0 1 1
13 0.1 56 0.21428571428571427 0.0 0.4 31 0.3548387096774194 0.0 0.5 25 0.44 0.0 0.6 16 0.5625 0.0 0.7 6 0.6666666666666666 0.0 0.9 0 1 1
13 0.1 33 0.36363636363636365 0.0 0.4 17 0.47058823529411764 0.0 0.5 11 0.5454545454545454 0.0 0.6 7 0.7142857142857143 0.0 0.7 2 1.0 0.0 0.9 0 1 1
13 0.1 47 0.2765957446808511 0.0 0.4 25 0.4 0.0 0.5 20 0.45 0.0 0.6 14 0.5 0.0 0.7 8 0.75 0.0 0.9 0 1 1
13 0.1 32 0.3125 0.03125 0.4 15 0.5333333333333333 0.06666666666666667 0.5 9 0.6666666666666666 0.0 0.6 6 0.5 0.0 0.7 1 1.0 0.0 0.9 0 1 1
13 0.1 29 0.41379310344827586 0.034482758620689655 0.4 11 0.6363636363636364 0.0 0.5 7 0.5714285714285714 0.0 0.6 5 0.8 0.0 0.7 2 1.0 0.0 0.9 0 1 1
13 0.1 26 0.4230769230769231 0.0 0.4 13 0.6153846153846154 0.0 0.5 10 0.8 0.0 0.6 4 1.0 0.0 0.7 2 1.0 0.0 0.9 0 1 1
13 0.1 34 0.35294117647058826 0.029411764705882353 0.4 14 0.6428571428571429 0.0 0.5 12 0.6666666666666666 0.0 0.6 8 0.75 0.0 0.7 5 0.8 0.0 0.9 0 1 1
13 0.1 35 0.34285714285714286 0.0 0.4 21 0.5238095238095238 0.0 0.5 18 0.6111111111111112 0.0 0.6 15 0.6 0.0 0.7 9 0.7777777777777778 0.0 0.9 0 1 1
13 0.1 36 0.3055555555555556 0.0 0.4 18 0.5555555555555556 0.0 0.5 14 0.7142857142857143 0.0 0.6 12 0.6666666666666666 0.0 0.7 7 0.8571428571428571 0.0 0.9 0 1 1
13 0.1 38 0.2894736842105263 0.02631578947368421 0.4 16 0.5625 0.0625 0.5 11 0.5454545454545454 0.0 0.6 7 0.8571428571428571 0.0 0.7 5 0.8 0.0 0.9 0 1 1
13 0.1 46 0.2608695652173913 0.0 0.4 23 0.391304347826087 0.0 0.5 18 0.4444444444444444 0.0 0.6 11 0.6363636363636364 0.0 0.7 7 0.8571428571428571 0.0 0.9 0 1 1
13 0.1 29 0.3793103448275862 0.06896551724137931 0.4 11 0.5454545454545454 0.09090909090909091 0.5 5 0.8 0.2 0.6 3 1.0 0.0 0.7 2 1.0 0.0 0.9 0 1 1
13 0.1 26 0.34615384615384615 0.038461538461538464 0.4 12 0.5 0.08333333333333333 0.5 10 0.6 0.1 0.6 7 0.7142857142857143 0.14285714285714285 0.7 4 0.75 0.25 0.9 0 1 1
13 0.1 48 0.25 0.0 0.4 25 0.48 0.0 0.5 23 0.4782608695652174 0.0 0.6 15 0.5333333333333333 0.0 0.7 11 0.6363636363636364 0.0 0.9 0 1 1
13 0.1 30 0.36666666666666664 0.03333333333333333 0.4 17 0.4117647058823529 0.0 0.5 12 0.5 0.0 0.6 9 0.5555555555555556 0.0 0.7 6 0.6666666666666666 0.0 0.9 0 1 1
13 0.1 32 0.3125 0.0 0.4 16 0.4375 0.0 0.5 13 0.38461538461538464 0.0 0.6 11 0.45454545454545453 0.0 0.7 7 0.7142857142857143 0.0 0.9 0 1 1
13 0.1 37 0.35135135135135137 0.0 0.4 19 0.47368421052631576 0.0 0.5 15 0.5333333333333333 0.0 0.6 10 0.7 0.0 0.7 6 0.8333333333333334 0.0 0.9 0 1 1
13 0.1 41 0.2926829268292683 0.0 0.4 20 0.45 0.0 0.5 16 0.5625 0.0 0.6 13 0.6923076923076923 0.0 0.7 9 0.7777777777777778 0.0 0.9 0 1 1
13 0.1 32 0.34375 0.0 0.4 14 0.42857142857142855 0.0 0.5 12 0.5 0.0 0.6 9 0.5555555555555556 0.0 0.7 4 0.75 0.0 0.9 0 1 1
13 0.1 43 0.27906976744186046 0.0 0.4 27 0.4444444444444444 0.0 0.5 25 0.44 0.0 0.6 20 0.45 0.0 0.7 10 0.7 0.0 0.9 0 1 1
13 0.1 43 0.27906976744186046 0.0 0.4 21 0.47619047619047616 0.0 0.5 16 0.5625 0.0 0.6 13 0.5384615384615384 0.0 0.7 7 0.7142857142857143 0.0 0.9 0 1 1
13 0.1 37 0.35135135135135137 0.0 0.4 22 0.45454545454545453 0.0 0.5 18 0.5 0.0 0.6 16 0.5625 0.0 0.7 7 0.7142857142857143 0.0 0.9 0 1 1
13 0.1 33 0.36363636363636365 0.0 0.4 22 0.45454545454545453 0.0 0.5 15 0.6 0.0 0.6 13 0.6153846153846154 0.0 0.7 6 0.8333333333333334 0.0 0.9 0 1 1
13 0.1 35 0.34285714285714286 0.0 0.4 18 0.5555555555555556 0.0 0.5 16 0.625 0.0 0.6 13 0.6923076923076923 0.0 0.7 8 0.75 0.0 0.9 0 1 1
13 0.1 32 0.375 0.0 0.4 18 0.4444444444444444 0.0 0.5 15 0.5333333333333333 0.0 0.6 10 0.6 0.0 0.7 3 0.3333333333333333 0.0 0.9 0 1 1
13 0.1 38 0.3157894736842105 0.0 0.4 13 0.5384615384615384 0.0 0.5 11 0.6363636363636364 0.0 0.6 9 0.5555555555555556 0.0 0.7 4 1.0 0.0 0.9 0 1 1
13 0.1 29 0.41379310344827586 0.0 0.4 12 0.4166666666666667 0.0 0.5 10 0.5 0.0 0.6 8 0.625 0.0 0.7 3 0.6666666666666666 0.0 0.9 0 1 1
13 0.1 32 0.34375 0.0 0.4 22 0.5 0.0 0.5 17 0.47058823529411764 0.0 0.6 11 0.5454545454545454 0.0 0.7 6 0.8333333333333334 0.0 0.9 0 1 1
13 0.1 31 0.3548387096774194 0.0 0.4 20 0.45 0.0 0.5 16 0.4375 0.0 0.6 12 0.5 0.0 0.7 7 0.5714285714285714 0.0 0.9 0 1 1
13 0.1 37 0.32432432432432434 0.0 0.4 22 0.45454545454545453 0.0 0.5 19 0.47368421052631576 0.0 0.6 18 0.5 0.0 0.7 12 0.5 0.0 0.9 0 1 1
13 0.1 30 0.4 0.0 0.4 19 0.47368421052631576 0.0 0.5 16 0.5 0.0 0.6 10 0.7 0.0 0.7 7 1.0 0.0 0.9 0 1 1
13 0.1 36 0.3611111111111111 0.027777777777777776 0.4 18 0.5555555555555556 0.05555555555555555 0.5 13 0.5384615384615384 0.07692307692307693 0.6 5 0.8 0.2 0.7 5 0.8 0.2 0.9 0 1 1
13 0.1 30 0.4 0.0 0.4 19 0.47368421052631576 0.0 0.5 16 0.5 0.0 0.6 11 0.6363636363636364 0.0 0.7 8 0.625 0.0 0.9 0 1 1
13 0.1 41 0.2926829268292683 0.0 0.4 28 0.42857142857142855 0.0 0.5 24 0.4583333333333333 0.0 0.6 18 0.5555555555555556 0.0 0.7 13 0.6923076923076923 0.0 0.9 0 1 1
13 0.1 25 0.48 0.0 0.4 12 0.5833333333333334 0.0 0.5 10 0.7 0.0 0.6 7 0.7142857142857143 0.0 0.7 6 0.6666666666666666 0.0 0.9 0 1 1
13 0.1 33 0.36363636363636365 0.06060606060606061 0.4 25 0.44 0.08 0.5 18 0.4444444444444444 0.1111111111111111 0.6 14 0.5 0.14285714285714285 0.7 11 0.6363636363636364 0.18181818181818182 0.9 0 1 1
13 0.1 29 0.41379310344827586 0.0 0.4 20 0.55 0.0 0.5 18 0.5555555555555556 0.0 0.6 14 0.7142857142857143 0.0 0.7 8 1.0 0.0 0.9 0 1 1
13 0.1 34 0.35294117647058826 0.029411764705882353 0.4 25 0.44 0.0 0.5 21 0.47619047619047616 0.0 0.6 18 0.5 0.0 0.7 12 0.6666666666666666 0.0 0.9 0 1 1
13 0.1 33 0.3333333333333333 0.0 0.4 22 0.45454545454545453 0.0 0.5 21 0.47619047619047616 0.0 0.6 15 0.4666666666666667 0.0 0.7 10 0.7 0.0 0.9 0 1 1
13 0.1 28 0.35714285714285715 0.0 0.4 21 0.47619047619047616 0.0 0.5 19 0.47368421052631576 0.0 0.6 15 0.5333333333333333 0.0 0.7 12 0.5833333333333334 0.0 0.9 0 1 1
13 0.1 41 0.2926829268292683 0.0 0.4 23 0.4782608695652174 0.0 0.5 22 0.5 0.0 0.6 19 0.5263157894736842 0.0 0.7 16 0.625 0.0 0.9 0 1 1
13 0.1 28 0.42857142857142855 0.03571428571428571 0.4 19 0.5263157894736842 0.0 0.5 15 0.6666666666666666 0.0 0.6 13 0.7692307692307693 0.0 0.7 8 1.0 0.0 0.9 0 1 1
13 0.1 40 0.275 0.0 0.4 20 0.5 0.0 0.5 12 0.6666666666666666 0.0 0.6 12 0.6666666666666666 0.0 0.7 10 0.7 0.0 0.9 0 1 1
13 0.1 42 0.2857142857142857 0.0 0.4 29 0.41379310344827586 0.0 0.5 26 0.4230769230769231 0.0 0.6 23 0.391304347826087 0.0 0.7 16 0.5 0.0 0.9 0 1 1
13 0.1 29 0.41379310344827586 0.0 0.4 17 0.5882352941176471 0.0 0.5 16 0.625 0.0 0.6 12 0.6666666666666666 0.0 0.7 8 0.625 0.0 0.9 0 1 1
13 0.1 35 0.34285714285714286 0.02857142857142857 0.4 18 0.5555555555555556 0.05555555555555555 0.5 15 0.6 0.06666666666666667 0.6 11 0.6363636363636364 0.09090909090909091 0.7 8 0.75 0.125 0.9 0 1 1
13 0.1 31 0.3870967741935484 0.03225806451612903 0.4 18 0.5 0.0 0.5 13 0.6923076923076923 0.0 0.6 10 0.7 0.0 0.7 8 0.75 0.0 0.9 0 1 1
13 0.1 25 0.4 0.0 0.4 18 0.5555555555555556 0.0 0.5 15 0.6 0.0 0.6 14 0.6428571428571429 0.0 0.7 8 0.625 0.0 0.9 0 1 1
13 0.1 30 0.43333333333333335 0.0 0.4 17 0.5294117647058824 0.0 0.5 15 0.6 0.0 0.6 13 0.5384615384615384 0.0 0.7 8 0.75 0.0 0.9 0 1 1
13 0.1 40 0.275 0.0 0.4 24 0.4583333333333333 0.0 0.5 21 0.5238095238095238 0.0 0.6 19 0.5789473684210527 0.0 0.7 15 0.5333333333333333 0.0 0.9 0 1 1
13 0.1 40 0.3 0.0 0.4 24 0.4583333333333333 0.0 0.5 23 0.4782608695652174 0.0 0.6 19 0.5263157894736842 0.0 0.7 14 0.5714285714285714 0.0 0.9 0 1 1
13 0.1 33 0.3333333333333333 0.0 0.4 20 0.55 0.0 0.5 16 0.625 0.0 0.6 15 0.6 0.0 0.7 12 0.75 0.0 0.9 0 1 1
13 0.1 33 0.36363636363636365 0.0 0.4 23 0.5217391304347826 0.0 0.5 23 0.5217391304347826 0.0 0.6 15 0.6666666666666666 0.0 0.7 11 0.8181818181818182 0.0 0.9 0 1 1
13 0.1 37 0.32432432432432434 0.0 0.4 25 0.48 0.0 0.5 19 0.5263157894736842 0.0 0.6 17 0.5882352941176471 0.0 0.7 12 0.6666666666666666 0.0 0.9 0 1 1
13 0.1 31 0.3548387096774194 0.03225806451612903 0.4 19 0.5789473684210527 0.05263157894736842 0.5 14 0.7142857142857143 0.07142857142857142 0.6 11 0.9090909090909091 0.09090909090909091 0.7 5 1.0 0.0 0.9 0 1 1
13 0.1 23 0.4782608695652174 0.0 0.4 14 0.7142857142857143 0.0 0.5 9 0.7777777777777778 0.0 0.6 7 0.8571428571428571 0.0 0.7 7 0.8571428571428571 0.0 0.9 0 1 1
13 0.1 30 0.4 0.03333333333333333 0.4 16 0.5625 0.0625 0.5 14 0.6428571428571429 0.07142857142857142 0.6 12 0.75 0.08333333333333333 0.7 6 0.8333333333333334 0.16666666666666666 0.9 0 1 1
13 0.1 33 0.36363636363636365 0.030303030303030304 0.4 17 0.5882352941176471 0.058823529411764705 0.5 16 0.625 0.0625 0.6 13 0.6153846153846154 0.07692307692307693 0.7 10 0.7 0.1 0.9 0 1 1
13 0.1 32 0.375 0.03125 0.4 20 0.55 0.05 0.5 17 0.5882352941176471 0.0 0.6 14 0.6428571428571429 0.0 0.7 11 0.8181818181818182 0.0 0.9 0 1 1
13 0.1 30 0.36666666666666664 0.0 0.4 23 0.4782608695652174 0.0 0.5 22 0.5 0.0 0.6 16 0.625 0.0 0.7 12 0.75 0.0 0.9 0 1 1
13 0.1 26 0.46153846153846156 0.0 0.4 15 0.5333333333333333 0.0 0.5 12 0.5833333333333334 0.0 0.6 11 0.5454545454545454 0.0 0.7 6 0.8333333333333334 0.0 0.9 0 1 1
13 0.1 28 0.42857142857142855 0.07142857142857142 0.4 23 0.5217391304347826 0.08695652173913043 0.5 20 0.55 0.1 0.6 16 0.625 0.125 0.7 9 0.6666666666666666 0.1111111111111111 0.9 0 1 1
13 0.1 36 0.3333333333333333 0.05555555555555555 0.4 25 0.48 0.08 0.5 23 0.5217391304347826 0.08695652173913043 0.6 19 0.5789473684210527 0.10526315789473684 0.7 16 0.625 0.125 0.9 0 1 1
13 0.1 34 0.35294117647058826 0.0 0.4 23 0.5217391304347826 0.0 0.5 21 0.47619047619047616 0.0 0.6 19 0.47368421052631576 0.0 0.7 16 0.5625 0.0 0.9 0 1 1
13 0.1 26 0.46153846153846156 0.07692307692307693 0.4 18 0.5 0.1111111111111111 0.5 16 0.5625 0.125 0.6 11 0.5454545454545454 0.18181818181818182 0.7 9 0.6666666666666666 0.2222222222222222 0.9 0 1 1
13 0.1 31 0.3870967741935484 0.0967741935483871 0.4 19 0.5789473684210527 0.15789473684210525 0.5 18 0.6111111111111112 0.16666666666666666 0.6 9 0.6666666666666666 0.1111111111111111 0.7 6 0.6666666666666666 0.16666666666666666 0.9 0 1 1
13 0.1 28 0.42857142857142855 0.07142857142857142 0.4 21 0.5238095238095238 0.09523809523809523 0.5 17 0.5882352941176471 0.11764705882352941 0.6 14 0.5714285714285714 0.14285714285714285 0.7 9 0.4444444444444444 0.1111111111111111 0.9 0 1 1
13 0.1 32 0.375 0.03125 0.4 19 0.5789473684210527 0.05263157894736842 0.5 17 0.6470588235294118 0.058823529411764705 0.6 14 0.7857142857142857 0.07142857142857142 0.7 14 0.7857142857142857 0.07142857142857142 0.9 0 1 1
13 0.1 30 0.4 0.13333333333333333 0.4 25 0.48 0.16 0.5 23 0.5217391304347826 0.17391304347826086 0.6 18 0.5555555555555556 0.16666666666666666 0.7 15 0.6 0.2 0.9 0 1 1
13 0.1 33 0.36363636363636365 0.0 0.4 24 0.4583333333333333 0.0 0.5 23 0.4782608695652174 0.0 0.6 22 0.45454545454545453 0.0 0.7 15 0.6 0.0 0.9 0 1 1
13 0.1 34 0.3235294117647059 0.0 0.4 23 0.4782608695652174 0.0 0.5 21 0.47619047619047616 0.0 0.6 20 0.5 0.0 0.7 14 0.5714285714285714 0.0 0.9 0 1 1
13 0.1 28 0.42857142857142855 0.03571428571428571 0.4 19 0.5263157894736842 0.05263157894736842 0.5 19 0.5263157894736842 0.05263157894736842 0.6 17 0.5882352941176471 0.058823529411764705 0.7 13 0.6153846153846154 0.07692307692307693 0.9 0 1 1
13 0.1 24 0.375 0.0 0.4 16 0.5 0.0 0.5 12 0.5 0.0 0.6 10 0.6 0.0 0.7 9 0.5555555555555556 0.0 0.9 0 1 1
13 0.1 37 0.2972972972972973 0.0 0.4 23 0.34782608695652173 0.0 0.5 22 0.36363636363636365 0.0 0.6 20 0.4 0.0 0.7 14 0.5714285714285714 0.0 0.9 0 1 1
13 0.1 20 0.5 0.0 0.4 12 0.6666666666666666 0.0 0.5 10 0.7 0.0 0.6 10 0.7 0.0 0.7 9 0.7777777777777778 0.0 0.9 0 1 1
13 0.1 22 0.5 0.0 0.4 15 0.6 0.0 0.5 14 0.5714285714285714 0.0 0.6 10 0.6 0.0 0.7 6 0.8333333333333334 0.0 0.9 0 1 1
13 0.1 22 0.5 0.0 0.4 13 0.6153846153846154 0.0 0.5 11 0.6363636363636364 0.0 0.6 11 0.6363636363636364 0.0 0.7 9 0.5555555555555556 0.0 0.9 0 1 1
13 0.1 26 0.4230769230769231 0.038461538461538464 0.4 17 0.5294117647058824 0.058823529411764705 0.5 14 0.6428571428571429 0.07142857142857142 0.6 13 0.6153846153846154 0.07692307692307693 0.7 9 0.5555555555555556 0.1111111111111111 0.9 0 1 1
13 0.1 32 0.375 0.03125 0.4 18 0.5 0.0 0.5 18 0.5 0.0 0.6 14 0.5 0.0 0.7 12 0.5 0.0 0.9 0 1 1
13 0.1 23 0.43478260869565216 0.043478260869565216 0.4 16 0.5 0.0625 0.5 13 0.5384615384615384 0.07692307692307693 0.6 10 0.6 0.1 0.7 8 0.625 0.125 0.9 0 1 1
13 0.1 26 0.46153846153846156 0.038461538461538464 0.4 19 0.5263157894736842 0.05263157894736842 0.5 18 0.5 0.05555555555555555 0.6 16 0.5 0.0625 0.7 13 0.46153846153846156 0.07692307692307693 0.9 0 1 1
13 0.1 34 0.35294117647058826 0.0 0.4 25 0.48 0.0 0.5 22 0.5 0.0 0.6 20 0.55 0.0 0.7 17 0.5882352941176471 0.0 0.9 0 1 1
13 0.1 26 0.46153846153846156 0.038461538461538464 0.4 24 0.4583333333333333 0.041666666666666664 0.5 21 0.47619047619047616 0.047619047619047616 0.6 18 0.5 0.05555555555555555 0.7 10 0.5 0.1 0.9 0 1 1
13 0.1 27 0.4444444444444444 0.037037037037037035 0.4 17 0.5294117647058824 0.058823529411764705 0.5 16 0.5 0.0625 0.6 13 0.5384615384615384 0.07692307692307693 0.7 11 0.5454545454545454 0.09090909090909091 0.9 0 1 1
13 0.1 27 0.4444444444444444 0.0 0.4 22 0.5454545454545454 0.0 0.5 20 0.55 0.0 0.6 18 0.5 0.0 0.7 13 0.6153846153846154 0.0 0.9 0 1 1
13 0.1 25 0.48 0.0 0.4 20 0.5 0.0 0.5 20 0.5 0.0 0.6 17 0.5294117647058824 0.0 0.7 13 0.5384615384615384 0.0 0.9 0 1 1
13 0.1 23 0.43478260869565216 0.0 0.4 18 0.5 0.0 0.5 17 0.47058823529411764 0.0 0.6 16 0.5 0.0 0.7 15 0.5333333333333333 0.0 0.9 0 1 1
13 0.1 25 0.44 0.0 0.4 15 0.5333333333333333 0.0 0.5 14 0.5714285714285714 0.0 0.6 13 0.6153846153846154 0.0 0.7 10 0.7 0.0 0.9 0 1 1
13 0.1 23 0.43478260869565216 0.043478260869565216 0.4 18 0.5 0.05555555555555555 0.5 16 0.5625 0.0625 0.6 14 0.5714285714285714 0.07142857142857142 0.7 12 0.5833333333333334 0.08333333333333333 0.9 0 1 1
13 0.1 23 0.391304347826087 0.043478260869565216 0.4 16 0.5625 0.0625 0.5 15 0.5333333333333333 0.06666666666666667 0.6 12 0.5 0.08333333333333333 0.7 8 0.5 0.125 0.9 0 1 1
13 0.1 33 0.36363636363636365 0.030303030303030304 0.4 23 0.4782608695652174 0.043478260869565216 0.5 20 0.5 0.05 0.6 17 0.5882352941176471 0.058823529411764705 0.7 16 0.5625 0.0625 0.9 0 1 1
13 0.1 21 0.42857142857142855 0.0 0.4 14 0.5 0.0 0.5 13 0.5384615384615384 0.0 0.6 12 0.5833333333333334 0.0 0.7 11 0.5454545454545454 0.0 0.9 0 1 1
13 0.1 31 0.3870967741935484 0.0 0.4 20 0.5 0.0 0.5 17 0.5294117647058824 0.0 0.6 14 0.5 0.0 0.7 12 0.5833333333333334 0.0 0.9 0 1 1
13 0.1 26 0.46153846153846156 0.0 0.4 20 0.55 0.0 0.5 20 0.55 0.0 0.6 15 0.5333333333333333 0.0 0.7 14 0.5714285714285714 0.0 0.9 0 1 1
13 0.1 26 0.46153846153846156 0.038461538461538464 0.4 21 0.5714285714285714 0.047619047619047616 0.5 19 0.5263157894736842 0.05263157894736842 0.6 18 0.5 0.05555555555555555 0.7 15 0.5333333333333333 0.06666666666666667 0.9 0 1 1
13 0.1 24 0.4583333333333333 0.08333333333333333 0.4 18 0.5 0.1111111111111111 0.5 17 0.47058823529411764 0.11764705882352941 0.6 17 0.47058823529411764 0.11764705882352941 0.7 14 0.5 0.14285714285714285 0.9 0 1 1
13 0.1 27 0.4074074074074074 0.037037037037037035 0.4 20 0.45 0.05 0.5 18 0.5 0.05555555555555555 0.6 16 0.5 0.0625 0.7 15 0.4666666666666667 0.06666666666666667 0.9 0 1 1
13 0.1 30 0.4 0.0 0.4 22 0.4090909090909091 0.0 0.5 20 0.45 0.0 0.6 20 0.45 0.0 0.7 16 0.5 0.0 0.9 0 1 1
13 0.1 28 0.39285714285714285 0.07142857142857142 0.4 19 0.47368421052631576 0.10526315789473684 0.5 18 0.5 0.1111111111111111 0.6 15 0.4666666666666667 0.13333333333333333 0.7 11 0.5454545454545454 0.18181818181818182 0.9 0 1 1
13 0.1 22 0.45454545454545453 0.045454545454545456 0.4 15 0.5333333333333333 0.06666666666666667 0.5 12 0.4166666666666667 0.08333333333333333 0.6 11 0.45454545454545453 0.09090909090909091 0.7 8 0.5 0.0 0.9 0 1 1
13 0.1 23 0.4782608695652174 0.08695652173913043 0.4 16 0.5625 0.125 0.5 14 0.6428571428571429 0.14285714285714285 0.6 14 0.6428571428571429 0.14285714285714285 0.7 10 0.7 0.2 0.9 0 1 1
13 0.1 23 0.5217391304347826 0.0 0.4 19 0.5789473684210527 0.0 0.5 18 0.5555555555555556 0.0 0.6 13 0.5384615384615384 0.0 0.7 11 0.5454545454545454 0.0 0.9 0 1 1
13 0.1 37 0.32432432432432434 0.0 0.4 25 0.48 0.0 0.5 22 0.45454545454545453 0.0 0.6 19 0.42105263157894735 0.0 0.7 15 0.4666666666666667 0.0 0.9 0 1 1
13 0.1 33 0.36363636363636365 0.0 0.4 21 0.47619047619047616 0.0 0.5 19 0.47368421052631576 0.0 0.6 16 0.5625 0.0 0.7 14 0.6428571428571429 0.0 0.9 0 1 1
13 0.1 28 0.42857142857142855 0.0 0.4 19 0.5789473684210527 0.0 0.5 18 0.6111111111111112 0.0 0.6 17 0.5882352941176471 0.0 0.7 14 0.6428571428571429 0.0 0.9 0 1 1
13 0.1 30 0.4 0.03333333333333333 0.4 20 0.55 0.05 0.5 18 0.6111111111111112 0.05555555555555555 0.6 16 0.625 0.0625 0.7 13 0.6153846153846154 0.07692307692307693 0.9 0 1 1
13 0.1 27 0.4074074074074074 0.0 0.4 20 0.45 0.0 0.5 15 0.5333333333333333 0.0 0.6 13 0.6153846153846154 0.0 0.7 11 0.7272727272727273 0.0 0.9 0 1 1
13 0.1 26 0.4230769230769231 0.0 0.4 17 0.5294117647058824 0.0 0.5 16 0.5 0.0 0.6 15 0.5333333333333333 0.0 0.7 14 0.5 0.0 0.9 0 1 1
13 0.1 28 0.39285714285714285 0.07142857142857142 0.4 20 0.4 0.1 0.5 17 0.47058823529411764 0.11764705882352941 0.6 15 0.5333333333333333 0.13333333333333333 0.7 12 0.5833333333333334 0.16666666666666666 0.9 0 1 1
13 0.1 28 0.39285714285714285 0.0 0.4 18 0.5 0.0 0.5 17 0.5294117647058824 0.0 0.6 16 0.5 0.0 0.7 14 0.5714285714285714 0.0 0.9 0 1 1
13 0.1 23 0.5217391304347826 0.043478260869565216 0.4 16 0.625 0.0625 0.5 16 0.625 0.0625 0.6 14 0.6428571428571429 0.07142857142857142 0.7 12 0.5833333333333334 0.08333333333333333 0.9 0 1 1
13 0.1 23 0.5217391304347826 0.08695652173913043 0.4 17 0.6470588235294118 0.11764705882352941 0.5 17 0.6470588235294118 0.11764705882352941 0.6 13 0.6153846153846154 0.15384615384615385 0.7 13 0.6153846153846154 0.15384615384615385 0.9 0 1 1
13 0.1 32 0.375 0.0 0.4 24 0.5 0.0 0.5 21 0.5714285714285714 0.0 0.6 18 0.5555555555555556 0.0 0.7 16 0.5625 0.0 0.9 0 1 1
13 0.1 30 0.4 0.03333333333333333 0.4 23 0.5217391304347826 0.043478260869565216 0.5 20 0.6 0.05 0.6 15 0.6 0.06666666666666667 0.7 14 0.6428571428571429 0.07142857142857142 0.9 0 1 1
13 0.1 26 0.46153846153846156 0.07692307692307693 0.4 19 0.47368421052631576 0.05263157894736842 0.5 17 0.5294117647058824 0.058823529411764705 0.6 14 0.5 0.07142857142857142 0.7 11 0.5454545454545454 0.09090909090909091 0.9 0 1 1
13 0.1 24 0.5 0.0 0.4 17 0.6470588235294118 0.0 0.5 16 0.625 0.0 0.6 12 0.75 0.0 0.7 10 0.8 0.0 0.9 0 1 1
13 0.1 27 0.4444444444444444 0.0 0.4 19 0.631578947368421 0.0 0.5 19 0.631578947368421 0.0 0.6 15 0.7333333333333333 0.0 0.7 13 0.7692307692307693 0.0 0.9 0 1 1
13 0.1 27 0.4444444444444444 0.037037037037037035 0.4 22 0.5454545454545454 0.045454545454545456 0.5 22 0.5454545454545454 0.045454545454545456 0.6 20 0.55 0.05 0.7 18 0.5555555555555556 0.05555555555555555 0.9 0 1 1
13 0.1 28 0.39285714285714285 0.0 0.4 19 0.5263157894736842 0.0 0.5 19 0.5263157894736842 0.0 0.6 17 0.5882352941176471 0.0 0.7 14 0.5714285714285714 0.0 0.9 0 1 1
13 0.1 34 0.35294117647058826 0.0 0.4 23 0.4782608695652174 0.0 0.5 22 0.5 0.0 0.6 20 0.55 0.0 0.7 18 0.5 0.0 0.9 0 1 1
13 0.1 26 0.4230769230769231 0.07692307692307693 0.4 20 0.5 0.1 0.5 18 0.5 0.1111111111111111 0.6 15 0.5333333333333333 0.13333333333333333 0.7 14 0.5714285714285714 0.14285714285714285 0.9 0 1 1
13 0.1 21 0.5238095238095238 0.09523809523809523 0.4 16 0.5 0.125 0.5 14 0.5714285714285714 0.14285714285714285 0.6 12 0.5833333333333334 0.16666666666666666 0.7 11 0.5454545454545454 0.18181818181818182 0.9 0 1 1
13 0.1 22 0.5 0.09090909090909091 0.4 20 0.5 0.1 0.5 20 0.5 0.1 0.6 18 0.5555555555555556 0.1111111111111111 0.7 15 0.6666666666666666 0.13333333333333333 0.9 1 1.0 1.0
13 0.1 21 0.42857142857142855 0.09523809523809523 0.4 18 0.5 0.1111111111111111 0.5 16 0.5625 0.125 0.6 15 0.5333333333333333 0.13333333333333333 0.7 14 0.5714285714285714 0.14285714285714285 0.9 0 1 1
13 0.1 28 0.39285714285714285 0.10714285714285714 0.4 21 0.47619047619047616 0.14285714285714285 0.5 17 0.5882352941176471 0.17647058823529413 0.6 16 0.5625 0.1875 0.7 13 0.5384615384615384 0.15384615384615385 0.9 0 1 1
13 0.1 25 0.48 0.12 0.4 17 0.5882352941176471 0.17647058823529413 0.5 16 0.5625 0.1875 0.6 15 0.5333333333333333 0.2 0.7 13 0.6153846153846154 0.23076923076923078 0.9 0 1 1
13 0.1 26 0.46153846153846156 0.07692307692307693 0.4 21 0.5238095238095238 0.09523809523809523 0.5 19 0.5789473684210527 0.10526315789473684 0.6 17 0.5882352941176471 0.11764705882352941 0.7 17 0.5882352941176471 0.11764705882352941 0.9 0 1 1
13 0.1 27 0.4074074074074074 0.07407407407407407 0.4 15 0.5333333333333333 0.13333333333333333 0.5 14 0.5 0.14285714285714285 0.6 14 0.5 0.14285714285714285 0.7 11 0.5454545454545454 0.18181818181818182 0.9 0 1 1
13 0.1 29 0.4482758620689655 0.06896551724137931 0.4 16 0.5625 0.125 0.5 16 0.5625 0.125 0.6 15 0.5333333333333333 0.13333333333333333 0.7 14 0.5714285714285714 0.14285714285714285 0.9 0 1 1
13 0.1 24 0.4583333333333333 0.041666666666666664 0.4 16 0.5625 0.0625 0.5 15 0.6 0.06666666666666667 0.6 15 0.6 0.06666666666666667 0.7 12 0.6666666666666666 0.08333333333333333 0.9 1 1.0 0.0
13 0.1 29 0.3448275862068966 0.034482758620689655 0.4 17 0.5294117647058824 0.058823529411764705 0.5 16 0.5625 0.0625 0.6 15 0.5333333333333333 0.06666666666666667 0.7 12 0.6666666666666666 0.08333333333333333 0.9 0 1 1
13 0.1 23 0.4782608695652174 0.08695652173913043 0.4 17 0.5294117647058824 0.11764705882352941 0.5 16 0.5625 0.125 0.6 14 0.6428571428571429 0.14285714285714285 0.7 12 0.5833333333333334 0.16666666666666666 0.9 0 1 1
13 0.1 25 0.52 0.04 0.4 19 0.631578947368421 0.05263157894736842 0.5 16 0.625 0.0625 0.6 15 0.6666666666666666 0.06666666666666667 0.7 14 0.7142857142857143 0.07142857142857142 0.9 1 1.0 1.0
13 0.1 24 0.5416666666666666 0.041666666666666664 0.4 18 0.6111111111111112 0.05555555555555555 0.5 17 0.6470588235294118 0.058823529411764705 0.6 17 0.6470588235294118 0.058823529411764705 0.7 13 0.7692307692307693 0.07692307692307693 0.9 1 0.0 0.0
13 0.1 26 0.46153846153846156 0.07692307692307693 0.4 23 0.5217391304347826 0.08695652173913043 0.5 23 0.5217391304347826 0.08695652173913043 0.6 21 0.5238095238095238 0.09523809523809523 0.7 17 0.6470588235294118 0.11764705882352941 0.9 0 1 1
13 0.1 24 0.5 0.08333333333333333 0.4 20 0.55 0.1 0.5 19 0.5263157894736842 0.10526315789473684 0.6 18 0.5555555555555556 0.1111111111111111 0.7 15 0.6 0.13333333333333333 0.9 0 1 1
13 0.1 24 0.4583333333333333 0.041666666666666664 0.4 22 0.5 0.045454545454545456 0.5 22 0.5 0.045454545454545456 0.6 20 0.5 0.05 0.7 18 0.5555555555555556 0.05555555555555555 0.9 1 1.0 1.0
13 0.1 24 0.4583333333333333 0.08333333333333333 0.4 21 0.47619047619047616 0.09523809523809523 0.5 21 0.47619047619047616 0.09523809523809523 0.6 17 0.47058823529411764 0.11764705882352941 0.7 15 0.5333333333333333 0.13333333333333333 0.9 1 1.0 1.0
13 0.1 20 0.5 0.1 0.4 19 0.5263157894736842 0.10526315789473684 0.5 17 0.47058823529411764 0.11764705882352941 0.6 14 0.5714285714285714 0.14285714285714285 0.7 14 0.5714285714285714 0.14285714285714285 0.9 0 1 1
13 0.1 24 0.4166666666666667 0.041666666666666664 0.4 18 0.5 0.05555555555555555 0.5 17 0.5294117647058824 0.058823529411764705 0.6 17 0.5294117647058824 0.058823529411764705 0.7 13 0.6153846153846154 0.07692307692307693 0.9 1 1.0 1.0
13 0.1 23 0.4782608695652174 0.08695652173913043 0.4 15 0.5333333333333333 0.13333333333333333 0.5 15 0.5333333333333333 0.13333333333333333 0.6 14 0.5714285714285714 0.14285714285714285 0.7 13 0.6153846153846154 0.15384615384615385 0.9 1 1.0 0.0
13 0.1 24 0.4583333333333333 0.041666666666666664 0.4 17 0.47058823529411764 0.058823529411764705 0.5 17 0.47058823529411764 0.058823529411764705 0.6 17 0.47058823529411764 0.058823529411764705 0.7 13 0.6153846153846154 0.07692307692307693 0.9 2 1.0 0.0
13 0.1 28 0.39285714285714285 0.07142857142857142 0.4 22 0.45454545454545453 0.09090909090909091 0.5 20 0.5 0.1 0.6 16 0.625 0.125 0.7 16 0.625 0.125 0.9 0 1 1
13 0.1 28 0.42857142857142855 0.03571428571428571 0.4 19 0.5263157894736842 0.05263157894736842 0.5 16 0.5625 0.0625 0.6 13 0.6153846153846154 0.07692307692307693 0.7 13 0.6153846153846154 0.07692307692307693 0.9 0 1 1
13 0.1 28 0.42857142857142855 0.03571428571428571 0.4 20 0.45 0.05 0.5 18 0.5 0.05555555555555555 0.6 17 0.5294117647058824 0.058823529411764705 0.7 14 0.5714285714285714 0.07142857142857142 0.9 0 1 1
13 0.1 16 0.5625 0.125 0.4 13 0.6153846153846154 0.15384615384615385 0.5 13 0.6153846153846154 0.15384615384615385 0.6 12 0.6666666666666666 0.16666666666666666 0.7 11 0.7272727272727273 0.18181818181818182 0.9 0 1 1
13 0.1 24 0.4583333333333333 0.041666666666666664 0.4 21 0.5238095238095238 0.047619047619047616 0.5 19 0.5263157894736842 0.05263157894736842 0.6 18 0.5555555555555556 0.05555555555555555 0.7 13 0.6153846153846154 0.07692307692307693 0.9 1 1.0 0.0
13 0.1 25 0.44 0.08 0.4 19 0.47368421052631576 0.10526315789473684 0.5 18 0.5 0.1111111111111111 0.6 16 0.5 0.125 0.7 15 0.5333333333333333 0.13333333333333333 0.9 0 1 1
13 0.1 25 0.44 0.08 0.4 19 0.5263157894736842 0.10526315789473684 0.5 18 0.5555555555555556 0.1111111111111111 0.6 14 0.6428571428571429 0.14285714285714285 0.7 12 0.6666666666666666 0.16666666666666666 0.9 2 1.0 0.0
13 0.1 27 0.4444444444444444 0.037037037037037035 0.4 22 0.5 0.045454545454545456 0.5 19 0.5263157894736842 0.05263157894736842 0.6 17 0.5294117647058824 0.058823529411764705 0.7 15 0.6 0.06666666666666667 0.9 5 0.8 0.2
13 0.1 27 0.4444444444444444 0.07407407407407407 0.4 23 0.43478260869565216 0.08695652173913043 0.5 22 0.45454545454545453 0.09090909090909091 0.6 19 0.5263157894736842 0.10526315789473684 0.7 16 0.5625 0.125 0.9 3 0.6666666666666666 0.3333333333333333
13 0.1 25 0.44 0.04 0.4 20 0.5 0.05 0.5 18 0.5 0.05555555555555555 0.6 17 0.5294117647058824 0.058823529411764705 0.7 13 0.6153846153846154 0.07692307692307693 0.9 3 0.6666666666666666 0.3333333333333333
13 0.1 32 0.375 0.09375 0.4 25 0.4 0.12 0.5 22 0.45454545454545453 0.13636363636363635 0.6 17 0.4117647058823529 0.17647058823529413 0.7 16 0.4375 0.1875 0.9 2 1.0 0.5
13 0.1 28 0.42857142857142855 0.07142857142857142 0.4 18 0.4444444444444444 0.1111111111111111 0.5 16 0.4375 0.125 0.6 16 0.4375 0.125 0.7 15 0.4666666666666667 0.13333333333333333 0.9 3 0.6666666666666666 0.3333333333333333
13 0.1 25 0.4 0.04 0.4 19 0.42105263157894735 0.05263157894736842 0.5 17 0.47058823529411764 0.058823529411764705 0.6 16 0.5 0.0625 0.7 16 0.5 0.0625 0.9 1 1.0 0.0
13 0.1 27 0.4074074074074074 0.037037037037037035 0.4 20 0.55 0.05 0.5 18 0.5 0.0 0.6 18 0.5 0.0 0.7 15 0.5333333333333333 0.0 0.9 4 0.75 0.0
13 0.1 25 0.4 0.08 0.4 20 0.5 0.1 0.5 19 0.47368421052631576 0.10526315789473684 0.6 16 0.5 0.125 0.7 15 0.5333333333333333 0.13333333333333333 0.9 2 1.0 0.5
13 0.1 29 0.41379310344827586 0.034482758620689655 0.4 24 0.4166666666666667 0.041666666666666664 0.5 22 0.45454545454545453 0.045454545454545456 0.6 19 0.47368421052631576 0.05263157894736842 0.7 16 0.5625 0.0625 0.9 1 1.0 0.0
13 0.1 29 0.41379310344827586 0.10344827586206896 0.4 22 0.45454545454545453 0.13636363636363635 0.5 21 0.47619047619047616 0.14285714285714285 0.6 20 0.5 0.15 0.7 17 0.5294117647058824 0.17647058823529413 0.9 2 1.0 1.0
13 0.1 24 0.4583333333333333 0.041666666666666664 0.4 20 0.5 0.05 0.5 18 0.5 0.05555555555555555 0.6 16 0.5625 0.0625 0.7 16 0.5625 0.0625 0.9 3 1.0 0.3333333333333333
13 0.1 26 0.4230769230769231 0.07692307692307693 0.4 22 0.5 0.09090909090909091 0.5 19 0.5789473684210527 0.10526315789473684 0.6 17 0.5882352941176471 0.11764705882352941 0.7 16 0.5625 0.125 0.9 3 1.0 0.3333333333333333
13 0.1 28 0.42857142857142855 0.07142857142857142 0.4 21 0.5238095238095238 0.09523809523809523 0.5 20 0.55 0.1 0.6 19 0.5789473684210527 0.10526315789473684 0.7 16 0.5625 0.125 0.9 4 1.0 0.5
13 0.1 25 0.44 0.04 0.4 17 0.5294117647058824 0.058823529411764705 0.5 16 0.5 0.0625 0.6 15 0.4666666666666667 0.06666666666666667 0.7 14 0.5 0.07142857142857142 0.9 0 1 1
13 0.1 26 0.4230769230769231 0.0 0.4 19 0.47368421052631576 0.0 0.5 19 0.47368421052631576 0.0 0.6 18 0.4444444444444444 0.0 0.7 14 0.5714285714285714 0.0 0.9 1 0.0 0.0
13 0.1 26 0.38461538461538464 0.07692307692307693 0.4 19 0.47368421052631576 0.10526315789473684 0.5 18 0.5 0.1111111111111111 0.6 15 0.5333333333333333 0.13333333333333333 0.7 14 0.5714285714285714 0.14285714285714285 0.9 0 1 1
13 0.1 30 0.3333333333333333 0.1 0.4 22 0.45454545454545453 0.13636363636363635 0.5 19 0.5263157894736842 0.15789473684210525 0.6 17 0.5294117647058824 0.17647058823529413 0.7 14 0.6428571428571429 0.21428571428571427 0.9 0 1 1
13 0.1 25 0.4 0.04 0.4 18 0.5555555555555556 0.05555555555555555 0.5 17 0.5294117647058824 0.058823529411764705 0.6 17 0.5294117647058824 0.058823529411764705 0.7 17 0.5294117647058824 0.058823529411764705 0.9 0 1 1
13 0.1 28 0.39285714285714285 0.07142857142857142 0.4 22 0.45454545454545453 0.09090909090909091 0.5 17 0.5294117647058824 0.11764705882352941 0.6 17 0.5294117647058824 0.11764705882352941 0.7 17 0.5294117647058824 0.11764705882352941 0.9 1 1.0 0.0
13 0.1 27 0.4074074074074074 0.1111111111111111 0.4 22 0.45454545454545453 0.13636363636363635 0.5 20 0.5 0.15 0.6 19 0.47368421052631576 0.15789473684210525 0.7 15 0.6 0.2 0.9 0 1 1
13 0.1 29 0.3793103448275862 0.10344827586206896 0.4 21 0.47619047619047616 0.14285714285714285 0.5 20 0.5 0.15 0.6 18 0.5 0.16666666666666666 0.7 16 0.5 0.1875 0.9 2 0.5 0.0
13 0.1 25 0.36 0.04 0.4 19 0.42105263157894735 0.05263157894736842 0.5 18 0.4444444444444444 0.05555555555555555 0.6 17 0.47058823529411764 0.058823529411764705 0.7 15 0.4666666666666667 0.06666666666666667 0.9 2 1.0 0.0
13 0.1 28 0.32142857142857145 0.0 0.4 20 0.45 0.0 0.5 20 0.45 0.0 0.6 17 0.47058823529411764 0.0 0.7 14 0.5 0.0 0.9 0 1 1
13 0.1 24 0.4166666666666667 0.08333333333333333 0.4 17 0.47058823529411764 0.058823529411764705 0.5 17 0.47058823529411764 0.058823529411764705 0.6 17 0.47058823529411764 0.058823529411764705 0.7 14 0.5714285714285714 0.07142857142857142 0.9 2 1.0 0.5
13 0.1 29 0.3103448275862069 0.034482758620689655 0.4 22 0.4090909090909091 0.045454545454545456 0.5 18 0.5 0.05555555555555555 0.6 17 0.5294117647058824 0.058823529411764705 0.7 16 0.5625 0.0625 0.9 3 1.0 0.0
13 0.1 30 0.4 0.13333333333333333 0.4 21 0.5238095238095238 0.19047619047619047 0.5 20 0.5 0.2 0.6 17 0.47058823529411764 0.23529411764705882 0.7 16 0.5 0.25 0.9 0 1 1
13 0.1 26 0.4230769230769231 0.11538461538461539 0.4 20 0.45 0.15 0.5 17 0.5294117647058824 0.17647058823529413 0.6 17 0.5294117647058824 0.17647058823529413 0.7 15 0.5333333333333333 0.2 0.9 0 1 1
13 0.1 27 0.4074074074074074 0.07407407407407407 0.4 19 0.47368421052631576 0.10526315789473684 0.5 17 0.47058823529411764 0.11764705882352941 0.6 15 0.4666666666666667 0.13333333333333333 0.7 15 0.4666666666666667 0.13333333333333333 0.9 0 1 1
13 0.1 26 0.38461538461538464 0.0 0.4 18 0.5 0.0 0.5 18 0.5 0.0 0.6 18 0.5 0.0 0.7 16 0.5 0.0 0.9 1 1.0 0.0
13 0.1 23 0.43478260869565216 0.043478260869565216 0.4 19 0.47368421052631576 0.05263157894736842 0.5 18 0.5 0.05555555555555555 0.6 18 0.5 0.05555555555555555 0.7 14 0.5 0.0 0.9 1 1.0 0.0
13 0.1 23 0.43478260869565216 0.13043478260869565 0.4 17 0.5294117647058824 0.17647058823529413 0.5 17 0.5294117647058824 0.17647058823529413 0.6 16 0.5 0.1875 0.7 15 0.5333333333333333 0.2 0.9 3 0.6666666666666666 0.3333333333333333
13 0.1 28 0.35714285714285715 0.07142857142857142 0.4 19 0.47368421052631576 0.10526315789473684 0.5 17 0.5294117647058824 0.11764705882352941 0.6 16 0.5625 0.125 0.7 15 0.6 0.13333333333333333 0.9 3 1.0 0.6666666666666666
13 0.1 26 0.38461538461538464 0.038461538461538464 0.4 19 0.5263157894736842 0.05263157894736842 0.5 18 0.5 0.05555555555555555 0.6 18 0.5 0.05555555555555555 0.7 15 0.5333333333333333 0.06666666666666667 0.9 3 0.6666666666666666 0.0
13 0.1 27 0.4074074074074074 0.0 0.4 18 0.5555555555555556 0.0 0.5 17 0.5294117647058824 0.0 0.6 16 0.5625 0.0 0.7 16 0.5625 0.0 0.9 2 1.0 0.0
13 0.1 28 0.42857142857142855 0.07142857142857142 0.4 18 0.5555555555555556 0.1111111111111111 0.5 17 0.5882352941176471 0.11764705882352941 0.6 16 0.5625 0.125 0.7 15 0.6 0.13333333333333333 0.9 1 1.0 0.0
13 0.1 24 0.5 0.041666666666666664 0.4 18 0.6111111111111112 0.05555555555555555 0.5 17 0.5882352941176471 0.058823529411764705 0.6 17 0.5882352941176471 0.058823529411764705 0.7 16 0.5625 0.0625 0.9 6 0.6666666666666666 0.16666666666666666
13 0.1 25 0.4 0.0 0.4 19 0.47368421052631576 0.0 0.5 17 0.5294117647058824 0.0 0.6 16 0.5 0.0 0.7 13 0.6153846153846154 0.0 0.9 1 1.0 0.0
13 0.1 23 0.43478260869565216 0.0 0.4 18 0.5 0.0 0.5 17 0.5294117647058824 0.0 0.6 17 0.5294117647058824 0.0 0.7 15 0.6 0.0 0.9 2 1.0 0.0
13 0.1 24 0.4583333333333333 0.125 0.4 19 0.42105263157894735 0.15789473684210525 0.5 17 0.47058823529411764 0.17647058823529413 0.6 16 0.5 0.1875 0.7 16 0.5 0.1875 0.9 1 0.0 0.0
13 0.1 27 0.4444444444444444 0.07407407407407407 0.4 19 0.42105263157894735 0.10526315789473684 0.5 17 0.47058823529411764 0.11764705882352941 0.6 17 0.47058823529411764 0.11764705882352941 0.7 13 0.6153846153846154 0.15384615384615385 0.9 1 1.0 0.0
13 0.1 24 0.4583333333333333 0.041666666666666664 0.4 19 0.5263157894736842 0.05263157894736842 0.5 17 0.5294117647058824 0.058823529411764705 0.6 17 0.5294117647058824 0.058823529411764705 0.7 16 0.5 0.0625 0.9 1 1.0 0.0
13 0.1 28 0.39285714285714285 0.07142857142857142 0.4 19 0.47368421052631576 0.10526315789473684 0.5 14 0.5714285714285714 0.14285714285714285 0.6 14 0.5714285714285714 0.14285714285714285 0.7 14 0.5714285714285714 0.14285714285714285 0.9 1 1.0 0.0
13 0.1 24 0.4583333333333333 0.041666666666666664 0.4 17 0.5294117647058824 0.058823529411764705 0.5 16 0.5 0.0625 0.6 16 0.5 0.0625 0.7 15 0.5333333333333333 0.06666666666666667 0.9 1 0.0 0.0
13 0.1 22 0.45454545454545453 0.045454545454545456 0.4 20 0.45 0.05 0.5 19 0.47368421052631576 0.05263157894736842 0.6 18 0.5 0.05555555555555555 0.7 15 0.6 0.06666666666666667 0.9 1 0.0 0.0
13 0.1 22 0.45454545454545453 0.09090909090909091 0.4 19 0.47368421052631576 0.10526315789473684 0.5 18 0.5 0.1111111111111111 0.6 17 0.5294117647058824 0.11764705882352941 0.7 14 0.6428571428571429 0.14285714285714285 0.9 0 1 1
13 0.1 20 0.45 0.05 0.4 16 0.5 0.0625 0.5 12 0.6666666666666666 0.08333333333333333 0.6 12 0.6666666666666666 0.08333333333333333 0.7 12 0.6666666666666666 0.08333333333333333 0.9 1 0.0 0.0
13 0.1 25 0.4 0.04 0.4 16 0.5 0.0625 0.5 15 0.5333333333333333 0.06666666666666667 0.6 14 0.5714285714285714 0.07142857142857142 0.7 12 0.6666666666666666 0.08333333333333333 0.9 1 0.0 0.0
13 0.1 26 0.4230769230769231 0.0 0.4 19 0.47368421052631576 0.0 0.5 16 0.5625 0.0 0.6 15 0.6 0.0 0.7 15 0.6 0.0 0.9 2 0.5 0.0
13 0.1 27 0.4074074074074074 0.07407407407407407 0.4 18 0.5555555555555556 0.1111111111111111 0.5 17 0.5882352941176471 0.11764705882352941 0.6 17 0.5882352941176471 0.11764705882352941 0.7 15 0.6 0.13333333333333333 0.9 0 1 1
13 0.1 21 0.47619047619047616 0.047619047619047616 0.4 17 0.5882352941176471 0.058823529411764705 0.5 17 0.5882352941176471 0.058823529411764705 0.6 15 0.6 0.06666666666666667 0.7 14 0.6428571428571429 0.07142857142857142 0.9 0 1 1
13 0.1 24 0.4166666666666667 0.125 0.4 17 0.5294117647058824 0.17647058823529413 0.5 16 0.5 0.1875 0.6 16 0.5 0.1875 0.7 13 0.6153846153846154 0.23076923076923078 0.9 1 1.0 0.0
13 0.1 26 0.38461538461538464 0.07692307692307693 0.4 17 0.47058823529411764 0.11764705882352941 0.5 16 0.5 0.125 0.6 15 0.5333333333333333 0.13333333333333333 0.7 14 0.5714285714285714 0.14285714285714285 0.9 0 1 1
13 0.1 29 0.3793103448275862 0.06896551724137931 0.4 20 0.45 0.1 0.5 19 0.47368421052631576 0.10526315789473684 0.6 16 0.5 0.125 0.7 14 0.5714285714285714 0.14285714285714285 0.9 1 1.0 0.0
13 0.1 29 0.3103448275862069 0.06896551724137931 0.4 20 0.45 0.1 0.5 18 0.5 0.1111111111111111 0.6 18 0.5 0.1111111111111111 0.7 17 0.5294117647058824 0.11764705882352941 0.9 0 1 1
13 0.1 29 0.41379310344827586 0.06896551724137931 0.4 19 0.5263157894736842 0.10526315789473684 0.5 18 0.5 0.1111111111111111 0.6 18 0.5 0.1111111111111111 0.7 18 0.5 0.1111111111111111 0.9 0 1 1
