10 0.1 0 1 1 0.4 0 1 1 0.5 0 1 1 0.6 0 1 1 0.7 0 1 1 0.9 0 1 1
10 0.1 46 0.021739130434782608 0.0 0.4 1 0.0 0.0 0.5 0 1 1 0.6 0 1 1 0.7 0 1 1 0.9 0 1 1
10 0.1 108 0.05555555555555555 0.0 0.4 2 0.0 0.0 0.5 1 0.0 0.0 0.6 0 1 1 0.7 0 1 1 0.9 0 1 1
10 0.1 90 0.06666666666666667 0.0 0.4 9 0.2222222222222222 0.0 0.5 4 0.0 0.0 0.6 0 1 1 0.7 0 1 1 0.9 0 1 1
10 0.1 285 0.03508771929824561 0.0 0.4 70 0.12857142857142856 0.0 0.5 49 0.16326530612244897 0.0 0.6 23 0.30434782608695654 0.0 0.7 3 0.3333333333333333 0.0 0.9 0 1 1
10 0.1 138 0.07246376811594203 0.0 0.4 20 0.15 0.0 0.5 4 0.25 0.0 0.6 0 1 1 0.7 0 1 1 0.9 0 1 1
10 0.1 150 0.06666666666666667 0.0 0.4 30 0.26666666666666666 0.0 0.5 8 0.125 0.0 0.6 0 1 1 0.7 0 1 1 0.9 0 1 1
10 0.1 98 0.09183673469387756 0.0 0.4 1 0.0 0.0 0.5 0 1 1 0.6 0 1 1 0.7 0 1 1 0.9 0 1 1
10 0.1 75 0.13333333333333333 0.0 0.4 17 0.35294117647058826 0.0 0.5 8 0.5 0.0 0.6 2 1.0 0.0 0.7 1 1.0 0.0 0.9 0 1 1
10 0.1 98 0.10204081632653061 0.0 0.4 23 0.2608695652173913 0.0 0.5 9 0.4444444444444444 0.0 0.6 4 0.5 0.0 0.7 0 1 1 0.9 0 1 1
10 0.1 82 0.12195121951219512 0.0 0.4 16 0.1875 0.0 0.5 6 0.3333333333333333 0.0 0.6 1 0.0 0.0 0.7 0 1 1 0.9 0 1 1
10 0.1 60 0.15 0.0 0.4 19 0.21052631578947367 0.0 0.5 6 0.3333333333333333 0.0 0.6 2 1.0 0.0 0.7 0 1 1 0.9 0 1 1
10 0.1 11 0.2727272727272727 0.0 0.4 1 0.0 0.0 0.5 1 0.0 0.0 0.6 0 1 1 0.7 0 1 1 0.9 0 1 1
10 0.1 12 0.3333333333333333 0.0 0.4 1 0.0 0.0 0.5 1 0.0 0.0 0.6 0 1 1 0.7 0 1 1 0.9 0 1 1
10 0.1 57 0.17543859649122806 0.0 0.4 32 0.28125 0.0 0.5 22 0.36363636363636365 0.0 0.6 17 0.35294117647058826 0.0 0.7 8 0.625 0.0 0.9 0 1 1
10 0.1 33 0.30303030303030304 0.0 0.4 20 0.4 0.0 0.5 17 0.47058823529411764 0.0 0.6 11 0.6363636363636364 0.0 0.7 5 0.6 0.0 0.9 0 1 1
10 0.1 36 0.2777777777777778 0.0 0.4 13 0.46153846153846156 0.0 0.5 9 0.4444444444444444 0.0 0.6 6 0.3333333333333333 0.0 0.7 3 0.3333333333333333 0.0 0.9 0 1 1
10 0.1 40 0.2 0.0 0.4 17 0.23529411764705882 0.0 0.5 12 0.3333333333333333 0.0 0.6 7 0.2857142857142857 0.0 0.7 4 0.25 0.0 0.9 0 1 1
10 0.1 6 0.16666666666666666 0.0 0.4 0 1 1 0.5 0 1 1 0.6 0 1 1 0.7 0 1 1 0.9 0 1 1
10 0.1 40 0.225 0.0 0.4 13 0.46153846153846156 0.0 0.5 9 0.5555555555555556 0.0 0.6 4 0.5 0.0 0.7 0 1 1 0.9 0 1 1
10 0.1 18 0.2222222222222222 0.0 0.4 4 0.0 0.0 0.5 3 0.0 0.0 0.6 0 1 1 0.7 0 1 1 0.9 0 1 1
10 0.1 12 0.3333333333333333 0.0 0.4 2 0.0 0.0 0.5 1 0.0 0.0 0.6 0 1 1 0.7 0 1 1 0.9 0 1 1
10 0.1 32 0.3125 0.0 0.4 19 0.5263157894736842 0.0 0.5 15 0.6 0.0 0.6 10 0.6 0.0 0.7 4 0.75 0.0 0.9 0 1 1
10 0.1 2 0.0 0.0 0.4 0 1 1 0.5 0 1 1 0.6 0 1 1 0.7 0 1 1 0.9 0 1 1
10 0.1 52 0.19230769230769232 0.0 0.4 23 0.391304347826087 0.0 0.5 14 0.5 0.0 0.6 9 0.5555555555555556 0.0 0.7 3 0.3333333333333333 0.0 0.9 0 1 1
10 0.1 22 0.2727272727272727 0.0 0.4 9 0.3333333333333333 0.0 0.5 6 0.16666666666666666 0.0 0.6 4 0.25 0.0 0.7 3 0.3333333333333333 0.0 0.9 0 1 1
10 0.1 20 0.3 0.0 0.4 6 0.5 0.0 0.5 4 0.5 0.0 0.6 4 0.5 0.0 0.7 1 0.0 0.0 0.9 0 1 1
10 0.1 0 1 1 0.4 0 1 1 0.5 0 1 1 0.6 0 1 1 0.7 0 1 1 0.9 0 1 1
10 0.1 0 1 1 0.4 0 1 1 0.5 0 1 1 0.6 0 1 1 0.7 0 1 1 0.9 0 1 1
10 0.1 1 0.0 0.0 0.4 0 1 1 0.5 0 1 1 0.6 0 1 1 0.7 0 1 1 0.9 0 1 1
10 0.1 2 0.5 0.0 0.4 0 1 1 0.5 0 1 1 0.6 0 1 1 0.7 0 1 1 0.9 0 1 1
10 0.1 16 0.1875 0.0 0.4 5 0.2 0.0 0.5 5 0.2 0.0 0.6 1 0.0 0.0 0.7 1 0.0 0.0 0.9 0 1 1
10 0.1 0 1 1 0.4 0 1 1 0.5 0 1 1 0.6 0 1 1 0.7 0 1 1 0.9 0 1 1
10 0.1 0 1 1 0.4 0 1 1 0.5 0 1 1 0.6 0 1 1 0.7 0 1 1 0.9 0 1 1
10 0.1 9 0.3333333333333333 0.0 0.4 0 1 1 0.5 0 1 1 0.6 0 1 1 0.7 0 1 1 0.9 0 1 1
10 0.1 2 0.0 0.0 0.4 0 1 1 0.5 0 1 1 0.6 0 1 1 0.7 0 1 1 0.9 0 1 1
10 0.1 29 0.20689655172413793 0.0 0.4 9 0.3333333333333333 0.0 0.5 3 0.3333333333333333 0.0 0.6 2 0.5 0.0 0.7 1 1.0 0.0 0.9 0 1 1
10 0.1 25 0.36 0.0 0.4 9 0.4444444444444444 0.0 0.5 5 0.4 0.0 0.6 2 1.0 0.0 0.7 2 1.0 0.0 0.9 0 1 1
10 0.1 19 0.3684210526315789 0.0 0.4 2 0.5 0.0 0.5 1 1.0 0.0 0.6 0 1 1 0.7 0 1 1 0.9 0 1 1
10 0.1 23 0.13043478260869565 0.0 0.4 3 0.0 0.0 0.5 2 0.0 0.0 0.6 0 1 1 0.7 0 1 1 0.9 0 1 1
10 0.1 24 0.4166666666666667 0.0 0.4 6 0.6666666666666666 0.0 0.5 2 0.5 0.0 0.6 2 0.5 0.0 0.7 0 1 1 0.9 0 1 1
10 0.1 21 0.38095238095238093 0.0 0.4 5 0.6 0.0 0.5 2 1.0 0.0 0.6 1 1.0 0.0 0.7 0 1 1 0.9 0 1 1
10 0.1 14 0.21428571428571427 0.0 0.4 2 1.0 0.0 0.5 1 1.0 0.0 0.6 0 1 1 0.7 0 1 1 0.9 0 1 1
10 0.1 23 0.30434782608695654 0.0 0.4 5 0.8 0.0 0.5 2 1.0 0.0 0.6 0 1 1 0.7 0 1 1 0.9 0 1 1
10 0.1 13 0.46153846153846156 0.0 0.4 4 0.75 0.0 0.5 4 0.75 0.0 0.6 1 1.0 0.0 0.7 0 1 1 0.9 0 1 1
10 0.1 24 0.375 0.0 0.4 9 0.6666666666666666 0.0 0.5 7 0.5714285714285714 0.0 0.6 7 0.5714285714285714 0.0 0.7 5 0.6 0.0 0.9 0 1 1
10 0.1 41 0.1951219512195122 0.0 0.4 6 0.3333333333333333 0.0 0.5 4 0.5 0.0 0.6 2 0.5 0.0 0.7 0 1 1 0.9 0 1 1
10 0.1 0 1 1 0.4 0 1 1 0.5 0 1 1 0.6 0 1 1 0.7 0 1 1 0.9 0 1 1
10 0.1 20 0.4 0.0 0.4 6 0.8333333333333334 0.0 0.5 2 1.0 0.0 0.6 2 1.0 0.0 0.7 1 1.0 0.0 0.9 0 1 1
10 0.1 19 0.47368421052631576 0.0 0.4 9 0.4444444444444444 0.0 0.5 4 0.5 0.0 0.6 2 1.0 0.0 0.7 2 1.0 0.0 0.9 0 1 1
10 0.1 12 0.4166666666666667 0.0 0.4 3 1.0 0.0 0.5 2 1.0 0.0 0.6 0 1 1 0.7 0 1 1 0.9 0 1 1
10 0.1 20 0.5 0.0 0.4 5 0.8 0.0 0.5 4 0.75 0.0 0.6 3 0.6666666666666666 0.0 0.7 1 1.0 0.0 0.9 0 1 1
10 0.1 23 0.391304347826087 0.0 0.4 4 1.0 0.0 0.5 4 1.0 0.0 0.6 4 1.0 0.0 0.7 0 1 1 0.9 0 1 1
10 0.1 16 0.5625 0.0 0.4 5 0.8 0.0 0.5 4 1.0 0.0 0.6 3 1.0 0.0 0.7 2 1.0 0.0 0.9 0 1 1
10 0.1 24 0.4166666666666667 0.0 0.4 12 0.6666666666666666 0.0 0.5 10 0.6 0.0 0.6 8 0.75 0.0 0.7 4 0.75 0.0 0.9 0 1 1
10 0.1 18 0.5555555555555556 0.0 0.4 10 0.6 0.0 0.5 7 0.7142857142857143 0.0 0.6 6 0.8333333333333334 0.0 0.7 2 0.5 0.0 0.9 0 1 1
10 0.1 26 0.3076923076923077 0.0 0.4 10 0.6 0.0 0.5 6 0.6666666666666666 0.0 0.6 3 0.6666666666666666 0.0 0.7 1 1.0 0.0 0.9 0 1 1
10 0.1 27 0.3333333333333333 0.0 0.4 15 0.4666666666666667 0.0 0.5 11 0.6363636363636364 0.0 0.6 7 0.5714285714285714 0.0 0.7 5 0.8 0.0 0.9 0 1 1
10 0.1 29 0.3448275862068966 0.0 0.4 12 0.5 0.0 0.5 9 0.5555555555555556 0.0 0.6 7 0.7142857142857143 0.0 0.7 1 1.0 0.0 0.9 0 1 1
10 0.1 20 0.45 0.1 0.4 10 0.6 0.2 0.5 7 0.7142857142857143 0.2857142857142857 0.6 5 0.6 0.2 0.7 3 0.6666666666666666 0.3333333333333333 0.9 0 1 1
10 0.1 24 0.4166666666666667 0.0 0.4 12 0.5 0.0 0.5 7 0.42857142857142855 0.0 0.6 3 1.0 0.0 0.7 0 1 1 0.9 0 1 1
10 0.1 53 0.18867924528301888 0.0 0.4 11 0.5454545454545454 0.0 0.5 7 0.5714285714285714 0.0 0.6 6 0.6666666666666666 0.0 0.7 1 1.0 0.0 0.9 0 1 1
10 0.1 35 0.2857142857142857 0.02857142857142857 0.4 14 0.6428571428571429 0.07142857142857142 0.5 10 0.6 0.1 0.6 9 0.5555555555555556 0.1111111111111111 0.7 6 0.6666666666666666 0.16666666666666666 0.9 0 1 1
10 0.1 25 0.36 0.0 0.4 8 0.625 0.0 0.5 5 0.6 0.0 0.6 1 1.0 0.0 0.7 1 1.0 0.0 0.9 0 1 1
10 0.1 28 0.35714285714285715 0.0 0.4 9 0.5555555555555556 0.0 0.5 8 0.625 0.0 0.6 7 0.7142857142857143 0.0 0.7 5 0.8 0.0 0.9 0 1 1
10 0.1 25 0.4 0.0 0.4 10 0.5 0.0 0.5 9 0.4444444444444444 0.0 0.6 4 0.75 0.0 0.7 1 1.0 0.0 0.9 0 1 1
10 0.1 26 0.38461538461538464 0.0 0.4 10 0.5 0.0 0.5 8 0.5 0.0 0.6 6 0.6666666666666666 0.0 0.7 2 1.0 0.0 0.9 0 1 1
10 0.1 44 0.22727272727272727 0.0 0.4 15 0.4666666666666667 0.0 0.5 11 0.5454545454545454 0.0 0.6 8 0.625 0.0 0.7 5 0.8 0.0 0.9 0 1 1
10 0.1 30 0.3333333333333333 0.0 0.4 15 0.5333333333333333 0.0 0.5 11 0.6363636363636364 0.0 0.6 9 0.6666666666666666 0.0 0.7 6 0.6666666666666666 0.0 0.9 0 1 1
10 0.1 21 0.42857142857142855 0.09523809523809523 0.4 14 0.5 0.14285714285714285 0.5 13 0.5384615384615384 0.15384615384615385 0.6 10 0.6 0.2 0.7 6 0.8333333333333334 0.3333333333333333 0.9 0 1 1
10 0.1 20 0.5 0.0 0.4 13 0.6923076923076923 0.0 0.5 11 0.6363636363636364 0.0 0.6 7 0.8571428571428571 0.0 0.7 3 1.0 0.0 0.9 0 1 1
10 0.1 24 0.4166666666666667 0.041666666666666664 0.4 10 0.6 0.0 0.5 7 0.7142857142857143 0.0 0.6 4 1.0 0.0 0.7 3 1.0 0.0 0.9 0 1 1
10 0.1 26 0.3076923076923077 0.0 0.4 13 0.6153846153846154 0.0 0.5 8 0.875 0.0 0.6 4 1.0 0.0 0.7 1 1.0 0.0 0.9 0 1 1
10 0.1 57 0.17543859649122806 0.0 0.4 19 0.42105263157894735 0.0 0.5 14 0.5 0.0 0.6 9 0.5555555555555556 0.0 0.7 5 0.6 0.0 0.9 0 1 1
10 0.1 24 0.375 0.0 0.4 8 0.625 0.0 0.5 7 0.5714285714285714 0.0 0.6 5 0.8 0.0 0.7 3 1.0 0.0 0.9 0 1 1
10 0.1 31 0.3225806451612903 0.0 0.4 11 0.45454545454545453 0.0 0.5 7 0.7142857142857143 0.0 0.6 5 0.8 0.0 0.7 3 1.0 0.0 0.9 0 1 1
10 0.1 31 0.3225806451612903 0.03225806451612903 0.4 14 0.5714285714285714 0.07142857142857142 0.5 10 0.6 0.1 0.6 8 0.75 0.125 0.7 5 0.8 0.0 0.9 0 1 1
10 0.1 24 0.4166666666666667 0.0 0.4 14 0.7142857142857143 0.0 0.5 11 0.7272727272727273 0.0 0.6 9 0.7777777777777778 0.0 0.7 6 0.8333333333333334 0.0 0.9 0 1 1
10 0.1 25 0.4 0.0 0.4 15 0.6 0.0 0.5 13 0.5384615384615384 0.0 0.6 10 0.6 0.0 0.7 8 0.625 0.0 0.9 0 1 1
10 0.1 58 0.1724137931034483 0.0 0.4 12 0.4166666666666667 0.0 0.5 10 0.3 0.0 0.6 6 0.5 0.0 0.7 1 1.0 0.0 0.9 0 1 1
10 0.1 25 0.4 0.0 0.4 15 0.4666666666666667 0.0 0.5 11 0.45454545454545453 0.0 0.6 9 0.5555555555555556 0.0 0.7 4 0.75 0.0 0.9 0 1 1
10 0.1 19 0.42105263157894735 0.0 0.4 9 0.5555555555555556 0.0 0.5 4 0.75 0.0 0.6 4 0.75 0.0 0.7 4 0.75 0.0 0.9 0 1 1
10 0.1 24 0.375 0.041666666666666664 0.4 12 0.5 0.08333333333333333 0.5 8 0.5 0.0 0.6 7 0.5714285714285714 0.0 0.7 4 0.75 0.0 0.9 0 1 1
10 0.1 25 0.4 0.0 0.4 13 0.6153846153846154 0.0 0.5 12 0.6666666666666666 0.0 0.6 8 0.5 0.0 0.7 5 0.8 0.0 0.9 0 1 1
10 0.1 24 0.4166666666666667 0.08333333333333333 0.4 16 0.5625 0.125 0.5 12 0.5833333333333334 0.08333333333333333 0.6 9 0.6666666666666666 0.1111111111111111 0.7 6 0.8333333333333334 0.0 0.9 0 1 1
10 0.1 23 0.43478260869565216 0.043478260869565216 0.4 13 0.6153846153846154 0.07692307692307693 0.5 11 0.6363636363636364 0.09090909090909091 0.6 9 0.6666666666666666 0.1111111111111111 0.7 6 0.6666666666666666 0.16666666666666666 0.9 0 1 1
10 0.1 24 0.4166666666666667 0.0 0.4 13 0.6153846153846154 0.0 0.5 12 0.6666666666666666 0.0 0.6 11 0.6363636363636364 0.0 0.7 6 0.8333333333333334 0.0 0.9 0 1 1
10 0.1 26 0.38461538461538464 0.0 0.4 13 0.6153846153846154 0.0 0.5 13 0.6153846153846154 0.0 0.6 11 0.5454545454545454 0.0 0.7 6 0.6666666666666666 0.0 0.9 0 1 1
10 0.1 25 0.4 0.0 0.4 16 0.5 0.0 0.5 12 0.5833333333333334 0.0 0.6 10 0.7 0.0 0.7 6 0.8333333333333334 0.0 0.9 0 1 1
10 0.1 27 0.3333333333333333 0.037037037037037035 0.4 18 0.3888888888888889 0.05555555555555555 0.5 16 0.4375 0.0625 0.6 10 0.5 0.1 0.7 6 0.8333333333333334 0.16666666666666666 0.9 0 1 1
10 0.1 24 0.4166666666666667 0.0 0.4 15 0.4666666666666667 0.0 0.5 14 0.5 0.0 0.6 8 0.625 0.0 0.7 7 0.7142857142857143 0.0 0.9 0 1 1
10 0.1 27 0.37037037037037035 0.0 0.4 17 0.5294117647058824 0.0 0.5 15 0.5333333333333333 0.0 0.6 15 0.5333333333333333 0.0 0.7 8 0.625 0.0 0.9 0 1 1
10 0.1 27 0.37037037037037035 0.0 0.4 14 0.5 0.0 0.5 13 0.5384615384615384 0.0 0.6 9 0.6666666666666666 0.0 0.7 5 0.8 0.0 0.9 0 1 1
10 0.1 30 0.3333333333333333 0.0 0.4 19 0.47368421052631576 0.0 0.5 17 0.5294117647058824 0.0 0.6 12 0.6666666666666666 0.0 0.7 8 0.75 0.0 0.9 0 1 1
10 0.1 26 0.38461538461538464 0.0 0.4 18 0.5 0.0 0.5 14 0.5 0.0 0.6 12 0.5833333333333334 0.0 0.7 8 0.75 0.0 0.9 0 1 1
10 0.1 30 0.3333333333333333 0.03333333333333333 0.4 17 0.4117647058823529 0.058823529411764705 0.5 16 0.4375 0.0625 0.6 11 0.6363636363636364 0.09090909090909091 0.7 8 0.75 0.125 0.9 0 1 1
10 0.1 43 0.23255813953488372 0.0 0.4 17 0.5294117647058824 0.0 0.5 15 0.6 0.0 0.6 11 0.6363636363636364 0.0 0.7 6 0.6666666666666666 0.0 0.9 0 1 1
10 0.1 22 0.4090909090909091 0.0 0.4 16 0.5 0.0 0.5 13 0.5384615384615384 0.0 0.6 11 0.5454545454545454 0.0 0.7 7 0.7142857142857143 0.0 0.9 0 1 1
10 0.1 24 0.4166666666666667 0.0 0.4 15 0.6 0.0 0.5 11 0.5454545454545454 0.0 0.6 5 0.6 0.0 0.7 3 1.0 0.0 0.9 0 1 1
10 0.1 23 0.43478260869565216 0.0 0.4 13 0.6153846153846154 0.0 0.5 12 0.5833333333333334 0.0 0.6 11 0.5454545454545454 0.0 0.7 5 0.6 0.0 0.9 0 1 1
10 0.1 18 0.5 0.05555555555555555 0.4 13 0.5384615384615384 0.07692307692307693 0.5 12 0.5833333333333334 0.08333333333333333 0.6 9 0.5555555555555556 0.1111111111111111 0.7 8 0.625 0.125 0.9 0 1 1
10 0.1 25 0.4 0.0 0.4 16 0.625 0.0 0.5 12 0.5833333333333334 0.0 0.6 10 0.6 0.0 0.7 9 0.6666666666666666 0.0 0.9 0 1 1
10 0.1 25 0.4 0.0 0.4 19 0.47368421052631576 0.0 0.5 17 0.47058823529411764 0.0 0.6 11 0.5454545454545454 0.0 0.7 9 0.6666666666666666 0.0 0.9 0 1 1
10 0.1 26 0.38461538461538464 0.0 0.4 18 0.5 0.0 0.5 12 0.5833333333333334 0.0 0.6 12 0.5833333333333334 0.0 0.7 10 0.6 0.0 0.9 0 1 1
10 0.1 25 0.4 0.0 0.4 17 0.4117647058823529 0.0 0.5 14 0.42857142857142855 0.0 0.6 13 0.46153846153846156 0.0 0.7 9 0.6666666666666666 0.0 0.9 0 1 1
10 0.1 26 0.38461538461538464 0.0 0.4 16 0.5 0.0 0.5 14 0.5714285714285714 0.0 0.6 10 0.6 0.0 0.7 7 0.7142857142857143 0.0 0.9 0 1 1
10 0.1 25 0.4 0.0 0.4 21 0.42857142857142855 0.0 0.5 16 0.5 0.0 0.6 13 0.5384615384615384 0.0 0.7 11 0.5454545454545454 0.0 0.9 0 1 1
10 0.1 24 0.4166666666666667 0.041666666666666664 0.4 15 0.4666666666666667 0.06666666666666667 0.5 12 0.5833333333333334 0.08333333333333333 0.6 10 0.7 0.1 0.7 7 0.8571428571428571 0.14285714285714285 0.9 0 1 1
10 0.1 23 0.43478260869565216 0.0 0.4 11 0.6363636363636364 0.0 0.5 11 0.6363636363636364 0.0 0.6 10 0.6 0.0 0.7 7 0.5714285714285714 0.0 0.9 0 1 1
10 0.1 30 0.3 0.0 0.4 18 0.5 0.0 0.5 16 0.5625 0.0 0.6 12 0.5833333333333334 0.0 0.7 10 0.6 0.0 0.9 0 1 1
10 0.1 22 0.4090909090909091 0.0 0.4 13 0.46153846153846156 0.0 0.5 13 0.46153846153846156 0.0 0.6 10 0.5 0.0 0.7 8 0.5 0.0 0.9 0 1 1
10 0.1 27 0.37037037037037035 0.0 0.4 22 0.45454545454545453 0.0 0.5 16 0.5 0.0 0.6 14 0.5714285714285714 0.0 0.7 13 0.6153846153846154 0.0 0.9 0 1 1
10 0.1 29 0.3448275862068966 0.0 0.4 16 0.5 0.0 0.5 13 0.6153846153846154 0.0 0.6 12 0.6666666666666666 0.0 0.7 10 0.6 0.0 0.9 0 1 1
10 0.1 31 0.2903225806451613 0.0 0.4 24 0.375 0.0 0.5 19 0.47368421052631576 0.0 0.6 13 0.6153846153846154 0.0 0.7 10 0.6 0.0 0.9 0 1 1
10 0.1 24 0.375 0.0 0.4 16 0.5 0.0 0.5 14 0.5714285714285714 0.0 0.6 13 0.6153846153846154 0.0 0.7 10 0.6 0.0 0.9 0 1 1
10 0.1 25 0.4 0.0 0.4 19 0.42105263157894735 0.0 0.5 17 0.47058823529411764 0.0 0.6 13 0.5384615384615384 0.0 0.7 10 0.7 0.0 0.9 0 1 1
10 0.1 25 0.4 0.0 0.4 17 0.47058823529411764 0.0 0.5 16 0.5 0.0 0.6 14 0.5 0.0 0.7 13 0.5384615384615384 0.0 0.9 0 1 1
10 0.1 28 0.35714285714285715 0.0 0.4 21 0.38095238095238093 0.0 0.5 19 0.42105263157894735 0.0 0.6 16 0.5 0.0 0.7 15 0.4666666666666667 0.0 0.9 0 1 1
10 0.1 27 0.37037037037037035 0.037037037037037035 0.4 18 0.5 0.05555555555555555 0.5 16 0.5 0.0625 0.6 15 0.5333333333333333 0.06666666666666667 0.7 14 0.5714285714285714 0.07142857142857142 0.9 0 1 1
10 0.1 24 0.3333333333333333 0.0 0.4 15 0.5333333333333333 0.0 0.5 15 0.5333333333333333 0.0 0.6 12 0.5833333333333334 0.0 0.7 11 0.5454545454545454 0.0 0.9 0 1 1
10 0.1 25 0.4 0.0 0.4 14 0.5714285714285714 0.0 0.5 13 0.6153846153846154 0.0 0.6 10 0.6 0.0 0.7 6 0.6666666666666666 0.0 0.9 0 1 1
10 0.1 15 0.5333333333333333 0.0 0.4 10 0.5 0.0 0.5 6 0.5 0.0 0.6 4 0.75 0.0 0.7 4 0.75 0.0 0.9 0 1 1
10 0.1 19 0.47368421052631576 0.0 0.4 13 0.6153846153846154 0.0 0.5 9 0.5555555555555556 0.0 0.6 7 0.7142857142857143 0.0 0.7 5 0.8 0.0 0.9 0 1 1
10 0.1 22 0.45454545454545453 0.045454545454545456 0.4 13 0.5384615384615384 0.07692307692307693 0.5 12 0.5833333333333334 0.08333333333333333 0.6 10 0.7 0.1 0.7 3 1.0 0.3333333333333333 0.9 0 1 1
10 0.1 20 0.45 0.0 0.4 13 0.5384615384615384 0.0 0.5 12 0.5 0.0 0.6 9 0.6666666666666666 0.0 0.7 4 1.0 0.0 0.9 0 1 1
10 0.1 27 0.37037037037037035 0.0 0.4 18 0.5 0.0 0.5 18 0.5 0.0 0.6 15 0.5333333333333333 0.0 0.7 12 0.6666666666666666 0.0 0.9 0 1 1
10 0.1 24 0.375 0.0 0.4 16 0.5 0.0 0.5 16 0.5 0.0 0.6 11 0.6363636363636364 0.0 0.7 9 0.7777777777777778 0.0 0.9 0 1 1
10 0.1 25 0.36 0.04 0.4 17 0.47058823529411764 0.058823529411764705 0.5 15 0.4666666666666667 0.06666666666666667 0.6 12 0.5833333333333334 0.08333333333333333 0.7 7 0.8571428571428571 0.14285714285714285 0.9 0 1 1
10 0.1 25 0.4 0.0 0.4 17 0.5294117647058824 0.0 0.5 13 0.6153846153846154 0.0 0.6 10 0.8 0.0 0.7 6 0.8333333333333334 0.0 0.9 0 1 1
10 0.1 27 0.37037037037037035 0.0 0.4 18 0.4444444444444444 0.0 0.5 15 0.4666666666666667 0.0 0.6 14 0.5 0.0 0.7 11 0.5454545454545454 0.0 0.9 0 1 1
10 0.1 23 0.43478260869565216 0.0 0.4 15 0.6 0.0 0.5 14 0.6428571428571429 0.0 0.6 11 0.6363636363636364 0.0 0.7 8 0.625 0.0 0.9 0 1 1
10 0.1 22 0.45454545454545453 0.0 0.4 16 0.5625 0.0 0.5 12 0.6666666666666666 0.0 0.6 10 0.8 0.0 0.7 9 0.7777777777777778 0.0 0.9 0 1 1
10 0.1 24 0.4166666666666667 0.041666666666666664 0.4 15 0.6 0.06666666666666667 0.5 14 0.6428571428571429 0.07142857142857142 0.6 13 0.6153846153846154 0.07692307692307693 0.7 10 0.8 0.1 0.9 0 1 1
10 0.1 25 0.36 0.0 0.4 17 0.47058823529411764 0.0 0.5 13 0.5384615384615384 0.0 0.6 13 0.5384615384615384 0.0 0.7 9 0.6666666666666666 0.0 0.9 0 1 1
10 0.1 27 0.3333333333333333 0.0 0.4 16 0.5 0.0 0.5 13 0.5384615384615384 0.0 0.6 11 0.5454545454545454 0.0 0.7 8 0.625 0.0 0.9 0 1 1
10 0.1 23 0.391304347826087 0.0 0.4 15 0.4666666666666667 0.0 0.5 14 0.42857142857142855 0.0 0.6 10 0.6 0.0 0.7 8 0.625 0.0 0.9 0 1 1
10 0.1 26 0.38461538461538464 0.0 0.4 17 0.47058823529411764 0.0 0.5 12 0.5 0.0 0.6 12 0.5 0.0 0.7 9 0.6666666666666666 0.0 0.9 0 1 1
10 0.1 24 0.375 0.0 0.4 12 0.5833333333333334 0.0 0.5 11 0.5454545454545454 0.0 0.6 9 0.6666666666666666 0.0 0.7 7 0.7142857142857143 0.0 0.9 0 1 1
10 0.1 22 0.4090909090909091 0.045454545454545456 0.4 13 0.5384615384615384 0.07692307692307693 0.5 13 0.5384615384615384 0.07692307692307693 0.6 12 0.5 0.08333333333333333 0.7 10 0.6 0.1 0.9 0 1 1
10 0.1 28 0.32142857142857145 0.0 0.4 21 0.42857142857142855 0.0 0.5 21 0.42857142857142855 0.0 0.6 18 0.5 0.0 0.7 17 0.5294117647058824 0.0 0.9 0 1 1
10 0.1 24 0.375 0.0 0.4 16 0.5625 0.0 0.5 14 0.5714285714285714 0.0 0.6 14 0.5714285714285714 0.0 0.7 10 0.7 0.0 0.9 0 1 1
10 0.1 26 0.34615384615384615 0.0 0.4 17 0.5294117647058824 0.0 0.5 15 0.6 0.0 0.6 12 0.6666666666666666 0.0 0.7 10 0.7 0.0 0.9 0 1 1
10 0.1 19 0.5263157894736842 0.0 0.4 11 0.45454545454545453 0.0 0.5 9 0.5555555555555556 0.0 0.6 8 0.625 0.0 0.7 6 0.5 0.0 0.9 0 1 1
10 0.1 23 0.43478260869565216 0.0 0.4 11 0.6363636363636364 0.0 0.5 8 0.75 0.0 0.6 8 0.75 0.0 0.7 4 1.0 0.0 0.9 0 1 1
10 0.1 25 0.36 0.0 0.4 14 0.5714285714285714 0.0 0.5 12 0.6666666666666666 0.0 0.6 9 0.7777777777777778 0.0 0.7 4 1.0 0.0 0.9 0 1 1
10 0.1 21 0.47619047619047616 0.0 0.4 14 0.5714285714285714 0.0 0.5 12 0.5833333333333334 0.0 0.6 10 0.6 0.0 0.7 7 0.7142857142857143 0.0 0.9 0 1 1
10 0.1 30 0.3 0.03333333333333333 0.4 20 0.45 0.05 0.5 18 0.5 0.05555555555555555 0.6 15 0.5333333333333333 0.06666666666666667 0.7 11 0.7272727272727273 0.09090909090909091 0.9 0 1 1
10 0.1 21 0.38095238095238093 0.0 0.4 12 0.5833333333333334 0.0 0.5 12 0.5833333333333334 0.0 0.6 11 0.5454545454545454 0.0 0.7 9 0.5555555555555556 0.0 0.9 0 1 1
10 0.1 26 0.34615384615384615 0.038461538461538464 0.4 18 0.5 0.05555555555555555 0.5 16 0.5 0.0625 0.6 15 0.5333333333333333 0.06666666666666667 0.7 12 0.5833333333333334 0.08333333333333333 0.9 0 1 1
10 0.1 23 0.43478260869565216 0.043478260869565216 0.4 14 0.5714285714285714 0.07142857142857142 0.5 13 0.6153846153846154 0.07692307692307693 0.6 13 0.6153846153846154 0.07692307692307693 0.7 10 0.6 0.1 0.9 0 1 1
10 0.1 24 0.375 0.041666666666666664 0.4 16 0.5 0.0625 0.5 13 0.5384615384615384 0.07692307692307693 0.6 11 0.5454545454545454 0.09090909090909091 0.7 8 0.625 0.125 0.9 0 1 1
10 0.1 20 0.45 0.05 0.4 13 0.5384615384615384 0.07692307692307693 0.5 13 0.5384615384615384 0.07692307692307693 0.6 12 0.5833333333333334 0.08333333333333333 0.7 9 0.6666666666666666 0.1111111111111111 0.9 0 1 1
10 0.1 19 0.42105263157894735 0.0 0.4 13 0.6153846153846154 0.0 0.5 12 0.5833333333333334 0.0 0.6 10 0.6 0.0 0.7 7 0.8571428571428571 0.0 0.9 0 1 1
10 0.1 19 0.47368421052631576 0.05263157894736842 0.4 16 0.5625 0.0625 0.5 15 0.6 0.06666666666666667 0.6 15 0.6 0.06666666666666667 0.7 8 0.875 0.125 0.9 0 1 1
10 0.1 21 0.42857142857142855 0.0 0.4 14 0.6428571428571429 0.0 0.5 12 0.5833333333333334 0.0 0.6 10 0.6 0.0 0.7 9 0.6666666666666666 0.0 0.9 0 1 1
10 0.1 24 0.375 0.0 0.4 14 0.5714285714285714 0.0 0.5 14 0.5714285714285714 0.0 0.6 12 0.6666666666666666 0.0 0.7 9 0.7777777777777778 0.0 0.9 0 1 1
10 0.1 20 0.5 0.0 0.4 12 0.5833333333333334 0.0 0.5 11 0.5454545454545454 0.0 0.6 8 0.625 0.0 0.7 7 0.7142857142857143 0.0 0.9 0 1 1
10 0.1 17 0.5294117647058824 0.058823529411764705 0.4 14 0.5714285714285714 0.07142857142857142 0.5 11 0.5454545454545454 0.09090909090909091 0.6 10 0.6 0.1 0.7 8 0.75 0.125 0.9 0 1 1
10 0.1 24 0.375 0.041666666666666664 0.4 19 0.47368421052631576 0.05263157894736842 0.5 16 0.5625 0.0625 0.6 15 0.6 0.06666666666666667 0.7 11 0.7272727272727273 0.09090909090909091 0.9 0 1 1
10 0.1 22 0.4090909090909091 0.0 0.4 21 0.42857142857142855 0.0 0.5 19 0.47368421052631576 0.0 0.6 17 0.4117647058823529 0.0 0.7 13 0.5384615384615384 0.0 0.9 0 1 1
10 0.1 24 0.375 0.0 0.4 14 0.5714285714285714 0.0 0.5 11 0.6363636363636364 0.0 0.6 11 0.6363636363636364 0.0 0.7 7 0.7142857142857143 0.0 0.9 0 1 1
10 0.1 17 0.5294117647058824 0.0 0.4 8 0.625 0.0 0.5 8 0.625 0.0 0.6 6 0.8333333333333334 0.0 0.7 5 1.0 0.0 0.9 0 1 1
10 0.1 21 0.47619047619047616 0.0 0.4 15 0.5333333333333333 0.0 0.5 14 0.5714285714285714 0.0 0.6 11 0.6363636363636364 0.0 0.7 9 0.6666666666666666 0.0 0.9 0 1 1
10 0.1 22 0.45454545454545453 0.0 0.4 12 0.5833333333333334 0.0 0.5 12 0.5833333333333334 0.0 0.6 9 0.6666666666666666 0.0 0.7 8 0.625 0.0 0.9 0 1 1
10 0.1 22 0.36363636363636365 0.0 0.4 15 0.4666666666666667 0.0 0.5 14 0.5 0.0 0.6 14 0.5 0.0 0.7 11 0.6363636363636364 0.0 0.9 0 1 1
10 0.1 25 0.4 0.08 0.4 17 0.5882352941176471 0.11764705882352941 0.5 17 0.5882352941176471 0.11764705882352941 0.6 13 0.6153846153846154 0.15384615384615385 0.7 12 0.5833333333333334 0.16666666666666666 0.9 0 1 1
10 0.1 30 0.3333333333333333 0.0 0.4 19 0.42105263157894735 0.0 0.5 16 0.5 0.0 0.6 15 0.5333333333333333 0.0 0.7 14 0.5714285714285714 0.0 0.9 0 1 1
10 0.1 29 0.3448275862068966 0.0 0.4 17 0.5294117647058824 0.0 0.5 16 0.5625 0.0 0.6 16 0.5625 0.0 0.7 13 0.5384615384615384 0.0 0.9 0 1 1
10 0.1 19 0.5263157894736842 0.0 0.4 15 0.4666666666666667 0.0 0.5 12 0.4166666666666667 0.0 0.6 9 0.5555555555555556 0.0 0.7 7 0.5714285714285714 0.0 0.9 0 1 1
10 0.1 30 0.3333333333333333 0.0 0.4 20 0.45 0.0 0.5 18 0.5 0.0 0.6 16 0.5 0.0 0.7 14 0.5714285714285714 0.0 0.9 0 1 1
10 0.1 22 0.45454545454545453 0.0 0.4 14 0.6428571428571429 0.0 0.5 13 0.6923076923076923 0.0 0.6 12 0.6666666666666666 0.0 0.7 9 0.5555555555555556 0.0 0.9 0 1 1
10 0.1 17 0.5294117647058824 0.058823529411764705 0.4 14 0.5 0.07142857142857142 0.5 14 0.5 0.07142857142857142 0.6 12 0.5833333333333334 0.08333333333333333 0.7 9 0.7777777777777778 0.1111111111111111 0.9 0 1 1
10 0.1 22 0.4090909090909091 0.13636363636363635 0.4 17 0.5294117647058824 0.17647058823529413 0.5 16 0.5625 0.1875 0.6 13 0.5384615384615384 0.23076923076923078 0.7 10 0.7 0.3 0.9 0 1 1
10 0.1 23 0.43478260869565216 0.0 0.4 15 0.5333333333333333 0.0 0.5 14 0.5714285714285714 0.0 0.6 14 0.5714285714285714 0.0 0.7 11 0.7272727272727273 0.0 0.9 0 1 1
10 0.1 26 0.34615384615384615 0.0 0.4 19 0.47368421052631576 0.0 0.5 16 0.5625 0.0 0.6 16 0.5625 0.0 0.7 14 0.5714285714285714 0.0 0.9 0 1 1
10 0.1 22 0.4090909090909091 0.09090909090909091 0.4 18 0.4444444444444444 0.1111111111111111 0.5 13 0.6153846153846154 0.15384615384615385 0.6 10 0.6 0.2 0.7 8 0.75 0.25 0.9 0 1 1
10 0.1 25 0.36 0.0 0.4 17 0.5294117647058824 0.0 0.5 17 0.5294117647058824 0.0 0.6 16 0.5625 0.0 0.7 12 0.5833333333333334 0.0 0.9 0 1 1
10 0.1 27 0.3333333333333333 0.0 0.4 21 0.42857142857142855 0.0 0.5 19 0.47368421052631576 0.0 0.6 18 0.5 0.0 0.7 15 0.5333333333333333 0.0 0.9 0 1 1
10 0.1 23 0.391304347826087 0.08695652173913043 0.4 15 0.5333333333333333 0.13333333333333333 0.5 12 0.5 0.16666666666666666 0.6 12 0.5 0.16666666666666666 0.7 9 0.6666666666666666 0.2222222222222222 0.9 0 1 1
10 0.1 19 0.42105263157894735 0.05263157894736842 0.4 14 0.5 0.07142857142857142 0.5 9 0.5555555555555556 0.1111111111111111 0.6 8 0.625 0.125 0.7 7 0.7142857142857143 0.14285714285714285 0.9 0 1 1
10 0.1 21 0.42857142857142855 0.0 0.4 13 0.6153846153846154 0.0 0.5 10 0.6 0.0 0.6 10 0.6 0.0 0.7 6 0.8333333333333334 0.0 0.9 0 1 1
10 0.1 17 0.47058823529411764 0.0 0.4 14 0.5 0.0 0.5 13 0.5384615384615384 0.0 0.6 9 0.5555555555555556 0.0 0.7 8 0.625 0.0 0.9 0 1 1
10 0.1 17 0.47058823529411764 0.0 0.4 14 0.5714285714285714 0.0 0.5 13 0.5384615384615384 0.0 0.6 12 0.5833333333333334 0.0 0.7 9 0.5555555555555556 0.0 0.9 0 1 1
10 0.1 19 0.47368421052631576 0.0 0.4 12 0.5833333333333334 0.0 0.5 11 0.5454545454545454 0.0 0.6 11 0.5454545454545454 0.0 0.7 9 0.6666666666666666 0.0 0.9 0 1 1
10 0.1 20 0.45 0.0 0.4 13 0.6153846153846154 0.0 0.5 12 0.5833333333333334 0.0 0.6 8 0.625 0.0 0.7 6 0.8333333333333334 0.0 0.9 0 1 1
10 0.1 17 0.47058823529411764 0.0 0.4 11 0.5454545454545454 0.0 0.5 10 0.5 0.0 0.6 8 0.625 0.0 0.7 7 0.5714285714285714 0.0 0.9 0 1 1
10 0.1 26 0.34615384615384615 0.038461538461538464 0.4 17 0.47058823529411764 0.058823529411764705 0.5 16 0.5 0.0625 0.6 15 0.5333333333333333 0.06666666666666667 0.7 12 0.5833333333333334 0.08333333333333333 0.9 0 1 1
10 0.1 20 0.4 0.0 0.4 16 0.5 0.0 0.5 14 0.5 0.0 0.6 13 0.46153846153846156 0.0 0.7 10 0.5 0.0 0.9 0 1 1
10 0.1 21 0.47619047619047616 0.0 0.4 16 0.625 0.0 0.5 15 0.6 0.0 0.6 14 0.6428571428571429 0.0 0.7 11 0.7272727272727273 0.0 0.9 0 1 1
10 0.1 20 0.45 0.0 0.4 14 0.5714285714285714 0.0 0.5 13 0.6153846153846154 0.0 0.6 12 0.6666666666666666 0.0 0.7 10 0.7 0.0 0.9 0 1 1
10 0.1 22 0.4090909090909091 0.0 0.4 18 0.5 0.0 0.5 15 0.6 0.0 0.6 13 0.6153846153846154 0.0 0.7 11 0.6363636363636364 0.0 0.9 0 1 1
10 0.1 22 0.4090909090909091 0.0 0.4 14 0.5714285714285714 0.0 0.5 12 0.5833333333333334 0.0 0.6 11 0.6363636363636364 0.0 0.7 10 0.7 0.0 0.9 0 1 1
10 0.1 23 0.43478260869565216 0.0 0.4 15 0.6 0.0 0.5 13 0.6153846153846154 0.0 0.6 8 0.625 0.0 0.7 8 0.625 0.0 0.9 0 1 1
10 0.1 18 0.5 0.05555555555555555 0.4 11 0.7272727272727273 0.09090909090909091 0.5 11 0.7272727272727273 0.09090909090909091 0.6 10 0.7 0.1 0.7 10 0.7 0.1 0.9 0 1 1
10 0.1 19 0.5263157894736842 0.0 0.4 14 0.5714285714285714 0.0 0.5 13 0.5384615384615384 0.0 0.6 10 0.6 0.0 0.7 6 0.6666666666666666 0.0 0.9 0 1 1
10 0.1 18 0.5 0.0 0.4 13 0.6153846153846154 0.0 0.5 11 0.5454545454545454 0.0 0.6 10 0.5 0.0 0.7 6 0.6666666666666666 0.0 0.9 0 1 1
10 0.1 21 0.47619047619047616 0.0 0.4 15 0.5333333333333333 0.0 0.5 14 0.5714285714285714 0.0 0.6 13 0.6153846153846154 0.0 0.7 11 0.5454545454545454 0.0 0.9 0 1 1
10 0.1 22 0.4090909090909091 0.0 0.4 14 0.5714285714285714 0.0 0.5 14 0.5714285714285714 0.0 0.6 13 0.5384615384615384 0.0 0.7 11 0.5454545454545454 0.0 0.9 0 1 1
10 0.1 22 0.45454545454545453 0.0 0.4 16 0.5 0.0 0.5 12 0.5833333333333334 0.0 0.6 11 0.5454545454545454 0.0 0.7 11 0.5454545454545454 0.0 0.9 0 1 1
10 0.1 21 0.42857142857142855 0.0 0.4 13 0.6153846153846154 0.0 0.5 13 0.6153846153846154 0.0 0.6 12 0.6666666666666666 0.0 0.7 8 0.625 0.0 0.9 0 1 1
10 0.1 18 0.5 0.0 0.4 11 0.5454545454545454 0.0 0.5 11 0.5454545454545454 0.0 0.6 11 0.5454545454545454 0.0 0.7 10 0.6 0.0 0.9 0 1 1
10 0.1 28 0.35714285714285715 0.0 0.4 17 0.5294117647058824 0.0 0.5 15 0.5333333333333333 0.0 0.6 13 0.5384615384615384 0.0 0.7 12 0.5833333333333334 0.0 0.9 0 1 1
10 0.1 25 0.4 0.0 0.4 16 0.5625 0.0 0.5 13 0.5384615384615384 0.0 0.6 12 0.5 0.0 0.7 10 0.6 0.0 0.9 0 1 1
10 0.1 24 0.375 0.0 0.4 14 0.5 0.0 0.5 13 0.5384615384615384 0.0 0.6 12 0.5833333333333334 0.0 0.7 11 0.5454545454545454 0.0 0.9 0 1 1
10 0.1 19 0.42105263157894735 0.0 0.4 14 0.5714285714285714 0.0 0.5 13 0.6153846153846154 0.0 0.6 12 0.5833333333333334 0.0 0.7 11 0.6363636363636364 0.0 0.9 0 1 1
10 0.1 21 0.42857142857142855 0.0 0.4 12 0.5833333333333334 0.0 0.5 11 0.5454545454545454 0.0 0.6 11 0.5454545454545454 0.0 0.7 9 0.6666666666666666 0.0 0.9 0 1 1
10 0.1 27 0.37037037037037035 0.037037037037037035 0.4 15 0.5333333333333333 0.06666666666666667 0.5 15 0.5333333333333333 0.06666666666666667 0.6 14 0.5714285714285714 0.07142857142857142 0.7 13 0.6153846153846154 0.07692307692307693 0.9 1 1.0 0.0
10 0.1 24 0.375 0.0 0.4 15 0.5333333333333333 0.0 0.5 15 0.5333333333333333 0.0 0.6 14 0.5714285714285714 0.0 0.7 11 0.6363636363636364 0.0 0.9 0 1 1
10 0.1 23 0.43478260869565216 0.0 0.4 17 0.47058823529411764 0.0 0.5 15 0.5333333333333333 0.0 0.6 15 0.5333333333333333 0.0 0.7 15 0.5333333333333333 0.0 0.9 0 1 1
10 0.1 27 0.3333333333333333 0.0 0.4 18 0.5 0.0 0.5 17 0.47058823529411764 0.0 0.6 15 0.5333333333333333 0.0 0.7 13 0.5384615384615384 0.0 0.9 0 1 1
10 0.1 22 0.4090909090909091 0.0 0.4 16 0.5625 0.0 0.5 16 0.5625 0.0 0.6 15 0.6 0.0 0.7 14 0.6428571428571429 0.0 0.9 0 1 1
10 0.1 26 0.34615384615384615 0.038461538461538464 0.4 18 0.5 0.05555555555555555 0.5 16 0.5625 0.0625 0.6 15 0.6 0.06666666666666667 0.7 14 0.6428571428571429 0.07142857142857142 0.9 0 1 1
10 0.1 25 0.36 0.04 0.4 15 0.6 0.06666666666666667 0.5 12 0.6666666666666666 0.08333333333333333 0.6 11 0.6363636363636364 0.09090909090909091 0.7 10 0.6 0.1 0.9 0 1 1
10 0.1 19 0.42105263157894735 0.0 0.4 14 0.5 0.0 0.5 12 0.5833333333333334 0.0 0.6 11 0.6363636363636364 0.0 0.7 10 0.6 0.0 0.9 0 1 1
10 0.1 17 0.4117647058823529 0.0 0.4 13 0.5384615384615384 0.0 0.5 13 0.5384615384615384 0.0 0.6 13 0.5384615384615384 0.0 0.7 12 0.5833333333333334 0.0 0.9 0 1 1
10 0.1 22 0.4090909090909091 0.0 0.4 15 0.5333333333333333 0.0 0.5 14 0.5 0.0 0.6 14 0.5 0.0 0.7 12 0.5833333333333334 0.0 0.9 0 1 1
10 0.1 18 0.3888888888888889 0.05555555555555555 0.4 14 0.5 0.07142857142857142 0.5 14 0.5 0.07142857142857142 0.6 13 0.5384615384615384 0.07692307692307693 0.7 10 0.6 0.1 0.9 0 1 1
10 0.1 15 0.5333333333333333 0.06666666666666667 0.4 13 0.6153846153846154 0.07692307692307693 0.5 12 0.5833333333333334 0.08333333333333333 0.6 11 0.6363636363636364 0.09090909090909091 0.7 10 0.7 0.1 0.9 0 1 1
10 0.1 17 0.4117647058823529 0.0 0.4 12 0.5833333333333334 0.0 0.5 11 0.6363636363636364 0.0 0.6 11 0.6363636363636364 0.0 0.7 11 0.6363636363636364 0.0 0.9 0 1 1
10 0.1 21 0.38095238095238093 0.0 0.4 15 0.4666666666666667 0.0 0.5 15 0.4666666666666667 0.0 0.6 11 0.5454545454545454 0.0 0.7 10 0.6 0.0 0.9 0 1 1
10 0.1 23 0.391304347826087 0.043478260869565216 0.4 18 0.5 0.05555555555555555 0.5 17 0.5294117647058824 0.058823529411764705 0.6 15 0.6 0.06666666666666667 0.7 13 0.6153846153846154 0.07692307692307693 0.9 0 1 1
10 0.1 22 0.4090909090909091 0.0 0.4 17 0.47058823529411764 0.0 0.5 17 0.47058823529411764 0.0 0.6 15 0.5333333333333333 0.0 0.7 14 0.5714285714285714 0.0 0.9 0 1 1
10 0.1 23 0.391304347826087 0.043478260869565216 0.4 18 0.5 0.05555555555555555 0.5 17 0.5294117647058824 0.058823529411764705 0.6 17 0.5294117647058824 0.058823529411764705 0.7 13 0.6153846153846154 0.07692307692307693 0.9 0 1 1
10 0.1 22 0.3181818181818182 0.0 0.4 18 0.3888888888888889 0.0 0.5 16 0.4375 0.0 0.6 14 0.5 0.0 0.7 13 0.5384615384615384 0.0 0.9 0 1 1
10 0.1 25 0.36 0.0 0.4 17 0.4117647058823529 0.0 0.5 12 0.5 0.0 0.6 12 0.5 0.0 0.7 11 0.5454545454545454 0.0 0.9 0 1 1
10 0.1 23 0.391304347826087 0.0 0.4 15 0.5333333333333333 0.0 0.5 14 0.5 0.0 0.6 12 0.5833333333333334 0.0 0.7 11 0.5454545454545454 0.0 0.9 0 1 1
10 0.1 25 0.4 0.0 0.4 15 0.6 0.0 0.5 15 0.6 0.0 0.6 13 0.5384615384615384 0.0 0.7 11 0.6363636363636364 0.0 0.9 0 1 1
10 0.1 27 0.37037037037037035 0.0 0.4 16 0.5625 0.0 0.5 14 0.5 0.0 0.6 12 0.5 0.0 0.7 11 0.5454545454545454 0.0 0.9 0 1 1
10 0.1 23 0.43478260869565216 0.043478260869565216 0.4 17 0.5294117647058824 0.058823529411764705 0.5 16 0.5625 0.0625 0.6 14 0.6428571428571429 0.07142857142857142 0.7 14 0.6428571428571429 0.07142857142857142 0.9 0 1 1
10 0.1 22 0.4090909090909091 0.0 0.4 15 0.6 0.0 0.5 14 0.6428571428571429 0.0 0.6 13 0.6923076923076923 0.0 0.7 10 0.7 0.0 0.9 0 1 1
10 0.1 23 0.391304347826087 0.0 0.4 15 0.5333333333333333 0.0 0.5 14 0.5 0.0 0.6 13 0.5384615384615384 0.0 0.7 13 0.5384615384615384 0.0 0.9 0 1 1
10 0.1 21 0.42857142857142855 0.0 0.4 14 0.5714285714285714 0.0 0.5 14 0.5714285714285714 0.0 0.6 11 0.5454545454545454 0.0 0.7 10 0.6 0.0 0.9 0 1 1
10 0.1 16 0.5625 0.0 0.4 12 0.5833333333333334 0.0 0.5 11 0.5454545454545454 0.0 0.6 9 0.6666666666666666 0.0 0.7 8 0.625 0.0 0.9 0 1 1
10 0.1 27 0.37037037037037035 0.037037037037037035 0.4 15 0.5333333333333333 0.06666666666666667 0.5 14 0.5714285714285714 0.07142857142857142 0.6 13 0.6153846153846154 0.07692307692307693 0.7 11 0.6363636363636364 0.09090909090909091 0.9 0 1 1
10 0.1 24 0.375 0.0 0.4 15 0.5333333333333333 0.0 0.5 14 0.5714285714285714 0.0 0.6 12 0.6666666666666666 0.0 0.7 9 0.6666666666666666 0.0 0.9 0 1 1
10 0.1 22 0.36363636363636365 0.0 0.4 13 0.5384615384615384 0.0 0.5 12 0.5833333333333334 0.0 0.6 11 0.5454545454545454 0.0 0.7 11 0.5454545454545454 0.0 0.9 0 1 1
10 0.1 22 0.36363636363636365 0.0 0.4 13 0.5384615384615384 0.0 0.5 13 0.5384615384615384 0.0 0.6 12 0.5 0.0 0.7 11 0.5454545454545454 0.0 0.9 0 1 1
10 0.1 22 0.36363636363636365 0.09090909090909091 0.4 16 0.5 0.125 0.5 14 0.5714285714285714 0.14285714285714285 0.6 14 0.5714285714285714 0.14285714285714285 0.7 13 0.5384615384615384 0.15384615384615385 0.9 0 1 1
10 0.1 23 0.391304347826087 0.043478260869565216 0.4 15 0.5333333333333333 0.06666666666666667 0.5 15 0.5333333333333333 0.06666666666666667 0.6 11 0.6363636363636364 0.09090909090909091 0.7 9 0.6666666666666666 0.1111111111111111 0.9 0 1 1
10 0.1 22 0.4090909090909091 0.0 0.4 14 0.5714285714285714 0.0 0.5 14 0.5714285714285714 0.0 0.6 12 0.5833333333333334 0.0 0.7 12 0.5833333333333334 0.0 0.9 0 1 1
10 0.1 20 0.45 0.0 0.4 14 0.5714285714285714 0.0 0.5 13 0.5384615384615384 0.0 0.6 13 0.5384615384615384 0.0 0.7 11 0.5454545454545454 0.0 0.9 0 1 1
10 0.1 17 0.4117647058823529 0.0 0.4 10 0.6 0.0 0.5 10 0.6 0.0 0.6 9 0.6666666666666666 0.0 0.7 7 0.8571428571428571 0.0 0.9 0 1 1
10 0.1 20 0.45 0.0 0.4 14 0.5 0.0 0.5 12 0.5 0.0 0.6 9 0.6666666666666666 0.0 0.7 9 0.6666666666666666 0.0 0.9 1 1.0 0.0
10 0.1 23 0.391304347826087 0.043478260869565216 0.4 18 0.5 0.05555555555555555 0.5 18 0.5 0.05555555555555555 0.6 17 0.47058823529411764 0.058823529411764705 0.7 15 0.5333333333333333 0.06666666666666667 0.9 1 1.0 1.0
10 0.1 25 0.36 0.04 0.4 18 0.4444444444444444 0.05555555555555555 0.5 17 0.47058823529411764 0.058823529411764705 0.6 15 0.5333333333333333 0.06666666666666667 0.7 14 0.5714285714285714 0.07142857142857142 0.9 1 1.0 0.0
10 0.1 26 0.38461538461538464 0.038461538461538464 0.4 16 0.5 0.0625 0.5 14 0.5 0.07142857142857142 0.6 14 0.5 0.07142857142857142 0.7 13 0.46153846153846156 0.07692307692307693 0.9 1 1.0 1.0
10 0.1 23 0.43478260869565216 0.0 0.4 12 0.5833333333333334 0.0 0.5 11 0.5454545454545454 0.0 0.6 10 0.6 0.0 0.7 9 0.6666666666666666 0.0 0.9 1 1.0 0.0
10 0.1 18 0.5 0.0 0.4 12 0.5 0.0 0.5 12 0.5 0.0 0.6 12 0.5 0.0 0.7 10 0.6 0.0 0.9 0 1 1
10 0.1 22 0.4090909090909091 0.09090909090909091 0.4 14 0.5714285714285714 0.14285714285714285 0.5 13 0.5384615384615384 0.15384615384615385 0.6 13 0.5384615384615384 0.15384615384615385 0.7 13 0.5384615384615384 0.15384615384615385 0.9 0 1 1
10 0.1 22 0.36363636363636365 0.045454545454545456 0.4 13 0.5384615384615384 0.07692307692307693 0.5 13 0.5384615384615384 0.07692307692307693 0.6 13 0.5384615384615384 0.07692307692307693 0.7 13 0.5384615384615384 0.07692307692307693 0.9 0 1 1
10 0.1 21 0.42857142857142855 0.0 0.4 17 0.5294117647058824 0.0 0.5 15 0.5333333333333333 0.0 0.6 12 0.5833333333333334 0.0 0.7 12 0.5833333333333334 0.0 0.9 0 1 1
10 0.1 22 0.45454545454545453 0.0 0.4 16 0.5 0.0 0.5 15 0.5333333333333333 0.0 0.6 15 0.5333333333333333 0.0 0.7 13 0.5384615384615384 0.0 0.9 1 1.0 0.0
10 0.1 22 0.4090909090909091 0.045454545454545456 0.4 17 0.47058823529411764 0.058823529411764705 0.5 15 0.5333333333333333 0.06666666666666667 0.6 13 0.5384615384615384 0.07692307692307693 0.7 12 0.5833333333333334 0.08333333333333333 0.9 1 1.0 0.0
10 0.1 24 0.4166666666666667 0.041666666666666664 0.4 18 0.5555555555555556 0.05555555555555555 0.5 16 0.5625 0.0625 0.6 15 0.5333333333333333 0.06666666666666667 0.7 14 0.5714285714285714 0.07142857142857142 0.9 1 1.0 1.0
10 0.1 23 0.43478260869565216 0.08695652173913043 0.4 15 0.6 0.13333333333333333 0.5 15 0.6 0.13333333333333333 0.6 13 0.6153846153846154 0.15384615384615385 0.7 13 0.6153846153846154 0.15384615384615385 0.9 1 1.0 1.0
10 0.1 24 0.4166666666666667 0.041666666666666664 0.4 16 0.5 0.0625 0.5 15 0.5333333333333333 0.06666666666666667 0.6 14 0.5714285714285714 0.07142857142857142 0.7 11 0.5454545454545454 0.09090909090909091 0.9 1 1.0 1.0
10 0.1 18 0.5 0.0 0.4 16 0.5625 0.0 0.5 15 0.6 0.0 0.6 14 0.6428571428571429 0.0 0.7 12 0.75 0.0 0.9 0 1 1
10 0.1 22 0.4090909090909091 0.09090909090909091 0.4 15 0.5333333333333333 0.13333333333333333 0.5 14 0.5714285714285714 0.14285714285714285 0.6 14 0.5714285714285714 0.14285714285714285 0.7 12 0.5833333333333334 0.16666666666666666 0.9 2 1.0 0.5
10 0.1 19 0.42105263157894735 0.0 0.4 15 0.4666666666666667 0.0 0.5 12 0.5 0.0 0.6 11 0.5454545454545454 0.0 0.7 9 0.6666666666666666 0.0 0.9 1 1.0 0.0
10 0.1 19 0.47368421052631576 0.05263157894736842 0.4 14 0.42857142857142855 0.07142857142857142 0.5 13 0.46153846153846156 0.07692307692307693 0.6 11 0.5454545454545454 0.09090909090909091 0.7 10 0.6 0.1 0.9 1 1.0 0.0
10 0.1 21 0.38095238095238093 0.047619047619047616 0.4 14 0.5 0.07142857142857142 0.5 14 0.5 0.07142857142857142 0.6 13 0.5384615384615384 0.07692307692307693 0.7 13 0.5384615384615384 0.07692307692307693 0.9 0 1 1
10 0.1 23 0.391304347826087 0.043478260869565216 0.4 16 0.5 0.0625 0.5 15 0.5333333333333333 0.06666666666666667 0.6 15 0.5333333333333333 0.06666666666666667 0.7 14 0.5714285714285714 0.07142857142857142 0.9 0 1 1
10 0.1 22 0.4090909090909091 0.0 0.4 16 0.5625 0.0 0.5 13 0.5384615384615384 0.0 0.6 12 0.5 0.0 0.7 12 0.5 0.0 0.9 1 1.0 0.0
10 0.1 21 0.42857142857142855 0.0 0.4 13 0.6153846153846154 0.0 0.5 13 0.6153846153846154 0.0 0.6 12 0.5833333333333334 0.0 0.7 11 0.6363636363636364 0.0 0.9 1 1.0 0.0
10 0.1 20 0.45 0.05 0.4 16 0.5625 0.0625 0.5 14 0.6428571428571429 0.07142857142857142 0.6 13 0.6153846153846154 0.07692307692307693 0.7 13 0.6153846153846154 0.07692307692307693 0.9 1 1.0 0.0
10 0.1 20 0.45 0.0 0.4 16 0.5625 0.0 0.5 15 0.5333333333333333 0.0 0.6 14 0.5714285714285714 0.0 0.7 13 0.6153846153846154 0.0 0.9 1 1.0 0.0
10 0.1 20 0.35 0.05 0.4 15 0.4666666666666667 0.06666666666666667 0.5 15 0.4666666666666667 0.06666666666666667 0.6 15 0.4666666666666667 0.06666666666666667 0.7 14 0.5 0.07142857142857142 0.9 1 1.0 0.0
10 0.1 21 0.38095238095238093 0.0 0.4 17 0.47058823529411764 0.0 0.5 17 0.47058823529411764 0.0 0.6 15 0.5333333333333333 0.0 0.7 13 0.5384615384615384 0.0 0.9 0 1 1
10 0.1 23 0.391304347826087 0.0 0.4 17 0.5294117647058824 0.0 0.5 15 0.5333333333333333 0.0 0.6 13 0.6153846153846154 0.0 0.7 11 0.6363636363636364 0.0 0.9 1 1.0 0.0
10 0.1 17 0.47058823529411764 0.0 0.4 15 0.5333333333333333 0.0 0.5 15 0.5333333333333333 0.0 0.6 14 0.5714285714285714 0.0 0.7 12 0.5833333333333334 0.0 0.9 0 1 1
10 0.1 21 0.42857142857142855 0.047619047619047616 0.4 15 0.5333333333333333 0.06666666666666667 0.5 13 0.6153846153846154 0.07692307692307693 0.6 11 0.5454545454545454 0.09090909090909091 0.7 10 0.6 0.1 0.9 1 1.0 0.0
10 0.1 26 0.38461538461538464 0.0 0.4 14 0.5 0.0 0.5 12 0.5833333333333334 0.0 0.6 10 0.6 0.0 0.7 10 0.6 0.0 0.9 0 1 1
10 0.1 24 0.4166666666666667 0.041666666666666664 0.4 14 0.5714285714285714 0.07142857142857142 0.5 12 0.5833333333333334 0.08333333333333333 0.6 11 0.6363636363636364 0.09090909090909091 0.7 11 0.6363636363636364 0.09090909090909091 0.9 1 1.0 0.0
10 0.1 20 0.45 0.0 0.4 12 0.5 0.0 0.5 11 0.5454545454545454 0.0 0.6 11 0.5454545454545454 0.0 0.7 9 0.6666666666666666 0.0 0.9 1 1.0 0.0
10 0.1 25 0.36 0.04 0.4 13 0.5384615384615384 0.07692307692307693 0.5 12 0.5833333333333334 0.08333333333333333 0.6 10 0.7 0.1 0.7 9 0.6666666666666666 0.1111111111111111 0.9 1 1.0 0.0
10 0.1 26 0.34615384615384615 0.0 0.4 16 0.375 0.0 0.5 14 0.42857142857142855 0.0 0.6 12 0.5 0.0 0.7 9 0.6666666666666666 0.0 0.9 1 1.0 0.0
10 0.1 24 0.3333333333333333 0.0 0.4 18 0.4444444444444444 0.0 0.5 18 0.4444444444444444 0.0 0.6 15 0.5333333333333333 0.0 0.7 13 0.6153846153846154 0.0 0.9 0 1 1
10 0.1 24 0.375 0.0 0.4 19 0.42105263157894735 0.0 0.5 15 0.4666666666666667 0.0 0.6 14 0.5 0.0 0.7 12 0.5833333333333334 0.0 0.9 1 1.0 0.0
10 0.1 22 0.36363636363636365 0.09090909090909091 0.4 14 0.5 0.14285714285714285 0.5 12 0.5833333333333334 0.16666666666666666 0.6 12 0.5833333333333334 0.16666666666666666 0.7 11 0.6363636363636364 0.18181818181818182 0.9 1 1.0 0.0
10 0.1 23 0.34782608695652173 0.043478260869565216 0.4 16 0.5 0.0625 0.5 15 0.5333333333333333 0.06666666666666667 0.6 13 0.5384615384615384 0.07692307692307693 0.7 11 0.6363636363636364 0.09090909090909091 0.9 1 1.0 0.0
10 0.1 22 0.36363636363636365 0.045454545454545456 0.4 15 0.5333333333333333 0.06666666666666667 0.5 15 0.5333333333333333 0.06666666666666667 0.6 14 0.5 0.07142857142857142 0.7 11 0.6363636363636364 0.09090909090909091 0.9 1 1.0 1.0
10 0.1 19 0.42105263157894735 0.0 0.4 14 0.5714285714285714 0.0 0.5 14 0.5714285714285714 0.0 0.6 14 0.5714285714285714 0.0 0.7 13 0.6153846153846154 0.0 0.9 0 1 1
10 0.1 22 0.4090909090909091 0.0 0.4 14 0.5714285714285714 0.0 0.5 13 0.6153846153846154 0.0 0.6 13 0.6153846153846154 0.0 0.7 10 0.7 0.0 0.9 0 1 1
10 0.1 20 0.4 0.0 0.4 14 0.5714285714285714 0.0 0.5 13 0.6153846153846154 0.0 0.6 12 0.5833333333333334 0.0 0.7 12 0.5833333333333334 0.0 0.9 0 1 1
10 0.1 20 0.45 0.1 0.4 13 0.5384615384615384 0.15384615384615385 0.5 11 0.6363636363636364 0.18181818181818182 0.6 11 0.6363636363636364 0.18181818181818182 0.7 10 0.6 0.2 0.9 1 1.0 1.0
10 0.1 23 0.34782608695652173 0.0 0.4 13 0.5384615384615384 0.0 0.5 12 0.5833333333333334 0.0 0.6 12 0.5833333333333334 0.0 0.7 11 0.5454545454545454 0.0 0.9 1 1.0 0.0
10 0.1 18 0.4444444444444444 0.0 0.4 10 0.6 0.0 0.5 10 0.6 0.0 0.6 10 0.6 0.0 0.7 9 0.6666666666666666 0.0 0.9 1 1.0 0.0
10 0.1 20 0.45 0.0 0.4 13 0.5384615384615384 0.0 0.5 12 0.5833333333333334 0.0 0.6 11 0.6363636363636364 0.0 0.7 8 0.75 0.0 0.9 1 1.0 0.0
10 0.1 20 0.4 0.0 0.4 14 0.5714285714285714 0.0 0.5 14 0.5714285714285714 0.0 0.6 13 0.6153846153846154 0.0 0.7 12 0.5833333333333334 0.0 0.9 1 1.0 0.0
10 0.1 19 0.42105263157894735 0.05263157894736842 0.4 15 0.5333333333333333 0.06666666666666667 0.5 15 0.5333333333333333 0.06666666666666667 0.6 12 0.5833333333333334 0.08333333333333333 0.7 10 0.6 0.1 0.9 1 1.0 0.0
10 0.1 18 0.3888888888888889 0.05555555555555555 0.4 16 0.4375 0.0625 0.5 15 0.4666666666666667 0.06666666666666667 0.6 15 0.4666666666666667 0.06666666666666667 0.7 12 0.5833333333333334 0.08333333333333333 0.9 0 1 1
10 0.1 19 0.42105263157894735 0.05263157894736842 0.4 15 0.5333333333333333 0.06666666666666667 0.5 15 0.5333333333333333 0.06666666666666667 0.6 15 0.5333333333333333 0.06666666666666667 0.7 12 0.6666666666666666 0.08333333333333333 0.9 1 1.0 0.0
10 0.1 20 0.4 0.05 0.4 16 0.5 0.0625 0.5 15 0.5333333333333333 0.06666666666666667 0.6 14 0.5 0.07142857142857142 0.7 12 0.5833333333333334 0.08333333333333333 0.9 2 1.0 0.0
10 0.1 20 0.4 0.05 0.4 16 0.5 0.0625 0.5 15 0.5333333333333333 0.06666666666666667 0.6 15 0.5333333333333333 0.06666666666666667 0.7 14 0.5714285714285714 0.07142857142857142 0.9 1 1.0 0.0
10 0.1 21 0.38095238095238093 0.047619047619047616 0.4 14 0.5714285714285714 0.07142857142857142 0.5 12 0.5833333333333334 0.08333333333333333 0.6 12 0.5833333333333334 0.08333333333333333 0.7 12 0.5833333333333334 0.08333333333333333 0.9 1 1.0 1.0
10 0.1 20 0.4 0.0 0.4 15 0.5333333333333333 0.0 0.5 15 0.5333333333333333 0.0 0.6 15 0.5333333333333333 0.0 0.7 12 0.5833333333333334 0.0 0.9 1 1.0 0.0
10 0.1 22 0.36363636363636365 0.045454545454545456 0.4 17 0.47058823529411764 0.058823529411764705 0.5 16 0.5 0.0625 0.6 14 0.5 0.07142857142857142 0.7 14 0.5 0.07142857142857142 0.9 1 1.0 0.0
10 0.1 22 0.4090909090909091 0.045454545454545456 0.4 16 0.5 0.0625 0.5 15 0.5333333333333333 0.06666666666666667 0.6 13 0.6153846153846154 0.07692307692307693 0.7 12 0.5833333333333334 0.08333333333333333 0.9 1 1.0 0.0
10 0.1 25 0.32 0.0 0.4 14 0.5714285714285714 0.0 0.5 14 0.5714285714285714 0.0 0.6 14 0.5714285714285714 0.0 0.7 12 0.6666666666666666 0.0 0.9 1 1.0 0.0
10 0.1 22 0.36363636363636365 0.0 0.4 15 0.5333333333333333 0.0 0.5 14 0.5714285714285714 0.0 0.6 12 0.6666666666666666 0.0 0.7 11 0.6363636363636364 0.0 0.9 1 1.0 0.0
