26 0.1 0 1 1 0.4 0 1 1 0.5 0 1 1 0.6 0 1 1 0.7 0 1 1 0.9 0 1 1
26 0.1 26 0.15384615384615385 0.0 0.4 1 0.0 0.0 0.5 0 1 1 0.6 0 1 1 0.7 0 1 1 0.9 0 1 1
26 0.1 108 0.12037037037037036 0.0 0.4 7 0.42857142857142855 0.0 0.5 3 0.3333333333333333 0.0 0.6 0 1 1 0.7 0 1 1 0.9 0 1 1
26 0.1 115 0.11304347826086956 0.0 0.4 15 0.3333333333333333 0.0 0.5 6 0.5 0.0 0.6 1 0.0 0.0 0.7 0 1 1 0.9 0 1 1
26 0.1 354 0.07062146892655367 0.0 0.4 90 0.23333333333333334 0.0 0.5 54 0.37037037037037035 0.0 0.6 27 0.5185185185185185 0.0 0.7 7 0.7142857142857143 0.0 0.9 0 1 1
26 0.1 184 0.14130434782608695 0.0 0.4 30 0.3333333333333333 0.0 0.5 6 0.16666666666666666 0.0 0.6 2 0.5 0.0 0.7 1 1.0 0.0 0.9 0 1 1
26 0.1 195 0.1282051282051282 0.0 0.4 43 0.37209302325581395 0.0 0.5 12 0.5 0.0 0.6 1 1.0 0.0 0.7 0 1 1 0.9 0 1 1
26 0.1 129 0.1937984496124031 0.0 0.4 1 1.0 0.0 0.5 0 1 1 0.6 0 1 1 0.7 0 1 1 0.9 0 1 1
26 0.1 126 0.18253968253968253 0.0 0.4 26 0.5384615384615384 0.0 0.5 9 0.6666666666666666 0.0 0.6 2 0.5 0.0 0.7 0 1 1 0.9 0 1 1
26 0.1 124 0.20161290322580644 0.0 0.4 16 0.875 0.0 0.5 6 1.0 0.0 0.6 4 1.0 0.0 0.7 0 1 1 0.9 0 1 1
26 0.1 145 0.1793103448275862 0.0 0.4 36 0.5 0.0 0.5 14 0.7142857142857143 0.0 0.6 1 1.0 0.0 0.7 0 1 1 0.9 0 1 1
26 0.1 69 0.3188405797101449 0.0 0.4 26 0.5 0.0 0.5 12 0.8333333333333334 0.0 0.6 5 1.0 0.0 0.7 0 1 1 0.9 0 1 1
26 0.1 13 0.6153846153846154 0.0 0.4 0 1 1 0.5 0 1 1 0.6 0 1 1 0.7 0 1 1 0.9 0 1 1
26 0.1 33 0.5151515151515151 0.0 0.4 5 0.8 0.0 0.5 1 1.0 0.0 0.6 0 1 1 0.7 0 1 1 0.9 0 1 1
26 0.1 86 0.29069767441860467 0.011627906976744186 0.4 35 0.6571428571428571 0.02857142857142857 0.5 29 0.7241379310344828 0.034482758620689655 0.6 24 0.8333333333333334 0.041666666666666664 0.7 15 0.9333333333333333 0.06666666666666667 0.9 0 1 1
26 0.1 67 0.3582089552238806 0.0 0.4 27 0.7407407407407407 0.0 0.5 24 0.8333333333333334 0.0 0.6 15 1.0 0.0 0.7 9 1.0 0.0 0.9 0 1 1
26 0.1 44 0.5 0.0 0.4 18 0.8888888888888888 0.0 0.5 12 0.9166666666666666 0.0 0.6 7 1.0 0.0 0.7 0 1 1 0.9 0 1 1
26 0.1 67 0.34328358208955223 0.0 0.4 31 0.5161290322580645 0.0 0.5 21 0.5714285714285714 0.0 0.6 13 0.7692307692307693 0.0 0.7 9 0.6666666666666666 0.0 0.9 0 1 1
26 0.1 17 0.47058823529411764 0.0 0.4 0 1 1 0.5 0 1 1 0.6 0 1 1 0.7 0 1 1 0.9 0 1 1
26 0.1 63 0.3968253968253968 0.015873015873015872 0.4 21 0.7142857142857143 0.0 0.5 14 0.7857142857142857 0.0 0.6 8 0.875 0.0 0.7 5 1.0 0.0 0.9 0 1 1
26 0.1 36 0.5 0.0 0.4 6 0.6666666666666666 0.0 0.5 0 1 1 0.6 0 1 1 0.7 0 1 1 0.9 0 1 1
26 0.1 30 0.7333333333333333 0.0 0.4 4 1.0 0.0 0.5 2 1.0 0.0 0.6 1 1.0 0.0 0.7 0 1 1 0.9 0 1 1
26 0.1 50 0.52 0.0 0.4 27 0.8518518518518519 0.0 0.5 21 0.9047619047619048 0.0 0.6 20 0.95 0.0 0.7 14 1.0 0.0 0.9 0 1 1
26 0.1 2 1.0 0.0 0.4 0 1 1 0.5 0 1 1 0.6 0 1 1 0.7 0 1 1 0.9 0 1 1
26 0.1 70 0.34285714285714286 0.0 0.4 23 0.7391304347826086 0.0 0.5 18 0.7777777777777778 0.0 0.6 12 0.9166666666666666 0.0 0.7 2 1.0 0.0 0.9 0 1 1
26 0.1 43 0.5581395348837209 0.0 0.4 21 0.6666666666666666 0.0 0.5 19 0.6842105263157895 0.0 0.6 14 0.7857142857142857 0.0 0.7 8 0.875 0.0 0.9 0 1 1
26 0.1 31 0.6774193548387096 0.0 0.4 17 1.0 0.0 0.5 12 1.0 0.0 0.6 9 1.0 0.0 0.7 6 1.0 0.0 0.9 0 1 1
26 0.1 0 1 1 0.4 0 1 1 0.5 0 1 1 0.6 0 1 1 0.7 0 1 1 0.9 0 1 1
26 0.1 0 1 1 0.4 0 1 1 0.5 0 1 1 0.6 0 1 1 0.7 0 1 1 0.9 0 1 1
26 0.1 2 0.0 0.0 0.4 0 1 1 0.5 0 1 1 0.6 0 1 1 0.7 0 1 1 0.9 0 1 1
26 0.1 4 0.5 0.0 0.4 0 1 1 0.5 0 1 1 0.6 0 1 1 0.7 0 1 1 0.9 0 1 1
26 0.1 17 0.35294117647058826 0.0 0.4 1 0.0 0.0 0.5 0 1 1 0.6 0 1 1 0.7 0 1 1 0.9 0 1 1
26 0.1 0 1 1 0.4 0 1 1 0.5 0 1 1 0.6 0 1 1 0.7 0 1 1 0.9 0 1 1
26 0.1 0 1 1 0.4 0 1 1 0.5 0 1 1 0.6 0 1 1 0.7 0 1 1 0.9 0 1 1
26 0.1 18 0.8888888888888888 0.0 0.4 1 1.0 0.0 0.5 1 1.0 0.0 0.6 0 1 1 0.7 0 1 1 0.9 0 1 1
26 0.1 2 0.0 0.0 0.4 0 1 1 0.5 0 1 1 0.6 0 1 1 0.7 0 1 1 0.9 0 1 1
26 0.1 47 0.3617021276595745 0.0 0.4 12 0.8333333333333334 0.0 0.5 7 0.8571428571428571 0.0 0.6 3 0.6666666666666666 0.0 0.7 2 1.0 0.0 0.9 0 1 1
26 0.1 38 0.5526315789473685 0.0 0.4 12 0.9166666666666666 0.0 0.5 9 0.8888888888888888 0.0 0.6 4 0.75 0.0 0.7 1 0.0 0.0 0.9 0 1 1
26 0.1 31 0.5483870967741935 0.0 0.4 3 1.0 0.0 0.5 2 1.0 0.0 0.6 0 1 1 0.7 0 1 1 0.9 0 1 1
26 0.1 18 0.3888888888888889 0.0 0.4 2 0.5 0.0 0.5 0 1 1 0.6 0 1 1 0.7 0 1 1 0.9 0 1 1
26 0.1 37 0.6756756756756757 0.0 0.4 13 1.0 0.0 0.5 10 1.0 0.0 0.6 4 1.0 0.0 0.7 1 1.0 0.0 0.9 0 1 1
26 0.1 41 0.5853658536585366 0.04878048780487805 0.4 16 0.9375 0.125 0.5 12 1.0 0.16666666666666666 0.6 5 1.0 0.2 0.7 1 1.0 0.0 0.9 0 1 1
26 0.1 22 0.3181818181818182 0.0 0.4 2 1.0 0.0 0.5 1 1.0 0.0 0.6 0 1 1 0.7 0 1 1 0.9 0 1 1
26 0.1 33 0.696969696969697 0.0 0.4 9 1.0 0.0 0.5 6 1.0 0.0 0.6 4 1.0 0.0 0.7 0 1 1 0.9 0 1 1
26 0.1 32 0.75 0.03125 0.4 11 1.0 0.09090909090909091 0.5 8 1.0 0.125 0.6 6 1.0 0.16666666666666666 0.7 1 1.0 0.0 0.9 0 1 1
26 0.1 38 0.6578947368421053 0.02631578947368421 0.4 22 0.9090909090909091 0.045454545454545456 0.5 17 0.9411764705882353 0.058823529411764705 0.6 11 1.0 0.09090909090909091 0.7 4 1.0 0.25 0.9 0 1 1
26 0.1 57 0.38596491228070173 0.0 0.4 8 0.875 0.0 0.5 6 0.8333333333333334 0.0 0.6 1 1.0 0.0 0.7 1 1.0 0.0 0.9 0 1 1
26 0.1 0 1 1 0.4 0 1 1 0.5 0 1 1 0.6 0 1 1 0.7 0 1 1 0.9 0 1 1
26 0.1 31 0.7741935483870968 0.0 0.4 16 1.0 0.0 0.5 11 1.0 0.0 0.6 6 1.0 0.0 0.7 2 1.0 0.0 0.9 0 1 1
26 0.1 31 0.7741935483870968 0.06451612903225806 0.4 21 1.0 0.09523809523809523 0.5 19 1.0 0.10526315789473684 0.6 12 1.0 0.08333333333333333 0.7 7 1.0 0.0 0.9 0 1 1
26 0.1 22 0.9545454545454546 0.045454545454545456 0.4 6 1.0 0.16666666666666666 0.5 3 1.0 0.0 0.6 3 1.0 0.0 0.7 0 1 1 0.9 0 1 1
26 0.1 30 0.8 0.0 0.4 18 1.0 0.0 0.5 16 1.0 0.0 0.6 14 1.0 0.0 0.7 5 1.0 0.0 0.9 0 1 1
26 0.1 32 0.75 0.0 0.4 15 1.0 0.0 0.5 13 1.0 0.0 0.6 9 1.0 0.0 0.7 2 1.0 0.0 0.9 0 1 1
26 0.1 29 0.7931034482758621 0.034482758620689655 0.4 17 1.0 0.058823529411764705 0.5 13 1.0 0.07692307692307693 0.6 10 1.0 0.1 0.7 4 1.0 0.0 0.9 0 1 1
26 0.1 28 0.8571428571428571 0.03571428571428571 0.4 19 1.0 0.05263157894736842 0.5 19 1.0 0.05263157894736842 0.6 19 1.0 0.05263157894736842 0.7 13 1.0 0.07692307692307693 0.9 0 1 1
26 0.1 26 0.8461538461538461 0.038461538461538464 0.4 18 1.0 0.05555555555555555 0.5 18 1.0 0.05555555555555555 0.6 16 1.0 0.0625 0.7 12 1.0 0.08333333333333333 0.9 0 1 1
26 0.1 49 0.4897959183673469 0.0 0.4 20 0.95 0.0 0.5 17 1.0 0.0 0.6 13 1.0 0.0 0.7 3 1.0 0.0 0.9 0 1 1
26 0.1 39 0.6153846153846154 0.0 0.4 23 0.8695652173913043 0.0 0.5 22 0.9090909090909091 0.0 0.6 18 0.9444444444444444 0.0 0.7 11 1.0 0.0 0.9 0 1 1
26 0.1 41 0.6097560975609756 0.0 0.4 21 0.9523809523809523 0.0 0.5 17 1.0 0.0 0.6 16 1.0 0.0 0.7 13 1.0 0.0 0.9 0 1 1
26 0.1 31 0.8064516129032258 0.0 0.4 22 0.9545454545454546 0.0 0.5 19 1.0 0.0 0.6 17 1.0 0.0 0.7 13 1.0 0.0 0.9 0 1 1
26 0.1 38 0.6578947368421053 0.0 0.4 18 1.0 0.0 0.5 18 1.0 0.0 0.6 18 1.0 0.0 0.7 10 1.0 0.0 0.9 0 1 1
26 0.1 71 0.3380281690140845 0.0 0.4 27 0.8148148148148148 0.0 0.5 19 0.8947368421052632 0.0 0.6 9 0.8888888888888888 0.0 0.7 2 1.0 0.0 0.9 0 1 1
26 0.1 39 0.6410256410256411 0.0 0.4 24 0.9166666666666666 0.0 0.5 21 0.9523809523809523 0.0 0.6 19 0.9473684210526315 0.0 0.7 14 0.9285714285714286 0.0 0.9 0 1 1
26 0.1 40 0.55 0.0 0.4 15 0.8666666666666667 0.0 0.5 8 0.875 0.0 0.6 5 1.0 0.0 0.7 0 1 1 0.9 0 1 1
26 0.1 29 0.7931034482758621 0.0 0.4 22 1.0 0.0 0.5 19 1.0 0.0 0.6 17 1.0 0.0 0.7 13 1.0 0.0 0.9 0 1 1
26 0.1 34 0.7352941176470589 0.0 0.4 21 0.9523809523809523 0.0 0.5 20 0.95 0.0 0.6 18 1.0 0.0 0.7 8 1.0 0.0 0.9 0 1 1
26 0.1 36 0.6666666666666666 0.0 0.4 20 1.0 0.0 0.5 17 1.0 0.0 0.6 15 1.0 0.0 0.7 12 1.0 0.0 0.9 0 1 1
26 0.1 51 0.49019607843137253 0.0 0.4 23 0.9565217391304348 0.0 0.5 21 1.0 0.0 0.6 18 1.0 0.0 0.7 13 1.0 0.0 0.9 0 1 1
26 0.1 40 0.65 0.025 0.4 24 0.9166666666666666 0.041666666666666664 0.5 22 0.9545454545454546 0.045454545454545456 0.6 19 0.9473684210526315 0.0 0.7 15 1.0 0.0 0.9 0 1 1
26 0.1 35 0.6857142857142857 0.05714285714285714 0.4 23 1.0 0.08695652173913043 0.5 20 1.0 0.05 0.6 17 1.0 0.0 0.7 16 1.0 0.0 0.9 0 1 1
26 0.1 37 0.6486486486486487 0.02702702702702703 0.4 24 0.9583333333333334 0.041666666666666664 0.5 19 1.0 0.0 0.6 17 1.0 0.0 0.7 15 1.0 0.0 0.9 0 1 1
26 0.1 38 0.631578947368421 0.05263157894736842 0.4 21 0.9523809523809523 0.047619047619047616 0.5 18 1.0 0.05555555555555555 0.6 16 1.0 0.0 0.7 7 1.0 0.0 0.9 0 1 1
26 0.1 40 0.6 0.0 0.4 19 0.9473684210526315 0.0 0.5 15 1.0 0.0 0.6 7 1.0 0.0 0.7 3 1.0 0.0 0.9 0 1 1
26 0.1 58 0.41379310344827586 0.0 0.4 26 0.8846153846153846 0.0 0.5 21 0.9047619047619048 0.0 0.6 20 0.95 0.0 0.7 12 1.0 0.0 0.9 0 1 1
26 0.1 38 0.631578947368421 0.0 0.4 21 0.8095238095238095 0.0 0.5 20 0.85 0.0 0.6 17 0.8823529411764706 0.0 0.7 12 0.9166666666666666 0.0 0.9 0 1 1
26 0.1 41 0.5853658536585366 0.07317073170731707 0.4 26 0.8076923076923077 0.11538461538461539 0.5 23 0.8695652173913043 0.13043478260869565 0.6 18 0.9444444444444444 0.1111111111111111 0.7 15 1.0 0.13333333333333333 0.9 0 1 1
26 0.1 40 0.6 0.0 0.4 24 0.8333333333333334 0.0 0.5 18 1.0 0.0 0.6 18 1.0 0.0 0.7 13 1.0 0.0 0.9 0 1 1
26 0.1 33 0.696969696969697 0.030303030303030304 0.4 24 0.9166666666666666 0.041666666666666664 0.5 23 0.9565217391304348 0.043478260869565216 0.6 21 0.9523809523809523 0.047619047619047616 0.7 18 1.0 0.05555555555555555 0.9 0 1 1
26 0.1 41 0.6341463414634146 0.0 0.4 25 0.92 0.0 0.5 23 0.9565217391304348 0.0 0.6 21 0.9523809523809523 0.0 0.7 17 1.0 0.0 0.9 0 1 1
26 0.1 55 0.43636363636363634 0.0 0.4 18 1.0 0.0 0.5 15 1.0 0.0 0.6 10 1.0 0.0 0.7 2 1.0 0.0 0.9 0 1 1
26 0.1 38 0.631578947368421 0.0 0.4 23 0.9565217391304348 0.0 0.5 21 0.9523809523809523 0.0 0.6 21 0.9523809523809523 0.0 0.7 18 1.0 0.0 0.9 0 1 1
26 0.1 35 0.6857142857142857 0.02857142857142857 0.4 20 0.95 0.05 0.5 19 1.0 0.05263157894736842 0.6 16 1.0 0.0625 0.7 13 1.0 0.07692307692307693 0.9 0 1 1
26 0.1 29 0.8275862068965517 0.0 0.4 21 1.0 0.0 0.5 20 1.0 0.0 0.6 18 1.0 0.0 0.7 16 1.0 0.0 0.9 0 1 1
26 0.1 40 0.65 0.0 0.4 26 0.8846153846153846 0.0 0.5 24 0.9166666666666666 0.0 0.6 23 0.9565217391304348 0.0 0.7 20 0.95 0.0 0.9 0 1 1
26 0.1 34 0.7352941176470589 0.029411764705882353 0.4 22 1.0 0.045454545454545456 0.5 21 1.0 0.047619047619047616 0.6 21 1.0 0.047619047619047616 0.7 17 1.0 0.058823529411764705 0.9 0 1 1
26 0.1 39 0.6153846153846154 0.0 0.4 25 0.92 0.0 0.5 20 1.0 0.0 0.6 19 1.0 0.0 0.7 17 1.0 0.0 0.9 0 1 1
26 0.1 37 0.6756756756756757 0.02702702702702703 0.4 26 0.9230769230769231 0.038461538461538464 0.5 24 0.9583333333333334 0.041666666666666664 0.6 20 0.95 0.05 0.7 16 1.0 0.0625 0.9 0 1 1
26 0.1 36 0.6666666666666666 0.0 0.4 25 0.92 0.0 0.5 23 0.9130434782608695 0.0 0.6 23 0.9130434782608695 0.0 0.7 20 0.95 0.0 0.9 0 1 1
26 0.1 38 0.6578947368421053 0.05263157894736842 0.4 27 0.8888888888888888 0.07407407407407407 0.5 24 0.9583333333333334 0.08333333333333333 0.6 22 1.0 0.09090909090909091 0.7 15 1.0 0.0 0.9 0 1 1
26 0.1 35 0.6857142857142857 0.08571428571428572 0.4 25 0.96 0.12 0.5 24 1.0 0.125 0.6 21 1.0 0.14285714285714285 0.7 18 1.0 0.16666666666666666 0.9 0 1 1
26 0.1 35 0.7142857142857143 0.05714285714285714 0.4 25 0.88 0.08 0.5 23 0.9130434782608695 0.08695652173913043 0.6 19 1.0 0.10526315789473684 0.7 18 1.0 0.1111111111111111 0.9 0 1 1
26 0.1 39 0.6666666666666666 0.0 0.4 29 0.8275862068965517 0.0 0.5 24 0.875 0.0 0.6 20 1.0 0.0 0.7 18 1.0 0.0 0.9 0 1 1
26 0.1 37 0.7027027027027027 0.02702702702702703 0.4 26 0.8846153846153846 0.038461538461538464 0.5 21 0.9523809523809523 0.047619047619047616 0.6 19 1.0 0.05263157894736842 0.7 16 1.0 0.0625 0.9 0 1 1
26 0.1 34 0.7647058823529411 0.0 0.4 28 0.8214285714285714 0.0 0.5 26 0.8461538461538461 0.0 0.6 20 1.0 0.0 0.7 17 1.0 0.0 0.9 0 1 1
26 0.1 34 0.7352941176470589 0.0 0.4 28 0.8571428571428571 0.0 0.5 23 0.9565217391304348 0.0 0.6 21 1.0 0.0 0.7 19 1.0 0.0 0.9 0 1 1
26 0.1 34 0.7647058823529411 0.029411764705882353 0.4 27 0.8888888888888888 0.037037037037037035 0.5 24 0.9166666666666666 0.041666666666666664 0.6 23 0.9565217391304348 0.043478260869565216 0.7 19 0.9473684210526315 0.0 0.9 0 1 1
26 0.1 43 0.6046511627906976 0.023255813953488372 0.4 29 0.896551724137931 0.034482758620689655 0.5 26 0.9615384615384616 0.038461538461538464 0.6 22 1.0 0.045454545454545456 0.7 15 1.0 0.06666666666666667 0.9 0 1 1
26 0.1 33 0.7575757575757576 0.030303030303030304 0.4 24 0.9583333333333334 0.041666666666666664 0.5 23 0.9565217391304348 0.043478260869565216 0.6 19 0.9473684210526315 0.05263157894736842 0.7 17 1.0 0.058823529411764705 0.9 0 1 1
26 0.1 36 0.6944444444444444 0.027777777777777776 0.4 19 1.0 0.0 0.5 17 1.0 0.0 0.6 13 1.0 0.0 0.7 12 1.0 0.0 0.9 0 1 1
26 0.1 30 0.8 0.13333333333333333 0.4 23 0.9565217391304348 0.17391304347826086 0.5 22 1.0 0.18181818181818182 0.6 20 1.0 0.15 0.7 15 1.0 0.06666666666666667 0.9 0 1 1
26 0.1 32 0.78125 0.0625 0.4 24 0.9583333333333334 0.08333333333333333 0.5 19 1.0 0.05263157894736842 0.6 18 1.0 0.05555555555555555 0.7 15 1.0 0.06666666666666667 0.9 0 1 1
26 0.1 31 0.8387096774193549 0.03225806451612903 0.4 20 1.0 0.05 0.5 17 1.0 0.058823529411764705 0.6 17 1.0 0.058823529411764705 0.7 15 1.0 0.06666666666666667 0.9 0 1 1
26 0.1 33 0.7575757575757576 0.06060606060606061 0.4 25 0.92 0.08 0.5 21 1.0 0.09523809523809523 0.6 20 1.0 0.1 0.7 17 1.0 0.058823529411764705 0.9 0 1 1
26 0.1 34 0.7647058823529411 0.11764705882352941 0.4 26 0.9230769230769231 0.15384615384615385 0.5 24 0.9166666666666666 0.16666666666666666 0.6 21 0.9523809523809523 0.19047619047619047 0.7 19 1.0 0.21052631578947367 0.9 1 1.0 0.0
26 0.1 35 0.7428571428571429 0.02857142857142857 0.4 26 0.8461538461538461 0.038461538461538464 0.5 25 0.84 0.04 0.6 23 0.9130434782608695 0.043478260869565216 0.7 19 1.0 0.05263157894736842 0.9 0 1 1
26 0.1 32 0.75 0.0 0.4 24 0.9166666666666666 0.0 0.5 20 1.0 0.0 0.6 19 1.0 0.0 0.7 16 1.0 0.0 0.9 0 1 1
26 0.1 34 0.7352941176470589 0.0 0.4 25 0.88 0.0 0.5 20 1.0 0.0 0.6 20 1.0 0.0 0.7 18 1.0 0.0 0.9 0 1 1
26 0.1 33 0.7575757575757576 0.06060606060606061 0.4 22 0.9545454545454546 0.09090909090909091 0.5 18 1.0 0.05555555555555555 0.6 18 1.0 0.05555555555555555 0.7 18 1.0 0.05555555555555555 0.9 0 1 1
26 0.1 31 0.7741935483870968 0.06451612903225806 0.4 23 0.9565217391304348 0.08695652173913043 0.5 20 1.0 0.1 0.6 19 1.0 0.10526315789473684 0.7 17 1.0 0.058823529411764705 0.9 0 1 1
26 0.1 39 0.6666666666666666 0.02564102564102564 0.4 30 0.7666666666666667 0.03333333333333333 0.5 26 0.8846153846153846 0.038461538461538464 0.6 23 0.9130434782608695 0.043478260869565216 0.7 21 0.9523809523809523 0.047619047619047616 0.9 0 1 1
26 0.1 34 0.7647058823529411 0.029411764705882353 0.4 25 0.92 0.04 0.5 22 0.9545454545454546 0.045454545454545456 0.6 19 1.0 0.05263157894736842 0.7 16 1.0 0.0625 0.9 0 1 1
26 0.1 31 0.8064516129032258 0.03225806451612903 0.4 25 0.88 0.04 0.5 23 0.9565217391304348 0.043478260869565216 0.6 20 1.0 0.05 0.7 17 1.0 0.058823529411764705 0.9 0 1 1
26 0.1 33 0.7575757575757576 0.030303030303030304 0.4 27 0.8888888888888888 0.037037037037037035 0.5 21 1.0 0.047619047619047616 0.6 20 1.0 0.05 0.7 17 1.0 0.058823529411764705 0.9 0 1 1
26 0.1 34 0.7647058823529411 0.029411764705882353 0.4 24 0.9166666666666666 0.041666666666666664 0.5 21 0.9523809523809523 0.047619047619047616 0.6 20 0.95 0.05 0.7 18 1.0 0.05555555555555555 0.9 0 1 1
26 0.1 32 0.75 0.03125 0.4 24 0.9166666666666666 0.041666666666666664 0.5 23 0.9130434782608695 0.043478260869565216 0.6 22 0.9090909090909091 0.045454545454545456 0.7 18 1.0 0.05555555555555555 0.9 0 1 1
26 0.1 31 0.8064516129032258 0.03225806451612903 0.4 23 0.9565217391304348 0.043478260869565216 0.5 22 0.9545454545454546 0.045454545454545456 0.6 20 0.95 0.05 0.7 16 0.9375 0.0625 0.9 0 1 1
26 0.1 33 0.7575757575757576 0.0 0.4 24 0.9583333333333334 0.0 0.5 23 0.9565217391304348 0.0 0.6 21 0.9523809523809523 0.0 0.7 19 1.0 0.0 0.9 0 1 1
26 0.1 38 0.6842105263157895 0.0 0.4 25 0.92 0.0 0.5 23 1.0 0.0 0.6 21 1.0 0.0 0.7 18 1.0 0.0 0.9 0 1 1
26 0.1 33 0.7575757575757576 0.06060606060606061 0.4 26 0.9230769230769231 0.07692307692307693 0.5 24 0.9166666666666666 0.08333333333333333 0.6 23 0.9565217391304348 0.08695652173913043 0.7 20 0.95 0.1 0.9 0 1 1
26 0.1 30 0.8 0.0 0.4 24 0.9583333333333334 0.0 0.5 21 1.0 0.0 0.6 20 1.0 0.0 0.7 18 1.0 0.0 0.9 0 1 1
26 0.1 29 0.7931034482758621 0.0 0.4 21 0.9523809523809523 0.0 0.5 21 0.9523809523809523 0.0 0.6 18 1.0 0.0 0.7 17 1.0 0.0 0.9 0 1 1
26 0.1 32 0.78125 0.03125 0.4 23 0.9565217391304348 0.043478260869565216 0.5 20 1.0 0.05 0.6 18 1.0 0.0 0.7 17 1.0 0.0 0.9 0 1 1
26 0.1 29 0.8620689655172413 0.06896551724137931 0.4 19 1.0 0.10526315789473684 0.5 19 1.0 0.10526315789473684 0.6 15 1.0 0.13333333333333333 0.7 13 1.0 0.15384615384615385 0.9 0 1 1
26 0.1 32 0.78125 0.0625 0.4 25 0.92 0.08 0.5 23 0.9565217391304348 0.08695652173913043 0.6 21 0.9523809523809523 0.09523809523809523 0.7 19 1.0 0.10526315789473684 0.9 0 1 1
26 0.1 31 0.8064516129032258 0.03225806451612903 0.4 25 0.96 0.04 0.5 22 1.0 0.045454545454545456 0.6 22 1.0 0.045454545454545456 0.7 20 1.0 0.05 0.9 0 1 1
26 0.1 31 0.8064516129032258 0.06451612903225806 0.4 26 0.9615384615384616 0.07692307692307693 0.5 26 0.9615384615384616 0.07692307692307693 0.6 26 0.9615384615384616 0.07692307692307693 0.7 21 1.0 0.09523809523809523 0.9 1 1.0 0.0
26 0.1 29 0.8620689655172413 0.034482758620689655 0.4 27 0.9259259259259259 0.037037037037037035 0.5 25 0.92 0.04 0.6 21 1.0 0.047619047619047616 0.7 21 1.0 0.047619047619047616 0.9 0 1 1
26 0.1 32 0.78125 0.0625 0.4 26 0.9615384615384616 0.07692307692307693 0.5 24 0.9583333333333334 0.08333333333333333 0.6 22 0.9545454545454546 0.09090909090909091 0.7 22 0.9545454545454546 0.09090909090909091 0.9 1 1.0 0.0
26 0.1 31 0.8064516129032258 0.0 0.4 25 0.88 0.0 0.5 25 0.88 0.0 0.6 22 0.9545454545454546 0.0 0.7 20 1.0 0.0 0.9 0 1 1
26 0.1 31 0.7741935483870968 0.06451612903225806 0.4 26 0.8461538461538461 0.07692307692307693 0.5 24 0.875 0.08333333333333333 0.6 24 0.875 0.08333333333333333 0.7 21 0.9523809523809523 0.09523809523809523 0.9 0 1 1
26 0.1 32 0.75 0.0 0.4 25 0.88 0.0 0.5 24 0.9166666666666666 0.0 0.6 22 0.9545454545454546 0.0 0.7 21 0.9523809523809523 0.0 0.9 0 1 1
26 0.1 33 0.7272727272727273 0.030303030303030304 0.4 28 0.8214285714285714 0.03571428571428571 0.5 24 0.875 0.041666666666666664 0.6 23 0.8695652173913043 0.043478260869565216 0.7 22 0.9090909090909091 0.045454545454545456 0.9 0 1 1
26 0.1 34 0.7058823529411765 0.0 0.4 25 0.88 0.0 0.5 23 0.9130434782608695 0.0 0.6 21 0.9523809523809523 0.0 0.7 21 0.9523809523809523 0.0 0.9 0 1 1
26 0.1 33 0.7272727272727273 0.09090909090909091 0.4 23 0.8695652173913043 0.13043478260869565 0.5 21 0.9047619047619048 0.14285714285714285 0.6 21 0.9047619047619048 0.14285714285714285 0.7 18 1.0 0.16666666666666666 0.9 0 1 1
26 0.1 31 0.7741935483870968 0.03225806451612903 0.4 23 0.9130434782608695 0.043478260869565216 0.5 23 0.9130434782608695 0.043478260869565216 0.6 22 0.9545454545454546 0.045454545454545456 0.7 19 0.9473684210526315 0.05263157894736842 0.9 0 1 1
26 0.1 30 0.8333333333333334 0.03333333333333333 0.4 24 0.9166666666666666 0.041666666666666664 0.5 22 0.9545454545454546 0.045454545454545456 0.6 21 0.9523809523809523 0.047619047619047616 0.7 20 0.95 0.05 0.9 0 1 1
26 0.1 33 0.7575757575757576 0.06060606060606061 0.4 25 0.84 0.08 0.5 25 0.84 0.08 0.6 21 0.9523809523809523 0.09523809523809523 0.7 18 0.9444444444444444 0.1111111111111111 0.9 0 1 1
26 0.1 31 0.7741935483870968 0.0 0.4 28 0.8214285714285714 0.0 0.5 23 0.9130434782608695 0.0 0.6 20 1.0 0.0 0.7 18 1.0 0.0 0.9 0 1 1
26 0.1 33 0.7575757575757576 0.030303030303030304 0.4 26 0.8846153846153846 0.038461538461538464 0.5 23 0.9130434782608695 0.043478260869565216 0.6 20 0.95 0.05 0.7 18 1.0 0.05555555555555555 0.9 0 1 1
26 0.1 30 0.8333333333333334 0.1 0.4 30 0.8333333333333334 0.1 0.5 29 0.8620689655172413 0.10344827586206896 0.6 24 0.9583333333333334 0.125 0.7 22 0.9545454545454546 0.13636363636363635 0.9 0 1 1
26 0.1 31 0.8064516129032258 0.0 0.4 25 0.96 0.0 0.5 20 1.0 0.0 0.6 18 1.0 0.0 0.7 18 1.0 0.0 0.9 0 1 1
26 0.1 33 0.7575757575757576 0.06060606060606061 0.4 25 0.92 0.08 0.5 21 0.9523809523809523 0.09523809523809523 0.6 20 0.95 0.1 0.7 19 1.0 0.10526315789473684 0.9 0 1 1
26 0.1 25 0.84 0.04 0.4 17 1.0 0.058823529411764705 0.5 15 1.0 0.06666666666666667 0.6 15 1.0 0.06666666666666667 0.7 15 1.0 0.06666666666666667 0.9 0 1 1
26 0.1 28 0.8214285714285714 0.0 0.4 19 0.9473684210526315 0.0 0.5 18 0.9444444444444444 0.0 0.6 17 1.0 0.0 0.7 17 1.0 0.0 0.9 0 1 1
26 0.1 32 0.8125 0.0 0.4 25 0.92 0.0 0.5 24 0.9166666666666666 0.0 0.6 22 0.9545454545454546 0.0 0.7 19 0.9473684210526315 0.0 0.9 0 1 1
26 0.1 32 0.78125 0.0 0.4 25 0.96 0.0 0.5 23 1.0 0.0 0.6 22 1.0 0.0 0.7 19 1.0 0.0 0.9 0 1 1
26 0.1 33 0.7575757575757576 0.030303030303030304 0.4 26 0.8846153846153846 0.038461538461538464 0.5 25 0.92 0.04 0.6 24 0.9583333333333334 0.041666666666666664 0.7 21 1.0 0.047619047619047616 0.9 0 1 1
26 0.1 29 0.7931034482758621 0.0 0.4 24 0.875 0.0 0.5 20 0.9 0.0 0.6 18 1.0 0.0 0.7 18 1.0 0.0 0.9 0 1 1
26 0.1 32 0.78125 0.03125 0.4 26 0.8846153846153846 0.038461538461538464 0.5 24 0.9166666666666666 0.041666666666666664 0.6 22 0.9090909090909091 0.045454545454545456 0.7 20 0.95 0.05 0.9 0 1 1
26 0.1 32 0.78125 0.0625 0.4 26 0.8846153846153846 0.07692307692307693 0.5 26 0.8846153846153846 0.07692307692307693 0.6 22 0.9090909090909091 0.045454545454545456 0.7 20 0.95 0.05 0.9 0 1 1
26 0.1 31 0.7741935483870968 0.03225806451612903 0.4 26 0.8846153846153846 0.038461538461538464 0.5 22 0.9090909090909091 0.045454545454545456 0.6 20 0.95 0.05 0.7 19 0.9473684210526315 0.05263157894736842 0.9 0 1 1
26 0.1 29 0.8620689655172413 0.034482758620689655 0.4 25 0.92 0.04 0.5 23 0.9130434782608695 0.043478260869565216 0.6 21 0.9523809523809523 0.047619047619047616 0.7 18 1.0 0.05555555555555555 0.9 1 1.0 0.0
26 0.1 31 0.8064516129032258 0.03225806451612903 0.4 24 0.875 0.041666666666666664 0.5 21 0.9047619047619048 0.047619047619047616 0.6 20 0.9 0.05 0.7 19 0.9473684210526315 0.05263157894736842 0.9 0 1 1
26 0.1 32 0.8125 0.0625 0.4 25 0.88 0.08 0.5 24 0.875 0.08333333333333333 0.6 23 0.9130434782608695 0.08695652173913043 0.7 22 0.9090909090909091 0.09090909090909091 0.9 0 1 1
26 0.1 29 0.8620689655172413 0.034482758620689655 0.4 25 0.92 0.04 0.5 24 0.9583333333333334 0.041666666666666664 0.6 22 0.9545454545454546 0.045454545454545456 0.7 16 1.0 0.0625 0.9 0 1 1
26 0.1 30 0.8333333333333334 0.06666666666666667 0.4 27 0.8888888888888888 0.07407407407407407 0.5 26 0.8846153846153846 0.07692307692307693 0.6 22 1.0 0.09090909090909091 0.7 18 1.0 0.1111111111111111 0.9 0 1 1
26 0.1 27 0.8148148148148148 0.037037037037037035 0.4 22 0.9090909090909091 0.045454545454545456 0.5 20 0.95 0.05 0.6 18 1.0 0.05555555555555555 0.7 17 1.0 0.058823529411764705 0.9 0 1 1
26 0.1 27 0.8148148148148148 0.14814814814814814 0.4 21 0.9047619047619048 0.14285714285714285 0.5 19 0.8947368421052632 0.15789473684210525 0.6 15 1.0 0.2 0.7 15 1.0 0.2 0.9 0 1 1
26 0.1 32 0.8125 0.09375 0.4 26 0.9230769230769231 0.11538461538461539 0.5 25 0.92 0.12 0.6 24 0.9166666666666666 0.125 0.7 22 0.9545454545454546 0.13636363636363635 0.9 1 1.0 0.0
26 0.1 34 0.7647058823529411 0.058823529411764705 0.4 29 0.896551724137931 0.06896551724137931 0.5 28 0.8928571428571429 0.07142857142857142 0.6 26 0.9230769230769231 0.07692307692307693 0.7 22 0.9545454545454546 0.09090909090909091 0.9 1 1.0 0.0
26 0.1 33 0.7878787878787878 0.030303030303030304 0.4 24 0.9166666666666666 0.041666666666666664 0.5 23 0.9565217391304348 0.043478260869565216 0.6 22 0.9545454545454546 0.045454545454545456 0.7 19 1.0 0.0 0.9 0 1 1
26 0.1 28 0.8571428571428571 0.10714285714285714 0.4 23 0.9565217391304348 0.08695652173913043 0.5 23 0.9565217391304348 0.08695652173913043 0.6 20 1.0 0.1 0.7 18 1.0 0.1111111111111111 0.9 0 1 1
26 0.1 29 0.896551724137931 0.06896551724137931 0.4 26 0.9230769230769231 0.07692307692307693 0.5 24 0.9166666666666666 0.08333333333333333 0.6 23 0.9565217391304348 0.08695652173913043 0.7 22 1.0 0.09090909090909091 0.9 0 1 1
26 0.1 32 0.75 0.03125 0.4 24 0.9166666666666666 0.041666666666666664 0.5 24 0.9166666666666666 0.041666666666666664 0.6 21 1.0 0.047619047619047616 0.7 19 1.0 0.05263157894736842 0.9 0 1 1
26 0.1 29 0.7931034482758621 0.06896551724137931 0.4 23 0.9565217391304348 0.08695652173913043 0.5 23 0.9565217391304348 0.08695652173913043 0.6 22 0.9545454545454546 0.09090909090909091 0.7 19 1.0 0.10526315789473684 0.9 1 1.0 0.0
26 0.1 34 0.7352941176470589 0.11764705882352941 0.4 26 0.9230769230769231 0.15384615384615385 0.5 24 0.9166666666666666 0.16666666666666666 0.6 22 0.9090909090909091 0.18181818181818182 0.7 18 1.0 0.16666666666666666 0.9 0 1 1
26 0.1 35 0.7142857142857143 0.02857142857142857 0.4 28 0.8571428571428571 0.03571428571428571 0.5 27 0.8518518518518519 0.037037037037037035 0.6 25 0.84 0.04 0.7 24 0.875 0.041666666666666664 0.9 0 1 1
26 0.1 34 0.7647058823529411 0.0 0.4 29 0.8275862068965517 0.0 0.5 28 0.8214285714285714 0.0 0.6 27 0.8518518518518519 0.0 0.7 23 0.9565217391304348 0.0 0.9 0 1 1
26 0.1 33 0.7878787878787878 0.12121212121212122 0.4 24 0.9166666666666666 0.16666666666666666 0.5 24 0.9166666666666666 0.16666666666666666 0.6 21 0.9523809523809523 0.19047619047619047 0.7 21 0.9523809523809523 0.19047619047619047 0.9 1 1.0 0.0
26 0.1 35 0.7428571428571429 0.0 0.4 29 0.8620689655172413 0.0 0.5 27 0.8888888888888888 0.0 0.6 26 0.8846153846153846 0.0 0.7 21 0.9047619047619048 0.0 0.9 1 1.0 0.0
26 0.1 28 0.8571428571428571 0.03571428571428571 0.4 23 0.9130434782608695 0.043478260869565216 0.5 20 1.0 0.05 0.6 19 1.0 0.05263157894736842 0.7 17 1.0 0.058823529411764705 0.9 1 1.0 0.0
26 0.1 26 0.8461538461538461 0.0 0.4 22 0.9545454545454546 0.0 0.5 21 1.0 0.0 0.6 20 1.0 0.0 0.7 17 1.0 0.0 0.9 1 1.0 0.0
26 0.1 28 0.8928571428571429 0.14285714285714285 0.4 24 0.9166666666666666 0.16666666666666666 0.5 23 0.9130434782608695 0.17391304347826086 0.6 21 0.9523809523809523 0.14285714285714285 0.7 19 1.0 0.15789473684210525 0.9 2 1.0 0.0
26 0.1 31 0.8387096774193549 0.0 0.4 28 0.8928571428571429 0.0 0.5 27 0.8888888888888888 0.0 0.6 24 0.9166666666666666 0.0 0.7 21 0.9523809523809523 0.0 0.9 1 1.0 0.0
26 0.1 29 0.8275862068965517 0.0 0.4 25 0.92 0.0 0.5 23 0.9130434782608695 0.0 0.6 21 0.9047619047619048 0.0 0.7 20 0.9 0.0 0.9 0 1 1
26 0.1 28 0.8571428571428571 0.03571428571428571 0.4 21 0.9523809523809523 0.0 0.5 20 0.95 0.0 0.6 18 1.0 0.0 0.7 16 1.0 0.0 0.9 0 1 1
26 0.1 30 0.8 0.1 0.4 27 0.8888888888888888 0.1111111111111111 0.5 26 0.9230769230769231 0.11538461538461539 0.6 25 0.92 0.12 0.7 19 0.9473684210526315 0.15789473684210525 0.9 0 1 1
26 0.1 33 0.7575757575757576 0.09090909090909091 0.4 29 0.8275862068965517 0.10344827586206896 0.5 28 0.8571428571428571 0.10714285714285714 0.6 25 0.92 0.12 0.7 21 0.9523809523809523 0.14285714285714285 0.9 0 1 1
26 0.1 33 0.7878787878787878 0.12121212121212122 0.4 23 0.9130434782608695 0.17391304347826086 0.5 23 0.9130434782608695 0.17391304347826086 0.6 20 0.95 0.2 0.7 20 0.95 0.2 0.9 0 1 1
26 0.1 30 0.7666666666666667 0.03333333333333333 0.4 19 0.9473684210526315 0.05263157894736842 0.5 18 1.0 0.05555555555555555 0.6 17 1.0 0.058823529411764705 0.7 16 1.0 0.0625 0.9 0 1 1
26 0.1 27 0.8518518518518519 0.1111111111111111 0.4 21 0.9047619047619048 0.14285714285714285 0.5 18 0.9444444444444444 0.1111111111111111 0.6 18 0.9444444444444444 0.1111111111111111 0.7 18 0.9444444444444444 0.1111111111111111 0.9 0 1 1
26 0.1 27 0.8518518518518519 0.1111111111111111 0.4 22 0.8636363636363636 0.09090909090909091 0.5 22 0.8636363636363636 0.09090909090909091 0.6 20 0.9 0.1 0.7 18 0.9444444444444444 0.1111111111111111 0.9 0 1 1
26 0.1 26 0.8846153846153846 0.15384615384615385 0.4 23 0.9130434782608695 0.17391304347826086 0.5 22 0.9090909090909091 0.18181818181818182 0.6 22 0.9090909090909091 0.18181818181818182 0.7 21 0.9047619047619048 0.19047619047619047 0.9 0 1 1
26 0.1 26 0.8846153846153846 0.11538461538461539 0.4 20 0.95 0.1 0.5 19 0.9473684210526315 0.05263157894736842 0.6 19 0.9473684210526315 0.05263157894736842 0.7 19 0.9473684210526315 0.05263157894736842 0.9 0 1 1
26 0.1 26 0.8846153846153846 0.15384615384615385 0.4 20 0.95 0.15 0.5 20 0.95 0.15 0.6 19 1.0 0.15789473684210525 0.7 18 1.0 0.16666666666666666 0.9 0 1 1
26 0.1 28 0.8571428571428571 0.03571428571428571 0.4 22 0.9545454545454546 0.045454545454545456 0.5 19 1.0 0.05263157894736842 0.6 19 1.0 0.05263157894736842 0.7 18 1.0 0.05555555555555555 0.9 0 1 1
26 0.1 33 0.7575757575757576 0.0 0.4 26 0.8461538461538461 0.0 0.5 23 0.9130434782608695 0.0 0.6 21 0.9047619047619048 0.0 0.7 18 1.0 0.0 0.9 0 1 1
26 0.1 31 0.7419354838709677 0.0 0.4 24 0.875 0.0 0.5 21 0.9047619047619048 0.0 0.6 20 0.9 0.0 0.7 19 0.9473684210526315 0.0 0.9 0 1 1
26 0.1 28 0.8571428571428571 0.0 0.4 25 0.84 0.0 0.5 24 0.875 0.0 0.6 21 0.9523809523809523 0.0 0.7 19 1.0 0.0 0.9 0 1 1
26 0.1 29 0.8620689655172413 0.0 0.4 22 0.9090909090909091 0.0 0.5 20 0.95 0.0 0.6 20 0.95 0.0 0.7 16 0.9375 0.0 0.9 1 1.0 0.0
26 0.1 31 0.8064516129032258 0.03225806451612903 0.4 24 0.9166666666666666 0.041666666666666664 0.5 20 0.95 0.05 0.6 20 0.95 0.05 0.7 20 0.95 0.05 0.9 1 1.0 0.0
26 0.1 28 0.8571428571428571 0.0 0.4 21 0.9523809523809523 0.0 0.5 21 0.9523809523809523 0.0 0.6 19 1.0 0.0 0.7 18 1.0 0.0 0.9 0 1 1
26 0.1 28 0.8928571428571429 0.03571428571428571 0.4 22 0.9545454545454546 0.045454545454545456 0.5 22 0.9545454545454546 0.045454545454545456 0.6 22 0.9545454545454546 0.045454545454545456 0.7 19 1.0 0.05263157894736842 0.9 0 1 1
26 0.1 27 0.9259259259259259 0.037037037037037035 0.4 22 0.9090909090909091 0.045454545454545456 0.5 21 0.9047619047619048 0.047619047619047616 0.6 19 0.9473684210526315 0.05263157894736842 0.7 17 1.0 0.058823529411764705 0.9 1 1.0 0.0
26 0.1 24 0.9166666666666666 0.041666666666666664 0.4 19 0.9473684210526315 0.05263157894736842 0.5 19 0.9473684210526315 0.05263157894736842 0.6 17 1.0 0.058823529411764705 0.7 16 1.0 0.0625 0.9 0 1 1
26 0.1 23 0.9130434782608695 0.08695652173913043 0.4 19 0.9473684210526315 0.10526315789473684 0.5 14 1.0 0.07142857142857142 0.6 14 1.0 0.07142857142857142 0.7 14 1.0 0.07142857142857142 0.9 0 1 1
26 0.1 29 0.7931034482758621 0.13793103448275862 0.4 23 0.9565217391304348 0.17391304347826086 0.5 22 0.9545454545454546 0.18181818181818182 0.6 20 0.95 0.2 0.7 18 1.0 0.2222222222222222 0.9 0 1 1
26 0.1 28 0.8214285714285714 0.07142857142857142 0.4 23 0.9565217391304348 0.08695652173913043 0.5 21 0.9523809523809523 0.09523809523809523 0.6 20 0.95 0.1 0.7 19 0.9473684210526315 0.10526315789473684 0.9 0 1 1
26 0.1 31 0.8064516129032258 0.03225806451612903 0.4 25 0.92 0.04 0.5 23 0.9565217391304348 0.043478260869565216 0.6 21 0.9523809523809523 0.047619047619047616 0.7 21 0.9523809523809523 0.047619047619047616 0.9 0 1 1
26 0.1 27 0.8888888888888888 0.037037037037037035 0.4 22 0.9545454545454546 0.045454545454545456 0.5 22 0.9545454545454546 0.045454545454545456 0.6 22 0.9545454545454546 0.045454545454545456 0.7 21 0.9523809523809523 0.047619047619047616 0.9 0 1 1
26 0.1 27 0.8148148148148148 0.07407407407407407 0.4 23 0.9130434782608695 0.08695652173913043 0.5 21 0.9523809523809523 0.09523809523809523 0.6 19 0.9473684210526315 0.10526315789473684 0.7 18 1.0 0.1111111111111111 0.9 0 1 1
26 0.1 29 0.7931034482758621 0.0 0.4 22 0.9090909090909091 0.0 0.5 22 0.9090909090909091 0.0 0.6 18 0.9444444444444444 0.0 0.7 17 0.9411764705882353 0.0 0.9 0 1 1
26 0.1 27 0.8148148148148148 0.0 0.4 22 0.9090909090909091 0.0 0.5 19 0.9473684210526315 0.0 0.6 16 0.9375 0.0 0.7 16 0.9375 0.0 0.9 0 1 1
26 0.1 29 0.8620689655172413 0.034482758620689655 0.4 25 0.92 0.04 0.5 23 0.9130434782608695 0.043478260869565216 0.6 21 0.9047619047619048 0.047619047619047616 0.7 18 0.9444444444444444 0.05555555555555555 0.9 0 1 1
26 0.1 30 0.8333333333333334 0.0 0.4 26 0.8846153846153846 0.0 0.5 26 0.8846153846153846 0.0 0.6 23 0.9130434782608695 0.0 0.7 22 0.9090909090909091 0.0 0.9 1 1.0 0.0
26 0.1 31 0.8064516129032258 0.03225806451612903 0.4 26 0.8846153846153846 0.038461538461538464 0.5 25 0.88 0.04 0.6 23 0.9130434782608695 0.043478260869565216 0.7 22 0.9090909090909091 0.045454545454545456 0.9 0 1 1
26 0.1 31 0.7741935483870968 0.06451612903225806 0.4 25 0.88 0.08 0.5 25 0.88 0.08 0.6 23 0.9130434782608695 0.043478260869565216 0.7 21 0.9523809523809523 0.047619047619047616 0.9 1 1.0 0.0
26 0.1 30 0.8 0.13333333333333333 0.4 25 0.88 0.16 0.5 23 0.9565217391304348 0.17391304347826086 0.6 21 0.9523809523809523 0.19047619047619047 0.7 20 1.0 0.2 0.9 2 1.0 0.5
26 0.1 31 0.8064516129032258 0.0 0.4 28 0.8214285714285714 0.0 0.5 25 0.84 0.0 0.6 22 0.9090909090909091 0.0 0.7 22 0.9090909090909091 0.0 0.9 0 1 1
26 0.1 29 0.8275862068965517 0.034482758620689655 0.4 27 0.8518518518518519 0.037037037037037035 0.5 26 0.8846153846153846 0.038461538461538464 0.6 23 0.9565217391304348 0.043478260869565216 0.7 22 0.9545454545454546 0.045454545454545456 0.9 0 1 1
26 0.1 31 0.8064516129032258 0.03225806451612903 0.4 27 0.8518518518518519 0.037037037037037035 0.5 27 0.8518518518518519 0.037037037037037035 0.6 24 0.9166666666666666 0.041666666666666664 0.7 23 0.9130434782608695 0.043478260869565216 0.9 1 1.0 0.0
26 0.1 31 0.7741935483870968 0.0 0.4 27 0.8148148148148148 0.0 0.5 27 0.8148148148148148 0.0 0.6 26 0.8461538461538461 0.0 0.7 20 0.9 0.0 0.9 0 1 1
26 0.1 30 0.7666666666666667 0.1 0.4 25 0.88 0.12 0.5 24 0.9166666666666666 0.125 0.6 24 0.9166666666666666 0.125 0.7 22 0.9090909090909091 0.09090909090909091 0.9 1 1.0 0.0
26 0.1 28 0.8571428571428571 0.07142857142857142 0.4 23 0.9130434782608695 0.08695652173913043 0.5 23 0.9130434782608695 0.08695652173913043 0.6 23 0.9130434782608695 0.08695652173913043 0.7 22 0.9090909090909091 0.09090909090909091 0.9 1 1.0 0.0
26 0.1 31 0.8064516129032258 0.0 0.4 24 0.875 0.0 0.5 24 0.875 0.0 0.6 23 0.9130434782608695 0.0 0.7 20 1.0 0.0 0.9 2 1.0 0.0
26 0.1 31 0.7741935483870968 0.0 0.4 26 0.8846153846153846 0.0 0.5 26 0.8846153846153846 0.0 0.6 24 0.875 0.0 0.7 22 0.9090909090909091 0.0 0.9 2 1.0 0.0
26 0.1 27 0.7777777777777778 0.07407407407407407 0.4 21 0.8571428571428571 0.09523809523809523 0.5 19 0.9473684210526315 0.10526315789473684 0.6 18 0.9444444444444444 0.1111111111111111 0.7 16 0.9375 0.125 0.9 2 1.0 0.5
26 0.1 25 0.8 0.04 0.4 19 0.8947368421052632 0.05263157894736842 0.5 18 0.9444444444444444 0.05555555555555555 0.6 17 1.0 0.058823529411764705 0.7 15 1.0 0.06666666666666667 0.9 1 1.0 0.0
26 0.1 25 0.84 0.0 0.4 23 0.8695652173913043 0.0 0.5 22 0.8636363636363636 0.0 0.6 19 0.8947368421052632 0.0 0.7 18 0.8888888888888888 0.0 0.9 3 1.0 0.0
26 0.1 25 0.8 0.0 0.4 20 0.9 0.0 0.5 20 0.9 0.0 0.6 20 0.9 0.0 0.7 18 0.9444444444444444 0.0 0.9 1 1.0 0.0
26 0.1 29 0.8275862068965517 0.13793103448275862 0.4 26 0.8846153846153846 0.15384615384615385 0.5 26 0.8846153846153846 0.15384615384615385 0.6 25 0.92 0.16 0.7 20 0.95 0.15 0.9 1 1.0 0.0
26 0.1 28 0.8214285714285714 0.07142857142857142 0.4 26 0.8846153846153846 0.07692307692307693 0.5 24 0.9583333333333334 0.08333333333333333 0.6 23 0.9565217391304348 0.08695652173913043 0.7 19 0.9473684210526315 0.10526315789473684 0.9 2 1.0 0.5
26 0.1 29 0.8275862068965517 0.0 0.4 26 0.8846153846153846 0.0 0.5 26 0.8846153846153846 0.0 0.6 24 0.9166666666666666 0.0 0.7 19 0.9473684210526315 0.0 0.9 3 1.0 0.0
26 0.1 29 0.8275862068965517 0.0 0.4 22 0.9090909090909091 0.0 0.5 20 0.9 0.0 0.6 20 0.9 0.0 0.7 19 0.8947368421052632 0.0 0.9 0 1 1
26 0.1 29 0.8275862068965517 0.0 0.4 25 0.92 0.0 0.5 24 0.9166666666666666 0.0 0.6 22 0.9090909090909091 0.0 0.7 20 0.9 0.0 0.9 1 1.0 0.0
26 0.1 28 0.8214285714285714 0.0 0.4 25 0.92 0.0 0.5 25 0.92 0.0 0.6 24 0.9166666666666666 0.0 0.7 24 0.9166666666666666 0.0 0.9 3 1.0 0.0
26 0.1 32 0.75 0.0 0.4 26 0.8461538461538461 0.0 0.5 24 0.9166666666666666 0.0 0.6 22 0.9090909090909091 0.0 0.7 21 0.9047619047619048 0.0 0.9 1 1.0 0.0
26 0.1 30 0.7666666666666667 0.06666666666666667 0.4 26 0.8846153846153846 0.07692307692307693 0.5 24 0.9583333333333334 0.08333333333333333 0.6 23 0.9565217391304348 0.08695652173913043 0.7 21 0.9523809523809523 0.09523809523809523 0.9 2 1.0 0.5
26 0.1 30 0.8 0.13333333333333333 0.4 24 0.9166666666666666 0.125 0.5 24 0.9166666666666666 0.125 0.6 23 0.9565217391304348 0.13043478260869565 0.7 21 0.9523809523809523 0.14285714285714285 0.9 1 1.0 0.0
26 0.1 30 0.7666666666666667 0.0 0.4 24 0.9166666666666666 0.0 0.5 24 0.9166666666666666 0.0 0.6 22 0.9090909090909091 0.0 0.7 20 0.95 0.0 0.9 1 1.0 0.0
26 0.1 27 0.8518518518518519 0.0 0.4 22 0.9545454545454546 0.0 0.5 21 0.9523809523809523 0.0 0.6 20 0.95 0.0 0.7 18 1.0 0.0 0.9 1 1.0 0.0
26 0.1 27 0.8518518518518519 0.037037037037037035 0.4 22 0.9090909090909091 0.045454545454545456 0.5 20 0.95 0.05 0.6 20 0.95 0.05 0.7 19 1.0 0.05263157894736842 0.9 1 1.0 0.0
26 0.1 26 0.8461538461538461 0.11538461538461539 0.4 20 0.95 0.15 0.5 20 0.95 0.15 0.6 19 0.9473684210526315 0.15789473684210525 0.7 18 0.9444444444444444 0.16666666666666666 0.9 1 1.0 0.0
26 0.1 30 0.8333333333333334 0.03333333333333333 0.4 21 0.9047619047619048 0.047619047619047616 0.5 21 0.9047619047619048 0.047619047619047616 0.6 19 0.9473684210526315 0.05263157894736842 0.7 16 1.0 0.0625 0.9 3 1.0 0.0
26 0.1 28 0.8571428571428571 0.07142857142857142 0.4 24 0.9166666666666666 0.08333333333333333 0.5 22 0.9090909090909091 0.09090909090909091 0.6 19 0.9473684210526315 0.10526315789473684 0.7 16 1.0 0.125 0.9 1 1.0 0.0
26 0.1 30 0.8 0.06666666666666667 0.4 25 0.88 0.08 0.5 24 0.9166666666666666 0.08333333333333333 0.6 22 0.9545454545454546 0.09090909090909091 0.7 22 0.9545454545454546 0.09090909090909091 0.9 1 1.0 0.0
26 0.1 31 0.7741935483870968 0.0967741935483871 0.4 25 0.92 0.12 0.5 24 0.9166666666666666 0.125 0.6 23 0.9130434782608695 0.13043478260869565 0.7 22 0.9545454545454546 0.13636363636363635 0.9 2 1.0 0.5
26 0.1 29 0.8275862068965517 0.034482758620689655 0.4 23 0.9130434782608695 0.043478260869565216 0.5 22 0.9090909090909091 0.045454545454545456 0.6 21 0.9047619047619048 0.047619047619047616 0.7 20 0.9 0.05 0.9 1 1.0 0.0
26 0.1 29 0.7931034482758621 0.0 0.4 21 0.9523809523809523 0.0 0.5 20 0.95 0.0 0.6 19 0.9473684210526315 0.0 0.7 19 0.9473684210526315 0.0 0.9 0 1 1
26 0.1 27 0.8148148148148148 0.0 0.4 22 0.9545454545454546 0.0 0.5 21 0.9523809523809523 0.0 0.6 19 0.9473684210526315 0.0 0.7 19 0.9473684210526315 0.0 0.9 1 1.0 0.0
26 0.1 28 0.7857142857142857 0.0 0.4 20 0.95 0.0 0.5 19 0.9473684210526315 0.0 0.6 18 0.9444444444444444 0.0 0.7 17 0.9411764705882353 0.0 0.9 0 1 1
26 0.1 19 0.9473684210526315 0.10526315789473684 0.4 15 0.9333333333333333 0.13333333333333333 0.5 15 0.9333333333333333 0.13333333333333333 0.6 15 0.9333333333333333 0.13333333333333333 0.7 14 1.0 0.14285714285714285 0.9 1 1.0 0.0
26 0.1 28 0.75 0.0 0.4 22 0.8636363636363636 0.0 0.5 20 0.9 0.0 0.6 18 0.9444444444444444 0.0 0.7 15 1.0 0.0 0.9 0 1 1
26 0.1 30 0.7666666666666667 0.03333333333333333 0.4 23 0.8695652173913043 0.043478260869565216 0.5 22 0.8636363636363636 0.045454545454545456 0.6 20 0.9 0.05 0.7 18 0.9444444444444444 0.05555555555555555 0.9 2 1.0 0.0
26 0.1 31 0.7741935483870968 0.06451612903225806 0.4 24 0.9166666666666666 0.08333333333333333 0.5 21 0.9047619047619048 0.09523809523809523 0.6 19 0.9473684210526315 0.10526315789473684 0.7 18 1.0 0.1111111111111111 0.9 4 1.0 0.25
26 0.1 30 0.8333333333333334 0.0 0.4 21 0.9523809523809523 0.0 0.5 21 0.9523809523809523 0.0 0.6 20 0.95 0.0 0.7 20 0.95 0.0 0.9 3 1.0 0.0
26 0.1 28 0.8571428571428571 0.03571428571428571 0.4 21 0.9523809523809523 0.0 0.5 21 0.9523809523809523 0.0 0.6 20 0.95 0.0 0.7 18 1.0 0.0 0.9 3 1.0 0.0
26 0.1 27 0.8148148148148148 0.14814814814814814 0.4 22 0.9545454545454546 0.18181818181818182 0.5 21 0.9523809523809523 0.19047619047619047 0.6 21 0.9523809523809523 0.19047619047619047 0.7 20 0.95 0.2 0.9 3 1.0 0.3333333333333333
26 0.1 29 0.8620689655172413 0.1724137931034483 0.4 27 0.8888888888888888 0.18518518518518517 0.5 24 0.9583333333333334 0.20833333333333334 0.6 23 0.9565217391304348 0.21739130434782608 0.7 23 0.9565217391304348 0.21739130434782608 0.9 3 1.0 0.3333333333333333
26 0.1 29 0.8275862068965517 0.06896551724137931 0.4 24 0.9166666666666666 0.08333333333333333 0.5 23 0.9565217391304348 0.08695652173913043 0.6 23 0.9565217391304348 0.08695652173913043 0.7 20 0.95 0.1 0.9 3 1.0 0.0
26 0.1 29 0.896551724137931 0.0 0.4 27 0.8888888888888888 0.0 0.5 26 0.8846153846153846 0.0 0.6 25 0.92 0.0 0.7 21 0.9047619047619048 0.0 0.9 2 1.0 0.0
26 0.1 27 0.8148148148148148 0.0 0.4 25 0.88 0.0 0.5 25 0.88 0.0 0.6 24 0.9166666666666666 0.0 0.7 23 0.9130434782608695 0.0 0.9 2 1.0 0.0
26 0.1 27 0.8518518518518519 0.037037037037037035 0.4 26 0.8846153846153846 0.038461538461538464 0.5 26 0.8846153846153846 0.038461538461538464 0.6 25 0.88 0.04 0.7 24 0.9166666666666666 0.041666666666666664 0.9 3 1.0 0.0
26 0.1 32 0.78125 0.09375 0.4 27 0.8888888888888888 0.1111111111111111 0.5 26 0.9230769230769231 0.11538461538461539 0.6 23 0.9130434782608695 0.13043478260869565 0.7 21 0.9047619047619048 0.09523809523809523 0.9 3 1.0 0.0
26 0.1 31 0.7741935483870968 0.0967741935483871 0.4 23 0.9565217391304348 0.13043478260869565 0.5 22 0.9545454545454546 0.13636363636363635 0.6 19 0.9473684210526315 0.15789473684210525 0.7 18 0.9444444444444444 0.16666666666666666 0.9 4 1.0 0.25
26 0.1 29 0.7931034482758621 0.06896551724137931 0.4 24 0.9166666666666666 0.08333333333333333 0.5 23 0.9130434782608695 0.08695652173913043 0.6 23 0.9130434782608695 0.08695652173913043 0.7 19 1.0 0.10526315789473684 0.9 2 1.0 0.0
26 0.1 28 0.8571428571428571 0.03571428571428571 0.4 24 0.9166666666666666 0.041666666666666664 0.5 23 0.9130434782608695 0.043478260869565216 0.6 22 0.9090909090909091 0.045454545454545456 0.7 22 0.9090909090909091 0.045454545454545456 0.9 1 1.0 0.0
26 0.1 30 0.8 0.1 0.4 25 0.88 0.12 0.5 24 0.875 0.125 0.6 22 0.9090909090909091 0.13636363636363635 0.7 22 0.9090909090909091 0.13636363636363635 0.9 2 1.0 0.0
26 0.1 29 0.8275862068965517 0.06896551724137931 0.4 24 0.9166666666666666 0.08333333333333333 0.5 23 0.9565217391304348 0.08695652173913043 0.6 21 0.9523809523809523 0.09523809523809523 0.7 20 0.95 0.1 0.9 1 1.0 0.0
26 0.1 23 0.8695652173913043 0.0 0.4 21 0.9523809523809523 0.0 0.5 20 0.95 0.0 0.6 20 0.95 0.0 0.7 20 0.95 0.0 0.9 5 1.0 0.0
26 0.1 30 0.8 0.1 0.4 26 0.8846153846153846 0.11538461538461539 0.5 26 0.8846153846153846 0.11538461538461539 0.6 25 0.88 0.12 0.7 24 0.9166666666666666 0.125 0.9 2 1.0 0.0
26 0.1 28 0.8214285714285714 0.0 0.4 26 0.8846153846153846 0.0 0.5 25 0.88 0.0 0.6 24 0.9166666666666666 0.0 0.7 23 0.9130434782608695 0.0 0.9 3 1.0 0.0
26 0.1 29 0.7931034482758621 0.0 0.4 26 0.8846153846153846 0.0 0.5 24 0.9166666666666666 0.0 0.6 22 0.9545454545454546 0.0 0.7 20 0.95 0.0 0.9 3 1.0 0.0
26 0.1 30 0.8 0.0 0.4 24 0.875 0.0 0.5 23 0.9130434782608695 0.0 0.6 21 0.9523809523809523 0.0 0.7 20 0.95 0.0 0.9 3 1.0 0.0
26 0.1 29 0.8275862068965517 0.1724137931034483 0.4 27 0.8888888888888888 0.18518518518518517 0.5 25 0.92 0.2 0.6 23 0.9130434782608695 0.21739130434782608 0.7 22 0.9090909090909091 0.22727272727272727 0.9 3 1.0 0.0
26 0.1 30 0.8 0.03333333333333333 0.4 24 0.875 0.041666666666666664 0.5 24 0.875 0.041666666666666664 0.6 21 0.9523809523809523 0.047619047619047616 0.7 19 0.9473684210526315 0.05263157894736842 0.9 4 1.0 0.0
26 0.1 30 0.8333333333333334 0.03333333333333333 0.4 27 0.8888888888888888 0.037037037037037035 0.5 26 0.8846153846153846 0.038461538461538464 0.6 22 0.9090909090909091 0.045454545454545456 0.7 19 0.9473684210526315 0.05263157894736842 0.9 4 1.0 0.25
26 0.1 29 0.8620689655172413 0.06896551724137931 0.4 27 0.9259259259259259 0.07407407407407407 0.5 26 0.9230769230769231 0.07692307692307693 0.6 26 0.9230769230769231 0.07692307692307693 0.7 23 0.9565217391304348 0.08695652173913043 0.9 3 1.0 0.0
26 0.1 30 0.8333333333333334 0.03333333333333333 0.4 25 1.0 0.04 0.5 24 1.0 0.041666666666666664 0.6 22 1.0 0.045454545454545456 0.7 20 1.0 0.05 0.9 4 1.0 0.0
26 0.1 29 0.8620689655172413 0.034482758620689655 0.4 27 0.9259259259259259 0.037037037037037035 0.5 27 0.9259259259259259 0.037037037037037035 0.6 24 0.9166666666666666 0.041666666666666664 0.7 23 0.9565217391304348 0.043478260869565216 0.9 8 1.0 0.0
26 0.1 30 0.8333333333333334 0.06666666666666667 0.4 24 0.9166666666666666 0.08333333333333333 0.5 24 0.9166666666666666 0.08333333333333333 0.6 22 0.9545454545454546 0.09090909090909091 0.7 21 0.9523809523809523 0.09523809523809523 0.9 2 1.0 0.0
26 0.1 29 0.8275862068965517 0.06896551724137931 0.4 27 0.8518518518518519 0.07407407407407407 0.5 26 0.8846153846153846 0.07692307692307693 0.6 25 0.92 0.08 0.7 23 0.9130434782608695 0.08695652173913043 0.9 4 1.0 0.0
26 0.1 29 0.8275862068965517 0.034482758620689655 0.4 27 0.8888888888888888 0.037037037037037035 0.5 26 0.8846153846153846 0.038461538461538464 0.6 23 0.9130434782608695 0.043478260869565216 0.7 23 0.9130434782608695 0.043478260869565216 0.9 6 1.0 0.0
26 0.1 27 0.8518518518518519 0.14814814814814814 0.4 25 0.88 0.16 0.5 23 0.9130434782608695 0.17391304347826086 0.6 22 0.9090909090909091 0.13636363636363635 0.7 21 0.9047619047619048 0.14285714285714285 0.9 3 1.0 0.0
26 0.1 26 0.8461538461538461 0.07692307692307693 0.4 25 0.88 0.08 0.5 24 0.9166666666666666 0.08333333333333333 0.6 22 0.9545454545454546 0.09090909090909091 0.7 19 0.9473684210526315 0.05263157894736842 0.9 5 1.0 0.0
26 0.1 26 0.8461538461538461 0.0 0.4 24 0.875 0.0 0.5 23 0.9130434782608695 0.0 0.6 22 0.9545454545454546 0.0 0.7 18 1.0 0.0 0.9 3 1.0 0.0
26 0.1 29 0.8275862068965517 0.10344827586206896 0.4 26 0.8846153846153846 0.11538461538461539 0.5 26 0.8846153846153846 0.11538461538461539 0.6 22 0.9090909090909091 0.13636363636363635 0.7 21 0.9047619047619048 0.09523809523809523 0.9 2 1.0 0.0
26 0.1 29 0.8275862068965517 0.10344827586206896 0.4 27 0.8518518518518519 0.1111111111111111 0.5 26 0.8846153846153846 0.11538461538461539 0.6 24 0.875 0.08333333333333333 0.7 22 0.9090909090909091 0.09090909090909091 0.9 2 1.0 0.5
26 0.1 28 0.8571428571428571 0.07142857142857142 0.4 27 0.8518518518518519 0.07407407407407407 0.5 26 0.8846153846153846 0.07692307692307693 0.6 24 0.9166666666666666 0.08333333333333333 0.7 21 0.9523809523809523 0.09523809523809523 0.9 3 1.0 0.0
26 0.1 28 0.8571428571428571 0.03571428571428571 0.4 27 0.8888888888888888 0.037037037037037035 0.5 27 0.8888888888888888 0.037037037037037035 0.6 25 0.92 0.04 0.7 24 0.9166666666666666 0.041666666666666664 0.9 5 1.0 0.0
26 0.1 27 0.8518518518518519 0.037037037037037035 0.4 25 0.88 0.04 0.5 24 0.9166666666666666 0.041666666666666664 0.6 24 0.9166666666666666 0.041666666666666664 0.7 23 0.9130434782608695 0.043478260869565216 0.9 6 1.0 0.0
26 0.1 28 0.8571428571428571 0.07142857142857142 0.4 24 0.9166666666666666 0.08333333333333333 0.5 24 0.9166666666666666 0.08333333333333333 0.6 22 0.9090909090909091 0.09090909090909091 0.7 22 0.9090909090909091 0.09090909090909091 0.9 4 1.0 0.0
26 0.1 29 0.8275862068965517 0.034482758620689655 0.4 26 0.8846153846153846 0.038461538461538464 0.5 23 0.9130434782608695 0.043478260869565216 0.6 23 0.9130434782608695 0.043478260869565216 0.7 22 0.9090909090909091 0.045454545454545456 0.9 5 1.0 0.0
26 0.1 30 0.8 0.06666666666666667 0.4 24 0.9166666666666666 0.08333333333333333 0.5 24 0.9166666666666666 0.08333333333333333 0.6 24 0.9166666666666666 0.08333333333333333 0.7 20 0.95 0.1 0.9 3 1.0 0.3333333333333333
26 0.1 30 0.8 0.06666666666666667 0.4 23 0.9130434782608695 0.08695652173913043 0.5 22 0.9090909090909091 0.09090909090909091 0.6 20 0.95 0.1 0.7 18 0.9444444444444444 0.1111111111111111 0.9 2 1.0 0.0
26 0.1 27 0.8148148148148148 0.0 0.4 25 0.88 0.0 0.5 25 0.88 0.0 0.6 23 0.8695652173913043 0.0 0.7 19 0.8947368421052632 0.0 0.9 4 1.0 0.0
26 0.1 26 0.8461538461538461 0.11538461538461539 0.4 21 0.9047619047619048 0.09523809523809523 0.5 21 0.9047619047619048 0.09523809523809523 0.6 20 0.95 0.1 0.7 19 0.9473684210526315 0.10526315789473684 0.9 4 1.0 0.0
26 0.1 29 0.8275862068965517 0.06896551724137931 0.4 21 0.9047619047619048 0.09523809523809523 0.5 21 0.9047619047619048 0.09523809523809523 0.6 19 0.9473684210526315 0.10526315789473684 0.7 18 0.9444444444444444 0.1111111111111111 0.9 3 1.0 0.0
26 0.1 30 0.8333333333333334 0.06666666666666667 0.4 26 0.9230769230769231 0.07692307692307693 0.5 26 0.9230769230769231 0.07692307692307693 0.6 23 0.9565217391304348 0.08695652173913043 0.7 21 0.9523809523809523 0.09523809523809523 0.9 4 1.0 0.0
26 0.1 29 0.8275862068965517 0.1724137931034483 0.4 25 0.92 0.2 0.5 23 0.9565217391304348 0.21739130434782608 0.6 22 0.9545454545454546 0.22727272727272727 0.7 20 0.95 0.2 0.9 1 1.0 0.0
26 0.1 29 0.7586206896551724 0.06896551724137931 0.4 22 0.9090909090909091 0.09090909090909091 0.5 20 0.95 0.1 0.6 19 0.9473684210526315 0.10526315789473684 0.7 17 0.9411764705882353 0.11764705882352941 0.9 0 1 1
26 0.1 29 0.8620689655172413 0.10344827586206896 0.4 25 0.92 0.12 0.5 24 0.9166666666666666 0.125 0.6 24 0.9166666666666666 0.125 0.7 22 0.9545454545454546 0.13636363636363635 0.9 5 1.0 0.0
26 0.1 31 0.8064516129032258 0.03225806451612903 0.4 27 0.9259259259259259 0.037037037037037035 0.5 27 0.9259259259259259 0.037037037037037035 0.6 23 0.9565217391304348 0.043478260869565216 0.7 21 0.9523809523809523 0.047619047619047616 0.9 10 1.0 0.0
26 0.1 31 0.8064516129032258 0.0 0.4 25 0.96 0.0 0.5 25 0.96 0.0 0.6 23 0.9565217391304348 0.0 0.7 21 0.9523809523809523 0.0 0.9 6 1.0 0.0
26 0.1 26 0.8846153846153846 0.0 0.4 21 0.9523809523809523 0.0 0.5 20 1.0 0.0 0.6 20 1.0 0.0 0.7 19 1.0 0.0 0.9 5 1.0 0.0
26 0.1 29 0.8620689655172413 0.10344827586206896 0.4 25 0.88 0.12 0.5 22 0.9545454545454546 0.13636363636363635 0.6 21 1.0 0.14285714285714285 0.7 19 1.0 0.15789473684210525 0.9 6 1.0 0.0
26 0.1 30 0.8333333333333334 0.06666666666666667 0.4 26 0.9230769230769231 0.07692307692307693 0.5 25 0.92 0.08 0.6 23 0.9130434782608695 0.08695652173913043 0.7 20 0.95 0.1 0.9 3 1.0 0.0
26 0.1 30 0.8333333333333334 0.1 0.4 27 0.9259259259259259 0.1111111111111111 0.5 27 0.9259259259259259 0.1111111111111111 0.6 26 0.9230769230769231 0.11538461538461539 0.7 25 0.92 0.12 0.9 5 1.0 0.2
26 0.1 29 0.8620689655172413 0.10344827586206896 0.4 27 0.9259259259259259 0.1111111111111111 0.5 27 0.9259259259259259 0.1111111111111111 0.6 25 0.92 0.08 0.7 23 0.9565217391304348 0.08695652173913043 0.9 2 1.0 0.0
26 0.1 31 0.8064516129032258 0.0 0.4 25 0.96 0.0 0.5 24 0.9583333333333334 0.0 0.6 22 1.0 0.0 0.7 18 1.0 0.0 0.9 5 1.0 0.0
