32 0.1 9 0.0 0.0 0.4 0 1 1 0.5 0 1 1 0.6 0 1 1 0.7 0 1 1 0.9 0 1 1
32 0.1 45 0.08888888888888889 0.0 0.4 2 0.0 0.0 0.5 0 1 1 0.6 0 1 1 0.7 0 1 1 0.9 0 1 1
32 0.1 227 0.07929515418502203 0.0 0.4 8 0.125 0.0 0.5 4 0.0 0.0 0.6 1 0.0 0.0 0.7 0 1 1 0.9 0 1 1
32 0.1 296 0.06418918918918919 0.0 0.4 55 0.10909090909090909 0.0 0.5 16 0.25 0.0 0.6 3 0.6666666666666666 0.0 0.7 1 0.0 0.0 0.9 0 1 1
32 0.1 681 0.04552129221732746 0.0 0.4 177 0.12994350282485875 0.0 0.5 108 0.18518518518518517 0.0 0.6 58 0.25862068965517243 0.0 0.7 16 0.375 0.0 0.9 0 1 1
32 0.1 331 0.08459214501510574 0.0 0.4 54 0.24074074074074073 0.0 0.5 7 0.42857142857142855 0.0 0.6 0 1 1 0.7 0 1 1 0.9 0 1 1
32 0.1 400 0.0775 0.0 0.4 87 0.19540229885057472 0.0 0.5 27 0.3333333333333333 0.0 0.6 1 0.0 0.0 0.7 0 1 1 0.9 0 1 1
32 0.1 270 0.1111111111111111 0.0 0.4 3 0.6666666666666666 0.0 0.5 0 1 1 0.6 0 1 1 0.7 0 1 1 0.9 0 1 1
32 0.1 247 0.1214574898785425 0.0 0.4 65 0.3076923076923077 0.0 0.5 28 0.5 0.0 0.6 7 0.5714285714285714 0.0 0.7 1 1.0 0.0 0.9 0 1 1
32 0.1 239 0.1297071129707113 0.0 0.4 44 0.5227272727272727 0.0 0.5 22 0.6818181818181818 0.0 0.6 11 0.7272727272727273 0.0 0.7 0 1 1 0.9 0 1 1
32 0.1 233 0.12017167381974249 0.0 0.4 60 0.3333333333333333 0.0 0.5 22 0.5454545454545454 0.0 0.6 7 0.8571428571428571 0.0 0.7 0 1 1 0.9 0 1 1
32 0.1 124 0.25 0.0 0.4 38 0.3684210526315789 0.0 0.5 18 0.6111111111111112 0.0 0.6 4 0.75 0.0 0.7 0 1 1 0.9 0 1 1
32 0.1 25 0.52 0.0 0.4 8 0.875 0.0 0.5 7 0.8571428571428571 0.0 0.6 2 1.0 0.0 0.7 1 1.0 0.0 0.9 0 1 1
32 0.1 42 0.38095238095238093 0.0 0.4 12 0.6666666666666666 0.0 0.5 5 0.8 0.0 0.6 2 1.0 0.0 0.7 0 1 1 0.9 0 1 1
32 0.1 181 0.17679558011049723 0.0 0.4 79 0.35443037974683544 0.0 0.5 63 0.4126984126984127 0.0 0.6 57 0.43859649122807015 0.0 0.7 39 0.5384615384615384 0.0 0.9 0 1 1
32 0.1 137 0.22627737226277372 0.0072992700729927005 0.4 67 0.40298507462686567 0.014925373134328358 0.5 54 0.4444444444444444 0.018518518518518517 0.6 36 0.5833333333333334 0.027777777777777776 0.7 18 0.6666666666666666 0.05555555555555555 0.9 0 1 1
32 0.1 102 0.27450980392156865 0.0 0.4 34 0.5294117647058824 0.0 0.5 27 0.5925925925925926 0.0 0.6 19 0.631578947368421 0.0 0.7 8 0.625 0.0 0.9 0 1 1
32 0.1 135 0.2222222222222222 0.0 0.4 63 0.3333333333333333 0.0 0.5 45 0.3333333333333333 0.0 0.6 28 0.39285714285714285 0.0 0.7 10 0.5 0.0 0.9 0 1 1
32 0.1 18 0.3888888888888889 0.0 0.4 1 1.0 0.0 0.5 0 1 1 0.6 0 1 1 0.7 0 1 1 0.9 0 1 1
32 0.1 111 0.26126126126126126 0.0 0.4 33 0.5151515151515151 0.0 0.5 28 0.5 0.0 0.6 14 0.5714285714285714 0.0 0.7 5 0.8 0.0 0.9 0 1 1
32 0.1 46 0.41304347826086957 0.0 0.4 11 0.5454545454545454 0.0 0.5 6 0.6666666666666666 0.0 0.6 2 1.0 0.0 0.7 0 1 1 0.9 0 1 1
32 0.1 48 0.4375 0.0 0.4 17 0.7058823529411765 0.0 0.5 8 0.625 0.0 0.6 3 0.6666666666666666 0.0 0.7 1 1.0 0.0 0.9 0 1 1
32 0.1 98 0.32653061224489793 0.0 0.4 49 0.5714285714285714 0.0 0.5 40 0.6 0.0 0.6 30 0.7 0.0 0.7 23 0.6956521739130435 0.0 0.9 0 1 1
32 0.1 10 0.5 0.0 0.4 0 1 1 0.5 0 1 1 0.6 0 1 1 0.7 0 1 1 0.9 0 1 1
32 0.1 139 0.2302158273381295 0.0 0.4 42 0.5476190476190477 0.0 0.5 29 0.6896551724137931 0.0 0.6 19 0.7368421052631579 0.0 0.7 6 0.8333333333333334 0.0 0.9 0 1 1
32 0.1 93 0.3225806451612903 0.0 0.4 44 0.4318181818181818 0.0 0.5 34 0.5 0.0 0.6 25 0.56 0.0 0.7 13 0.6923076923076923 0.0 0.9 0 1 1
32 0.1 54 0.5185185185185185 0.0 0.4 21 0.7142857142857143 0.0 0.5 16 0.6875 0.0 0.6 11 0.8181818181818182 0.0 0.7 6 1.0 0.0 0.9 0 1 1
32 0.1 0 1 1 0.4 0 1 1 0.5 0 1 1 0.6 0 1 1 0.7 0 1 1 0.9 0 1 1
32 0.1 0 1 1 0.4 0 1 1 0.5 0 1 1 0.6 0 1 1 0.7 0 1 1 0.9 0 1 1
32 0.1 2 0.0 0.0 0.4 0 1 1 0.5 0 1 1 0.6 0 1 1 0.7 0 1 1 0.9 0 1 1
32 0.1 18 0.16666666666666666 0.0 0.4 0 1 1 0.5 0 1 1 0.6 0 1 1 0.7 0 1 1 0.9 0 1 1
32 0.1 69 0.2318840579710145 0.0 0.4 10 0.5 0.0 0.5 4 0.25 0.0 0.6 1 1.0 0.0 0.7 0 1 1 0.9 0 1 1
32 0.1 0 1 1 0.4 0 1 1 0.5 0 1 1 0.6 0 1 1 0.7 0 1 1 0.9 0 1 1
32 0.1 0 1 1 0.4 0 1 1 0.5 0 1 1 0.6 0 1 1 0.7 0 1 1 0.9 0 1 1
32 0.1 39 0.46153846153846156 0.0 0.4 6 0.8333333333333334 0.0 0.5 5 0.8 0.0 0.6 2 1.0 0.0 0.7 1 1.0 0.0 0.9 0 1 1
32 0.1 2 0.0 0.0 0.4 0 1 1 0.5 0 1 1 0.6 0 1 1 0.7 0 1 1 0.9 0 1 1
32 0.1 81 0.25925925925925924 0.0 0.4 30 0.4666666666666667 0.0 0.5 21 0.6190476190476191 0.0 0.6 10 0.6 0.0 0.7 3 0.6666666666666666 0.0 0.9 0 1 1
32 0.1 77 0.35064935064935066 0.0 0.4 18 0.5555555555555556 0.0 0.5 10 0.7 0.0 0.6 3 0.3333333333333333 0.0 0.7 1 0.0 0.0 0.9 0 1 1
32 0.1 24 0.5833333333333334 0.0 0.4 0 1 1 0.5 0 1 1 0.6 0 1 1 0.7 0 1 1 0.9 0 1 1
32 0.1 20 0.3 0.0 0.4 0 1 1 0.5 0 1 1 0.6 0 1 1 0.7 0 1 1 0.9 0 1 1
32 0.1 50 0.48 0.0 0.4 18 0.7222222222222222 0.0 0.5 12 0.6666666666666666 0.0 0.6 5 0.4 0.0 0.7 1 1.0 0.0 0.9 0 1 1
32 0.1 64 0.4375 0.0 0.4 20 0.55 0.0 0.5 11 0.6363636363636364 0.0 0.6 5 0.4 0.0 0.7 3 0.6666666666666666 0.0 0.9 0 1 1
32 0.1 28 0.14285714285714285 0.0 0.4 2 0.5 0.0 0.5 1 1.0 0.0 0.6 0 1 1 0.7 0 1 1 0.9 0 1 1
32 0.1 78 0.38461538461538464 0.0 0.4 22 0.6818181818181818 0.0 0.5 9 0.6666666666666666 0.0 0.6 2 1.0 0.0 0.7 1 1.0 0.0 0.9 0 1 1
32 0.1 52 0.4807692307692308 0.019230769230769232 0.4 20 0.75 0.05 0.5 14 0.7142857142857143 0.0 0.6 6 0.6666666666666666 0.0 0.7 2 1.0 0.0 0.9 0 1 1
32 0.1 69 0.43478260869565216 0.0 0.4 27 0.6296296296296297 0.0 0.5 21 0.5714285714285714 0.0 0.6 14 0.5714285714285714 0.0 0.7 5 0.8 0.0 0.9 0 1 1
32 0.1 137 0.20437956204379562 0.0 0.4 18 0.6111111111111112 0.0 0.5 10 0.6 0.0 0.6 4 0.75 0.0 0.7 1 1.0 0.0 0.9 0 1 1
32 0.1 0 1 1 0.4 0 1 1 0.5 0 1 1 0.6 0 1 1 0.7 0 1 1 0.9 0 1 1
32 0.1 66 0.45454545454545453 0.0 0.4 28 0.5357142857142857 0.0 0.5 19 0.6842105263157895 0.0 0.6 11 0.9090909090909091 0.0 0.7 3 1.0 0.0 0.9 0 1 1
32 0.1 67 0.47761194029850745 0.029850746268656716 0.4 36 0.6666666666666666 0.05555555555555555 0.5 28 0.7142857142857143 0.03571428571428571 0.6 19 0.6842105263157895 0.05263157894736842 0.7 11 0.7272727272727273 0.0 0.9 0 1 1
32 0.1 40 0.625 0.0 0.4 13 0.6923076923076923 0.0 0.5 7 0.7142857142857143 0.0 0.6 3 0.6666666666666666 0.0 0.7 1 1.0 0.0 0.9 0 1 1
32 0.1 57 0.5087719298245614 0.017543859649122806 0.4 31 0.7096774193548387 0.03225806451612903 0.5 23 0.782608695652174 0.043478260869565216 0.6 17 0.7058823529411765 0.058823529411764705 0.7 6 0.5 0.16666666666666666 0.9 0 1 1
32 0.1 50 0.54 0.04 0.4 25 0.72 0.08 0.5 19 0.7368421052631579 0.05263157894736842 0.6 13 0.6923076923076923 0.07692307692307693 0.7 5 0.8 0.2 0.9 0 1 1
32 0.1 57 0.5263157894736842 0.017543859649122806 0.4 26 0.7307692307692307 0.038461538461538464 0.5 23 0.7391304347826086 0.043478260869565216 0.6 16 0.6875 0.0625 0.7 4 0.75 0.0 0.9 0 1 1
32 0.1 68 0.45588235294117646 0.058823529411764705 0.4 38 0.6578947368421053 0.10526315789473684 0.5 33 0.696969696969697 0.12121212121212122 0.6 29 0.6551724137931034 0.13793103448275862 0.7 22 0.6818181818181818 0.09090909090909091 0.9 0 1 1
32 0.1 51 0.5686274509803921 0.0392156862745098 0.4 34 0.6470588235294118 0.058823529411764705 0.5 29 0.6551724137931034 0.06896551724137931 0.6 26 0.6538461538461539 0.07692307692307693 0.7 13 0.7692307692307693 0.15384615384615385 0.9 0 1 1
32 0.1 82 0.36585365853658536 0.0 0.4 34 0.5882352941176471 0.0 0.5 21 0.5238095238095238 0.0 0.6 10 0.6 0.0 0.7 3 0.6666666666666666 0.0 0.9 0 1 1
32 0.1 74 0.3918918918918919 0.0 0.4 40 0.65 0.0 0.5 31 0.6129032258064516 0.0 0.6 26 0.6923076923076923 0.0 0.7 15 0.6666666666666666 0.0 0.9 0 1 1
32 0.1 94 0.3404255319148936 0.010638297872340425 0.4 48 0.5833333333333334 0.020833333333333332 0.5 39 0.6410256410256411 0.02564102564102564 0.6 32 0.71875 0.03125 0.7 19 0.7368421052631579 0.05263157894736842 0.9 0 1 1
32 0.1 63 0.49206349206349204 0.031746031746031744 0.4 31 0.7096774193548387 0.03225806451612903 0.5 27 0.7407407407407407 0.037037037037037035 0.6 20 0.7 0.0 0.7 9 0.5555555555555556 0.0 0.9 0 1 1
32 0.1 81 0.3950617283950617 0.012345679012345678 0.4 43 0.627906976744186 0.023255813953488372 0.5 38 0.6578947368421053 0.02631578947368421 0.6 28 0.75 0.03571428571428571 0.7 18 0.7222222222222222 0.0 0.9 0 1 1
32 0.1 100 0.31 0.0 0.4 29 0.6206896551724138 0.0 0.5 22 0.6363636363636364 0.0 0.6 11 0.6363636363636364 0.0 0.7 2 0.5 0.0 0.9 0 1 1
32 0.1 97 0.32989690721649484 0.020618556701030927 0.4 48 0.6041666666666666 0.041666666666666664 0.5 43 0.627906976744186 0.046511627906976744 0.6 35 0.6857142857142857 0.05714285714285714 0.7 26 0.7307692307692307 0.07692307692307693 0.9 0 1 1
32 0.1 72 0.4027777777777778 0.0 0.4 16 0.625 0.0 0.5 10 0.6 0.0 0.6 4 0.75 0.0 0.7 0 1 1 0.9 0 1 1
32 0.1 68 0.45588235294117646 0.029411764705882353 0.4 32 0.65625 0.0625 0.5 26 0.7307692307692307 0.07692307692307693 0.6 24 0.75 0.08333333333333333 0.7 12 0.5833333333333334 0.0 0.9 0 1 1
32 0.1 67 0.47761194029850745 0.0 0.4 33 0.7272727272727273 0.0 0.5 28 0.6785714285714286 0.0 0.6 21 0.6666666666666666 0.0 0.7 12 0.6666666666666666 0.0 0.9 0 1 1
32 0.1 65 0.49230769230769234 0.015384615384615385 0.4 41 0.6829268292682927 0.024390243902439025 0.5 33 0.7272727272727273 0.030303030303030304 0.6 24 0.7083333333333334 0.041666666666666664 0.7 11 0.7272727272727273 0.09090909090909091 0.9 0 1 1
32 0.1 104 0.2980769230769231 0.0 0.4 42 0.5952380952380952 0.0 0.5 39 0.6410256410256411 0.0 0.6 27 0.6666666666666666 0.0 0.7 15 0.6666666666666666 0.0 0.9 0 1 1
32 0.1 86 0.37209302325581395 0.011627906976744186 0.4 46 0.5869565217391305 0.021739130434782608 0.5 37 0.6756756756756757 0.0 0.6 32 0.6875 0.0 0.7 24 0.7083333333333334 0.0 0.9 0 1 1
32 0.1 78 0.41025641025641024 0.0641025641025641 0.4 44 0.6590909090909091 0.11363636363636363 0.5 40 0.675 0.1 0.6 37 0.6756756756756757 0.10810810810810811 0.7 31 0.7096774193548387 0.12903225806451613 0.9 0 1 1
32 0.1 71 0.4507042253521127 0.04225352112676056 0.4 44 0.7045454545454546 0.06818181818181818 0.5 41 0.7317073170731707 0.07317073170731707 0.6 38 0.7368421052631579 0.05263157894736842 0.7 33 0.7272727272727273 0.06060606060606061 0.9 0 1 1
32 0.1 81 0.38271604938271603 0.037037037037037035 0.4 42 0.6428571428571429 0.047619047619047616 0.5 38 0.7105263157894737 0.05263157894736842 0.6 32 0.71875 0.0625 0.7 19 0.631578947368421 0.05263157894736842 0.9 0 1 1
32 0.1 94 0.32978723404255317 0.0 0.4 32 0.6875 0.0 0.5 25 0.72 0.0 0.6 15 0.8666666666666667 0.0 0.7 5 0.8 0.0 0.9 0 1 1
32 0.1 141 0.2127659574468085 0.0 0.4 42 0.5714285714285714 0.0 0.5 34 0.6470588235294118 0.0 0.6 26 0.6538461538461539 0.0 0.7 16 0.6875 0.0 0.9 0 1 1
32 0.1 54 0.46296296296296297 0.0 0.4 30 0.6666666666666666 0.0 0.5 27 0.7037037037037037 0.0 0.6 19 0.7368421052631579 0.0 0.7 11 0.8181818181818182 0.0 0.9 0 1 1
32 0.1 77 0.4025974025974026 0.025974025974025976 0.4 44 0.6136363636363636 0.045454545454545456 0.5 37 0.6216216216216216 0.05405405405405406 0.6 33 0.6666666666666666 0.06060606060606061 0.7 21 0.7619047619047619 0.09523809523809523 0.9 0 1 1
32 0.1 82 0.3902439024390244 0.012195121951219513 0.4 45 0.6222222222222222 0.022222222222222223 0.5 40 0.65 0.025 0.6 37 0.7027027027027027 0.02702702702702703 0.7 26 0.6923076923076923 0.0 0.9 0 1 1
32 0.1 76 0.42105263157894735 0.02631578947368421 0.4 50 0.58 0.04 0.5 46 0.6304347826086957 0.043478260869565216 0.6 40 0.7 0.05 0.7 31 0.6774193548387096 0.06451612903225806 0.9 0 1 1
32 0.1 75 0.4266666666666667 0.04 0.4 50 0.6 0.06 0.5 46 0.6086956521739131 0.06521739130434782 0.6 41 0.6585365853658537 0.07317073170731707 0.7 34 0.6764705882352942 0.08823529411764706 0.9 0 1 1
32 0.1 124 0.20967741935483872 0.0 0.4 35 0.6285714285714286 0.0 0.5 21 0.7619047619047619 0.0 0.6 17 0.7647058823529411 0.0 0.7 7 0.7142857142857143 0.0 0.9 0 1 1
32 0.1 76 0.40789473684210525 0.013157894736842105 0.4 53 0.5849056603773585 0.018867924528301886 0.5 46 0.6304347826086957 0.021739130434782608 0.6 38 0.631578947368421 0.02631578947368421 0.7 32 0.6875 0.03125 0.9 0 1 1
32 0.1 58 0.5172413793103449 0.034482758620689655 0.4 37 0.6486486486486487 0.05405405405405406 0.5 35 0.6571428571428571 0.05714285714285714 0.6 30 0.6666666666666666 0.06666666666666667 0.7 21 0.7619047619047619 0.047619047619047616 0.9 0 1 1
32 0.1 62 0.5 0.0 0.4 39 0.6666666666666666 0.0 0.5 35 0.6571428571428571 0.0 0.6 28 0.6785714285714286 0.0 0.7 25 0.68 0.0 0.9 0 1 1
32 0.1 75 0.4266666666666667 0.04 0.4 47 0.5957446808510638 0.0425531914893617 0.5 43 0.6511627906976745 0.046511627906976744 0.6 39 0.6666666666666666 0.05128205128205128 0.7 31 0.6129032258064516 0.06451612903225806 0.9 0 1 1
32 0.1 68 0.45588235294117646 0.029411764705882353 0.4 41 0.6341463414634146 0.04878048780487805 0.5 38 0.631578947368421 0.05263157894736842 0.6 32 0.625 0.0625 0.7 25 0.64 0.08 0.9 0 1 1
32 0.1 68 0.4411764705882353 0.029411764705882353 0.4 43 0.6046511627906976 0.046511627906976744 0.5 37 0.6756756756756757 0.05405405405405406 0.6 33 0.6666666666666666 0.06060606060606061 0.7 24 0.7083333333333334 0.08333333333333333 0.9 0 1 1
32 0.1 60 0.4666666666666667 0.016666666666666666 0.4 37 0.6486486486486487 0.0 0.5 34 0.6764705882352942 0.0 0.6 29 0.6551724137931034 0.0 0.7 21 0.8095238095238095 0.0 0.9 0 1 1
32 0.1 64 0.484375 0.015625 0.4 40 0.625 0.025 0.5 36 0.6388888888888888 0.027777777777777776 0.6 29 0.6896551724137931 0.034482758620689655 0.7 24 0.75 0.041666666666666664 0.9 0 1 1
32 0.1 63 0.5079365079365079 0.031746031746031744 0.4 39 0.6153846153846154 0.05128205128205128 0.5 35 0.6571428571428571 0.05714285714285714 0.6 32 0.65625 0.0625 0.7 22 0.7727272727272727 0.09090909090909091 0.9 0 1 1
32 0.1 59 0.4745762711864407 0.05084745762711865 0.4 37 0.6486486486486487 0.08108108108108109 0.5 32 0.71875 0.09375 0.6 28 0.75 0.10714285714285714 0.7 19 0.8421052631578947 0.15789473684210525 0.9 0 1 1
32 0.1 68 0.45588235294117646 0.014705882352941176 0.4 40 0.65 0.025 0.5 35 0.6571428571428571 0.02857142857142857 0.6 32 0.71875 0.03125 0.7 24 0.75 0.041666666666666664 0.9 0 1 1
32 0.1 73 0.4383561643835616 0.0 0.4 47 0.5957446808510638 0.0 0.5 45 0.6222222222222222 0.0 0.6 40 0.65 0.0 0.7 33 0.7272727272727273 0.0 0.9 0 1 1
32 0.1 65 0.49230769230769234 0.03076923076923077 0.4 46 0.6304347826086957 0.043478260869565216 0.5 40 0.65 0.05 0.6 37 0.6486486486486487 0.05405405405405406 0.7 26 0.7692307692307693 0.07692307692307693 0.9 0 1 1
32 0.1 79 0.3924050632911392 0.012658227848101266 0.4 47 0.5531914893617021 0.02127659574468085 0.5 41 0.6341463414634146 0.024390243902439025 0.6 37 0.6486486486486487 0.02702702702702703 0.7 29 0.7241379310344828 0.034482758620689655 0.9 0 1 1
32 0.1 67 0.47761194029850745 0.04477611940298507 0.4 48 0.5833333333333334 0.0625 0.5 44 0.6136363636363636 0.06818181818181818 0.6 42 0.6190476190476191 0.07142857142857142 0.7 33 0.696969696969697 0.06060606060606061 0.9 0 1 1
32 0.1 74 0.43243243243243246 0.04054054054054054 0.4 51 0.5882352941176471 0.058823529411764705 0.5 45 0.6444444444444445 0.06666666666666667 0.6 37 0.7027027027027027 0.08108108108108109 0.7 31 0.7096774193548387 0.0967741935483871 0.9 0 1 1
32 0.1 88 0.36363636363636365 0.03409090909090909 0.4 49 0.6122448979591837 0.061224489795918366 0.5 44 0.6363636363636364 0.06818181818181818 0.6 39 0.6666666666666666 0.07692307692307693 0.7 27 0.8148148148148148 0.1111111111111111 0.9 0 1 1
32 0.1 56 0.5535714285714286 0.017857142857142856 0.4 37 0.7027027027027027 0.02702702702702703 0.5 35 0.7142857142857143 0.02857142857142857 0.6 30 0.7333333333333333 0.03333333333333333 0.7 30 0.7333333333333333 0.03333333333333333 0.9 0 1 1
32 0.1 81 0.38271604938271603 0.012345679012345678 0.4 45 0.6222222222222222 0.022222222222222223 0.5 38 0.6578947368421053 0.02631578947368421 0.6 34 0.6176470588235294 0.029411764705882353 0.7 20 0.75 0.05 0.9 0 1 1
32 0.1 65 0.47692307692307695 0.015384615384615385 0.4 39 0.6410256410256411 0.02564102564102564 0.5 37 0.6486486486486487 0.02702702702702703 0.6 33 0.6363636363636364 0.030303030303030304 0.7 26 0.6923076923076923 0.038461538461538464 0.9 0 1 1
32 0.1 57 0.5087719298245614 0.017543859649122806 0.4 37 0.6486486486486487 0.02702702702702703 0.5 33 0.6666666666666666 0.030303030303030304 0.6 27 0.7037037037037037 0.037037037037037035 0.7 24 0.75 0.041666666666666664 0.9 0 1 1
32 0.1 65 0.47692307692307695 0.015384615384615385 0.4 35 0.6857142857142857 0.02857142857142857 0.5 30 0.7333333333333333 0.03333333333333333 0.6 27 0.7407407407407407 0.037037037037037035 0.7 23 0.782608695652174 0.043478260869565216 0.9 0 1 1
32 0.1 67 0.47761194029850745 0.029850746268656716 0.4 43 0.6744186046511628 0.046511627906976744 0.5 37 0.7027027027027027 0.05405405405405406 0.6 33 0.696969696969697 0.06060606060606061 0.7 27 0.7407407407407407 0.07407407407407407 0.9 0 1 1
32 0.1 62 0.5 0.08064516129032258 0.4 45 0.6222222222222222 0.1111111111111111 0.5 40 0.7 0.125 0.6 36 0.6944444444444444 0.1388888888888889 0.7 30 0.7333333333333333 0.16666666666666666 0.9 0 1 1
32 0.1 78 0.41025641025641024 0.01282051282051282 0.4 48 0.6041666666666666 0.020833333333333332 0.5 41 0.6585365853658537 0.024390243902439025 0.6 34 0.7352941176470589 0.029411764705882353 0.7 30 0.7666666666666667 0.03333333333333333 0.9 0 1 1
32 0.1 77 0.4155844155844156 0.025974025974025976 0.4 45 0.6444444444444445 0.044444444444444446 0.5 39 0.6666666666666666 0.05128205128205128 0.6 34 0.6764705882352942 0.058823529411764705 0.7 26 0.7307692307692307 0.07692307692307693 0.9 0 1 1
32 0.1 75 0.4266666666666667 0.05333333333333334 0.4 47 0.6170212765957447 0.0851063829787234 0.5 42 0.6666666666666666 0.09523809523809523 0.6 37 0.7027027027027027 0.10810810810810811 0.7 32 0.71875 0.125 0.9 0 1 1
32 0.1 75 0.4266666666666667 0.04 0.4 48 0.6041666666666666 0.0625 0.5 43 0.627906976744186 0.06976744186046512 0.6 38 0.6842105263157895 0.07894736842105263 0.7 30 0.7333333333333333 0.1 0.9 0 1 1
32 0.1 68 0.45588235294117646 0.029411764705882353 0.4 44 0.6363636363636364 0.045454545454545456 0.5 41 0.6829268292682927 0.04878048780487805 0.6 37 0.6756756756756757 0.05405405405405406 0.7 32 0.6875 0.0625 0.9 0 1 1
32 0.1 85 0.3764705882352941 0.011764705882352941 0.4 58 0.5344827586206896 0.017241379310344827 0.5 50 0.6 0.02 0.6 46 0.6304347826086957 0.021739130434782608 0.7 38 0.6842105263157895 0.02631578947368421 0.9 0 1 1
32 0.1 70 0.45714285714285713 0.014285714285714285 0.4 50 0.6 0.02 0.5 38 0.6578947368421053 0.02631578947368421 0.6 36 0.6388888888888888 0.027777777777777776 0.7 29 0.6896551724137931 0.034482758620689655 0.9 0 1 1
32 0.1 59 0.5254237288135594 0.06779661016949153 0.4 47 0.6170212765957447 0.0851063829787234 0.5 44 0.6363636363636364 0.09090909090909091 0.6 40 0.65 0.1 0.7 34 0.6764705882352942 0.11764705882352941 0.9 0 1 1
32 0.1 70 0.45714285714285713 0.02857142857142857 0.4 47 0.574468085106383 0.0425531914893617 0.5 40 0.65 0.05 0.6 38 0.6578947368421053 0.05263157894736842 0.7 35 0.6857142857142857 0.05714285714285714 0.9 0 1 1
32 0.1 69 0.463768115942029 0.043478260869565216 0.4 46 0.6086956521739131 0.06521739130434782 0.5 38 0.631578947368421 0.07894736842105263 0.6 35 0.6285714285714286 0.08571428571428572 0.7 30 0.7 0.1 0.9 0 1 1
32 0.1 63 0.49206349206349204 0.06349206349206349 0.4 36 0.6388888888888888 0.1111111111111111 0.5 30 0.7 0.13333333333333333 0.6 26 0.7307692307692307 0.15384615384615385 0.7 23 0.782608695652174 0.17391304347826086 0.9 0 1 1
32 0.1 68 0.45588235294117646 0.0 0.4 44 0.6363636363636364 0.0 0.5 40 0.65 0.0 0.6 35 0.6571428571428571 0.0 0.7 27 0.7407407407407407 0.0 0.9 0 1 1
32 0.1 71 0.4507042253521127 0.04225352112676056 0.4 51 0.5686274509803921 0.058823529411764705 0.5 45 0.5777777777777777 0.06666666666666667 0.6 41 0.6097560975609756 0.07317073170731707 0.7 32 0.65625 0.09375 0.9 0 1 1
32 0.1 67 0.47761194029850745 0.014925373134328358 0.4 44 0.6363636363636364 0.022727272727272728 0.5 41 0.6585365853658537 0.024390243902439025 0.6 34 0.7352941176470589 0.029411764705882353 0.7 25 0.76 0.04 0.9 0 1 1
32 0.1 71 0.4507042253521127 0.04225352112676056 0.4 44 0.6818181818181818 0.06818181818181818 0.5 42 0.6666666666666666 0.07142857142857142 0.6 34 0.7352941176470589 0.08823529411764706 0.7 29 0.7241379310344828 0.06896551724137931 0.9 0 1 1
32 0.1 64 0.5 0.03125 0.4 41 0.6585365853658537 0.04878048780487805 0.5 36 0.6944444444444444 0.05555555555555555 0.6 35 0.6857142857142857 0.05714285714285714 0.7 29 0.7241379310344828 0.034482758620689655 0.9 0 1 1
32 0.1 65 0.49230769230769234 0.046153846153846156 0.4 42 0.5952380952380952 0.07142857142857142 0.5 38 0.5789473684210527 0.07894736842105263 0.6 29 0.7241379310344828 0.10344827586206896 0.7 23 0.6956521739130435 0.13043478260869565 0.9 0 1 1
32 0.1 59 0.5084745762711864 0.06779661016949153 0.4 41 0.6097560975609756 0.0975609756097561 0.5 38 0.631578947368421 0.10526315789473684 0.6 31 0.6451612903225806 0.12903225806451613 0.7 24 0.6666666666666666 0.16666666666666666 0.9 0 1 1
32 0.1 54 0.5555555555555556 0.07407407407407407 0.4 35 0.6571428571428571 0.11428571428571428 0.5 33 0.6363636363636364 0.12121212121212122 0.6 28 0.6785714285714286 0.14285714285714285 0.7 23 0.6956521739130435 0.17391304347826086 0.9 0 1 1
32 0.1 63 0.5079365079365079 0.047619047619047616 0.4 42 0.6666666666666666 0.07142857142857142 0.5 36 0.7222222222222222 0.08333333333333333 0.6 34 0.7058823529411765 0.08823529411764706 0.7 33 0.696969696969697 0.09090909090909091 0.9 0 1 1
32 0.1 61 0.4918032786885246 0.04918032786885246 0.4 38 0.6842105263157895 0.07894736842105263 0.5 29 0.7586206896551724 0.10344827586206896 0.6 28 0.75 0.10714285714285714 0.7 24 0.8333333333333334 0.125 0.9 0 1 1
32 0.1 60 0.5166666666666667 0.03333333333333333 0.4 42 0.6904761904761905 0.047619047619047616 0.5 38 0.7105263157894737 0.05263157894736842 0.6 35 0.7142857142857143 0.05714285714285714 0.7 33 0.7272727272727273 0.06060606060606061 0.9 0 1 1
32 0.1 55 0.5636363636363636 0.07272727272727272 0.4 41 0.7073170731707317 0.0975609756097561 0.5 36 0.7222222222222222 0.1111111111111111 0.6 33 0.7272727272727273 0.12121212121212122 0.7 30 0.7333333333333333 0.13333333333333333 0.9 0 1 1
32 0.1 69 0.463768115942029 0.014492753623188406 0.4 44 0.6363636363636364 0.022727272727272728 0.5 40 0.675 0.025 0.6 36 0.6666666666666666 0.027777777777777776 0.7 32 0.6875 0.03125 0.9 1 1.0 0.0
32 0.1 59 0.5254237288135594 0.03389830508474576 0.4 40 0.675 0.05 0.5 38 0.6842105263157895 0.05263157894736842 0.6 34 0.7058823529411765 0.058823529411764705 0.7 32 0.6875 0.0625 0.9 0 1 1
32 0.1 66 0.4696969696969697 0.09090909090909091 0.4 49 0.6122448979591837 0.12244897959183673 0.5 43 0.6511627906976745 0.13953488372093023 0.6 42 0.6666666666666666 0.14285714285714285 0.7 33 0.6666666666666666 0.18181818181818182 0.9 0 1 1
32 0.1 59 0.5084745762711864 0.0 0.4 39 0.6666666666666666 0.0 0.5 38 0.6842105263157895 0.0 0.6 33 0.696969696969697 0.0 0.7 30 0.7333333333333333 0.0 0.9 0 1 1
32 0.1 62 0.5 0.08064516129032258 0.4 45 0.6222222222222222 0.1111111111111111 0.5 41 0.6585365853658537 0.12195121951219512 0.6 35 0.6857142857142857 0.14285714285714285 0.7 30 0.7 0.13333333333333333 0.9 0 1 1
32 0.1 63 0.5079365079365079 0.031746031746031744 0.4 44 0.6590909090909091 0.045454545454545456 0.5 42 0.6904761904761905 0.047619047619047616 0.6 39 0.6923076923076923 0.05128205128205128 0.7 35 0.6857142857142857 0.05714285714285714 0.9 0 1 1
32 0.1 72 0.4444444444444444 0.013888888888888888 0.4 44 0.6590909090909091 0.022727272727272728 0.5 39 0.6666666666666666 0.02564102564102564 0.6 35 0.7142857142857143 0.02857142857142857 0.7 30 0.7 0.03333333333333333 0.9 0 1 1
32 0.1 64 0.484375 0.015625 0.4 44 0.6363636363636364 0.022727272727272728 0.5 39 0.6666666666666666 0.0 0.6 34 0.6764705882352942 0.0 0.7 29 0.6896551724137931 0.0 0.9 0 1 1
32 0.1 52 0.5769230769230769 0.019230769230769232 0.4 41 0.6585365853658537 0.024390243902439025 0.5 33 0.696969696969697 0.030303030303030304 0.6 30 0.7 0.03333333333333333 0.7 28 0.7142857142857143 0.03571428571428571 0.9 0 1 1
32 0.1 61 0.5245901639344263 0.04918032786885246 0.4 41 0.6585365853658537 0.07317073170731707 0.5 37 0.6756756756756757 0.08108108108108109 0.6 35 0.6857142857142857 0.08571428571428572 0.7 33 0.696969696969697 0.09090909090909091 0.9 0 1 1
32 0.1 56 0.5714285714285714 0.05357142857142857 0.4 42 0.7142857142857143 0.07142857142857142 0.5 38 0.7105263157894737 0.07894736842105263 0.6 34 0.7352941176470589 0.058823529411764705 0.7 27 0.7777777777777778 0.07407407407407407 0.9 0 1 1
32 0.1 63 0.5079365079365079 0.06349206349206349 0.4 44 0.6136363636363636 0.09090909090909091 0.5 39 0.6666666666666666 0.10256410256410256 0.6 33 0.6363636363636364 0.12121212121212122 0.7 29 0.6896551724137931 0.13793103448275862 0.9 0 1 1
32 0.1 65 0.47692307692307695 0.046153846153846156 0.4 48 0.5833333333333334 0.0625 0.5 44 0.6363636363636364 0.06818181818181818 0.6 39 0.6410256410256411 0.07692307692307693 0.7 38 0.6578947368421053 0.07894736842105263 0.9 0 1 1
32 0.1 60 0.5 0.016666666666666666 0.4 40 0.675 0.025 0.5 37 0.7027027027027027 0.02702702702702703 0.6 37 0.7027027027027027 0.02702702702702703 0.7 31 0.7096774193548387 0.03225806451612903 0.9 0 1 1
32 0.1 65 0.49230769230769234 0.06153846153846154 0.4 45 0.6444444444444445 0.08888888888888889 0.5 42 0.6428571428571429 0.09523809523809523 0.6 37 0.6756756756756757 0.10810810810810811 0.7 31 0.7096774193548387 0.12903225806451613 0.9 0 1 1
32 0.1 58 0.5344827586206896 0.017241379310344827 0.4 42 0.6666666666666666 0.023809523809523808 0.5 39 0.6666666666666666 0.02564102564102564 0.6 33 0.696969696969697 0.030303030303030304 0.7 30 0.7333333333333333 0.0 0.9 0 1 1
32 0.1 58 0.5344827586206896 0.0 0.4 36 0.6388888888888888 0.0 0.5 32 0.625 0.0 0.6 31 0.6451612903225806 0.0 0.7 23 0.8260869565217391 0.0 0.9 0 1 1
32 0.1 52 0.5769230769230769 0.019230769230769232 0.4 39 0.6923076923076923 0.02564102564102564 0.5 34 0.6470588235294118 0.029411764705882353 0.6 34 0.6470588235294118 0.029411764705882353 0.7 31 0.6774193548387096 0.03225806451612903 0.9 0 1 1
32 0.1 62 0.5161290322580645 0.0 0.4 49 0.6122448979591837 0.0 0.5 43 0.6511627906976745 0.0 0.6 41 0.6829268292682927 0.0 0.7 37 0.6756756756756757 0.0 0.9 1 1.0 0.0
32 0.1 63 0.49206349206349204 0.031746031746031744 0.4 44 0.6363636363636364 0.045454545454545456 0.5 42 0.6666666666666666 0.047619047619047616 0.6 40 0.675 0.05 0.7 35 0.6857142857142857 0.05714285714285714 0.9 0 1 1
32 0.1 56 0.5178571428571429 0.017857142857142856 0.4 39 0.6666666666666666 0.02564102564102564 0.5 36 0.6944444444444444 0.027777777777777776 0.6 33 0.696969696969697 0.030303030303030304 0.7 29 0.6896551724137931 0.034482758620689655 0.9 0 1 1
32 0.1 65 0.49230769230769234 0.015384615384615385 0.4 44 0.6590909090909091 0.022727272727272728 0.5 40 0.65 0.025 0.6 38 0.6842105263157895 0.02631578947368421 0.7 33 0.696969696969697 0.030303030303030304 0.9 0 1 1
32 0.1 65 0.49230769230769234 0.046153846153846156 0.4 43 0.6511627906976745 0.06976744186046512 0.5 34 0.6764705882352942 0.08823529411764706 0.6 32 0.65625 0.09375 0.7 28 0.7142857142857143 0.10714285714285714 0.9 0 1 1
32 0.1 60 0.5333333333333333 0.08333333333333333 0.4 45 0.6666666666666666 0.1111111111111111 0.5 41 0.6341463414634146 0.12195121951219512 0.6 37 0.6756756756756757 0.13513513513513514 0.7 31 0.6774193548387096 0.16129032258064516 0.9 0 1 1
32 0.1 49 0.5714285714285714 0.04081632653061224 0.4 37 0.6756756756756757 0.05405405405405406 0.5 36 0.6666666666666666 0.05555555555555555 0.6 35 0.6857142857142857 0.05714285714285714 0.7 26 0.6923076923076923 0.07692307692307693 0.9 0 1 1
32 0.1 54 0.5185185185185185 0.05555555555555555 0.4 42 0.6428571428571429 0.07142857142857142 0.5 35 0.6571428571428571 0.08571428571428572 0.6 34 0.6470588235294118 0.08823529411764706 0.7 31 0.7096774193548387 0.0967741935483871 0.9 0 1 1
32 0.1 56 0.48214285714285715 0.0 0.4 43 0.6046511627906976 0.0 0.5 39 0.6153846153846154 0.0 0.6 36 0.6111111111111112 0.0 0.7 30 0.6666666666666666 0.0 0.9 0 1 1
32 0.1 50 0.58 0.1 0.4 40 0.625 0.1 0.5 33 0.696969696969697 0.12121212121212122 0.6 32 0.71875 0.125 0.7 28 0.6785714285714286 0.14285714285714285 0.9 0 1 1
32 0.1 59 0.5084745762711864 0.01694915254237288 0.4 41 0.6585365853658537 0.024390243902439025 0.5 39 0.6410256410256411 0.02564102564102564 0.6 37 0.6486486486486487 0.02702702702702703 0.7 33 0.6666666666666666 0.030303030303030304 0.9 0 1 1
32 0.1 55 0.5454545454545454 0.01818181818181818 0.4 39 0.6410256410256411 0.02564102564102564 0.5 35 0.6857142857142857 0.02857142857142857 0.6 33 0.6666666666666666 0.030303030303030304 0.7 30 0.6666666666666666 0.03333333333333333 0.9 0 1 1
32 0.1 49 0.6122448979591837 0.08163265306122448 0.4 33 0.696969696969697 0.12121212121212122 0.5 32 0.6875 0.125 0.6 30 0.7 0.13333333333333333 0.7 27 0.7407407407407407 0.1111111111111111 0.9 0 1 1
32 0.1 62 0.5161290322580645 0.03225806451612903 0.4 42 0.6904761904761905 0.047619047619047616 0.5 39 0.6923076923076923 0.05128205128205128 0.6 37 0.7027027027027027 0.05405405405405406 0.7 36 0.6944444444444444 0.05555555555555555 0.9 0 1 1
32 0.1 62 0.5 0.016129032258064516 0.4 42 0.6666666666666666 0.023809523809523808 0.5 40 0.675 0.025 0.6 40 0.675 0.025 0.7 39 0.6666666666666666 0.02564102564102564 0.9 0 1 1
32 0.1 53 0.5471698113207547 0.03773584905660377 0.4 38 0.6842105263157895 0.05263157894736842 0.5 37 0.6756756756756757 0.05405405405405406 0.6 34 0.6764705882352942 0.058823529411764705 0.7 31 0.7096774193548387 0.06451612903225806 0.9 0 1 1
32 0.1 56 0.5178571428571429 0.05357142857142857 0.4 36 0.6944444444444444 0.08333333333333333 0.5 34 0.6764705882352942 0.08823529411764706 0.6 34 0.6764705882352942 0.08823529411764706 0.7 32 0.71875 0.09375 0.9 0 1 1
32 0.1 58 0.5 0.017241379310344827 0.4 40 0.675 0.025 0.5 38 0.6842105263157895 0.02631578947368421 0.6 36 0.6944444444444444 0.027777777777777776 0.7 33 0.7272727272727273 0.030303030303030304 0.9 1 1.0 0.0
32 0.1 64 0.5 0.03125 0.4 45 0.6222222222222222 0.044444444444444446 0.5 41 0.6341463414634146 0.04878048780487805 0.6 36 0.6944444444444444 0.05555555555555555 0.7 34 0.6764705882352942 0.058823529411764705 0.9 0 1 1
32 0.1 51 0.5490196078431373 0.0392156862745098 0.4 36 0.6944444444444444 0.05555555555555555 0.5 34 0.6764705882352942 0.058823529411764705 0.6 33 0.696969696969697 0.06060606060606061 0.7 32 0.71875 0.0625 0.9 0 1 1
32 0.1 54 0.5740740740740741 0.07407407407407407 0.4 40 0.65 0.1 0.5 37 0.7027027027027027 0.10810810810810811 0.6 37 0.7027027027027027 0.10810810810810811 0.7 36 0.6944444444444444 0.1111111111111111 0.9 0 1 1
32 0.1 56 0.5535714285714286 0.0 0.4 42 0.6190476190476191 0.0 0.5 38 0.6842105263157895 0.0 0.6 36 0.6944444444444444 0.0 0.7 34 0.7058823529411765 0.0 0.9 0 1 1
32 0.1 51 0.5686274509803921 0.0392156862745098 0.4 36 0.7222222222222222 0.05555555555555555 0.5 34 0.7058823529411765 0.058823529411764705 0.6 33 0.696969696969697 0.06060606060606061 0.7 31 0.7096774193548387 0.03225806451612903 0.9 0 1 1
32 0.1 53 0.5849056603773585 0.05660377358490566 0.4 38 0.6842105263157895 0.07894736842105263 0.5 32 0.6875 0.03125 0.6 32 0.6875 0.03125 0.7 29 0.6896551724137931 0.034482758620689655 0.9 0 1 1
32 0.1 57 0.5263157894736842 0.03508771929824561 0.4 41 0.6829268292682927 0.04878048780487805 0.5 35 0.7142857142857143 0.05714285714285714 0.6 32 0.75 0.0625 0.7 31 0.7419354838709677 0.06451612903225806 0.9 0 1 1
32 0.1 50 0.56 0.08 0.4 39 0.6153846153846154 0.07692307692307693 0.5 33 0.696969696969697 0.09090909090909091 0.6 29 0.7241379310344828 0.034482758620689655 0.7 27 0.7037037037037037 0.037037037037037035 0.9 0 1 1
32 0.1 46 0.6086956521739131 0.06521739130434782 0.4 35 0.6857142857142857 0.08571428571428572 0.5 33 0.7272727272727273 0.09090909090909091 0.6 30 0.7333333333333333 0.1 0.7 27 0.7407407407407407 0.1111111111111111 0.9 0 1 1
32 0.1 55 0.5454545454545454 0.0 0.4 42 0.6190476190476191 0.0 0.5 40 0.65 0.0 0.6 37 0.6756756756756757 0.0 0.7 31 0.7419354838709677 0.0 0.9 0 1 1
32 0.1 49 0.5714285714285714 0.10204081632653061 0.4 40 0.675 0.125 0.5 39 0.6923076923076923 0.1282051282051282 0.6 35 0.7142857142857143 0.14285714285714285 0.7 33 0.7575757575757576 0.15151515151515152 0.9 0 1 1
32 0.1 49 0.5714285714285714 0.02040816326530612 0.4 40 0.675 0.025 0.5 37 0.6756756756756757 0.02702702702702703 0.6 34 0.7058823529411765 0.029411764705882353 0.7 34 0.7058823529411765 0.029411764705882353 0.9 0 1 1
32 0.1 50 0.6 0.02 0.4 38 0.6578947368421053 0.02631578947368421 0.5 36 0.6388888888888888 0.027777777777777776 0.6 31 0.6774193548387096 0.03225806451612903 0.7 30 0.6666666666666666 0.03333333333333333 0.9 0 1 1
32 0.1 46 0.6086956521739131 0.06521739130434782 0.4 40 0.675 0.075 0.5 38 0.6578947368421053 0.07894736842105263 0.6 35 0.6857142857142857 0.08571428571428572 0.7 32 0.71875 0.09375 0.9 0 1 1
32 0.1 54 0.5740740740740741 0.0 0.4 42 0.6666666666666666 0.0 0.5 41 0.6829268292682927 0.0 0.6 38 0.6842105263157895 0.0 0.7 35 0.7142857142857143 0.0 0.9 0 1 1
32 0.1 51 0.5686274509803921 0.058823529411764705 0.4 42 0.6666666666666666 0.07142857142857142 0.5 39 0.6923076923076923 0.07692307692307693 0.6 35 0.7428571428571429 0.08571428571428572 0.7 31 0.7419354838709677 0.0967741935483871 0.9 0 1 1
32 0.1 44 0.6590909090909091 0.045454545454545456 0.4 35 0.7142857142857143 0.05714285714285714 0.5 33 0.7272727272727273 0.06060606060606061 0.6 33 0.7272727272727273 0.06060606060606061 0.7 31 0.7741935483870968 0.06451612903225806 0.9 0 1 1
32 0.1 53 0.5660377358490566 0.07547169811320754 0.4 40 0.7 0.1 0.5 39 0.717948717948718 0.10256410256410256 0.6 37 0.7027027027027027 0.10810810810810811 0.7 36 0.7222222222222222 0.1111111111111111 0.9 0 1 1
32 0.1 57 0.543859649122807 0.03508771929824561 0.4 39 0.6923076923076923 0.05128205128205128 0.5 36 0.6944444444444444 0.05555555555555555 0.6 35 0.7142857142857143 0.05714285714285714 0.7 34 0.7352941176470589 0.058823529411764705 0.9 0 1 1
32 0.1 55 0.5636363636363636 0.01818181818181818 0.4 42 0.6190476190476191 0.023809523809523808 0.5 36 0.6666666666666666 0.027777777777777776 0.6 34 0.7058823529411765 0.029411764705882353 0.7 32 0.75 0.03125 0.9 0 1 1
32 0.1 55 0.5454545454545454 0.05454545454545454 0.4 38 0.7368421052631579 0.07894736842105263 0.5 35 0.7714285714285715 0.08571428571428572 0.6 34 0.7647058823529411 0.08823529411764706 0.7 31 0.8064516129032258 0.0967741935483871 0.9 0 1 1
32 0.1 47 0.6170212765957447 0.0851063829787234 0.4 37 0.7297297297297297 0.08108108108108109 0.5 34 0.7941176470588235 0.08823529411764706 0.6 30 0.8333333333333334 0.06666666666666667 0.7 28 0.8214285714285714 0.07142857142857142 0.9 0 1 1
32 0.1 56 0.5178571428571429 0.03571428571428571 0.4 41 0.6585365853658537 0.04878048780487805 0.5 36 0.6944444444444444 0.05555555555555555 0.6 34 0.7352941176470589 0.058823529411764705 0.7 28 0.7857142857142857 0.07142857142857142 0.9 0 1 1
32 0.1 61 0.5245901639344263 0.06557377049180328 0.4 38 0.7105263157894737 0.10526315789473684 0.5 37 0.7297297297297297 0.10810810810810811 0.6 35 0.7142857142857143 0.11428571428571428 0.7 33 0.7575757575757576 0.12121212121212122 0.9 0 1 1
32 0.1 53 0.5283018867924528 0.018867924528301886 0.4 38 0.7105263157894737 0.02631578947368421 0.5 35 0.7428571428571429 0.02857142857142857 0.6 32 0.75 0.0 0.7 27 0.8518518518518519 0.0 0.9 0 1 1
32 0.1 59 0.5254237288135594 0.03389830508474576 0.4 45 0.6444444444444445 0.044444444444444446 0.5 42 0.6428571428571429 0.047619047619047616 0.6 35 0.7142857142857143 0.05714285714285714 0.7 33 0.7575757575757576 0.06060606060606061 0.9 0 1 1
32 0.1 57 0.5263157894736842 0.017543859649122806 0.4 41 0.6341463414634146 0.024390243902439025 0.5 38 0.6842105263157895 0.02631578947368421 0.6 32 0.75 0.03125 0.7 30 0.7666666666666667 0.03333333333333333 0.9 1 1.0 0.0
32 0.1 60 0.5166666666666667 0.05 0.4 47 0.6170212765957447 0.06382978723404255 0.5 43 0.6744186046511628 0.06976744186046512 0.6 39 0.6923076923076923 0.07692307692307693 0.7 33 0.7575757575757576 0.09090909090909091 0.9 0 1 1
32 0.1 53 0.5660377358490566 0.09433962264150944 0.4 41 0.6585365853658537 0.12195121951219512 0.5 39 0.6666666666666666 0.1282051282051282 0.6 38 0.6578947368421053 0.13157894736842105 0.7 32 0.71875 0.125 0.9 0 1 1
32 0.1 52 0.5576923076923077 0.07692307692307693 0.4 40 0.675 0.1 0.5 36 0.7222222222222222 0.1111111111111111 0.6 32 0.78125 0.125 0.7 32 0.78125 0.125 0.9 0 1 1
32 0.1 59 0.5254237288135594 0.01694915254237288 0.4 44 0.6590909090909091 0.022727272727272728 0.5 40 0.675 0.025 0.6 36 0.6944444444444444 0.027777777777777776 0.7 33 0.7272727272727273 0.030303030303030304 0.9 0 1 1
32 0.1 59 0.5084745762711864 0.05084745762711865 0.4 40 0.675 0.075 0.5 34 0.7058823529411765 0.08823529411764706 0.6 33 0.7272727272727273 0.09090909090909091 0.7 29 0.7586206896551724 0.10344827586206896 0.9 0 1 1
32 0.1 58 0.5 0.034482758620689655 0.4 36 0.6666666666666666 0.05555555555555555 0.5 34 0.7058823529411765 0.058823529411764705 0.6 31 0.7419354838709677 0.06451612903225806 0.7 28 0.7857142857142857 0.07142857142857142 0.9 0 1 1
32 0.1 60 0.5166666666666667 0.05 0.4 43 0.627906976744186 0.046511627906976744 0.5 37 0.6756756756756757 0.05405405405405406 0.6 34 0.7058823529411765 0.058823529411764705 0.7 28 0.7857142857142857 0.07142857142857142 0.9 0 1 1
32 0.1 63 0.5079365079365079 0.047619047619047616 0.4 45 0.6222222222222222 0.06666666666666667 0.5 42 0.6428571428571429 0.07142857142857142 0.6 37 0.7027027027027027 0.08108108108108109 0.7 33 0.7272727272727273 0.06060606060606061 0.9 0 1 1
32 0.1 62 0.5 0.03225806451612903 0.4 48 0.5833333333333334 0.041666666666666664 0.5 44 0.6363636363636364 0.045454545454545456 0.6 37 0.7297297297297297 0.05405405405405406 0.7 32 0.75 0.0625 0.9 0 1 1
32 0.1 58 0.5344827586206896 0.06896551724137931 0.4 40 0.7 0.1 0.5 37 0.7027027027027027 0.10810810810810811 0.6 34 0.7352941176470589 0.11764705882352941 0.7 31 0.7741935483870968 0.12903225806451613 0.9 0 1 1
32 0.1 54 0.5555555555555556 0.07407407407407407 0.4 39 0.6923076923076923 0.10256410256410256 0.5 35 0.7428571428571429 0.11428571428571428 0.6 34 0.7352941176470589 0.11764705882352941 0.7 32 0.75 0.125 0.9 1 1.0 1.0
32 0.1 61 0.4918032786885246 0.0 0.4 41 0.6341463414634146 0.0 0.5 38 0.6842105263157895 0.0 0.6 35 0.7142857142857143 0.0 0.7 31 0.7741935483870968 0.0 0.9 0 1 1
32 0.1 56 0.5178571428571429 0.08928571428571429 0.4 45 0.6222222222222222 0.1111111111111111 0.5 40 0.7 0.125 0.6 36 0.75 0.1388888888888889 0.7 33 0.7878787878787878 0.15151515151515152 0.9 0 1 1
32 0.1 56 0.5357142857142857 0.125 0.4 45 0.6222222222222222 0.15555555555555556 0.5 42 0.6666666666666666 0.16666666666666666 0.6 37 0.7297297297297297 0.1891891891891892 0.7 32 0.8125 0.21875 0.9 0 1 1
32 0.1 46 0.6086956521739131 0.043478260869565216 0.4 37 0.6756756756756757 0.05405405405405406 0.5 34 0.7352941176470589 0.058823529411764705 0.6 32 0.75 0.0625 0.7 31 0.7419354838709677 0.06451612903225806 0.9 0 1 1
32 0.1 57 0.543859649122807 0.017543859649122806 0.4 42 0.6666666666666666 0.023809523809523808 0.5 40 0.7 0.025 0.6 37 0.7297297297297297 0.02702702702702703 0.7 34 0.7352941176470589 0.0 0.9 0 1 1
32 0.1 52 0.5769230769230769 0.057692307692307696 0.4 38 0.6842105263157895 0.07894736842105263 0.5 36 0.6666666666666666 0.08333333333333333 0.6 33 0.696969696969697 0.09090909090909091 0.7 30 0.7333333333333333 0.1 0.9 1 0.0 0.0
32 0.1 51 0.5686274509803921 0.09803921568627451 0.4 41 0.7073170731707317 0.12195121951219512 0.5 36 0.7222222222222222 0.1111111111111111 0.6 33 0.696969696969697 0.06060606060606061 0.7 31 0.7096774193548387 0.06451612903225806 0.9 0 1 1
32 0.1 60 0.5166666666666667 0.0 0.4 44 0.6590909090909091 0.0 0.5 40 0.65 0.0 0.6 37 0.6486486486486487 0.0 0.7 31 0.7096774193548387 0.0 0.9 0 1 1
32 0.1 60 0.5333333333333333 0.03333333333333333 0.4 43 0.627906976744186 0.046511627906976744 0.5 39 0.6410256410256411 0.05128205128205128 0.6 36 0.6666666666666666 0.027777777777777776 0.7 33 0.7272727272727273 0.030303030303030304 0.9 0 1 1
32 0.1 60 0.5166666666666667 0.0 0.4 42 0.6428571428571429 0.0 0.5 40 0.65 0.0 0.6 38 0.6842105263157895 0.0 0.7 32 0.75 0.0 0.9 1 1.0 0.0
32 0.1 62 0.5161290322580645 0.016129032258064516 0.4 47 0.6170212765957447 0.02127659574468085 0.5 42 0.6904761904761905 0.023809523809523808 0.6 37 0.7567567567567568 0.02702702702702703 0.7 33 0.7575757575757576 0.030303030303030304 0.9 0 1 1
32 0.1 52 0.5961538461538461 0.057692307692307696 0.4 41 0.6829268292682927 0.07317073170731707 0.5 37 0.7027027027027027 0.08108108108108109 0.6 36 0.6944444444444444 0.08333333333333333 0.7 34 0.7058823529411765 0.08823529411764706 0.9 0 1 1
32 0.1 52 0.5769230769230769 0.057692307692307696 0.4 37 0.7027027027027027 0.08108108108108109 0.5 34 0.7647058823529411 0.08823529411764706 0.6 34 0.7647058823529411 0.08823529411764706 0.7 31 0.7741935483870968 0.0967741935483871 0.9 0 1 1
32 0.1 59 0.5254237288135594 0.0 0.4 38 0.7368421052631579 0.0 0.5 35 0.7428571428571429 0.0 0.6 33 0.7878787878787878 0.0 0.7 32 0.78125 0.0 0.9 2 0.5 0.0
32 0.1 55 0.5636363636363636 0.01818181818181818 0.4 43 0.6744186046511628 0.023255813953488372 0.5 41 0.6829268292682927 0.024390243902439025 0.6 38 0.7105263157894737 0.02631578947368421 0.7 34 0.7647058823529411 0.0 0.9 1 0.0 0.0
32 0.1 50 0.62 0.08 0.4 39 0.6923076923076923 0.10256410256410256 0.5 34 0.7647058823529411 0.11764705882352941 0.6 32 0.75 0.125 0.7 30 0.7333333333333333 0.1 0.9 0 1 1
32 0.1 53 0.5660377358490566 0.05660377358490566 0.4 36 0.7222222222222222 0.08333333333333333 0.5 35 0.7142857142857143 0.08571428571428572 0.6 33 0.7272727272727273 0.09090909090909091 0.7 30 0.8 0.1 0.9 0 1 1
32 0.1 52 0.5961538461538461 0.057692307692307696 0.4 38 0.6842105263157895 0.07894736842105263 0.5 37 0.6756756756756757 0.08108108108108109 0.6 34 0.6764705882352942 0.08823529411764706 0.7 33 0.6666666666666666 0.06060606060606061 0.9 1 1.0 0.0
32 0.1 56 0.5535714285714286 0.07142857142857142 0.4 40 0.675 0.1 0.5 37 0.6756756756756757 0.10810810810810811 0.6 35 0.6857142857142857 0.11428571428571428 0.7 33 0.696969696969697 0.12121212121212122 0.9 0 1 1
32 0.1 55 0.5636363636363636 0.07272727272727272 0.4 47 0.6382978723404256 0.0851063829787234 0.5 45 0.6444444444444445 0.08888888888888889 0.6 43 0.6511627906976745 0.09302325581395349 0.7 38 0.7105263157894737 0.10526315789473684 0.9 0 1 1
32 0.1 64 0.5 0.0625 0.4 45 0.6666666666666666 0.08888888888888889 0.5 40 0.7 0.1 0.6 39 0.717948717948718 0.10256410256410256 0.7 36 0.75 0.1111111111111111 0.9 0 1 1
32 0.1 57 0.5614035087719298 0.03508771929824561 0.4 42 0.6904761904761905 0.047619047619047616 0.5 40 0.725 0.05 0.6 37 0.7567567567567568 0.05405405405405406 0.7 33 0.7878787878787878 0.06060606060606061 0.9 0 1 1
32 0.1 54 0.5555555555555556 0.0 0.4 37 0.7027027027027027 0.0 0.5 35 0.7142857142857143 0.0 0.6 32 0.78125 0.0 0.7 27 0.7777777777777778 0.0 0.9 0 1 1
32 0.1 51 0.5882352941176471 0.0392156862745098 0.4 39 0.6923076923076923 0.05128205128205128 0.5 37 0.7297297297297297 0.05405405405405406 0.6 36 0.7222222222222222 0.027777777777777776 0.7 32 0.78125 0.03125 0.9 1 1.0 0.0
32 0.1 52 0.5769230769230769 0.038461538461538464 0.4 36 0.7222222222222222 0.05555555555555555 0.5 36 0.7222222222222222 0.05555555555555555 0.6 32 0.75 0.0625 0.7 29 0.7586206896551724 0.06896551724137931 0.9 2 1.0 0.0
32 0.1 55 0.5454545454545454 0.05454545454545454 0.4 38 0.7105263157894737 0.07894736842105263 0.5 37 0.7297297297297297 0.08108108108108109 0.6 34 0.7352941176470589 0.08823529411764706 0.7 32 0.75 0.09375 0.9 0 1 1
32 0.1 57 0.543859649122807 0.05263157894736842 0.4 42 0.6666666666666666 0.07142857142857142 0.5 37 0.6756756756756757 0.08108108108108109 0.6 36 0.6944444444444444 0.08333333333333333 0.7 31 0.7419354838709677 0.06451612903225806 0.9 0 1 1
32 0.1 52 0.5961538461538461 0.07692307692307693 0.4 44 0.6136363636363636 0.09090909090909091 0.5 40 0.65 0.1 0.6 37 0.7027027027027027 0.10810810810810811 0.7 34 0.7058823529411765 0.08823529411764706 0.9 1 1.0 0.0
32 0.1 53 0.5471698113207547 0.0 0.4 39 0.6666666666666666 0.0 0.5 36 0.6666666666666666 0.0 0.6 36 0.6666666666666666 0.0 0.7 34 0.6764705882352942 0.0 0.9 0 1 1
32 0.1 47 0.6170212765957447 0.0 0.4 39 0.6410256410256411 0.0 0.5 38 0.6578947368421053 0.0 0.6 37 0.6486486486486487 0.0 0.7 35 0.6571428571428571 0.0 0.9 0 1 1
32 0.1 51 0.5686274509803921 0.058823529411764705 0.4 39 0.6666666666666666 0.07692307692307693 0.5 37 0.6486486486486487 0.08108108108108109 0.6 34 0.7058823529411765 0.08823529411764706 0.7 32 0.71875 0.09375 0.9 0 1 1
32 0.1 47 0.5957446808510638 0.0425531914893617 0.4 35 0.7142857142857143 0.05714285714285714 0.5 33 0.7272727272727273 0.06060606060606061 0.6 33 0.7272727272727273 0.06060606060606061 0.7 31 0.7419354838709677 0.06451612903225806 0.9 2 0.0 0.0
32 0.1 54 0.5555555555555556 0.0 0.4 40 0.675 0.0 0.5 37 0.6756756756756757 0.0 0.6 35 0.7142857142857143 0.0 0.7 31 0.7419354838709677 0.0 0.9 1 1.0 0.0
32 0.1 51 0.5686274509803921 0.0196078431372549 0.4 35 0.6857142857142857 0.02857142857142857 0.5 32 0.71875 0.03125 0.6 29 0.7586206896551724 0.034482758620689655 0.7 28 0.75 0.03571428571428571 0.9 0 1 1
32 0.1 48 0.6041666666666666 0.10416666666666667 0.4 39 0.6666666666666666 0.1282051282051282 0.5 37 0.7027027027027027 0.13513513513513514 0.6 36 0.6944444444444444 0.1388888888888889 0.7 34 0.7058823529411765 0.14705882352941177 0.9 0 1 1
32 0.1 48 0.6041666666666666 0.10416666666666667 0.4 38 0.6842105263157895 0.13157894736842105 0.5 37 0.7027027027027027 0.13513513513513514 0.6 34 0.7352941176470589 0.14705882352941177 0.7 29 0.7241379310344828 0.1724137931034483 0.9 0 1 1
32 0.1 50 0.6 0.02 0.4 36 0.6944444444444444 0.027777777777777776 0.5 35 0.6857142857142857 0.02857142857142857 0.6 31 0.7096774193548387 0.03225806451612903 0.7 30 0.7333333333333333 0.03333333333333333 0.9 1 1.0 0.0
32 0.1 54 0.5740740740740741 0.037037037037037035 0.4 38 0.7105263157894737 0.02631578947368421 0.5 37 0.7297297297297297 0.02702702702702703 0.6 34 0.7058823529411765 0.029411764705882353 0.7 34 0.7058823529411765 0.029411764705882353 0.9 0 1 1
32 0.1 51 0.5882352941176471 0.0196078431372549 0.4 39 0.6666666666666666 0.02564102564102564 0.5 36 0.6944444444444444 0.027777777777777776 0.6 34 0.7058823529411765 0.029411764705882353 0.7 30 0.7333333333333333 0.03333333333333333 0.9 0 1 1
32 0.1 52 0.5769230769230769 0.019230769230769232 0.4 39 0.6666666666666666 0.02564102564102564 0.5 36 0.6944444444444444 0.027777777777777776 0.6 34 0.7058823529411765 0.029411764705882353 0.7 32 0.71875 0.03125 0.9 0 1 1
32 0.1 47 0.5957446808510638 0.0851063829787234 0.4 37 0.7027027027027027 0.10810810810810811 0.5 34 0.7352941176470589 0.11764705882352941 0.6 29 0.7241379310344828 0.13793103448275862 0.7 26 0.7307692307692307 0.15384615384615385 0.9 0 1 1
32 0.1 51 0.5882352941176471 0.0784313725490196 0.4 43 0.6744186046511628 0.09302325581395349 0.5 42 0.6666666666666666 0.09523809523809523 0.6 38 0.6842105263157895 0.10526315789473684 0.7 32 0.75 0.125 0.9 1 1.0 0.0
32 0.1 57 0.5614035087719298 0.03508771929824561 0.4 44 0.6590909090909091 0.045454545454545456 0.5 43 0.6511627906976745 0.046511627906976744 0.6 40 0.7 0.05 0.7 36 0.7222222222222222 0.05555555555555555 0.9 1 0.0 0.0
32 0.1 53 0.5471698113207547 0.07547169811320754 0.4 42 0.6904761904761905 0.09523809523809523 0.5 38 0.7368421052631579 0.10526315789473684 0.6 36 0.75 0.1111111111111111 0.7 31 0.7741935483870968 0.0967741935483871 0.9 2 0.0 0.0
32 0.1 53 0.5849056603773585 0.05660377358490566 0.4 39 0.717948717948718 0.07692307692307693 0.5 37 0.7027027027027027 0.08108108108108109 0.6 36 0.6944444444444444 0.08333333333333333 0.7 34 0.7352941176470589 0.08823529411764706 0.9 0 1 1
32 0.1 53 0.5849056603773585 0.018867924528301886 0.4 40 0.725 0.025 0.5 39 0.717948717948718 0.02564102564102564 0.6 37 0.7027027027027027 0.02702702702702703 0.7 37 0.7027027027027027 0.02702702702702703 0.9 0 1 1
32 0.1 51 0.5882352941176471 0.058823529411764705 0.4 38 0.7105263157894737 0.07894736842105263 0.5 38 0.7105263157894737 0.07894736842105263 0.6 38 0.7105263157894737 0.07894736842105263 0.7 37 0.7027027027027027 0.08108108108108109 0.9 1 1.0 1.0
32 0.1 54 0.5740740740740741 0.037037037037037035 0.4 43 0.6976744186046512 0.046511627906976744 0.5 40 0.7 0.05 0.6 38 0.6842105263157895 0.05263157894736842 0.7 34 0.7058823529411765 0.029411764705882353 0.9 1 0.0 0.0
32 0.1 47 0.6382978723404256 0.06382978723404255 0.4 37 0.6756756756756757 0.08108108108108109 0.5 37 0.6756756756756757 0.08108108108108109 0.6 36 0.6666666666666666 0.08333333333333333 0.7 32 0.71875 0.09375 0.9 2 1.0 0.5
32 0.1 48 0.6041666666666666 0.0 0.4 38 0.7105263157894737 0.0 0.5 36 0.7222222222222222 0.0 0.6 36 0.7222222222222222 0.0 0.7 34 0.7352941176470589 0.0 0.9 1 1.0 0.0
32 0.1 52 0.5769230769230769 0.057692307692307696 0.4 42 0.6428571428571429 0.07142857142857142 0.5 41 0.6585365853658537 0.07317073170731707 0.6 40 0.675 0.075 0.7 34 0.7352941176470589 0.08823529411764706 0.9 2 0.5 0.0
32 0.1 45 0.6444444444444445 0.08888888888888889 0.4 39 0.6666666666666666 0.10256410256410256 0.5 38 0.6578947368421053 0.10526315789473684 0.6 38 0.6578947368421053 0.10526315789473684 0.7 36 0.6944444444444444 0.1111111111111111 0.9 6 0.6666666666666666 0.0
32 0.1 52 0.5769230769230769 0.057692307692307696 0.4 46 0.6304347826086957 0.06521739130434782 0.5 41 0.6585365853658537 0.07317073170731707 0.6 41 0.6585365853658537 0.07317073170731707 0.7 39 0.6666666666666666 0.07692307692307693 0.9 2 0.5 0.0
32 0.1 50 0.6 0.08 0.4 43 0.627906976744186 0.09302325581395349 0.5 40 0.675 0.1 0.6 37 0.6756756756756757 0.08108108108108109 0.7 35 0.6857142857142857 0.08571428571428572 0.9 4 0.5 0.0
32 0.1 51 0.6078431372549019 0.058823529411764705 0.4 41 0.6585365853658537 0.07317073170731707 0.5 40 0.675 0.075 0.6 38 0.6842105263157895 0.07894736842105263 0.7 35 0.7142857142857143 0.08571428571428572 0.9 4 0.75 0.25
32 0.1 49 0.5714285714285714 0.061224489795918366 0.4 40 0.65 0.075 0.5 38 0.6842105263157895 0.07894736842105263 0.6 35 0.7142857142857143 0.08571428571428572 0.7 32 0.75 0.09375 0.9 2 1.0 0.0
32 0.1 52 0.5769230769230769 0.057692307692307696 0.4 43 0.6744186046511628 0.06976744186046512 0.5 41 0.6585365853658537 0.04878048780487805 0.6 39 0.6666666666666666 0.05128205128205128 0.7 37 0.6756756756756757 0.05405405405405406 0.9 2 0.5 0.0
32 0.1 51 0.5686274509803921 0.0784313725490196 0.4 39 0.6923076923076923 0.10256410256410256 0.5 38 0.6842105263157895 0.10526315789473684 0.6 35 0.7142857142857143 0.11428571428571428 0.7 34 0.7352941176470589 0.11764705882352941 0.9 1 1.0 0.0
32 0.1 46 0.6304347826086957 0.043478260869565216 0.4 38 0.7105263157894737 0.05263157894736842 0.5 38 0.7105263157894737 0.05263157894736842 0.6 36 0.6944444444444444 0.05555555555555555 0.7 32 0.75 0.0625 0.9 2 0.5 0.0
32 0.1 50 0.58 0.06 0.4 43 0.6744186046511628 0.06976744186046512 0.5 39 0.6923076923076923 0.07692307692307693 0.6 36 0.6944444444444444 0.08333333333333333 0.7 31 0.7419354838709677 0.0967741935483871 0.9 3 1.0 0.3333333333333333
32 0.1 57 0.543859649122807 0.05263157894736842 0.4 43 0.6976744186046512 0.06976744186046512 0.5 40 0.7 0.075 0.6 38 0.7105263157894737 0.05263157894736842 0.7 37 0.7027027027027027 0.05405405405405406 0.9 2 1.0 0.0
32 0.1 54 0.5925925925925926 0.09259259259259259 0.4 39 0.717948717948718 0.1282051282051282 0.5 39 0.717948717948718 0.1282051282051282 0.6 36 0.7222222222222222 0.1388888888888889 0.7 36 0.7222222222222222 0.1388888888888889 0.9 1 1.0 0.0
32 0.1 55 0.5636363636363636 0.10909090909090909 0.4 42 0.6666666666666666 0.14285714285714285 0.5 40 0.675 0.15 0.6 38 0.6842105263157895 0.15789473684210525 0.7 34 0.7352941176470589 0.17647058823529413 0.9 1 1.0 0.0
32 0.1 51 0.6078431372549019 0.0392156862745098 0.4 40 0.675 0.05 0.5 39 0.6666666666666666 0.05128205128205128 0.6 35 0.7142857142857143 0.05714285714285714 0.7 32 0.75 0.0625 0.9 3 1.0 0.0
32 0.1 56 0.5535714285714286 0.03571428571428571 0.4 42 0.6666666666666666 0.047619047619047616 0.5 39 0.6923076923076923 0.05128205128205128 0.6 37 0.7297297297297297 0.05405405405405406 0.7 33 0.7575757575757576 0.06060606060606061 0.9 3 1.0 0.0
32 0.1 50 0.58 0.06 0.4 38 0.6842105263157895 0.07894736842105263 0.5 37 0.7027027027027027 0.08108108108108109 0.6 33 0.7272727272727273 0.09090909090909091 0.7 30 0.7666666666666667 0.1 0.9 4 1.0 0.25
32 0.1 52 0.5769230769230769 0.0 0.4 42 0.6904761904761905 0.0 0.5 38 0.7368421052631579 0.0 0.6 35 0.7428571428571429 0.0 0.7 31 0.7419354838709677 0.0 0.9 3 1.0 0.0
32 0.1 50 0.6 0.04 0.4 41 0.7073170731707317 0.04878048780487805 0.5 38 0.7105263157894737 0.05263157894736842 0.6 35 0.7428571428571429 0.05714285714285714 0.7 33 0.7272727272727273 0.030303030303030304 0.9 3 1.0 0.3333333333333333
32 0.1 52 0.5384615384615384 0.038461538461538464 0.4 39 0.6923076923076923 0.05128205128205128 0.5 34 0.7352941176470589 0.029411764705882353 0.6 33 0.7575757575757576 0.030303030303030304 0.7 31 0.7741935483870968 0.03225806451612903 0.9 4 0.75 0.0
32 0.1 54 0.5555555555555556 0.09259259259259259 0.4 42 0.6904761904761905 0.11904761904761904 0.5 39 0.6923076923076923 0.1282051282051282 0.6 38 0.7105263157894737 0.13157894736842105 0.7 35 0.7142857142857143 0.14285714285714285 0.9 1 0.0 0.0
32 0.1 57 0.543859649122807 0.08771929824561403 0.4 45 0.6888888888888889 0.1111111111111111 0.5 43 0.6744186046511628 0.11627906976744186 0.6 39 0.6923076923076923 0.1282051282051282 0.7 37 0.7027027027027027 0.13513513513513514 0.9 2 0.5 0.0
32 0.1 52 0.5961538461538461 0.1346153846153846 0.4 39 0.6666666666666666 0.1794871794871795 0.5 38 0.6842105263157895 0.18421052631578946 0.6 37 0.7027027027027027 0.1891891891891892 0.7 35 0.7142857142857143 0.17142857142857143 0.9 5 0.8 0.0
32 0.1 49 0.5714285714285714 0.14285714285714285 0.4 38 0.6842105263157895 0.18421052631578946 0.5 35 0.6857142857142857 0.17142857142857143 0.6 35 0.6857142857142857 0.17142857142857143 0.7 33 0.696969696969697 0.15151515151515152 0.9 3 0.6666666666666666 0.3333333333333333
32 0.1 50 0.6 0.1 0.4 38 0.6842105263157895 0.13157894736842105 0.5 36 0.6944444444444444 0.1388888888888889 0.6 34 0.6764705882352942 0.11764705882352941 0.7 34 0.6764705882352942 0.11764705882352941 0.9 4 0.75 0.25
32 0.1 53 0.5660377358490566 0.07547169811320754 0.4 40 0.675 0.1 0.5 37 0.6756756756756757 0.10810810810810811 0.6 34 0.6764705882352942 0.11764705882352941 0.7 34 0.6764705882352942 0.11764705882352941 0.9 3 1.0 0.3333333333333333
32 0.1 58 0.5344827586206896 0.05172413793103448 0.4 44 0.6363636363636364 0.06818181818181818 0.5 43 0.6511627906976745 0.06976744186046512 0.6 41 0.6585365853658537 0.07317073170731707 0.7 39 0.6666666666666666 0.07692307692307693 0.9 5 1.0 0.2
32 0.1 54 0.5740740740740741 0.05555555555555555 0.4 44 0.6363636363636364 0.06818181818181818 0.5 41 0.6829268292682927 0.07317073170731707 0.6 39 0.717948717948718 0.07692307692307693 0.7 34 0.7352941176470589 0.08823529411764706 0.9 4 1.0 0.25
32 0.1 55 0.5636363636363636 0.03636363636363636 0.4 40 0.7 0.05 0.5 40 0.7 0.05 0.6 36 0.75 0.05555555555555555 0.7 35 0.7428571428571429 0.05714285714285714 0.9 2 1.0 0.0
32 0.1 55 0.5454545454545454 0.09090909090909091 0.4 44 0.6590909090909091 0.11363636363636363 0.5 42 0.6666666666666666 0.11904761904761904 0.6 38 0.7368421052631579 0.13157894736842105 0.7 35 0.7428571428571429 0.11428571428571428 0.9 5 0.8 0.0
32 0.1 53 0.5849056603773585 0.11320754716981132 0.4 46 0.6304347826086957 0.13043478260869565 0.5 42 0.6666666666666666 0.14285714285714285 0.6 40 0.675 0.15 0.7 36 0.6944444444444444 0.16666666666666666 0.9 8 0.75 0.375
32 0.1 55 0.5454545454545454 0.03636363636363636 0.4 42 0.6666666666666666 0.047619047619047616 0.5 39 0.6666666666666666 0.05128205128205128 0.6 37 0.6756756756756757 0.05405405405405406 0.7 37 0.6756756756756757 0.05405405405405406 0.9 5 0.8 0.0
32 0.1 57 0.543859649122807 0.03508771929824561 0.4 45 0.6444444444444445 0.044444444444444446 0.5 44 0.6590909090909091 0.045454545454545456 0.6 42 0.6428571428571429 0.047619047619047616 0.7 39 0.6666666666666666 0.05128205128205128 0.9 4 0.75 0.25
32 0.1 51 0.5686274509803921 0.0784313725490196 0.4 44 0.6363636363636364 0.09090909090909091 0.5 40 0.7 0.1 0.6 38 0.7105263157894737 0.10526315789473684 0.7 36 0.75 0.1111111111111111 0.9 3 1.0 0.0
32 0.1 56 0.5535714285714286 0.07142857142857142 0.4 43 0.6976744186046512 0.09302325581395349 0.5 41 0.6829268292682927 0.0975609756097561 0.6 39 0.6923076923076923 0.10256410256410256 0.7 36 0.7222222222222222 0.1111111111111111 0.9 2 1.0 0.0
32 0.1 56 0.5535714285714286 0.05357142857142857 0.4 43 0.6976744186046512 0.06976744186046512 0.5 42 0.7142857142857143 0.07142857142857142 0.6 41 0.7073170731707317 0.07317073170731707 0.7 39 0.6923076923076923 0.07692307692307693 0.9 3 0.6666666666666666 0.0
32 0.1 55 0.5636363636363636 0.03636363636363636 0.4 42 0.6190476190476191 0.047619047619047616 0.5 39 0.6666666666666666 0.05128205128205128 0.6 37 0.6756756756756757 0.05405405405405406 0.7 36 0.6944444444444444 0.05555555555555555 0.9 6 0.6666666666666666 0.16666666666666666
32 0.1 50 0.58 0.02 0.4 41 0.6341463414634146 0.024390243902439025 0.5 39 0.6666666666666666 0.02564102564102564 0.6 36 0.6944444444444444 0.027777777777777776 0.7 35 0.7142857142857143 0.02857142857142857 0.9 3 0.6666666666666666 0.0
32 0.1 58 0.5344827586206896 0.017241379310344827 0.4 44 0.6818181818181818 0.022727272727272728 0.5 41 0.7073170731707317 0.024390243902439025 0.6 40 0.725 0.025 0.7 37 0.7297297297297297 0.02702702702702703 0.9 5 0.8 0.0
32 0.1 57 0.5614035087719298 0.10526315789473684 0.4 43 0.6744186046511628 0.11627906976744186 0.5 42 0.6904761904761905 0.11904761904761904 0.6 39 0.6666666666666666 0.1282051282051282 0.7 36 0.7222222222222222 0.1388888888888889 0.9 1 0.0 0.0
32 0.1 54 0.5925925925925926 0.037037037037037035 0.4 43 0.7209302325581395 0.046511627906976744 0.5 42 0.7142857142857143 0.047619047619047616 0.6 39 0.717948717948718 0.05128205128205128 0.7 37 0.7027027027027027 0.05405405405405406 0.9 1 1.0 0.0
32 0.1 59 0.5423728813559322 0.06779661016949153 0.4 42 0.7142857142857143 0.09523809523809523 0.5 40 0.75 0.1 0.6 38 0.7368421052631579 0.10526315789473684 0.7 37 0.7297297297297297 0.10810810810810811 0.9 6 0.8333333333333334 0.16666666666666666
32 0.1 55 0.5818181818181818 0.07272727272727272 0.4 46 0.6739130434782609 0.08695652173913043 0.5 42 0.7142857142857143 0.09523809523809523 0.6 39 0.717948717948718 0.10256410256410256 0.7 38 0.7105263157894737 0.10526315789473684 0.9 11 0.7272727272727273 0.18181818181818182
32 0.1 56 0.5714285714285714 0.05357142857142857 0.4 47 0.6595744680851063 0.06382978723404255 0.5 44 0.6818181818181818 0.06818181818181818 0.6 40 0.725 0.075 0.7 38 0.7105263157894737 0.07894736842105263 0.9 1 1.0 0.0
32 0.1 52 0.6153846153846154 0.07692307692307693 0.4 44 0.6590909090909091 0.09090909090909091 0.5 43 0.6744186046511628 0.09302325581395349 0.6 39 0.6666666666666666 0.10256410256410256 0.7 32 0.71875 0.09375 0.9 1 1.0 0.0
32 0.1 54 0.5925925925925926 0.07407407407407407 0.4 46 0.6521739130434783 0.08695652173913043 0.5 44 0.6818181818181818 0.09090909090909091 0.6 41 0.7073170731707317 0.0975609756097561 0.7 37 0.7297297297297297 0.10810810810810811 0.9 2 0.0 0.0
32 0.1 58 0.5517241379310345 0.05172413793103448 0.4 47 0.6595744680851063 0.06382978723404255 0.5 42 0.7142857142857143 0.07142857142857142 0.6 41 0.7073170731707317 0.07317073170731707 0.7 38 0.7105263157894737 0.07894736842105263 0.9 1 1.0 0.0
32 0.1 60 0.5333333333333333 0.05 0.4 48 0.6666666666666666 0.0625 0.5 45 0.6666666666666666 0.044444444444444446 0.6 43 0.6976744186046512 0.046511627906976744 0.7 34 0.7352941176470589 0.058823529411764705 0.9 2 0.5 0.0
32 0.1 55 0.5818181818181818 0.05454545454545454 0.4 46 0.6521739130434783 0.06521739130434782 0.5 45 0.6666666666666666 0.06666666666666667 0.6 42 0.6904761904761905 0.07142857142857142 0.7 38 0.7105263157894737 0.07894736842105263 0.9 3 0.3333333333333333 0.0
32 0.1 60 0.5333333333333333 0.03333333333333333 0.4 47 0.6595744680851063 0.0425531914893617 0.5 44 0.6590909090909091 0.045454545454545456 0.6 40 0.7 0.05 0.7 38 0.7105263157894737 0.05263157894736842 0.9 8 0.625 0.125
