23 0.1 1 0.0 0.0 0.4 0 1 1 0.5 0 1 1 0.6 0 1 1 0.7 0 1 1 0.9 0 1 1
23 0.1 19 0.05263157894736842 0.0 0.4 0 1 1 0.5 0 1 1 0.6 0 1 1 0.7 0 1 1 0.9 0 1 1
23 0.1 92 0.08695652173913043 0.0 0.4 4 0.25 0.0 0.5 1 0.0 0.0 0.6 0 1 1 0.7 0 1 1 0.9 0 1 1
23 0.1 157 0.06369426751592357 0.0 0.4 25 0.16 0.0 0.5 12 0.16666666666666666 0.0 0.6 4 0.0 0.0 0.7 0 1 1 0.9 0 1 1
23 0.1 345 0.06086956521739131 0.0 0.4 94 0.1702127659574468 0.0 0.5 57 0.24561403508771928 0.0 0.6 24 0.375 0.0 0.7 10 0.4 0.0 0.9 0 1 1
23 0.1 164 0.12195121951219512 0.0 0.4 20 0.35 0.0 0.5 4 0.25 0.0 0.6 0 1 1 0.7 0 1 1 0.9 0 1 1
23 0.1 198 0.10606060606060606 0.0 0.4 32 0.375 0.0 0.5 6 0.8333333333333334 0.0 0.6 1 1.0 0.0 0.7 0 1 1 0.9 0 1 1
23 0.1 147 0.14965986394557823 0.0 0.4 6 0.6666666666666666 0.0 0.5 0 1 1 0.6 0 1 1 0.7 0 1 1 0.9 0 1 1
23 0.1 153 0.13725490196078433 0.0 0.4 18 0.5 0.0 0.5 9 0.7777777777777778 0.0 0.6 2 0.5 0.0 0.7 1 1.0 0.0 0.9 0 1 1
23 0.1 114 0.15789473684210525 0.0 0.4 14 0.7142857142857143 0.0 0.5 4 1.0 0.0 0.6 1 1.0 0.0 0.7 0 1 1 0.9 0 1 1
23 0.1 108 0.18518518518518517 0.0 0.4 28 0.42857142857142855 0.0 0.5 12 0.5833333333333334 0.0 0.6 2 0.5 0.0 0.7 1 1.0 0.0 0.9 0 1 1
23 0.1 61 0.26229508196721313 0.0 0.4 17 0.5882352941176471 0.0 0.5 11 0.5454545454545454 0.0 0.6 6 0.8333333333333334 0.0 0.7 2 1.0 0.0 0.9 0 1 1
23 0.1 17 0.5294117647058824 0.0 0.4 1 1.0 0.0 0.5 0 1 1 0.6 0 1 1 0.7 0 1 1 0.9 0 1 1
23 0.1 27 0.48148148148148145 0.0 0.4 5 0.8 0.0 0.5 3 0.6666666666666666 0.0 0.6 0 1 1 0.7 0 1 1 0.9 0 1 1
23 0.1 83 0.26506024096385544 0.0 0.4 44 0.4318181818181818 0.0 0.5 33 0.48484848484848486 0.0 0.6 26 0.5769230769230769 0.0 0.7 17 0.6470588235294118 0.0 0.9 0 1 1
23 0.1 74 0.3108108108108108 0.0 0.4 33 0.5454545454545454 0.0 0.5 25 0.64 0.0 0.6 15 0.7333333333333333 0.0 0.7 9 0.8888888888888888 0.0 0.9 0 1 1
23 0.1 58 0.29310344827586204 0.017241379310344827 0.4 19 0.5263157894736842 0.05263157894736842 0.5 14 0.5714285714285714 0.0 0.6 7 0.8571428571428571 0.0 0.7 6 0.8333333333333334 0.0 0.9 0 1 1
23 0.1 61 0.29508196721311475 0.0 0.4 31 0.41935483870967744 0.0 0.5 28 0.4642857142857143 0.0 0.6 16 0.6875 0.0 0.7 9 0.7777777777777778 0.0 0.9 0 1 1
23 0.1 16 0.3125 0.0 0.4 0 1 1 0.5 0 1 1 0.6 0 1 1 0.7 0 1 1 0.9 0 1 1
23 0.1 63 0.31746031746031744 0.0 0.4 27 0.5555555555555556 0.0 0.5 16 0.8125 0.0 0.6 8 1.0 0.0 0.7 3 1.0 0.0 0.9 0 1 1
23 0.1 39 0.3333333333333333 0.0 0.4 10 0.5 0.0 0.5 5 0.6 0.0 0.6 2 1.0 0.0 0.7 0 1 1 0.9 0 1 1
23 0.1 30 0.4 0.0 0.4 10 0.7 0.0 0.5 7 0.8571428571428571 0.0 0.6 5 0.8 0.0 0.7 1 1.0 0.0 0.9 0 1 1
23 0.1 47 0.44680851063829785 0.0 0.4 25 0.64 0.0 0.5 23 0.6956521739130435 0.0 0.6 17 0.7647058823529411 0.0 0.7 11 0.9090909090909091 0.0 0.9 0 1 1
23 0.1 9 0.3333333333333333 0.0 0.4 0 1 1 0.5 0 1 1 0.6 0 1 1 0.7 0 1 1 0.9 0 1 1
23 0.1 56 0.35714285714285715 0.0 0.4 26 0.5769230769230769 0.0 0.5 18 0.5555555555555556 0.0 0.6 11 0.6363636363636364 0.0 0.7 8 0.75 0.0 0.9 0 1 1
23 0.1 39 0.4358974358974359 0.0 0.4 19 0.631578947368421 0.0 0.5 17 0.5882352941176471 0.0 0.6 12 0.5833333333333334 0.0 0.7 6 0.6666666666666666 0.0 0.9 0 1 1
23 0.1 35 0.5142857142857142 0.02857142857142857 0.4 15 0.7333333333333333 0.06666666666666667 0.5 11 0.9090909090909091 0.09090909090909091 0.6 5 1.0 0.0 0.7 3 1.0 0.0 0.9 0 1 1
23 0.1 0 1 1 0.4 0 1 1 0.5 0 1 1 0.6 0 1 1 0.7 0 1 1 0.9 0 1 1
23 0.1 0 1 1 0.4 0 1 1 0.5 0 1 1 0.6 0 1 1 0.7 0 1 1 0.9 0 1 1
23 0.1 2 0.0 0.0 0.4 0 1 1 0.5 0 1 1 0.6 0 1 1 0.7 0 1 1 0.9 0 1 1
23 0.1 15 0.13333333333333333 0.0 0.4 0 1 1 0.5 0 1 1 0.6 0 1 1 0.7 0 1 1 0.9 0 1 1
23 0.1 32 0.1875 0.0 0.4 4 0.75 0.0 0.5 1 0.0 0.0 0.6 0 1 1 0.7 0 1 1 0.9 0 1 1
23 0.1 0 1 1 0.4 0 1 1 0.5 0 1 1 0.6 0 1 1 0.7 0 1 1 0.9 0 1 1
23 0.1 0 1 1 0.4 0 1 1 0.5 0 1 1 0.6 0 1 1 0.7 0 1 1 0.9 0 1 1
23 0.1 17 0.6470588235294118 0.0 0.4 6 0.8333333333333334 0.0 0.5 4 1.0 0.0 0.6 1 1.0 0.0 0.7 0 1 1 0.9 0 1 1
23 0.1 2 0.0 0.0 0.4 0 1 1 0.5 0 1 1 0.6 0 1 1 0.7 0 1 1 0.9 0 1 1
23 0.1 44 0.3409090909090909 0.0 0.4 12 0.6666666666666666 0.0 0.5 7 0.5714285714285714 0.0 0.6 5 0.8 0.0 0.7 2 1.0 0.0 0.9 0 1 1
23 0.1 34 0.5 0.0 0.4 14 0.8571428571428571 0.0 0.5 8 0.875 0.0 0.6 5 1.0 0.0 0.7 2 1.0 0.0 0.9 0 1 1
23 0.1 32 0.53125 0.0 0.4 3 1.0 0.0 0.5 1 1.0 0.0 0.6 0 1 1 0.7 0 1 1 0.9 0 1 1
23 0.1 34 0.23529411764705882 0.0 0.4 3 0.6666666666666666 0.0 0.5 2 1.0 0.0 0.6 0 1 1 0.7 0 1 1 0.9 0 1 1
23 0.1 42 0.4523809523809524 0.0 0.4 15 0.8666666666666667 0.0 0.5 13 1.0 0.0 0.6 7 1.0 0.0 0.7 2 1.0 0.0 0.9 0 1 1
23 0.1 41 0.43902439024390244 0.0 0.4 14 0.7142857142857143 0.0 0.5 12 0.8333333333333334 0.0 0.6 8 1.0 0.0 0.7 1 1.0 0.0 0.9 0 1 1
23 0.1 28 0.17857142857142858 0.0 0.4 3 0.6666666666666666 0.0 0.5 2 1.0 0.0 0.6 0 1 1 0.7 0 1 1 0.9 0 1 1
23 0.1 36 0.5 0.0 0.4 12 0.9166666666666666 0.0 0.5 9 1.0 0.0 0.6 4 1.0 0.0 0.7 0 1 1 0.9 0 1 1
23 0.1 33 0.5454545454545454 0.0 0.4 13 0.7692307692307693 0.0 0.5 10 0.9 0.0 0.6 9 0.8888888888888888 0.0 0.7 2 1.0 0.0 0.9 0 1 1
23 0.1 38 0.5789473684210527 0.0 0.4 18 0.9444444444444444 0.0 0.5 17 0.9411764705882353 0.0 0.6 12 1.0 0.0 0.7 6 1.0 0.0 0.9 0 1 1
23 0.1 68 0.2647058823529412 0.0 0.4 16 0.6875 0.0 0.5 7 0.8571428571428571 0.0 0.6 3 1.0 0.0 0.7 1 1.0 0.0 0.9 0 1 1
23 0.1 0 1 1 0.4 0 1 1 0.5 0 1 1 0.6 0 1 1 0.7 0 1 1 0.9 0 1 1
23 0.1 33 0.5151515151515151 0.0 0.4 14 0.8571428571428571 0.0 0.5 12 0.9166666666666666 0.0 0.6 8 1.0 0.0 0.7 2 1.0 0.0 0.9 0 1 1
23 0.1 35 0.5714285714285714 0.0 0.4 20 0.85 0.0 0.5 18 0.8888888888888888 0.0 0.6 12 0.9166666666666666 0.0 0.7 9 0.8888888888888888 0.0 0.9 0 1 1
23 0.1 23 0.6521739130434783 0.0 0.4 11 0.9090909090909091 0.0 0.5 5 1.0 0.0 0.6 4 1.0 0.0 0.7 2 1.0 0.0 0.9 0 1 1
23 0.1 31 0.6451612903225806 0.03225806451612903 0.4 20 0.85 0.05 0.5 18 0.8888888888888888 0.05555555555555555 0.6 14 0.9285714285714286 0.07142857142857142 0.7 7 1.0 0.0 0.9 0 1 1
23 0.1 30 0.6333333333333333 0.0 0.4 13 0.8461538461538461 0.0 0.5 9 1.0 0.0 0.6 7 1.0 0.0 0.7 4 1.0 0.0 0.9 0 1 1
23 0.1 33 0.6060606060606061 0.0 0.4 15 0.8666666666666667 0.0 0.5 14 0.9285714285714286 0.0 0.6 8 1.0 0.0 0.7 3 1.0 0.0 0.9 0 1 1
23 0.1 36 0.5833333333333334 0.0 0.4 25 0.72 0.0 0.5 23 0.782608695652174 0.0 0.6 17 0.9411764705882353 0.0 0.7 11 0.9090909090909091 0.0 0.9 0 1 1
23 0.1 32 0.65625 0.0 0.4 21 0.8571428571428571 0.0 0.5 20 0.9 0.0 0.6 19 0.8947368421052632 0.0 0.7 10 0.9 0.0 0.9 0 1 1
23 0.1 46 0.5 0.0 0.4 21 0.8571428571428571 0.0 0.5 17 0.8823529411764706 0.0 0.6 11 1.0 0.0 0.7 5 1.0 0.0 0.9 0 1 1
23 0.1 41 0.5121951219512195 0.04878048780487805 0.4 23 0.7391304347826086 0.043478260869565216 0.5 20 0.85 0.05 0.6 17 0.9411764705882353 0.058823529411764705 0.7 12 1.0 0.08333333333333333 0.9 0 1 1
23 0.1 48 0.4583333333333333 0.0 0.4 28 0.75 0.0 0.5 24 0.8333333333333334 0.0 0.6 18 0.8888888888888888 0.0 0.7 15 0.9333333333333333 0.0 0.9 0 1 1
23 0.1 35 0.6 0.0 0.4 21 0.7619047619047619 0.0 0.5 18 0.8888888888888888 0.0 0.6 13 1.0 0.0 0.7 8 1.0 0.0 0.9 0 1 1
23 0.1 40 0.55 0.0 0.4 23 0.8695652173913043 0.0 0.5 22 0.9090909090909091 0.0 0.6 18 0.9444444444444444 0.0 0.7 10 1.0 0.0 0.9 0 1 1
23 0.1 48 0.4583333333333333 0.0 0.4 19 0.7894736842105263 0.0 0.5 17 0.8823529411764706 0.0 0.6 9 1.0 0.0 0.7 4 1.0 0.0 0.9 0 1 1
23 0.1 43 0.5116279069767442 0.0 0.4 26 0.7692307692307693 0.0 0.5 21 0.8095238095238095 0.0 0.6 17 0.8823529411764706 0.0 0.7 14 0.9285714285714286 0.0 0.9 0 1 1
23 0.1 32 0.5625 0.0 0.4 11 1.0 0.0 0.5 7 1.0 0.0 0.6 5 1.0 0.0 0.7 1 1.0 0.0 0.9 0 1 1
23 0.1 34 0.5588235294117647 0.0 0.4 19 0.8947368421052632 0.0 0.5 17 0.9411764705882353 0.0 0.6 12 1.0 0.0 0.7 7 1.0 0.0 0.9 0 1 1
23 0.1 34 0.6176470588235294 0.0 0.4 22 0.7727272727272727 0.0 0.5 16 0.875 0.0 0.6 12 0.9166666666666666 0.0 0.7 6 1.0 0.0 0.9 0 1 1
23 0.1 35 0.6285714285714286 0.02857142857142857 0.4 23 0.8695652173913043 0.043478260869565216 0.5 21 0.9047619047619048 0.047619047619047616 0.6 19 0.8947368421052632 0.05263157894736842 0.7 9 1.0 0.0 0.9 0 1 1
23 0.1 57 0.38596491228070173 0.0 0.4 29 0.7241379310344828 0.0 0.5 22 0.8636363636363636 0.0 0.6 17 0.9411764705882353 0.0 0.7 9 1.0 0.0 0.9 0 1 1
23 0.1 45 0.5111111111111111 0.0 0.4 23 0.8260869565217391 0.0 0.5 23 0.8260869565217391 0.0 0.6 19 0.8947368421052632 0.0 0.7 11 1.0 0.0 0.9 0 1 1
23 0.1 36 0.6111111111111112 0.0 0.4 28 0.75 0.0 0.5 23 0.8695652173913043 0.0 0.6 21 0.9047619047619048 0.0 0.7 19 0.8947368421052632 0.0 0.9 1 1.0 0.0
23 0.1 39 0.5641025641025641 0.0 0.4 25 0.84 0.0 0.5 24 0.875 0.0 0.6 22 0.9090909090909091 0.0 0.7 20 0.9 0.0 0.9 1 1.0 0.0
23 0.1 37 0.6216216216216216 0.0 0.4 21 0.9047619047619048 0.0 0.5 19 0.8947368421052632 0.0 0.6 14 1.0 0.0 0.7 8 1.0 0.0 0.9 0 1 1
23 0.1 40 0.525 0.0 0.4 18 0.8888888888888888 0.0 0.5 14 1.0 0.0 0.6 9 1.0 0.0 0.7 3 1.0 0.0 0.9 0 1 1
23 0.1 83 0.27710843373493976 0.0 0.4 26 0.6153846153846154 0.0 0.5 17 0.9411764705882353 0.0 0.6 13 0.9230769230769231 0.0 0.7 8 1.0 0.0 0.9 0 1 1
23 0.1 34 0.5882352941176471 0.029411764705882353 0.4 19 0.8947368421052632 0.0 0.5 15 0.9333333333333333 0.0 0.6 12 1.0 0.0 0.7 9 1.0 0.0 0.9 0 1 1
23 0.1 40 0.55 0.0 0.4 24 0.8333333333333334 0.0 0.5 20 0.95 0.0 0.6 19 0.9473684210526315 0.0 0.7 12 1.0 0.0 0.9 0 1 1
23 0.1 42 0.5 0.023809523809523808 0.4 24 0.8333333333333334 0.041666666666666664 0.5 21 0.9047619047619048 0.047619047619047616 0.6 19 0.9473684210526315 0.05263157894736842 0.7 11 1.0 0.0 0.9 0 1 1
23 0.1 39 0.5641025641025641 0.0 0.4 27 0.7777777777777778 0.0 0.5 24 0.875 0.0 0.6 23 0.8695652173913043 0.0 0.7 18 0.9444444444444444 0.0 0.9 1 1.0 0.0
23 0.1 34 0.5882352941176471 0.0 0.4 25 0.76 0.0 0.5 22 0.7727272727272727 0.0 0.6 20 0.85 0.0 0.7 16 0.9375 0.0 0.9 0 1 1
23 0.1 86 0.2558139534883721 0.011627906976744186 0.4 18 0.8333333333333334 0.05555555555555555 0.5 16 0.8125 0.0 0.6 10 0.8 0.0 0.7 4 1.0 0.0 0.9 0 1 1
23 0.1 38 0.5789473684210527 0.02631578947368421 0.4 26 0.7692307692307693 0.038461538461538464 0.5 25 0.76 0.04 0.6 21 0.8571428571428571 0.047619047619047616 0.7 19 0.9473684210526315 0.05263157894736842 0.9 0 1 1
23 0.1 30 0.6666666666666666 0.0 0.4 23 0.8260869565217391 0.0 0.5 19 0.9473684210526315 0.0 0.6 17 0.9411764705882353 0.0 0.7 13 1.0 0.0 0.9 0 1 1
23 0.1 33 0.6363636363636364 0.0 0.4 22 0.8636363636363636 0.0 0.5 20 0.9 0.0 0.6 18 0.8888888888888888 0.0 0.7 16 0.875 0.0 0.9 1 1.0 0.0
23 0.1 42 0.5476190476190477 0.0 0.4 24 0.875 0.0 0.5 21 0.8571428571428571 0.0 0.6 21 0.8571428571428571 0.0 0.7 19 0.8947368421052632 0.0 0.9 0 1 1
23 0.1 42 0.5476190476190477 0.0 0.4 23 0.8260869565217391 0.0 0.5 20 0.9 0.0 0.6 18 0.8888888888888888 0.0 0.7 15 0.9333333333333333 0.0 0.9 0 1 1
23 0.1 43 0.5348837209302325 0.0 0.4 24 0.8333333333333334 0.0 0.5 22 0.8636363636363636 0.0 0.6 20 0.85 0.0 0.7 17 0.8823529411764706 0.0 0.9 0 1 1
23 0.1 36 0.5833333333333334 0.0 0.4 23 0.8260869565217391 0.0 0.5 22 0.8636363636363636 0.0 0.6 20 0.9 0.0 0.7 17 0.9411764705882353 0.0 0.9 0 1 1
23 0.1 35 0.6 0.08571428571428572 0.4 25 0.76 0.12 0.5 22 0.8181818181818182 0.13636363636363635 0.6 20 0.85 0.15 0.7 18 0.9444444444444444 0.16666666666666666 0.9 0 1 1
23 0.1 38 0.5526315789473685 0.02631578947368421 0.4 26 0.8076923076923077 0.038461538461538464 0.5 25 0.8 0.04 0.6 21 0.7619047619047619 0.047619047619047616 0.7 18 0.8888888888888888 0.05555555555555555 0.9 0 1 1
23 0.1 34 0.6176470588235294 0.0 0.4 22 0.8636363636363636 0.0 0.5 21 0.8571428571428571 0.0 0.6 20 0.9 0.0 0.7 16 0.9375 0.0 0.9 0 1 1
23 0.1 32 0.65625 0.0 0.4 20 0.9 0.0 0.5 20 0.9 0.0 0.6 20 0.9 0.0 0.7 16 0.9375 0.0 0.9 0 1 1
23 0.1 38 0.5789473684210527 0.0 0.4 27 0.7777777777777778 0.0 0.5 22 0.8181818181818182 0.0 0.6 20 0.9 0.0 0.7 20 0.9 0.0 0.9 0 1 1
23 0.1 39 0.5897435897435898 0.0 0.4 23 0.8260869565217391 0.0 0.5 22 0.8636363636363636 0.0 0.6 21 0.8571428571428571 0.0 0.7 15 0.9333333333333333 0.0 0.9 0 1 1
23 0.1 37 0.5675675675675675 0.0 0.4 25 0.76 0.0 0.5 21 0.8571428571428571 0.0 0.6 20 0.85 0.0 0.7 18 0.9444444444444444 0.0 0.9 0 1 1
23 0.1 36 0.5555555555555556 0.0 0.4 22 0.8636363636363636 0.0 0.5 21 0.8571428571428571 0.0 0.6 20 0.9 0.0 0.7 18 0.8888888888888888 0.0 0.9 0 1 1
23 0.1 42 0.5476190476190477 0.0 0.4 29 0.7241379310344828 0.0 0.5 26 0.8076923076923077 0.0 0.6 24 0.875 0.0 0.7 22 0.8636363636363636 0.0 0.9 0 1 1
23 0.1 56 0.4107142857142857 0.0 0.4 31 0.6774193548387096 0.0 0.5 29 0.6896551724137931 0.0 0.6 22 0.8636363636363636 0.0 0.7 16 0.9375 0.0 0.9 0 1 1
23 0.1 33 0.6363636363636364 0.0 0.4 25 0.76 0.0 0.5 22 0.8636363636363636 0.0 0.6 20 0.95 0.0 0.7 17 0.9411764705882353 0.0 0.9 1 1.0 0.0
23 0.1 36 0.6111111111111112 0.027777777777777776 0.4 24 0.8333333333333334 0.041666666666666664 0.5 21 0.9047619047619048 0.047619047619047616 0.6 19 0.8947368421052632 0.0 0.7 11 1.0 0.0 0.9 0 1 1
23 0.1 34 0.6470588235294118 0.0 0.4 22 0.8181818181818182 0.0 0.5 18 0.9444444444444444 0.0 0.6 18 0.9444444444444444 0.0 0.7 15 1.0 0.0 0.9 0 1 1
23 0.1 35 0.6 0.02857142857142857 0.4 23 0.782608695652174 0.043478260869565216 0.5 19 0.8947368421052632 0.05263157894736842 0.6 17 0.9411764705882353 0.058823529411764705 0.7 15 0.9333333333333333 0.06666666666666667 0.9 0 1 1
23 0.1 32 0.65625 0.03125 0.4 21 0.9523809523809523 0.047619047619047616 0.5 21 0.9523809523809523 0.047619047619047616 0.6 17 0.9411764705882353 0.058823529411764705 0.7 13 0.9230769230769231 0.07692307692307693 0.9 0 1 1
23 0.1 35 0.6285714285714286 0.0 0.4 26 0.7692307692307693 0.0 0.5 23 0.8695652173913043 0.0 0.6 22 0.9090909090909091 0.0 0.7 19 0.9473684210526315 0.0 0.9 0 1 1
23 0.1 35 0.6285714285714286 0.0 0.4 27 0.7777777777777778 0.0 0.5 25 0.84 0.0 0.6 22 0.9090909090909091 0.0 0.7 18 0.9444444444444444 0.0 0.9 1 1.0 0.0
23 0.1 42 0.5476190476190477 0.0 0.4 26 0.7692307692307693 0.0 0.5 24 0.8333333333333334 0.0 0.6 21 0.8571428571428571 0.0 0.7 18 1.0 0.0 0.9 0 1 1
23 0.1 38 0.6052631578947368 0.0 0.4 25 0.76 0.0 0.5 23 0.782608695652174 0.0 0.6 19 0.9473684210526315 0.0 0.7 18 0.9444444444444444 0.0 0.9 0 1 1
23 0.1 38 0.5789473684210527 0.02631578947368421 0.4 26 0.8076923076923077 0.038461538461538464 0.5 23 0.8695652173913043 0.043478260869565216 0.6 22 0.8636363636363636 0.045454545454545456 0.7 18 0.9444444444444444 0.05555555555555555 0.9 0 1 1
23 0.1 34 0.6470588235294118 0.058823529411764705 0.4 24 0.7916666666666666 0.08333333333333333 0.5 20 0.9 0.1 0.6 19 0.9473684210526315 0.10526315789473684 0.7 17 0.9411764705882353 0.058823529411764705 0.9 0 1 1
23 0.1 31 0.7096774193548387 0.0 0.4 25 0.8 0.0 0.5 22 0.8636363636363636 0.0 0.6 21 0.8571428571428571 0.0 0.7 17 0.8823529411764706 0.0 0.9 0 1 1
23 0.1 39 0.5641025641025641 0.0 0.4 29 0.7586206896551724 0.0 0.5 27 0.7777777777777778 0.0 0.6 25 0.84 0.0 0.7 24 0.875 0.0 0.9 1 1.0 0.0
23 0.1 33 0.6363636363636364 0.030303030303030304 0.4 22 0.9090909090909091 0.045454545454545456 0.5 20 0.95 0.05 0.6 18 0.9444444444444444 0.05555555555555555 0.7 17 0.9411764705882353 0.058823529411764705 0.9 0 1 1
23 0.1 34 0.6176470588235294 0.0 0.4 27 0.7407407407407407 0.0 0.5 25 0.8 0.0 0.6 21 0.9047619047619048 0.0 0.7 19 0.8947368421052632 0.0 0.9 0 1 1
23 0.1 37 0.5675675675675675 0.0 0.4 24 0.7916666666666666 0.0 0.5 23 0.782608695652174 0.0 0.6 22 0.8181818181818182 0.0 0.7 20 0.9 0.0 0.9 0 1 1
23 0.1 41 0.5365853658536586 0.0 0.4 23 0.782608695652174 0.0 0.5 22 0.8181818181818182 0.0 0.6 21 0.8095238095238095 0.0 0.7 18 0.8888888888888888 0.0 0.9 0 1 1
23 0.1 33 0.6060606060606061 0.0 0.4 24 0.7916666666666666 0.0 0.5 20 0.9 0.0 0.6 17 0.9411764705882353 0.0 0.7 17 0.9411764705882353 0.0 0.9 0 1 1
23 0.1 37 0.5945945945945946 0.0 0.4 24 0.7916666666666666 0.0 0.5 22 0.7727272727272727 0.0 0.6 20 0.8 0.0 0.7 17 0.9411764705882353 0.0 0.9 0 1 1
23 0.1 32 0.59375 0.0 0.4 24 0.7916666666666666 0.0 0.5 23 0.8260869565217391 0.0 0.6 19 0.9473684210526315 0.0 0.7 18 0.9444444444444444 0.0 0.9 1 1.0 0.0
23 0.1 32 0.6875 0.03125 0.4 25 0.84 0.04 0.5 25 0.84 0.04 0.6 24 0.875 0.041666666666666664 0.7 21 0.8571428571428571 0.047619047619047616 0.9 0 1 1
23 0.1 32 0.6875 0.03125 0.4 24 0.8333333333333334 0.0 0.5 24 0.8333333333333334 0.0 0.6 22 0.8636363636363636 0.0 0.7 19 0.8947368421052632 0.0 0.9 0 1 1
23 0.1 33 0.6666666666666666 0.0 0.4 23 0.8260869565217391 0.0 0.5 21 0.8571428571428571 0.0 0.6 19 0.8947368421052632 0.0 0.7 18 0.8888888888888888 0.0 0.9 0 1 1
23 0.1 31 0.6774193548387096 0.0 0.4 24 0.8333333333333334 0.0 0.5 20 0.9 0.0 0.6 18 0.8888888888888888 0.0 0.7 14 0.8571428571428571 0.0 0.9 0 1 1
23 0.1 32 0.625 0.03125 0.4 19 0.8947368421052632 0.05263157894736842 0.5 15 0.8666666666666667 0.06666666666666667 0.6 15 0.8666666666666667 0.06666666666666667 0.7 13 0.9230769230769231 0.0 0.9 0 1 1
23 0.1 26 0.8461538461538461 0.038461538461538464 0.4 15 0.8666666666666667 0.06666666666666667 0.5 14 0.8571428571428571 0.07142857142857142 0.6 11 0.9090909090909091 0.0 0.7 11 0.9090909090909091 0.0 0.9 0 1 1
23 0.1 35 0.6 0.0 0.4 25 0.76 0.0 0.5 22 0.8636363636363636 0.0 0.6 21 0.9047619047619048 0.0 0.7 20 0.9 0.0 0.9 0 1 1
23 0.1 33 0.6666666666666666 0.030303030303030304 0.4 24 0.875 0.0 0.5 22 0.9090909090909091 0.0 0.6 22 0.9090909090909091 0.0 0.7 19 0.8947368421052632 0.0 0.9 0 1 1
23 0.1 38 0.5789473684210527 0.0 0.4 27 0.7777777777777778 0.0 0.5 25 0.84 0.0 0.6 22 0.8636363636363636 0.0 0.7 22 0.8636363636363636 0.0 0.9 0 1 1
23 0.1 35 0.6285714285714286 0.02857142857142857 0.4 24 0.875 0.041666666666666664 0.5 21 0.9047619047619048 0.047619047619047616 0.6 20 0.9 0.05 0.7 20 0.9 0.05 0.9 0 1 1
23 0.1 31 0.6451612903225806 0.0 0.4 22 0.8181818181818182 0.0 0.5 21 0.8571428571428571 0.0 0.6 20 0.9 0.0 0.7 17 0.9411764705882353 0.0 0.9 0 1 1
23 0.1 31 0.6774193548387096 0.0 0.4 25 0.84 0.0 0.5 25 0.84 0.0 0.6 22 0.8636363636363636 0.0 0.7 21 0.8571428571428571 0.0 0.9 0 1 1
23 0.1 34 0.6470588235294118 0.0 0.4 26 0.8076923076923077 0.0 0.5 23 0.8695652173913043 0.0 0.6 21 0.9047619047619048 0.0 0.7 20 0.9 0.0 0.9 0 1 1
23 0.1 36 0.5833333333333334 0.0 0.4 25 0.84 0.0 0.5 23 0.8695652173913043 0.0 0.6 22 0.9090909090909091 0.0 0.7 21 0.9047619047619048 0.0 0.9 0 1 1
23 0.1 35 0.6285714285714286 0.0 0.4 27 0.7777777777777778 0.0 0.5 24 0.875 0.0 0.6 23 0.9130434782608695 0.0 0.7 19 0.9473684210526315 0.0 0.9 0 1 1
23 0.1 31 0.6774193548387096 0.0 0.4 23 0.8260869565217391 0.0 0.5 22 0.8181818181818182 0.0 0.6 20 0.9 0.0 0.7 17 0.9411764705882353 0.0 0.9 0 1 1
23 0.1 29 0.7241379310344828 0.034482758620689655 0.4 23 0.8260869565217391 0.043478260869565216 0.5 21 0.8571428571428571 0.047619047619047616 0.6 19 0.9473684210526315 0.05263157894736842 0.7 17 0.9411764705882353 0.058823529411764705 0.9 0 1 1
23 0.1 34 0.6176470588235294 0.029411764705882353 0.4 24 0.8333333333333334 0.041666666666666664 0.5 22 0.8636363636363636 0.045454545454545456 0.6 21 0.9047619047619048 0.047619047619047616 0.7 20 0.9 0.05 0.9 0 1 1
23 0.1 32 0.65625 0.0 0.4 23 0.8695652173913043 0.0 0.5 23 0.8695652173913043 0.0 0.6 22 0.8636363636363636 0.0 0.7 20 0.95 0.0 0.9 0 1 1
23 0.1 35 0.6285714285714286 0.0 0.4 24 0.7916666666666666 0.0 0.5 21 0.8571428571428571 0.0 0.6 20 0.85 0.0 0.7 19 0.8421052631578947 0.0 0.9 0 1 1
23 0.1 28 0.7142857142857143 0.0 0.4 23 0.8695652173913043 0.0 0.5 21 0.9047619047619048 0.0 0.6 20 0.9 0.0 0.7 17 0.8823529411764706 0.0 0.9 0 1 1
23 0.1 27 0.7037037037037037 0.0 0.4 24 0.7916666666666666 0.0 0.5 22 0.7727272727272727 0.0 0.6 20 0.85 0.0 0.7 18 0.8888888888888888 0.0 0.9 0 1 1
23 0.1 36 0.5833333333333334 0.0 0.4 26 0.7307692307692307 0.0 0.5 25 0.76 0.0 0.6 24 0.7916666666666666 0.0 0.7 22 0.8636363636363636 0.0 0.9 0 1 1
23 0.1 27 0.7407407407407407 0.0 0.4 24 0.7916666666666666 0.0 0.5 23 0.8260869565217391 0.0 0.6 21 0.8571428571428571 0.0 0.7 19 0.8947368421052632 0.0 0.9 0 1 1
23 0.1 29 0.6896551724137931 0.034482758620689655 0.4 25 0.8 0.04 0.5 21 0.8571428571428571 0.047619047619047616 0.6 21 0.8571428571428571 0.047619047619047616 0.7 20 0.9 0.05 0.9 0 1 1
23 0.1 29 0.6896551724137931 0.0 0.4 24 0.7916666666666666 0.0 0.5 23 0.782608695652174 0.0 0.6 19 0.8421052631578947 0.0 0.7 15 0.8666666666666667 0.0 0.9 0 1 1
23 0.1 30 0.7 0.0 0.4 22 0.8181818181818182 0.0 0.5 21 0.8095238095238095 0.0 0.6 18 0.8888888888888888 0.0 0.7 16 0.9375 0.0 0.9 0 1 1
23 0.1 31 0.7096774193548387 0.0 0.4 23 0.782608695652174 0.0 0.5 23 0.782608695652174 0.0 0.6 19 0.9473684210526315 0.0 0.7 18 0.9444444444444444 0.0 0.9 0 1 1
23 0.1 36 0.6388888888888888 0.0 0.4 25 0.84 0.0 0.5 25 0.84 0.0 0.6 22 0.8636363636363636 0.0 0.7 19 0.8947368421052632 0.0 0.9 0 1 1
23 0.1 35 0.6 0.0 0.4 25 0.8 0.0 0.5 25 0.8 0.0 0.6 22 0.8636363636363636 0.0 0.7 21 0.9047619047619048 0.0 0.9 0 1 1
23 0.1 31 0.6451612903225806 0.0 0.4 24 0.7916666666666666 0.0 0.5 20 0.9 0.0 0.6 19 0.9473684210526315 0.0 0.7 17 0.9411764705882353 0.0 0.9 0 1 1
23 0.1 35 0.5714285714285714 0.0 0.4 28 0.7142857142857143 0.0 0.5 23 0.8695652173913043 0.0 0.6 21 0.9047619047619048 0.0 0.7 20 0.9 0.0 0.9 0 1 1
23 0.1 31 0.6774193548387096 0.0 0.4 27 0.7407407407407407 0.0 0.5 24 0.7916666666666666 0.0 0.6 23 0.8260869565217391 0.0 0.7 22 0.8636363636363636 0.0 0.9 0 1 1
23 0.1 30 0.6666666666666666 0.0 0.4 26 0.7307692307692307 0.0 0.5 25 0.76 0.0 0.6 23 0.782608695652174 0.0 0.7 19 0.9473684210526315 0.0 0.9 0 1 1
23 0.1 28 0.7142857142857143 0.03571428571428571 0.4 21 0.8571428571428571 0.047619047619047616 0.5 19 0.8947368421052632 0.05263157894736842 0.6 18 0.9444444444444444 0.05555555555555555 0.7 17 0.9411764705882353 0.058823529411764705 0.9 1 1.0 1.0
23 0.1 29 0.6896551724137931 0.0 0.4 21 0.8095238095238095 0.0 0.5 21 0.8095238095238095 0.0 0.6 19 0.8947368421052632 0.0 0.7 17 0.8823529411764706 0.0 0.9 0 1 1
23 0.1 26 0.7307692307692307 0.038461538461538464 0.4 25 0.76 0.04 0.5 23 0.782608695652174 0.043478260869565216 0.6 21 0.8571428571428571 0.047619047619047616 0.7 18 0.9444444444444444 0.05555555555555555 0.9 0 1 1
23 0.1 30 0.6666666666666666 0.03333333333333333 0.4 21 0.8571428571428571 0.047619047619047616 0.5 18 0.9444444444444444 0.05555555555555555 0.6 16 0.9375 0.0625 0.7 16 0.9375 0.0625 0.9 0 1 1
23 0.1 29 0.6896551724137931 0.0 0.4 21 0.8095238095238095 0.0 0.5 20 0.85 0.0 0.6 18 0.9444444444444444 0.0 0.7 17 0.9411764705882353 0.0 0.9 0 1 1
23 0.1 26 0.7307692307692307 0.0 0.4 19 0.8421052631578947 0.0 0.5 18 0.8888888888888888 0.0 0.6 15 0.9333333333333333 0.0 0.7 15 0.9333333333333333 0.0 0.9 0 1 1
23 0.1 25 0.76 0.04 0.4 18 0.9444444444444444 0.05555555555555555 0.5 18 0.9444444444444444 0.05555555555555555 0.6 16 0.9375 0.0625 0.7 14 0.9285714285714286 0.07142857142857142 0.9 0 1 1
23 0.1 35 0.5714285714285714 0.0 0.4 26 0.7307692307692307 0.0 0.5 24 0.7916666666666666 0.0 0.6 23 0.8260869565217391 0.0 0.7 23 0.8260869565217391 0.0 0.9 1 1.0 0.0
23 0.1 32 0.625 0.0 0.4 27 0.7407407407407407 0.0 0.5 26 0.7307692307692307 0.0 0.6 24 0.7916666666666666 0.0 0.7 23 0.8260869565217391 0.0 0.9 2 1.0 0.0
23 0.1 27 0.7037037037037037 0.0 0.4 24 0.75 0.0 0.5 23 0.782608695652174 0.0 0.6 21 0.8571428571428571 0.0 0.7 19 0.8947368421052632 0.0 0.9 0 1 1
23 0.1 28 0.7142857142857143 0.0 0.4 21 0.8571428571428571 0.0 0.5 20 0.9 0.0 0.6 19 0.9473684210526315 0.0 0.7 16 0.9375 0.0 0.9 0 1 1
23 0.1 30 0.6666666666666666 0.06666666666666667 0.4 23 0.8260869565217391 0.08695652173913043 0.5 23 0.8260869565217391 0.08695652173913043 0.6 22 0.8181818181818182 0.09090909090909091 0.7 20 0.85 0.1 0.9 1 1.0 1.0
23 0.1 29 0.6551724137931034 0.0 0.4 22 0.7727272727272727 0.0 0.5 20 0.85 0.0 0.6 18 0.8888888888888888 0.0 0.7 15 0.9333333333333333 0.0 0.9 0 1 1
23 0.1 28 0.6785714285714286 0.0 0.4 22 0.7727272727272727 0.0 0.5 20 0.85 0.0 0.6 18 0.8888888888888888 0.0 0.7 17 0.9411764705882353 0.0 0.9 0 1 1
23 0.1 32 0.625 0.0 0.4 25 0.76 0.0 0.5 25 0.76 0.0 0.6 24 0.7916666666666666 0.0 0.7 21 0.8571428571428571 0.0 0.9 0 1 1
23 0.1 35 0.6 0.0 0.4 28 0.6785714285714286 0.0 0.5 28 0.6785714285714286 0.0 0.6 25 0.76 0.0 0.7 23 0.8260869565217391 0.0 0.9 2 1.0 0.0
23 0.1 34 0.5882352941176471 0.0 0.4 25 0.76 0.0 0.5 25 0.76 0.0 0.6 22 0.8636363636363636 0.0 0.7 21 0.8571428571428571 0.0 0.9 0 1 1
23 0.1 28 0.75 0.07142857142857142 0.4 21 0.8571428571428571 0.09523809523809523 0.5 18 0.9444444444444444 0.1111111111111111 0.6 16 0.9375 0.125 0.7 13 0.9230769230769231 0.15384615384615385 0.9 0 1 1
23 0.1 31 0.6451612903225806 0.03225806451612903 0.4 25 0.76 0.04 0.5 25 0.76 0.04 0.6 22 0.8636363636363636 0.045454545454545456 0.7 21 0.8571428571428571 0.047619047619047616 0.9 0 1 1
23 0.1 27 0.7037037037037037 0.0 0.4 21 0.8095238095238095 0.0 0.5 21 0.8095238095238095 0.0 0.6 20 0.85 0.0 0.7 14 1.0 0.0 0.9 0 1 1
23 0.1 27 0.7407407407407407 0.0 0.4 23 0.782608695652174 0.0 0.5 21 0.8095238095238095 0.0 0.6 19 0.8947368421052632 0.0 0.7 15 0.9333333333333333 0.0 0.9 0 1 1
23 0.1 26 0.7307692307692307 0.038461538461538464 0.4 23 0.782608695652174 0.043478260869565216 0.5 21 0.8571428571428571 0.047619047619047616 0.6 21 0.8571428571428571 0.047619047619047616 0.7 20 0.9 0.05 0.9 0 1 1
23 0.1 31 0.6451612903225806 0.0 0.4 25 0.76 0.0 0.5 22 0.8181818181818182 0.0 0.6 20 0.85 0.0 0.7 19 0.8947368421052632 0.0 0.9 0 1 1
23 0.1 29 0.6896551724137931 0.0 0.4 21 0.8095238095238095 0.0 0.5 20 0.85 0.0 0.6 18 0.9444444444444444 0.0 0.7 17 0.9411764705882353 0.0 0.9 0 1 1
23 0.1 28 0.75 0.0 0.4 21 0.8571428571428571 0.0 0.5 18 0.8333333333333334 0.0 0.6 16 0.9375 0.0 0.7 16 0.9375 0.0 0.9 0 1 1
23 0.1 29 0.6206896551724138 0.0 0.4 22 0.7727272727272727 0.0 0.5 20 0.85 0.0 0.6 19 0.8947368421052632 0.0 0.7 17 0.8823529411764706 0.0 0.9 0 1 1
23 0.1 30 0.6666666666666666 0.0 0.4 26 0.7692307692307693 0.0 0.5 25 0.76 0.0 0.6 21 0.8095238095238095 0.0 0.7 19 0.8421052631578947 0.0 0.9 0 1 1
23 0.1 28 0.6785714285714286 0.0 0.4 21 0.8571428571428571 0.0 0.5 20 0.9 0.0 0.6 18 0.8888888888888888 0.0 0.7 18 0.8888888888888888 0.0 0.9 0 1 1
23 0.1 28 0.7142857142857143 0.0 0.4 22 0.8181818181818182 0.0 0.5 21 0.8571428571428571 0.0 0.6 18 0.8888888888888888 0.0 0.7 16 0.9375 0.0 0.9 0 1 1
23 0.1 28 0.7142857142857143 0.0 0.4 23 0.8260869565217391 0.0 0.5 20 0.85 0.0 0.6 19 0.8421052631578947 0.0 0.7 19 0.8421052631578947 0.0 0.9 0 1 1
23 0.1 24 0.8333333333333334 0.0 0.4 22 0.8181818181818182 0.0 0.5 22 0.8181818181818182 0.0 0.6 20 0.85 0.0 0.7 18 0.8333333333333334 0.0 0.9 0 1 1
23 0.1 26 0.7692307692307693 0.0 0.4 23 0.8260869565217391 0.0 0.5 22 0.8181818181818182 0.0 0.6 21 0.8571428571428571 0.0 0.7 18 0.8888888888888888 0.0 0.9 0 1 1
23 0.1 28 0.7142857142857143 0.0 0.4 22 0.8181818181818182 0.0 0.5 21 0.8095238095238095 0.0 0.6 20 0.8 0.0 0.7 18 0.8888888888888888 0.0 0.9 0 1 1
23 0.1 27 0.7037037037037037 0.0 0.4 20 0.8 0.0 0.5 20 0.8 0.0 0.6 18 0.8888888888888888 0.0 0.7 16 0.9375 0.0 0.9 0 1 1
23 0.1 27 0.7037037037037037 0.037037037037037035 0.4 21 0.8095238095238095 0.047619047619047616 0.5 21 0.8095238095238095 0.047619047619047616 0.6 18 0.9444444444444444 0.05555555555555555 0.7 16 0.9375 0.0625 0.9 0 1 1
23 0.1 28 0.6785714285714286 0.0 0.4 23 0.782608695652174 0.0 0.5 22 0.7727272727272727 0.0 0.6 20 0.85 0.0 0.7 18 0.8888888888888888 0.0 0.9 0 1 1
23 0.1 27 0.6666666666666666 0.0 0.4 21 0.8095238095238095 0.0 0.5 21 0.8095238095238095 0.0 0.6 18 0.8888888888888888 0.0 0.7 14 0.9285714285714286 0.0 0.9 0 1 1
23 0.1 31 0.6774193548387096 0.0 0.4 23 0.782608695652174 0.0 0.5 22 0.8181818181818182 0.0 0.6 20 0.85 0.0 0.7 18 0.8888888888888888 0.0 0.9 1 1.0 0.0
23 0.1 30 0.7 0.0 0.4 22 0.8181818181818182 0.0 0.5 22 0.8181818181818182 0.0 0.6 21 0.8571428571428571 0.0 0.7 21 0.8571428571428571 0.0 0.9 3 1.0 0.0
23 0.1 30 0.6666666666666666 0.0 0.4 26 0.7692307692307693 0.0 0.5 25 0.76 0.0 0.6 23 0.8260869565217391 0.0 0.7 20 0.85 0.0 0.9 1 1.0 0.0
23 0.1 27 0.7037037037037037 0.0 0.4 22 0.7727272727272727 0.0 0.5 20 0.8 0.0 0.6 19 0.8421052631578947 0.0 0.7 19 0.8421052631578947 0.0 0.9 0 1 1
23 0.1 29 0.6551724137931034 0.0 0.4 21 0.8095238095238095 0.0 0.5 20 0.85 0.0 0.6 19 0.8947368421052632 0.0 0.7 16 0.9375 0.0 0.9 1 1.0 0.0
23 0.1 31 0.6129032258064516 0.0 0.4 22 0.7272727272727273 0.0 0.5 21 0.7619047619047619 0.0 0.6 21 0.7619047619047619 0.0 0.7 19 0.8421052631578947 0.0 0.9 1 1.0 0.0
23 0.1 30 0.6666666666666666 0.0 0.4 23 0.782608695652174 0.0 0.5 21 0.8095238095238095 0.0 0.6 19 0.8947368421052632 0.0 0.7 18 0.9444444444444444 0.0 0.9 0 1 1
23 0.1 26 0.6923076923076923 0.0 0.4 21 0.7619047619047619 0.0 0.5 19 0.8421052631578947 0.0 0.6 18 0.8888888888888888 0.0 0.7 15 0.9333333333333333 0.0 0.9 0 1 1
23 0.1 30 0.6333333333333333 0.0 0.4 24 0.7083333333333334 0.0 0.5 23 0.7391304347826086 0.0 0.6 21 0.8095238095238095 0.0 0.7 17 0.8823529411764706 0.0 0.9 1 1.0 0.0
23 0.1 28 0.6785714285714286 0.0 0.4 23 0.7391304347826086 0.0 0.5 21 0.8095238095238095 0.0 0.6 19 0.8947368421052632 0.0 0.7 16 0.9375 0.0 0.9 0 1 1
23 0.1 26 0.7692307692307693 0.0 0.4 21 0.8095238095238095 0.0 0.5 20 0.85 0.0 0.6 19 0.8947368421052632 0.0 0.7 18 0.9444444444444444 0.0 0.9 0 1 1
23 0.1 27 0.7037037037037037 0.0 0.4 23 0.8260869565217391 0.0 0.5 21 0.8571428571428571 0.0 0.6 20 0.85 0.0 0.7 18 0.8888888888888888 0.0 0.9 0 1 1
23 0.1 30 0.6666666666666666 0.0 0.4 20 0.75 0.0 0.5 19 0.7894736842105263 0.0 0.6 19 0.7894736842105263 0.0 0.7 18 0.8333333333333334 0.0 0.9 0 1 1
23 0.1 29 0.6896551724137931 0.0 0.4 26 0.7307692307692307 0.0 0.5 25 0.76 0.0 0.6 19 0.8421052631578947 0.0 0.7 16 0.875 0.0 0.9 0 1 1
23 0.1 29 0.6896551724137931 0.0 0.4 25 0.8 0.0 0.5 25 0.8 0.0 0.6 20 0.8 0.0 0.7 16 0.875 0.0 0.9 0 1 1
23 0.1 29 0.7241379310344828 0.0 0.4 25 0.8 0.0 0.5 24 0.8333333333333334 0.0 0.6 22 0.8181818181818182 0.0 0.7 19 0.8421052631578947 0.0 0.9 1 1.0 0.0
23 0.1 27 0.7037037037037037 0.0 0.4 23 0.782608695652174 0.0 0.5 22 0.7727272727272727 0.0 0.6 20 0.85 0.0 0.7 19 0.8421052631578947 0.0 0.9 0 1 1
23 0.1 26 0.7307692307692307 0.0 0.4 23 0.782608695652174 0.0 0.5 22 0.7727272727272727 0.0 0.6 19 0.8947368421052632 0.0 0.7 18 0.9444444444444444 0.0 0.9 1 1.0 0.0
23 0.1 31 0.6451612903225806 0.0 0.4 25 0.76 0.0 0.5 23 0.782608695652174 0.0 0.6 21 0.7619047619047619 0.0 0.7 17 0.8823529411764706 0.0 0.9 0 1 1
23 0.1 29 0.6551724137931034 0.0 0.4 24 0.7916666666666666 0.0 0.5 22 0.8181818181818182 0.0 0.6 20 0.8 0.0 0.7 17 0.8823529411764706 0.0 0.9 1 1.0 0.0
23 0.1 30 0.6666666666666666 0.0 0.4 25 0.76 0.0 0.5 23 0.7391304347826086 0.0 0.6 22 0.7727272727272727 0.0 0.7 20 0.85 0.0 0.9 1 1.0 0.0
23 0.1 31 0.6451612903225806 0.0 0.4 24 0.7916666666666666 0.0 0.5 24 0.7916666666666666 0.0 0.6 23 0.782608695652174 0.0 0.7 20 0.9 0.0 0.9 0 1 1
23 0.1 32 0.625 0.0 0.4 26 0.7692307692307693 0.0 0.5 23 0.782608695652174 0.0 0.6 22 0.8181818181818182 0.0 0.7 21 0.8095238095238095 0.0 0.9 0 1 1
23 0.1 32 0.625 0.0 0.4 24 0.7916666666666666 0.0 0.5 23 0.782608695652174 0.0 0.6 20 0.85 0.0 0.7 20 0.85 0.0 0.9 0 1 1
23 0.1 30 0.6666666666666666 0.03333333333333333 0.4 24 0.7916666666666666 0.041666666666666664 0.5 22 0.8181818181818182 0.045454545454545456 0.6 22 0.8181818181818182 0.045454545454545456 0.7 21 0.8571428571428571 0.047619047619047616 0.9 0 1 1
23 0.1 29 0.6896551724137931 0.0 0.4 23 0.8260869565217391 0.0 0.5 22 0.8181818181818182 0.0 0.6 22 0.8181818181818182 0.0 0.7 21 0.8571428571428571 0.0 0.9 0 1 1
23 0.1 31 0.6451612903225806 0.0 0.4 24 0.8333333333333334 0.0 0.5 22 0.8181818181818182 0.0 0.6 19 0.8421052631578947 0.0 0.7 18 0.8888888888888888 0.0 0.9 1 1.0 0.0
23 0.1 32 0.625 0.0 0.4 26 0.7692307692307693 0.0 0.5 23 0.782608695652174 0.0 0.6 23 0.782608695652174 0.0 0.7 21 0.8095238095238095 0.0 0.9 2 1.0 0.0
23 0.1 28 0.7142857142857143 0.03571428571428571 0.4 22 0.8636363636363636 0.045454545454545456 0.5 19 0.8947368421052632 0.05263157894736842 0.6 18 0.8888888888888888 0.05555555555555555 0.7 15 1.0 0.06666666666666667 0.9 0 1 1
23 0.1 27 0.7037037037037037 0.0 0.4 23 0.8260869565217391 0.0 0.5 21 0.8571428571428571 0.0 0.6 20 0.85 0.0 0.7 16 0.9375 0.0 0.9 1 1.0 0.0
23 0.1 26 0.7307692307692307 0.0 0.4 24 0.7916666666666666 0.0 0.5 24 0.7916666666666666 0.0 0.6 22 0.8181818181818182 0.0 0.7 17 0.8823529411764706 0.0 0.9 1 1.0 0.0
23 0.1 27 0.7407407407407407 0.0 0.4 22 0.8181818181818182 0.0 0.5 22 0.8181818181818182 0.0 0.6 22 0.8181818181818182 0.0 0.7 20 0.9 0.0 0.9 1 1.0 0.0
23 0.1 28 0.7142857142857143 0.0 0.4 24 0.7916666666666666 0.0 0.5 24 0.7916666666666666 0.0 0.6 24 0.7916666666666666 0.0 0.7 22 0.8636363636363636 0.0 0.9 3 1.0 0.0
23 0.1 29 0.6896551724137931 0.0 0.4 24 0.7916666666666666 0.0 0.5 24 0.7916666666666666 0.0 0.6 24 0.7916666666666666 0.0 0.7 21 0.9047619047619048 0.0 0.9 3 1.0 0.0
23 0.1 29 0.6896551724137931 0.0 0.4 25 0.8 0.0 0.5 25 0.8 0.0 0.6 23 0.8260869565217391 0.0 0.7 20 0.85 0.0 0.9 2 1.0 0.0
23 0.1 26 0.7307692307692307 0.0 0.4 20 0.85 0.0 0.5 19 0.8947368421052632 0.0 0.6 18 0.9444444444444444 0.0 0.7 18 0.9444444444444444 0.0 0.9 0 1 1
23 0.1 29 0.6896551724137931 0.0 0.4 22 0.8181818181818182 0.0 0.5 22 0.8181818181818182 0.0 0.6 21 0.8571428571428571 0.0 0.7 19 0.8947368421052632 0.0 0.9 2 1.0 0.0
23 0.1 26 0.7307692307692307 0.038461538461538464 0.4 23 0.8260869565217391 0.043478260869565216 0.5 22 0.8181818181818182 0.045454545454545456 0.6 22 0.8181818181818182 0.045454545454545456 0.7 19 0.8947368421052632 0.05263157894736842 0.9 1 1.0 0.0
23 0.1 29 0.6896551724137931 0.0 0.4 23 0.8260869565217391 0.0 0.5 23 0.8260869565217391 0.0 0.6 21 0.8095238095238095 0.0 0.7 18 0.8888888888888888 0.0 0.9 0 1 1
23 0.1 30 0.7 0.0 0.4 26 0.7692307692307693 0.0 0.5 25 0.8 0.0 0.6 21 0.8571428571428571 0.0 0.7 21 0.8571428571428571 0.0 0.9 2 1.0 0.0
23 0.1 30 0.6666666666666666 0.0 0.4 25 0.76 0.0 0.5 24 0.75 0.0 0.6 23 0.782608695652174 0.0 0.7 22 0.8181818181818182 0.0 0.9 0 1 1
23 0.1 28 0.7142857142857143 0.0 0.4 25 0.8 0.0 0.5 25 0.8 0.0 0.6 24 0.8333333333333334 0.0 0.7 22 0.8181818181818182 0.0 0.9 0 1 1
23 0.1 32 0.65625 0.0 0.4 25 0.8 0.0 0.5 24 0.8333333333333334 0.0 0.6 23 0.8695652173913043 0.0 0.7 21 0.9047619047619048 0.0 0.9 1 1.0 0.0
23 0.1 30 0.6666666666666666 0.0 0.4 25 0.76 0.0 0.5 23 0.782608695652174 0.0 0.6 21 0.8571428571428571 0.0 0.7 18 0.9444444444444444 0.0 0.9 0 1 1
23 0.1 24 0.8333333333333334 0.0 0.4 21 0.9047619047619048 0.0 0.5 17 0.9411764705882353 0.0 0.6 16 0.9375 0.0 0.7 15 0.9333333333333333 0.0 0.9 0 1 1
23 0.1 28 0.7142857142857143 0.0 0.4 21 0.8571428571428571 0.0 0.5 19 0.8947368421052632 0.0 0.6 19 0.8947368421052632 0.0 0.7 19 0.8947368421052632 0.0 0.9 2 1.0 0.0
23 0.1 28 0.7142857142857143 0.0 0.4 23 0.782608695652174 0.0 0.5 21 0.8571428571428571 0.0 0.6 21 0.8571428571428571 0.0 0.7 20 0.9 0.0 0.9 1 1.0 0.0
23 0.1 30 0.6333333333333333 0.0 0.4 24 0.7916666666666666 0.0 0.5 23 0.782608695652174 0.0 0.6 22 0.8181818181818182 0.0 0.7 20 0.85 0.0 0.9 0 1 1
23 0.1 29 0.6551724137931034 0.0 0.4 26 0.7307692307692307 0.0 0.5 25 0.72 0.0 0.6 24 0.7083333333333334 0.0 0.7 21 0.8095238095238095 0.0 0.9 0 1 1
23 0.1 27 0.7037037037037037 0.0 0.4 23 0.782608695652174 0.0 0.5 23 0.782608695652174 0.0 0.6 22 0.7727272727272727 0.0 0.7 18 0.8888888888888888 0.0 0.9 2 1.0 0.0
23 0.1 27 0.7037037037037037 0.0 0.4 23 0.782608695652174 0.0 0.5 23 0.782608695652174 0.0 0.6 22 0.8181818181818182 0.0 0.7 21 0.8571428571428571 0.0 0.9 1 1.0 0.0
23 0.1 28 0.6785714285714286 0.0 0.4 23 0.782608695652174 0.0 0.5 20 0.85 0.0 0.6 18 0.8333333333333334 0.0 0.7 18 0.8333333333333334 0.0 0.9 2 1.0 0.0
23 0.1 28 0.7142857142857143 0.0 0.4 26 0.7307692307692307 0.0 0.5 24 0.75 0.0 0.6 24 0.75 0.0 0.7 21 0.8571428571428571 0.0 0.9 0 1 1
23 0.1 27 0.6666666666666666 0.0 0.4 20 0.75 0.0 0.5 20 0.75 0.0 0.6 19 0.7368421052631579 0.0 0.7 17 0.8235294117647058 0.0 0.9 1 1.0 0.0
23 0.1 26 0.7307692307692307 0.0 0.4 25 0.72 0.0 0.5 25 0.72 0.0 0.6 24 0.75 0.0 0.7 23 0.782608695652174 0.0 0.9 1 1.0 0.0
23 0.1 28 0.7142857142857143 0.0 0.4 26 0.7692307692307693 0.0 0.5 25 0.76 0.0 0.6 24 0.75 0.0 0.7 24 0.75 0.0 0.9 1 1.0 0.0
23 0.1 31 0.6451612903225806 0.03225806451612903 0.4 25 0.72 0.04 0.5 25 0.72 0.04 0.6 23 0.782608695652174 0.043478260869565216 0.7 21 0.8095238095238095 0.047619047619047616 0.9 2 1.0 0.5
23 0.1 27 0.7037037037037037 0.0 0.4 24 0.75 0.0 0.5 24 0.75 0.0 0.6 23 0.7391304347826086 0.0 0.7 23 0.7391304347826086 0.0 0.9 3 1.0 0.0
23 0.1 29 0.6551724137931034 0.0 0.4 25 0.76 0.0 0.5 22 0.7727272727272727 0.0 0.6 22 0.7727272727272727 0.0 0.7 21 0.8095238095238095 0.0 0.9 2 1.0 0.0
23 0.1 25 0.72 0.04 0.4 22 0.8181818181818182 0.045454545454545456 0.5 22 0.8181818181818182 0.045454545454545456 0.6 22 0.8181818181818182 0.045454545454545456 0.7 20 0.9 0.05 0.9 1 1.0 1.0
23 0.1 27 0.7407407407407407 0.037037037037037035 0.4 23 0.782608695652174 0.043478260869565216 0.5 23 0.782608695652174 0.043478260869565216 0.6 22 0.8181818181818182 0.045454545454545456 0.7 20 0.9 0.05 0.9 3 1.0 0.3333333333333333
23 0.1 27 0.7407407407407407 0.07407407407407407 0.4 25 0.76 0.08 0.5 25 0.76 0.08 0.6 23 0.8260869565217391 0.08695652173913043 0.7 19 0.8947368421052632 0.10526315789473684 0.9 2 1.0 1.0
23 0.1 26 0.7307692307692307 0.0 0.4 23 0.8260869565217391 0.0 0.5 23 0.8260869565217391 0.0 0.6 21 0.8571428571428571 0.0 0.7 20 0.9 0.0 0.9 2 1.0 0.0
23 0.1 27 0.7037037037037037 0.0 0.4 24 0.7916666666666666 0.0 0.5 24 0.7916666666666666 0.0 0.6 24 0.7916666666666666 0.0 0.7 21 0.8571428571428571 0.0 0.9 1 1.0 0.0
23 0.1 30 0.6666666666666666 0.0 0.4 25 0.76 0.0 0.5 24 0.75 0.0 0.6 21 0.8571428571428571 0.0 0.7 21 0.8571428571428571 0.0 0.9 3 1.0 0.0
23 0.1 31 0.6451612903225806 0.0 0.4 27 0.7407407407407407 0.0 0.5 26 0.7307692307692307 0.0 0.6 23 0.782608695652174 0.0 0.7 22 0.8181818181818182 0.0 0.9 1 1.0 0.0
23 0.1 28 0.7142857142857143 0.0 0.4 27 0.7407407407407407 0.0 0.5 25 0.8 0.0 0.6 22 0.7727272727272727 0.0 0.7 21 0.7619047619047619 0.0 0.9 2 1.0 0.0
23 0.1 27 0.7407407407407407 0.0 0.4 25 0.76 0.0 0.5 25 0.76 0.0 0.6 25 0.76 0.0 0.7 24 0.75 0.0 0.9 2 1.0 0.0
23 0.1 28 0.6785714285714286 0.0 0.4 22 0.8181818181818182 0.0 0.5 21 0.8571428571428571 0.0 0.6 21 0.8571428571428571 0.0 0.7 20 0.85 0.0 0.9 0 1 1
23 0.1 28 0.7142857142857143 0.0 0.4 23 0.8260869565217391 0.0 0.5 23 0.8260869565217391 0.0 0.6 22 0.8636363636363636 0.0 0.7 20 0.85 0.0 0.9 0 1 1
23 0.1 29 0.6551724137931034 0.034482758620689655 0.4 20 0.85 0.0 0.5 20 0.85 0.0 0.6 20 0.85 0.0 0.7 19 0.8421052631578947 0.0 0.9 1 1.0 0.0
23 0.1 28 0.6785714285714286 0.03571428571428571 0.4 22 0.8181818181818182 0.045454545454545456 0.5 22 0.8181818181818182 0.045454545454545456 0.6 22 0.8181818181818182 0.045454545454545456 0.7 20 0.85 0.05 0.9 2 1.0 0.5
23 0.1 29 0.6896551724137931 0.0 0.4 24 0.75 0.0 0.5 21 0.7619047619047619 0.0 0.6 21 0.7619047619047619 0.0 0.7 19 0.7894736842105263 0.0 0.9 1 1.0 0.0
23 0.1 29 0.6551724137931034 0.0 0.4 25 0.72 0.0 0.5 23 0.7391304347826086 0.0 0.6 22 0.7727272727272727 0.0 0.7 20 0.85 0.0 0.9 1 1.0 0.0
23 0.1 28 0.7142857142857143 0.0 0.4 26 0.7307692307692307 0.0 0.5 26 0.7307692307692307 0.0 0.6 24 0.75 0.0 0.7 22 0.7727272727272727 0.0 0.9 0 1 1
23 0.1 29 0.6896551724137931 0.0 0.4 25 0.76 0.0 0.5 24 0.75 0.0 0.6 24 0.75 0.0 0.7 22 0.7727272727272727 0.0 0.9 2 1.0 0.0
23 0.1 29 0.6896551724137931 0.0 0.4 25 0.76 0.0 0.5 25 0.76 0.0 0.6 24 0.75 0.0 0.7 21 0.8571428571428571 0.0 0.9 2 1.0 0.0
23 0.1 30 0.6666666666666666 0.0 0.4 27 0.7407407407407407 0.0 0.5 25 0.8 0.0 0.6 21 0.8095238095238095 0.0 0.7 20 0.85 0.0 0.9 2 1.0 0.0
23 0.1 30 0.6666666666666666 0.0 0.4 25 0.76 0.0 0.5 22 0.7727272727272727 0.0 0.6 18 0.7777777777777778 0.0 0.7 17 0.7647058823529411 0.0 0.9 1 1.0 0.0
23 0.1 28 0.7142857142857143 0.0 0.4 26 0.7307692307692307 0.0 0.5 26 0.7307692307692307 0.0 0.6 25 0.76 0.0 0.7 20 0.85 0.0 0.9 2 1.0 0.0
23 0.1 29 0.6896551724137931 0.0 0.4 27 0.7407407407407407 0.0 0.5 26 0.7307692307692307 0.0 0.6 24 0.75 0.0 0.7 23 0.7391304347826086 0.0 0.9 2 1.0 0.0
23 0.1 28 0.7142857142857143 0.0 0.4 23 0.8260869565217391 0.0 0.5 22 0.8181818181818182 0.0 0.6 22 0.8181818181818182 0.0 0.7 20 0.8 0.0 0.9 3 1.0 0.0
23 0.1 28 0.7142857142857143 0.0 0.4 26 0.7307692307692307 0.0 0.5 26 0.7307692307692307 0.0 0.6 23 0.782608695652174 0.0 0.7 21 0.8571428571428571 0.0 0.9 1 1.0 0.0
23 0.1 29 0.6896551724137931 0.0 0.4 26 0.7307692307692307 0.0 0.5 23 0.782608695652174 0.0 0.6 23 0.782608695652174 0.0 0.7 20 0.85 0.0 0.9 1 1.0 0.0
23 0.1 29 0.6896551724137931 0.034482758620689655 0.4 26 0.7692307692307693 0.038461538461538464 0.5 25 0.8 0.04 0.6 24 0.7916666666666666 0.041666666666666664 0.7 21 0.8095238095238095 0.047619047619047616 0.9 3 1.0 0.0
23 0.1 28 0.7142857142857143 0.0 0.4 27 0.7037037037037037 0.0 0.5 25 0.76 0.0 0.6 24 0.7916666666666666 0.0 0.7 24 0.7916666666666666 0.0 0.9 3 1.0 0.0
23 0.1 30 0.6666666666666666 0.0 0.4 26 0.7692307692307693 0.0 0.5 23 0.8260869565217391 0.0 0.6 22 0.8181818181818182 0.0 0.7 21 0.8095238095238095 0.0 0.9 1 1.0 0.0
23 0.1 30 0.6666666666666666 0.0 0.4 26 0.7692307692307693 0.0 0.5 23 0.782608695652174 0.0 0.6 22 0.8181818181818182 0.0 0.7 22 0.8181818181818182 0.0 0.9 1 1.0 0.0
23 0.1 33 0.6060606060606061 0.0 0.4 27 0.7407407407407407 0.0 0.5 25 0.8 0.0 0.6 24 0.7916666666666666 0.0 0.7 23 0.8260869565217391 0.0 0.9 3 1.0 0.0
23 0.1 32 0.625 0.0 0.4 27 0.7407407407407407 0.0 0.5 25 0.8 0.0 0.6 25 0.8 0.0 0.7 23 0.8260869565217391 0.0 0.9 3 1.0 0.0
23 0.1 31 0.6451612903225806 0.0 0.4 27 0.7407407407407407 0.0 0.5 26 0.7307692307692307 0.0 0.6 24 0.7916666666666666 0.0 0.7 23 0.8260869565217391 0.0 0.9 1 1.0 0.0
23 0.1 32 0.625 0.0 0.4 29 0.6896551724137931 0.0 0.5 27 0.7407407407407407 0.0 0.6 25 0.76 0.0 0.7 24 0.7916666666666666 0.0 0.9 0 1 1
23 0.1 30 0.6666666666666666 0.0 0.4 27 0.7037037037037037 0.0 0.5 26 0.7307692307692307 0.0 0.6 26 0.7307692307692307 0.0 0.7 24 0.7916666666666666 0.0 0.9 5 1.0 0.0
23 0.1 31 0.6451612903225806 0.0 0.4 26 0.7307692307692307 0.0 0.5 25 0.76 0.0 0.6 23 0.8260869565217391 0.0 0.7 22 0.8636363636363636 0.0 0.9 2 1.0 0.0
23 0.1 31 0.6451612903225806 0.0 0.4 26 0.7307692307692307 0.0 0.5 24 0.75 0.0 0.6 24 0.75 0.0 0.7 22 0.7727272727272727 0.0 0.9 2 1.0 0.0
23 0.1 33 0.6363636363636364 0.0 0.4 26 0.7692307692307693 0.0 0.5 26 0.7692307692307693 0.0 0.6 26 0.7692307692307693 0.0 0.7 24 0.75 0.0 0.9 2 1.0 0.0
23 0.1 31 0.6774193548387096 0.0 0.4 26 0.7307692307692307 0.0 0.5 25 0.76 0.0 0.6 24 0.75 0.0 0.7 24 0.75 0.0 0.9 0 1 1
23 0.1 28 0.6785714285714286 0.0 0.4 26 0.7307692307692307 0.0 0.5 25 0.72 0.0 0.6 24 0.75 0.0 0.7 22 0.7727272727272727 0.0 0.9 4 1.0 0.0
23 0.1 29 0.6551724137931034 0.0 0.4 24 0.75 0.0 0.5 24 0.75 0.0 0.6 24 0.75 0.0 0.7 23 0.782608695652174 0.0 0.9 4 1.0 0.0
23 0.1 28 0.6785714285714286 0.0 0.4 25 0.72 0.0 0.5 24 0.75 0.0 0.6 23 0.7391304347826086 0.0 0.7 21 0.8095238095238095 0.0 0.9 2 1.0 0.0
23 0.1 28 0.6785714285714286 0.0 0.4 26 0.7307692307692307 0.0 0.5 26 0.7307692307692307 0.0 0.6 26 0.7307692307692307 0.0 0.7 23 0.8260869565217391 0.0 0.9 1 1.0 0.0
23 0.1 27 0.7037037037037037 0.0 0.4 26 0.7307692307692307 0.0 0.5 26 0.7307692307692307 0.0 0.6 24 0.7916666666666666 0.0 0.7 21 0.8571428571428571 0.0 0.9 4 1.0 0.0
23 0.1 28 0.6785714285714286 0.0 0.4 24 0.7916666666666666 0.0 0.5 22 0.8636363636363636 0.0 0.6 20 0.9 0.0 0.7 19 0.9473684210526315 0.0 0.9 0 1 1
23 0.1 28 0.6785714285714286 0.0 0.4 23 0.8260869565217391 0.0 0.5 22 0.8636363636363636 0.0 0.6 20 0.85 0.0 0.7 18 0.9444444444444444 0.0 0.9 1 1.0 0.0
23 0.1 27 0.7037037037037037 0.0 0.4 26 0.7307692307692307 0.0 0.5 25 0.76 0.0 0.6 24 0.7916666666666666 0.0 0.7 23 0.8260869565217391 0.0 0.9 4 1.0 0.0
23 0.1 28 0.6785714285714286 0.0 0.4 26 0.7307692307692307 0.0 0.5 24 0.75 0.0 0.6 23 0.782608695652174 0.0 0.7 21 0.8095238095238095 0.0 0.9 0 1 1
23 0.1 28 0.7142857142857143 0.0 0.4 23 0.6956521739130435 0.0 0.5 21 0.7619047619047619 0.0 0.6 20 0.8 0.0 0.7 19 0.8421052631578947 0.0 0.9 2 1.0 0.0
23 0.1 28 0.7142857142857143 0.0 0.4 24 0.75 0.0 0.5 22 0.7727272727272727 0.0 0.6 21 0.7619047619047619 0.0 0.7 19 0.8421052631578947 0.0 0.9 3 1.0 0.0
23 0.1 27 0.7037037037037037 0.0 0.4 25 0.76 0.0 0.5 23 0.782608695652174 0.0 0.6 22 0.8181818181818182 0.0 0.7 22 0.8181818181818182 0.0 0.9 0 1 1
23 0.1 28 0.6785714285714286 0.0 0.4 25 0.76 0.0 0.5 24 0.7916666666666666 0.0 0.6 24 0.7916666666666666 0.0 0.7 22 0.8181818181818182 0.0 0.9 1 1.0 0.0
23 0.1 31 0.6451612903225806 0.0 0.4 24 0.7916666666666666 0.0 0.5 22 0.8181818181818182 0.0 0.6 22 0.8181818181818182 0.0 0.7 19 0.8947368421052632 0.0 0.9 0 1 1
23 0.1 28 0.6785714285714286 0.0 0.4 24 0.75 0.0 0.5 24 0.75 0.0 0.6 21 0.8571428571428571 0.0 0.7 18 0.8888888888888888 0.0 0.9 3 1.0 0.0
