61 0.1 0 1 1 0.4 0 1 1 0.5 0 1 1 0.6 0 1 1 0.7 0 1 1 0.9 0 1 1
61 0.1 18 0.0 0.0 0.4 0 1 1 0.5 0 1 1 0.6 0 1 1 0.7 0 1 1 0.9 0 1 1
61 0.1 241 0.0954356846473029 0.0 0.4 7 0.0 0.0 0.5 3 0.0 0.0 0.6 1 0.0 0.0 0.7 0 1 1 0.9 0 1 1
61 0.1 273 0.07692307692307693 0.0 0.4 29 0.1724137931034483 0.0 0.5 14 0.2857142857142857 0.0 0.6 5 0.4 0.0 0.7 1 0.0 0.0 0.9 0 1 1
61 0.1 840 0.06190476190476191 0.0 0.4 149 0.22818791946308725 0.0 0.5 65 0.3076923076923077 0.0 0.6 17 0.4117647058823529 0.0 0.7 1 1.0 0.0 0.9 0 1 1
61 0.1 454 0.10352422907488987 0.0 0.4 7 0.42857142857142855 0.0 0.5 0 1 1 0.6 0 1 1 0.7 0 1 1 0.9 0 1 1
61 0.1 467 0.10706638115631692 0.0 0.4 30 0.36666666666666664 0.0 0.5 8 0.125 0.0 0.6 0 1 1 0.7 0 1 1 0.9 0 1 1
61 0.1 544 0.0974264705882353 0.0 0.4 3 0.3333333333333333 0.0 0.5 0 1 1 0.6 0 1 1 0.7 0 1 1 0.9 0 1 1
61 0.1 424 0.11556603773584906 0.0 0.4 47 0.40425531914893614 0.0 0.5 13 0.5384615384615384 0.0 0.6 2 0.5 0.0 0.7 1 1.0 0.0 0.9 0 1 1
61 0.1 316 0.14873417721518986 0.0 0.4 26 0.5 0.0 0.5 10 0.4 0.0 0.6 1 1.0 0.0 0.7 0 1 1 0.9 0 1 1
61 0.1 329 0.13069908814589665 0.0 0.4 22 0.2727272727272727 0.0 0.5 3 0.0 0.0 0.6 1 0.0 0.0 0.7 0 1 1 0.9 0 1 1
61 0.1 242 0.21074380165289255 0.0 0.4 24 0.3333333333333333 0.0 0.5 6 0.3333333333333333 0.0 0.6 0 1 1 0.7 0 1 1 0.9 0 1 1
61 0.1 30 0.4 0.0 0.4 6 0.8333333333333334 0.0 0.5 0 1 1 0.6 0 1 1 0.7 0 1 1 0.9 0 1 1
61 0.1 66 0.3333333333333333 0.0 0.4 8 0.75 0.0 0.5 4 1.0 0.0 0.6 0 1 1 0.7 0 1 1 0.9 0 1 1
61 0.1 454 0.1277533039647577 0.0 0.4 212 0.24528301886792453 0.0 0.5 148 0.3108108108108108 0.0 0.6 78 0.46153846153846156 0.0 0.7 29 0.5172413793103449 0.0 0.9 0 1 1
61 0.1 237 0.2109704641350211 0.0 0.4 75 0.4533333333333333 0.0 0.5 46 0.5 0.0 0.6 21 0.7619047619047619 0.0 0.7 7 0.8571428571428571 0.0 0.9 0 1 1
61 0.1 229 0.22707423580786026 0.0 0.4 60 0.4166666666666667 0.0 0.5 42 0.40476190476190477 0.0 0.6 18 0.6666666666666666 0.0 0.7 3 0.6666666666666666 0.0 0.9 0 1 1
61 0.1 254 0.2047244094488189 0.0 0.4 95 0.3157894736842105 0.0 0.5 57 0.42105263157894735 0.0 0.6 31 0.41935483870967744 0.0 0.7 7 0.5714285714285714 0.0 0.9 0 1 1
61 0.1 16 0.1875 0.0 0.4 0 1 1 0.5 0 1 1 0.6 0 1 1 0.7 0 1 1 0.9 0 1 1
61 0.1 183 0.2786885245901639 0.0 0.4 37 0.5945945945945946 0.0 0.5 14 0.7857142857142857 0.0 0.6 6 0.8333333333333334 0.0 0.7 2 1.0 0.0 0.9 0 1 1
61 0.1 65 0.35384615384615387 0.0 0.4 6 0.6666666666666666 0.0 0.5 2 0.5 0.0 0.6 0 1 1 0.7 0 1 1 0.9 0 1 1
61 0.1 51 0.43137254901960786 0.0 0.4 6 0.3333333333333333 0.0 0.5 2 0.0 0.0 0.6 1 0.0 0.0 0.7 0 1 1 0.9 0 1 1
61 0.1 208 0.27403846153846156 0.0 0.4 70 0.5285714285714286 0.0 0.5 49 0.5918367346938775 0.0 0.6 29 0.6206896551724138 0.0 0.7 11 0.7272727272727273 0.0 0.9 0 1 1
61 0.1 17 0.4117647058823529 0.0 0.4 0 1 1 0.5 0 1 1 0.6 0 1 1 0.7 0 1 1 0.9 0 1 1
61 0.1 222 0.23873873873873874 0.0 0.4 48 0.4375 0.0 0.5 30 0.5333333333333333 0.0 0.6 13 0.5384615384615384 0.0 0.7 1 0.0 0.0 0.9 0 1 1
61 0.1 104 0.3942307692307692 0.0 0.4 34 0.47058823529411764 0.0 0.5 22 0.36363636363636365 0.0 0.6 13 0.3076923076923077 0.0 0.7 4 0.0 0.0 0.9 0 1 1
61 0.1 88 0.48863636363636365 0.0 0.4 16 0.5625 0.0 0.5 9 0.5555555555555556 0.0 0.6 3 0.3333333333333333 0.0 0.7 1 1.0 0.0 0.9 0 1 1
61 0.1 0 1 1 0.4 0 1 1 0.5 0 1 1 0.6 0 1 1 0.7 0 1 1 0.9 0 1 1
61 0.1 0 1 1 0.4 0 1 1 0.5 0 1 1 0.6 0 1 1 0.7 0 1 1 0.9 0 1 1
61 0.1 2 0.0 0.0 0.4 0 1 1 0.5 0 1 1 0.6 0 1 1 0.7 0 1 1 0.9 0 1 1
61 0.1 18 0.2222222222222222 0.0 0.4 0 1 1 0.5 0 1 1 0.6 0 1 1 0.7 0 1 1 0.9 0 1 1
61 0.1 120 0.23333333333333334 0.0 0.4 15 0.4 0.0 0.5 4 0.5 0.0 0.6 1 1.0 0.0 0.7 0 1 1 0.9 0 1 1
61 0.1 0 1 1 0.4 0 1 1 0.5 0 1 1 0.6 0 1 1 0.7 0 1 1 0.9 0 1 1
61 0.1 0 1 1 0.4 0 1 1 0.5 0 1 1 0.6 0 1 1 0.7 0 1 1 0.9 0 1 1
61 0.1 68 0.2647058823529412 0.0 0.4 5 0.6 0.0 0.5 0 1 1 0.6 0 1 1 0.7 0 1 1 0.9 0 1 1
61 0.1 2 0.0 0.0 0.4 0 1 1 0.5 0 1 1 0.6 0 1 1 0.7 0 1 1 0.9 0 1 1
61 0.1 189 0.2328042328042328 0.0 0.4 34 0.38235294117647056 0.0 0.5 12 0.4166666666666667 0.0 0.6 3 0.6666666666666666 0.0 0.7 0 1 1 0.9 0 1 1
61 0.1 91 0.3626373626373626 0.0 0.4 4 0.5 0.0 0.5 0 1 1 0.6 0 1 1 0.7 0 1 1 0.9 0 1 1
61 0.1 13 0.3076923076923077 0.0 0.4 0 1 1 0.5 0 1 1 0.6 0 1 1 0.7 0 1 1 0.9 0 1 1
61 0.1 13 0.38461538461538464 0.0 0.4 0 1 1 0.5 0 1 1 0.6 0 1 1 0.7 0 1 1 0.9 0 1 1
61 0.1 47 0.44680851063829785 0.0 0.4 2 1.0 0.0 0.5 0 1 1 0.6 0 1 1 0.7 0 1 1 0.9 0 1 1
61 0.1 89 0.38202247191011235 0.0 0.4 14 0.5714285714285714 0.0 0.5 6 0.8333333333333334 0.0 0.6 1 1.0 0.0 0.7 0 1 1 0.9 0 1 1
61 0.1 19 0.05263157894736842 0.0 0.4 1 0.0 0.0 0.5 1 0.0 0.0 0.6 0 1 1 0.7 0 1 1 0.9 0 1 1
61 0.1 138 0.34782608695652173 0.0 0.4 10 0.7 0.0 0.5 3 1.0 0.0 0.6 1 1.0 0.0 0.7 0 1 1 0.9 0 1 1
61 0.1 66 0.3787878787878788 0.0 0.4 9 0.6666666666666666 0.0 0.5 2 1.0 0.0 0.6 0 1 1 0.7 0 1 1 0.9 0 1 1
61 0.1 139 0.38848920863309355 0.0 0.4 32 0.625 0.0 0.5 15 0.6 0.0 0.6 5 0.4 0.0 0.7 0 1 1 0.9 0 1 1
61 0.1 288 0.2013888888888889 0.0 0.4 35 0.4857142857142857 0.0 0.5 12 0.5833333333333334 0.0 0.6 5 0.4 0.0 0.7 0 1 1 0.9 0 1 1
61 0.1 0 1 1 0.4 0 1 1 0.5 0 1 1 0.6 0 1 1 0.7 0 1 1 0.9 0 1 1
61 0.1 123 0.4146341463414634 0.0 0.4 29 0.6206896551724138 0.0 0.5 14 0.42857142857142855 0.0 0.6 2 1.0 0.0 0.7 0 1 1 0.9 0 1 1
61 0.1 102 0.4215686274509804 0.00980392156862745 0.4 36 0.5833333333333334 0.0 0.5 24 0.7083333333333334 0.0 0.6 8 0.75 0.0 0.7 3 0.3333333333333333 0.0 0.9 0 1 1
61 0.1 22 0.6363636363636364 0.0 0.4 2 0.5 0.0 0.5 1 1.0 0.0 0.6 0 1 1 0.7 0 1 1 0.9 0 1 1
61 0.1 60 0.43333333333333335 0.016666666666666666 0.4 18 0.7777777777777778 0.05555555555555555 0.5 9 0.6666666666666666 0.1111111111111111 0.6 6 0.8333333333333334 0.16666666666666666 0.7 0 1 1 0.9 0 1 1
61 0.1 65 0.46153846153846156 0.0 0.4 14 0.8571428571428571 0.0 0.5 6 0.6666666666666666 0.0 0.6 2 1.0 0.0 0.7 0 1 1 0.9 0 1 1
61 0.1 74 0.4594594594594595 0.0 0.4 19 0.7368421052631579 0.0 0.5 8 0.75 0.0 0.6 6 1.0 0.0 0.7 1 1.0 0.0 0.9 0 1 1
61 0.1 119 0.3949579831932773 0.025210084033613446 0.4 47 0.6382978723404256 0.0425531914893617 0.5 29 0.6896551724137931 0.06896551724137931 0.6 23 0.6086956521739131 0.08695652173913043 0.7 10 0.8 0.2 0.9 0 1 1
61 0.1 82 0.5 0.012195121951219513 0.4 25 0.76 0.04 0.5 15 0.8 0.06666666666666667 0.6 7 0.8571428571428571 0.14285714285714285 0.7 4 0.75 0.25 0.9 0 1 1
61 0.1 157 0.34394904458598724 0.0 0.4 31 0.6129032258064516 0.0 0.5 21 0.7619047619047619 0.0 0.6 10 0.9 0.0 0.7 0 1 1 0.9 0 1 1
61 0.1 123 0.4065040650406504 0.024390243902439025 0.4 34 0.6176470588235294 0.029411764705882353 0.5 24 0.625 0.041666666666666664 0.6 12 0.5833333333333334 0.0 0.7 3 0.6666666666666666 0.0 0.9 0 1 1
61 0.1 186 0.3064516129032258 0.010752688172043012 0.4 70 0.4714285714285714 0.0 0.5 51 0.5686274509803921 0.0 0.6 27 0.6666666666666666 0.0 0.7 12 0.8333333333333334 0.0 0.9 0 1 1
61 0.1 66 0.5151515151515151 0.0 0.4 12 0.6666666666666666 0.0 0.5 9 0.7777777777777778 0.0 0.6 4 1.0 0.0 0.7 1 1.0 0.0 0.9 0 1 1
61 0.1 116 0.4224137931034483 0.02586206896551724 0.4 25 0.76 0.04 0.5 17 0.8235294117647058 0.058823529411764705 0.6 12 0.75 0.08333333333333333 0.7 2 1.0 0.0 0.9 0 1 1
61 0.1 163 0.3128834355828221 0.0 0.4 42 0.5 0.0 0.5 25 0.44 0.0 0.6 11 0.5454545454545454 0.0 0.7 4 0.75 0.0 0.9 0 1 1
61 0.1 155 0.36774193548387096 0.012903225806451613 0.4 63 0.5555555555555556 0.031746031746031744 0.5 39 0.6923076923076923 0.05128205128205128 0.6 27 0.6666666666666666 0.07407407407407407 0.7 16 0.75 0.125 0.9 0 1 1
61 0.1 103 0.36893203883495146 0.009708737864077669 0.4 21 0.47619047619047616 0.0 0.5 12 0.4166666666666667 0.0 0.6 9 0.4444444444444444 0.0 0.7 1 1.0 0.0 0.9 0 1 1
61 0.1 107 0.4485981308411215 0.018691588785046728 0.4 26 0.6923076923076923 0.0 0.5 17 0.7058823529411765 0.0 0.6 4 0.75 0.0 0.7 1 0.0 0.0 0.9 0 1 1
61 0.1 117 0.42735042735042733 0.0 0.4 30 0.6 0.0 0.5 20 0.6 0.0 0.6 8 0.5 0.0 0.7 1 1.0 0.0 0.9 0 1 1
61 0.1 80 0.4875 0.0375 0.4 11 0.7272727272727273 0.0 0.5 6 0.8333333333333334 0.0 0.6 4 0.75 0.0 0.7 1 0.0 0.0 0.9 0 1 1
61 0.1 169 0.3431952662721893 0.01775147928994083 0.4 58 0.6896551724137931 0.017241379310344827 0.5 34 0.7058823529411765 0.029411764705882353 0.6 19 0.7894736842105263 0.0 0.7 6 1.0 0.0 0.9 0 1 1
61 0.1 149 0.37583892617449666 0.020134228187919462 0.4 45 0.6 0.044444444444444446 0.5 32 0.6875 0.0625 0.6 17 0.6470588235294118 0.058823529411764705 0.7 6 0.8333333333333334 0.16666666666666666 0.9 0 1 1
61 0.1 164 0.3475609756097561 0.024390243902439025 0.4 87 0.5747126436781609 0.04597701149425287 0.5 75 0.6 0.05333333333333334 0.6 53 0.6037735849056604 0.07547169811320754 0.7 31 0.7419354838709677 0.0967741935483871 0.9 0 1 1
61 0.1 165 0.34545454545454546 0.0 0.4 78 0.5769230769230769 0.0 0.5 63 0.6349206349206349 0.0 0.6 39 0.7435897435897436 0.0 0.7 23 0.782608695652174 0.0 0.9 0 1 1
61 0.1 91 0.5054945054945055 0.02197802197802198 0.4 20 0.75 0.05 0.5 10 0.8 0.1 0.6 3 0.6666666666666666 0.0 0.7 1 1.0 0.0 0.9 0 1 1
61 0.1 104 0.41346153846153844 0.009615384615384616 0.4 14 0.7857142857142857 0.07142857142857142 0.5 6 0.8333333333333334 0.16666666666666666 0.6 2 1.0 0.5 0.7 0 1 1 0.9 0 1 1
61 0.1 279 0.2007168458781362 0.0035842293906810036 0.4 81 0.5185185185185185 0.012345679012345678 0.5 53 0.5849056603773585 0.018867924528301886 0.6 27 0.6296296296296297 0.0 0.7 10 0.5 0.0 0.9 0 1 1
61 0.1 57 0.45614035087719296 0.0 0.4 10 0.6 0.0 0.5 5 0.8 0.0 0.6 3 1.0 0.0 0.7 1 1.0 0.0 0.9 0 1 1
61 0.1 135 0.37777777777777777 0.014814814814814815 0.4 36 0.6388888888888888 0.05555555555555555 0.5 22 0.7272727272727273 0.09090909090909091 0.6 15 0.7333333333333333 0.06666666666666667 0.7 4 0.75 0.0 0.9 0 1 1
61 0.1 166 0.35542168674698793 0.0 0.4 60 0.6333333333333333 0.0 0.5 39 0.717948717948718 0.0 0.6 28 0.7142857142857143 0.0 0.7 8 0.625 0.0 0.9 0 1 1
61 0.1 125 0.448 0.016 0.4 57 0.6491228070175439 0.017543859649122806 0.5 43 0.6511627906976745 0.023255813953488372 0.6 24 0.7083333333333334 0.041666666666666664 0.7 11 0.7272727272727273 0.0 0.9 0 1 1
61 0.1 138 0.427536231884058 0.007246376811594203 0.4 70 0.6142857142857143 0.014285714285714285 0.5 51 0.6274509803921569 0.0196078431372549 0.6 41 0.6829268292682927 0.0 0.7 23 0.782608695652174 0.0 0.9 0 1 1
61 0.1 153 0.27450980392156865 0.0 0.4 25 0.52 0.0 0.5 10 0.5 0.0 0.6 5 0.6 0.0 0.7 0 1 1 0.9 0 1 1
61 0.1 132 0.3484848484848485 0.015151515151515152 0.4 63 0.5396825396825397 0.015873015873015872 0.5 42 0.6428571428571429 0.0 0.6 29 0.5517241379310345 0.0 0.7 16 0.6875 0.0 0.9 0 1 1
61 0.1 107 0.40186915887850466 0.009345794392523364 0.4 36 0.6111111111111112 0.027777777777777776 0.5 25 0.56 0.04 0.6 20 0.55 0.05 0.7 8 1.0 0.125 0.9 0 1 1
61 0.1 106 0.4811320754716981 0.018867924528301886 0.4 43 0.6511627906976745 0.046511627906976744 0.5 31 0.7096774193548387 0.03225806451612903 0.6 18 0.7222222222222222 0.05555555555555555 0.7 10 0.9 0.1 0.9 0 1 1
61 0.1 156 0.36538461538461536 0.00641025641025641 0.4 83 0.5301204819277109 0.012048192771084338 0.5 69 0.5652173913043478 0.014492753623188406 0.6 51 0.6078431372549019 0.0196078431372549 0.7 30 0.6666666666666666 0.03333333333333333 0.9 0 1 1
61 0.1 158 0.36075949367088606 0.006329113924050633 0.4 70 0.6142857142857143 0.014285714285714285 0.5 53 0.6415094339622641 0.018867924528301886 0.6 44 0.6363636363636364 0.0 0.7 12 0.75 0.0 0.9 0 1 1
61 0.1 143 0.38461538461538464 0.02097902097902098 0.4 74 0.5540540540540541 0.04054054054054054 0.5 56 0.625 0.03571428571428571 0.6 39 0.6923076923076923 0.05128205128205128 0.7 20 0.65 0.1 0.9 0 1 1
61 0.1 111 0.46846846846846846 0.0 0.4 49 0.6938775510204082 0.0 0.5 37 0.7297297297297297 0.0 0.6 22 0.8181818181818182 0.0 0.7 11 0.9090909090909091 0.0 0.9 0 1 1
61 0.1 122 0.4426229508196721 0.02459016393442623 0.4 53 0.6415094339622641 0.05660377358490566 0.5 41 0.7073170731707317 0.07317073170731707 0.6 30 0.7 0.1 0.7 11 1.0 0.2727272727272727 0.9 0 1 1
61 0.1 135 0.3925925925925926 0.014814814814814815 0.4 57 0.6140350877192983 0.0 0.5 39 0.6410256410256411 0.0 0.6 25 0.76 0.0 0.7 11 0.8181818181818182 0.0 0.9 0 1 1
61 0.1 127 0.4251968503937008 0.031496062992125984 0.4 44 0.6136363636363636 0.06818181818181818 0.5 34 0.7058823529411765 0.08823529411764706 0.6 27 0.7407407407407407 0.1111111111111111 0.7 9 0.8888888888888888 0.2222222222222222 0.9 0 1 1
61 0.1 162 0.35802469135802467 0.037037037037037035 0.4 75 0.6 0.05333333333333334 0.5 60 0.6166666666666667 0.06666666666666667 0.6 45 0.6666666666666666 0.06666666666666667 0.7 27 0.6666666666666666 0.1111111111111111 0.9 0 1 1
61 0.1 178 0.33707865168539325 0.0 0.4 94 0.5425531914893617 0.0 0.5 69 0.6376811594202898 0.0 0.6 58 0.6551724137931034 0.0 0.7 40 0.725 0.0 0.9 0 1 1
61 0.1 153 0.37254901960784315 0.0392156862745098 0.4 80 0.575 0.075 0.5 69 0.6231884057971014 0.057971014492753624 0.6 48 0.7083333333333334 0.041666666666666664 0.7 28 0.8214285714285714 0.07142857142857142 0.9 0 1 1
61 0.1 145 0.4 0.006896551724137931 0.4 63 0.6031746031746031 0.015873015873015872 0.5 52 0.6538461538461539 0.019230769230769232 0.6 34 0.6764705882352942 0.029411764705882353 0.7 18 0.8333333333333334 0.05555555555555555 0.9 0 1 1
61 0.1 127 0.4094488188976378 0.015748031496062992 0.4 52 0.5576923076923077 0.019230769230769232 0.5 38 0.7105263157894737 0.02631578947368421 0.6 26 0.7307692307692307 0.038461538461538464 0.7 15 0.8 0.06666666666666667 0.9 0 1 1
61 0.1 165 0.3575757575757576 0.0 0.4 86 0.5581395348837209 0.0 0.5 67 0.5970149253731343 0.0 0.6 51 0.6470588235294118 0.0 0.7 30 0.7666666666666667 0.0 0.9 0 1 1
61 0.1 191 0.3089005235602094 0.010471204188481676 0.4 109 0.4954128440366973 0.01834862385321101 0.5 92 0.5543478260869565 0.021739130434782608 0.6 62 0.6451612903225806 0.016129032258064516 0.7 40 0.725 0.025 0.9 0 1 1
61 0.1 134 0.40298507462686567 0.03731343283582089 0.4 82 0.573170731707317 0.06097560975609756 0.5 62 0.6774193548387096 0.08064516129032258 0.6 43 0.7441860465116279 0.09302325581395349 0.7 33 0.7272727272727273 0.09090909090909091 0.9 0 1 1
61 0.1 153 0.3660130718954248 0.006535947712418301 0.4 64 0.609375 0.015625 0.5 52 0.6538461538461539 0.019230769230769232 0.6 40 0.65 0.025 0.7 16 0.75 0.0625 0.9 0 1 1
61 0.1 141 0.3971631205673759 0.014184397163120567 0.4 65 0.676923076923077 0.015384615384615385 0.5 51 0.6666666666666666 0.0196078431372549 0.6 39 0.6410256410256411 0.02564102564102564 0.7 21 0.7619047619047619 0.0 0.9 0 1 1
61 0.1 133 0.42105263157894735 0.015037593984962405 0.4 67 0.5970149253731343 0.014925373134328358 0.5 56 0.6428571428571429 0.017857142857142856 0.6 37 0.6486486486486487 0.02702702702702703 0.7 19 0.7894736842105263 0.05263157894736842 0.9 0 1 1
61 0.1 135 0.4074074074074074 0.022222222222222223 0.4 68 0.5735294117647058 0.029411764705882353 0.5 48 0.6875 0.041666666666666664 0.6 30 0.7666666666666667 0.06666666666666667 0.7 22 0.7272727272727273 0.09090909090909091 0.9 0 1 1
61 0.1 119 0.42857142857142855 0.05042016806722689 0.4 52 0.6923076923076923 0.09615384615384616 0.5 39 0.7692307692307693 0.07692307692307693 0.6 30 0.7 0.1 0.7 16 0.8125 0.0625 0.9 0 1 1
61 0.1 123 0.43089430894308944 0.04065040650406504 0.4 71 0.5915492957746479 0.028169014084507043 0.5 54 0.6481481481481481 0.037037037037037035 0.6 47 0.6808510638297872 0.0425531914893617 0.7 30 0.8 0.06666666666666667 0.9 0 1 1
61 0.1 106 0.4811320754716981 0.03773584905660377 0.4 42 0.6904761904761905 0.09523809523809523 0.5 39 0.6923076923076923 0.10256410256410256 0.6 32 0.71875 0.0625 0.7 15 0.8 0.06666666666666667 0.9 0 1 1
61 0.1 149 0.38926174496644295 0.013422818791946308 0.4 85 0.6 0.023529411764705882 0.5 65 0.676923076923077 0.03076923076923077 0.6 50 0.72 0.04 0.7 35 0.7428571428571429 0.02857142857142857 0.9 0 1 1
61 0.1 162 0.35802469135802467 0.006172839506172839 0.4 94 0.5212765957446809 0.010638297872340425 0.5 80 0.5875 0.0125 0.6 65 0.676923076923077 0.015384615384615385 0.7 48 0.7291666666666666 0.0 0.9 1 1.0 0.0
61 0.1 133 0.41353383458646614 0.03759398496240601 0.4 69 0.5652173913043478 0.057971014492753624 0.5 57 0.6140350877192983 0.07017543859649122 0.6 37 0.7567567567567568 0.08108108108108109 0.7 17 0.8823529411764706 0.17647058823529413 0.9 0 1 1
61 0.1 137 0.40875912408759124 0.014598540145985401 0.4 73 0.5616438356164384 0.0273972602739726 0.5 60 0.6166666666666667 0.03333333333333333 0.6 50 0.66 0.04 0.7 30 0.8 0.06666666666666667 0.9 0 1 1
61 0.1 168 0.3392857142857143 0.005952380952380952 0.4 94 0.5425531914893617 0.010638297872340425 0.5 83 0.5903614457831325 0.012048192771084338 0.6 69 0.6376811594202898 0.014492753623188406 0.7 51 0.6666666666666666 0.0196078431372549 0.9 0 1 1
61 0.1 129 0.4263565891472868 0.05426356589147287 0.4 68 0.6029411764705882 0.07352941176470588 0.5 58 0.6379310344827587 0.08620689655172414 0.6 42 0.6904761904761905 0.09523809523809523 0.7 29 0.7931034482758621 0.13793103448275862 0.9 0 1 1
61 0.1 111 0.4864864864864865 0.02702702702702703 0.4 65 0.6461538461538462 0.046153846153846156 0.5 53 0.6981132075471698 0.05660377358490566 0.6 43 0.7209302325581395 0.046511627906976744 0.7 27 0.8148148148148148 0.0 0.9 0 1 1
61 0.1 154 0.36363636363636365 0.01948051948051948 0.4 78 0.5769230769230769 0.02564102564102564 0.5 61 0.5737704918032787 0.03278688524590164 0.6 54 0.6111111111111112 0.037037037037037035 0.7 37 0.6486486486486487 0.05405405405405406 0.9 0 1 1
61 0.1 139 0.41007194244604317 0.014388489208633094 0.4 81 0.5925925925925926 0.024691358024691357 0.5 70 0.6142857142857143 0.02857142857142857 0.6 63 0.6190476190476191 0.031746031746031744 0.7 37 0.7297297297297297 0.02702702702702703 0.9 0 1 1
61 0.1 103 0.49514563106796117 0.04854368932038835 0.4 58 0.6379310344827587 0.05172413793103448 0.5 48 0.6875 0.0625 0.6 35 0.7142857142857143 0.08571428571428572 0.7 24 0.75 0.125 0.9 0 1 1
61 0.1 105 0.4666666666666667 0.0 0.4 49 0.5918367346938775 0.0 0.5 41 0.6341463414634146 0.0 0.6 31 0.7096774193548387 0.0 0.7 19 0.6842105263157895 0.0 0.9 0 1 1
61 0.1 117 0.452991452991453 0.017094017094017096 0.4 65 0.6153846153846154 0.015384615384615385 0.5 52 0.6346153846153846 0.019230769230769232 0.6 42 0.6666666666666666 0.023809523809523808 0.7 26 0.6923076923076923 0.038461538461538464 0.9 0 1 1
61 0.1 128 0.421875 0.0078125 0.4 75 0.5866666666666667 0.013333333333333334 0.5 65 0.6 0.015384615384615385 0.6 48 0.6666666666666666 0.020833333333333332 0.7 26 0.8076923076923077 0.038461538461538464 0.9 0 1 1
61 0.1 144 0.3958333333333333 0.020833333333333332 0.4 88 0.5681818181818182 0.022727272727272728 0.5 76 0.6052631578947368 0.02631578947368421 0.6 65 0.6153846153846154 0.015384615384615385 0.7 47 0.6808510638297872 0.0 0.9 0 1 1
61 0.1 135 0.4 0.022222222222222223 0.4 69 0.5652173913043478 0.028985507246376812 0.5 54 0.6111111111111112 0.037037037037037035 0.6 38 0.6842105263157895 0.05263157894736842 0.7 26 0.7692307692307693 0.07692307692307693 0.9 0 1 1
61 0.1 112 0.4642857142857143 0.026785714285714284 0.4 54 0.6481481481481481 0.037037037037037035 0.5 42 0.6428571428571429 0.047619047619047616 0.6 32 0.65625 0.03125 0.7 18 0.8888888888888888 0.05555555555555555 0.9 0 1 1
61 0.1 85 0.4117647058823529 0.03529411764705882 0.4 37 0.5945945945945946 0.02702702702702703 0.5 23 0.782608695652174 0.043478260869565216 0.6 15 0.9333333333333333 0.0 0.7 10 0.9 0.0 0.9 0 1 1
61 0.1 54 0.6481481481481481 0.0 0.4 23 0.8260869565217391 0.0 0.5 17 0.8823529411764706 0.0 0.6 16 0.875 0.0 0.7 9 1.0 0.0 0.9 0 1 1
61 0.1 121 0.4380165289256198 0.03305785123966942 0.4 68 0.6029411764705882 0.029411764705882353 0.5 61 0.6065573770491803 0.03278688524590164 0.6 47 0.6595744680851063 0.0425531914893617 0.7 33 0.6666666666666666 0.06060606060606061 0.9 0 1 1
61 0.1 120 0.44166666666666665 0.025 0.4 67 0.582089552238806 0.029850746268656716 0.5 50 0.64 0.04 0.6 40 0.675 0.05 0.7 26 0.8076923076923077 0.07692307692307693 0.9 0 1 1
61 0.1 159 0.3584905660377358 0.018867924528301886 0.4 90 0.5444444444444444 0.022222222222222223 0.5 75 0.6133333333333333 0.02666666666666667 0.6 68 0.6323529411764706 0.029411764705882353 0.7 54 0.6296296296296297 0.037037037037037035 0.9 1 1.0 0.0
61 0.1 142 0.3873239436619718 0.04225352112676056 0.4 75 0.5733333333333334 0.05333333333333334 0.5 65 0.6307692307692307 0.06153846153846154 0.6 56 0.625 0.07142857142857142 0.7 46 0.6521739130434783 0.06521739130434782 0.9 0 1 1
61 0.1 126 0.42857142857142855 0.031746031746031744 0.4 70 0.6 0.02857142857142857 0.5 59 0.6440677966101694 0.03389830508474576 0.6 51 0.6470588235294118 0.0392156862745098 0.7 40 0.65 0.05 0.9 0 1 1
61 0.1 133 0.41353383458646614 0.045112781954887216 0.4 80 0.5625 0.075 0.5 65 0.6 0.06153846153846154 0.6 56 0.625 0.07142857142857142 0.7 44 0.6590909090909091 0.06818181818181818 0.9 0 1 1
61 0.1 159 0.3584905660377358 0.050314465408805034 0.4 89 0.550561797752809 0.07865168539325842 0.5 79 0.5822784810126582 0.08860759493670886 0.6 69 0.6086956521739131 0.08695652173913043 0.7 55 0.6363636363636364 0.10909090909090909 0.9 0 1 1
61 0.1 123 0.43902439024390244 0.008130081300813009 0.4 68 0.5588235294117647 0.0 0.5 60 0.5833333333333334 0.0 0.6 53 0.6226415094339622 0.0 0.7 40 0.725 0.0 0.9 0 1 1
61 0.1 120 0.4583333333333333 0.03333333333333333 0.4 73 0.5616438356164384 0.0547945205479452 0.5 62 0.5967741935483871 0.06451612903225806 0.6 55 0.6363636363636364 0.07272727272727272 0.7 41 0.7073170731707317 0.07317073170731707 0.9 0 1 1
61 0.1 111 0.43243243243243246 0.02702702702702703 0.4 70 0.5571428571428572 0.04285714285714286 0.5 53 0.6415094339622641 0.03773584905660377 0.6 47 0.6808510638297872 0.0425531914893617 0.7 39 0.6923076923076923 0.05128205128205128 0.9 0 1 1
61 0.1 127 0.4330708661417323 0.007874015748031496 0.4 63 0.6349206349206349 0.015873015873015872 0.5 56 0.6607142857142857 0.017857142857142856 0.6 53 0.660377358490566 0.018867924528301886 0.7 37 0.7027027027027027 0.02702702702702703 0.9 0 1 1
61 0.1 103 0.47572815533980584 0.009708737864077669 0.4 54 0.5925925925925926 0.018518518518518517 0.5 46 0.6304347826086957 0.021739130434782608 0.6 38 0.6578947368421053 0.02631578947368421 0.7 30 0.6666666666666666 0.03333333333333333 0.9 0 1 1
61 0.1 90 0.5222222222222223 0.05555555555555555 0.4 38 0.7105263157894737 0.05263157894736842 0.5 31 0.7741935483870968 0.06451612903225806 0.6 26 0.7692307692307693 0.07692307692307693 0.7 18 0.7222222222222222 0.05555555555555555 0.9 0 1 1
61 0.1 145 0.3793103448275862 0.034482758620689655 0.4 89 0.5393258426966292 0.056179775280898875 0.5 78 0.5384615384615384 0.05128205128205128 0.6 65 0.5384615384615384 0.06153846153846154 0.7 52 0.5961538461538461 0.057692307692307696 0.9 0 1 1
61 0.1 119 0.42016806722689076 0.03361344537815126 0.4 75 0.56 0.05333333333333334 0.5 59 0.559322033898305 0.05084745762711865 0.6 44 0.5909090909090909 0.06818181818181818 0.7 35 0.6285714285714286 0.05714285714285714 0.9 0 1 1
61 0.1 111 0.44144144144144143 0.07207207207207207 0.4 63 0.6031746031746031 0.07936507936507936 0.5 52 0.6538461538461539 0.07692307692307693 0.6 41 0.6829268292682927 0.07317073170731707 0.7 32 0.71875 0.09375 0.9 0 1 1
61 0.1 113 0.46017699115044247 0.04424778761061947 0.4 66 0.5454545454545454 0.07575757575757576 0.5 58 0.5517241379310345 0.06896551724137931 0.6 47 0.6170212765957447 0.0851063829787234 0.7 37 0.6756756756756757 0.10810810810810811 0.9 0 1 1
61 0.1 101 0.4752475247524752 0.019801980198019802 0.4 61 0.639344262295082 0.03278688524590164 0.5 52 0.6730769230769231 0.038461538461538464 0.6 41 0.6829268292682927 0.024390243902439025 0.7 31 0.7096774193548387 0.03225806451612903 0.9 0 1 1
61 0.1 110 0.44545454545454544 0.06363636363636363 0.4 59 0.6101694915254238 0.1016949152542373 0.5 50 0.64 0.12 0.6 43 0.6744186046511628 0.11627906976744186 0.7 29 0.7586206896551724 0.13793103448275862 0.9 0 1 1
61 0.1 81 0.5061728395061729 0.06172839506172839 0.4 37 0.7027027027027027 0.08108108108108109 0.5 31 0.7096774193548387 0.0967741935483871 0.6 23 0.782608695652174 0.08695652173913043 0.7 15 0.8666666666666667 0.13333333333333333 0.9 0 1 1
61 0.1 81 0.5185185185185185 0.024691358024691357 0.4 43 0.6744186046511628 0.023255813953488372 0.5 36 0.7222222222222222 0.027777777777777776 0.6 30 0.7666666666666667 0.03333333333333333 0.7 14 0.8571428571428571 0.07142857142857142 0.9 0 1 1
61 0.1 102 0.4215686274509804 0.029411764705882353 0.4 58 0.6206896551724138 0.034482758620689655 0.5 50 0.64 0.04 0.6 34 0.7058823529411765 0.058823529411764705 0.7 21 0.7142857142857143 0.09523809523809523 0.9 0 1 1
61 0.1 121 0.4462809917355372 0.01652892561983471 0.4 69 0.5942028985507246 0.014492753623188406 0.5 62 0.6129032258064516 0.016129032258064516 0.6 52 0.5961538461538461 0.019230769230769232 0.7 37 0.6216216216216216 0.02702702702702703 0.9 0 1 1
61 0.1 123 0.4065040650406504 0.056910569105691054 0.4 70 0.5857142857142857 0.1 0.5 66 0.6060606060606061 0.10606060606060606 0.6 54 0.5925925925925926 0.12962962962962962 0.7 40 0.7 0.15 0.9 0 1 1
61 0.1 84 0.4880952380952381 0.047619047619047616 0.4 52 0.5576923076923077 0.07692307692307693 0.5 43 0.627906976744186 0.09302325581395349 0.6 37 0.6756756756756757 0.08108108108108109 0.7 24 0.7916666666666666 0.08333333333333333 0.9 0 1 1
61 0.1 126 0.4444444444444444 0.023809523809523808 0.4 69 0.5797101449275363 0.043478260869565216 0.5 57 0.5964912280701754 0.03508771929824561 0.6 51 0.6470588235294118 0.0392156862745098 0.7 39 0.6923076923076923 0.05128205128205128 0.9 0 1 1
61 0.1 128 0.4375 0.03125 0.4 78 0.5256410256410257 0.05128205128205128 0.5 70 0.5714285714285714 0.04285714285714286 0.6 53 0.5849056603773585 0.05660377358490566 0.7 36 0.7222222222222222 0.05555555555555555 0.9 0 1 1
61 0.1 137 0.4233576642335766 0.043795620437956206 0.4 87 0.5287356321839081 0.05747126436781609 0.5 71 0.5915492957746479 0.07042253521126761 0.6 57 0.631578947368421 0.08771929824561403 0.7 46 0.6521739130434783 0.06521739130434782 0.9 0 1 1
61 0.1 92 0.4891304347826087 0.05434782608695652 0.4 57 0.6491228070175439 0.05263157894736842 0.5 47 0.6808510638297872 0.0425531914893617 0.6 38 0.7105263157894737 0.05263157894736842 0.7 28 0.8214285714285714 0.03571428571428571 0.9 1 1.0 0.0
61 0.1 105 0.44761904761904764 0.047619047619047616 0.4 62 0.5967741935483871 0.08064516129032258 0.5 56 0.6071428571428571 0.08928571428571429 0.6 43 0.6976744186046512 0.09302325581395349 0.7 31 0.8064516129032258 0.0967741935483871 0.9 0 1 1
61 0.1 102 0.46078431372549017 0.0196078431372549 0.4 65 0.6 0.03076923076923077 0.5 58 0.6206896551724138 0.034482758620689655 0.6 50 0.64 0.04 0.7 33 0.696969696969697 0.030303030303030304 0.9 0 1 1
61 0.1 98 0.46938775510204084 0.030612244897959183 0.4 60 0.6 0.05 0.5 52 0.6346153846153846 0.057692307692307696 0.6 49 0.6530612244897959 0.061224489795918366 0.7 36 0.7222222222222222 0.08333333333333333 0.9 0 1 1
61 0.1 100 0.44 0.01 0.4 64 0.609375 0.015625 0.5 56 0.625 0.017857142857142856 0.6 44 0.6363636363636364 0.022727272727272728 0.7 32 0.75 0.03125 0.9 0 1 1
61 0.1 106 0.4339622641509434 0.02830188679245283 0.4 64 0.609375 0.046875 0.5 51 0.6470588235294118 0.058823529411764705 0.6 45 0.6666666666666666 0.044444444444444446 0.7 33 0.7575757575757576 0.06060606060606061 0.9 0 1 1
61 0.1 98 0.4489795918367347 0.0 0.4 58 0.5862068965517241 0.0 0.5 51 0.6666666666666666 0.0 0.6 42 0.6666666666666666 0.0 0.7 32 0.71875 0.0 0.9 0 1 1
61 0.1 133 0.39097744360902253 0.06015037593984962 0.4 83 0.5421686746987951 0.08433734939759036 0.5 71 0.5774647887323944 0.09859154929577464 0.6 60 0.6 0.11666666666666667 0.7 52 0.6153846153846154 0.11538461538461539 0.9 1 1.0 0.0
61 0.1 121 0.4462809917355372 0.06611570247933884 0.4 85 0.5411764705882353 0.08235294117647059 0.5 76 0.5657894736842105 0.09210526315789473 0.6 66 0.5757575757575758 0.10606060606060606 0.7 53 0.6037735849056604 0.11320754716981132 0.9 0 1 1
61 0.1 101 0.504950495049505 0.039603960396039604 0.4 67 0.5970149253731343 0.05970149253731343 0.5 57 0.5964912280701754 0.03508771929824561 0.6 49 0.5918367346938775 0.04081632653061224 0.7 41 0.6341463414634146 0.04878048780487805 0.9 0 1 1
61 0.1 112 0.48214285714285715 0.026785714285714284 0.4 71 0.5915492957746479 0.04225352112676056 0.5 59 0.5932203389830508 0.05084745762711865 0.6 50 0.58 0.06 0.7 35 0.5714285714285714 0.08571428571428572 0.9 0 1 1
61 0.1 111 0.46846846846846846 0.04504504504504504 0.4 76 0.5657894736842105 0.05263157894736842 0.5 64 0.625 0.0625 0.6 57 0.6140350877192983 0.07017543859649122 0.7 40 0.65 0.075 0.9 0 1 1
61 0.1 122 0.4180327868852459 0.04918032786885246 0.4 72 0.5416666666666666 0.08333333333333333 0.5 62 0.5806451612903226 0.0967741935483871 0.6 56 0.6071428571428571 0.10714285714285714 0.7 49 0.6122448979591837 0.12244897959183673 0.9 1 1.0 0.0
61 0.1 110 0.44545454545454544 0.045454545454545456 0.4 69 0.5507246376811594 0.07246376811594203 0.5 62 0.5483870967741935 0.08064516129032258 0.6 53 0.6226415094339622 0.09433962264150944 0.7 40 0.625 0.1 0.9 1 1.0 0.0
61 0.1 125 0.408 0.04 0.4 79 0.5569620253164557 0.05063291139240506 0.5 70 0.6 0.05714285714285714 0.6 61 0.639344262295082 0.06557377049180328 0.7 45 0.5777777777777777 0.022222222222222223 0.9 2 1.0 0.0
61 0.1 131 0.4351145038167939 0.007633587786259542 0.4 86 0.5465116279069767 0.011627906976744186 0.5 73 0.589041095890411 0.0136986301369863 0.6 68 0.6029411764705882 0.014705882352941176 0.7 53 0.6226415094339622 0.018867924528301886 0.9 2 1.0 0.0
61 0.1 120 0.4166666666666667 0.05 0.4 77 0.5064935064935064 0.06493506493506493 0.5 68 0.5588235294117647 0.07352941176470588 0.6 61 0.5901639344262295 0.08196721311475409 0.7 46 0.6521739130434783 0.08695652173913043 0.9 0 1 1
61 0.1 94 0.5106382978723404 0.0425531914893617 0.4 53 0.6226415094339622 0.03773584905660377 0.5 44 0.7045454545454546 0.045454545454545456 0.6 38 0.6842105263157895 0.02631578947368421 0.7 27 0.6666666666666666 0.037037037037037035 0.9 0 1 1
61 0.1 103 0.4854368932038835 0.02912621359223301 0.4 65 0.6 0.015384615384615385 0.5 60 0.6333333333333333 0.016666666666666666 0.6 54 0.6666666666666666 0.018518518518518517 0.7 43 0.7441860465116279 0.023255813953488372 0.9 1 1.0 0.0
61 0.1 89 0.4943820224719101 0.056179775280898875 0.4 53 0.6415094339622641 0.07547169811320754 0.5 45 0.6444444444444445 0.08888888888888889 0.6 40 0.65 0.1 0.7 25 0.72 0.16 0.9 0 1 1
61 0.1 80 0.5 0.0125 0.4 41 0.6829268292682927 0.024390243902439025 0.5 34 0.7647058823529411 0.029411764705882353 0.6 29 0.7931034482758621 0.0 0.7 20 0.9 0.0 0.9 1 1.0 0.0
61 0.1 88 0.5 0.03409090909090909 0.4 47 0.6595744680851063 0.0425531914893617 0.5 41 0.7073170731707317 0.04878048780487805 0.6 34 0.7647058823529411 0.058823529411764705 0.7 23 0.7391304347826086 0.0 0.9 1 1.0 0.0
61 0.1 106 0.4528301886792453 0.0660377358490566 0.4 60 0.6666666666666666 0.11666666666666667 0.5 55 0.6363636363636364 0.10909090909090909 0.6 48 0.6875 0.125 0.7 36 0.6944444444444444 0.16666666666666666 0.9 1 1.0 0.0
61 0.1 114 0.4473684210526316 0.07017543859649122 0.4 77 0.5844155844155844 0.1038961038961039 0.5 68 0.6323529411764706 0.11764705882352941 0.6 55 0.6181818181818182 0.10909090909090909 0.7 45 0.6444444444444445 0.1111111111111111 0.9 1 1.0 0.0
61 0.1 90 0.5111111111111111 0.044444444444444446 0.4 55 0.6727272727272727 0.03636363636363636 0.5 46 0.717391304347826 0.021739130434782608 0.6 37 0.7567567567567568 0.02702702702702703 0.7 28 0.75 0.03571428571428571 0.9 0 1 1
61 0.1 104 0.46153846153846156 0.07692307692307693 0.4 64 0.578125 0.125 0.5 57 0.631578947368421 0.12280701754385964 0.6 48 0.6458333333333334 0.10416666666666667 0.7 31 0.7741935483870968 0.12903225806451613 0.9 0 1 1
61 0.1 123 0.43089430894308944 0.008130081300813009 0.4 80 0.5625 0.0125 0.5 74 0.5945945945945946 0.013513513513513514 0.6 68 0.6176470588235294 0.014705882352941176 0.7 51 0.7058823529411765 0.0196078431372549 0.9 1 1.0 0.0
61 0.1 109 0.46788990825688076 0.045871559633027525 0.4 71 0.6197183098591549 0.07042253521126761 0.5 63 0.6507936507936508 0.07936507936507936 0.6 50 0.68 0.08 0.7 42 0.7380952380952381 0.09523809523809523 0.9 0 1 1
61 0.1 104 0.46153846153846156 0.009615384615384616 0.4 65 0.6153846153846154 0.015384615384615385 0.5 56 0.6607142857142857 0.017857142857142856 0.6 50 0.68 0.02 0.7 39 0.7435897435897436 0.0 0.9 0 1 1
61 0.1 123 0.43902439024390244 0.032520325203252036 0.4 83 0.5542168674698795 0.03614457831325301 0.5 72 0.5833333333333334 0.041666666666666664 0.6 59 0.6440677966101694 0.05084745762711865 0.7 51 0.6862745098039216 0.0392156862745098 0.9 0 1 1
61 0.1 107 0.4766355140186916 0.0 0.4 67 0.5970149253731343 0.0 0.5 56 0.6071428571428571 0.0 0.6 42 0.7380952380952381 0.0 0.7 37 0.8108108108108109 0.0 0.9 0 1 1
61 0.1 108 0.46296296296296297 0.05555555555555555 0.4 72 0.5833333333333334 0.06944444444444445 0.5 62 0.6290322580645161 0.06451612903225806 0.6 54 0.6666666666666666 0.07407407407407407 0.7 41 0.7560975609756098 0.07317073170731707 0.9 1 1.0 0.0
61 0.1 99 0.45454545454545453 0.030303030303030304 0.4 56 0.6607142857142857 0.05357142857142857 0.5 46 0.6956521739130435 0.06521739130434782 0.6 36 0.6666666666666666 0.08333333333333333 0.7 30 0.7333333333333333 0.1 0.9 0 1 1
61 0.1 83 0.5060240963855421 0.07228915662650602 0.4 51 0.6274509803921569 0.09803921568627451 0.5 44 0.6590909090909091 0.11363636363636363 0.6 37 0.6756756756756757 0.13513513513513514 0.7 24 0.7916666666666666 0.125 0.9 1 1.0 0.0
61 0.1 101 0.42574257425742573 0.009900990099009901 0.4 67 0.5373134328358209 0.014925373134328358 0.5 57 0.5789473684210527 0.017543859649122806 0.6 55 0.6 0.01818181818181818 0.7 35 0.6857142857142857 0.0 0.9 0 1 1
61 0.1 90 0.5222222222222223 0.011111111111111112 0.4 61 0.639344262295082 0.01639344262295082 0.5 55 0.6727272727272727 0.01818181818181818 0.6 45 0.7111111111111111 0.022222222222222223 0.7 38 0.6842105263157895 0.02631578947368421 0.9 0 1 1
61 0.1 74 0.5 0.05405405405405406 0.4 47 0.7021276595744681 0.0851063829787234 0.5 42 0.7142857142857143 0.09523809523809523 0.6 35 0.7714285714285715 0.11428571428571428 0.7 24 0.7083333333333334 0.125 0.9 0 1 1
61 0.1 95 0.47368421052631576 0.021052631578947368 0.4 61 0.5737704918032787 0.03278688524590164 0.5 56 0.5714285714285714 0.03571428571428571 0.6 46 0.6521739130434783 0.043478260869565216 0.7 36 0.6388888888888888 0.05555555555555555 0.9 0 1 1
61 0.1 94 0.5 0.0851063829787234 0.4 68 0.5441176470588235 0.10294117647058823 0.5 56 0.6071428571428571 0.125 0.6 48 0.6666666666666666 0.14583333333333334 0.7 41 0.6585365853658537 0.17073170731707318 0.9 0 1 1
61 0.1 87 0.5057471264367817 0.05747126436781609 0.4 60 0.5833333333333334 0.08333333333333333 0.5 51 0.6274509803921569 0.09803921568627451 0.6 45 0.6222222222222222 0.1111111111111111 0.7 36 0.6666666666666666 0.1111111111111111 0.9 0 1 1
61 0.1 86 0.5 0.06976744186046512 0.4 52 0.6346153846153846 0.11538461538461539 0.5 43 0.627906976744186 0.13953488372093023 0.6 38 0.6578947368421053 0.13157894736842105 0.7 28 0.7142857142857143 0.17857142857142858 0.9 0 1 1
61 0.1 77 0.5454545454545454 0.06493506493506493 0.4 45 0.6444444444444445 0.1111111111111111 0.5 43 0.6511627906976745 0.09302325581395349 0.6 38 0.6578947368421053 0.10526315789473684 0.7 28 0.7142857142857143 0.14285714285714285 0.9 2 1.0 0.0
61 0.1 94 0.48936170212765956 0.0425531914893617 0.4 56 0.5714285714285714 0.07142857142857142 0.5 50 0.58 0.08 0.6 49 0.5918367346938775 0.08163265306122448 0.7 43 0.6511627906976745 0.09302325581395349 0.9 0 1 1
61 0.1 91 0.4835164835164835 0.06593406593406594 0.4 56 0.6071428571428571 0.05357142857142857 0.5 49 0.6122448979591837 0.061224489795918366 0.6 43 0.6511627906976745 0.06976744186046512 0.7 35 0.7428571428571429 0.05714285714285714 0.9 0 1 1
61 0.1 85 0.49411764705882355 0.023529411764705882 0.4 48 0.6666666666666666 0.020833333333333332 0.5 45 0.6666666666666666 0.022222222222222223 0.6 40 0.7 0.025 0.7 32 0.6875 0.03125 0.9 1 1.0 0.0
61 0.1 87 0.5057471264367817 0.011494252873563218 0.4 51 0.6078431372549019 0.0196078431372549 0.5 41 0.6341463414634146 0.024390243902439025 0.6 38 0.631578947368421 0.02631578947368421 0.7 30 0.7 0.03333333333333333 0.9 1 1.0 0.0
61 0.1 86 0.5348837209302325 0.03488372093023256 0.4 65 0.5692307692307692 0.046153846153846156 0.5 55 0.6 0.03636363636363636 0.6 42 0.6666666666666666 0.023809523809523808 0.7 31 0.7419354838709677 0.03225806451612903 0.9 1 1.0 0.0
61 0.1 109 0.47706422018348627 0.01834862385321101 0.4 74 0.5135135135135135 0.013513513513513514 0.5 66 0.5757575757575758 0.015151515151515152 0.6 60 0.5666666666666667 0.016666666666666666 0.7 45 0.6666666666666666 0.022222222222222223 0.9 0 1 1
61 0.1 92 0.4891304347826087 0.07608695652173914 0.4 55 0.6181818181818182 0.09090909090909091 0.5 48 0.6666666666666666 0.10416666666666667 0.6 42 0.7142857142857143 0.11904761904761904 0.7 34 0.7058823529411765 0.14705882352941177 0.9 0 1 1
61 0.1 86 0.5232558139534884 0.046511627906976744 0.4 54 0.6296296296296297 0.05555555555555555 0.5 49 0.673469387755102 0.061224489795918366 0.6 45 0.7111111111111111 0.06666666666666667 0.7 35 0.6857142857142857 0.08571428571428572 0.9 3 1.0 0.0
61 0.1 85 0.5176470588235295 0.03529411764705882 0.4 53 0.6037735849056604 0.05660377358490566 0.5 50 0.62 0.06 0.6 40 0.65 0.075 0.7 30 0.7 0.1 0.9 0 1 1
61 0.1 71 0.5492957746478874 0.028169014084507043 0.4 46 0.6521739130434783 0.043478260869565216 0.5 41 0.7317073170731707 0.04878048780487805 0.6 36 0.75 0.027777777777777776 0.7 26 0.8076923076923077 0.038461538461538464 0.9 0 1 1
61 0.1 80 0.525 0.0125 0.4 49 0.6122448979591837 0.02040816326530612 0.5 42 0.6190476190476191 0.023809523809523808 0.6 36 0.6944444444444444 0.027777777777777776 0.7 25 0.76 0.04 0.9 0 1 1
61 0.1 87 0.5057471264367817 0.05747126436781609 0.4 54 0.6851851851851852 0.07407407407407407 0.5 47 0.7021276595744681 0.0851063829787234 0.6 42 0.6904761904761905 0.07142857142857142 0.7 30 0.6333333333333333 0.03333333333333333 0.9 1 1.0 0.0
61 0.1 96 0.4791666666666667 0.041666666666666664 0.4 61 0.6229508196721312 0.04918032786885246 0.5 55 0.6909090909090909 0.05454545454545454 0.6 49 0.6530612244897959 0.04081632653061224 0.7 35 0.6285714285714286 0.05714285714285714 0.9 1 1.0 0.0
61 0.1 88 0.5340909090909091 0.045454545454545456 0.4 57 0.6491228070175439 0.03508771929824561 0.5 49 0.6530612244897959 0.04081632653061224 0.6 42 0.6428571428571429 0.047619047619047616 0.7 29 0.6896551724137931 0.06896551724137931 0.9 0 1 1
61 0.1 96 0.5 0.020833333333333332 0.4 63 0.6190476190476191 0.015873015873015872 0.5 58 0.603448275862069 0.017241379310344827 0.6 50 0.6 0.02 0.7 39 0.6666666666666666 0.02564102564102564 0.9 3 1.0 0.3333333333333333
61 0.1 102 0.47058823529411764 0.00980392156862745 0.4 68 0.6029411764705882 0.014705882352941176 0.5 61 0.5901639344262295 0.01639344262295082 0.6 53 0.6037735849056604 0.018867924528301886 0.7 44 0.6590909090909091 0.022727272727272728 0.9 1 1.0 0.0
61 0.1 101 0.48514851485148514 0.0594059405940594 0.4 69 0.5797101449275363 0.07246376811594203 0.5 59 0.6101694915254238 0.06779661016949153 0.6 48 0.6875 0.08333333333333333 0.7 34 0.6764705882352942 0.11764705882352941 0.9 0 1 1
61 0.1 98 0.5102040816326531 0.04081632653061224 0.4 64 0.609375 0.046875 0.5 57 0.631578947368421 0.05263157894736842 0.6 44 0.6590909090909091 0.06818181818181818 0.7 38 0.631578947368421 0.07894736842105263 0.9 1 1.0 0.0
61 0.1 95 0.5263157894736842 0.042105263157894736 0.4 66 0.5757575757575758 0.06060606060606061 0.5 60 0.6 0.06666666666666667 0.6 48 0.6875 0.0625 0.7 41 0.7317073170731707 0.07317073170731707 0.9 1 1.0 0.0
61 0.1 93 0.5053763440860215 0.043010752688172046 0.4 62 0.6129032258064516 0.04838709677419355 0.5 53 0.6415094339622641 0.05660377358490566 0.6 46 0.6956521739130435 0.06521739130434782 0.7 32 0.78125 0.0625 0.9 1 1.0 0.0
61 0.1 85 0.5294117647058824 0.047058823529411764 0.4 53 0.6981132075471698 0.07547169811320754 0.5 44 0.7272727272727273 0.09090909090909091 0.6 40 0.75 0.1 0.7 30 0.8 0.13333333333333333 0.9 1 1.0 0.0
61 0.1 100 0.45 0.01 0.4 62 0.6129032258064516 0.016129032258064516 0.5 56 0.6071428571428571 0.017857142857142856 0.6 45 0.6444444444444445 0.022222222222222223 0.7 38 0.7105263157894737 0.02631578947368421 0.9 1 1.0 0.0
61 0.1 111 0.45045045045045046 0.0 0.4 79 0.5569620253164557 0.0 0.5 65 0.5846153846153846 0.0 0.6 60 0.5833333333333334 0.0 0.7 52 0.6346153846153846 0.0 0.9 1 1.0 0.0
61 0.1 87 0.4942528735632184 0.05747126436781609 0.4 61 0.639344262295082 0.08196721311475409 0.5 47 0.7021276595744681 0.10638297872340426 0.6 38 0.7631578947368421 0.13157894736842105 0.7 32 0.8125 0.15625 0.9 1 1.0 0.0
61 0.1 88 0.5227272727272727 0.09090909090909091 0.4 53 0.6037735849056604 0.1509433962264151 0.5 48 0.6458333333333334 0.16666666666666666 0.6 42 0.7380952380952381 0.19047619047619047 0.7 32 0.8125 0.21875 0.9 1 1.0 0.0
61 0.1 96 0.5 0.052083333333333336 0.4 70 0.5714285714285714 0.07142857142857142 0.5 62 0.5967741935483871 0.06451612903225806 0.6 58 0.603448275862069 0.06896551724137931 0.7 47 0.6808510638297872 0.06382978723404255 0.9 3 1.0 0.0
61 0.1 89 0.4943820224719101 0.06741573033707865 0.4 59 0.6440677966101694 0.1016949152542373 0.5 53 0.6792452830188679 0.11320754716981132 0.6 47 0.6808510638297872 0.1276595744680851 0.7 38 0.6842105263157895 0.15789473684210525 0.9 3 1.0 0.3333333333333333
61 0.1 97 0.4742268041237113 0.041237113402061855 0.4 64 0.5625 0.0625 0.5 62 0.5806451612903226 0.06451612903225806 0.6 54 0.6296296296296297 0.07407407407407407 0.7 42 0.6904761904761905 0.09523809523809523 0.9 3 0.6666666666666666 0.0
61 0.1 92 0.4782608695652174 0.021739130434782608 0.4 58 0.6724137931034483 0.034482758620689655 0.5 54 0.6851851851851852 0.037037037037037035 0.6 48 0.7083333333333334 0.041666666666666664 0.7 41 0.7317073170731707 0.04878048780487805 0.9 2 1.0 0.0
61 0.1 87 0.5172413793103449 0.022988505747126436 0.4 54 0.7037037037037037 0.018518518518518517 0.5 49 0.7346938775510204 0.02040816326530612 0.6 46 0.7608695652173914 0.021739130434782608 0.7 35 0.8 0.02857142857142857 0.9 2 1.0 0.0
61 0.1 74 0.5405405405405406 0.0 0.4 41 0.7317073170731707 0.0 0.5 38 0.7368421052631579 0.0 0.6 31 0.8064516129032258 0.0 0.7 25 0.84 0.0 0.9 2 1.0 0.0
61 0.1 82 0.4878048780487805 0.012195121951219513 0.4 49 0.6530612244897959 0.02040816326530612 0.5 43 0.7209302325581395 0.023255813953488372 0.6 35 0.8285714285714286 0.02857142857142857 0.7 28 0.8214285714285714 0.03571428571428571 0.9 2 1.0 0.0
61 0.1 77 0.5454545454545454 0.03896103896103896 0.4 49 0.673469387755102 0.061224489795918366 0.5 44 0.6818181818181818 0.06818181818181818 0.6 41 0.7073170731707317 0.07317073170731707 0.7 36 0.6944444444444444 0.08333333333333333 0.9 2 1.0 0.0
61 0.1 101 0.48514851485148514 0.0297029702970297 0.4 54 0.6481481481481481 0.037037037037037035 0.5 49 0.6530612244897959 0.04081632653061224 0.6 47 0.6595744680851063 0.0425531914893617 0.7 36 0.75 0.05555555555555555 0.9 1 1.0 0.0
61 0.1 94 0.5 0.05319148936170213 0.4 63 0.6031746031746031 0.07936507936507936 0.5 52 0.6153846153846154 0.07692307692307693 0.6 44 0.6818181818181818 0.09090909090909091 0.7 35 0.7714285714285715 0.11428571428571428 0.9 1 1.0 0.0
61 0.1 97 0.4845360824742268 0.061855670103092786 0.4 70 0.5714285714285714 0.07142857142857142 0.5 60 0.6166666666666667 0.08333333333333333 0.6 53 0.6415094339622641 0.09433962264150944 0.7 42 0.7380952380952381 0.11904761904761904 0.9 2 1.0 0.0
61 0.1 96 0.4791666666666667 0.0 0.4 62 0.6129032258064516 0.0 0.5 53 0.6415094339622641 0.0 0.6 46 0.6739130434782609 0.0 0.7 38 0.7105263157894737 0.0 0.9 1 1.0 0.0
61 0.1 92 0.5217391304347826 0.06521739130434782 0.4 65 0.6461538461538462 0.07692307692307693 0.5 54 0.6666666666666666 0.07407407407407407 0.6 47 0.6595744680851063 0.0851063829787234 0.7 38 0.7368421052631579 0.10526315789473684 0.9 1 1.0 0.0
61 0.1 92 0.5108695652173914 0.05434782608695652 0.4 61 0.6229508196721312 0.08196721311475409 0.5 53 0.660377358490566 0.09433962264150944 0.6 46 0.6739130434782609 0.10869565217391304 0.7 36 0.75 0.1111111111111111 0.9 1 1.0 0.0
61 0.1 90 0.5 0.05555555555555555 0.4 61 0.6065573770491803 0.08196721311475409 0.5 50 0.68 0.1 0.6 45 0.7111111111111111 0.08888888888888889 0.7 32 0.78125 0.09375 0.9 2 1.0 0.0
61 0.1 88 0.5113636363636364 0.022727272727272728 0.4 53 0.5660377358490566 0.018867924528301886 0.5 45 0.6444444444444445 0.022222222222222223 0.6 42 0.6904761904761905 0.023809523809523808 0.7 33 0.7575757575757576 0.030303030303030304 0.9 2 1.0 0.0
61 0.1 71 0.5774647887323944 0.056338028169014086 0.4 42 0.7380952380952381 0.09523809523809523 0.5 39 0.7435897435897436 0.10256410256410256 0.6 34 0.8235294117647058 0.11764705882352941 0.7 28 0.8571428571428571 0.14285714285714285 0.9 2 1.0 0.0
61 0.1 82 0.5365853658536586 0.04878048780487805 0.4 63 0.6349206349206349 0.06349206349206349 0.5 55 0.6727272727272727 0.07272727272727272 0.6 46 0.6739130434782609 0.08695652173913043 0.7 34 0.7058823529411765 0.08823529411764706 0.9 2 1.0 0.0
61 0.1 80 0.5375 0.0375 0.4 50 0.64 0.04 0.5 43 0.6744186046511628 0.046511627906976744 0.6 39 0.7435897435897436 0.05128205128205128 0.7 30 0.7666666666666667 0.03333333333333333 0.9 2 1.0 0.0
61 0.1 76 0.5263157894736842 0.05263157894736842 0.4 46 0.6521739130434783 0.06521739130434782 0.5 38 0.7105263157894737 0.07894736842105263 0.6 34 0.7352941176470589 0.08823529411764706 0.7 31 0.8064516129032258 0.0967741935483871 0.9 2 1.0 0.0
61 0.1 88 0.5340909090909091 0.045454545454545456 0.4 54 0.6851851851851852 0.07407407407407407 0.5 53 0.6981132075471698 0.07547169811320754 0.6 37 0.7567567567567568 0.10810810810810811 0.7 33 0.7878787878787878 0.12121212121212122 0.9 1 1.0 0.0
61 0.1 84 0.5238095238095238 0.05952380952380952 0.4 54 0.6296296296296297 0.09259259259259259 0.5 48 0.6458333333333334 0.10416666666666667 0.6 39 0.717948717948718 0.10256410256410256 0.7 30 0.7 0.13333333333333333 0.9 2 1.0 0.0
61 0.1 80 0.5375 0.075 0.4 52 0.6346153846153846 0.11538461538461539 0.5 44 0.6363636363636364 0.11363636363636363 0.6 33 0.6666666666666666 0.12121212121212122 0.7 30 0.6666666666666666 0.13333333333333333 0.9 1 1.0 0.0
61 0.1 70 0.6 0.07142857142857142 0.4 41 0.6829268292682927 0.07317073170731707 0.5 35 0.7142857142857143 0.05714285714285714 0.6 29 0.7241379310344828 0.06896551724137931 0.7 25 0.72 0.08 0.9 1 1.0 0.0
61 0.1 79 0.5316455696202531 0.06329113924050633 0.4 51 0.6862745098039216 0.09803921568627451 0.5 41 0.7560975609756098 0.12195121951219512 0.6 39 0.7435897435897436 0.10256410256410256 0.7 31 0.7419354838709677 0.12903225806451613 0.9 3 1.0 0.0
61 0.1 80 0.55 0.075 0.4 56 0.5714285714285714 0.10714285714285714 0.5 44 0.6818181818181818 0.13636363636363635 0.6 37 0.7567567567567568 0.16216216216216217 0.7 33 0.7575757575757576 0.15151515151515152 0.9 1 1.0 0.0
61 0.1 71 0.5633802816901409 0.028169014084507043 0.4 47 0.6808510638297872 0.0425531914893617 0.5 43 0.7209302325581395 0.046511627906976744 0.6 35 0.8 0.05714285714285714 0.7 29 0.7586206896551724 0.06896551724137931 0.9 3 0.6666666666666666 0.3333333333333333
61 0.1 90 0.5111111111111111 0.07777777777777778 0.4 56 0.6785714285714286 0.10714285714285714 0.5 52 0.6730769230769231 0.11538461538461539 0.6 45 0.7111111111111111 0.13333333333333333 0.7 36 0.75 0.16666666666666666 0.9 5 0.6 0.2
61 0.1 80 0.5375 0.0625 0.4 55 0.6727272727272727 0.09090909090909091 0.5 50 0.68 0.1 0.6 40 0.725 0.125 0.7 36 0.75 0.1388888888888889 0.9 3 0.6666666666666666 0.0
61 0.1 82 0.5121951219512195 0.06097560975609756 0.4 52 0.6538461538461539 0.09615384615384616 0.5 45 0.6888888888888889 0.1111111111111111 0.6 43 0.6976744186046512 0.11627906976744186 0.7 35 0.7142857142857143 0.11428571428571428 0.9 3 0.6666666666666666 0.0
61 0.1 92 0.4891304347826087 0.043478260869565216 0.4 63 0.6031746031746031 0.06349206349206349 0.5 57 0.6140350877192983 0.07017543859649122 0.6 50 0.66 0.06 0.7 38 0.7105263157894737 0.07894736842105263 0.9 3 0.6666666666666666 0.0
61 0.1 71 0.5492957746478874 0.04225352112676056 0.4 46 0.6086956521739131 0.06521739130434782 0.5 43 0.627906976744186 0.06976744186046512 0.6 35 0.7142857142857143 0.08571428571428572 0.7 29 0.7586206896551724 0.10344827586206896 0.9 4 0.75 0.25
61 0.1 75 0.5466666666666666 0.08 0.4 54 0.7037037037037037 0.1111111111111111 0.5 48 0.6875 0.08333333333333333 0.6 41 0.6829268292682927 0.07317073170731707 0.7 33 0.696969696969697 0.06060606060606061 0.9 3 0.6666666666666666 0.0
61 0.1 88 0.5 0.06818181818181818 0.4 62 0.5967741935483871 0.0967741935483871 0.5 56 0.625 0.10714285714285714 0.6 49 0.6938775510204082 0.12244897959183673 0.7 37 0.7297297297297297 0.16216216216216217 0.9 4 1.0 0.0
61 0.1 81 0.5061728395061729 0.09876543209876543 0.4 52 0.5961538461538461 0.1346153846153846 0.5 48 0.6458333333333334 0.14583333333333334 0.6 44 0.6590909090909091 0.13636363636363635 0.7 38 0.6842105263157895 0.15789473684210525 0.9 4 1.0 0.25
61 0.1 99 0.46464646464646464 0.0707070707070707 0.4 63 0.6190476190476191 0.09523809523809523 0.5 58 0.6206896551724138 0.10344827586206896 0.6 50 0.66 0.12 0.7 42 0.6904761904761905 0.14285714285714285 0.9 4 0.75 0.0
61 0.1 100 0.47 0.06 0.4 75 0.5333333333333333 0.08 0.5 66 0.5757575757575758 0.09090909090909091 0.6 62 0.6129032258064516 0.0967741935483871 0.7 57 0.6666666666666666 0.10526315789473684 0.9 3 0.6666666666666666 0.0
61 0.1 98 0.45918367346938777 0.061224489795918366 0.4 59 0.6440677966101694 0.1016949152542373 0.5 58 0.6551724137931034 0.10344827586206896 0.6 52 0.7115384615384616 0.11538461538461539 0.7 43 0.6744186046511628 0.09302325581395349 0.9 4 0.75 0.0
61 0.1 97 0.4536082474226804 0.041237113402061855 0.4 62 0.532258064516129 0.04838709677419355 0.5 55 0.5818181818181818 0.05454545454545454 0.6 52 0.5961538461538461 0.057692307692307696 0.7 45 0.6666666666666666 0.06666666666666667 0.9 3 0.6666666666666666 0.0
61 0.1 90 0.4666666666666667 0.1 0.4 56 0.6071428571428571 0.14285714285714285 0.5 50 0.66 0.16 0.6 48 0.6666666666666666 0.16666666666666666 0.7 41 0.6585365853658537 0.17073170731707318 0.9 3 0.6666666666666666 0.0
61 0.1 78 0.5 0.038461538461538464 0.4 50 0.66 0.06 0.5 40 0.7 0.075 0.6 34 0.7058823529411765 0.08823529411764706 0.7 30 0.7333333333333333 0.1 0.9 2 1.0 0.0
61 0.1 88 0.4772727272727273 0.045454545454545456 0.4 59 0.6271186440677966 0.06779661016949153 0.5 53 0.660377358490566 0.07547169811320754 0.6 44 0.6590909090909091 0.09090909090909091 0.7 33 0.696969696969697 0.12121212121212122 0.9 4 0.75 0.0
61 0.1 87 0.4942528735632184 0.08045977011494253 0.4 62 0.6129032258064516 0.11290322580645161 0.5 57 0.6491228070175439 0.12280701754385964 0.6 47 0.6808510638297872 0.1276595744680851 0.7 38 0.7105263157894737 0.10526315789473684 0.9 2 1.0 0.0
61 0.1 87 0.4942528735632184 0.04597701149425287 0.4 64 0.609375 0.0625 0.5 56 0.625 0.07142857142857142 0.6 50 0.64 0.08 0.7 39 0.6666666666666666 0.10256410256410256 0.9 2 1.0 0.0
61 0.1 67 0.5074626865671642 0.08955223880597014 0.4 47 0.5957446808510638 0.10638297872340426 0.5 40 0.625 0.125 0.6 36 0.6666666666666666 0.1388888888888889 0.7 30 0.7 0.16666666666666666 0.9 3 0.6666666666666666 0.0
61 0.1 86 0.5116279069767442 0.05813953488372093 0.4 52 0.6346153846153846 0.09615384615384616 0.5 48 0.6875 0.10416666666666667 0.6 45 0.6888888888888889 0.08888888888888889 0.7 42 0.7142857142857143 0.09523809523809523 0.9 3 0.6666666666666666 0.0
61 0.1 94 0.5212765957446809 0.05319148936170213 0.4 61 0.5737704918032787 0.04918032786885246 0.5 58 0.603448275862069 0.05172413793103448 0.6 48 0.6666666666666666 0.041666666666666664 0.7 42 0.6904761904761905 0.047619047619047616 0.9 3 0.6666666666666666 0.0
61 0.1 95 0.47368421052631576 0.031578947368421054 0.4 64 0.578125 0.046875 0.5 57 0.6140350877192983 0.05263157894736842 0.6 47 0.6382978723404256 0.06382978723404255 0.7 40 0.725 0.075 0.9 3 1.0 0.0
61 0.1 79 0.5569620253164557 0.0759493670886076 0.4 52 0.6346153846153846 0.11538461538461539 0.5 46 0.6956521739130435 0.13043478260869565 0.6 39 0.6666666666666666 0.15384615384615385 0.7 32 0.75 0.1875 0.9 2 1.0 0.0
61 0.1 98 0.4897959183673469 0.04081632653061224 0.4 69 0.6231884057971014 0.057971014492753624 0.5 62 0.6612903225806451 0.06451612903225806 0.6 55 0.6545454545454545 0.05454545454545454 0.7 44 0.6590909090909091 0.06818181818181818 0.9 2 1.0 0.0
61 0.1 87 0.5057471264367817 0.13793103448275862 0.4 57 0.631578947368421 0.19298245614035087 0.5 53 0.6415094339622641 0.18867924528301888 0.6 48 0.7083333333333334 0.20833333333333334 0.7 42 0.6904761904761905 0.23809523809523808 0.9 5 0.8 0.6
61 0.1 85 0.4823529411764706 0.09411764705882353 0.4 53 0.6415094339622641 0.1320754716981132 0.5 50 0.66 0.14 0.6 45 0.6888888888888889 0.15555555555555556 0.7 37 0.7027027027027027 0.1891891891891892 0.9 6 0.8333333333333334 0.3333333333333333
61 0.1 76 0.5394736842105263 0.039473684210526314 0.4 50 0.64 0.06 0.5 43 0.6744186046511628 0.06976744186046512 0.6 37 0.7297297297297297 0.08108108108108109 0.7 32 0.75 0.09375 0.9 2 1.0 0.0
61 0.1 87 0.4942528735632184 0.06896551724137931 0.4 54 0.6666666666666666 0.1111111111111111 0.5 49 0.673469387755102 0.08163265306122448 0.6 39 0.717948717948718 0.10256410256410256 0.7 32 0.75 0.125 0.9 1 1.0 0.0
61 0.1 79 0.5189873417721519 0.05063291139240506 0.4 49 0.6530612244897959 0.061224489795918366 0.5 44 0.6590909090909091 0.06818181818181818 0.6 40 0.675 0.075 0.7 31 0.8064516129032258 0.0967741935483871 0.9 2 1.0 0.0
61 0.1 86 0.5116279069767442 0.06976744186046512 0.4 55 0.5818181818181818 0.09090909090909091 0.5 51 0.6078431372549019 0.09803921568627451 0.6 43 0.6976744186046512 0.11627906976744186 0.7 35 0.7142857142857143 0.14285714285714285 0.9 4 0.75 0.0
61 0.1 78 0.5384615384615384 0.0641025641025641 0.4 53 0.6037735849056604 0.07547169811320754 0.5 49 0.6122448979591837 0.08163265306122448 0.6 43 0.6511627906976745 0.09302325581395349 0.7 40 0.675 0.1 0.9 4 0.75 0.25
61 0.1 76 0.5394736842105263 0.07894736842105263 0.4 58 0.6206896551724138 0.08620689655172414 0.5 48 0.6458333333333334 0.10416666666666667 0.6 44 0.6818181818181818 0.11363636363636363 0.7 38 0.6842105263157895 0.10526315789473684 0.9 3 0.6666666666666666 0.0
61 0.1 95 0.5052631578947369 0.08421052631578947 0.4 66 0.5757575757575758 0.12121212121212122 0.5 58 0.603448275862069 0.1206896551724138 0.6 52 0.6153846153846154 0.1346153846153846 0.7 50 0.62 0.14 0.9 4 0.75 0.25
61 0.1 88 0.5 0.07954545454545454 0.4 57 0.631578947368421 0.10526315789473684 0.5 47 0.6808510638297872 0.1276595744680851 0.6 41 0.6829268292682927 0.14634146341463414 0.7 40 0.675 0.15 0.9 5 0.8 0.0
61 0.1 88 0.5113636363636364 0.056818181818181816 0.4 54 0.6296296296296297 0.05555555555555555 0.5 47 0.6595744680851063 0.06382978723404255 0.6 45 0.6666666666666666 0.06666666666666667 0.7 41 0.6585365853658537 0.07317073170731707 0.9 3 0.6666666666666666 0.0
61 0.1 87 0.5172413793103449 0.06896551724137931 0.4 55 0.6363636363636364 0.09090909090909091 0.5 51 0.6666666666666666 0.09803921568627451 0.6 45 0.6888888888888889 0.08888888888888889 0.7 43 0.6976744186046512 0.09302325581395349 0.9 4 1.0 0.0
61 0.1 101 0.46534653465346537 0.0297029702970297 0.4 61 0.5901639344262295 0.03278688524590164 0.5 55 0.6363636363636364 0.03636363636363636 0.6 49 0.673469387755102 0.04081632653061224 0.7 43 0.7209302325581395 0.046511627906976744 0.9 4 1.0 0.0
61 0.1 101 0.48514851485148514 0.06930693069306931 0.4 67 0.6268656716417911 0.08955223880597014 0.5 58 0.6551724137931034 0.10344827586206896 0.6 54 0.6666666666666666 0.1111111111111111 0.7 51 0.7058823529411765 0.11764705882352941 0.9 3 1.0 0.0
61 0.1 98 0.47959183673469385 0.04081632653061224 0.4 64 0.609375 0.046875 0.5 54 0.6111111111111112 0.037037037037037035 0.6 50 0.64 0.04 0.7 43 0.627906976744186 0.046511627906976744 0.9 3 0.6666666666666666 0.3333333333333333
61 0.1 79 0.5569620253164557 0.06329113924050633 0.4 51 0.6470588235294118 0.058823529411764705 0.5 47 0.6595744680851063 0.06382978723404255 0.6 39 0.6666666666666666 0.07692307692307693 0.7 36 0.6666666666666666 0.05555555555555555 0.9 3 0.6666666666666666 0.3333333333333333
61 0.1 80 0.525 0.05 0.4 54 0.6296296296296297 0.07407407407407407 0.5 49 0.6326530612244898 0.08163265306122448 0.6 40 0.625 0.1 0.7 35 0.6571428571428571 0.08571428571428572 0.9 2 0.5 0.0
61 0.1 80 0.5125 0.0375 0.4 55 0.6 0.05454545454545454 0.5 50 0.64 0.06 0.6 44 0.6590909090909091 0.06818181818181818 0.7 37 0.7027027027027027 0.08108108108108109 0.9 3 0.6666666666666666 0.3333333333333333
61 0.1 88 0.5 0.056818181818181816 0.4 60 0.6 0.08333333333333333 0.5 55 0.6181818181818182 0.09090909090909091 0.6 48 0.6458333333333334 0.08333333333333333 0.7 44 0.6590909090909091 0.09090909090909091 0.9 5 0.8 0.4
61 0.1 90 0.5111111111111111 0.011111111111111112 0.4 61 0.6229508196721312 0.01639344262295082 0.5 55 0.6363636363636364 0.01818181818181818 0.6 50 0.66 0.02 0.7 38 0.6578947368421053 0.02631578947368421 0.9 3 0.6666666666666666 0.0
61 0.1 90 0.5111111111111111 0.011111111111111112 0.4 59 0.6101694915254238 0.01694915254237288 0.5 55 0.6545454545454545 0.01818181818181818 0.6 52 0.6730769230769231 0.019230769230769232 0.7 40 0.675 0.025 0.9 4 0.75 0.0
61 0.1 96 0.4895833333333333 0.041666666666666664 0.4 61 0.5901639344262295 0.04918032786885246 0.5 54 0.6481481481481481 0.05555555555555555 0.6 48 0.6875 0.0625 0.7 45 0.7111111111111111 0.06666666666666667 0.9 3 0.6666666666666666 0.0
61 0.1 76 0.5394736842105263 0.039473684210526314 0.4 51 0.6666666666666666 0.058823529411764705 0.5 48 0.6875 0.0625 0.6 44 0.6818181818181818 0.06818181818181818 0.7 39 0.717948717948718 0.07692307692307693 0.9 3 0.6666666666666666 0.3333333333333333
61 0.1 90 0.5222222222222223 0.05555555555555555 0.4 60 0.6 0.08333333333333333 0.5 54 0.6296296296296297 0.09259259259259259 0.6 52 0.6538461538461539 0.09615384615384616 0.7 46 0.6739130434782609 0.08695652173913043 0.9 3 1.0 0.3333333333333333
61 0.1 91 0.4945054945054945 0.054945054945054944 0.4 55 0.6181818181818182 0.07272727272727272 0.5 52 0.6346153846153846 0.07692307692307693 0.6 44 0.6818181818181818 0.09090909090909091 0.7 43 0.6976744186046512 0.09302325581395349 0.9 7 0.8571428571428571 0.14285714285714285
61 0.1 96 0.46875 0.07291666666666667 0.4 61 0.5901639344262295 0.08196721311475409 0.5 52 0.6153846153846154 0.09615384615384616 0.6 45 0.6888888888888889 0.1111111111111111 0.7 44 0.6818181818181818 0.11363636363636363 0.9 3 0.3333333333333333 0.0
61 0.1 74 0.527027027027027 0.05405405405405406 0.4 48 0.625 0.08333333333333333 0.5 43 0.6744186046511628 0.09302325581395349 0.6 39 0.717948717948718 0.10256410256410256 0.7 37 0.7297297297297297 0.10810810810810811 0.9 1 1.0 0.0
61 0.1 71 0.5774647887323944 0.056338028169014086 0.4 47 0.6595744680851063 0.0851063829787234 0.5 45 0.6888888888888889 0.08888888888888889 0.6 42 0.6904761904761905 0.07142857142857142 0.7 37 0.7027027027027027 0.08108108108108109 0.9 5 0.8 0.4
61 0.1 78 0.5512820512820513 0.0641025641025641 0.4 50 0.66 0.08 0.5 46 0.6739130434782609 0.06521739130434782 0.6 45 0.6666666666666666 0.06666666666666667 0.7 41 0.7073170731707317 0.07317073170731707 0.9 4 0.75 0.0
61 0.1 93 0.46236559139784944 0.03225806451612903 0.4 58 0.603448275862069 0.05172413793103448 0.5 51 0.6274509803921569 0.0392156862745098 0.6 50 0.64 0.04 0.7 46 0.6739130434782609 0.043478260869565216 0.9 6 0.8333333333333334 0.16666666666666666
61 0.1 85 0.49411764705882355 0.023529411764705882 0.4 56 0.625 0.03571428571428571 0.5 51 0.6470588235294118 0.0392156862745098 0.6 47 0.6808510638297872 0.0425531914893617 0.7 43 0.6511627906976745 0.046511627906976744 0.9 5 0.8 0.0
61 0.1 95 0.4842105263157895 0.05263157894736842 0.4 62 0.5967741935483871 0.04838709677419355 0.5 55 0.6545454545454545 0.05454545454545454 0.6 50 0.66 0.06 0.7 44 0.7045454545454546 0.045454545454545456 0.9 5 0.8 0.4
