16 0.1 0 1 1 0.4 0 1 1 0.5 0 1 1 0.6 0 1 1 0.7 0 1 1 0.9 0 1 1
16 0.1 16 0.0625 0.0 0.4 0 1 1 0.5 0 1 1 0.6 0 1 1 0.7 0 1 1 0.9 0 1 1
16 0.1 87 0.11494252873563218 0.0 0.4 2 0.0 0.0 0.5 1 0.0 0.0 0.6 0 1 1 0.7 0 1 1 0.9 0 1 1
16 0.1 94 0.09574468085106383 0.0 0.4 12 0.16666666666666666 0.0 0.5 7 0.14285714285714285 0.0 0.6 1 0.0 0.0 0.7 0 1 1 0.9 0 1 1
16 0.1 193 0.07772020725388601 0.0 0.4 50 0.2 0.0 0.5 33 0.30303030303030304 0.0 0.6 20 0.4 0.0 0.7 4 0.75 0.0 0.9 0 1 1
16 0.1 78 0.14102564102564102 0.0 0.4 10 0.1 0.0 0.5 3 0.0 0.0 0.6 0 1 1 0.7 0 1 1 0.9 0 1 1
16 0.1 111 0.13513513513513514 0.0 0.4 22 0.3181818181818182 0.0 0.5 2 0.0 0.0 0.6 0 1 1 0.7 0 1 1 0.9 0 1 1
16 0.1 62 0.22580645161290322 0.0 0.4 0 1 1 0.5 0 1 1 0.6 0 1 1 0.7 0 1 1 0.9 0 1 1
16 0.1 80 0.125 0.0 0.4 20 0.3 0.0 0.5 6 0.5 0.0 0.6 4 0.5 0.0 0.7 0 1 1 0.9 0 1 1
16 0.1 64 0.21875 0.0 0.4 14 0.5 0.0 0.5 5 1.0 0.0 0.6 2 1.0 0.0 0.7 0 1 1 0.9 0 1 1
16 0.1 69 0.17391304347826086 0.0 0.4 20 0.45 0.0 0.5 12 0.5 0.0 0.6 2 1.0 0.0 0.7 0 1 1 0.9 0 1 1
16 0.1 46 0.2391304347826087 0.0 0.4 15 0.4666666666666667 0.0 0.5 8 0.75 0.0 0.6 2 1.0 0.0 0.7 0 1 1 0.9 0 1 1
16 0.1 7 0.5714285714285714 0.0 0.4 2 1.0 0.0 0.5 1 1.0 0.0 0.6 1 1.0 0.0 0.7 0 1 1 0.9 0 1 1
16 0.1 14 0.5 0.0 0.4 3 1.0 0.0 0.5 0 1 1 0.6 0 1 1 0.7 0 1 1 0.9 0 1 1
16 0.1 39 0.358974358974359 0.0 0.4 17 0.7058823529411765 0.0 0.5 15 0.8 0.0 0.6 12 0.9166666666666666 0.0 0.7 8 1.0 0.0 0.9 0 1 1
16 0.1 39 0.41025641025641024 0.0 0.4 15 0.6666666666666666 0.0 0.5 11 0.9090909090909091 0.0 0.6 10 1.0 0.0 0.7 6 1.0 0.0 0.9 0 1 1
16 0.1 28 0.4642857142857143 0.0 0.4 11 0.8181818181818182 0.0 0.5 9 0.8888888888888888 0.0 0.6 2 0.5 0.0 0.7 1 1.0 0.0 0.9 0 1 1
16 0.1 37 0.32432432432432434 0.0 0.4 25 0.4 0.0 0.5 16 0.625 0.0 0.6 11 0.6363636363636364 0.0 0.7 4 1.0 0.0 0.9 0 1 1
16 0.1 4 0.25 0.0 0.4 0 1 1 0.5 0 1 1 0.6 0 1 1 0.7 0 1 1 0.9 0 1 1
16 0.1 37 0.40540540540540543 0.0 0.4 16 0.5625 0.0 0.5 11 0.7272727272727273 0.0 0.6 8 0.875 0.0 0.7 1 1.0 0.0 0.9 0 1 1
16 0.1 17 0.4117647058823529 0.0 0.4 6 0.5 0.0 0.5 4 0.5 0.0 0.6 0 1 1 0.7 0 1 1 0.9 0 1 1
16 0.1 15 0.8 0.0 0.4 4 0.75 0.0 0.5 3 1.0 0.0 0.6 2 1.0 0.0 0.7 0 1 1 0.9 0 1 1
16 0.1 33 0.3939393939393939 0.0 0.4 17 0.6470588235294118 0.0 0.5 13 0.6923076923076923 0.0 0.6 11 0.7272727272727273 0.0 0.7 7 0.8571428571428571 0.0 0.9 0 1 1
16 0.1 1 0.0 0.0 0.4 0 1 1 0.5 0 1 1 0.6 0 1 1 0.7 0 1 1 0.9 0 1 1
16 0.1 45 0.3111111111111111 0.0 0.4 19 0.47368421052631576 0.0 0.5 12 0.5833333333333334 0.0 0.6 6 1.0 0.0 0.7 4 1.0 0.0 0.9 0 1 1
16 0.1 26 0.4230769230769231 0.0 0.4 14 0.5714285714285714 0.0 0.5 9 0.5555555555555556 0.0 0.6 6 0.6666666666666666 0.0 0.7 3 0.6666666666666666 0.0 0.9 0 1 1
16 0.1 22 0.5909090909090909 0.0 0.4 9 0.7777777777777778 0.0 0.5 8 0.75 0.0 0.6 5 1.0 0.0 0.7 3 1.0 0.0 0.9 0 1 1
16 0.1 0 1 1 0.4 0 1 1 0.5 0 1 1 0.6 0 1 1 0.7 0 1 1 0.9 0 1 1
16 0.1 0 1 1 0.4 0 1 1 0.5 0 1 1 0.6 0 1 1 0.7 0 1 1 0.9 0 1 1
16 0.1 2 0.0 0.0 0.4 0 1 1 0.5 0 1 1 0.6 0 1 1 0.7 0 1 1 0.9 0 1 1
16 0.1 9 0.3333333333333333 0.0 0.4 0 1 1 0.5 0 1 1 0.6 0 1 1 0.7 0 1 1 0.9 0 1 1
16 0.1 19 0.42105263157894735 0.0 0.4 0 1 1 0.5 0 1 1 0.6 0 1 1 0.7 0 1 1 0.9 0 1 1
16 0.1 0 1 1 0.4 0 1 1 0.5 0 1 1 0.6 0 1 1 0.7 0 1 1 0.9 0 1 1
16 0.1 0 1 1 0.4 0 1 1 0.5 0 1 1 0.6 0 1 1 0.7 0 1 1 0.9 0 1 1
16 0.1 11 0.6363636363636364 0.0 0.4 3 1.0 0.0 0.5 1 1.0 0.0 0.6 0 1 1 0.7 0 1 1 0.9 0 1 1
16 0.1 4 0.0 0.0 0.4 0 1 1 0.5 0 1 1 0.6 0 1 1 0.7 0 1 1 0.9 0 1 1
16 0.1 26 0.46153846153846156 0.0 0.4 11 0.7272727272727273 0.0 0.5 4 1.0 0.0 0.6 3 1.0 0.0 0.7 0 1 1 0.9 0 1 1
16 0.1 23 0.6521739130434783 0.0 0.4 14 0.9285714285714286 0.0 0.5 8 1.0 0.0 0.6 3 1.0 0.0 0.7 0 1 1 0.9 0 1 1
16 0.1 22 0.5 0.0 0.4 3 1.0 0.0 0.5 1 1.0 0.0 0.6 1 1.0 0.0 0.7 0 1 1 0.9 0 1 1
16 0.1 14 0.5714285714285714 0.0 0.4 4 1.0 0.0 0.5 3 1.0 0.0 0.6 1 1.0 0.0 0.7 0 1 1 0.9 0 1 1
16 0.1 23 0.5652173913043478 0.0 0.4 9 0.8888888888888888 0.0 0.5 6 0.8333333333333334 0.0 0.6 4 0.75 0.0 0.7 1 1.0 0.0 0.9 0 1 1
16 0.1 30 0.5 0.0 0.4 12 0.9166666666666666 0.0 0.5 9 0.8888888888888888 0.0 0.6 5 1.0 0.0 0.7 3 1.0 0.0 0.9 0 1 1
16 0.1 27 0.48148148148148145 0.0 0.4 4 1.0 0.0 0.5 2 1.0 0.0 0.6 0 1 1 0.7 0 1 1 0.9 0 1 1
16 0.1 20 0.65 0.05 0.4 9 1.0 0.1111111111111111 0.5 4 1.0 0.25 0.6 3 1.0 0.3333333333333333 0.7 0 1 1 0.9 0 1 1
16 0.1 17 0.7058823529411765 0.058823529411764705 0.4 7 0.8571428571428571 0.14285714285714285 0.5 3 1.0 0.0 0.6 2 1.0 0.0 0.7 1 1.0 0.0 0.9 0 1 1
16 0.1 23 0.6521739130434783 0.043478260869565216 0.4 15 0.8666666666666667 0.0 0.5 14 0.9285714285714286 0.0 0.6 8 1.0 0.0 0.7 7 1.0 0.0 0.9 0 1 1
16 0.1 44 0.3181818181818182 0.022727272727272728 0.4 15 0.6666666666666666 0.06666666666666667 0.5 6 0.6666666666666666 0.0 0.6 1 1.0 0.0 0.7 0 1 1 0.9 0 1 1
16 0.1 0 1 1 0.4 0 1 1 0.5 0 1 1 0.6 0 1 1 0.7 0 1 1 0.9 0 1 1
16 0.1 22 0.6818181818181818 0.0 0.4 10 0.9 0.0 0.5 8 0.875 0.0 0.6 5 1.0 0.0 0.7 1 1.0 0.0 0.9 0 1 1
16 0.1 23 0.6521739130434783 0.08695652173913043 0.4 10 1.0 0.1 0.5 8 1.0 0.125 0.6 7 1.0 0.14285714285714285 0.7 7 1.0 0.14285714285714285 0.9 0 1 1
16 0.1 15 0.7333333333333333 0.0 0.4 6 1.0 0.0 0.5 3 1.0 0.0 0.6 1 1.0 0.0 0.7 0 1 1 0.9 0 1 1
16 0.1 18 0.7222222222222222 0.0 0.4 8 0.875 0.0 0.5 6 1.0 0.0 0.6 6 1.0 0.0 0.7 4 1.0 0.0 0.9 0 1 1
16 0.1 15 0.7333333333333333 0.0 0.4 10 0.9 0.0 0.5 7 1.0 0.0 0.6 5 1.0 0.0 0.7 0 1 1 0.9 0 1 1
16 0.1 16 0.75 0.0625 0.4 10 0.9 0.1 0.5 7 1.0 0.0 0.6 6 1.0 0.0 0.7 1 1.0 0.0 0.9 0 1 1
16 0.1 23 0.6521739130434783 0.08695652173913043 0.4 14 0.7857142857142857 0.07142857142857142 0.5 11 0.9090909090909091 0.09090909090909091 0.6 9 0.8888888888888888 0.1111111111111111 0.7 7 1.0 0.14285714285714285 0.9 0 1 1
16 0.1 18 0.7222222222222222 0.0 0.4 12 0.9166666666666666 0.0 0.5 9 0.8888888888888888 0.0 0.6 6 1.0 0.0 0.7 6 1.0 0.0 0.9 0 1 1
16 0.1 28 0.5714285714285714 0.0 0.4 12 0.9166666666666666 0.0 0.5 10 1.0 0.0 0.6 5 1.0 0.0 0.7 2 1.0 0.0 0.9 0 1 1
16 0.1 28 0.5714285714285714 0.0 0.4 18 0.7777777777777778 0.0 0.5 13 1.0 0.0 0.6 11 1.0 0.0 0.7 9 1.0 0.0 0.9 0 1 1
16 0.1 21 0.6190476190476191 0.047619047619047616 0.4 12 0.8333333333333334 0.08333333333333333 0.5 9 0.8888888888888888 0.1111111111111111 0.6 8 1.0 0.125 0.7 5 1.0 0.2 0.9 0 1 1
16 0.1 21 0.7142857142857143 0.09523809523809523 0.4 15 0.8 0.06666666666666667 0.5 10 0.9 0.1 0.6 9 1.0 0.1111111111111111 0.7 6 1.0 0.0 0.9 0 1 1
16 0.1 20 0.7 0.1 0.4 11 0.8181818181818182 0.09090909090909091 0.5 8 1.0 0.125 0.6 7 1.0 0.14285714285714285 0.7 4 1.0 0.25 0.9 0 1 1
16 0.1 39 0.38461538461538464 0.0 0.4 19 0.6842105263157895 0.0 0.5 14 0.7142857142857143 0.0 0.6 8 0.75 0.0 0.7 3 1.0 0.0 0.9 0 1 1
16 0.1 26 0.6153846153846154 0.0 0.4 14 0.9285714285714286 0.0 0.5 12 0.9166666666666666 0.0 0.6 11 1.0 0.0 0.7 8 1.0 0.0 0.9 0 1 1
16 0.1 35 0.37142857142857144 0.0 0.4 12 0.9166666666666666 0.0 0.5 8 1.0 0.0 0.6 6 1.0 0.0 0.7 3 1.0 0.0 0.9 0 1 1
16 0.1 20 0.75 0.05 0.4 13 0.9230769230769231 0.07692307692307693 0.5 10 1.0 0.1 0.6 7 1.0 0.14285714285714285 0.7 7 1.0 0.14285714285714285 0.9 0 1 1
16 0.1 25 0.6 0.0 0.4 13 0.9230769230769231 0.0 0.5 9 1.0 0.0 0.6 7 1.0 0.0 0.7 4 1.0 0.0 0.9 0 1 1
16 0.1 17 0.7058823529411765 0.0 0.4 9 0.8888888888888888 0.0 0.5 8 1.0 0.0 0.6 6 1.0 0.0 0.7 4 1.0 0.0 0.9 0 1 1
16 0.1 35 0.42857142857142855 0.0 0.4 13 0.8461538461538461 0.0 0.5 12 0.8333333333333334 0.0 0.6 8 1.0 0.0 0.7 6 1.0 0.0 0.9 0 1 1
16 0.1 24 0.625 0.16666666666666666 0.4 15 0.8 0.26666666666666666 0.5 12 0.9166666666666666 0.3333333333333333 0.6 11 1.0 0.36363636363636365 0.7 7 1.0 0.2857142857142857 0.9 0 1 1
16 0.1 20 0.65 0.1 0.4 11 0.8181818181818182 0.18181818181818182 0.5 9 0.8888888888888888 0.2222222222222222 0.6 9 0.8888888888888888 0.2222222222222222 0.7 7 1.0 0.2857142857142857 0.9 1 1.0 1.0
16 0.1 20 0.7 0.1 0.4 11 0.9090909090909091 0.18181818181818182 0.5 10 0.9 0.2 0.6 8 1.0 0.25 0.7 6 1.0 0.3333333333333333 0.9 1 1.0 0.0
16 0.1 23 0.6521739130434783 0.0 0.4 10 1.0 0.0 0.5 8 1.0 0.0 0.6 6 1.0 0.0 0.7 4 1.0 0.0 0.9 0 1 1
16 0.1 23 0.6086956521739131 0.043478260869565216 0.4 10 0.9 0.1 0.5 9 0.8888888888888888 0.1111111111111111 0.6 6 1.0 0.0 0.7 3 1.0 0.0 0.9 0 1 1
16 0.1 37 0.40540540540540543 0.0 0.4 20 0.75 0.0 0.5 16 0.75 0.0 0.6 12 0.8333333333333334 0.0 0.7 8 0.875 0.0 0.9 0 1 1
16 0.1 22 0.6363636363636364 0.0 0.4 13 0.8461538461538461 0.0 0.5 11 0.8181818181818182 0.0 0.6 4 1.0 0.0 0.7 3 1.0 0.0 0.9 0 1 1
16 0.1 27 0.5555555555555556 0.037037037037037035 0.4 13 0.9230769230769231 0.07692307692307693 0.5 11 1.0 0.09090909090909091 0.6 7 1.0 0.14285714285714285 0.7 5 1.0 0.2 0.9 0 1 1
16 0.1 25 0.56 0.0 0.4 15 0.9333333333333333 0.0 0.5 10 0.9 0.0 0.6 7 1.0 0.0 0.7 6 1.0 0.0 0.9 0 1 1
16 0.1 29 0.5517241379310345 0.0 0.4 19 0.7894736842105263 0.0 0.5 16 0.8125 0.0 0.6 11 1.0 0.0 0.7 9 1.0 0.0 0.9 0 1 1
16 0.1 28 0.5714285714285714 0.0 0.4 16 0.875 0.0 0.5 14 0.8571428571428571 0.0 0.6 9 1.0 0.0 0.7 8 1.0 0.0 0.9 1 1.0 0.0
16 0.1 48 0.3125 0.0 0.4 13 0.8461538461538461 0.0 0.5 12 0.9166666666666666 0.0 0.6 8 1.0 0.0 0.7 4 1.0 0.0 0.9 0 1 1
16 0.1 21 0.6666666666666666 0.0 0.4 13 0.8461538461538461 0.0 0.5 11 0.9090909090909091 0.0 0.6 8 1.0 0.0 0.7 6 1.0 0.0 0.9 0 1 1
16 0.1 21 0.6666666666666666 0.0 0.4 13 0.9230769230769231 0.0 0.5 8 0.875 0.0 0.6 8 0.875 0.0 0.7 5 1.0 0.0 0.9 0 1 1
16 0.1 22 0.6818181818181818 0.0 0.4 10 0.9 0.0 0.5 9 0.8888888888888888 0.0 0.6 9 0.8888888888888888 0.0 0.7 6 1.0 0.0 0.9 1 1.0 0.0
16 0.1 28 0.5357142857142857 0.14285714285714285 0.4 18 0.8333333333333334 0.2222222222222222 0.5 13 0.9230769230769231 0.23076923076923078 0.6 12 0.9166666666666666 0.25 0.7 8 1.0 0.25 0.9 1 1.0 0.0
16 0.1 31 0.5161290322580645 0.06451612903225806 0.4 15 0.8666666666666667 0.13333333333333333 0.5 13 0.9230769230769231 0.15384615384615385 0.6 12 0.9166666666666666 0.16666666666666666 0.7 9 1.0 0.2222222222222222 0.9 0 1 1
16 0.1 26 0.5769230769230769 0.11538461538461539 0.4 14 0.7857142857142857 0.21428571428571427 0.5 11 0.8181818181818182 0.2727272727272727 0.6 8 1.0 0.375 0.7 5 1.0 0.4 0.9 1 1.0 0.0
16 0.1 28 0.5714285714285714 0.07142857142857142 0.4 17 0.8235294117647058 0.11764705882352941 0.5 13 0.9230769230769231 0.15384615384615385 0.6 12 0.9166666666666666 0.16666666666666666 0.7 7 1.0 0.2857142857142857 0.9 1 1.0 1.0
16 0.1 23 0.6521739130434783 0.08695652173913043 0.4 15 0.8666666666666667 0.13333333333333333 0.5 12 0.9166666666666666 0.16666666666666666 0.6 10 0.9 0.2 0.7 8 0.875 0.25 0.9 1 1.0 1.0
16 0.1 17 0.7647058823529411 0.11764705882352941 0.4 13 0.8461538461538461 0.15384615384615385 0.5 10 0.9 0.2 0.6 9 1.0 0.2222222222222222 0.7 8 1.0 0.25 0.9 0 1 1
16 0.1 23 0.6521739130434783 0.08695652173913043 0.4 14 0.7857142857142857 0.14285714285714285 0.5 11 0.9090909090909091 0.18181818181818182 0.6 9 1.0 0.2222222222222222 0.7 8 1.0 0.25 0.9 0 1 1
16 0.1 24 0.625 0.125 0.4 15 0.8666666666666667 0.2 0.5 13 0.9230769230769231 0.23076923076923078 0.6 11 1.0 0.2727272727272727 0.7 9 1.0 0.2222222222222222 0.9 0 1 1
16 0.1 27 0.5555555555555556 0.037037037037037035 0.4 16 0.875 0.0625 0.5 13 0.9230769230769231 0.07692307692307693 0.6 13 0.9230769230769231 0.07692307692307693 0.7 9 1.0 0.1111111111111111 0.9 0 1 1
16 0.1 22 0.6818181818181818 0.09090909090909091 0.4 14 0.7857142857142857 0.14285714285714285 0.5 12 0.9166666666666666 0.16666666666666666 0.6 8 1.0 0.25 0.7 8 1.0 0.25 0.9 0 1 1
16 0.1 28 0.5714285714285714 0.07142857142857142 0.4 17 0.8235294117647058 0.11764705882352941 0.5 15 0.9333333333333333 0.13333333333333333 0.6 12 0.9166666666666666 0.16666666666666666 0.7 10 0.9 0.2 0.9 0 1 1
16 0.1 23 0.6521739130434783 0.043478260869565216 0.4 14 0.7857142857142857 0.0 0.5 12 0.9166666666666666 0.0 0.6 12 0.9166666666666666 0.0 0.7 11 0.9090909090909091 0.0 0.9 0 1 1
16 0.1 23 0.6521739130434783 0.0 0.4 16 0.875 0.0 0.5 13 0.9230769230769231 0.0 0.6 10 0.9 0.0 0.7 9 1.0 0.0 0.9 0 1 1
16 0.1 28 0.5357142857142857 0.0 0.4 15 0.8666666666666667 0.0 0.5 13 0.8461538461538461 0.0 0.6 9 1.0 0.0 0.7 8 1.0 0.0 0.9 0 1 1
16 0.1 20 0.75 0.15 0.4 14 0.8571428571428571 0.21428571428571427 0.5 12 0.9166666666666666 0.25 0.6 11 0.9090909090909091 0.2727272727272727 0.7 8 0.875 0.25 0.9 0 1 1
16 0.1 21 0.6190476190476191 0.09523809523809523 0.4 13 0.8461538461538461 0.15384615384615385 0.5 10 0.9 0.2 0.6 10 0.9 0.2 0.7 7 1.0 0.2857142857142857 0.9 0 1 1
16 0.1 20 0.75 0.0 0.4 15 0.8 0.0 0.5 14 0.8571428571428571 0.0 0.6 8 0.875 0.0 0.7 7 1.0 0.0 0.9 0 1 1
16 0.1 21 0.6666666666666666 0.047619047619047616 0.4 10 0.9 0.1 0.5 7 1.0 0.14285714285714285 0.6 7 1.0 0.14285714285714285 0.7 7 1.0 0.14285714285714285 0.9 0 1 1
16 0.1 23 0.6086956521739131 0.0 0.4 11 0.9090909090909091 0.0 0.5 9 1.0 0.0 0.6 8 1.0 0.0 0.7 6 1.0 0.0 0.9 0 1 1
16 0.1 24 0.625 0.041666666666666664 0.4 17 0.7647058823529411 0.058823529411764705 0.5 14 0.8571428571428571 0.07142857142857142 0.6 11 0.9090909090909091 0.0 0.7 8 1.0 0.0 0.9 0 1 1
16 0.1 25 0.6 0.08 0.4 16 0.75 0.125 0.5 13 0.7692307692307693 0.15384615384615385 0.6 10 0.9 0.2 0.7 9 0.8888888888888888 0.2222222222222222 0.9 0 1 1
16 0.1 29 0.5172413793103449 0.034482758620689655 0.4 16 0.875 0.0625 0.5 15 0.8666666666666667 0.06666666666666667 0.6 12 0.9166666666666666 0.08333333333333333 0.7 9 0.8888888888888888 0.1111111111111111 0.9 0 1 1
16 0.1 30 0.5 0.1 0.4 17 0.8235294117647058 0.17647058823529413 0.5 13 1.0 0.23076923076923078 0.6 11 1.0 0.2727272727272727 0.7 9 1.0 0.2222222222222222 0.9 0 1 1
16 0.1 29 0.5517241379310345 0.034482758620689655 0.4 19 0.7368421052631579 0.05263157894736842 0.5 16 0.8125 0.0625 0.6 11 1.0 0.09090909090909091 0.7 8 1.0 0.125 0.9 0 1 1
16 0.1 26 0.6153846153846154 0.07692307692307693 0.4 15 0.8 0.13333333333333333 0.5 14 0.7857142857142857 0.14285714285714285 0.6 10 0.9 0.2 0.7 7 1.0 0.14285714285714285 0.9 0 1 1
16 0.1 23 0.6086956521739131 0.13043478260869565 0.4 15 0.8 0.13333333333333333 0.5 12 0.75 0.16666666666666666 0.6 12 0.75 0.16666666666666666 0.7 9 0.8888888888888888 0.2222222222222222 0.9 0 1 1
16 0.1 29 0.5517241379310345 0.034482758620689655 0.4 20 0.7 0.05 0.5 17 0.8235294117647058 0.058823529411764705 0.6 15 0.8666666666666667 0.06666666666666667 0.7 12 0.9166666666666666 0.0 0.9 0 1 1
16 0.1 25 0.6 0.12 0.4 15 0.8666666666666667 0.2 0.5 14 0.8571428571428571 0.21428571428571427 0.6 10 0.9 0.3 0.7 7 1.0 0.42857142857142855 0.9 0 1 1
16 0.1 23 0.6956521739130435 0.043478260869565216 0.4 17 0.8823529411764706 0.058823529411764705 0.5 16 0.9375 0.0625 0.6 15 0.9333333333333333 0.06666666666666667 0.7 12 0.9166666666666666 0.08333333333333333 0.9 0 1 1
16 0.1 23 0.5652173913043478 0.043478260869565216 0.4 13 0.8461538461538461 0.07692307692307693 0.5 11 0.9090909090909091 0.09090909090909091 0.6 7 1.0 0.0 0.7 7 1.0 0.0 0.9 0 1 1
16 0.1 26 0.5769230769230769 0.038461538461538464 0.4 15 0.7333333333333333 0.06666666666666667 0.5 13 0.7692307692307693 0.07692307692307693 0.6 11 0.8181818181818182 0.09090909090909091 0.7 10 0.8 0.1 0.9 0 1 1
16 0.1 24 0.6666666666666666 0.125 0.4 14 0.8571428571428571 0.21428571428571427 0.5 12 0.8333333333333334 0.16666666666666666 0.6 12 0.8333333333333334 0.16666666666666666 0.7 9 0.8888888888888888 0.2222222222222222 0.9 0 1 1
16 0.1 25 0.6 0.08 0.4 12 0.75 0.08333333333333333 0.5 10 0.8 0.0 0.6 9 0.8888888888888888 0.0 0.7 7 1.0 0.0 0.9 0 1 1
16 0.1 25 0.6 0.04 0.4 18 0.7222222222222222 0.05555555555555555 0.5 15 0.8 0.06666666666666667 0.6 12 0.9166666666666666 0.08333333333333333 0.7 11 0.9090909090909091 0.09090909090909091 0.9 0 1 1
16 0.1 27 0.5925925925925926 0.07407407407407407 0.4 18 0.6666666666666666 0.1111111111111111 0.5 14 0.7857142857142857 0.14285714285714285 0.6 13 0.8461538461538461 0.15384615384615385 0.7 9 0.8888888888888888 0.2222222222222222 0.9 0 1 1
16 0.1 25 0.6 0.04 0.4 14 0.8571428571428571 0.07142857142857142 0.5 12 0.9166666666666666 0.08333333333333333 0.6 10 0.9 0.1 0.7 9 0.8888888888888888 0.1111111111111111 0.9 0 1 1
16 0.1 19 0.6842105263157895 0.0 0.4 11 0.8181818181818182 0.0 0.5 9 0.8888888888888888 0.0 0.6 8 0.875 0.0 0.7 7 1.0 0.0 0.9 0 1 1
16 0.1 19 0.6842105263157895 0.05263157894736842 0.4 12 0.9166666666666666 0.08333333333333333 0.5 10 0.9 0.1 0.6 10 0.9 0.1 0.7 8 1.0 0.125 0.9 0 1 1
16 0.1 19 0.7368421052631579 0.15789473684210525 0.4 11 0.8181818181818182 0.2727272727272727 0.5 9 0.8888888888888888 0.3333333333333333 0.6 9 0.8888888888888888 0.3333333333333333 0.7 7 0.8571428571428571 0.42857142857142855 0.9 0 1 1
16 0.1 14 0.6428571428571429 0.0 0.4 10 0.8 0.0 0.5 9 0.8888888888888888 0.0 0.6 8 0.875 0.0 0.7 4 1.0 0.0 0.9 0 1 1
16 0.1 21 0.6666666666666666 0.14285714285714285 0.4 11 0.8181818181818182 0.2727272727272727 0.5 10 0.8 0.2 0.6 9 0.8888888888888888 0.2222222222222222 0.7 7 1.0 0.2857142857142857 0.9 0 1 1
16 0.1 24 0.6666666666666666 0.041666666666666664 0.4 15 0.8666666666666667 0.06666666666666667 0.5 14 0.8571428571428571 0.07142857142857142 0.6 10 0.9 0.0 0.7 8 1.0 0.0 0.9 0 1 1
16 0.1 27 0.5925925925925926 0.1111111111111111 0.4 22 0.7272727272727273 0.13636363636363635 0.5 19 0.8421052631578947 0.15789473684210525 0.6 17 0.9411764705882353 0.17647058823529413 0.7 15 0.9333333333333333 0.2 0.9 0 1 1
16 0.1 24 0.625 0.0 0.4 14 0.8571428571428571 0.0 0.5 12 0.9166666666666666 0.0 0.6 12 0.9166666666666666 0.0 0.7 11 0.9090909090909091 0.0 0.9 0 1 1
16 0.1 22 0.6363636363636364 0.045454545454545456 0.4 13 0.7692307692307693 0.07692307692307693 0.5 12 0.8333333333333334 0.08333333333333333 0.6 9 0.8888888888888888 0.1111111111111111 0.7 7 1.0 0.14285714285714285 0.9 0 1 1
16 0.1 20 0.75 0.15 0.4 14 0.8571428571428571 0.21428571428571427 0.5 14 0.8571428571428571 0.21428571428571427 0.6 13 0.9230769230769231 0.23076923076923078 0.7 10 1.0 0.3 0.9 0 1 1
16 0.1 24 0.625 0.125 0.4 15 0.8666666666666667 0.2 0.5 15 0.8666666666666667 0.2 0.6 15 0.8666666666666667 0.2 0.7 11 1.0 0.2727272727272727 0.9 0 1 1
16 0.1 22 0.6818181818181818 0.0 0.4 14 0.8571428571428571 0.0 0.5 14 0.8571428571428571 0.0 0.6 12 0.8333333333333334 0.0 0.7 8 1.0 0.0 0.9 1 1.0 0.0
16 0.1 21 0.6190476190476191 0.047619047619047616 0.4 14 0.8571428571428571 0.07142857142857142 0.5 13 0.8461538461538461 0.07692307692307693 0.6 11 0.9090909090909091 0.09090909090909091 0.7 9 1.0 0.1111111111111111 0.9 0 1 1
16 0.1 22 0.6363636363636364 0.18181818181818182 0.4 12 0.9166666666666666 0.3333333333333333 0.5 9 0.8888888888888888 0.4444444444444444 0.6 9 0.8888888888888888 0.4444444444444444 0.7 9 0.8888888888888888 0.4444444444444444 0.9 0 1 1
16 0.1 20 0.65 0.0 0.4 12 0.8333333333333334 0.0 0.5 10 0.9 0.0 0.6 10 0.9 0.0 0.7 8 0.875 0.0 0.9 0 1 1
16 0.1 24 0.6666666666666666 0.08333333333333333 0.4 18 0.8333333333333334 0.1111111111111111 0.5 15 0.8 0.13333333333333333 0.6 12 0.9166666666666666 0.16666666666666666 0.7 12 0.9166666666666666 0.16666666666666666 0.9 0 1 1
16 0.1 23 0.6956521739130435 0.08695652173913043 0.4 18 0.8333333333333334 0.1111111111111111 0.5 18 0.8333333333333334 0.1111111111111111 0.6 13 0.9230769230769231 0.15384615384615385 0.7 12 1.0 0.16666666666666666 0.9 0 1 1
16 0.1 22 0.6818181818181818 0.13636363636363635 0.4 15 0.8666666666666667 0.13333333333333333 0.5 14 0.8571428571428571 0.14285714285714285 0.6 12 0.9166666666666666 0.08333333333333333 0.7 10 1.0 0.1 0.9 0 1 1
16 0.1 25 0.6 0.08 0.4 15 0.8 0.13333333333333333 0.5 15 0.8 0.13333333333333333 0.6 14 0.8571428571428571 0.14285714285714285 0.7 12 0.9166666666666666 0.16666666666666666 0.9 0 1 1
16 0.1 23 0.6521739130434783 0.08695652173913043 0.4 17 0.8235294117647058 0.11764705882352941 0.5 15 0.8666666666666667 0.13333333333333333 0.6 14 0.9285714285714286 0.14285714285714285 0.7 11 0.9090909090909091 0.18181818181818182 0.9 0 1 1
16 0.1 24 0.6666666666666666 0.041666666666666664 0.4 19 0.8421052631578947 0.05263157894736842 0.5 18 0.8888888888888888 0.05555555555555555 0.6 17 0.8823529411764706 0.058823529411764705 0.7 14 0.9285714285714286 0.0 0.9 1 1.0 0.0
16 0.1 20 0.7 0.15 0.4 15 0.9333333333333333 0.2 0.5 14 0.9285714285714286 0.14285714285714285 0.6 14 0.9285714285714286 0.14285714285714285 0.7 7 1.0 0.14285714285714285 0.9 0 1 1
16 0.1 20 0.7 0.2 0.4 14 0.8571428571428571 0.2857142857142857 0.5 12 0.9166666666666666 0.3333333333333333 0.6 8 1.0 0.25 0.7 7 1.0 0.2857142857142857 0.9 0 1 1
16 0.1 14 0.8571428571428571 0.07142857142857142 0.4 10 0.9 0.1 0.5 9 0.8888888888888888 0.0 0.6 8 0.875 0.0 0.7 7 1.0 0.0 0.9 0 1 1
16 0.1 14 0.8571428571428571 0.0 0.4 7 1.0 0.0 0.5 7 1.0 0.0 0.6 7 1.0 0.0 0.7 7 1.0 0.0 0.9 0 1 1
16 0.1 17 0.7647058823529411 0.17647058823529413 0.4 11 1.0 0.2727272727272727 0.5 10 1.0 0.2 0.6 10 1.0 0.2 0.7 8 1.0 0.25 0.9 0 1 1
16 0.1 23 0.6521739130434783 0.0 0.4 12 0.9166666666666666 0.0 0.5 11 1.0 0.0 0.6 9 1.0 0.0 0.7 9 1.0 0.0 0.9 0 1 1
16 0.1 29 0.5517241379310345 0.10344827586206896 0.4 19 0.8421052631578947 0.15789473684210525 0.5 17 0.8235294117647058 0.17647058823529413 0.6 15 0.8 0.2 0.7 12 0.9166666666666666 0.16666666666666666 0.9 0 1 1
16 0.1 17 0.6470588235294118 0.29411764705882354 0.4 12 0.8333333333333334 0.4166666666666667 0.5 11 0.9090909090909091 0.45454545454545453 0.6 10 1.0 0.5 0.7 9 1.0 0.5555555555555556 0.9 0 1 1
16 0.1 23 0.6521739130434783 0.13043478260869565 0.4 15 0.8666666666666667 0.2 0.5 15 0.8666666666666667 0.2 0.6 14 0.8571428571428571 0.21428571428571427 0.7 10 0.9 0.2 0.9 0 1 1
16 0.1 22 0.6363636363636364 0.18181818181818182 0.4 16 0.875 0.25 0.5 16 0.875 0.25 0.6 15 0.8666666666666667 0.26666666666666666 0.7 14 0.9285714285714286 0.2857142857142857 0.9 0 1 1
16 0.1 18 0.7777777777777778 0.3333333333333333 0.4 15 0.8666666666666667 0.4 0.5 14 0.8571428571428571 0.42857142857142855 0.6 12 0.9166666666666666 0.5 0.7 9 0.8888888888888888 0.4444444444444444 0.9 0 1 1
16 0.1 17 0.7647058823529411 0.29411764705882354 0.4 13 0.8461538461538461 0.38461538461538464 0.5 12 0.8333333333333334 0.4166666666666667 0.6 10 0.9 0.5 0.7 8 0.875 0.625 0.9 0 1 1
16 0.1 14 0.7142857142857143 0.0 0.4 9 0.8888888888888888 0.0 0.5 8 0.875 0.0 0.6 7 0.8571428571428571 0.0 0.7 7 0.8571428571428571 0.0 0.9 0 1 1
16 0.1 19 0.7368421052631579 0.10526315789473684 0.4 13 0.8461538461538461 0.15384615384615385 0.5 12 0.9166666666666666 0.16666666666666666 0.6 10 0.9 0.2 0.7 8 1.0 0.25 0.9 0 1 1
16 0.1 19 0.7368421052631579 0.05263157894736842 0.4 14 0.8571428571428571 0.07142857142857142 0.5 13 0.8461538461538461 0.07692307692307693 0.6 11 1.0 0.09090909090909091 0.7 9 1.0 0.1111111111111111 0.9 0 1 1
16 0.1 22 0.6818181818181818 0.0 0.4 17 0.7647058823529411 0.0 0.5 15 0.8 0.0 0.6 14 0.8571428571428571 0.0 0.7 11 1.0 0.0 0.9 0 1 1
16 0.1 21 0.7142857142857143 0.14285714285714285 0.4 10 0.9 0.3 0.5 8 1.0 0.25 0.6 6 1.0 0.3333333333333333 0.7 6 1.0 0.3333333333333333 0.9 0 1 1
16 0.1 19 0.6842105263157895 0.21052631578947367 0.4 12 0.8333333333333334 0.3333333333333333 0.5 10 0.9 0.4 0.6 8 0.875 0.5 0.7 7 1.0 0.5714285714285714 0.9 0 1 1
16 0.1 24 0.625 0.20833333333333334 0.4 17 0.8235294117647058 0.23529411764705882 0.5 16 0.8125 0.25 0.6 14 0.9285714285714286 0.2857142857142857 0.7 14 0.9285714285714286 0.2857142857142857 0.9 1 1.0 0.0
16 0.1 23 0.6521739130434783 0.2608695652173913 0.4 18 0.8333333333333334 0.3333333333333333 0.5 17 0.8235294117647058 0.35294117647058826 0.6 14 0.9285714285714286 0.42857142857142855 0.7 13 0.9230769230769231 0.46153846153846156 0.9 1 1.0 0.0
16 0.1 17 0.8235294117647058 0.0 0.4 15 0.8 0.0 0.5 13 0.7692307692307693 0.0 0.6 8 1.0 0.0 0.7 8 1.0 0.0 0.9 0 1 1
16 0.1 19 0.6842105263157895 0.05263157894736842 0.4 10 0.8 0.1 0.5 8 0.875 0.125 0.6 7 1.0 0.14285714285714285 0.7 6 1.0 0.16666666666666666 0.9 0 1 1
16 0.1 22 0.5909090909090909 0.13636363636363635 0.4 12 0.8333333333333334 0.25 0.5 12 0.8333333333333334 0.25 0.6 10 0.9 0.3 0.7 9 0.8888888888888888 0.3333333333333333 0.9 0 1 1
16 0.1 21 0.6666666666666666 0.09523809523809523 0.4 12 0.8333333333333334 0.16666666666666666 0.5 9 0.8888888888888888 0.2222222222222222 0.6 9 0.8888888888888888 0.2222222222222222 0.7 7 0.8571428571428571 0.2857142857142857 0.9 0 1 1
16 0.1 16 0.75 0.0 0.4 11 0.9090909090909091 0.0 0.5 7 0.8571428571428571 0.0 0.6 6 0.8333333333333334 0.0 0.7 6 0.8333333333333334 0.0 0.9 0 1 1
16 0.1 17 0.7058823529411765 0.11764705882352941 0.4 13 0.7692307692307693 0.15384615384615385 0.5 13 0.7692307692307693 0.15384615384615385 0.6 12 0.8333333333333334 0.16666666666666666 0.7 9 0.8888888888888888 0.2222222222222222 0.9 0 1 1
16 0.1 19 0.6842105263157895 0.21052631578947367 0.4 15 0.8 0.2 0.5 15 0.8 0.2 0.6 12 0.9166666666666666 0.25 0.7 10 1.0 0.3 0.9 0 1 1
16 0.1 19 0.7368421052631579 0.2631578947368421 0.4 12 0.75 0.3333333333333333 0.5 11 0.8181818181818182 0.36363636363636365 0.6 10 0.9 0.4 0.7 10 0.9 0.4 0.9 0 1 1
16 0.1 15 0.7333333333333333 0.2 0.4 12 0.75 0.25 0.5 10 0.9 0.3 0.6 10 0.9 0.3 0.7 9 1.0 0.3333333333333333 0.9 0 1 1
16 0.1 21 0.7142857142857143 0.047619047619047616 0.4 16 0.6875 0.0625 0.5 15 0.7333333333333333 0.06666666666666667 0.6 13 0.7692307692307693 0.07692307692307693 0.7 10 0.9 0.1 0.9 0 1 1
16 0.1 20 0.65 0.15 0.4 13 0.7692307692307693 0.23076923076923078 0.5 11 0.9090909090909091 0.2727272727272727 0.6 10 1.0 0.3 0.7 10 1.0 0.3 0.9 0 1 1
16 0.1 19 0.7368421052631579 0.21052631578947367 0.4 13 0.7692307692307693 0.3076923076923077 0.5 11 0.9090909090909091 0.36363636363636365 0.6 11 0.9090909090909091 0.36363636363636365 0.7 10 0.9 0.4 0.9 0 1 1
16 0.1 15 0.7333333333333333 0.2 0.4 11 0.9090909090909091 0.2727272727272727 0.5 11 0.9090909090909091 0.2727272727272727 0.6 7 1.0 0.2857142857142857 0.7 6 1.0 0.16666666666666666 0.9 0 1 1
16 0.1 21 0.6190476190476191 0.14285714285714285 0.4 11 0.7272727272727273 0.2727272727272727 0.5 9 0.7777777777777778 0.2222222222222222 0.6 8 0.875 0.25 0.7 7 1.0 0.2857142857142857 0.9 0 1 1
16 0.1 21 0.7142857142857143 0.14285714285714285 0.4 15 0.8666666666666667 0.2 0.5 14 0.8571428571428571 0.21428571428571427 0.6 12 0.9166666666666666 0.25 0.7 10 0.9 0.1 0.9 1 1.0 0.0
16 0.1 22 0.6818181818181818 0.045454545454545456 0.4 15 0.8 0.06666666666666667 0.5 13 0.7692307692307693 0.0 0.6 10 0.9 0.0 0.7 10 0.9 0.0 0.9 0 1 1
16 0.1 23 0.6956521739130435 0.043478260869565216 0.4 16 0.875 0.0625 0.5 14 0.8571428571428571 0.07142857142857142 0.6 13 0.9230769230769231 0.07692307692307693 0.7 9 1.0 0.1111111111111111 0.9 0 1 1
16 0.1 20 0.7 0.05 0.4 16 0.75 0.0625 0.5 15 0.8 0.06666666666666667 0.6 13 0.9230769230769231 0.07692307692307693 0.7 12 0.9166666666666666 0.08333333333333333 0.9 0 1 1
16 0.1 19 0.6842105263157895 0.10526315789473684 0.4 12 0.8333333333333334 0.16666666666666666 0.5 12 0.8333333333333334 0.16666666666666666 0.6 11 0.9090909090909091 0.18181818181818182 0.7 8 1.0 0.25 0.9 0 1 1
16 0.1 19 0.631578947368421 0.15789473684210525 0.4 14 0.7857142857142857 0.21428571428571427 0.5 11 0.9090909090909091 0.2727272727272727 0.6 11 0.9090909090909091 0.2727272727272727 0.7 8 1.0 0.375 0.9 0 1 1
16 0.1 18 0.6666666666666666 0.05555555555555555 0.4 14 0.7857142857142857 0.07142857142857142 0.5 12 0.9166666666666666 0.08333333333333333 0.6 12 0.9166666666666666 0.08333333333333333 0.7 10 1.0 0.1 0.9 0 1 1
16 0.1 20 0.65 0.15 0.4 14 0.7857142857142857 0.21428571428571427 0.5 13 0.8461538461538461 0.23076923076923078 0.6 12 0.9166666666666666 0.25 0.7 12 0.9166666666666666 0.25 0.9 0 1 1
16 0.1 22 0.5909090909090909 0.2727272727272727 0.4 13 0.7692307692307693 0.46153846153846156 0.5 11 0.9090909090909091 0.5454545454545454 0.6 9 0.8888888888888888 0.6666666666666666 0.7 9 0.8888888888888888 0.6666666666666666 0.9 0 1 1
16 0.1 18 0.6111111111111112 0.1111111111111111 0.4 11 0.8181818181818182 0.18181818181818182 0.5 9 0.8888888888888888 0.2222222222222222 0.6 9 0.8888888888888888 0.2222222222222222 0.7 9 0.8888888888888888 0.2222222222222222 0.9 0 1 1
16 0.1 17 0.7647058823529411 0.0 0.4 13 0.8461538461538461 0.0 0.5 12 0.9166666666666666 0.0 0.6 11 0.9090909090909091 0.0 0.7 11 0.9090909090909091 0.0 0.9 0 1 1
16 0.1 20 0.7 0.2 0.4 14 0.8571428571428571 0.2857142857142857 0.5 13 0.8461538461538461 0.23076923076923078 0.6 11 0.9090909090909091 0.2727272727272727 0.7 9 0.8888888888888888 0.2222222222222222 0.9 0 1 1
16 0.1 19 0.7368421052631579 0.2631578947368421 0.4 15 0.8666666666666667 0.3333333333333333 0.5 14 0.8571428571428571 0.2857142857142857 0.6 10 0.9 0.4 0.7 10 0.9 0.4 0.9 0 1 1
16 0.1 16 0.75 0.25 0.4 14 0.8571428571428571 0.2857142857142857 0.5 11 1.0 0.36363636363636365 0.6 10 1.0 0.4 0.7 7 1.0 0.42857142857142855 0.9 0 1 1
16 0.1 21 0.7142857142857143 0.09523809523809523 0.4 13 0.8461538461538461 0.15384615384615385 0.5 12 0.9166666666666666 0.16666666666666666 0.6 11 0.9090909090909091 0.18181818181818182 0.7 9 1.0 0.2222222222222222 0.9 0 1 1
16 0.1 13 0.7692307692307693 0.07692307692307693 0.4 10 0.9 0.1 0.5 9 1.0 0.1111111111111111 0.6 8 1.0 0.125 0.7 8 1.0 0.125 0.9 0 1 1
16 0.1 16 0.6875 0.125 0.4 11 0.8181818181818182 0.18181818181818182 0.5 10 0.9 0.2 0.6 10 0.9 0.2 0.7 9 0.8888888888888888 0.2222222222222222 0.9 0 1 1
16 0.1 15 0.7333333333333333 0.06666666666666667 0.4 9 0.7777777777777778 0.1111111111111111 0.5 8 0.875 0.125 0.6 8 0.875 0.125 0.7 7 1.0 0.14285714285714285 0.9 0 1 1
16 0.1 16 0.75 0.25 0.4 13 0.8461538461538461 0.3076923076923077 0.5 12 0.9166666666666666 0.3333333333333333 0.6 11 0.9090909090909091 0.36363636363636365 0.7 6 1.0 0.3333333333333333 0.9 0 1 1
16 0.1 17 0.7058823529411765 0.058823529411764705 0.4 11 0.9090909090909091 0.09090909090909091 0.5 10 0.9 0.1 0.6 9 1.0 0.1111111111111111 0.7 7 1.0 0.14285714285714285 0.9 0 1 1
16 0.1 20 0.6 0.15 0.4 11 0.9090909090909091 0.2727272727272727 0.5 11 0.9090909090909091 0.2727272727272727 0.6 10 1.0 0.3 0.7 9 1.0 0.2222222222222222 0.9 0 1 1
16 0.1 19 0.631578947368421 0.15789473684210525 0.4 11 0.9090909090909091 0.2727272727272727 0.5 10 0.9 0.3 0.6 9 1.0 0.3333333333333333 0.7 7 1.0 0.42857142857142855 0.9 1 1.0 0.0
16 0.1 20 0.6 0.15 0.4 13 0.8461538461538461 0.23076923076923078 0.5 12 0.8333333333333334 0.25 0.6 11 0.9090909090909091 0.2727272727272727 0.7 9 1.0 0.2222222222222222 0.9 0 1 1
16 0.1 16 0.6875 0.1875 0.4 13 0.7692307692307693 0.23076923076923078 0.5 12 0.75 0.25 0.6 9 0.7777777777777778 0.3333333333333333 0.7 7 1.0 0.42857142857142855 0.9 0 1 1
16 0.1 17 0.7058823529411765 0.11764705882352941 0.4 12 0.75 0.16666666666666666 0.5 11 0.8181818181818182 0.18181818181818182 0.6 9 1.0 0.2222222222222222 0.7 8 1.0 0.25 0.9 0 1 1
16 0.1 17 0.7058823529411765 0.058823529411764705 0.4 12 0.8333333333333334 0.08333333333333333 0.5 11 0.8181818181818182 0.09090909090909091 0.6 9 1.0 0.1111111111111111 0.7 9 1.0 0.1111111111111111 0.9 0 1 1
16 0.1 15 0.7333333333333333 0.13333333333333333 0.4 12 0.75 0.16666666666666666 0.5 10 0.8 0.2 0.6 8 0.875 0.25 0.7 6 0.8333333333333334 0.16666666666666666 0.9 0 1 1
16 0.1 19 0.5263157894736842 0.0 0.4 13 0.6923076923076923 0.0 0.5 9 0.7777777777777778 0.0 0.6 7 0.8571428571428571 0.0 0.7 6 0.8333333333333334 0.0 0.9 0 1 1
16 0.1 20 0.6 0.1 0.4 13 0.7692307692307693 0.15384615384615385 0.5 10 1.0 0.2 0.6 9 1.0 0.2222222222222222 0.7 9 1.0 0.2222222222222222 0.9 0 1 1
16 0.1 19 0.6842105263157895 0.10526315789473684 0.4 14 0.7857142857142857 0.14285714285714285 0.5 13 0.8461538461538461 0.15384615384615385 0.6 11 0.9090909090909091 0.18181818181818182 0.7 10 1.0 0.2 0.9 0 1 1
16 0.1 18 0.5555555555555556 0.16666666666666666 0.4 11 0.9090909090909091 0.2727272727272727 0.5 10 1.0 0.3 0.6 10 1.0 0.3 0.7 10 1.0 0.3 0.9 0 1 1
16 0.1 19 0.5789473684210527 0.10526315789473684 0.4 14 0.7857142857142857 0.14285714285714285 0.5 14 0.7857142857142857 0.14285714285714285 0.6 11 1.0 0.18181818181818182 0.7 9 1.0 0.2222222222222222 0.9 0 1 1
16 0.1 22 0.6363636363636364 0.13636363636363635 0.4 16 0.8125 0.1875 0.5 14 0.7857142857142857 0.21428571428571427 0.6 12 0.9166666666666666 0.25 0.7 11 0.9090909090909091 0.2727272727272727 0.9 0 1 1
16 0.1 17 0.7058823529411765 0.11764705882352941 0.4 15 0.8 0.13333333333333333 0.5 14 0.7857142857142857 0.14285714285714285 0.6 13 0.8461538461538461 0.15384615384615385 0.7 11 0.9090909090909091 0.18181818181818182 0.9 0 1 1
16 0.1 19 0.6842105263157895 0.10526315789473684 0.4 15 0.8 0.13333333333333333 0.5 14 0.7857142857142857 0.14285714285714285 0.6 13 0.8461538461538461 0.15384615384615385 0.7 10 1.0 0.2 0.9 0 1 1
16 0.1 17 0.7058823529411765 0.11764705882352941 0.4 14 0.7857142857142857 0.14285714285714285 0.5 13 0.7692307692307693 0.15384615384615385 0.6 13 0.7692307692307693 0.15384615384615385 0.7 9 1.0 0.2222222222222222 0.9 0 1 1
16 0.1 17 0.7058823529411765 0.0 0.4 14 0.7857142857142857 0.0 0.5 12 0.75 0.0 0.6 12 0.75 0.0 0.7 10 0.9 0.0 0.9 0 1 1
16 0.1 16 0.6875 0.0625 0.4 13 0.7692307692307693 0.07692307692307693 0.5 12 0.75 0.08333333333333333 0.6 9 0.8888888888888888 0.1111111111111111 0.7 9 0.8888888888888888 0.1111111111111111 0.9 0 1 1
16 0.1 19 0.6842105263157895 0.05263157894736842 0.4 17 0.7647058823529411 0.058823529411764705 0.5 15 0.8 0.06666666666666667 0.6 14 0.7857142857142857 0.07142857142857142 0.7 13 0.8461538461538461 0.07692307692307693 0.9 0 1 1
16 0.1 16 0.75 0.125 0.4 15 0.8 0.13333333333333333 0.5 14 0.7857142857142857 0.14285714285714285 0.6 12 0.75 0.16666666666666666 0.7 11 0.8181818181818182 0.18181818181818182 0.9 0 1 1
16 0.1 21 0.6666666666666666 0.0 0.4 14 0.8571428571428571 0.0 0.5 13 0.8461538461538461 0.0 0.6 12 0.8333333333333334 0.0 0.7 11 0.9090909090909091 0.0 0.9 0 1 1
16 0.1 19 0.7368421052631579 0.10526315789473684 0.4 13 0.8461538461538461 0.15384615384615385 0.5 13 0.8461538461538461 0.15384615384615385 0.6 12 0.9166666666666666 0.16666666666666666 0.7 11 0.9090909090909091 0.18181818181818182 0.9 0 1 1
16 0.1 16 0.75 0.125 0.4 10 0.9 0.2 0.5 9 0.8888888888888888 0.2222222222222222 0.6 9 0.8888888888888888 0.2222222222222222 0.7 8 1.0 0.25 0.9 0 1 1
16 0.1 19 0.6842105263157895 0.21052631578947367 0.4 12 0.8333333333333334 0.3333333333333333 0.5 11 0.8181818181818182 0.36363636363636365 0.6 9 0.8888888888888888 0.4444444444444444 0.7 8 1.0 0.5 0.9 0 1 1
16 0.1 16 0.8125 0.25 0.4 13 1.0 0.3076923076923077 0.5 13 1.0 0.3076923076923077 0.6 11 1.0 0.36363636363636365 0.7 9 1.0 0.4444444444444444 0.9 0 1 1
16 0.1 19 0.6842105263157895 0.10526315789473684 0.4 14 0.8571428571428571 0.14285714285714285 0.5 13 0.9230769230769231 0.15384615384615385 0.6 12 0.9166666666666666 0.16666666666666666 0.7 10 1.0 0.2 0.9 0 1 1
16 0.1 21 0.6666666666666666 0.14285714285714285 0.4 16 0.8125 0.125 0.5 14 0.8571428571428571 0.14285714285714285 0.6 13 0.8461538461538461 0.15384615384615385 0.7 11 0.9090909090909091 0.18181818181818182 0.9 0 1 1
16 0.1 19 0.6842105263157895 0.10526315789473684 0.4 15 0.8666666666666667 0.13333333333333333 0.5 14 0.8571428571428571 0.14285714285714285 0.6 13 0.8461538461538461 0.15384615384615385 0.7 11 0.9090909090909091 0.18181818181818182 0.9 1 1.0 0.0
16 0.1 19 0.6842105263157895 0.10526315789473684 0.4 15 0.8666666666666667 0.13333333333333333 0.5 15 0.8666666666666667 0.13333333333333333 0.6 14 0.8571428571428571 0.14285714285714285 0.7 12 0.9166666666666666 0.16666666666666666 0.9 0 1 1
16 0.1 17 0.7647058823529411 0.11764705882352941 0.4 13 0.9230769230769231 0.15384615384615385 0.5 12 0.9166666666666666 0.16666666666666666 0.6 11 0.9090909090909091 0.18181818181818182 0.7 9 1.0 0.2222222222222222 0.9 0 1 1
16 0.1 17 0.7647058823529411 0.11764705882352941 0.4 14 0.8571428571428571 0.14285714285714285 0.5 14 0.8571428571428571 0.14285714285714285 0.6 10 0.9 0.2 0.7 9 1.0 0.2222222222222222 0.9 0 1 1
16 0.1 16 0.75 0.1875 0.4 14 0.8571428571428571 0.21428571428571427 0.5 13 0.8461538461538461 0.23076923076923078 0.6 11 0.9090909090909091 0.2727272727272727 0.7 11 0.9090909090909091 0.2727272727272727 0.9 0 1 1
16 0.1 21 0.6666666666666666 0.0 0.4 14 0.8571428571428571 0.0 0.5 12 1.0 0.0 0.6 11 1.0 0.0 0.7 10 1.0 0.0 0.9 0 1 1
16 0.1 17 0.7058823529411765 0.17647058823529413 0.4 13 0.8461538461538461 0.15384615384615385 0.5 11 0.9090909090909091 0.18181818181818182 0.6 10 1.0 0.2 0.7 10 1.0 0.2 0.9 0 1 1
16 0.1 19 0.7368421052631579 0.05263157894736842 0.4 15 0.8666666666666667 0.06666666666666667 0.5 14 0.9285714285714286 0.07142857142857142 0.6 13 1.0 0.07692307692307693 0.7 13 1.0 0.07692307692307693 0.9 0 1 1
16 0.1 17 0.7647058823529411 0.058823529411764705 0.4 13 0.9230769230769231 0.07692307692307693 0.5 10 1.0 0.1 0.6 9 1.0 0.1111111111111111 0.7 8 1.0 0.125 0.9 0 1 1
16 0.1 18 0.7222222222222222 0.16666666666666666 0.4 15 0.8 0.2 0.5 14 0.8571428571428571 0.21428571428571427 0.6 13 0.9230769230769231 0.23076923076923078 0.7 11 0.9090909090909091 0.2727272727272727 0.9 0 1 1
16 0.1 17 0.7647058823529411 0.11764705882352941 0.4 13 0.8461538461538461 0.15384615384615385 0.5 13 0.8461538461538461 0.15384615384615385 0.6 12 0.9166666666666666 0.16666666666666666 0.7 11 0.9090909090909091 0.18181818181818182 0.9 0 1 1
16 0.1 16 0.8125 0.125 0.4 13 0.8461538461538461 0.15384615384615385 0.5 13 0.8461538461538461 0.15384615384615385 0.6 13 0.8461538461538461 0.15384615384615385 0.7 11 0.9090909090909091 0.18181818181818182 0.9 0 1 1
16 0.1 18 0.6666666666666666 0.0 0.4 13 0.8461538461538461 0.0 0.5 13 0.8461538461538461 0.0 0.6 12 0.9166666666666666 0.0 0.7 11 0.9090909090909091 0.0 0.9 0 1 1
16 0.1 19 0.6842105263157895 0.15789473684210525 0.4 15 0.8666666666666667 0.2 0.5 15 0.8666666666666667 0.2 0.6 13 0.9230769230769231 0.23076923076923078 0.7 11 0.9090909090909091 0.2727272727272727 0.9 0 1 1
16 0.1 17 0.7647058823529411 0.058823529411764705 0.4 15 0.8666666666666667 0.06666666666666667 0.5 15 0.8666666666666667 0.06666666666666667 0.6 14 0.9285714285714286 0.07142857142857142 0.7 13 0.9230769230769231 0.07692307692307693 0.9 0 1 1
16 0.1 19 0.7368421052631579 0.21052631578947367 0.4 15 0.8666666666666667 0.2 0.5 15 0.8666666666666667 0.2 0.6 14 0.9285714285714286 0.21428571428571427 0.7 14 0.9285714285714286 0.21428571428571427 0.9 0 1 1
16 0.1 18 0.7777777777777778 0.1111111111111111 0.4 16 0.875 0.125 0.5 15 0.8666666666666667 0.13333333333333333 0.6 15 0.8666666666666667 0.13333333333333333 0.7 14 0.9285714285714286 0.14285714285714285 0.9 0 1 1
16 0.1 19 0.6842105263157895 0.05263157894736842 0.4 15 0.8666666666666667 0.06666666666666667 0.5 15 0.8666666666666667 0.06666666666666667 0.6 13 0.8461538461538461 0.07692307692307693 0.7 11 0.9090909090909091 0.09090909090909091 0.9 0 1 1
16 0.1 18 0.7777777777777778 0.05555555555555555 0.4 14 0.8571428571428571 0.07142857142857142 0.5 14 0.8571428571428571 0.07142857142857142 0.6 14 0.8571428571428571 0.07142857142857142 0.7 12 0.9166666666666666 0.08333333333333333 0.9 0 1 1
16 0.1 17 0.7647058823529411 0.11764705882352941 0.4 14 0.8571428571428571 0.14285714285714285 0.5 14 0.8571428571428571 0.14285714285714285 0.6 13 0.9230769230769231 0.15384615384615385 0.7 11 1.0 0.18181818181818182 0.9 0 1 1
16 0.1 12 0.8333333333333334 0.25 0.4 10 0.9 0.3 0.5 9 0.8888888888888888 0.2222222222222222 0.6 8 1.0 0.25 0.7 6 1.0 0.3333333333333333 0.9 0 1 1
16 0.1 17 0.7647058823529411 0.058823529411764705 0.4 13 0.8461538461538461 0.07692307692307693 0.5 13 0.8461538461538461 0.07692307692307693 0.6 13 0.8461538461538461 0.07692307692307693 0.7 11 0.9090909090909091 0.09090909090909091 0.9 0 1 1
16 0.1 18 0.8333333333333334 0.2222222222222222 0.4 15 0.8666666666666667 0.26666666666666666 0.5 15 0.8666666666666667 0.26666666666666666 0.6 15 0.8666666666666667 0.26666666666666666 0.7 14 0.9285714285714286 0.2857142857142857 0.9 0 1 1
16 0.1 18 0.7222222222222222 0.2222222222222222 0.4 15 0.8666666666666667 0.26666666666666666 0.5 15 0.8666666666666667 0.26666666666666666 0.6 15 0.8666666666666667 0.26666666666666666 0.7 12 0.9166666666666666 0.3333333333333333 0.9 1 1.0 1.0
16 0.1 16 0.8125 0.125 0.4 14 0.8571428571428571 0.14285714285714285 0.5 14 0.8571428571428571 0.14285714285714285 0.6 13 0.9230769230769231 0.15384615384615385 0.7 10 0.9 0.2 0.9 1 1.0 0.0
16 0.1 17 0.7647058823529411 0.11764705882352941 0.4 12 0.8333333333333334 0.16666666666666666 0.5 12 0.8333333333333334 0.16666666666666666 0.6 12 0.8333333333333334 0.16666666666666666 0.7 11 0.9090909090909091 0.18181818181818182 0.9 0 1 1
16 0.1 13 0.8461538461538461 0.15384615384615385 0.4 10 1.0 0.2 0.5 10 1.0 0.2 0.6 10 1.0 0.2 0.7 9 1.0 0.2222222222222222 0.9 0 1 1
16 0.1 15 0.8666666666666667 0.13333333333333333 0.4 15 0.8666666666666667 0.13333333333333333 0.5 13 0.8461538461538461 0.15384615384615385 0.6 13 0.8461538461538461 0.15384615384615385 0.7 11 1.0 0.18181818181818182 0.9 0 1 1
16 0.1 16 0.8125 0.125 0.4 15 0.8666666666666667 0.13333333333333333 0.5 15 0.8666666666666667 0.13333333333333333 0.6 15 0.8666666666666667 0.13333333333333333 0.7 14 0.9285714285714286 0.14285714285714285 0.9 0 1 1
16 0.1 16 0.8125 0.0 0.4 13 0.9230769230769231 0.0 0.5 12 1.0 0.0 0.6 12 1.0 0.0 0.7 12 1.0 0.0 0.9 0 1 1
16 0.1 15 0.8666666666666667 0.13333333333333333 0.4 13 0.8461538461538461 0.07692307692307693 0.5 13 0.8461538461538461 0.07692307692307693 0.6 11 1.0 0.09090909090909091 0.7 11 1.0 0.09090909090909091 0.9 1 1.0 0.0
16 0.1 16 0.875 0.125 0.4 14 0.8571428571428571 0.14285714285714285 0.5 13 0.9230769230769231 0.15384615384615385 0.6 12 1.0 0.16666666666666666 0.7 11 1.0 0.09090909090909091 0.9 1 1.0 0.0
16 0.1 19 0.7368421052631579 0.15789473684210525 0.4 14 0.8571428571428571 0.21428571428571427 0.5 14 0.8571428571428571 0.21428571428571427 0.6 14 0.8571428571428571 0.21428571428571427 0.7 13 0.9230769230769231 0.23076923076923078 0.9 1 1.0 0.0
16 0.1 18 0.7222222222222222 0.16666666666666666 0.4 15 0.8666666666666667 0.2 0.5 15 0.8666666666666667 0.2 0.6 14 0.9285714285714286 0.21428571428571427 0.7 12 0.9166666666666666 0.25 0.9 0 1 1
16 0.1 18 0.6666666666666666 0.16666666666666666 0.4 14 0.8571428571428571 0.21428571428571427 0.5 13 0.8461538461538461 0.23076923076923078 0.6 12 0.9166666666666666 0.25 0.7 12 0.9166666666666666 0.25 0.9 1 1.0 0.0
16 0.1 17 0.7058823529411765 0.11764705882352941 0.4 15 0.8 0.13333333333333333 0.5 13 0.8461538461538461 0.15384615384615385 0.6 13 0.8461538461538461 0.15384615384615385 0.7 11 0.9090909090909091 0.18181818181818182 0.9 0 1 1
16 0.1 20 0.7 0.1 0.4 16 0.8125 0.125 0.5 13 0.8461538461538461 0.15384615384615385 0.6 13 0.8461538461538461 0.15384615384615385 0.7 12 0.9166666666666666 0.16666666666666666 0.9 0 1 1
16 0.1 20 0.75 0.15 0.4 15 0.7333333333333333 0.13333333333333333 0.5 13 0.8461538461538461 0.15384615384615385 0.6 12 0.8333333333333334 0.08333333333333333 0.7 10 1.0 0.1 0.9 0 1 1
16 0.1 20 0.7 0.0 0.4 15 0.8 0.0 0.5 14 0.8571428571428571 0.0 0.6 11 1.0 0.0 0.7 10 1.0 0.0 0.9 0 1 1
16 0.1 21 0.7142857142857143 0.14285714285714285 0.4 15 0.8666666666666667 0.13333333333333333 0.5 14 0.8571428571428571 0.14285714285714285 0.6 13 0.9230769230769231 0.15384615384615385 0.7 12 0.9166666666666666 0.08333333333333333 0.9 2 1.0 0.0
16 0.1 18 0.7222222222222222 0.1111111111111111 0.4 15 0.8666666666666667 0.13333333333333333 0.5 15 0.8666666666666667 0.13333333333333333 0.6 13 0.8461538461538461 0.07692307692307693 0.7 11 0.9090909090909091 0.09090909090909091 0.9 1 1.0 0.0
16 0.1 20 0.65 0.1 0.4 14 0.8571428571428571 0.07142857142857142 0.5 13 0.8461538461538461 0.07692307692307693 0.6 13 0.8461538461538461 0.07692307692307693 0.7 12 0.9166666666666666 0.08333333333333333 0.9 1 1.0 0.0
16 0.1 20 0.65 0.1 0.4 15 0.8666666666666667 0.13333333333333333 0.5 15 0.8666666666666667 0.13333333333333333 0.6 15 0.8666666666666667 0.13333333333333333 0.7 12 0.9166666666666666 0.16666666666666666 0.9 2 1.0 0.0
16 0.1 19 0.6842105263157895 0.10526315789473684 0.4 15 0.8666666666666667 0.13333333333333333 0.5 15 0.8666666666666667 0.13333333333333333 0.6 15 0.8666666666666667 0.13333333333333333 0.7 13 0.9230769230769231 0.15384615384615385 0.9 1 1.0 0.0
16 0.1 20 0.7 0.1 0.4 15 0.8666666666666667 0.13333333333333333 0.5 14 0.8571428571428571 0.14285714285714285 0.6 14 0.8571428571428571 0.14285714285714285 0.7 14 0.8571428571428571 0.14285714285714285 0.9 2 1.0 0.0
16 0.1 21 0.7142857142857143 0.09523809523809523 0.4 15 0.8666666666666667 0.13333333333333333 0.5 14 0.8571428571428571 0.14285714285714285 0.6 14 0.8571428571428571 0.14285714285714285 0.7 13 0.9230769230769231 0.15384615384615385 0.9 2 1.0 0.0
16 0.1 19 0.7894736842105263 0.21052631578947367 0.4 16 0.875 0.25 0.5 16 0.875 0.25 0.6 15 0.8666666666666667 0.26666666666666666 0.7 13 0.9230769230769231 0.3076923076923077 0.9 2 1.0 0.5
16 0.1 17 0.8235294117647058 0.11764705882352941 0.4 15 0.8666666666666667 0.13333333333333333 0.5 15 0.8666666666666667 0.13333333333333333 0.6 15 0.8666666666666667 0.13333333333333333 0.7 13 0.9230769230769231 0.15384615384615385 0.9 1 1.0 0.0
16 0.1 18 0.7777777777777778 0.16666666666666666 0.4 15 0.8 0.2 0.5 14 0.8571428571428571 0.21428571428571427 0.6 14 0.8571428571428571 0.21428571428571427 0.7 12 0.9166666666666666 0.25 0.9 1 1.0 0.0
16 0.1 18 0.7777777777777778 0.16666666666666666 0.4 15 0.8 0.2 0.5 15 0.8 0.2 0.6 15 0.8 0.2 0.7 14 0.8571428571428571 0.21428571428571427 0.9 1 1.0 0.0
16 0.1 18 0.7222222222222222 0.2777777777777778 0.4 15 0.8666666666666667 0.3333333333333333 0.5 15 0.8666666666666667 0.3333333333333333 0.6 14 0.8571428571428571 0.35714285714285715 0.7 12 0.9166666666666666 0.3333333333333333 0.9 1 1.0 0.0
16 0.1 17 0.7647058823529411 0.23529411764705882 0.4 15 0.8666666666666667 0.26666666666666666 0.5 15 0.8666666666666667 0.26666666666666666 0.6 15 0.8666666666666667 0.26666666666666666 0.7 14 0.9285714285714286 0.2857142857142857 0.9 1 1.0 0.0
16 0.1 16 0.8125 0.25 0.4 15 0.8666666666666667 0.26666666666666666 0.5 15 0.8666666666666667 0.26666666666666666 0.6 14 0.8571428571428571 0.21428571428571427 0.7 13 0.9230769230769231 0.23076923076923078 0.9 1 1.0 0.0
16 0.1 16 0.8125 0.1875 0.4 13 0.8461538461538461 0.23076923076923078 0.5 13 0.8461538461538461 0.23076923076923078 0.6 12 0.8333333333333334 0.25 0.7 11 0.8181818181818182 0.2727272727272727 0.9 1 1.0 0.0
16 0.1 16 0.8125 0.125 0.4 14 0.8571428571428571 0.14285714285714285 0.5 14 0.8571428571428571 0.14285714285714285 0.6 11 0.8181818181818182 0.18181818181818182 0.7 10 0.9 0.2 0.9 0 1 1
16 0.1 20 0.75 0.1 0.4 15 0.8666666666666667 0.06666666666666667 0.5 15 0.8666666666666667 0.06666666666666667 0.6 14 0.8571428571428571 0.07142857142857142 0.7 13 0.9230769230769231 0.07692307692307693 0.9 1 1.0 0.0
16 0.1 17 0.7647058823529411 0.17647058823529413 0.4 15 0.8666666666666667 0.2 0.5 15 0.8666666666666667 0.2 0.6 14 0.8571428571428571 0.14285714285714285 0.7 13 0.9230769230769231 0.15384615384615385 0.9 2 1.0 0.0
16 0.1 18 0.7222222222222222 0.2222222222222222 0.4 15 0.8666666666666667 0.26666666666666666 0.5 14 0.8571428571428571 0.21428571428571427 0.6 14 0.8571428571428571 0.21428571428571427 0.7 12 0.8333333333333334 0.25 0.9 1 1.0 0.0
16 0.1 18 0.7222222222222222 0.1111111111111111 0.4 15 0.8666666666666667 0.13333333333333333 0.5 14 0.8571428571428571 0.14285714285714285 0.6 14 0.8571428571428571 0.14285714285714285 0.7 13 0.9230769230769231 0.15384615384615385 0.9 1 1.0 0.0
16 0.1 18 0.7222222222222222 0.1111111111111111 0.4 15 0.8666666666666667 0.13333333333333333 0.5 15 0.8666666666666667 0.13333333333333333 0.6 15 0.8666666666666667 0.13333333333333333 0.7 13 0.9230769230769231 0.15384615384615385 0.9 1 1.0 0.0
16 0.1 17 0.7647058823529411 0.058823529411764705 0.4 14 0.8571428571428571 0.07142857142857142 0.5 14 0.8571428571428571 0.07142857142857142 0.6 13 0.9230769230769231 0.07692307692307693 0.7 12 0.9166666666666666 0.08333333333333333 0.9 1 1.0 0.0
16 0.1 16 0.8125 0.1875 0.4 15 0.8666666666666667 0.2 0.5 15 0.8666666666666667 0.2 0.6 14 0.9285714285714286 0.21428571428571427 0.7 14 0.9285714285714286 0.21428571428571427 0.9 1 1.0 0.0
16 0.1 17 0.7647058823529411 0.17647058823529413 0.4 14 0.8571428571428571 0.14285714285714285 0.5 14 0.8571428571428571 0.14285714285714285 0.6 14 0.8571428571428571 0.14285714285714285 0.7 12 0.9166666666666666 0.16666666666666666 0.9 1 1.0 0.0
16 0.1 16 0.8125 0.0625 0.4 13 0.8461538461538461 0.07692307692307693 0.5 13 0.8461538461538461 0.07692307692307693 0.6 13 0.8461538461538461 0.07692307692307693 0.7 11 0.9090909090909091 0.09090909090909091 0.9 0 1 1
16 0.1 16 0.8125 0.0625 0.4 15 0.8666666666666667 0.06666666666666667 0.5 13 0.8461538461538461 0.07692307692307693 0.6 12 0.9166666666666666 0.08333333333333333 0.7 12 0.9166666666666666 0.08333333333333333 0.9 0 1 1
16 0.1 15 0.8 0.13333333333333333 0.4 11 0.9090909090909091 0.18181818181818182 0.5 10 1.0 0.2 0.6 10 1.0 0.2 0.7 9 1.0 0.2222222222222222 0.9 0 1 1
16 0.1 15 0.8666666666666667 0.13333333333333333 0.4 14 0.8571428571428571 0.14285714285714285 0.5 13 0.9230769230769231 0.15384615384615385 0.6 10 1.0 0.1 0.7 10 1.0 0.1 0.9 0 1 1
16 0.1 16 0.8125 0.125 0.4 15 0.8666666666666667 0.13333333333333333 0.5 15 0.8666666666666667 0.13333333333333333 0.6 14 0.8571428571428571 0.14285714285714285 0.7 13 0.9230769230769231 0.15384615384615385 0.9 1 1.0 0.0
16 0.1 16 0.8125 0.125 0.4 15 0.8666666666666667 0.13333333333333333 0.5 15 0.8666666666666667 0.13333333333333333 0.6 14 0.8571428571428571 0.07142857142857142 0.7 13 0.9230769230769231 0.07692307692307693 0.9 0 1 1
16 0.1 17 0.7647058823529411 0.058823529411764705 0.4 15 0.8666666666666667 0.06666666666666667 0.5 15 0.8666666666666667 0.06666666666666667 0.6 14 0.9285714285714286 0.07142857142857142 0.7 13 0.9230769230769231 0.07692307692307693 0.9 1 1.0 0.0
16 0.1 15 0.8 0.13333333333333333 0.4 14 0.8571428571428571 0.14285714285714285 0.5 13 0.8461538461538461 0.15384615384615385 0.6 12 0.9166666666666666 0.16666666666666666 0.7 12 0.9166666666666666 0.16666666666666666 0.9 1 1.0 0.0
16 0.1 15 0.8666666666666667 0.13333333333333333 0.4 14 0.8571428571428571 0.14285714285714285 0.5 14 0.8571428571428571 0.14285714285714285 0.6 12 0.9166666666666666 0.16666666666666666 0.7 12 0.9166666666666666 0.16666666666666666 0.9 2 1.0 0.0
16 0.1 16 0.8125 0.1875 0.4 15 0.8666666666666667 0.2 0.5 14 0.9285714285714286 0.21428571428571427 0.6 14 0.9285714285714286 0.21428571428571427 0.7 13 0.9230769230769231 0.15384615384615385 0.9 0 1 1
16 0.1 15 0.8666666666666667 0.06666666666666667 0.4 14 0.8571428571428571 0.07142857142857142 0.5 12 0.8333333333333334 0.08333333333333333 0.6 11 0.9090909090909091 0.09090909090909091 0.7 11 0.9090909090909091 0.09090909090909091 0.9 0 1 1
16 0.1 17 0.7647058823529411 0.0 0.4 15 0.8666666666666667 0.0 0.5 14 0.8571428571428571 0.0 0.6 13 0.8461538461538461 0.0 0.7 12 0.9166666666666666 0.0 0.9 2 1.0 0.0
16 0.1 17 0.7647058823529411 0.11764705882352941 0.4 15 0.8666666666666667 0.13333333333333333 0.5 14 0.8571428571428571 0.14285714285714285 0.6 14 0.8571428571428571 0.14285714285714285 0.7 13 0.9230769230769231 0.15384615384615385 0.9 1 1.0 0.0
16 0.1 19 0.7368421052631579 0.05263157894736842 0.4 14 0.8571428571428571 0.07142857142857142 0.5 13 0.8461538461538461 0.07692307692307693 0.6 13 0.8461538461538461 0.07692307692307693 0.7 12 0.9166666666666666 0.08333333333333333 0.9 3 1.0 0.0
16 0.1 20 0.7 0.15 0.4 16 0.875 0.1875 0.5 15 0.8666666666666667 0.2 0.6 15 0.8666666666666667 0.2 0.7 12 0.9166666666666666 0.25 0.9 3 1.0 0.3333333333333333
16 0.1 15 0.8 0.06666666666666667 0.4 14 0.8571428571428571 0.07142857142857142 0.5 13 0.8461538461538461 0.07692307692307693 0.6 13 0.8461538461538461 0.07692307692307693 0.7 11 0.9090909090909091 0.09090909090909091 0.9 1 1.0 0.0
