57 0.1 0 1 1 0.4 0 1 1 0.5 0 1 1 0.6 0 1 1 0.7 0 1 1 0.9 0 1 1
57 0.1 16 0.0625 0.0 0.4 0 1 1 0.5 0 1 1 0.6 0 1 1 0.7 0 1 1 0.9 0 1 1
57 0.1 282 0.08156028368794327 0.0 0.4 11 0.09090909090909091 0.0 0.5 4 0.25 0.0 0.6 2 0.5 0.0 0.7 1 1.0 0.0 0.9 0 1 1
57 0.1 406 0.054187192118226604 0.0 0.4 48 0.14583333333333334 0.0 0.5 12 0.3333333333333333 0.0 0.6 4 0.75 0.0 0.7 0 1 1 0.9 0 1 1
57 0.1 848 0.05188679245283019 0.0 0.4 132 0.15151515151515152 0.0 0.5 60 0.26666666666666666 0.0 0.6 15 0.5333333333333333 0.0 0.7 1 0.0 0.0 0.9 0 1 1
57 0.1 593 0.08263069139966273 0.0 0.4 25 0.28 0.0 0.5 4 0.25 0.0 0.6 0 1 1 0.7 0 1 1 0.9 0 1 1
57 0.1 674 0.0771513353115727 0.0 0.4 51 0.27450980392156865 0.0 0.5 14 0.5714285714285714 0.0 0.6 0 1 1 0.7 0 1 1 0.9 0 1 1
57 0.1 611 0.0851063829787234 0.0 0.4 0 1 1 0.5 0 1 1 0.6 0 1 1 0.7 0 1 1 0.9 0 1 1
57 0.1 562 0.08718861209964412 0.0 0.4 65 0.3384615384615385 0.0 0.5 27 0.48148148148148145 0.0 0.6 6 0.3333333333333333 0.0 0.7 0 1 1 0.9 0 1 1
57 0.1 398 0.12562814070351758 0.0 0.4 40 0.45 0.0 0.5 12 0.5 0.0 0.6 1 1.0 0.0 0.7 0 1 1 0.9 0 1 1
57 0.1 461 0.11279826464208242 0.0 0.4 56 0.2857142857142857 0.0 0.5 18 0.2222222222222222 0.0 0.6 4 0.25 0.0 0.7 0 1 1 0.9 0 1 1
57 0.1 297 0.1750841750841751 0.0 0.4 34 0.3235294117647059 0.0 0.5 8 0.25 0.0 0.6 2 0.5 0.0 0.7 0 1 1 0.9 0 1 1
57 0.1 43 0.3023255813953488 0.0 0.4 3 0.6666666666666666 0.0 0.5 2 1.0 0.0 0.6 0 1 1 0.7 0 1 1 0.9 0 1 1
57 0.1 103 0.2912621359223301 0.0 0.4 7 0.5714285714285714 0.0 0.5 4 0.5 0.0 0.6 0 1 1 0.7 0 1 1 0.9 0 1 1
57 0.1 592 0.08952702702702703 0.0 0.4 254 0.17716535433070865 0.0 0.5 178 0.24157303370786518 0.0 0.6 105 0.3238095238095238 0.0 0.7 45 0.4 0.0 0.9 0 1 1
57 0.1 351 0.1452991452991453 0.0 0.4 103 0.32038834951456313 0.0 0.5 63 0.3968253968253968 0.0 0.6 39 0.4358974358974359 0.0 0.7 14 0.5 0.0 0.9 0 1 1
57 0.1 319 0.1724137931034483 0.0 0.4 79 0.43037974683544306 0.0 0.5 36 0.4166666666666667 0.0 0.6 15 0.3333333333333333 0.0 0.7 1 1.0 0.0 0.9 0 1 1
57 0.1 337 0.14836795252225518 0.0 0.4 105 0.2761904761904762 0.0 0.5 61 0.2786885245901639 0.0 0.6 28 0.35714285714285715 0.0 0.7 6 0.6666666666666666 0.0 0.9 0 1 1
57 0.1 22 0.2727272727272727 0.0 0.4 0 1 1 0.5 0 1 1 0.6 0 1 1 0.7 0 1 1 0.9 0 1 1
57 0.1 229 0.22707423580786026 0.0 0.4 38 0.5789473684210527 0.0 0.5 19 0.631578947368421 0.0 0.6 7 0.5714285714285714 0.0 0.7 0 1 1 0.9 0 1 1
57 0.1 91 0.2857142857142857 0.0 0.4 13 0.46153846153846156 0.0 0.5 0 1 1 0.6 0 1 1 0.7 0 1 1 0.9 0 1 1
57 0.1 61 0.3114754098360656 0.0 0.4 7 0.8571428571428571 0.0 0.5 1 1.0 0.0 0.6 0 1 1 0.7 0 1 1 0.9 0 1 1
57 0.1 256 0.203125 0.0 0.4 82 0.4878048780487805 0.0 0.5 60 0.5666666666666667 0.0 0.6 31 0.6774193548387096 0.0 0.7 16 0.6875 0.0 0.9 0 1 1
57 0.1 15 0.3333333333333333 0.0 0.4 0 1 1 0.5 0 1 1 0.6 0 1 1 0.7 0 1 1 0.9 0 1 1
57 0.1 253 0.2015810276679842 0.0 0.4 40 0.5 0.0 0.5 21 0.5714285714285714 0.0 0.6 5 0.4 0.0 0.7 1 1.0 0.0 0.9 0 1 1
57 0.1 174 0.26436781609195403 0.0 0.4 43 0.3953488372093023 0.0 0.5 31 0.3870967741935484 0.0 0.6 12 0.4166666666666667 0.0 0.7 2 0.5 0.0 0.9 0 1 1
57 0.1 93 0.3870967741935484 0.0 0.4 21 0.5714285714285714 0.0 0.5 13 0.46153846153846156 0.0 0.6 7 0.5714285714285714 0.0 0.7 1 1.0 0.0 0.9 0 1 1
57 0.1 0 1 1 0.4 0 1 1 0.5 0 1 1 0.6 0 1 1 0.7 0 1 1 0.9 0 1 1
57 0.1 0 1 1 0.4 0 1 1 0.5 0 1 1 0.6 0 1 1 0.7 0 1 1 0.9 0 1 1
57 0.1 2 0.0 0.0 0.4 0 1 1 0.5 0 1 1 0.6 0 1 1 0.7 0 1 1 0.9 0 1 1
57 0.1 20 0.15 0.0 0.4 0 1 1 0.5 0 1 1 0.6 0 1 1 0.7 0 1 1 0.9 0 1 1
57 0.1 155 0.16129032258064516 0.0 0.4 14 0.07142857142857142 0.0 0.5 5 0.0 0.0 0.6 2 0.0 0.0 0.7 1 0.0 0.0 0.9 0 1 1
57 0.1 0 1 1 0.4 0 1 1 0.5 0 1 1 0.6 0 1 1 0.7 0 1 1 0.9 0 1 1
57 0.1 0 1 1 0.4 0 1 1 0.5 0 1 1 0.6 0 1 1 0.7 0 1 1 0.9 0 1 1
57 0.1 73 0.273972602739726 0.0 0.4 2 0.5 0.0 0.5 1 0.0 0.0 0.6 0 1 1 0.7 0 1 1 0.9 0 1 1
57 0.1 3 0.0 0.0 0.4 0 1 1 0.5 0 1 1 0.6 0 1 1 0.7 0 1 1 0.9 0 1 1
57 0.1 226 0.17699115044247787 0.0 0.4 35 0.2857142857142857 0.0 0.5 14 0.35714285714285715 0.0 0.6 5 0.4 0.0 0.7 0 1 1 0.9 0 1 1
57 0.1 91 0.32967032967032966 0.0 0.4 5 0.2 0.0 0.5 0 1 1 0.6 0 1 1 0.7 0 1 1 0.9 0 1 1
57 0.1 16 0.4375 0.0 0.4 0 1 1 0.5 0 1 1 0.6 0 1 1 0.7 0 1 1 0.9 0 1 1
57 0.1 15 0.2 0.0 0.4 0 1 1 0.5 0 1 1 0.6 0 1 1 0.7 0 1 1 0.9 0 1 1
57 0.1 64 0.515625 0.0 0.4 9 0.8888888888888888 0.0 0.5 5 0.8 0.0 0.6 1 1.0 0.0 0.7 0 1 1 0.9 0 1 1
57 0.1 113 0.35398230088495575 0.008849557522123894 0.4 16 0.6875 0.0 0.5 6 0.8333333333333334 0.0 0.6 0 1 1 0.7 0 1 1 0.9 0 1 1
57 0.1 11 0.18181818181818182 0.0 0.4 3 0.0 0.0 0.5 0 1 1 0.6 0 1 1 0.7 0 1 1 0.9 0 1 1
57 0.1 209 0.23444976076555024 0.0 0.4 25 0.64 0.0 0.5 7 0.42857142857142855 0.0 0.6 1 0.0 0.0 0.7 1 0.0 0.0 0.9 0 1 1
57 0.1 68 0.45588235294117646 0.029411764705882353 0.4 8 0.875 0.125 0.5 2 1.0 0.0 0.6 2 1.0 0.0 0.7 0 1 1 0.9 0 1 1
57 0.1 179 0.2849162011173184 0.0 0.4 27 0.5925925925925926 0.0 0.5 14 0.7142857142857143 0.0 0.6 6 0.6666666666666666 0.0 0.7 0 1 1 0.9 0 1 1
57 0.1 341 0.1495601173020528 0.0 0.4 39 0.46153846153846156 0.0 0.5 13 0.5384615384615384 0.0 0.6 4 0.75 0.0 0.7 0 1 1 0.9 0 1 1
57 0.1 0 1 1 0.4 0 1 1 0.5 0 1 1 0.6 0 1 1 0.7 0 1 1 0.9 0 1 1
57 0.1 183 0.273224043715847 0.0 0.4 40 0.65 0.0 0.5 22 0.6818181818181818 0.0 0.6 9 0.6666666666666666 0.0 0.7 1 0.0 0.0 0.9 0 1 1
57 0.1 171 0.24561403508771928 0.011695906432748537 0.4 55 0.4909090909090909 0.03636363636363636 0.5 30 0.5333333333333333 0.0 0.6 19 0.631578947368421 0.0 0.7 7 0.5714285714285714 0.0 0.9 0 1 1
57 0.1 22 0.7727272727272727 0.0 0.4 1 1.0 0.0 0.5 1 1.0 0.0 0.6 1 1.0 0.0 0.7 1 1.0 0.0 0.9 0 1 1
57 0.1 122 0.3442622950819672 0.0 0.4 29 0.6896551724137931 0.0 0.5 19 0.6842105263157895 0.0 0.6 6 0.5 0.0 0.7 2 1.0 0.0 0.9 0 1 1
57 0.1 93 0.40860215053763443 0.0 0.4 10 1.0 0.0 0.5 6 1.0 0.0 0.6 3 1.0 0.0 0.7 0 1 1 0.9 0 1 1
57 0.1 88 0.4431818181818182 0.0 0.4 15 0.8 0.0 0.5 8 0.875 0.0 0.6 3 0.6666666666666666 0.0 0.7 1 1.0 0.0 0.9 0 1 1
57 0.1 159 0.3018867924528302 0.006289308176100629 0.4 65 0.5538461538461539 0.015384615384615385 0.5 47 0.6170212765957447 0.02127659574468085 0.6 28 0.6428571428571429 0.0 0.7 16 0.6875 0.0 0.9 0 1 1
57 0.1 124 0.4032258064516129 0.008064516129032258 0.4 36 0.6944444444444444 0.027777777777777776 0.5 27 0.7037037037037037 0.037037037037037035 0.6 10 0.6 0.0 0.7 3 0.6666666666666666 0.0 0.9 0 1 1
57 0.1 211 0.23696682464454977 0.0 0.4 42 0.5238095238095238 0.0 0.5 29 0.5517241379310345 0.0 0.6 12 0.5 0.0 0.7 4 0.75 0.0 0.9 0 1 1
57 0.1 165 0.30303030303030304 0.0 0.4 44 0.5681818181818182 0.0 0.5 33 0.5757575757575758 0.0 0.6 20 0.55 0.0 0.7 7 0.8571428571428571 0.0 0.9 0 1 1
57 0.1 265 0.21509433962264152 0.0037735849056603774 0.4 112 0.42857142857142855 0.008928571428571428 0.5 79 0.5063291139240507 0.012658227848101266 0.6 50 0.56 0.02 0.7 19 0.5789473684210527 0.0 0.9 0 1 1
57 0.1 111 0.3783783783783784 0.0 0.4 21 0.47619047619047616 0.0 0.5 12 0.5833333333333334 0.0 0.6 6 0.6666666666666666 0.0 0.7 2 0.5 0.0 0.9 0 1 1
57 0.1 218 0.24770642201834864 0.0045871559633027525 0.4 63 0.5238095238095238 0.0 0.5 43 0.6046511627906976 0.0 0.6 23 0.6521739130434783 0.0 0.7 6 0.6666666666666666 0.0 0.9 0 1 1
57 0.1 197 0.24873096446700507 0.0 0.4 42 0.5 0.0 0.5 25 0.48 0.0 0.6 9 0.4444444444444444 0.0 0.7 3 0.6666666666666666 0.0 0.9 0 1 1
57 0.1 261 0.210727969348659 0.0 0.4 95 0.43157894736842106 0.0 0.5 71 0.5070422535211268 0.0 0.6 48 0.5208333333333334 0.0 0.7 25 0.72 0.0 0.9 0 1 1
57 0.1 119 0.3445378151260504 0.0 0.4 15 0.7333333333333333 0.0 0.5 5 0.8 0.0 0.6 2 0.5 0.0 0.7 0 1 1 0.9 0 1 1
57 0.1 170 0.3 0.0 0.4 40 0.5 0.0 0.5 19 0.5789473684210527 0.0 0.6 8 0.625 0.0 0.7 4 0.75 0.0 0.9 0 1 1
57 0.1 156 0.32051282051282054 0.0 0.4 43 0.6046511627906976 0.0 0.5 23 0.782608695652174 0.0 0.6 9 0.6666666666666666 0.0 0.7 4 1.0 0.0 0.9 0 1 1
57 0.1 102 0.45098039215686275 0.00980392156862745 0.4 19 0.5789473684210527 0.0 0.5 12 0.75 0.0 0.6 4 1.0 0.0 0.7 2 1.0 0.0 0.9 0 1 1
57 0.1 215 0.24651162790697675 0.018604651162790697 0.4 73 0.4383561643835616 0.0547945205479452 0.5 48 0.5416666666666666 0.08333333333333333 0.6 22 0.5 0.045454545454545456 0.7 11 0.6363636363636364 0.09090909090909091 0.9 0 1 1
57 0.1 185 0.2918918918918919 0.016216216216216217 0.4 54 0.5555555555555556 0.037037037037037035 0.5 43 0.5348837209302325 0.046511627906976744 0.6 25 0.68 0.04 0.7 13 0.7692307692307693 0.0 0.9 0 1 1
57 0.1 289 0.19377162629757785 0.006920415224913495 0.4 160 0.325 0.0125 0.5 131 0.3816793893129771 0.015267175572519083 0.6 87 0.41379310344827586 0.022988505747126436 0.7 67 0.47761194029850745 0.029850746268656716 0.9 0 1 1
57 0.1 283 0.19434628975265017 0.0 0.4 139 0.35251798561151076 0.0 0.5 106 0.39622641509433965 0.0 0.6 83 0.42168674698795183 0.0 0.7 43 0.5581395348837209 0.0 0.9 1 1.0 0.0
57 0.1 161 0.30434782608695654 0.0 0.4 43 0.4883720930232558 0.0 0.5 24 0.5416666666666666 0.0 0.6 7 0.8571428571428571 0.0 0.7 4 0.75 0.0 0.9 0 1 1
57 0.1 142 0.3028169014084507 0.0 0.4 25 0.64 0.0 0.5 14 0.6428571428571429 0.0 0.6 4 1.0 0.0 0.7 0 1 1 0.9 0 1 1
57 0.1 469 0.11940298507462686 0.0042643923240938165 0.4 108 0.37037037037037035 0.018518518518518517 0.5 67 0.4925373134328358 0.029850746268656716 0.6 42 0.5714285714285714 0.047619047619047616 0.7 12 0.6666666666666666 0.0 0.9 0 1 1
57 0.1 84 0.42857142857142855 0.011904761904761904 0.4 16 0.8125 0.0 0.5 11 0.8181818181818182 0.0 0.6 8 0.75 0.0 0.7 3 0.6666666666666666 0.0 0.9 0 1 1
57 0.1 207 0.2560386473429952 0.014492753623188406 0.4 57 0.543859649122807 0.03508771929824561 0.5 41 0.6097560975609756 0.024390243902439025 0.6 22 0.7272727272727273 0.045454545454545456 0.7 9 0.7777777777777778 0.0 0.9 0 1 1
57 0.1 226 0.24336283185840707 0.0 0.4 85 0.4588235294117647 0.0 0.5 61 0.5573770491803278 0.0 0.6 40 0.65 0.0 0.7 17 0.7058823529411765 0.0 0.9 0 1 1
57 0.1 207 0.26570048309178745 0.00966183574879227 0.4 93 0.41935483870967744 0.021505376344086023 0.5 78 0.46153846153846156 0.01282051282051282 0.6 53 0.5094339622641509 0.018867924528301886 0.7 31 0.5806451612903226 0.03225806451612903 0.9 0 1 1
57 0.1 239 0.22594142259414227 0.0041841004184100415 0.4 129 0.3798449612403101 0.007751937984496124 0.5 101 0.43564356435643564 0.009900990099009901 0.6 76 0.47368421052631576 0.013157894736842105 0.7 49 0.4897959183673469 0.02040816326530612 0.9 0 1 1
57 0.1 362 0.13535911602209943 0.0 0.4 50 0.54 0.0 0.5 28 0.6785714285714286 0.0 0.6 11 0.6363636363636364 0.0 0.7 2 0.5 0.0 0.9 0 1 1
57 0.1 222 0.23873873873873874 0.0 0.4 105 0.4095238095238095 0.0 0.5 76 0.47368421052631576 0.0 0.6 51 0.49019607843137253 0.0 0.7 20 0.5 0.0 0.9 0 1 1
57 0.1 160 0.30625 0.0 0.4 62 0.5161290322580645 0.0 0.5 46 0.5652173913043478 0.0 0.6 26 0.6153846153846154 0.0 0.7 13 0.6153846153846154 0.0 0.9 0 1 1
57 0.1 195 0.28205128205128205 0.010256410256410256 0.4 85 0.4588235294117647 0.023529411764705882 0.5 62 0.532258064516129 0.03225806451612903 0.6 47 0.5319148936170213 0.02127659574468085 0.7 23 0.6521739130434783 0.043478260869565216 0.9 0 1 1
57 0.1 253 0.22134387351778656 0.011857707509881422 0.4 127 0.3543307086614173 0.023622047244094488 0.5 106 0.39622641509433965 0.018867924528301886 0.6 82 0.45121951219512196 0.024390243902439025 0.7 56 0.5178571428571429 0.03571428571428571 0.9 0 1 1
57 0.1 261 0.21455938697318008 0.007662835249042145 0.4 118 0.3983050847457627 0.01694915254237288 0.5 86 0.4418604651162791 0.023255813953488372 0.6 62 0.5483870967741935 0.03225806451612903 0.7 37 0.5405405405405406 0.02702702702702703 0.9 0 1 1
57 0.1 248 0.2217741935483871 0.0 0.4 123 0.34146341463414637 0.0 0.5 96 0.3854166666666667 0.0 0.6 71 0.4788732394366197 0.0 0.7 48 0.5833333333333334 0.0 0.9 1 1.0 0.0
57 0.1 200 0.27 0.005 0.4 90 0.4666666666666667 0.011111111111111112 0.5 65 0.5230769230769231 0.015384615384615385 0.6 48 0.5625 0.020833333333333332 0.7 27 0.5555555555555556 0.0 0.9 1 1.0 0.0
57 0.1 219 0.2511415525114155 0.0091324200913242 0.4 92 0.45652173913043476 0.021739130434782608 0.5 78 0.47435897435897434 0.02564102564102564 0.6 49 0.5306122448979592 0.02040816326530612 0.7 27 0.5925925925925926 0.037037037037037035 0.9 0 1 1
57 0.1 220 0.2409090909090909 0.00909090909090909 0.4 91 0.46153846153846156 0.02197802197802198 0.5 67 0.4925373134328358 0.014925373134328358 0.6 45 0.5555555555555556 0.022222222222222223 0.7 26 0.5769230769230769 0.038461538461538464 0.9 0 1 1
57 0.1 251 0.21912350597609562 0.01593625498007968 0.4 116 0.3706896551724138 0.02586206896551724 0.5 85 0.43529411764705883 0.03529411764705882 0.6 64 0.484375 0.046875 0.7 31 0.5161290322580645 0.03225806451612903 0.9 0 1 1
57 0.1 246 0.22357723577235772 0.008130081300813009 0.4 126 0.3492063492063492 0.015873015873015872 0.5 101 0.38613861386138615 0.019801980198019802 0.6 72 0.4583333333333333 0.013888888888888888 0.7 46 0.5217391304347826 0.021739130434782608 0.9 0 1 1
57 0.1 267 0.20599250936329588 0.0 0.4 141 0.3333333333333333 0.0 0.5 109 0.3853211009174312 0.0 0.6 94 0.425531914893617 0.0 0.7 61 0.5081967213114754 0.0 0.9 1 1.0 0.0
57 0.1 236 0.23728813559322035 0.00423728813559322 0.4 120 0.375 0.0 0.5 98 0.4387755102040816 0.0 0.6 71 0.4788732394366197 0.0 0.7 47 0.5531914893617021 0.0 0.9 0 1 1
57 0.1 241 0.22406639004149378 0.004149377593360996 0.4 105 0.41904761904761906 0.009523809523809525 0.5 81 0.4691358024691358 0.012345679012345678 0.6 56 0.5357142857142857 0.017857142857142856 0.7 37 0.6486486486486487 0.02702702702702703 0.9 0 1 1
57 0.1 177 0.288135593220339 0.005649717514124294 0.4 70 0.5 0.014285714285714285 0.5 54 0.5 0.018518518518518517 0.6 37 0.5675675675675675 0.02702702702702703 0.7 22 0.6363636363636364 0.0 0.9 0 1 1
57 0.1 243 0.22633744855967078 0.00823045267489712 0.4 136 0.36764705882352944 0.014705882352941176 0.5 107 0.42990654205607476 0.018691588785046728 0.6 80 0.45 0.025 0.7 50 0.52 0.04 0.9 0 1 1
57 0.1 309 0.1779935275080906 0.003236245954692557 0.4 153 0.3464052287581699 0.006535947712418301 0.5 127 0.3858267716535433 0.007874015748031496 0.6 91 0.42857142857142855 0.01098901098901099 0.7 61 0.47540983606557374 0.01639344262295082 0.9 0 1 1
57 0.1 211 0.2559241706161137 0.03317535545023697 0.4 119 0.3949579831932773 0.058823529411764705 0.5 100 0.41 0.06 0.6 81 0.4444444444444444 0.07407407407407407 0.7 60 0.5 0.08333333333333333 0.9 1 1.0 0.0
57 0.1 234 0.23931623931623933 0.004273504273504274 0.4 110 0.4 0.00909090909090909 0.5 87 0.4482758620689655 0.011494252873563218 0.6 64 0.46875 0.0 0.7 34 0.6176470588235294 0.0 0.9 1 1.0 0.0
57 0.1 220 0.23636363636363636 0.0 0.4 99 0.40404040404040403 0.0 0.5 80 0.4375 0.0 0.6 61 0.47540983606557374 0.0 0.7 33 0.6060606060606061 0.0 0.9 0 1 1
57 0.1 213 0.2535211267605634 0.004694835680751174 0.4 118 0.3559322033898305 0.00847457627118644 0.5 98 0.3979591836734694 0.01020408163265306 0.6 78 0.44871794871794873 0.01282051282051282 0.7 45 0.5111111111111111 0.022222222222222223 0.9 1 1.0 0.0
57 0.1 198 0.2727272727272727 0.005050505050505051 0.4 98 0.3979591836734694 0.01020408163265306 0.5 75 0.4266666666666667 0.013333333333333334 0.6 53 0.5283018867924528 0.018867924528301886 0.7 33 0.5454545454545454 0.0 0.9 1 1.0 0.0
57 0.1 198 0.2727272727272727 0.020202020202020204 0.4 91 0.4065934065934066 0.04395604395604396 0.5 67 0.47761194029850745 0.05970149253731343 0.6 50 0.46 0.06 0.7 21 0.5714285714285714 0.14285714285714285 0.9 0 1 1
57 0.1 211 0.26540284360189575 0.004739336492890996 0.4 116 0.4051724137931034 0.008620689655172414 0.5 96 0.40625 0.010416666666666666 0.6 81 0.4444444444444444 0.012345679012345678 0.7 57 0.543859649122807 0.017543859649122806 0.9 0 1 1
57 0.1 205 0.25365853658536586 0.014634146341463415 0.4 96 0.4270833333333333 0.03125 0.5 80 0.475 0.0375 0.6 59 0.5084745762711864 0.03389830508474576 0.7 35 0.5714285714285714 0.05714285714285714 0.9 0 1 1
57 0.1 245 0.22448979591836735 0.0163265306122449 0.4 142 0.34507042253521125 0.028169014084507043 0.5 104 0.40384615384615385 0.038461538461538464 0.6 85 0.4470588235294118 0.047058823529411764 0.7 58 0.5344827586206896 0.06896551724137931 0.9 1 1.0 0.0
57 0.1 246 0.22764227642276422 0.0 0.4 132 0.3560606060606061 0.0 0.5 109 0.41284403669724773 0.0 0.6 86 0.46511627906976744 0.0 0.7 63 0.5238095238095238 0.0 0.9 0 1 1
57 0.1 213 0.26291079812206575 0.004694835680751174 0.4 109 0.3853211009174312 0.009174311926605505 0.5 93 0.43010752688172044 0.010752688172043012 0.6 75 0.4666666666666667 0.013333333333333334 0.7 48 0.5625 0.020833333333333332 0.9 0 1 1
57 0.1 215 0.2558139534883721 0.013953488372093023 0.4 117 0.39316239316239315 0.02564102564102564 0.5 95 0.42105263157894735 0.021052631578947368 0.6 75 0.44 0.02666666666666667 0.7 46 0.5652173913043478 0.021739130434782608 0.9 0 1 1
57 0.1 251 0.21912350597609562 0.0 0.4 146 0.3493150684931507 0.0 0.5 120 0.375 0.0 0.6 92 0.41304347826086957 0.0 0.7 61 0.4262295081967213 0.0 0.9 1 1.0 0.0
57 0.1 174 0.2988505747126437 0.017241379310344827 0.4 84 0.44047619047619047 0.03571428571428571 0.5 65 0.4461538461538462 0.046153846153846156 0.6 49 0.5306122448979592 0.061224489795918366 0.7 29 0.5517241379310345 0.06896551724137931 0.9 0 1 1
57 0.1 167 0.2994011976047904 0.011976047904191617 0.4 96 0.4166666666666667 0.010416666666666666 0.5 85 0.43529411764705883 0.011764705882352941 0.6 61 0.5081967213114754 0.01639344262295082 0.7 46 0.5217391304347826 0.021739130434782608 0.9 0 1 1
57 0.1 218 0.25229357798165136 0.013761467889908258 0.4 121 0.35537190082644626 0.024793388429752067 0.5 102 0.39215686274509803 0.0196078431372549 0.6 81 0.43209876543209874 0.024691358024691357 0.7 55 0.509090909090909 0.03636363636363636 0.9 1 1.0 0.0
57 0.1 244 0.22131147540983606 0.012295081967213115 0.4 124 0.3629032258064516 0.024193548387096774 0.5 99 0.3939393939393939 0.030303030303030304 0.6 83 0.4457831325301205 0.03614457831325301 0.7 59 0.4915254237288136 0.05084745762711865 0.9 0 1 1
57 0.1 199 0.2663316582914573 0.01507537688442211 0.4 101 0.43564356435643564 0.0297029702970297 0.5 81 0.49382716049382713 0.037037037037037035 0.6 63 0.5079365079365079 0.047619047619047616 0.7 41 0.4878048780487805 0.04878048780487805 0.9 0 1 1
57 0.1 204 0.25980392156862747 0.0 0.4 97 0.422680412371134 0.0 0.5 75 0.48 0.0 0.6 56 0.5535714285714286 0.0 0.7 38 0.5789473684210527 0.0 0.9 1 1.0 0.0
57 0.1 211 0.26066350710900477 0.0 0.4 109 0.4036697247706422 0.0 0.5 87 0.45977011494252873 0.0 0.6 73 0.4931506849315068 0.0 0.7 48 0.5416666666666666 0.0 0.9 1 1.0 0.0
57 0.1 210 0.2571428571428571 0.014285714285714285 0.4 115 0.391304347826087 0.017391304347826087 0.5 90 0.4444444444444444 0.022222222222222223 0.6 65 0.5230769230769231 0.03076923076923077 0.7 43 0.5813953488372093 0.046511627906976744 0.9 0 1 1
57 0.1 222 0.25225225225225223 0.02702702702702703 0.4 126 0.373015873015873 0.03968253968253968 0.5 106 0.42452830188679247 0.04716981132075472 0.6 86 0.46511627906976744 0.05813953488372093 0.7 69 0.5072463768115942 0.07246376811594203 0.9 1 1.0 0.0
57 0.1 199 0.271356783919598 0.0 0.4 101 0.42574257425742573 0.0 0.5 83 0.4457831325301205 0.0 0.6 69 0.5217391304347826 0.0 0.7 49 0.4897959183673469 0.0 0.9 0 1 1
57 0.1 191 0.28272251308900526 0.02617801047120419 0.4 101 0.40594059405940597 0.04950495049504951 0.5 85 0.4588235294117647 0.058823529411764705 0.6 63 0.5079365079365079 0.07936507936507936 0.7 38 0.5526315789473685 0.05263157894736842 0.9 0 1 1
57 0.1 143 0.34265734265734266 0.02097902097902098 0.4 60 0.5166666666666667 0.03333333333333333 0.5 46 0.5434782608695652 0.043478260869565216 0.6 37 0.5945945945945946 0.05405405405405406 0.7 28 0.5357142857142857 0.07142857142857142 0.9 0 1 1
57 0.1 131 0.3435114503816794 0.022900763358778626 0.4 59 0.559322033898305 0.03389830508474576 0.5 44 0.5227272727272727 0.022727272727272728 0.6 33 0.5151515151515151 0.030303030303030304 0.7 21 0.5238095238095238 0.0 0.9 0 1 1
57 0.1 195 0.27692307692307694 0.02564102564102564 0.4 104 0.4230769230769231 0.04807692307692308 0.5 91 0.45054945054945056 0.054945054945054944 0.6 74 0.4864864864864865 0.05405405405405406 0.7 61 0.5245901639344263 0.06557377049180328 0.9 1 1.0 0.0
57 0.1 181 0.30386740331491713 0.016574585635359115 0.4 98 0.42857142857142855 0.030612244897959183 0.5 86 0.4418604651162791 0.03488372093023256 0.6 66 0.5 0.030303030303030304 0.7 49 0.5306122448979592 0.04081632653061224 0.9 1 1.0 0.0
57 0.1 222 0.25225225225225223 0.013513513513513514 0.4 135 0.362962962962963 0.022222222222222223 0.5 117 0.38461538461538464 0.02564102564102564 0.6 102 0.4411764705882353 0.029411764705882353 0.7 81 0.5061728395061729 0.037037037037037035 0.9 1 1.0 0.0
57 0.1 209 0.2583732057416268 0.009569377990430622 0.4 122 0.3770491803278688 0.00819672131147541 0.5 104 0.40384615384615385 0.009615384615384616 0.6 84 0.47619047619047616 0.011904761904761904 0.7 68 0.5147058823529411 0.014705882352941176 0.9 2 1.0 0.0
57 0.1 226 0.24778761061946902 0.022123893805309734 0.4 125 0.376 0.04 0.5 106 0.4056603773584906 0.03773584905660377 0.6 86 0.45348837209302323 0.03488372093023256 0.7 62 0.532258064516129 0.03225806451612903 0.9 1 1.0 0.0
57 0.1 196 0.2857142857142857 0.02040816326530612 0.4 110 0.39090909090909093 0.01818181818181818 0.5 95 0.4421052631578947 0.021052631578947368 0.6 81 0.4444444444444444 0.012345679012345678 0.7 59 0.4915254237288136 0.01694915254237288 0.9 1 1.0 0.0
57 0.1 221 0.25339366515837103 0.02262443438914027 0.4 135 0.362962962962963 0.037037037037037035 0.5 113 0.40707964601769914 0.04424778761061947 0.6 97 0.4329896907216495 0.041237113402061855 0.7 81 0.4444444444444444 0.024691358024691357 0.9 0 1 1
57 0.1 187 0.2727272727272727 0.0106951871657754 0.4 109 0.4036697247706422 0.01834862385321101 0.5 95 0.4421052631578947 0.021052631578947368 0.6 83 0.46987951807228917 0.024096385542168676 0.7 63 0.5079365079365079 0.015873015873015872 0.9 2 1.0 0.0
57 0.1 178 0.29775280898876405 0.011235955056179775 0.4 98 0.4387755102040816 0.02040816326530612 0.5 88 0.4659090909090909 0.022727272727272728 0.6 72 0.5 0.027777777777777776 0.7 53 0.5471698113207547 0.03773584905660377 0.9 0 1 1
57 0.1 153 0.29411764705882354 0.006535947712418301 0.4 82 0.45121951219512196 0.012195121951219513 0.5 73 0.4657534246575342 0.0136986301369863 0.6 60 0.5166666666666667 0.016666666666666666 0.7 48 0.5 0.020833333333333332 0.9 1 1.0 0.0
57 0.1 159 0.32075471698113206 0.006289308176100629 0.4 91 0.42857142857142855 0.01098901098901099 0.5 76 0.4473684210526316 0.013157894736842105 0.6 61 0.5081967213114754 0.01639344262295082 0.7 44 0.5227272727272727 0.022727272727272728 0.9 0 1 1
57 0.1 162 0.3271604938271605 0.012345679012345678 0.4 88 0.4431818181818182 0.022727272727272728 0.5 79 0.45569620253164556 0.02531645569620253 0.6 60 0.5166666666666667 0.03333333333333333 0.7 42 0.5476190476190477 0.023809523809523808 0.9 0 1 1
57 0.1 145 0.3310344827586207 0.013793103448275862 0.4 79 0.5189873417721519 0.02531645569620253 0.5 67 0.5373134328358209 0.029850746268656716 0.6 59 0.559322033898305 0.03389830508474576 0.7 38 0.5789473684210527 0.05263157894736842 0.9 0 1 1
57 0.1 194 0.27835051546391754 0.020618556701030927 0.4 124 0.3870967741935484 0.03225806451612903 0.5 109 0.42201834862385323 0.027522935779816515 0.6 86 0.46511627906976744 0.023255813953488372 0.7 68 0.47058823529411764 0.014705882352941176 0.9 0 1 1
57 0.1 182 0.2857142857142857 0.01098901098901099 0.4 107 0.411214953271028 0.018691588785046728 0.5 89 0.47191011235955055 0.02247191011235955 0.6 72 0.5277777777777778 0.027777777777777776 0.7 48 0.5416666666666666 0.020833333333333332 0.9 0 1 1
57 0.1 206 0.2621359223300971 0.014563106796116505 0.4 109 0.42201834862385323 0.027522935779816515 0.5 93 0.45161290322580644 0.03225806451612903 0.6 77 0.5064935064935064 0.03896103896103896 0.7 62 0.5645161290322581 0.04838709677419355 0.9 0 1 1
57 0.1 191 0.27225130890052357 0.015706806282722512 0.4 104 0.4230769230769231 0.019230769230769232 0.5 93 0.45161290322580644 0.021505376344086023 0.6 78 0.48717948717948717 0.02564102564102564 0.7 56 0.5357142857142857 0.03571428571428571 0.9 0 1 1
57 0.1 180 0.2833333333333333 0.005555555555555556 0.4 91 0.43956043956043955 0.0 0.5 79 0.4810126582278481 0.0 0.6 64 0.484375 0.0 0.7 46 0.5434782608695652 0.0 0.9 1 1.0 0.0
57 0.1 185 0.2810810810810811 0.016216216216216217 0.4 102 0.4019607843137255 0.0196078431372549 0.5 85 0.4470588235294118 0.023529411764705882 0.6 69 0.5362318840579711 0.028985507246376812 0.7 49 0.5510204081632653 0.04081632653061224 0.9 1 1.0 1.0
57 0.1 167 0.2934131736526946 0.011976047904191617 0.4 87 0.4367816091954023 0.022988505747126436 0.5 72 0.4861111111111111 0.027777777777777776 0.6 47 0.5957446808510638 0.0425531914893617 0.7 38 0.631578947368421 0.05263157894736842 0.9 1 1.0 0.0
57 0.1 170 0.3 0.0058823529411764705 0.4 93 0.3870967741935484 0.0 0.5 77 0.4155844155844156 0.0 0.6 66 0.48484848484848486 0.0 0.7 46 0.5434782608695652 0.0 0.9 1 1.0 0.0
57 0.1 176 0.2784090909090909 0.005681818181818182 0.4 93 0.41935483870967744 0.010752688172043012 0.5 77 0.44155844155844154 0.012987012987012988 0.6 67 0.4925373134328358 0.014925373134328358 0.7 42 0.5 0.023809523809523808 0.9 1 1.0 0.0
57 0.1 221 0.248868778280543 0.004524886877828055 0.4 118 0.3983050847457627 0.0 0.5 99 0.43434343434343436 0.0 0.6 82 0.47560975609756095 0.0 0.7 67 0.5074626865671642 0.0 0.9 1 1.0 0.0
57 0.1 199 0.2613065326633166 0.01507537688442211 0.4 109 0.3944954128440367 0.027522935779816515 0.5 91 0.46153846153846156 0.03296703296703297 0.6 76 0.5 0.039473684210526314 0.7 62 0.5645161290322581 0.03225806451612903 0.9 1 1.0 0.0
57 0.1 164 0.3231707317073171 0.024390243902439025 0.4 91 0.42857142857142855 0.03296703296703297 0.5 78 0.44871794871794873 0.038461538461538464 0.6 59 0.5254237288135594 0.05084745762711865 0.7 43 0.5581395348837209 0.06976744186046512 0.9 1 1.0 0.0
57 0.1 211 0.2559241706161137 0.014218009478672985 0.4 113 0.40707964601769914 0.02654867256637168 0.5 99 0.43434343434343436 0.030303030303030304 0.6 81 0.5061728395061729 0.037037037037037035 0.7 57 0.5263157894736842 0.03508771929824561 0.9 1 1.0 0.0
57 0.1 204 0.25980392156862747 0.024509803921568627 0.4 111 0.40540540540540543 0.036036036036036036 0.5 92 0.45652173913043476 0.043478260869565216 0.6 77 0.4805194805194805 0.05194805194805195 0.7 64 0.5 0.046875 0.9 1 1.0 0.0
57 0.1 209 0.2583732057416268 0.03827751196172249 0.4 115 0.3826086956521739 0.06956521739130435 0.5 98 0.42857142857142855 0.08163265306122448 0.6 76 0.5 0.10526315789473684 0.7 61 0.5573770491803278 0.11475409836065574 0.9 1 1.0 1.0
57 0.1 145 0.3310344827586207 0.04827586206896552 0.4 75 0.4666666666666667 0.06666666666666667 0.5 68 0.4852941176470588 0.07352941176470588 0.6 54 0.5185185185185185 0.09259259259259259 0.7 40 0.575 0.1 0.9 1 1.0 1.0
57 0.1 172 0.3081395348837209 0.011627906976744186 0.4 98 0.40816326530612246 0.02040816326530612 0.5 82 0.43902439024390244 0.024390243902439025 0.6 66 0.45454545454545453 0.030303030303030304 0.7 50 0.54 0.04 0.9 0 1 1
57 0.1 179 0.29608938547486036 0.027932960893854747 0.4 104 0.375 0.038461538461538464 0.5 87 0.41379310344827586 0.04597701149425287 0.6 68 0.47058823529411764 0.058823529411764705 0.7 53 0.5094339622641509 0.05660377358490566 0.9 0 1 1
57 0.1 153 0.33986928104575165 0.013071895424836602 0.4 97 0.41237113402061853 0.020618556701030927 0.5 82 0.4146341463414634 0.024390243902439025 0.6 64 0.453125 0.03125 0.7 51 0.49019607843137253 0.0392156862745098 0.9 1 1.0 0.0
57 0.1 162 0.3333333333333333 0.05555555555555555 0.4 94 0.425531914893617 0.0851063829787234 0.5 80 0.4625 0.1 0.6 59 0.5084745762711864 0.11864406779661017 0.7 44 0.5681818181818182 0.1590909090909091 0.9 1 1.0 1.0
57 0.1 171 0.30994152046783624 0.011695906432748537 0.4 94 0.43617021276595747 0.010638297872340425 0.5 77 0.4675324675324675 0.012987012987012988 0.6 61 0.47540983606557374 0.01639344262295082 0.7 43 0.5813953488372093 0.023255813953488372 0.9 1 1.0 0.0
57 0.1 157 0.3184713375796178 0.012738853503184714 0.4 84 0.4166666666666667 0.023809523809523808 0.5 69 0.4927536231884058 0.028985507246376812 0.6 61 0.5081967213114754 0.03278688524590164 0.7 48 0.5416666666666666 0.041666666666666664 0.9 1 1.0 0.0
57 0.1 210 0.2571428571428571 0.03333333333333333 0.4 137 0.34306569343065696 0.051094890510948905 0.5 113 0.3805309734513274 0.061946902654867256 0.6 97 0.4020618556701031 0.07216494845360824 0.7 76 0.47368421052631576 0.07894736842105263 0.9 2 0.5 0.5
57 0.1 218 0.25229357798165136 0.0045871559633027525 0.4 140 0.35714285714285715 0.007142857142857143 0.5 124 0.3709677419354839 0.008064516129032258 0.6 102 0.43137254901960786 0.00980392156862745 0.7 82 0.4634146341463415 0.012195121951219513 0.9 3 0.6666666666666666 0.0
57 0.1 190 0.28421052631578947 0.021052631578947368 0.4 109 0.3853211009174312 0.027522935779816515 0.5 87 0.41379310344827586 0.034482758620689655 0.6 78 0.46153846153846156 0.038461538461538464 0.7 64 0.546875 0.046875 0.9 1 1.0 0.0
57 0.1 178 0.29213483146067415 0.02247191011235955 0.4 106 0.3867924528301887 0.03773584905660377 0.5 89 0.449438202247191 0.0449438202247191 0.6 72 0.5 0.05555555555555555 0.7 51 0.5882352941176471 0.058823529411764705 0.9 1 1.0 1.0
57 0.1 180 0.28888888888888886 0.016666666666666666 0.4 101 0.39603960396039606 0.0297029702970297 0.5 88 0.4431818181818182 0.03409090909090909 0.6 78 0.44871794871794873 0.038461538461538464 0.7 63 0.5079365079365079 0.047619047619047616 0.9 1 1.0 0.0
57 0.1 175 0.29714285714285715 0.03428571428571429 0.4 105 0.4380952380952381 0.05714285714285714 0.5 95 0.45263157894736844 0.06315789473684211 0.6 81 0.4567901234567901 0.06172839506172839 0.7 69 0.463768115942029 0.07246376811594203 0.9 1 1.0 0.0
57 0.1 159 0.3270440251572327 0.025157232704402517 0.4 95 0.4631578947368421 0.042105263157894736 0.5 82 0.4878048780487805 0.04878048780487805 0.6 72 0.5 0.05555555555555555 0.7 52 0.4230769230769231 0.038461538461538464 0.9 1 1.0 1.0
57 0.1 189 0.2804232804232804 0.021164021164021163 0.4 114 0.42105263157894735 0.03508771929824561 0.5 104 0.4423076923076923 0.038461538461538464 0.6 91 0.45054945054945056 0.04395604395604396 0.7 70 0.5 0.05714285714285714 0.9 1 1.0 0.0
57 0.1 208 0.2548076923076923 0.0 0.4 130 0.3769230769230769 0.0 0.5 109 0.41284403669724773 0.0 0.6 96 0.4270833333333333 0.0 0.7 83 0.4457831325301205 0.0 0.9 1 1.0 0.0
57 0.1 177 0.288135593220339 0.02824858757062147 0.4 110 0.42727272727272725 0.045454545454545456 0.5 98 0.4489795918367347 0.05102040816326531 0.6 83 0.46987951807228917 0.060240963855421686 0.7 69 0.4927536231884058 0.057971014492753624 0.9 1 1.0 1.0
57 0.1 130 0.34615384615384615 0.03076923076923077 0.4 69 0.42028985507246375 0.043478260869565216 0.5 57 0.47368421052631576 0.05263157894736842 0.6 42 0.5714285714285714 0.07142857142857142 0.7 30 0.5333333333333333 0.06666666666666667 0.9 1 1.0 1.0
57 0.1 163 0.294478527607362 0.006134969325153374 0.4 94 0.40425531914893614 0.0 0.5 78 0.44871794871794873 0.0 0.6 66 0.4696969696969697 0.0 0.7 53 0.5094339622641509 0.0 0.9 1 1.0 0.0
57 0.1 138 0.3333333333333333 0.021739130434782608 0.4 74 0.4189189189189189 0.04054054054054054 0.5 64 0.453125 0.046875 0.6 52 0.5 0.057692307692307696 0.7 42 0.47619047619047616 0.07142857142857142 0.9 1 1.0 1.0
57 0.1 131 0.3511450381679389 0.030534351145038167 0.4 77 0.5064935064935064 0.05194805194805195 0.5 65 0.5230769230769231 0.06153846153846154 0.6 47 0.574468085106383 0.0851063829787234 0.7 34 0.6470588235294118 0.08823529411764706 0.9 1 1.0 1.0
57 0.1 146 0.3287671232876712 0.0410958904109589 0.4 92 0.43478260869565216 0.06521739130434782 0.5 74 0.47297297297297297 0.06756756756756757 0.6 63 0.47619047619047616 0.06349206349206349 0.7 45 0.5777777777777777 0.06666666666666667 0.9 1 1.0 1.0
57 0.1 156 0.3333333333333333 0.019230769230769232 0.4 97 0.41237113402061853 0.030927835051546393 0.5 86 0.4418604651162791 0.03488372093023256 0.6 78 0.44871794871794873 0.02564102564102564 0.7 61 0.47540983606557374 0.03278688524590164 0.9 1 1.0 1.0
57 0.1 176 0.29545454545454547 0.0 0.4 106 0.3867924528301887 0.0 0.5 90 0.43333333333333335 0.0 0.6 82 0.4634146341463415 0.0 0.7 66 0.4696969696969697 0.0 0.9 2 1.0 0.0
57 0.1 160 0.3125 0.00625 0.4 85 0.4470588235294118 0.011764705882352941 0.5 68 0.5 0.014705882352941176 0.6 54 0.5925925925925926 0.0 0.7 36 0.6944444444444444 0.0 0.9 1 1.0 0.0
57 0.1 177 0.2824858757062147 0.01694915254237288 0.4 104 0.3942307692307692 0.019230769230769232 0.5 94 0.425531914893617 0.02127659574468085 0.6 78 0.48717948717948717 0.02564102564102564 0.7 65 0.5384615384615384 0.03076923076923077 0.9 1 1.0 0.0
57 0.1 184 0.28804347826086957 0.0 0.4 117 0.36752136752136755 0.0 0.5 103 0.4077669902912621 0.0 0.6 86 0.47674418604651164 0.0 0.7 75 0.5066666666666667 0.0 0.9 1 1.0 0.0
57 0.1 157 0.31210191082802546 0.025477707006369428 0.4 88 0.45454545454545453 0.03409090909090909 0.5 85 0.47058823529411764 0.03529411764705882 0.6 75 0.4666666666666667 0.04 0.7 58 0.5344827586206896 0.05172413793103448 0.9 1 1.0 1.0
57 0.1 134 0.3358208955223881 0.007462686567164179 0.4 84 0.42857142857142855 0.011904761904761904 0.5 72 0.4861111111111111 0.013888888888888888 0.6 60 0.55 0.016666666666666666 0.7 51 0.5686274509803921 0.0196078431372549 0.9 1 1.0 1.0
57 0.1 197 0.27411167512690354 0.025380710659898477 0.4 112 0.4017857142857143 0.044642857142857144 0.5 105 0.4095238095238095 0.047619047619047616 0.6 92 0.43478260869565216 0.05434782608695652 0.7 79 0.46835443037974683 0.05063291139240506 0.9 2 1.0 0.5
57 0.1 186 0.27419354838709675 0.016129032258064516 0.4 105 0.3904761904761905 0.01904761904761905 0.5 92 0.41304347826086957 0.021739130434782608 0.6 78 0.4230769230769231 0.02564102564102564 0.7 63 0.47619047619047616 0.031746031746031744 0.9 1 1.0 0.0
57 0.1 181 0.2983425414364641 0.016574585635359115 0.4 110 0.38181818181818183 0.01818181818181818 0.5 93 0.41935483870967744 0.021505376344086023 0.6 79 0.4430379746835443 0.02531645569620253 0.7 63 0.49206349206349204 0.031746031746031744 0.9 1 1.0 0.0
57 0.1 141 0.3049645390070922 0.02127659574468085 0.4 88 0.3977272727272727 0.03409090909090909 0.5 76 0.4473684210526316 0.039473684210526314 0.6 60 0.5166666666666667 0.05 0.7 51 0.5686274509803921 0.058823529411764705 0.9 1 1.0 1.0
57 0.1 114 0.37719298245614036 0.043859649122807015 0.4 68 0.4852941176470588 0.058823529411764705 0.5 57 0.543859649122807 0.07017543859649122 0.6 51 0.5490196078431373 0.0784313725490196 0.7 44 0.5909090909090909 0.06818181818181818 0.9 1 1.0 1.0
57 0.1 158 0.3227848101265823 0.02531645569620253 0.4 99 0.40404040404040403 0.04040404040404041 0.5 89 0.449438202247191 0.0449438202247191 0.6 79 0.4810126582278481 0.05063291139240506 0.7 66 0.5 0.045454545454545456 0.9 1 1.0 1.0
57 0.1 151 0.31788079470198677 0.033112582781456956 0.4 87 0.42528735632183906 0.05747126436781609 0.5 73 0.4931506849315068 0.0684931506849315 0.6 56 0.5714285714285714 0.07142857142857142 0.7 44 0.6136363636363636 0.06818181818181818 0.9 1 1.0 1.0
57 0.1 150 0.3 0.02 0.4 89 0.38202247191011235 0.02247191011235955 0.5 70 0.44285714285714284 0.02857142857142857 0.6 57 0.43859649122807015 0.03508771929824561 0.7 47 0.48936170212765956 0.0425531914893617 0.9 2 1.0 0.0
57 0.1 168 0.2857142857142857 0.0 0.4 102 0.3431372549019608 0.0 0.5 87 0.39080459770114945 0.0 0.6 68 0.45588235294117646 0.0 0.7 55 0.4727272727272727 0.0 0.9 2 1.0 0.0
57 0.1 161 0.2919254658385093 0.006211180124223602 0.4 102 0.38235294117647056 0.0 0.5 93 0.40860215053763443 0.0 0.6 75 0.44 0.0 0.7 59 0.4745762711864407 0.0 0.9 2 1.0 0.0
57 0.1 151 0.32450331125827814 0.019867549668874173 0.4 106 0.3867924528301887 0.018867924528301886 0.5 87 0.41379310344827586 0.022988505747126436 0.6 72 0.4583333333333333 0.027777777777777776 0.7 60 0.48333333333333334 0.03333333333333333 0.9 2 1.0 0.5
57 0.1 149 0.33557046979865773 0.026845637583892617 0.4 98 0.40816326530612246 0.04081632653061224 0.5 82 0.43902439024390244 0.04878048780487805 0.6 69 0.4927536231884058 0.057971014492753624 0.7 47 0.574468085106383 0.06382978723404255 0.9 2 1.0 0.5
57 0.1 130 0.34615384615384615 0.046153846153846156 0.4 84 0.44047619047619047 0.05952380952380952 0.5 70 0.4857142857142857 0.05714285714285714 0.6 59 0.4745762711864407 0.05084745762711865 0.7 48 0.5416666666666666 0.0625 0.9 3 1.0 0.6666666666666666
57 0.1 144 0.3194444444444444 0.041666666666666664 0.4 87 0.367816091954023 0.04597701149425287 0.5 72 0.4166666666666667 0.05555555555555555 0.6 66 0.4393939393939394 0.06060606060606061 0.7 51 0.47058823529411764 0.058823529411764705 0.9 2 1.0 0.0
57 0.1 166 0.3072289156626506 0.04216867469879518 0.4 89 0.4157303370786517 0.056179775280898875 0.5 83 0.43373493975903615 0.060240963855421686 0.6 71 0.4647887323943662 0.07042253521126761 0.7 60 0.4666666666666667 0.08333333333333333 0.9 2 1.0 0.5
57 0.1 164 0.3170731707317073 0.024390243902439025 0.4 104 0.38461538461538464 0.028846153846153848 0.5 89 0.4044943820224719 0.033707865168539325 0.6 71 0.43661971830985913 0.04225352112676056 0.7 56 0.48214285714285715 0.05357142857142857 0.9 1 1.0 1.0
57 0.1 165 0.30303030303030304 0.030303030303030304 0.4 102 0.38235294117647056 0.0392156862745098 0.5 91 0.4065934065934066 0.04395604395604396 0.6 75 0.4666666666666667 0.05333333333333334 0.7 61 0.4918032786885246 0.04918032786885246 0.9 2 1.0 0.0
57 0.1 153 0.30718954248366015 0.0196078431372549 0.4 94 0.40425531914893614 0.031914893617021274 0.5 81 0.4074074074074074 0.024691358024691357 0.6 70 0.44285714285714284 0.02857142857142857 0.7 58 0.4827586206896552 0.034482758620689655 0.9 1 1.0 0.0
57 0.1 165 0.2909090909090909 0.03636363636363636 0.4 114 0.3508771929824561 0.043859649122807015 0.5 97 0.3917525773195876 0.05154639175257732 0.6 85 0.4117647058823529 0.047058823529411764 0.7 67 0.4626865671641791 0.05970149253731343 0.9 2 1.0 0.5
57 0.1 150 0.31333333333333335 0.03333333333333333 0.4 102 0.4019607843137255 0.049019607843137254 0.5 82 0.4634146341463415 0.04878048780487805 0.6 73 0.4657534246575342 0.0547945205479452 0.7 62 0.5 0.06451612903225806 0.9 2 1.0 0.0
57 0.1 163 0.3128834355828221 0.018404907975460124 0.4 111 0.40540540540540543 0.02702702702702703 0.5 93 0.44086021505376344 0.021505376344086023 0.6 77 0.42857142857142855 0.025974025974025976 0.7 60 0.5333333333333333 0.03333333333333333 0.9 2 1.0 0.0
57 0.1 164 0.3170731707317073 0.006097560975609756 0.4 98 0.40816326530612246 0.01020408163265306 0.5 90 0.43333333333333335 0.011111111111111112 0.6 78 0.4358974358974359 0.01282051282051282 0.7 60 0.5166666666666667 0.016666666666666666 0.9 2 1.0 0.0
57 0.1 168 0.30357142857142855 0.02976190476190476 0.4 99 0.3939393939393939 0.04040404040404041 0.5 84 0.44047619047619047 0.047619047619047616 0.6 72 0.4583333333333333 0.05555555555555555 0.7 56 0.5 0.07142857142857142 0.9 2 1.0 0.5
57 0.1 163 0.2883435582822086 0.012269938650306749 0.4 101 0.37623762376237624 0.019801980198019802 0.5 81 0.43209876543209874 0.024691358024691357 0.6 74 0.4189189189189189 0.013513513513513514 0.7 62 0.45161290322580644 0.016129032258064516 0.9 2 1.0 0.0
57 0.1 169 0.3076923076923077 0.01775147928994083 0.4 111 0.3783783783783784 0.02702702702702703 0.5 95 0.4 0.031578947368421054 0.6 84 0.40476190476190477 0.03571428571428571 0.7 69 0.4492753623188406 0.043478260869565216 0.9 3 1.0 0.3333333333333333
57 0.1 174 0.28735632183908044 0.04597701149425287 0.4 112 0.36607142857142855 0.07142857142857142 0.5 104 0.3942307692307692 0.07692307692307693 0.6 91 0.4175824175824176 0.08791208791208792 0.7 79 0.45569620253164556 0.08860759493670886 0.9 3 0.6666666666666666 0.0
57 0.1 152 0.3157894736842105 0.013157894736842105 0.4 96 0.4270833333333333 0.020833333333333332 0.5 83 0.4578313253012048 0.024096385542168676 0.6 69 0.4782608695652174 0.014492753623188406 0.7 54 0.5370370370370371 0.018518518518518517 0.9 2 1.0 0.0
57 0.1 163 0.294478527607362 0.018404907975460124 0.4 105 0.37142857142857144 0.02857142857142857 0.5 93 0.41935483870967744 0.03225806451612903 0.6 79 0.45569620253164556 0.02531645569620253 0.7 70 0.45714285714285713 0.0 0.9 3 1.0 0.0
57 0.1 161 0.3167701863354037 0.006211180124223602 0.4 106 0.3867924528301887 0.009433962264150943 0.5 90 0.4222222222222222 0.011111111111111112 0.6 84 0.4523809523809524 0.011904761904761904 0.7 69 0.4782608695652174 0.014492753623188406 0.9 2 1.0 0.0
57 0.1 143 0.3146853146853147 0.03496503496503497 0.4 85 0.4470588235294118 0.047058823529411764 0.5 75 0.48 0.05333333333333334 0.6 69 0.5217391304347826 0.057971014492753624 0.7 55 0.5272727272727272 0.05454545454545454 0.9 2 1.0 0.0
57 0.1 170 0.28823529411764703 0.052941176470588235 0.4 103 0.3883495145631068 0.06796116504854369 0.5 91 0.4065934065934066 0.07692307692307693 0.6 79 0.4430379746835443 0.08860759493670886 0.7 63 0.5079365079365079 0.07936507936507936 0.9 1 1.0 1.0
57 0.1 168 0.2976190476190476 0.023809523809523808 0.4 104 0.40384615384615385 0.028846153846153848 0.5 91 0.45054945054945056 0.03296703296703297 0.6 81 0.49382716049382713 0.024691358024691357 0.7 71 0.5070422535211268 0.028169014084507043 0.9 3 0.6666666666666666 0.3333333333333333
57 0.1 151 0.33774834437086093 0.026490066225165563 0.4 97 0.422680412371134 0.041237113402061855 0.5 88 0.4431818181818182 0.045454545454545456 0.6 77 0.4805194805194805 0.05194805194805195 0.7 69 0.4782608695652174 0.057971014492753624 0.9 2 1.0 0.0
57 0.1 146 0.3287671232876712 0.04794520547945205 0.4 94 0.44680851063829785 0.06382978723404255 0.5 83 0.43373493975903615 0.060240963855421686 0.6 74 0.47297297297297297 0.06756756756756757 0.7 60 0.55 0.08333333333333333 0.9 2 1.0 0.5
57 0.1 164 0.3048780487804878 0.0 0.4 105 0.3904761904761905 0.0 0.5 96 0.4270833333333333 0.0 0.6 76 0.47368421052631576 0.0 0.7 64 0.53125 0.0 0.9 2 0.5 0.0
57 0.1 175 0.2857142857142857 0.005714285714285714 0.4 114 0.39473684210526316 0.008771929824561403 0.5 101 0.43564356435643564 0.009900990099009901 0.6 86 0.47674418604651164 0.011627906976744186 0.7 70 0.4714285714285714 0.014285714285714285 0.9 3 0.6666666666666666 0.0
57 0.1 136 0.34558823529411764 0.029411764705882353 0.4 92 0.43478260869565216 0.043478260869565216 0.5 75 0.5066666666666667 0.05333333333333334 0.6 63 0.5079365079365079 0.047619047619047616 0.7 49 0.5306122448979592 0.061224489795918366 0.9 3 1.0 0.3333333333333333
57 0.1 139 0.33093525179856115 0.03597122302158273 0.4 80 0.45 0.05 0.5 72 0.4722222222222222 0.05555555555555555 0.6 61 0.5245901639344263 0.06557377049180328 0.7 47 0.5531914893617021 0.0851063829787234 0.9 3 0.6666666666666666 0.0
57 0.1 155 0.32903225806451614 0.025806451612903226 0.4 94 0.4148936170212766 0.010638297872340425 0.5 84 0.44047619047619047 0.011904761904761904 0.6 75 0.48 0.013333333333333334 0.7 62 0.532258064516129 0.016129032258064516 0.9 3 1.0 0.3333333333333333
57 0.1 159 0.2830188679245283 0.025157232704402517 0.4 95 0.4 0.031578947368421054 0.5 80 0.45 0.025 0.6 68 0.4852941176470588 0.029411764705882353 0.7 58 0.5172413793103449 0.034482758620689655 0.9 2 1.0 0.5
57 0.1 166 0.29518072289156627 0.04216867469879518 0.4 111 0.38738738738738737 0.05405405405405406 0.5 94 0.40425531914893614 0.0425531914893617 0.6 81 0.4444444444444444 0.04938271604938271 0.7 73 0.4794520547945205 0.0547945205479452 0.9 1 1.0 1.0
57 0.1 164 0.31097560975609756 0.04878048780487805 0.4 112 0.3482142857142857 0.0625 0.5 102 0.37254901960784315 0.06862745098039216 0.6 89 0.4157303370786517 0.07865168539325842 0.7 74 0.44594594594594594 0.0945945945945946 0.9 2 0.5 0.5
57 0.1 150 0.32 0.03333333333333333 0.4 93 0.3978494623655914 0.053763440860215055 0.5 83 0.42168674698795183 0.060240963855421686 0.6 71 0.4647887323943662 0.07042253521126761 0.7 58 0.5172413793103449 0.08620689655172414 0.9 3 0.6666666666666666 0.3333333333333333
57 0.1 135 0.3037037037037037 0.007407407407407408 0.4 74 0.4189189189189189 0.013513513513513514 0.5 65 0.4461538461538462 0.015384615384615385 0.6 58 0.46551724137931033 0.017241379310344827 0.7 42 0.5714285714285714 0.023809523809523808 0.9 1 1.0 1.0
57 0.1 125 0.344 0.016 0.4 73 0.4520547945205479 0.0273972602739726 0.5 61 0.47540983606557374 0.03278688524590164 0.6 53 0.5471698113207547 0.03773584905660377 0.7 45 0.5555555555555556 0.044444444444444446 0.9 3 0.6666666666666666 0.0
57 0.1 126 0.35714285714285715 0.023809523809523808 0.4 84 0.4166666666666667 0.03571428571428571 0.5 73 0.4520547945205479 0.0410958904109589 0.6 63 0.49206349206349204 0.031746031746031744 0.7 50 0.58 0.04 0.9 3 1.0 0.3333333333333333
57 0.1 172 0.27906976744186046 0.023255813953488372 0.4 104 0.375 0.038461538461538464 0.5 89 0.4157303370786517 0.033707865168539325 0.6 79 0.43037974683544306 0.0379746835443038 0.7 63 0.49206349206349204 0.047619047619047616 0.9 1 1.0 1.0
57 0.1 163 0.294478527607362 0.04294478527607362 0.4 91 0.4175824175824176 0.06593406593406594 0.5 82 0.4268292682926829 0.07317073170731707 0.6 72 0.4722222222222222 0.08333333333333333 0.7 59 0.5084745762711864 0.0847457627118644 0.9 2 1.0 0.5
57 0.1 160 0.30625 0.0125 0.4 96 0.3958333333333333 0.020833333333333332 0.5 86 0.4186046511627907 0.023255813953488372 0.6 75 0.4266666666666667 0.02666666666666667 0.7 59 0.5084745762711864 0.03389830508474576 0.9 1 1.0 0.0
57 0.1 159 0.3018867924528302 0.03773584905660377 0.4 97 0.38144329896907214 0.05154639175257732 0.5 85 0.4117647058823529 0.058823529411764705 0.6 73 0.4520547945205479 0.0684931506849315 0.7 64 0.484375 0.078125 0.9 1 1.0 0.0
57 0.1 149 0.3288590604026846 0.053691275167785234 0.4 93 0.3978494623655914 0.07526881720430108 0.5 81 0.4074074074074074 0.08641975308641975 0.6 76 0.4342105263157895 0.09210526315789473 0.7 66 0.4696969696969697 0.10606060606060606 0.9 3 1.0 0.3333333333333333
57 0.1 146 0.3356164383561644 0.0273972602739726 0.4 91 0.4065934065934066 0.03296703296703297 0.5 81 0.4074074074074074 0.037037037037037035 0.6 70 0.42857142857142855 0.04285714285714286 0.7 57 0.45614035087719296 0.05263157894736842 0.9 3 1.0 0.3333333333333333
57 0.1 134 0.3358208955223881 0.04477611940298507 0.4 84 0.4166666666666667 0.07142857142857142 0.5 71 0.4507042253521127 0.08450704225352113 0.6 64 0.4375 0.09375 0.7 50 0.52 0.12 0.9 3 1.0 0.3333333333333333
57 0.1 134 0.30597014925373134 0.03731343283582089 0.4 79 0.4177215189873418 0.06329113924050633 0.5 69 0.42028985507246375 0.07246376811594203 0.6 61 0.4426229508196721 0.08196721311475409 0.7 48 0.5 0.10416666666666667 0.9 3 1.0 0.6666666666666666
57 0.1 125 0.32 0.04 0.4 76 0.4342105263157895 0.05263157894736842 0.5 61 0.4426229508196721 0.06557377049180328 0.6 57 0.47368421052631576 0.07017543859649122 0.7 43 0.5581395348837209 0.09302325581395349 0.9 3 1.0 0.6666666666666666
57 0.1 153 0.32679738562091504 0.0196078431372549 0.4 93 0.40860215053763443 0.03225806451612903 0.5 82 0.4268292682926829 0.036585365853658534 0.6 69 0.463768115942029 0.043478260869565216 0.7 57 0.5087719298245614 0.05263157894736842 0.9 3 1.0 0.3333333333333333
57 0.1 131 0.3282442748091603 0.015267175572519083 0.4 83 0.43373493975903615 0.024096385542168676 0.5 74 0.44594594594594594 0.013513513513513514 0.6 62 0.4838709677419355 0.016129032258064516 0.7 51 0.5490196078431373 0.0196078431372549 0.9 3 1.0 0.0
57 0.1 116 0.3706896551724138 0.017241379310344827 0.4 74 0.43243243243243246 0.02702702702702703 0.5 68 0.45588235294117646 0.029411764705882353 0.6 59 0.5084745762711864 0.03389830508474576 0.7 46 0.5 0.021739130434782608 0.9 3 1.0 0.0
57 0.1 138 0.32608695652173914 0.014492753623188406 0.4 87 0.40229885057471265 0.022988505747126436 0.5 76 0.42105263157894735 0.02631578947368421 0.6 61 0.4918032786885246 0.03278688524590164 0.7 53 0.49056603773584906 0.03773584905660377 0.9 2 1.0 0.0
57 0.1 134 0.3283582089552239 0.029850746268656716 0.4 81 0.4074074074074074 0.04938271604938271 0.5 69 0.4492753623188406 0.057971014492753624 0.6 62 0.5 0.06451612903225806 0.7 54 0.5555555555555556 0.07407407407407407 0.9 3 1.0 0.6666666666666666
57 0.1 132 0.3333333333333333 0.015151515151515152 0.4 86 0.4069767441860465 0.023255813953488372 0.5 67 0.47761194029850745 0.029850746268656716 0.6 57 0.5263157894736842 0.03508771929824561 0.7 47 0.5531914893617021 0.0425531914893617 0.9 2 1.0 0.0
57 0.1 125 0.36 0.016 0.4 68 0.4264705882352941 0.029411764705882353 0.5 57 0.43859649122807015 0.03508771929824561 0.6 48 0.4583333333333333 0.041666666666666664 0.7 37 0.5405405405405406 0.05405405405405406 0.9 2 1.0 0.0
57 0.1 133 0.37593984962406013 0.03759398496240601 0.4 89 0.449438202247191 0.0449438202247191 0.5 78 0.47435897435897434 0.05128205128205128 0.6 64 0.53125 0.0625 0.7 53 0.5283018867924528 0.03773584905660377 0.9 2 1.0 0.0
57 0.1 135 0.362962962962963 0.02962962962962963 0.4 90 0.43333333333333335 0.044444444444444446 0.5 82 0.4634146341463415 0.04878048780487805 0.6 61 0.5081967213114754 0.03278688524590164 0.7 50 0.6 0.04 0.9 3 1.0 0.3333333333333333
57 0.1 130 0.36923076923076925 0.015384615384615385 0.4 85 0.43529411764705883 0.023529411764705882 0.5 70 0.4714285714285714 0.02857142857142857 0.6 58 0.5172413793103449 0.034482758620689655 0.7 43 0.6046511627906976 0.046511627906976744 0.9 5 0.8 0.2
57 0.1 130 0.36153846153846153 0.038461538461538464 0.4 89 0.39325842696629215 0.0449438202247191 0.5 82 0.4146341463414634 0.04878048780487805 0.6 69 0.43478260869565216 0.043478260869565216 0.7 55 0.4909090909090909 0.03636363636363636 0.9 4 0.75 0.25
57 0.1 142 0.3591549295774648 0.028169014084507043 0.4 95 0.4105263157894737 0.031578947368421054 0.5 83 0.42168674698795183 0.03614457831325301 0.6 74 0.4189189189189189 0.04054054054054054 0.7 58 0.4827586206896552 0.05172413793103448 0.9 5 0.6 0.0
57 0.1 147 0.3469387755102041 0.047619047619047616 0.4 97 0.422680412371134 0.061855670103092786 0.5 80 0.4125 0.0625 0.6 72 0.4027777777777778 0.06944444444444445 0.7 60 0.45 0.08333333333333333 0.9 3 1.0 0.3333333333333333
57 0.1 152 0.3092105263157895 0.03289473684210526 0.4 100 0.41 0.05 0.5 85 0.4 0.058823529411764705 0.6 76 0.42105263157894735 0.06578947368421052 0.7 66 0.45454545454545453 0.06060606060606061 0.9 3 1.0 0.6666666666666666
57 0.1 115 0.3565217391304348 0.034782608695652174 0.4 72 0.4305555555555556 0.05555555555555555 0.5 64 0.4375 0.0625 0.6 47 0.5106382978723404 0.06382978723404255 0.7 39 0.5897435897435898 0.07692307692307693 0.9 4 0.75 0.5
57 0.1 143 0.32167832167832167 0.02097902097902098 0.4 88 0.36363636363636365 0.03409090909090909 0.5 82 0.3902439024390244 0.036585365853658534 0.6 68 0.39705882352941174 0.04411764705882353 0.7 56 0.4642857142857143 0.05357142857142857 0.9 3 1.0 0.0
57 0.1 150 0.32666666666666666 0.06 0.4 95 0.3894736842105263 0.07368421052631578 0.5 83 0.40963855421686746 0.07228915662650602 0.6 74 0.4189189189189189 0.08108108108108109 0.7 66 0.45454545454545453 0.09090909090909091 0.9 5 0.8 0.2
57 0.1 133 0.3533834586466165 0.045112781954887216 0.4 85 0.4235294117647059 0.047058823529411764 0.5 73 0.4246575342465753 0.0547945205479452 0.6 66 0.42424242424242425 0.045454545454545456 0.7 59 0.4745762711864407 0.05084745762711865 0.9 4 0.75 0.0
57 0.1 154 0.3246753246753247 0.032467532467532464 0.4 99 0.3939393939393939 0.050505050505050504 0.5 83 0.40963855421686746 0.060240963855421686 0.6 80 0.425 0.0625 0.7 67 0.44776119402985076 0.05970149253731343 0.9 4 0.75 0.0
57 0.1 159 0.31446540880503143 0.050314465408805034 0.4 104 0.3942307692307692 0.07692307692307693 0.5 92 0.43478260869565216 0.08695652173913043 0.6 83 0.4578313253012048 0.08433734939759036 0.7 71 0.4507042253521127 0.09859154929577464 0.9 6 0.6666666666666666 0.16666666666666666
57 0.1 149 0.3288590604026846 0.03355704697986577 0.4 95 0.42105263157894735 0.042105263157894736 0.5 84 0.44047619047619047 0.047619047619047616 0.6 69 0.4492753623188406 0.043478260869565216 0.7 59 0.4745762711864407 0.05084745762711865 0.9 4 1.0 0.25
57 0.1 150 0.29333333333333333 0.02 0.4 96 0.375 0.03125 0.5 81 0.3950617283950617 0.037037037037037035 0.6 70 0.4142857142857143 0.04285714285714286 0.7 59 0.4406779661016949 0.05084745762711865 0.9 4 0.75 0.0
57 0.1 142 0.33098591549295775 0.007042253521126761 0.4 88 0.3977272727272727 0.0 0.5 77 0.4025974025974026 0.0 0.6 68 0.38235294117647056 0.0 0.7 58 0.43103448275862066 0.0 0.9 4 0.75 0.0
57 0.1 135 0.34814814814814815 0.022222222222222223 0.4 89 0.39325842696629215 0.02247191011235955 0.5 73 0.4246575342465753 0.0273972602739726 0.6 62 0.45161290322580644 0.03225806451612903 0.7 50 0.52 0.04 0.9 3 1.0 0.0
57 0.1 150 0.30666666666666664 0.013333333333333334 0.4 98 0.3979591836734694 0.02040816326530612 0.5 85 0.4235294117647059 0.023529411764705882 0.6 74 0.40540540540540543 0.02702702702702703 0.7 62 0.43548387096774194 0.03225806451612903 0.9 3 0.6666666666666666 0.3333333333333333
57 0.1 147 0.32653061224489793 0.027210884353741496 0.4 101 0.3564356435643564 0.039603960396039604 0.5 86 0.38372093023255816 0.03488372093023256 0.6 69 0.42028985507246375 0.043478260869565216 0.7 61 0.4262295081967213 0.04918032786885246 0.9 5 0.8 0.2
57 0.1 153 0.3006535947712418 0.0392156862745098 0.4 93 0.3655913978494624 0.06451612903225806 0.5 81 0.3950617283950617 0.07407407407407407 0.6 69 0.4057971014492754 0.07246376811594203 0.7 56 0.44642857142857145 0.08928571428571429 0.9 3 1.0 0.3333333333333333
57 0.1 131 0.31297709923664124 0.030534351145038167 0.4 78 0.4358974358974359 0.05128205128205128 0.5 71 0.43661971830985913 0.04225352112676056 0.6 60 0.43333333333333335 0.05 0.7 51 0.49019607843137253 0.058823529411764705 0.9 3 0.6666666666666666 0.0
57 0.1 141 0.3475177304964539 0.04964539007092199 0.4 93 0.43010752688172044 0.07526881720430108 0.5 83 0.43373493975903615 0.08433734939759036 0.6 71 0.43661971830985913 0.08450704225352113 0.7 56 0.48214285714285715 0.08928571428571429 0.9 3 0.6666666666666666 0.0
57 0.1 145 0.35172413793103446 0.027586206896551724 0.4 98 0.3979591836734694 0.04081632653061224 0.5 83 0.39759036144578314 0.04819277108433735 0.6 74 0.43243243243243246 0.05405405405405406 0.7 58 0.4827586206896552 0.06896551724137931 0.9 4 0.75 0.25
57 0.1 155 0.3161290322580645 0.04516129032258064 0.4 92 0.40217391304347827 0.07608695652173914 0.5 79 0.43037974683544306 0.08860759493670886 0.6 69 0.4492753623188406 0.10144927536231885 0.7 55 0.4909090909090909 0.10909090909090909 0.9 6 0.8333333333333334 0.16666666666666666
57 0.1 130 0.36153846153846153 0.03076923076923077 0.4 85 0.4588235294117647 0.047058823529411764 0.5 75 0.4666666666666667 0.05333333333333334 0.6 64 0.5 0.0625 0.7 48 0.5208333333333334 0.08333333333333333 0.9 5 0.8 0.2
57 0.1 169 0.28994082840236685 0.023668639053254437 0.4 108 0.3888888888888889 0.037037037037037035 0.5 96 0.375 0.041666666666666664 0.6 84 0.39285714285714285 0.047619047619047616 0.7 76 0.4342105263157895 0.05263157894736842 0.9 3 0.6666666666666666 0.0
57 0.1 144 0.3333333333333333 0.020833333333333332 0.4 98 0.3979591836734694 0.030612244897959183 0.5 87 0.40229885057471265 0.034482758620689655 0.6 76 0.42105263157894735 0.039473684210526314 0.7 61 0.47540983606557374 0.03278688524590164 0.9 4 0.75 0.0
57 0.1 148 0.30405405405405406 0.0472972972972973 0.4 97 0.3711340206185567 0.07216494845360824 0.5 82 0.4024390243902439 0.06097560975609756 0.6 77 0.38961038961038963 0.05194805194805195 0.7 59 0.4576271186440678 0.06779661016949153 0.9 5 0.4 0.2
57 0.1 145 0.30344827586206896 0.013793103448275862 0.4 90 0.3888888888888889 0.022222222222222223 0.5 74 0.4189189189189189 0.013513513513513514 0.6 63 0.47619047619047616 0.015873015873015872 0.7 51 0.47058823529411764 0.0196078431372549 0.9 2 1.0 0.0
57 0.1 145 0.31724137931034485 0.041379310344827586 0.4 83 0.3855421686746988 0.04819277108433735 0.5 71 0.4084507042253521 0.056338028169014086 0.6 62 0.46774193548387094 0.06451612903225806 0.7 46 0.5434782608695652 0.08695652173913043 0.9 3 1.0 0.3333333333333333
57 0.1 139 0.31654676258992803 0.03597122302158273 0.4 89 0.4157303370786517 0.056179775280898875 0.5 73 0.4383561643835616 0.0410958904109589 0.6 58 0.46551724137931033 0.05172413793103448 0.7 46 0.5217391304347826 0.06521739130434782 0.9 5 1.0 0.2
57 0.1 131 0.3511450381679389 0.04580152671755725 0.4 80 0.4 0.0625 0.5 70 0.44285714285714284 0.07142857142857142 0.6 62 0.45161290322580644 0.08064516129032258 0.7 51 0.47058823529411764 0.0784313725490196 0.9 4 1.0 0.25
57 0.1 119 0.36134453781512604 0.025210084033613446 0.4 69 0.43478260869565216 0.043478260869565216 0.5 60 0.43333333333333335 0.05 0.6 51 0.49019607843137253 0.058823529411764705 0.7 37 0.5405405405405406 0.08108108108108109 0.9 4 0.75 0.25
57 0.1 125 0.344 0.024 0.4 75 0.41333333333333333 0.04 0.5 65 0.4461538461538462 0.046153846153846156 0.6 58 0.4827586206896552 0.05172413793103448 0.7 42 0.5476190476190477 0.047619047619047616 0.9 2 1.0 0.0
57 0.1 148 0.3108108108108108 0.02027027027027027 0.4 90 0.4111111111111111 0.022222222222222223 0.5 75 0.44 0.02666666666666667 0.6 63 0.49206349206349204 0.031746031746031744 0.7 54 0.5 0.037037037037037035 0.9 4 1.0 0.0
57 0.1 128 0.34375 0.03125 0.4 73 0.4246575342465753 0.0410958904109589 0.5 66 0.4393939393939394 0.045454545454545456 0.6 58 0.4827586206896552 0.05172413793103448 0.7 43 0.5581395348837209 0.046511627906976744 0.9 7 0.7142857142857143 0.14285714285714285
57 0.1 144 0.3194444444444444 0.041666666666666664 0.4 80 0.3875 0.0625 0.5 70 0.42857142857142855 0.07142857142857142 0.6 61 0.47540983606557374 0.08196721311475409 0.7 50 0.52 0.08 0.9 4 0.5 0.25
57 0.1 152 0.3157894736842105 0.03289473684210526 0.4 93 0.43010752688172044 0.03225806451612903 0.5 79 0.4430379746835443 0.0379746835443038 0.6 69 0.463768115942029 0.043478260869565216 0.7 61 0.4918032786885246 0.04918032786885246 0.9 3 0.6666666666666666 0.0
57 0.1 140 0.32857142857142857 0.03571428571428571 0.4 91 0.4175824175824176 0.054945054945054944 0.5 81 0.4444444444444444 0.04938271604938271 0.6 70 0.4714285714285714 0.04285714285714286 0.7 53 0.5471698113207547 0.05660377358490566 0.9 8 0.75 0.0
57 0.1 171 0.2982456140350877 0.029239766081871343 0.4 96 0.375 0.03125 0.5 83 0.37349397590361444 0.03614457831325301 0.6 70 0.44285714285714284 0.04285714285714286 0.7 57 0.5087719298245614 0.05263157894736842 0.9 6 0.6666666666666666 0.16666666666666666
57 0.1 153 0.30718954248366015 0.026143790849673203 0.4 90 0.4 0.044444444444444446 0.5 80 0.4375 0.05 0.6 72 0.4583333333333333 0.041666666666666664 0.7 58 0.5 0.034482758620689655 0.9 5 0.6 0.0
57 0.1 129 0.3488372093023256 0.015503875968992248 0.4 82 0.4146341463414634 0.0 0.5 70 0.45714285714285713 0.0 0.6 60 0.48333333333333334 0.0 0.7 47 0.5319148936170213 0.0 0.9 4 0.5 0.0
57 0.1 125 0.336 0.032 0.4 80 0.425 0.0375 0.5 68 0.45588235294117646 0.029411764705882353 0.6 57 0.49122807017543857 0.03508771929824561 0.7 44 0.5454545454545454 0.045454545454545456 0.9 2 1.0 0.5
57 0.1 121 0.35537190082644626 0.05785123966942149 0.4 81 0.4444444444444444 0.08641975308641975 0.5 72 0.4861111111111111 0.09722222222222222 0.6 60 0.5 0.11666666666666667 0.7 47 0.5106382978723404 0.0851063829787234 0.9 3 0.6666666666666666 0.0
57 0.1 135 0.32592592592592595 0.037037037037037035 0.4 88 0.375 0.045454545454545456 0.5 75 0.4 0.05333333333333334 0.6 65 0.46153846153846156 0.06153846153846154 0.7 52 0.5192307692307693 0.07692307692307693 0.9 5 0.8 0.2
57 0.1 140 0.32857142857142857 0.007142857142857143 0.4 90 0.36666666666666664 0.011111111111111112 0.5 78 0.3974358974358974 0.01282051282051282 0.6 68 0.4264705882352941 0.014705882352941176 0.7 53 0.4716981132075472 0.018867924528301886 0.9 5 0.6 0.2
57 0.1 133 0.3308270676691729 0.015037593984962405 0.4 89 0.3707865168539326 0.011235955056179775 0.5 80 0.3875 0.0125 0.6 68 0.4411764705882353 0.014705882352941176 0.7 51 0.5490196078431373 0.0196078431372549 0.9 4 1.0 0.25
57 0.1 142 0.31690140845070425 0.035211267605633804 0.4 101 0.3465346534653465 0.039603960396039604 0.5 85 0.38823529411764707 0.03529411764705882 0.6 74 0.4189189189189189 0.04054054054054054 0.7 55 0.5272727272727272 0.05454545454545454 0.9 3 1.0 0.3333333333333333
57 0.1 136 0.3235294117647059 0.04411764705882353 0.4 83 0.3855421686746988 0.060240963855421686 0.5 73 0.4246575342465753 0.0684931506849315 0.6 66 0.45454545454545453 0.07575757575757576 0.7 48 0.5625 0.08333333333333333 0.9 3 1.0 0.0
57 0.1 152 0.2894736842105263 0.02631578947368421 0.4 95 0.3473684210526316 0.031578947368421054 0.5 80 0.4125 0.0375 0.6 70 0.44285714285714284 0.04285714285714286 0.7 58 0.4827586206896552 0.05172413793103448 0.9 5 0.8 0.0
57 0.1 144 0.2916666666666667 0.0 0.4 91 0.34065934065934067 0.0 0.5 80 0.3875 0.0 0.6 67 0.44776119402985076 0.0 0.7 57 0.47368421052631576 0.0 0.9 5 0.8 0.0
57 0.1 150 0.2866666666666667 0.02666666666666667 0.4 101 0.32673267326732675 0.0297029702970297 0.5 86 0.37209302325581395 0.03488372093023256 0.6 72 0.4027777777777778 0.041666666666666664 0.7 56 0.5 0.03571428571428571 0.9 3 0.6666666666666666 0.3333333333333333
57 0.1 132 0.29545454545454547 0.030303030303030304 0.4 73 0.3972602739726027 0.0410958904109589 0.5 67 0.43283582089552236 0.04477611940298507 0.6 61 0.4426229508196721 0.03278688524590164 0.7 47 0.5106382978723404 0.0425531914893617 0.9 4 0.5 0.25
57 0.1 134 0.3208955223880597 0.03731343283582089 0.4 86 0.38372093023255816 0.046511627906976744 0.5 74 0.40540540540540543 0.05405405405405406 0.6 66 0.42424242424242425 0.06060606060606061 0.7 51 0.5098039215686274 0.0784313725490196 0.9 5 0.6 0.0
57 0.1 139 0.30935251798561153 0.014388489208633094 0.4 93 0.3870967741935484 0.010752688172043012 0.5 81 0.4074074074074074 0.012345679012345678 0.6 70 0.45714285714285713 0.014285714285714285 0.7 56 0.48214285714285715 0.017857142857142856 0.9 4 0.5 0.0
57 0.1 148 0.2972972972972973 0.02027027027027027 0.4 99 0.36363636363636365 0.020202020202020204 0.5 89 0.39325842696629215 0.02247191011235955 0.6 76 0.4342105263157895 0.013157894736842105 0.7 67 0.4925373134328358 0.014925373134328358 0.9 5 0.8 0.0
57 0.1 138 0.3115942028985507 0.028985507246376812 0.4 87 0.39080459770114945 0.04597701149425287 0.5 75 0.4266666666666667 0.05333333333333334 0.6 61 0.4918032786885246 0.06557377049180328 0.7 48 0.5625 0.08333333333333333 0.9 5 0.6 0.2
57 0.1 157 0.31210191082802546 0.03821656050955414 0.4 91 0.3956043956043956 0.04395604395604396 0.5 79 0.4050632911392405 0.05063291139240506 0.6 68 0.47058823529411764 0.058823529411764705 0.7 55 0.5272727272727272 0.07272727272727272 0.9 8 0.75 0.125
