7 0.1 0 1 1 0.4 0 1 1 0.5 0 1 1 0.6 0 1 1 0.7 0 1 1 0.9 0 1 1
7 0.1 6 0.0 0.0 0.4 0 1 1 0.5 0 1 1 0.6 0 1 1 0.7 0 1 1 0.9 0 1 1
7 0.1 32 0.09375 0.0 0.4 6 0.0 0.0 0.5 5 0.0 0.0 0.6 2 0.0 0.0 0.7 0 1 1 0.9 0 1 1
7 0.1 26 0.07692307692307693 0.0 0.4 2 0.0 0.0 0.5 0 1 1 0.6 0 1 1 0.7 0 1 1 0.9 0 1 1
7 0.1 128 0.0546875 0.0 0.4 35 0.14285714285714285 0.0 0.5 23 0.17391304347826086 0.0 0.6 11 0.18181818181818182 0.0 0.7 1 0.0 0.0 0.9 0 1 1
7 0.1 41 0.14634146341463414 0.0 0.4 4 0.25 0.0 0.5 1 1.0 0.0 0.6 0 1 1 0.7 0 1 1 0.9 0 1 1
7 0.1 49 0.12244897959183673 0.0 0.4 7 0.2857142857142857 0.0 0.5 1 1.0 0.0 0.6 1 1.0 0.0 0.7 0 1 1 0.9 0 1 1
7 0.1 49 0.12244897959183673 0.0 0.4 1 0.0 0.0 0.5 0 1 1 0.6 0 1 1 0.7 0 1 1 0.9 0 1 1
7 0.1 40 0.1 0.0 0.4 7 0.14285714285714285 0.0 0.5 3 0.3333333333333333 0.0 0.6 1 1.0 0.0 0.7 1 1.0 0.0 0.9 0 1 1
7 0.1 39 0.15384615384615385 0.0 0.4 5 0.2 0.0 0.5 3 0.3333333333333333 0.0 0.6 2 0.5 0.0 0.7 0 1 1 0.9 0 1 1
7 0.1 24 0.20833333333333334 0.0 0.4 7 0.42857142857142855 0.0 0.5 3 0.3333333333333333 0.0 0.6 1 1.0 0.0 0.7 1 1.0 0.0 0.9 0 1 1
7 0.1 24 0.20833333333333334 0.0 0.4 9 0.3333333333333333 0.0 0.5 3 0.6666666666666666 0.0 0.6 1 1.0 0.0 0.7 0 1 1 0.9 0 1 1
7 0.1 3 0.0 0.0 0.4 0 1 1 0.5 0 1 1 0.6 0 1 1 0.7 0 1 1 0.9 0 1 1
7 0.1 15 0.26666666666666666 0.0 0.4 2 0.5 0.0 0.5 2 0.5 0.0 0.6 0 1 1 0.7 0 1 1 0.9 0 1 1
7 0.1 32 0.1875 0.0 0.4 13 0.38461538461538464 0.0 0.5 10 0.5 0.0 0.6 6 0.5 0.0 0.7 4 0.5 0.0 0.9 0 1 1
7 0.1 20 0.25 0.0 0.4 6 0.6666666666666666 0.0 0.5 4 0.75 0.0 0.6 3 1.0 0.0 0.7 2 1.0 0.0 0.9 0 1 1
7 0.1 18 0.3333333333333333 0.0 0.4 6 0.6666666666666666 0.0 0.5 2 0.5 0.0 0.6 1 1.0 0.0 0.7 0 1 1 0.9 0 1 1
7 0.1 23 0.2608695652173913 0.0 0.4 10 0.4 0.0 0.5 9 0.4444444444444444 0.0 0.6 7 0.5714285714285714 0.0 0.7 5 0.6 0.0 0.9 0 1 1
7 0.1 6 0.3333333333333333 0.0 0.4 0 1 1 0.5 0 1 1 0.6 0 1 1 0.7 0 1 1 0.9 0 1 1
7 0.1 16 0.3125 0.0 0.4 6 0.8333333333333334 0.0 0.5 5 0.8 0.0 0.6 3 0.6666666666666666 0.0 0.7 0 1 1 0.9 0 1 1
7 0.1 9 0.2222222222222222 0.0 0.4 1 0.0 0.0 0.5 0 1 1 0.6 0 1 1 0.7 0 1 1 0.9 0 1 1
7 0.1 10 0.4 0.0 0.4 0 1 1 0.5 0 1 1 0.6 0 1 1 0.7 0 1 1 0.9 0 1 1
7 0.1 18 0.2777777777777778 0.0 0.4 8 0.625 0.0 0.5 6 0.8333333333333334 0.0 0.6 5 0.8 0.0 0.7 5 0.8 0.0 0.9 0 1 1
7 0.1 0 1 1 0.4 0 1 1 0.5 0 1 1 0.6 0 1 1 0.7 0 1 1 0.9 0 1 1
7 0.1 26 0.23076923076923078 0.0 0.4 4 0.5 0.0 0.5 4 0.5 0.0 0.6 3 0.6666666666666666 0.0 0.7 0 1 1 0.9 0 1 1
7 0.1 12 0.4166666666666667 0.0 0.4 6 0.6666666666666666 0.0 0.5 6 0.6666666666666666 0.0 0.6 6 0.6666666666666666 0.0 0.7 4 0.75 0.0 0.9 0 1 1
7 0.1 14 0.42857142857142855 0.0 0.4 7 0.5714285714285714 0.0 0.5 6 0.6666666666666666 0.0 0.6 5 0.8 0.0 0.7 4 1.0 0.0 0.9 0 1 1
7 0.1 0 1 1 0.4 0 1 1 0.5 0 1 1 0.6 0 1 1 0.7 0 1 1 0.9 0 1 1
7 0.1 0 1 1 0.4 0 1 1 0.5 0 1 1 0.6 0 1 1 0.7 0 1 1 0.9 0 1 1
7 0.1 2 0.0 0.0 0.4 0 1 1 0.5 0 1 1 0.6 0 1 1 0.7 0 1 1 0.9 0 1 1
7 0.1 2 0.0 0.0 0.4 0 1 1 0.5 0 1 1 0.6 0 1 1 0.7 0 1 1 0.9 0 1 1
7 0.1 10 0.2 0.0 0.4 0 1 1 0.5 0 1 1 0.6 0 1 1 0.7 0 1 1 0.9 0 1 1
7 0.1 0 1 1 0.4 0 1 1 0.5 0 1 1 0.6 0 1 1 0.7 0 1 1 0.9 0 1 1
7 0.1 0 1 1 0.4 0 1 1 0.5 0 1 1 0.6 0 1 1 0.7 0 1 1 0.9 0 1 1
7 0.1 2 0.5 0.0 0.4 0 1 1 0.5 0 1 1 0.6 0 1 1 0.7 0 1 1 0.9 0 1 1
7 0.1 2 0.0 0.0 0.4 0 1 1 0.5 0 1 1 0.6 0 1 1 0.7 0 1 1 0.9 0 1 1
7 0.1 11 0.2727272727272727 0.0 0.4 2 0.0 0.0 0.5 0 1 1 0.6 0 1 1 0.7 0 1 1 0.9 0 1 1
7 0.1 16 0.375 0.0 0.4 5 1.0 0.0 0.5 5 1.0 0.0 0.6 4 1.0 0.0 0.7 3 1.0 0.0 0.9 0 1 1
7 0.1 16 0.1875 0.0 0.4 2 1.0 0.0 0.5 2 1.0 0.0 0.6 2 1.0 0.0 0.7 0 1 1 0.9 0 1 1
7 0.1 6 0.0 0.0 0.4 0 1 1 0.5 0 1 1 0.6 0 1 1 0.7 0 1 1 0.9 0 1 1
7 0.1 12 0.5 0.0 0.4 3 1.0 0.0 0.5 3 1.0 0.0 0.6 2 1.0 0.0 0.7 1 1.0 0.0 0.9 0 1 1
7 0.1 15 0.3333333333333333 0.0 0.4 4 0.75 0.0 0.5 1 1.0 0.0 0.6 0 1 1 0.7 0 1 1 0.9 0 1 1
7 0.1 10 0.2 0.0 0.4 0 1 1 0.5 0 1 1 0.6 0 1 1 0.7 0 1 1 0.9 0 1 1
7 0.1 9 0.6666666666666666 0.0 0.4 3 1.0 0.0 0.5 2 1.0 0.0 0.6 1 1.0 0.0 0.7 0 1 1 0.9 0 1 1
7 0.1 9 0.5555555555555556 0.1111111111111111 0.4 2 1.0 0.0 0.5 2 1.0 0.0 0.6 2 1.0 0.0 0.7 2 1.0 0.0 0.9 0 1 1
7 0.1 13 0.5384615384615384 0.0 0.4 5 0.8 0.0 0.5 4 1.0 0.0 0.6 4 1.0 0.0 0.7 3 1.0 0.0 0.9 0 1 1
7 0.1 24 0.2916666666666667 0.0 0.4 6 0.6666666666666666 0.0 0.5 4 0.75 0.0 0.6 1 1.0 0.0 0.7 0 1 1 0.9 0 1 1
7 0.1 0 1 1 0.4 0 1 1 0.5 0 1 1 0.6 0 1 1 0.7 0 1 1 0.9 0 1 1
7 0.1 8 0.5 0.0 0.4 4 0.75 0.0 0.5 3 1.0 0.0 0.6 1 1.0 0.0 0.7 0 1 1 0.9 0 1 1
7 0.1 10 0.4 0.1 0.4 6 0.5 0.16666666666666666 0.5 5 0.6 0.2 0.6 4 0.75 0.25 0.7 2 1.0 0.5 0.9 0 1 1
7 0.1 5 0.8 0.2 0.4 2 1.0 0.0 0.5 2 1.0 0.0 0.6 1 1.0 0.0 0.7 1 1.0 0.0 0.9 0 1 1
7 0.1 9 0.5555555555555556 0.0 0.4 5 0.8 0.0 0.5 4 1.0 0.0 0.6 4 1.0 0.0 0.7 3 1.0 0.0 0.9 0 1 1
7 0.1 10 0.6 0.0 0.4 4 1.0 0.0 0.5 4 1.0 0.0 0.6 3 1.0 0.0 0.7 2 1.0 0.0 0.9 0 1 1
7 0.1 10 0.5 0.0 0.4 4 1.0 0.0 0.5 4 1.0 0.0 0.6 3 1.0 0.0 0.7 2 1.0 0.0 0.9 0 1 1
7 0.1 11 0.5454545454545454 0.0 0.4 6 0.8333333333333334 0.0 0.5 5 1.0 0.0 0.6 5 1.0 0.0 0.7 4 1.0 0.0 0.9 0 1 1
7 0.1 9 0.6666666666666666 0.1111111111111111 0.4 4 1.0 0.25 0.5 4 1.0 0.25 0.6 4 1.0 0.25 0.7 4 1.0 0.25 0.9 0 1 1
7 0.1 18 0.3333333333333333 0.05555555555555555 0.4 7 0.7142857142857143 0.14285714285714285 0.5 4 1.0 0.25 0.6 3 1.0 0.0 0.7 0 1 1 0.9 0 1 1
7 0.1 15 0.4666666666666667 0.06666666666666667 0.4 7 0.5714285714285714 0.14285714285714285 0.5 5 0.8 0.2 0.6 5 0.8 0.2 0.7 4 1.0 0.25 0.9 0 1 1
7 0.1 17 0.35294117647058826 0.0 0.4 7 0.5714285714285714 0.0 0.5 7 0.5714285714285714 0.0 0.6 5 0.8 0.0 0.7 1 1.0 0.0 0.9 0 1 1
7 0.1 14 0.42857142857142855 0.0 0.4 7 0.5714285714285714 0.0 0.5 6 0.6666666666666666 0.0 0.6 6 0.6666666666666666 0.0 0.7 5 0.8 0.0 0.9 0 1 1
7 0.1 10 0.6 0.0 0.4 4 1.0 0.0 0.5 4 1.0 0.0 0.6 4 1.0 0.0 0.7 3 1.0 0.0 0.9 0 1 1
7 0.1 26 0.23076923076923078 0.0 0.4 8 0.5 0.0 0.5 6 0.5 0.0 0.6 3 0.6666666666666666 0.0 0.7 1 1.0 0.0 0.9 0 1 1
7 0.1 17 0.35294117647058826 0.0 0.4 6 0.6666666666666666 0.0 0.5 6 0.6666666666666666 0.0 0.6 4 1.0 0.0 0.7 4 1.0 0.0 0.9 0 1 1
7 0.1 16 0.375 0.0 0.4 4 0.75 0.0 0.5 0 1 1 0.6 0 1 1 0.7 0 1 1 0.9 0 1 1
7 0.1 13 0.5384615384615384 0.0 0.4 7 0.7142857142857143 0.0 0.5 7 0.7142857142857143 0.0 0.6 4 1.0 0.0 0.7 3 1.0 0.0 0.9 0 1 1
7 0.1 12 0.5 0.0 0.4 6 0.6666666666666666 0.0 0.5 6 0.6666666666666666 0.0 0.6 4 1.0 0.0 0.7 2 1.0 0.0 0.9 0 1 1
7 0.1 10 0.6 0.0 0.4 4 1.0 0.0 0.5 4 1.0 0.0 0.6 4 1.0 0.0 0.7 3 1.0 0.0 0.9 0 1 1
7 0.1 24 0.2916666666666667 0.0 0.4 8 0.5 0.0 0.5 4 1.0 0.0 0.6 4 1.0 0.0 0.7 3 1.0 0.0 0.9 0 1 1
7 0.1 14 0.42857142857142855 0.0 0.4 7 0.5714285714285714 0.0 0.5 7 0.5714285714285714 0.0 0.6 5 0.8 0.0 0.7 3 1.0 0.0 0.9 0 1 1
7 0.1 11 0.6363636363636364 0.0 0.4 6 0.6666666666666666 0.0 0.5 5 0.8 0.0 0.6 4 1.0 0.0 0.7 4 1.0 0.0 0.9 0 1 1
7 0.1 9 0.6666666666666666 0.0 0.4 6 0.6666666666666666 0.0 0.5 5 0.8 0.0 0.6 4 1.0 0.0 0.7 3 1.0 0.0 0.9 0 1 1
7 0.1 14 0.42857142857142855 0.0 0.4 5 0.8 0.0 0.5 4 1.0 0.0 0.6 3 1.0 0.0 0.7 0 1 1 0.9 0 1 1
7 0.1 11 0.45454545454545453 0.0 0.4 4 1.0 0.0 0.5 3 1.0 0.0 0.6 3 1.0 0.0 0.7 2 1.0 0.0 0.9 0 1 1
7 0.1 29 0.2413793103448276 0.0 0.4 10 0.6 0.0 0.5 8 0.625 0.0 0.6 5 1.0 0.0 0.7 5 1.0 0.0 0.9 0 1 1
7 0.1 9 0.5555555555555556 0.0 0.4 6 0.6666666666666666 0.0 0.5 3 1.0 0.0 0.6 3 1.0 0.0 0.7 2 1.0 0.0 0.9 0 1 1
7 0.1 16 0.375 0.0 0.4 7 0.7142857142857143 0.0 0.5 5 1.0 0.0 0.6 4 1.0 0.0 0.7 4 1.0 0.0 0.9 0 1 1
7 0.1 12 0.5 0.0 0.4 7 0.7142857142857143 0.0 0.5 5 0.8 0.0 0.6 3 1.0 0.0 0.7 2 1.0 0.0 0.9 0 1 1
7 0.1 13 0.5384615384615384 0.0 0.4 8 0.625 0.0 0.5 6 0.8333333333333334 0.0 0.6 5 0.8 0.0 0.7 4 1.0 0.0 0.9 0 1 1
7 0.1 11 0.6363636363636364 0.0 0.4 7 0.8571428571428571 0.0 0.5 5 1.0 0.0 0.6 4 1.0 0.0 0.7 4 1.0 0.0 0.9 0 1 1
7 0.1 26 0.23076923076923078 0.0 0.4 8 0.625 0.0 0.5 5 1.0 0.0 0.6 4 1.0 0.0 0.7 0 1 1 0.9 0 1 1
7 0.1 11 0.5454545454545454 0.0 0.4 8 0.625 0.0 0.5 5 1.0 0.0 0.6 4 1.0 0.0 0.7 4 1.0 0.0 0.9 0 1 1
7 0.1 9 0.6666666666666666 0.0 0.4 6 0.8333333333333334 0.0 0.5 4 1.0 0.0 0.6 4 1.0 0.0 0.7 3 1.0 0.0 0.9 0 1 1
7 0.1 9 0.6666666666666666 0.0 0.4 5 0.8 0.0 0.5 4 1.0 0.0 0.6 4 1.0 0.0 0.7 3 1.0 0.0 0.9 0 1 1
7 0.1 14 0.5 0.0 0.4 8 0.75 0.0 0.5 5 1.0 0.0 0.6 4 1.0 0.0 0.7 4 1.0 0.0 0.9 0 1 1
7 0.1 12 0.5833333333333334 0.0 0.4 6 0.6666666666666666 0.0 0.5 4 1.0 0.0 0.6 4 1.0 0.0 0.7 3 1.0 0.0 0.9 0 1 1
7 0.1 15 0.4 0.0 0.4 8 0.75 0.0 0.5 4 1.0 0.0 0.6 4 1.0 0.0 0.7 3 1.0 0.0 0.9 0 1 1
7 0.1 11 0.6363636363636364 0.0 0.4 8 0.75 0.0 0.5 5 1.0 0.0 0.6 4 1.0 0.0 0.7 4 1.0 0.0 0.9 0 1 1
7 0.1 11 0.5454545454545454 0.0 0.4 8 0.75 0.0 0.5 7 0.8571428571428571 0.0 0.6 4 1.0 0.0 0.7 3 1.0 0.0 0.9 0 1 1
7 0.1 10 0.6 0.0 0.4 7 0.5714285714285714 0.0 0.5 3 1.0 0.0 0.6 3 1.0 0.0 0.7 2 1.0 0.0 0.9 0 1 1
7 0.1 10 0.7 0.0 0.4 7 0.8571428571428571 0.0 0.5 5 1.0 0.0 0.6 4 1.0 0.0 0.7 4 1.0 0.0 0.9 0 1 1
7 0.1 12 0.5833333333333334 0.0 0.4 6 1.0 0.0 0.5 5 1.0 0.0 0.6 4 1.0 0.0 0.7 2 1.0 0.0 0.9 0 1 1
7 0.1 12 0.5833333333333334 0.0 0.4 6 1.0 0.0 0.5 5 1.0 0.0 0.6 4 1.0 0.0 0.7 4 1.0 0.0 0.9 0 1 1
7 0.1 10 0.6 0.0 0.4 5 1.0 0.0 0.5 5 1.0 0.0 0.6 4 1.0 0.0 0.7 2 1.0 0.0 0.9 0 1 1
7 0.1 12 0.5833333333333334 0.0 0.4 6 0.6666666666666666 0.0 0.5 5 0.8 0.0 0.6 5 0.8 0.0 0.7 4 1.0 0.0 0.9 0 1 1
7 0.1 8 0.625 0.0 0.4 5 1.0 0.0 0.5 4 1.0 0.0 0.6 4 1.0 0.0 0.7 3 1.0 0.0 0.9 0 1 1
7 0.1 12 0.5 0.0 0.4 8 0.625 0.0 0.5 6 0.6666666666666666 0.0 0.6 4 1.0 0.0 0.7 4 1.0 0.0 0.9 0 1 1
7 0.1 20 0.3 0.0 0.4 8 0.5 0.0 0.5 7 0.5714285714285714 0.0 0.6 5 0.8 0.0 0.7 3 1.0 0.0 0.9 0 1 1
7 0.1 9 0.6666666666666666 0.0 0.4 6 0.8333333333333334 0.0 0.5 5 1.0 0.0 0.6 4 1.0 0.0 0.7 3 1.0 0.0 0.9 0 1 1
7 0.1 10 0.5 0.0 0.4 4 1.0 0.0 0.5 3 1.0 0.0 0.6 1 1.0 0.0 0.7 1 1.0 0.0 0.9 0 1 1
7 0.1 12 0.5833333333333334 0.0 0.4 8 0.75 0.0 0.5 6 0.6666666666666666 0.0 0.6 4 1.0 0.0 0.7 3 1.0 0.0 0.9 0 1 1
7 0.1 9 0.6666666666666666 0.0 0.4 7 0.8571428571428571 0.0 0.5 5 1.0 0.0 0.6 5 1.0 0.0 0.7 3 1.0 0.0 0.9 0 1 1
7 0.1 11 0.5454545454545454 0.0 0.4 6 0.8333333333333334 0.0 0.5 5 1.0 0.0 0.6 4 1.0 0.0 0.7 3 1.0 0.0 0.9 0 1 1
7 0.1 12 0.5833333333333334 0.0 0.4 8 0.625 0.0 0.5 5 1.0 0.0 0.6 5 1.0 0.0 0.7 4 1.0 0.0 0.9 0 1 1
7 0.1 11 0.5454545454545454 0.0 0.4 6 0.8333333333333334 0.0 0.5 5 1.0 0.0 0.6 4 1.0 0.0 0.7 3 1.0 0.0 0.9 0 1 1
7 0.1 11 0.5454545454545454 0.0 0.4 9 0.6666666666666666 0.0 0.5 7 0.7142857142857143 0.0 0.6 5 0.8 0.0 0.7 3 1.0 0.0 0.9 0 1 1
7 0.1 11 0.5454545454545454 0.0 0.4 9 0.6666666666666666 0.0 0.5 5 1.0 0.0 0.6 4 1.0 0.0 0.7 3 1.0 0.0 0.9 0 1 1
7 0.1 10 0.6 0.0 0.4 7 0.8571428571428571 0.0 0.5 7 0.8571428571428571 0.0 0.6 4 1.0 0.0 0.7 3 1.0 0.0 0.9 0 1 1
7 0.1 11 0.6363636363636364 0.0 0.4 6 0.8333333333333334 0.0 0.5 5 1.0 0.0 0.6 4 1.0 0.0 0.7 3 1.0 0.0 0.9 0 1 1
7 0.1 10 0.7 0.0 0.4 6 1.0 0.0 0.5 5 1.0 0.0 0.6 5 1.0 0.0 0.7 3 1.0 0.0 0.9 0 1 1
7 0.1 13 0.5384615384615384 0.0 0.4 7 0.8571428571428571 0.0 0.5 7 0.8571428571428571 0.0 0.6 5 0.8 0.0 0.7 4 0.75 0.0 0.9 0 1 1
7 0.1 8 0.75 0.0 0.4 6 1.0 0.0 0.5 6 1.0 0.0 0.6 4 1.0 0.0 0.7 3 1.0 0.0 0.9 0 1 1
7 0.1 12 0.5 0.0 0.4 8 0.625 0.0 0.5 7 0.7142857142857143 0.0 0.6 6 0.8333333333333334 0.0 0.7 4 1.0 0.0 0.9 0 1 1
7 0.1 9 0.6666666666666666 0.0 0.4 7 0.7142857142857143 0.0 0.5 6 0.8333333333333334 0.0 0.6 5 1.0 0.0 0.7 4 1.0 0.0 0.9 0 1 1
7 0.1 11 0.5454545454545454 0.0 0.4 7 0.8571428571428571 0.0 0.5 7 0.8571428571428571 0.0 0.6 4 0.75 0.0 0.7 3 1.0 0.0 0.9 0 1 1
7 0.1 9 0.6666666666666666 0.0 0.4 6 0.8333333333333334 0.0 0.5 6 0.8333333333333334 0.0 0.6 5 0.8 0.0 0.7 4 0.75 0.0 0.9 0 1 1
7 0.1 12 0.5 0.0 0.4 8 0.625 0.0 0.5 7 0.7142857142857143 0.0 0.6 4 1.0 0.0 0.7 4 1.0 0.0 0.9 0 1 1
7 0.1 12 0.5 0.0 0.4 8 0.625 0.0 0.5 6 0.8333333333333334 0.0 0.6 6 0.8333333333333334 0.0 0.7 5 0.8 0.0 0.9 0 1 1
7 0.1 11 0.5454545454545454 0.0 0.4 8 0.625 0.0 0.5 5 1.0 0.0 0.6 4 1.0 0.0 0.7 4 1.0 0.0 0.9 0 1 1
7 0.1 11 0.5454545454545454 0.0 0.4 5 0.8 0.0 0.5 5 0.8 0.0 0.6 5 0.8 0.0 0.7 5 0.8 0.0 0.9 0 1 1
7 0.1 11 0.5454545454545454 0.0 0.4 5 0.8 0.0 0.5 5 0.8 0.0 0.6 4 0.75 0.0 0.7 3 1.0 0.0 0.9 0 1 1
7 0.1 10 0.6 0.0 0.4 6 0.8333333333333334 0.0 0.5 6 0.8333333333333334 0.0 0.6 4 1.0 0.0 0.7 3 1.0 0.0 0.9 0 1 1
7 0.1 13 0.46153846153846156 0.0 0.4 5 1.0 0.0 0.5 4 1.0 0.0 0.6 4 1.0 0.0 0.7 3 1.0 0.0 0.9 0 1 1
7 0.1 7 0.7142857142857143 0.0 0.4 5 1.0 0.0 0.5 4 1.0 0.0 0.6 2 1.0 0.0 0.7 2 1.0 0.0 0.9 0 1 1
7 0.1 10 0.6 0.0 0.4 5 1.0 0.0 0.5 5 1.0 0.0 0.6 3 1.0 0.0 0.7 3 1.0 0.0 0.9 0 1 1
7 0.1 8 0.625 0.0 0.4 5 1.0 0.0 0.5 5 1.0 0.0 0.6 4 1.0 0.0 0.7 3 1.0 0.0 0.9 0 1 1
7 0.1 8 0.625 0.0 0.4 7 0.7142857142857143 0.0 0.5 6 0.8333333333333334 0.0 0.6 6 0.8333333333333334 0.0 0.7 4 1.0 0.0 0.9 0 1 1
7 0.1 10 0.6 0.0 0.4 7 0.7142857142857143 0.0 0.5 5 0.8 0.0 0.6 4 1.0 0.0 0.7 4 1.0 0.0 0.9 0 1 1
7 0.1 10 0.6 0.0 0.4 5 0.8 0.0 0.5 5 0.8 0.0 0.6 3 1.0 0.0 0.7 3 1.0 0.0 0.9 0 1 1
7 0.1 8 0.625 0.0 0.4 5 0.8 0.0 0.5 4 1.0 0.0 0.6 3 1.0 0.0 0.7 3 1.0 0.0 0.9 0 1 1
7 0.1 11 0.5454545454545454 0.0 0.4 8 0.625 0.0 0.5 7 0.7142857142857143 0.0 0.6 4 1.0 0.0 0.7 4 1.0 0.0 0.9 0 1 1
7 0.1 10 0.6 0.0 0.4 6 0.8333333333333334 0.0 0.5 6 0.8333333333333334 0.0 0.6 4 1.0 0.0 0.7 4 1.0 0.0 0.9 0 1 1
7 0.1 10 0.6 0.0 0.4 9 0.6666666666666666 0.0 0.5 6 0.8333333333333334 0.0 0.6 6 0.8333333333333334 0.0 0.7 4 0.75 0.0 0.9 0 1 1
7 0.1 9 0.6666666666666666 0.0 0.4 7 0.8571428571428571 0.0 0.5 7 0.8571428571428571 0.0 0.6 7 0.8571428571428571 0.0 0.7 5 0.8 0.0 0.9 0 1 1
7 0.1 9 0.6666666666666666 0.0 0.4 7 0.7142857142857143 0.0 0.5 5 0.8 0.0 0.6 4 1.0 0.0 0.7 4 1.0 0.0 0.9 0 1 1
7 0.1 9 0.6666666666666666 0.0 0.4 6 0.8333333333333334 0.0 0.5 6 0.8333333333333334 0.0 0.6 4 1.0 0.0 0.7 4 1.0 0.0 0.9 0 1 1
7 0.1 8 0.75 0.0 0.4 4 1.0 0.0 0.5 3 1.0 0.0 0.6 3 1.0 0.0 0.7 2 1.0 0.0 0.9 0 1 1
7 0.1 7 0.8571428571428571 0.0 0.4 6 0.8333333333333334 0.0 0.5 3 1.0 0.0 0.6 3 1.0 0.0 0.7 3 1.0 0.0 0.9 0 1 1
7 0.1 8 0.75 0.0 0.4 7 0.8571428571428571 0.0 0.5 7 0.8571428571428571 0.0 0.6 5 0.8 0.0 0.7 3 1.0 0.0 0.9 0 1 1
7 0.1 9 0.5555555555555556 0.0 0.4 6 0.8333333333333334 0.0 0.5 5 0.8 0.0 0.6 5 0.8 0.0 0.7 5 0.8 0.0 0.9 0 1 1
7 0.1 9 0.6666666666666666 0.0 0.4 8 0.75 0.0 0.5 6 0.8333333333333334 0.0 0.6 6 0.8333333333333334 0.0 0.7 4 0.75 0.0 0.9 0 1 1
7 0.1 10 0.6 0.0 0.4 7 0.7142857142857143 0.0 0.5 7 0.7142857142857143 0.0 0.6 6 0.6666666666666666 0.0 0.7 3 0.6666666666666666 0.0 0.9 0 1 1
7 0.1 10 0.6 0.0 0.4 7 0.7142857142857143 0.0 0.5 7 0.7142857142857143 0.0 0.6 7 0.7142857142857143 0.0 0.7 4 0.75 0.0 0.9 0 1 1
7 0.1 8 0.5 0.0 0.4 4 0.75 0.0 0.5 4 0.75 0.0 0.6 4 0.75 0.0 0.7 4 0.75 0.0 0.9 0 1 1
7 0.1 7 0.5714285714285714 0.0 0.4 5 0.6 0.0 0.5 3 0.6666666666666666 0.0 0.6 3 0.6666666666666666 0.0 0.7 3 0.6666666666666666 0.0 0.9 0 1 1
7 0.1 8 0.75 0.0 0.4 7 0.8571428571428571 0.0 0.5 6 0.8333333333333334 0.0 0.6 6 0.8333333333333334 0.0 0.7 3 0.6666666666666666 0.0 0.9 0 1 1
7 0.1 9 0.6666666666666666 0.0 0.4 6 0.6666666666666666 0.0 0.5 5 0.8 0.0 0.6 5 0.8 0.0 0.7 4 0.75 0.0 0.9 0 1 1
7 0.1 9 0.6666666666666666 0.0 0.4 7 0.7142857142857143 0.0 0.5 6 0.8333333333333334 0.0 0.6 5 0.8 0.0 0.7 3 0.6666666666666666 0.0 0.9 0 1 1
7 0.1 9 0.6666666666666666 0.0 0.4 7 0.8571428571428571 0.0 0.5 6 0.8333333333333334 0.0 0.6 5 0.8 0.0 0.7 4 1.0 0.0 0.9 0 1 1
7 0.1 10 0.6 0.0 0.4 7 0.7142857142857143 0.0 0.5 7 0.7142857142857143 0.0 0.6 7 0.7142857142857143 0.0 0.7 5 0.8 0.0 0.9 0 1 1
7 0.1 9 0.6666666666666666 0.0 0.4 8 0.625 0.0 0.5 7 0.7142857142857143 0.0 0.6 7 0.7142857142857143 0.0 0.7 5 0.8 0.0 0.9 0 1 1
7 0.1 9 0.6666666666666666 0.0 0.4 6 0.8333333333333334 0.0 0.5 5 0.8 0.0 0.6 5 0.8 0.0 0.7 5 0.8 0.0 0.9 0 1 1
7 0.1 8 0.75 0.0 0.4 5 0.8 0.0 0.5 4 0.75 0.0 0.6 4 0.75 0.0 0.7 3 1.0 0.0 0.9 0 1 1
7 0.1 9 0.6666666666666666 0.0 0.4 5 0.6 0.0 0.5 5 0.6 0.0 0.6 5 0.6 0.0 0.7 3 0.6666666666666666 0.0 0.9 0 1 1
7 0.1 9 0.5555555555555556 0.0 0.4 7 0.7142857142857143 0.0 0.5 6 0.6666666666666666 0.0 0.6 4 0.75 0.0 0.7 4 0.75 0.0 0.9 0 1 1
7 0.1 9 0.6666666666666666 0.0 0.4 4 0.75 0.0 0.5 4 0.75 0.0 0.6 4 0.75 0.0 0.7 3 1.0 0.0 0.9 0 1 1
7 0.1 9 0.5555555555555556 0.0 0.4 6 0.8333333333333334 0.0 0.5 5 0.8 0.0 0.6 3 1.0 0.0 0.7 3 1.0 0.0 0.9 0 1 1
7 0.1 8 0.625 0.0 0.4 3 1.0 0.0 0.5 3 1.0 0.0 0.6 3 1.0 0.0 0.7 3 1.0 0.0 0.9 0 1 1
7 0.1 9 0.5555555555555556 0.0 0.4 3 1.0 0.0 0.5 3 1.0 0.0 0.6 3 1.0 0.0 0.7 3 1.0 0.0 0.9 0 1 1
7 0.1 10 0.6 0.0 0.4 7 0.5714285714285714 0.0 0.5 5 0.6 0.0 0.6 4 0.75 0.0 0.7 4 0.75 0.0 0.9 0 1 1
7 0.1 11 0.5454545454545454 0.0 0.4 9 0.6666666666666666 0.0 0.5 8 0.75 0.0 0.6 8 0.75 0.0 0.7 4 0.75 0.0 0.9 0 1 1
7 0.1 9 0.6666666666666666 0.0 0.4 8 0.75 0.0 0.5 5 0.8 0.0 0.6 5 0.8 0.0 0.7 4 0.75 0.0 0.9 0 1 1
7 0.1 9 0.6666666666666666 0.0 0.4 5 0.8 0.0 0.5 4 0.75 0.0 0.6 3 1.0 0.0 0.7 3 1.0 0.0 0.9 0 1 1
7 0.1 10 0.6 0.0 0.4 5 0.8 0.0 0.5 5 0.8 0.0 0.6 3 1.0 0.0 0.7 3 1.0 0.0 0.9 0 1 1
7 0.1 8 0.625 0.0 0.4 4 0.75 0.0 0.5 3 0.6666666666666666 0.0 0.6 2 1.0 0.0 0.7 2 1.0 0.0 0.9 0 1 1
7 0.1 7 0.7142857142857143 0.0 0.4 5 0.8 0.0 0.5 5 0.8 0.0 0.6 5 0.8 0.0 0.7 5 0.8 0.0 0.9 0 1 1
7 0.1 7 0.7142857142857143 0.0 0.4 6 0.8333333333333334 0.0 0.5 5 0.8 0.0 0.6 5 0.8 0.0 0.7 4 0.75 0.0 0.9 0 1 1
7 0.1 9 0.6666666666666666 0.0 0.4 7 0.7142857142857143 0.0 0.5 6 0.8333333333333334 0.0 0.6 6 0.8333333333333334 0.0 0.7 5 0.8 0.0 0.9 0 1 1
7 0.1 8 0.75 0.0 0.4 7 0.7142857142857143 0.0 0.5 7 0.7142857142857143 0.0 0.6 6 0.8333333333333334 0.0 0.7 4 0.75 0.0 0.9 0 1 1
7 0.1 8 0.75 0.0 0.4 5 0.8 0.0 0.5 5 0.8 0.0 0.6 3 1.0 0.0 0.7 2 1.0 0.0 0.9 0 1 1
7 0.1 9 0.6666666666666666 0.0 0.4 7 0.8571428571428571 0.0 0.5 5 0.8 0.0 0.6 5 0.8 0.0 0.7 5 0.8 0.0 0.9 0 1 1
7 0.1 7 0.8571428571428571 0.0 0.4 5 0.8 0.0 0.5 4 0.75 0.0 0.6 3 0.6666666666666666 0.0 0.7 3 0.6666666666666666 0.0 0.9 0 1 1
7 0.1 7 0.8571428571428571 0.0 0.4 6 0.8333333333333334 0.0 0.5 6 0.8333333333333334 0.0 0.6 4 0.75 0.0 0.7 3 0.6666666666666666 0.0 0.9 0 1 1
7 0.1 8 0.75 0.0 0.4 6 0.8333333333333334 0.0 0.5 6 0.8333333333333334 0.0 0.6 6 0.8333333333333334 0.0 0.7 5 0.8 0.0 0.9 0 1 1
7 0.1 9 0.6666666666666666 0.0 0.4 7 0.8571428571428571 0.0 0.5 6 0.8333333333333334 0.0 0.6 6 0.8333333333333334 0.0 0.7 4 0.75 0.0 0.9 0 1 1
7 0.1 10 0.7 0.0 0.4 6 0.8333333333333334 0.0 0.5 6 0.8333333333333334 0.0 0.6 6 0.8333333333333334 0.0 0.7 6 0.8333333333333334 0.0 0.9 0 1 1
7 0.1 10 0.7 0.0 0.4 5 0.8 0.0 0.5 5 0.8 0.0 0.6 4 0.75 0.0 0.7 3 1.0 0.0 0.9 0 1 1
7 0.1 8 0.75 0.0 0.4 7 0.8571428571428571 0.0 0.5 6 0.8333333333333334 0.0 0.6 6 0.8333333333333334 0.0 0.7 4 0.75 0.0 0.9 0 1 1
7 0.1 9 0.6666666666666666 0.0 0.4 6 0.8333333333333334 0.0 0.5 6 0.8333333333333334 0.0 0.6 6 0.8333333333333334 0.0 0.7 5 0.8 0.0 0.9 0 1 1
7 0.1 7 0.8571428571428571 0.0 0.4 5 0.8 0.0 0.5 5 0.8 0.0 0.6 4 0.75 0.0 0.7 4 0.75 0.0 0.9 0 1 1
7 0.1 7 0.8571428571428571 0.0 0.4 5 0.8 0.0 0.5 4 0.75 0.0 0.6 4 0.75 0.0 0.7 3 0.6666666666666666 0.0 0.9 0 1 1
7 0.1 6 0.8333333333333334 0.0 0.4 5 0.8 0.0 0.5 5 0.8 0.0 0.6 4 0.75 0.0 0.7 2 1.0 0.0 0.9 0 1 1
7 0.1 7 0.8571428571428571 0.0 0.4 5 0.8 0.0 0.5 5 0.8 0.0 0.6 4 0.75 0.0 0.7 4 0.75 0.0 0.9 0 1 1
7 0.1 7 0.8571428571428571 0.0 0.4 5 0.8 0.0 0.5 4 0.75 0.0 0.6 4 0.75 0.0 0.7 4 0.75 0.0 0.9 0 1 1
7 0.1 7 0.8571428571428571 0.0 0.4 6 0.8333333333333334 0.0 0.5 5 0.8 0.0 0.6 4 0.75 0.0 0.7 4 0.75 0.0 0.9 0 1 1
7 0.1 8 0.75 0.0 0.4 7 0.8571428571428571 0.0 0.5 7 0.8571428571428571 0.0 0.6 6 0.8333333333333334 0.0 0.7 6 0.8333333333333334 0.0 0.9 0 1 1
7 0.1 8 0.75 0.0 0.4 7 0.8571428571428571 0.0 0.5 6 0.8333333333333334 0.0 0.6 6 0.8333333333333334 0.0 0.7 5 0.8 0.0 0.9 0 1 1
7 0.1 9 0.6666666666666666 0.0 0.4 7 0.7142857142857143 0.0 0.5 6 0.8333333333333334 0.0 0.6 6 0.8333333333333334 0.0 0.7 6 0.8333333333333334 0.0 0.9 0 1 1
7 0.1 7 0.7142857142857143 0.0 0.4 6 0.8333333333333334 0.0 0.5 6 0.8333333333333334 0.0 0.6 6 0.8333333333333334 0.0 0.7 6 0.8333333333333334 0.0 0.9 0 1 1
7 0.1 9 0.6666666666666666 0.0 0.4 6 0.8333333333333334 0.0 0.5 6 0.8333333333333334 0.0 0.6 6 0.8333333333333334 0.0 0.7 6 0.8333333333333334 0.0 0.9 0 1 1
7 0.1 8 0.75 0.0 0.4 5 0.8 0.0 0.5 4 0.75 0.0 0.6 4 0.75 0.0 0.7 4 0.75 0.0 0.9 0 1 1
7 0.1 8 0.75 0.0 0.4 7 0.7142857142857143 0.0 0.5 5 0.8 0.0 0.6 5 0.8 0.0 0.7 4 0.75 0.0 0.9 0 1 1
7 0.1 9 0.6666666666666666 0.0 0.4 5 0.8 0.0 0.5 4 0.75 0.0 0.6 4 0.75 0.0 0.7 4 0.75 0.0 0.9 0 1 1
7 0.1 7 0.7142857142857143 0.0 0.4 7 0.7142857142857143 0.0 0.5 5 0.8 0.0 0.6 4 0.75 0.0 0.7 3 0.6666666666666666 0.0 0.9 0 1 1
7 0.1 8 0.75 0.0 0.4 6 0.8333333333333334 0.0 0.5 6 0.8333333333333334 0.0 0.6 6 0.8333333333333334 0.0 0.7 4 0.75 0.0 0.9 0 1 1
7 0.1 7 0.7142857142857143 0.0 0.4 4 0.75 0.0 0.5 3 0.6666666666666666 0.0 0.6 3 0.6666666666666666 0.0 0.7 2 1.0 0.0 0.9 0 1 1
7 0.1 7 0.7142857142857143 0.0 0.4 5 0.8 0.0 0.5 4 0.75 0.0 0.6 3 0.6666666666666666 0.0 0.7 3 0.6666666666666666 0.0 0.9 0 1 1
7 0.1 6 0.8333333333333334 0.0 0.4 5 0.8 0.0 0.5 5 0.8 0.0 0.6 5 0.8 0.0 0.7 5 0.8 0.0 0.9 0 1 1
7 0.1 7 0.8571428571428571 0.0 0.4 7 0.8571428571428571 0.0 0.5 7 0.8571428571428571 0.0 0.6 5 0.8 0.0 0.7 5 0.8 0.0 0.9 0 1 1
7 0.1 9 0.6666666666666666 0.0 0.4 7 0.7142857142857143 0.0 0.5 6 0.8333333333333334 0.0 0.6 6 0.8333333333333334 0.0 0.7 5 0.8 0.0 0.9 0 1 1
7 0.1 8 0.75 0.0 0.4 7 0.8571428571428571 0.0 0.5 7 0.8571428571428571 0.0 0.6 6 0.8333333333333334 0.0 0.7 4 0.75 0.0 0.9 0 1 1
7 0.1 7 0.7142857142857143 0.0 0.4 7 0.7142857142857143 0.0 0.5 7 0.7142857142857143 0.0 0.6 6 0.6666666666666666 0.0 0.7 5 0.6 0.0 0.9 0 1 1
7 0.1 8 0.75 0.0 0.4 7 0.7142857142857143 0.0 0.5 6 0.6666666666666666 0.0 0.6 6 0.6666666666666666 0.0 0.7 6 0.6666666666666666 0.0 0.9 0 1 1
7 0.1 8 0.625 0.0 0.4 6 0.6666666666666666 0.0 0.5 6 0.6666666666666666 0.0 0.6 5 0.6 0.0 0.7 5 0.6 0.0 0.9 0 1 1
7 0.1 8 0.625 0.0 0.4 7 0.7142857142857143 0.0 0.5 6 0.8333333333333334 0.0 0.6 5 0.8 0.0 0.7 5 0.8 0.0 0.9 0 1 1
7 0.1 8 0.625 0.0 0.4 5 0.8 0.0 0.5 4 0.75 0.0 0.6 3 0.6666666666666666 0.0 0.7 3 0.6666666666666666 0.0 0.9 0 1 1
7 0.1 8 0.75 0.0 0.4 6 0.6666666666666666 0.0 0.5 4 0.75 0.0 0.6 4 0.75 0.0 0.7 4 0.75 0.0 0.9 0 1 1
7 0.1 8 0.75 0.0 0.4 7 0.7142857142857143 0.0 0.5 7 0.7142857142857143 0.0 0.6 6 0.6666666666666666 0.0 0.7 5 0.8 0.0 0.9 0 1 1
7 0.1 8 0.75 0.0 0.4 8 0.75 0.0 0.5 7 0.8571428571428571 0.0 0.6 7 0.8571428571428571 0.0 0.7 7 0.8571428571428571 0.0 0.9 0 1 1
7 0.1 8 0.75 0.0 0.4 7 0.8571428571428571 0.0 0.5 7 0.8571428571428571 0.0 0.6 6 0.8333333333333334 0.0 0.7 6 0.8333333333333334 0.0 0.9 0 1 1
7 0.1 9 0.6666666666666666 0.0 0.4 8 0.75 0.0 0.5 7 0.8571428571428571 0.0 0.6 7 0.8571428571428571 0.0 0.7 4 0.75 0.0 0.9 0 1 1
7 0.1 9 0.6666666666666666 0.0 0.4 8 0.75 0.0 0.5 8 0.75 0.0 0.6 8 0.75 0.0 0.7 7 0.7142857142857143 0.0 0.9 0 1 1
7 0.1 8 0.75 0.0 0.4 8 0.75 0.0 0.5 7 0.8571428571428571 0.0 0.6 6 0.8333333333333334 0.0 0.7 5 0.8 0.0 0.9 0 1 1
7 0.1 9 0.6666666666666666 0.0 0.4 8 0.75 0.0 0.5 7 0.8571428571428571 0.0 0.6 6 0.8333333333333334 0.0 0.7 6 0.8333333333333334 0.0 0.9 0 1 1
7 0.1 10 0.6 0.0 0.4 8 0.75 0.0 0.5 7 0.7142857142857143 0.0 0.6 7 0.7142857142857143 0.0 0.7 6 0.8333333333333334 0.0 0.9 0 1 1
7 0.1 9 0.6666666666666666 0.0 0.4 8 0.75 0.0 0.5 8 0.75 0.0 0.6 7 0.7142857142857143 0.0 0.7 6 0.6666666666666666 0.0 0.9 0 1 1
7 0.1 9 0.6666666666666666 0.0 0.4 8 0.75 0.0 0.5 8 0.75 0.0 0.6 8 0.75 0.0 0.7 7 0.8571428571428571 0.0 0.9 0 1 1
7 0.1 7 0.5714285714285714 0.0 0.4 5 0.8 0.0 0.5 4 0.75 0.0 0.6 4 0.75 0.0 0.7 3 0.6666666666666666 0.0 0.9 0 1 1
7 0.1 8 0.75 0.0 0.4 6 0.8333333333333334 0.0 0.5 5 0.8 0.0 0.6 4 0.75 0.0 0.7 3 0.6666666666666666 0.0 0.9 0 1 1
7 0.1 7 0.7142857142857143 0.0 0.4 5 0.8 0.0 0.5 5 0.8 0.0 0.6 5 0.8 0.0 0.7 4 0.75 0.0 0.9 0 1 1
7 0.1 8 0.625 0.0 0.4 6 0.6666666666666666 0.0 0.5 5 0.8 0.0 0.6 5 0.8 0.0 0.7 4 0.75 0.0 0.9 0 1 1
7 0.1 9 0.6666666666666666 0.0 0.4 8 0.75 0.0 0.5 7 0.7142857142857143 0.0 0.6 7 0.7142857142857143 0.0 0.7 6 0.8333333333333334 0.0 0.9 0 1 1
7 0.1 9 0.6666666666666666 0.0 0.4 7 0.7142857142857143 0.0 0.5 7 0.7142857142857143 0.0 0.6 6 0.8333333333333334 0.0 0.7 6 0.8333333333333334 0.0 0.9 0 1 1
7 0.1 9 0.6666666666666666 0.0 0.4 7 0.8571428571428571 0.0 0.5 6 0.8333333333333334 0.0 0.6 6 0.8333333333333334 0.0 0.7 6 0.8333333333333334 0.0 0.9 0 1 1
7 0.1 7 0.5714285714285714 0.0 0.4 5 0.8 0.0 0.5 5 0.8 0.0 0.6 5 0.8 0.0 0.7 4 0.75 0.0 0.9 0 1 1
7 0.1 9 0.6666666666666666 0.0 0.4 7 0.7142857142857143 0.0 0.5 6 0.6666666666666666 0.0 0.6 5 0.8 0.0 0.7 4 0.75 0.0 0.9 0 1 1
7 0.1 8 0.625 0.0 0.4 7 0.7142857142857143 0.0 0.5 7 0.7142857142857143 0.0 0.6 6 0.8333333333333334 0.0 0.7 6 0.8333333333333334 0.0 0.9 0 1 1
7 0.1 8 0.625 0.0 0.4 7 0.7142857142857143 0.0 0.5 7 0.7142857142857143 0.0 0.6 6 0.6666666666666666 0.0 0.7 6 0.6666666666666666 0.0 0.9 0 1 1
7 0.1 10 0.6 0.0 0.4 6 0.8333333333333334 0.0 0.5 6 0.8333333333333334 0.0 0.6 5 0.8 0.0 0.7 5 0.8 0.0 0.9 0 1 1
7 0.1 8 0.75 0.0 0.4 6 0.8333333333333334 0.0 0.5 6 0.8333333333333334 0.0 0.6 6 0.8333333333333334 0.0 0.7 6 0.8333333333333334 0.0 0.9 0 1 1
7 0.1 8 0.75 0.0 0.4 7 0.8571428571428571 0.0 0.5 6 0.8333333333333334 0.0 0.6 6 0.8333333333333334 0.0 0.7 6 0.8333333333333334 0.0 0.9 0 1 1
7 0.1 8 0.625 0.0 0.4 6 0.8333333333333334 0.0 0.5 6 0.8333333333333334 0.0 0.6 5 1.0 0.0 0.7 4 1.0 0.0 0.9 0 1 1
7 0.1 8 0.625 0.0 0.4 6 0.8333333333333334 0.0 0.5 6 0.8333333333333334 0.0 0.6 6 0.8333333333333334 0.0 0.7 5 1.0 0.0 0.9 0 1 1
7 0.1 7 0.7142857142857143 0.0 0.4 6 0.6666666666666666 0.0 0.5 6 0.6666666666666666 0.0 0.6 5 0.8 0.0 0.7 4 1.0 0.0 0.9 0 1 1
7 0.1 9 0.6666666666666666 0.0 0.4 6 0.6666666666666666 0.0 0.5 6 0.6666666666666666 0.0 0.6 6 0.6666666666666666 0.0 0.7 5 0.8 0.0 0.9 0 1 1
7 0.1 8 0.625 0.0 0.4 6 0.6666666666666666 0.0 0.5 5 0.8 0.0 0.6 5 0.8 0.0 0.7 5 0.8 0.0 0.9 0 1 1
7 0.1 8 0.625 0.125 0.4 6 0.8333333333333334 0.16666666666666666 0.5 5 0.8 0.2 0.6 5 0.8 0.2 0.7 4 0.75 0.0 0.9 0 1 1
7 0.1 9 0.6666666666666666 0.0 0.4 6 0.8333333333333334 0.0 0.5 6 0.8333333333333334 0.0 0.6 5 0.8 0.0 0.7 5 0.8 0.0 0.9 0 1 1
7 0.1 8 0.75 0.0 0.4 7 0.7142857142857143 0.0 0.5 7 0.7142857142857143 0.0 0.6 7 0.7142857142857143 0.0 0.7 6 0.6666666666666666 0.0 0.9 0 1 1
7 0.1 9 0.5555555555555556 0.0 0.4 7 0.7142857142857143 0.0 0.5 7 0.7142857142857143 0.0 0.6 6 0.8333333333333334 0.0 0.7 4 0.75 0.0 0.9 0 1 1
7 0.1 7 0.7142857142857143 0.0 0.4 7 0.7142857142857143 0.0 0.5 7 0.7142857142857143 0.0 0.6 7 0.7142857142857143 0.0 0.7 4 0.75 0.0 0.9 0 1 1
7 0.1 8 0.75 0.0 0.4 5 0.8 0.0 0.5 5 0.8 0.0 0.6 5 0.8 0.0 0.7 5 0.8 0.0 0.9 0 1 1
7 0.1 6 0.6666666666666666 0.0 0.4 6 0.6666666666666666 0.0 0.5 4 0.75 0.0 0.6 4 0.75 0.0 0.7 2 1.0 0.0 0.9 0 1 1
7 0.1 9 0.6666666666666666 0.0 0.4 7 0.8571428571428571 0.0 0.5 6 0.8333333333333334 0.0 0.6 5 0.8 0.0 0.7 4 0.75 0.0 0.9 0 1 1
7 0.1 9 0.6666666666666666 0.0 0.4 7 0.7142857142857143 0.0 0.5 7 0.7142857142857143 0.0 0.6 5 0.6 0.0 0.7 5 0.6 0.0 0.9 0 1 1
7 0.1 9 0.5555555555555556 0.0 0.4 6 0.6666666666666666 0.0 0.5 6 0.6666666666666666 0.0 0.6 6 0.6666666666666666 0.0 0.7 5 0.6 0.0 0.9 0 1 1
7 0.1 9 0.6666666666666666 0.0 0.4 7 0.7142857142857143 0.0 0.5 6 0.8333333333333334 0.0 0.6 6 0.8333333333333334 0.0 0.7 5 0.8 0.0 0.9 0 1 1
7 0.1 9 0.6666666666666666 0.0 0.4 6 0.8333333333333334 0.0 0.5 6 0.8333333333333334 0.0 0.6 6 0.8333333333333334 0.0 0.7 6 0.8333333333333334 0.0 0.9 0 1 1
7 0.1 7 0.7142857142857143 0.0 0.4 6 0.8333333333333334 0.0 0.5 6 0.8333333333333334 0.0 0.6 5 0.8 0.0 0.7 5 0.8 0.0 0.9 0 1 1
7 0.1 9 0.6666666666666666 0.0 0.4 7 0.7142857142857143 0.0 0.5 7 0.7142857142857143 0.0 0.6 7 0.7142857142857143 0.0 0.7 6 0.8333333333333334 0.0 0.9 0 1 1
7 0.1 7 0.7142857142857143 0.0 0.4 7 0.7142857142857143 0.0 0.5 7 0.7142857142857143 0.0 0.6 7 0.7142857142857143 0.0 0.7 7 0.7142857142857143 0.0 0.9 0 1 1
7 0.1 8 0.625 0.0 0.4 7 0.7142857142857143 0.0 0.5 7 0.7142857142857143 0.0 0.6 7 0.7142857142857143 0.0 0.7 6 0.6666666666666666 0.0 0.9 0 1 1
7 0.1 9 0.6666666666666666 0.0 0.4 8 0.75 0.0 0.5 8 0.75 0.0 0.6 8 0.75 0.0 0.7 5 0.8 0.0 0.9 0 1 1
7 0.1 9 0.6666666666666666 0.0 0.4 6 0.6666666666666666 0.0 0.5 6 0.6666666666666666 0.0 0.6 6 0.6666666666666666 0.0 0.7 6 0.6666666666666666 0.0 0.9 0 1 1
7 0.1 10 0.6 0.1 0.4 8 0.75 0.125 0.5 8 0.75 0.125 0.6 8 0.75 0.125 0.7 6 0.8333333333333334 0.16666666666666666 0.9 0 1 1
7 0.1 9 0.6666666666666666 0.0 0.4 8 0.75 0.0 0.5 7 0.8571428571428571 0.0 0.6 6 0.8333333333333334 0.0 0.7 6 0.8333333333333334 0.0 0.9 0 1 1
7 0.1 9 0.6666666666666666 0.0 0.4 7 0.8571428571428571 0.0 0.5 7 0.8571428571428571 0.0 0.6 7 0.8571428571428571 0.0 0.7 6 0.8333333333333334 0.0 0.9 0 1 1
7 0.1 8 0.75 0.0 0.4 7 0.8571428571428571 0.0 0.5 7 0.8571428571428571 0.0 0.6 6 0.8333333333333334 0.0 0.7 6 0.8333333333333334 0.0 0.9 0 1 1
7 0.1 9 0.6666666666666666 0.0 0.4 7 0.8571428571428571 0.0 0.5 7 0.8571428571428571 0.0 0.6 7 0.8571428571428571 0.0 0.7 7 0.8571428571428571 0.0 0.9 0 1 1
7 0.1 6 0.8333333333333334 0.0 0.4 5 0.8 0.0 0.5 5 0.8 0.0 0.6 4 0.75 0.0 0.7 3 0.6666666666666666 0.0 0.9 0 1 1
7 0.1 6 0.6666666666666666 0.0 0.4 5 0.8 0.0 0.5 5 0.8 0.0 0.6 4 0.75 0.0 0.7 4 0.75 0.0 0.9 0 1 1
7 0.1 8 0.625 0.0 0.4 6 0.6666666666666666 0.0 0.5 6 0.6666666666666666 0.0 0.6 6 0.6666666666666666 0.0 0.7 5 0.8 0.0 0.9 0 1 1
7 0.1 9 0.6666666666666666 0.0 0.4 7 0.7142857142857143 0.0 0.5 7 0.7142857142857143 0.0 0.6 6 0.8333333333333334 0.0 0.7 6 0.8333333333333334 0.0 0.9 0 1 1
7 0.1 8 0.75 0.0 0.4 6 0.8333333333333334 0.0 0.5 6 0.8333333333333334 0.0 0.6 6 0.8333333333333334 0.0 0.7 6 0.8333333333333334 0.0 0.9 0 1 1
7 0.1 8 0.75 0.0 0.4 6 0.8333333333333334 0.0 0.5 6 0.8333333333333334 0.0 0.6 6 0.8333333333333334 0.0 0.7 6 0.8333333333333334 0.0 0.9 0 1 1
7 0.1 7 0.7142857142857143 0.0 0.4 7 0.7142857142857143 0.0 0.5 7 0.7142857142857143 0.0 0.6 6 0.8333333333333334 0.0 0.7 6 0.8333333333333334 0.0 0.9 0 1 1
7 0.1 8 0.75 0.0 0.4 7 0.7142857142857143 0.0 0.5 7 0.7142857142857143 0.0 0.6 7 0.7142857142857143 0.0 0.7 5 0.8 0.0 0.9 0 1 1
7 0.1 7 0.7142857142857143 0.0 0.4 6 0.6666666666666666 0.0 0.5 6 0.6666666666666666 0.0 0.6 6 0.6666666666666666 0.0 0.7 5 0.8 0.0 0.9 0 1 1
7 0.1 7 0.7142857142857143 0.0 0.4 6 0.6666666666666666 0.0 0.5 6 0.6666666666666666 0.0 0.6 6 0.6666666666666666 0.0 0.7 6 0.6666666666666666 0.0 0.9 0 1 1
7 0.1 8 0.75 0.0 0.4 8 0.75 0.0 0.5 7 0.8571428571428571 0.0 0.6 7 0.8571428571428571 0.0 0.7 6 0.8333333333333334 0.0 0.9 0 1 1
7 0.1 8 0.75 0.0 0.4 7 0.7142857142857143 0.0 0.5 6 0.6666666666666666 0.0 0.6 6 0.6666666666666666 0.0 0.7 6 0.6666666666666666 0.0 0.9 0 1 1
7 0.1 7 0.7142857142857143 0.0 0.4 6 0.8333333333333334 0.0 0.5 6 0.8333333333333334 0.0 0.6 6 0.8333333333333334 0.0 0.7 4 0.75 0.0 0.9 0 1 1
7 0.1 10 0.5 0.0 0.4 6 0.8333333333333334 0.0 0.5 5 0.8 0.0 0.6 5 0.8 0.0 0.7 4 0.75 0.0 0.9 0 1 1
7 0.1 9 0.5555555555555556 0.0 0.4 6 0.8333333333333334 0.0 0.5 5 0.8 0.0 0.6 5 0.8 0.0 0.7 4 0.75 0.0 0.9 0 1 1
7 0.1 8 0.75 0.0 0.4 7 0.8571428571428571 0.0 0.5 7 0.8571428571428571 0.0 0.6 7 0.8571428571428571 0.0 0.7 6 0.8333333333333334 0.0 0.9 0 1 1
7 0.1 8 0.75 0.0 0.4 7 0.8571428571428571 0.0 0.5 7 0.8571428571428571 0.0 0.6 7 0.8571428571428571 0.0 0.7 7 0.8571428571428571 0.0 0.9 0 1 1
7 0.1 8 0.75 0.0 0.4 7 0.8571428571428571 0.0 0.5 7 0.8571428571428571 0.0 0.6 7 0.8571428571428571 0.0 0.7 7 0.8571428571428571 0.0 0.9 0 1 1
7 0.1 7 0.8571428571428571 0.0 0.4 7 0.8571428571428571 0.0 0.5 7 0.8571428571428571 0.0 0.6 7 0.8571428571428571 0.0 0.7 7 0.8571428571428571 0.0 0.9 0 1 1
7 0.1 7 0.8571428571428571 0.0 0.4 7 0.8571428571428571 0.0 0.5 7 0.8571428571428571 0.0 0.6 7 0.8571428571428571 0.0 0.7 6 0.8333333333333334 0.0 0.9 0 1 1
7 0.1 8 0.75 0.0 0.4 6 0.8333333333333334 0.0 0.5 6 0.8333333333333334 0.0 0.6 6 0.8333333333333334 0.0 0.7 6 0.8333333333333334 0.0 0.9 0 1 1
7 0.1 8 0.75 0.0 0.4 6 0.8333333333333334 0.0 0.5 6 0.8333333333333334 0.0 0.6 6 0.8333333333333334 0.0 0.7 6 0.8333333333333334 0.0 0.9 0 1 1
7 0.1 7 0.8571428571428571 0.0 0.4 7 0.8571428571428571 0.0 0.5 7 0.8571428571428571 0.0 0.6 6 0.8333333333333334 0.0 0.7 6 0.8333333333333334 0.0 0.9 1 0.0 0.0
7 0.1 7 0.7142857142857143 0.0 0.4 6 0.8333333333333334 0.0 0.5 6 0.8333333333333334 0.0 0.6 6 0.8333333333333334 0.0 0.7 5 0.8 0.0 0.9 1 1.0 0.0
7 0.1 7 0.8571428571428571 0.0 0.4 7 0.8571428571428571 0.0 0.5 7 0.8571428571428571 0.0 0.6 7 0.8571428571428571 0.0 0.7 7 0.8571428571428571 0.0 0.9 0 1 1
7 0.1 9 0.6666666666666666 0.0 0.4 7 0.7142857142857143 0.0 0.5 6 0.8333333333333334 0.0 0.6 6 0.8333333333333334 0.0 0.7 6 0.8333333333333334 0.0 0.9 0 1 1
7 0.1 8 0.75 0.0 0.4 7 0.8571428571428571 0.0 0.5 7 0.8571428571428571 0.0 0.6 7 0.8571428571428571 0.0 0.7 6 0.8333333333333334 0.0 0.9 0 1 1
7 0.1 8 0.75 0.0 0.4 7 0.8571428571428571 0.0 0.5 6 0.8333333333333334 0.0 0.6 6 0.8333333333333334 0.0 0.7 6 0.8333333333333334 0.0 0.9 0 1 1
7 0.1 8 0.75 0.0 0.4 7 0.8571428571428571 0.0 0.5 7 0.8571428571428571 0.0 0.6 7 0.8571428571428571 0.0 0.7 6 0.8333333333333334 0.0 0.9 0 1 1
7 0.1 8 0.75 0.0 0.4 6 0.8333333333333334 0.0 0.5 6 0.8333333333333334 0.0 0.6 5 0.8 0.0 0.7 5 0.8 0.0 0.9 0 1 1
7 0.1 8 0.75 0.125 0.4 7 0.8571428571428571 0.14285714285714285 0.5 7 0.8571428571428571 0.14285714285714285 0.6 7 0.8571428571428571 0.14285714285714285 0.7 7 0.8571428571428571 0.14285714285714285 0.9 0 1 1
7 0.1 8 0.75 0.0 0.4 6 0.8333333333333334 0.0 0.5 6 0.8333333333333334 0.0 0.6 6 0.8333333333333334 0.0 0.7 6 0.8333333333333334 0.0 0.9 0 1 1
7 0.1 6 0.8333333333333334 0.0 0.4 5 0.8 0.0 0.5 5 0.8 0.0 0.6 5 0.8 0.0 0.7 5 0.8 0.0 0.9 0 1 1
7 0.1 8 0.75 0.0 0.4 6 0.8333333333333334 0.0 0.5 6 0.8333333333333334 0.0 0.6 5 0.8 0.0 0.7 5 0.8 0.0 0.9 1 1.0 0.0
7 0.1 7 0.8571428571428571 0.0 0.4 7 0.8571428571428571 0.0 0.5 7 0.8571428571428571 0.0 0.6 6 0.8333333333333334 0.0 0.7 6 0.8333333333333334 0.0 0.9 1 1.0 0.0
7 0.1 8 0.75 0.0 0.4 7 0.8571428571428571 0.0 0.5 7 0.8571428571428571 0.0 0.6 6 0.8333333333333334 0.0 0.7 6 0.8333333333333334 0.0 0.9 0 1 1
7 0.1 8 0.75 0.0 0.4 7 0.8571428571428571 0.0 0.5 7 0.8571428571428571 0.0 0.6 7 0.8571428571428571 0.0 0.7 6 0.8333333333333334 0.0 0.9 1 1.0 0.0
7 0.1 8 0.75 0.0 0.4 7 0.8571428571428571 0.0 0.5 7 0.8571428571428571 0.0 0.6 7 0.8571428571428571 0.0 0.7 6 0.8333333333333334 0.0 0.9 1 1.0 0.0
7 0.1 8 0.75 0.0 0.4 6 0.8333333333333334 0.0 0.5 6 0.8333333333333334 0.0 0.6 6 0.8333333333333334 0.0 0.7 6 0.8333333333333334 0.0 0.9 0 1 1
7 0.1 9 0.6666666666666666 0.0 0.4 7 0.8571428571428571 0.0 0.5 7 0.8571428571428571 0.0 0.6 6 0.8333333333333334 0.0 0.7 6 0.8333333333333334 0.0 0.9 0 1 1
7 0.1 9 0.6666666666666666 0.0 0.4 7 0.7142857142857143 0.0 0.5 6 0.8333333333333334 0.0 0.6 6 0.8333333333333334 0.0 0.7 6 0.8333333333333334 0.0 0.9 1 1.0 0.0
7 0.1 8 0.625 0.0 0.4 7 0.7142857142857143 0.0 0.5 6 0.8333333333333334 0.0 0.6 6 0.8333333333333334 0.0 0.7 5 0.8 0.0 0.9 2 1.0 0.0
