40 0.1 0 1 1 0.4 0 1 1 0.5 0 1 1 0.6 0 1 1 0.7 0 1 1 0.9 0 1 1
40 0.1 37 0.02702702702702703 0.0 0.4 0 1 1 0.5 0 1 1 0.6 0 1 1 0.7 0 1 1 0.9 0 1 1
40 0.1 265 0.07169811320754717 0.0 0.4 11 0.18181818181818182 0.0 0.5 5 0.0 0.0 0.6 1 0.0 0.0 0.7 0 1 1 0.9 0 1 1
40 0.1 367 0.07356948228882834 0.0 0.4 57 0.21052631578947367 0.0 0.5 18 0.3333333333333333 0.0 0.6 4 0.5 0.0 0.7 0 1 1 0.9 0 1 1
40 0.1 679 0.055964653902798235 0.0 0.4 197 0.16243654822335024 0.0 0.5 110 0.2545454545454545 0.0 0.6 54 0.35185185185185186 0.0 0.7 16 0.6875 0.0 0.9 0 1 1
40 0.1 343 0.10495626822157435 0.0 0.4 51 0.2549019607843137 0.0 0.5 15 0.3333333333333333 0.0 0.6 2 0.5 0.0 0.7 0 1 1 0.9 0 1 1
40 0.1 399 0.09774436090225563 0.0 0.4 62 0.2903225806451613 0.0 0.5 16 0.625 0.0 0.6 2 1.0 0.0 0.7 0 1 1 0.9 0 1 1
40 0.1 292 0.13356164383561644 0.0 0.4 6 0.3333333333333333 0.0 0.5 0 1 1 0.6 0 1 1 0.7 0 1 1 0.9 0 1 1
40 0.1 255 0.14901960784313725 0.0 0.4 44 0.45454545454545453 0.0 0.5 15 0.6666666666666666 0.0 0.6 5 0.8 0.0 0.7 0 1 1 0.9 0 1 1
40 0.1 246 0.14634146341463414 0.0 0.4 39 0.6153846153846154 0.0 0.5 18 0.8888888888888888 0.0 0.6 8 1.0 0.0 0.7 1 1.0 0.0 0.9 0 1 1
40 0.1 251 0.1593625498007968 0.0 0.4 55 0.41818181818181815 0.0 0.5 29 0.5172413793103449 0.0 0.6 8 0.625 0.0 0.7 1 1.0 0.0 0.9 0 1 1
40 0.1 138 0.2753623188405797 0.0 0.4 30 0.5666666666666667 0.0 0.5 16 0.625 0.0 0.6 6 0.8333333333333334 0.0 0.7 1 1.0 0.0 0.9 0 1 1
40 0.1 34 0.5588235294117647 0.0 0.4 5 1.0 0.0 0.5 3 1.0 0.0 0.6 0 1 1 0.7 0 1 1 0.9 0 1 1
40 0.1 45 0.37777777777777777 0.0 0.4 10 0.8 0.0 0.5 5 1.0 0.0 0.6 1 1.0 0.0 0.7 0 1 1 0.9 0 1 1
40 0.1 184 0.21195652173913043 0.0 0.4 91 0.37362637362637363 0.0 0.5 75 0.44 0.0 0.6 57 0.49122807017543857 0.0 0.7 31 0.7741935483870968 0.0 0.9 0 1 1
40 0.1 151 0.26490066225165565 0.0 0.4 68 0.4852941176470588 0.0 0.5 54 0.5740740740740741 0.0 0.6 36 0.6666666666666666 0.0 0.7 20 0.8 0.0 0.9 0 1 1
40 0.1 106 0.33962264150943394 0.009433962264150943 0.4 43 0.6744186046511628 0.023255813953488372 0.5 31 0.6774193548387096 0.03225806451612903 0.6 19 0.7894736842105263 0.05263157894736842 0.7 8 0.875 0.125 0.9 0 1 1
40 0.1 130 0.2846153846153846 0.0 0.4 51 0.4117647058823529 0.0 0.5 36 0.5 0.0 0.6 20 0.55 0.0 0.7 9 0.7777777777777778 0.0 0.9 0 1 1
40 0.1 22 0.45454545454545453 0.0 0.4 3 0.6666666666666666 0.0 0.5 0 1 1 0.6 0 1 1 0.7 0 1 1 0.9 0 1 1
40 0.1 141 0.28368794326241137 0.0070921985815602835 0.4 41 0.6097560975609756 0.024390243902439025 0.5 26 0.5384615384615384 0.038461538461538464 0.6 13 0.6923076923076923 0.07692307692307693 0.7 4 0.5 0.0 0.9 0 1 1
40 0.1 55 0.4 0.0 0.4 9 0.5555555555555556 0.0 0.5 3 1.0 0.0 0.6 0 1 1 0.7 0 1 1 0.9 0 1 1
40 0.1 47 0.48936170212765956 0.0 0.4 9 1.0 0.0 0.5 8 1.0 0.0 0.6 6 1.0 0.0 0.7 2 1.0 0.0 0.9 0 1 1
40 0.1 109 0.3577981651376147 0.0 0.4 62 0.5483870967741935 0.0 0.5 53 0.6226415094339622 0.0 0.6 37 0.7027027027027027 0.0 0.7 22 0.8181818181818182 0.0 0.9 0 1 1
40 0.1 6 0.5 0.0 0.4 1 1.0 0.0 0.5 0 1 1 0.6 0 1 1 0.7 0 1 1 0.9 0 1 1
40 0.1 128 0.296875 0.0 0.4 54 0.5555555555555556 0.0 0.5 39 0.6153846153846154 0.0 0.6 24 0.7916666666666666 0.0 0.7 11 0.7272727272727273 0.0 0.9 0 1 1
40 0.1 85 0.43529411764705883 0.0 0.4 44 0.5681818181818182 0.0 0.5 35 0.5714285714285714 0.0 0.6 23 0.6521739130434783 0.0 0.7 12 0.6666666666666666 0.0 0.9 0 1 1
40 0.1 74 0.5 0.0 0.4 32 0.65625 0.0 0.5 25 0.76 0.0 0.6 16 0.75 0.0 0.7 5 1.0 0.0 0.9 0 1 1
40 0.1 0 1 1 0.4 0 1 1 0.5 0 1 1 0.6 0 1 1 0.7 0 1 1 0.9 0 1 1
40 0.1 0 1 1 0.4 0 1 1 0.5 0 1 1 0.6 0 1 1 0.7 0 1 1 0.9 0 1 1
40 0.1 2 0.0 0.0 0.4 0 1 1 0.5 0 1 1 0.6 0 1 1 0.7 0 1 1 0.9 0 1 1
40 0.1 15 0.3333333333333333 0.0 0.4 0 1 1 0.5 0 1 1 0.6 0 1 1 0.7 0 1 1 0.9 0 1 1
40 0.1 57 0.2982456140350877 0.0 0.4 9 0.5555555555555556 0.0 0.5 5 0.6 0.0 0.6 0 1 1 0.7 0 1 1 0.9 0 1 1
40 0.1 0 1 1 0.4 0 1 1 0.5 0 1 1 0.6 0 1 1 0.7 0 1 1 0.9 0 1 1
40 0.1 0 1 1 0.4 0 1 1 0.5 0 1 1 0.6 0 1 1 0.7 0 1 1 0.9 0 1 1
40 0.1 41 0.5365853658536586 0.024390243902439025 0.4 8 0.875 0.0 0.5 2 1.0 0.0 0.6 0 1 1 0.7 0 1 1 0.9 0 1 1
40 0.1 2 0.0 0.0 0.4 0 1 1 0.5 0 1 1 0.6 0 1 1 0.7 0 1 1 0.9 0 1 1
40 0.1 87 0.39080459770114945 0.0 0.4 32 0.5625 0.0 0.5 19 0.6842105263157895 0.0 0.6 8 0.75 0.0 0.7 1 1.0 0.0 0.9 0 1 1
40 0.1 76 0.4473684210526316 0.0 0.4 19 0.6842105263157895 0.0 0.5 10 0.7 0.0 0.6 4 0.75 0.0 0.7 1 1.0 0.0 0.9 0 1 1
40 0.1 45 0.4 0.0 0.4 1 1.0 0.0 0.5 0 1 1 0.6 0 1 1 0.7 0 1 1 0.9 0 1 1
40 0.1 27 0.25925925925925924 0.0 0.4 0 1 1 0.5 0 1 1 0.6 0 1 1 0.7 0 1 1 0.9 0 1 1
40 0.1 61 0.5573770491803278 0.0 0.4 19 0.7894736842105263 0.0 0.5 12 0.75 0.0 0.6 4 1.0 0.0 0.7 3 1.0 0.0 0.9 0 1 1
40 0.1 91 0.3956043956043956 0.0 0.4 18 0.8333333333333334 0.0 0.5 8 0.75 0.0 0.6 5 0.8 0.0 0.7 1 1.0 0.0 0.9 0 1 1
40 0.1 44 0.20454545454545456 0.0 0.4 3 0.6666666666666666 0.0 0.5 1 1.0 0.0 0.6 0 1 1 0.7 0 1 1 0.9 0 1 1
40 0.1 80 0.45 0.0 0.4 16 0.875 0.0 0.5 9 0.8888888888888888 0.0 0.6 6 1.0 0.0 0.7 0 1 1 0.9 0 1 1
40 0.1 58 0.5862068965517241 0.0 0.4 20 0.8 0.0 0.5 9 0.8888888888888888 0.0 0.6 3 1.0 0.0 0.7 1 1.0 0.0 0.9 0 1 1
40 0.1 75 0.52 0.0 0.4 33 0.8181818181818182 0.0 0.5 21 0.8571428571428571 0.0 0.6 8 0.875 0.0 0.7 4 0.75 0.0 0.9 0 1 1
40 0.1 160 0.24375 0.0 0.4 22 0.7272727272727273 0.0 0.5 7 0.8571428571428571 0.0 0.6 1 1.0 0.0 0.7 0 1 1 0.9 0 1 1
40 0.1 0 1 1 0.4 0 1 1 0.5 0 1 1 0.6 0 1 1 0.7 0 1 1 0.9 0 1 1
40 0.1 79 0.46835443037974683 0.0 0.4 30 0.8 0.0 0.5 20 0.85 0.0 0.6 11 0.8181818181818182 0.0 0.7 7 0.8571428571428571 0.0 0.9 0 1 1
40 0.1 77 0.4935064935064935 0.0 0.4 34 0.6470588235294118 0.0 0.5 29 0.7241379310344828 0.0 0.6 23 0.782608695652174 0.0 0.7 11 0.9090909090909091 0.0 0.9 0 1 1
40 0.1 31 0.8387096774193549 0.0 0.4 7 1.0 0.0 0.5 6 1.0 0.0 0.6 3 1.0 0.0 0.7 3 1.0 0.0 0.9 0 1 1
40 0.1 58 0.6206896551724138 0.0 0.4 19 0.8947368421052632 0.0 0.5 13 1.0 0.0 0.6 9 1.0 0.0 0.7 5 1.0 0.0 0.9 0 1 1
40 0.1 54 0.6296296296296297 0.0 0.4 23 0.9130434782608695 0.0 0.5 16 0.9375 0.0 0.6 10 0.9 0.0 0.7 6 1.0 0.0 0.9 0 1 1
40 0.1 51 0.6666666666666666 0.0 0.4 19 0.9473684210526315 0.0 0.5 15 0.9333333333333333 0.0 0.6 11 0.9090909090909091 0.0 0.7 6 0.8333333333333334 0.0 0.9 0 1 1
40 0.1 69 0.5652173913043478 0.0 0.4 39 0.7692307692307693 0.0 0.5 30 0.8666666666666667 0.0 0.6 20 0.85 0.0 0.7 15 0.8 0.0 0.9 0 1 1
40 0.1 61 0.6229508196721312 0.0 0.4 28 0.8928571428571429 0.0 0.5 27 0.8888888888888888 0.0 0.6 18 0.8888888888888888 0.0 0.7 8 0.75 0.0 0.9 0 1 1
40 0.1 86 0.45348837209302323 0.0 0.4 25 0.76 0.0 0.5 16 0.875 0.0 0.6 11 0.8181818181818182 0.0 0.7 4 1.0 0.0 0.9 0 1 1
40 0.1 87 0.45977011494252873 0.0 0.4 40 0.75 0.0 0.5 30 0.8 0.0 0.6 17 0.8235294117647058 0.0 0.7 11 0.9090909090909091 0.0 0.9 0 1 1
40 0.1 77 0.5194805194805194 0.0 0.4 45 0.7555555555555555 0.0 0.5 34 0.8529411764705882 0.0 0.6 23 0.8695652173913043 0.0 0.7 15 0.8666666666666667 0.0 0.9 0 1 1
40 0.1 61 0.5901639344262295 0.0 0.4 24 0.875 0.0 0.5 17 0.9411764705882353 0.0 0.6 8 1.0 0.0 0.7 3 1.0 0.0 0.9 0 1 1
40 0.1 76 0.5263157894736842 0.0 0.4 35 0.8285714285714286 0.0 0.5 27 0.8888888888888888 0.0 0.6 16 0.9375 0.0 0.7 7 0.8571428571428571 0.0 0.9 0 1 1
40 0.1 121 0.32231404958677684 0.0 0.4 39 0.7435897435897436 0.0 0.5 25 0.76 0.0 0.6 12 0.8333333333333334 0.0 0.7 3 1.0 0.0 0.9 0 1 1
40 0.1 86 0.4418604651162791 0.0 0.4 44 0.7045454545454546 0.0 0.5 37 0.7837837837837838 0.0 0.6 33 0.8484848484848485 0.0 0.7 20 0.9 0.0 0.9 1 1.0 0.0
40 0.1 91 0.38461538461538464 0.0 0.4 22 0.9090909090909091 0.0 0.5 9 0.8888888888888888 0.0 0.6 5 0.8 0.0 0.7 1 1.0 0.0 0.9 0 1 1
40 0.1 75 0.52 0.0 0.4 40 0.775 0.0 0.5 31 0.8387096774193549 0.0 0.6 20 0.9 0.0 0.7 10 0.9 0.0 0.9 0 1 1
40 0.1 76 0.5263157894736842 0.0 0.4 33 0.8484848484848485 0.0 0.5 24 0.8333333333333334 0.0 0.6 15 1.0 0.0 0.7 5 1.0 0.0 0.9 0 1 1
40 0.1 68 0.5735294117647058 0.0 0.4 29 0.9310344827586207 0.0 0.5 23 0.9565217391304348 0.0 0.6 17 0.9411764705882353 0.0 0.7 8 0.875 0.0 0.9 0 1 1
40 0.1 110 0.36363636363636365 0.0 0.4 51 0.6862745098039216 0.0 0.5 40 0.75 0.0 0.6 29 0.7931034482758621 0.0 0.7 16 0.8125 0.0 0.9 0 1 1
40 0.1 84 0.47619047619047616 0.011904761904761904 0.4 43 0.6976744186046512 0.023255813953488372 0.5 34 0.7941176470588235 0.029411764705882353 0.6 26 0.8076923076923077 0.038461538461538464 0.7 16 0.8125 0.0625 0.9 0 1 1
40 0.1 80 0.4875 0.0 0.4 50 0.72 0.0 0.5 40 0.825 0.0 0.6 33 0.8787878787878788 0.0 0.7 23 0.9130434782608695 0.0 0.9 0 1 1
40 0.1 79 0.4936708860759494 0.012658227848101266 0.4 46 0.7608695652173914 0.021739130434782608 0.5 40 0.775 0.025 0.6 34 0.8823529411764706 0.029411764705882353 0.7 22 0.9090909090909091 0.0 0.9 0 1 1
40 0.1 79 0.4810126582278481 0.0 0.4 33 0.8484848484848485 0.0 0.5 28 0.8214285714285714 0.0 0.6 18 0.8888888888888888 0.0 0.7 8 1.0 0.0 0.9 0 1 1
40 0.1 77 0.4805194805194805 0.0 0.4 35 0.7714285714285715 0.0 0.5 24 0.8333333333333334 0.0 0.6 11 0.8181818181818182 0.0 0.7 5 1.0 0.0 0.9 0 1 1
40 0.1 158 0.2468354430379747 0.006329113924050633 0.4 58 0.5689655172413793 0.017241379310344827 0.5 46 0.6739130434782609 0.021739130434782608 0.6 30 0.7 0.03333333333333333 0.7 14 0.7857142857142857 0.0 0.9 0 1 1
40 0.1 78 0.46153846153846156 0.01282051282051282 0.4 32 0.78125 0.0 0.5 22 0.8636363636363636 0.0 0.6 12 0.8333333333333334 0.0 0.7 7 1.0 0.0 0.9 0 1 1
40 0.1 100 0.4 0.0 0.4 46 0.7608695652173914 0.0 0.5 37 0.7567567567567568 0.0 0.6 29 0.8275862068965517 0.0 0.7 16 0.875 0.0 0.9 0 1 1
40 0.1 88 0.45454545454545453 0.011363636363636364 0.4 46 0.7608695652173914 0.021739130434782608 0.5 33 0.8484848484848485 0.030303030303030304 0.6 26 0.8846153846153846 0.0 0.7 15 0.9333333333333333 0.0 0.9 0 1 1
40 0.1 85 0.47058823529411764 0.0 0.4 50 0.68 0.0 0.5 45 0.7555555555555555 0.0 0.6 35 0.8 0.0 0.7 22 0.8636363636363636 0.0 0.9 1 1.0 0.0
40 0.1 80 0.5 0.0 0.4 57 0.6491228070175439 0.0 0.5 49 0.7346938775510204 0.0 0.6 44 0.75 0.0 0.7 29 0.8620689655172413 0.0 0.9 1 1.0 0.0
40 0.1 158 0.2468354430379747 0.006329113924050633 0.4 36 0.6111111111111112 0.027777777777777776 0.5 23 0.6956521739130435 0.043478260869565216 0.6 10 0.8 0.0 0.7 3 0.3333333333333333 0.0 0.9 0 1 1
40 0.1 77 0.4935064935064935 0.0 0.4 48 0.7083333333333334 0.0 0.5 44 0.7272727272727273 0.0 0.6 33 0.7878787878787878 0.0 0.7 23 0.8260869565217391 0.0 0.9 0 1 1
40 0.1 57 0.6491228070175439 0.0 0.4 35 0.9142857142857143 0.0 0.5 30 0.9 0.0 0.6 22 0.9090909090909091 0.0 0.7 12 1.0 0.0 0.9 0 1 1
40 0.1 67 0.582089552238806 0.0 0.4 40 0.85 0.0 0.5 31 0.8387096774193549 0.0 0.6 27 0.8518518518518519 0.0 0.7 15 0.9333333333333333 0.0 0.9 0 1 1
40 0.1 92 0.43478260869565216 0.0 0.4 55 0.6545454545454545 0.0 0.5 48 0.7291666666666666 0.0 0.6 42 0.7380952380952381 0.0 0.7 31 0.8064516129032258 0.0 0.9 1 1.0 0.0
40 0.1 85 0.4588235294117647 0.011764705882352941 0.4 52 0.7307692307692307 0.019230769230769232 0.5 44 0.7727272727272727 0.022727272727272728 0.6 38 0.7894736842105263 0.02631578947368421 0.7 26 0.8461538461538461 0.038461538461538464 0.9 1 1.0 0.0
40 0.1 78 0.5128205128205128 0.0 0.4 52 0.7115384615384616 0.0 0.5 41 0.7804878048780488 0.0 0.6 34 0.8823529411764706 0.0 0.7 23 0.8695652173913043 0.0 0.9 0 1 1
40 0.1 90 0.4444444444444444 0.0 0.4 53 0.660377358490566 0.0 0.5 42 0.7142857142857143 0.0 0.6 38 0.7894736842105263 0.0 0.7 23 0.782608695652174 0.0 0.9 0 1 1
40 0.1 89 0.43820224719101125 0.02247191011235955 0.4 54 0.6296296296296297 0.037037037037037035 0.5 48 0.6875 0.041666666666666664 0.6 39 0.717948717948718 0.05128205128205128 0.7 28 0.7857142857142857 0.03571428571428571 0.9 0 1 1
40 0.1 80 0.4875 0.0 0.4 45 0.7555555555555555 0.0 0.5 34 0.8235294117647058 0.0 0.6 26 0.9615384615384616 0.0 0.7 18 0.9444444444444444 0.0 0.9 0 1 1
40 0.1 77 0.5064935064935064 0.012987012987012988 0.4 46 0.6956521739130435 0.0 0.5 36 0.8055555555555556 0.0 0.6 31 0.8387096774193549 0.0 0.7 18 0.8333333333333334 0.0 0.9 0 1 1
40 0.1 69 0.5362318840579711 0.028985507246376812 0.4 45 0.6888888888888889 0.0 0.5 37 0.7837837837837838 0.0 0.6 26 0.8461538461538461 0.0 0.7 14 1.0 0.0 0.9 0 1 1
40 0.1 86 0.46511627906976744 0.0 0.4 53 0.660377358490566 0.0 0.5 50 0.68 0.0 0.6 43 0.7441860465116279 0.0 0.7 35 0.8 0.0 0.9 0 1 1
40 0.1 75 0.5333333333333333 0.0 0.4 48 0.7083333333333334 0.0 0.5 43 0.7674418604651163 0.0 0.6 35 0.8285714285714286 0.0 0.7 24 0.9166666666666666 0.0 0.9 0 1 1
40 0.1 87 0.45977011494252873 0.011494252873563218 0.4 58 0.6379310344827587 0.017241379310344827 0.5 50 0.7 0.02 0.6 44 0.7272727272727273 0.022727272727272728 0.7 32 0.75 0.03125 0.9 0 1 1
40 0.1 79 0.4936708860759494 0.02531645569620253 0.4 60 0.6 0.03333333333333333 0.5 52 0.6923076923076923 0.038461538461538464 0.6 48 0.7291666666666666 0.041666666666666664 0.7 38 0.7894736842105263 0.05263157894736842 0.9 1 1.0 0.0
40 0.1 83 0.4819277108433735 0.0 0.4 61 0.639344262295082 0.0 0.5 53 0.6792452830188679 0.0 0.6 48 0.75 0.0 0.7 40 0.8 0.0 0.9 1 1.0 0.0
40 0.1 93 0.43010752688172044 0.0 0.4 61 0.6065573770491803 0.0 0.5 51 0.7254901960784313 0.0 0.6 43 0.813953488372093 0.0 0.7 26 0.8461538461538461 0.0 0.9 0 1 1
40 0.1 64 0.578125 0.03125 0.4 39 0.7948717948717948 0.02564102564102564 0.5 36 0.8055555555555556 0.027777777777777776 0.6 31 0.8387096774193549 0.03225806451612903 0.7 24 0.875 0.041666666666666664 0.9 1 1.0 0.0
40 0.1 75 0.48 0.013333333333333334 0.4 36 0.8333333333333334 0.0 0.5 31 0.8709677419354839 0.0 0.6 25 0.92 0.0 0.7 17 0.9411764705882353 0.0 0.9 0 1 1
40 0.1 70 0.5428571428571428 0.0 0.4 39 0.7692307692307693 0.0 0.5 31 0.8387096774193549 0.0 0.6 23 0.9130434782608695 0.0 0.7 17 0.8823529411764706 0.0 0.9 0 1 1
40 0.1 67 0.5373134328358209 0.0 0.4 33 0.8484848484848485 0.0 0.5 29 0.896551724137931 0.0 0.6 25 0.92 0.0 0.7 18 0.9444444444444444 0.0 0.9 0 1 1
40 0.1 58 0.603448275862069 0.034482758620689655 0.4 33 0.8484848484848485 0.06060606060606061 0.5 28 0.8928571428571429 0.03571428571428571 0.6 21 0.8571428571428571 0.047619047619047616 0.7 13 1.0 0.07692307692307693 0.9 0 1 1
40 0.1 76 0.5 0.02631578947368421 0.4 44 0.75 0.045454545454545456 0.5 40 0.775 0.05 0.6 34 0.7941176470588235 0.029411764705882353 0.7 25 0.84 0.04 0.9 0 1 1
40 0.1 73 0.5342465753424658 0.0 0.4 44 0.6818181818181818 0.0 0.5 41 0.7317073170731707 0.0 0.6 37 0.7567567567567568 0.0 0.7 29 0.8275862068965517 0.0 0.9 1 1.0 0.0
40 0.1 79 0.4936708860759494 0.0 0.4 56 0.625 0.0 0.5 49 0.673469387755102 0.0 0.6 39 0.7692307692307693 0.0 0.7 31 0.7419354838709677 0.0 0.9 0 1 1
40 0.1 85 0.47058823529411764 0.0 0.4 54 0.6296296296296297 0.0 0.5 43 0.7674418604651163 0.0 0.6 37 0.7837837837837838 0.0 0.7 28 0.8214285714285714 0.0 0.9 0 1 1
40 0.1 84 0.47619047619047616 0.0 0.4 54 0.6666666666666666 0.0 0.5 48 0.7083333333333334 0.0 0.6 40 0.775 0.0 0.7 37 0.8108108108108109 0.0 0.9 0 1 1
40 0.1 71 0.5492957746478874 0.0 0.4 45 0.7111111111111111 0.0 0.5 37 0.7297297297297297 0.0 0.6 32 0.8125 0.0 0.7 21 0.9047619047619048 0.0 0.9 0 1 1
40 0.1 62 0.6129032258064516 0.016129032258064516 0.4 40 0.775 0.025 0.5 32 0.84375 0.03125 0.6 29 0.8620689655172413 0.034482758620689655 0.7 22 0.9090909090909091 0.045454545454545456 0.9 0 1 1
40 0.1 81 0.49382716049382713 0.012345679012345678 0.4 49 0.7142857142857143 0.02040816326530612 0.5 44 0.7272727272727273 0.022727272727272728 0.6 40 0.75 0.025 0.7 36 0.7777777777777778 0.027777777777777776 0.9 0 1 1
40 0.1 68 0.5294117647058824 0.0 0.4 38 0.7105263157894737 0.0 0.5 34 0.7352941176470589 0.0 0.6 31 0.7419354838709677 0.0 0.7 24 0.8333333333333334 0.0 0.9 0 1 1
40 0.1 73 0.5205479452054794 0.0 0.4 51 0.6862745098039216 0.0 0.5 45 0.7555555555555555 0.0 0.6 40 0.8 0.0 0.7 32 0.8125 0.0 0.9 1 1.0 0.0
40 0.1 69 0.5652173913043478 0.014492753623188406 0.4 43 0.6744186046511628 0.0 0.5 40 0.7 0.0 0.6 33 0.7575757575757576 0.0 0.7 27 0.8148148148148148 0.0 0.9 0 1 1
40 0.1 76 0.5131578947368421 0.0 0.4 45 0.7333333333333333 0.0 0.5 43 0.7441860465116279 0.0 0.6 37 0.7567567567567568 0.0 0.7 29 0.7931034482758621 0.0 0.9 0 1 1
40 0.1 65 0.5846153846153846 0.03076923076923077 0.4 44 0.7272727272727273 0.045454545454545456 0.5 40 0.75 0.05 0.6 36 0.7777777777777778 0.05555555555555555 0.7 25 0.84 0.08 0.9 0 1 1
40 0.1 73 0.5205479452054794 0.0 0.4 42 0.6904761904761905 0.0 0.5 36 0.75 0.0 0.6 32 0.78125 0.0 0.7 22 0.8636363636363636 0.0 0.9 0 1 1
40 0.1 79 0.4810126582278481 0.0 0.4 49 0.673469387755102 0.0 0.5 43 0.7209302325581395 0.0 0.6 40 0.7 0.0 0.7 35 0.6857142857142857 0.0 0.9 0 1 1
40 0.1 72 0.5416666666666666 0.0 0.4 44 0.75 0.0 0.5 40 0.825 0.0 0.6 36 0.8055555555555556 0.0 0.7 29 0.8620689655172413 0.0 0.9 0 1 1
40 0.1 73 0.5342465753424658 0.0 0.4 50 0.68 0.0 0.5 43 0.7441860465116279 0.0 0.6 36 0.7777777777777778 0.0 0.7 29 0.8275862068965517 0.0 0.9 0 1 1
40 0.1 65 0.5692307692307692 0.0 0.4 40 0.725 0.0 0.5 34 0.7941176470588235 0.0 0.6 29 0.8275862068965517 0.0 0.7 25 0.88 0.0 0.9 0 1 1
40 0.1 64 0.5625 0.0 0.4 39 0.7692307692307693 0.0 0.5 35 0.8 0.0 0.6 30 0.8 0.0 0.7 23 0.8695652173913043 0.0 0.9 0 1 1
40 0.1 59 0.5423728813559322 0.0 0.4 33 0.7575757575757576 0.0 0.5 28 0.8214285714285714 0.0 0.6 21 0.9047619047619048 0.0 0.7 21 0.9047619047619048 0.0 0.9 0 1 1
40 0.1 58 0.6551724137931034 0.017241379310344827 0.4 33 0.8181818181818182 0.0 0.5 31 0.8387096774193549 0.0 0.6 23 0.9565217391304348 0.0 0.7 20 0.95 0.0 0.9 0 1 1
40 0.1 71 0.5211267605633803 0.0 0.4 47 0.6382978723404256 0.0 0.5 43 0.6976744186046512 0.0 0.6 37 0.7837837837837838 0.0 0.7 30 0.7666666666666667 0.0 0.9 0 1 1
40 0.1 70 0.5142857142857142 0.0 0.4 45 0.6888888888888889 0.0 0.5 41 0.7317073170731707 0.0 0.6 32 0.8125 0.0 0.7 25 0.84 0.0 0.9 0 1 1
40 0.1 74 0.5135135135135135 0.02702702702702703 0.4 57 0.6140350877192983 0.03508771929824561 0.5 51 0.6470588235294118 0.0392156862745098 0.6 43 0.6976744186046512 0.046511627906976744 0.7 39 0.6923076923076923 0.05128205128205128 0.9 2 1.0 0.0
40 0.1 70 0.5285714285714286 0.0 0.4 45 0.6666666666666666 0.0 0.5 43 0.6744186046511628 0.0 0.6 40 0.7 0.0 0.7 33 0.7575757575757576 0.0 0.9 1 1.0 0.0
40 0.1 70 0.5285714285714286 0.02857142857142857 0.4 47 0.6808510638297872 0.0425531914893617 0.5 41 0.6829268292682927 0.024390243902439025 0.6 36 0.7777777777777778 0.027777777777777776 0.7 33 0.7878787878787878 0.030303030303030304 0.9 1 1.0 0.0
40 0.1 69 0.5362318840579711 0.014492753623188406 0.4 44 0.7045454545454546 0.022727272727272728 0.5 42 0.7142857142857143 0.023809523809523808 0.6 37 0.7297297297297297 0.02702702702702703 0.7 33 0.7575757575757576 0.0 0.9 1 1.0 0.0
40 0.1 84 0.4523809523809524 0.011904761904761904 0.4 52 0.6730769230769231 0.019230769230769232 0.5 49 0.6938775510204082 0.02040816326530612 0.6 43 0.7209302325581395 0.023255813953488372 0.7 38 0.7368421052631579 0.02631578947368421 0.9 2 1.0 0.0
40 0.1 64 0.546875 0.0 0.4 44 0.7045454545454546 0.0 0.5 40 0.725 0.0 0.6 38 0.7631578947368421 0.0 0.7 31 0.8387096774193549 0.0 0.9 1 1.0 0.0
40 0.1 70 0.5428571428571428 0.0 0.4 47 0.7021276595744681 0.0 0.5 45 0.7333333333333333 0.0 0.6 41 0.7560975609756098 0.0 0.7 35 0.7714285714285715 0.0 0.9 0 1 1
40 0.1 67 0.5671641791044776 0.0 0.4 50 0.72 0.0 0.5 46 0.717391304347826 0.0 0.6 40 0.775 0.0 0.7 36 0.7777777777777778 0.0 0.9 1 1.0 0.0
40 0.1 68 0.5588235294117647 0.0 0.4 49 0.6938775510204082 0.0 0.5 45 0.7333333333333333 0.0 0.6 42 0.7380952380952381 0.0 0.7 36 0.75 0.0 0.9 1 1.0 0.0
40 0.1 66 0.5606060606060606 0.0 0.4 49 0.6938775510204082 0.0 0.5 43 0.7674418604651163 0.0 0.6 40 0.8 0.0 0.7 32 0.78125 0.0 0.9 0 1 1
40 0.1 63 0.5873015873015873 0.015873015873015872 0.4 49 0.6938775510204082 0.02040816326530612 0.5 42 0.7619047619047619 0.023809523809523808 0.6 37 0.7567567567567568 0.02702702702702703 0.7 30 0.8 0.03333333333333333 0.9 0 1 1
40 0.1 75 0.52 0.0 0.4 51 0.6862745098039216 0.0 0.5 49 0.7142857142857143 0.0 0.6 43 0.7441860465116279 0.0 0.7 35 0.8 0.0 0.9 1 1.0 0.0
40 0.1 66 0.5606060606060606 0.015151515151515152 0.4 46 0.717391304347826 0.021739130434782608 0.5 42 0.7619047619047619 0.023809523809523808 0.6 39 0.7692307692307693 0.02564102564102564 0.7 30 0.8666666666666667 0.0 0.9 0 1 1
40 0.1 65 0.5538461538461539 0.015384615384615385 0.4 46 0.6956521739130435 0.021739130434782608 0.5 40 0.75 0.025 0.6 36 0.7777777777777778 0.027777777777777776 0.7 29 0.8275862068965517 0.034482758620689655 0.9 0 1 1
40 0.1 74 0.5135135135135135 0.0 0.4 49 0.7142857142857143 0.0 0.5 45 0.7555555555555555 0.0 0.6 43 0.7906976744186046 0.0 0.7 40 0.8 0.0 0.9 1 1.0 0.0
40 0.1 60 0.6 0.0 0.4 42 0.7619047619047619 0.0 0.5 41 0.7804878048780488 0.0 0.6 35 0.7714285714285715 0.0 0.7 33 0.7878787878787878 0.0 0.9 1 1.0 0.0
40 0.1 62 0.5967741935483871 0.016129032258064516 0.4 43 0.7441860465116279 0.023255813953488372 0.5 40 0.775 0.025 0.6 35 0.8 0.02857142857142857 0.7 29 0.8620689655172413 0.034482758620689655 0.9 0 1 1
40 0.1 55 0.6 0.0 0.4 35 0.8 0.0 0.5 32 0.84375 0.0 0.6 29 0.8620689655172413 0.0 0.7 23 0.8695652173913043 0.0 0.9 0 1 1
40 0.1 57 0.5964912280701754 0.0 0.4 37 0.7837837837837838 0.0 0.5 34 0.8235294117647058 0.0 0.6 30 0.8666666666666667 0.0 0.7 25 0.88 0.0 0.9 0 1 1
40 0.1 63 0.5555555555555556 0.031746031746031744 0.4 46 0.6739130434782609 0.043478260869565216 0.5 37 0.7567567567567568 0.05405405405405406 0.6 33 0.7878787878787878 0.06060606060606061 0.7 25 0.88 0.04 0.9 0 1 1
40 0.1 70 0.5571428571428572 0.0 0.4 50 0.68 0.0 0.5 46 0.717391304347826 0.0 0.6 38 0.7894736842105263 0.0 0.7 31 0.8064516129032258 0.0 0.9 0 1 1
40 0.1 71 0.5211267605633803 0.0 0.4 52 0.6730769230769231 0.0 0.5 49 0.7142857142857143 0.0 0.6 45 0.7111111111111111 0.0 0.7 39 0.717948717948718 0.0 0.9 1 1.0 0.0
40 0.1 60 0.5833333333333334 0.03333333333333333 0.4 42 0.7380952380952381 0.047619047619047616 0.5 40 0.75 0.05 0.6 36 0.8055555555555556 0.05555555555555555 0.7 27 0.8148148148148148 0.07407407407407407 0.9 1 1.0 0.0
40 0.1 68 0.5294117647058824 0.0 0.4 51 0.6274509803921569 0.0 0.5 49 0.6530612244897959 0.0 0.6 46 0.6956521739130435 0.0 0.7 40 0.75 0.0 0.9 1 1.0 0.0
40 0.1 71 0.5352112676056338 0.0 0.4 52 0.6346153846153846 0.0 0.5 50 0.66 0.0 0.6 48 0.6875 0.0 0.7 38 0.7894736842105263 0.0 0.9 1 1.0 0.0
40 0.1 66 0.5606060606060606 0.0 0.4 50 0.66 0.0 0.5 48 0.6875 0.0 0.6 40 0.725 0.0 0.7 37 0.7837837837837838 0.0 0.9 1 1.0 0.0
40 0.1 56 0.5892857142857143 0.017857142857142856 0.4 40 0.775 0.025 0.5 36 0.7777777777777778 0.027777777777777776 0.6 32 0.84375 0.03125 0.7 25 0.84 0.04 0.9 1 1.0 0.0
40 0.1 52 0.5961538461538461 0.0 0.4 40 0.75 0.0 0.5 33 0.7878787878787878 0.0 0.6 32 0.8125 0.0 0.7 27 0.8148148148148148 0.0 0.9 0 1 1
40 0.1 66 0.5454545454545454 0.0 0.4 45 0.7111111111111111 0.0 0.5 40 0.75 0.0 0.6 35 0.7714285714285715 0.0 0.7 32 0.78125 0.0 0.9 1 1.0 0.0
40 0.1 57 0.6140350877192983 0.0 0.4 34 0.8529411764705882 0.0 0.5 33 0.8484848484848485 0.0 0.6 32 0.875 0.0 0.7 23 0.9565217391304348 0.0 0.9 0 1 1
40 0.1 60 0.6 0.0 0.4 45 0.7333333333333333 0.0 0.5 42 0.7857142857142857 0.0 0.6 36 0.8611111111111112 0.0 0.7 30 0.8666666666666667 0.0 0.9 0 1 1
40 0.1 60 0.5666666666666667 0.0 0.4 42 0.7380952380952381 0.0 0.5 37 0.7837837837837838 0.0 0.6 33 0.8181818181818182 0.0 0.7 28 0.8928571428571429 0.0 0.9 0 1 1
40 0.1 56 0.5892857142857143 0.017857142857142856 0.4 39 0.7692307692307693 0.02564102564102564 0.5 35 0.7714285714285715 0.02857142857142857 0.6 33 0.7878787878787878 0.030303030303030304 0.7 29 0.896551724137931 0.034482758620689655 0.9 2 1.0 0.0
40 0.1 66 0.5757575757575758 0.015151515151515152 0.4 53 0.6415094339622641 0.0 0.5 50 0.64 0.0 0.6 45 0.6888888888888889 0.0 0.7 42 0.7142857142857143 0.0 0.9 3 1.0 0.0
40 0.1 66 0.5606060606060606 0.030303030303030304 0.4 52 0.6538461538461539 0.038461538461538464 0.5 47 0.7021276595744681 0.0425531914893617 0.6 45 0.7111111111111111 0.044444444444444446 0.7 43 0.6976744186046512 0.046511627906976744 0.9 2 1.0 0.0
40 0.1 56 0.6428571428571429 0.017857142857142856 0.4 46 0.6956521739130435 0.021739130434782608 0.5 44 0.7272727272727273 0.022727272727272728 0.6 36 0.8333333333333334 0.027777777777777776 0.7 31 0.8387096774193549 0.03225806451612903 0.9 1 1.0 0.0
40 0.1 58 0.603448275862069 0.017241379310344827 0.4 39 0.7692307692307693 0.02564102564102564 0.5 34 0.8235294117647058 0.029411764705882353 0.6 27 0.9259259259259259 0.037037037037037035 0.7 23 0.9565217391304348 0.043478260869565216 0.9 0 1 1
40 0.1 62 0.5806451612903226 0.0 0.4 44 0.7045454545454546 0.0 0.5 40 0.775 0.0 0.6 35 0.8 0.0 0.7 30 0.8666666666666667 0.0 0.9 1 1.0 0.0
40 0.1 62 0.5806451612903226 0.016129032258064516 0.4 47 0.6808510638297872 0.02127659574468085 0.5 47 0.6808510638297872 0.02127659574468085 0.6 42 0.7619047619047619 0.023809523809523808 0.7 39 0.7948717948717948 0.02564102564102564 0.9 2 1.0 0.0
40 0.1 51 0.6470588235294118 0.0196078431372549 0.4 37 0.7837837837837838 0.02702702702702703 0.5 35 0.8 0.02857142857142857 0.6 32 0.84375 0.03125 0.7 27 0.9259259259259259 0.037037037037037035 0.9 1 1.0 0.0
40 0.1 58 0.6206896551724138 0.034482758620689655 0.4 50 0.66 0.04 0.5 44 0.6818181818181818 0.045454545454545456 0.6 40 0.75 0.05 0.7 35 0.7714285714285715 0.05714285714285714 0.9 1 1.0 0.0
40 0.1 60 0.5833333333333334 0.0 0.4 47 0.7021276595744681 0.0 0.5 45 0.7111111111111111 0.0 0.6 42 0.7380952380952381 0.0 0.7 38 0.7631578947368421 0.0 0.9 1 1.0 0.0
40 0.1 58 0.5862068965517241 0.034482758620689655 0.4 45 0.7111111111111111 0.044444444444444446 0.5 42 0.7619047619047619 0.047619047619047616 0.6 39 0.7948717948717948 0.05128205128205128 0.7 35 0.8285714285714286 0.05714285714285714 0.9 0 1 1
40 0.1 51 0.6666666666666666 0.0392156862745098 0.4 39 0.7435897435897436 0.05128205128205128 0.5 34 0.8235294117647058 0.058823529411764705 0.6 28 0.8928571428571429 0.07142857142857142 0.7 25 0.92 0.08 0.9 1 1.0 0.0
40 0.1 59 0.5932203389830508 0.0 0.4 42 0.7619047619047619 0.0 0.5 39 0.7948717948717948 0.0 0.6 35 0.8 0.0 0.7 33 0.8181818181818182 0.0 0.9 1 1.0 0.0
40 0.1 53 0.6226415094339622 0.0 0.4 36 0.75 0.0 0.5 34 0.7647058823529411 0.0 0.6 30 0.7666666666666667 0.0 0.7 24 0.8333333333333334 0.0 0.9 0 1 1
40 0.1 48 0.6666666666666666 0.020833333333333332 0.4 36 0.8055555555555556 0.027777777777777776 0.5 29 0.8620689655172413 0.034482758620689655 0.6 25 0.88 0.04 0.7 22 0.9545454545454546 0.0 0.9 0 1 1
40 0.1 52 0.6346153846153846 0.038461538461538464 0.4 38 0.8157894736842105 0.05263157894736842 0.5 37 0.8108108108108109 0.05405405405405406 0.6 34 0.8529411764705882 0.058823529411764705 0.7 28 0.8928571428571429 0.07142857142857142 0.9 1 1.0 0.0
40 0.1 58 0.5689655172413793 0.017241379310344827 0.4 44 0.7272727272727273 0.022727272727272728 0.5 39 0.7692307692307693 0.02564102564102564 0.6 35 0.8285714285714286 0.02857142857142857 0.7 31 0.9032258064516129 0.03225806451612903 0.9 1 1.0 0.0
40 0.1 58 0.603448275862069 0.0 0.4 43 0.7209302325581395 0.0 0.5 38 0.8157894736842105 0.0 0.6 37 0.8378378378378378 0.0 0.7 29 0.896551724137931 0.0 0.9 2 1.0 0.0
40 0.1 54 0.6296296296296297 0.018518518518518517 0.4 33 0.8484848484848485 0.030303030303030304 0.5 27 0.9629629629629629 0.037037037037037035 0.6 26 0.9615384615384616 0.038461538461538464 0.7 19 0.9473684210526315 0.05263157894736842 0.9 0 1 1
40 0.1 52 0.6730769230769231 0.019230769230769232 0.4 38 0.8157894736842105 0.02631578947368421 0.5 36 0.8333333333333334 0.027777777777777776 0.6 29 0.8620689655172413 0.034482758620689655 0.7 26 0.8846153846153846 0.038461538461538464 0.9 1 1.0 0.0
40 0.1 52 0.6923076923076923 0.019230769230769232 0.4 44 0.75 0.022727272727272728 0.5 42 0.7619047619047619 0.023809523809523808 0.6 37 0.7837837837837838 0.02702702702702703 0.7 33 0.8181818181818182 0.030303030303030304 0.9 1 1.0 0.0
40 0.1 54 0.6296296296296297 0.0 0.4 46 0.6739130434782609 0.0 0.5 39 0.717948717948718 0.0 0.6 37 0.7567567567567568 0.0 0.7 33 0.7878787878787878 0.0 0.9 0 1 1
40 0.1 55 0.6 0.0 0.4 39 0.7692307692307693 0.0 0.5 37 0.7837837837837838 0.0 0.6 33 0.8484848484848485 0.0 0.7 28 0.8928571428571429 0.0 0.9 1 1.0 0.0
40 0.1 58 0.5862068965517241 0.017241379310344827 0.4 45 0.6888888888888889 0.022222222222222223 0.5 41 0.7317073170731707 0.024390243902439025 0.6 35 0.7428571428571429 0.02857142857142857 0.7 32 0.78125 0.03125 0.9 0 1 1
40 0.1 52 0.6538461538461539 0.0 0.4 39 0.717948717948718 0.0 0.5 35 0.7714285714285715 0.0 0.6 34 0.7941176470588235 0.0 0.7 30 0.8 0.0 0.9 0 1 1
40 0.1 56 0.6071428571428571 0.017857142857142856 0.4 42 0.7142857142857143 0.023809523809523808 0.5 38 0.7631578947368421 0.02631578947368421 0.6 37 0.7567567567567568 0.02702702702702703 0.7 31 0.7741935483870968 0.03225806451612903 0.9 2 1.0 0.0
40 0.1 48 0.6666666666666666 0.020833333333333332 0.4 37 0.7837837837837838 0.02702702702702703 0.5 35 0.8 0.02857142857142857 0.6 31 0.8064516129032258 0.03225806451612903 0.7 28 0.8571428571428571 0.03571428571428571 0.9 2 1.0 0.0
40 0.1 44 0.75 0.045454545454545456 0.4 35 0.8 0.05714285714285714 0.5 32 0.875 0.0625 0.6 30 0.9 0.06666666666666667 0.7 26 0.8846153846153846 0.07692307692307693 0.9 0 1 1
40 0.1 53 0.6415094339622641 0.03773584905660377 0.4 43 0.7209302325581395 0.046511627906976744 0.5 37 0.7567567567567568 0.05405405405405406 0.6 35 0.7714285714285715 0.05714285714285714 0.7 29 0.8620689655172413 0.06896551724137931 0.9 1 1.0 0.0
40 0.1 54 0.6296296296296297 0.018518518518518517 0.4 46 0.6739130434782609 0.021739130434782608 0.5 41 0.7317073170731707 0.024390243902439025 0.6 37 0.7567567567567568 0.02702702702702703 0.7 31 0.8064516129032258 0.03225806451612903 0.9 0 1 1
40 0.1 53 0.6226415094339622 0.0 0.4 34 0.7647058823529411 0.0 0.5 31 0.8064516129032258 0.0 0.6 27 0.8888888888888888 0.0 0.7 24 0.875 0.0 0.9 1 1.0 0.0
40 0.1 58 0.603448275862069 0.017241379310344827 0.4 49 0.6938775510204082 0.02040816326530612 0.5 43 0.6976744186046512 0.023255813953488372 0.6 36 0.7777777777777778 0.027777777777777776 0.7 32 0.8125 0.03125 0.9 1 1.0 0.0
40 0.1 54 0.6111111111111112 0.018518518518518517 0.4 40 0.775 0.025 0.5 36 0.8333333333333334 0.027777777777777776 0.6 35 0.8571428571428571 0.02857142857142857 0.7 31 0.9032258064516129 0.03225806451612903 0.9 1 1.0 0.0
40 0.1 53 0.6226415094339622 0.018867924528301886 0.4 42 0.7142857142857143 0.023809523809523808 0.5 39 0.7692307692307693 0.02564102564102564 0.6 34 0.7941176470588235 0.029411764705882353 0.7 29 0.8275862068965517 0.034482758620689655 0.9 1 1.0 0.0
40 0.1 52 0.6538461538461539 0.019230769230769232 0.4 38 0.7631578947368421 0.02631578947368421 0.5 34 0.7941176470588235 0.029411764705882353 0.6 30 0.8333333333333334 0.03333333333333333 0.7 28 0.8571428571428571 0.03571428571428571 0.9 0 1 1
40 0.1 45 0.7111111111111111 0.022222222222222223 0.4 32 0.8125 0.03125 0.5 29 0.8620689655172413 0.034482758620689655 0.6 28 0.8571428571428571 0.03571428571428571 0.7 27 0.8518518518518519 0.037037037037037035 0.9 2 1.0 0.0
40 0.1 41 0.7073170731707317 0.0 0.4 34 0.7352941176470589 0.0 0.5 32 0.78125 0.0 0.6 30 0.8 0.0 0.7 29 0.7931034482758621 0.0 0.9 2 1.0 0.0
40 0.1 49 0.673469387755102 0.02040816326530612 0.4 33 0.7878787878787878 0.030303030303030304 0.5 31 0.7741935483870968 0.03225806451612903 0.6 30 0.8 0.03333333333333333 0.7 29 0.8275862068965517 0.034482758620689655 0.9 1 1.0 0.0
40 0.1 52 0.5961538461538461 0.0 0.4 36 0.7222222222222222 0.0 0.5 33 0.7878787878787878 0.0 0.6 29 0.7931034482758621 0.0 0.7 27 0.8518518518518519 0.0 0.9 1 1.0 0.0
40 0.1 61 0.5901639344262295 0.01639344262295082 0.4 42 0.7142857142857143 0.023809523809523808 0.5 38 0.7368421052631579 0.02631578947368421 0.6 37 0.7297297297297297 0.02702702702702703 0.7 31 0.7741935483870968 0.03225806451612903 0.9 2 1.0 0.0
40 0.1 61 0.5737704918032787 0.0 0.4 46 0.717391304347826 0.0 0.5 43 0.7441860465116279 0.0 0.6 38 0.7368421052631579 0.0 0.7 33 0.7878787878787878 0.0 0.9 2 1.0 0.0
40 0.1 62 0.5806451612903226 0.03225806451612903 0.4 49 0.6938775510204082 0.04081632653061224 0.5 47 0.7021276595744681 0.0425531914893617 0.6 44 0.7272727272727273 0.045454545454545456 0.7 36 0.7777777777777778 0.05555555555555555 0.9 2 1.0 0.0
40 0.1 54 0.6296296296296297 0.018518518518518517 0.4 46 0.6521739130434783 0.021739130434782608 0.5 43 0.6744186046511628 0.023255813953488372 0.6 35 0.8 0.02857142857142857 0.7 31 0.8387096774193549 0.03225806451612903 0.9 2 1.0 0.0
40 0.1 51 0.6274509803921569 0.0392156862745098 0.4 40 0.7 0.05 0.5 37 0.7567567567567568 0.05405405405405406 0.6 33 0.8484848484848485 0.06060606060606061 0.7 29 0.8620689655172413 0.06896551724137931 0.9 2 1.0 0.0
40 0.1 56 0.6071428571428571 0.0 0.4 41 0.7317073170731707 0.0 0.5 38 0.7631578947368421 0.0 0.6 35 0.7714285714285715 0.0 0.7 31 0.8387096774193549 0.0 0.9 2 1.0 0.0
40 0.1 50 0.62 0.02 0.4 37 0.7297297297297297 0.02702702702702703 0.5 35 0.7428571428571429 0.02857142857142857 0.6 34 0.7647058823529411 0.029411764705882353 0.7 25 0.84 0.04 0.9 1 1.0 0.0
40 0.1 54 0.5925925925925926 0.037037037037037035 0.4 42 0.7142857142857143 0.047619047619047616 0.5 39 0.717948717948718 0.05128205128205128 0.6 35 0.7714285714285715 0.05714285714285714 0.7 31 0.8064516129032258 0.06451612903225806 0.9 1 1.0 0.0
40 0.1 53 0.6037735849056604 0.018867924528301886 0.4 43 0.6976744186046512 0.023255813953488372 0.5 41 0.7317073170731707 0.024390243902439025 0.6 40 0.725 0.025 0.7 37 0.7837837837837838 0.02702702702702703 0.9 1 1.0 0.0
40 0.1 60 0.6166666666666667 0.016666666666666666 0.4 47 0.6808510638297872 0.02127659574468085 0.5 46 0.6739130434782609 0.021739130434782608 0.6 44 0.7045454545454546 0.022727272727272728 0.7 40 0.725 0.025 0.9 1 1.0 0.0
40 0.1 54 0.6666666666666666 0.05555555555555555 0.4 41 0.7804878048780488 0.04878048780487805 0.5 39 0.7948717948717948 0.05128205128205128 0.6 37 0.7837837837837838 0.05405405405405406 0.7 32 0.8125 0.0625 0.9 0 1 1
40 0.1 54 0.6851851851851852 0.018518518518518517 0.4 44 0.7272727272727273 0.022727272727272728 0.5 39 0.7692307692307693 0.02564102564102564 0.6 36 0.75 0.027777777777777776 0.7 35 0.7714285714285715 0.02857142857142857 0.9 1 1.0 0.0
40 0.1 55 0.6727272727272727 0.0 0.4 44 0.7272727272727273 0.0 0.5 44 0.7272727272727273 0.0 0.6 42 0.7380952380952381 0.0 0.7 38 0.7105263157894737 0.0 0.9 0 1 1
40 0.1 56 0.6607142857142857 0.017857142857142856 0.4 44 0.7272727272727273 0.022727272727272728 0.5 42 0.7619047619047619 0.023809523809523808 0.6 39 0.7435897435897436 0.02564102564102564 0.7 35 0.8 0.02857142857142857 0.9 0 1 1
40 0.1 51 0.6666666666666666 0.0 0.4 45 0.7333333333333333 0.0 0.5 42 0.7380952380952381 0.0 0.6 37 0.7837837837837838 0.0 0.7 36 0.8055555555555556 0.0 0.9 0 1 1
40 0.1 57 0.6491228070175439 0.0 0.4 47 0.7021276595744681 0.0 0.5 43 0.7674418604651163 0.0 0.6 40 0.8 0.0 0.7 38 0.7894736842105263 0.0 0.9 0 1 1
40 0.1 54 0.6481481481481481 0.018518518518518517 0.4 43 0.7209302325581395 0.023255813953488372 0.5 41 0.7317073170731707 0.024390243902439025 0.6 39 0.7435897435897436 0.02564102564102564 0.7 37 0.7567567567567568 0.02702702702702703 0.9 0 1 1
40 0.1 49 0.673469387755102 0.04081632653061224 0.4 40 0.725 0.05 0.5 35 0.8285714285714286 0.05714285714285714 0.6 33 0.8181818181818182 0.06060606060606061 0.7 31 0.8387096774193549 0.06451612903225806 0.9 0 1 1
40 0.1 54 0.6481481481481481 0.0 0.4 46 0.717391304347826 0.0 0.5 41 0.7317073170731707 0.0 0.6 37 0.7567567567567568 0.0 0.7 35 0.7428571428571429 0.0 0.9 2 1.0 0.0
40 0.1 60 0.6 0.0 0.4 49 0.6530612244897959 0.0 0.5 43 0.7209302325581395 0.0 0.6 42 0.7380952380952381 0.0 0.7 41 0.7317073170731707 0.0 0.9 2 1.0 0.0
40 0.1 52 0.6346153846153846 0.038461538461538464 0.4 42 0.7142857142857143 0.047619047619047616 0.5 40 0.75 0.05 0.6 37 0.7837837837837838 0.05405405405405406 0.7 34 0.7647058823529411 0.058823529411764705 0.9 1 1.0 0.0
40 0.1 46 0.717391304347826 0.043478260869565216 0.4 36 0.7777777777777778 0.05555555555555555 0.5 36 0.7777777777777778 0.05555555555555555 0.6 35 0.7714285714285715 0.05714285714285714 0.7 29 0.8620689655172413 0.06896551724137931 0.9 1 1.0 0.0
40 0.1 45 0.7333333333333333 0.06666666666666667 0.4 38 0.8157894736842105 0.07894736842105263 0.5 37 0.8378378378378378 0.08108108108108109 0.6 34 0.8823529411764706 0.08823529411764706 0.7 31 0.8709677419354839 0.0967741935483871 0.9 1 1.0 0.0
40 0.1 48 0.6875 0.041666666666666664 0.4 39 0.7692307692307693 0.05128205128205128 0.5 37 0.8108108108108109 0.05405405405405406 0.6 36 0.8333333333333334 0.05555555555555555 0.7 29 0.896551724137931 0.06896551724137931 0.9 0 1 1
40 0.1 54 0.6296296296296297 0.018518518518518517 0.4 46 0.717391304347826 0.0 0.5 42 0.7380952380952381 0.0 0.6 40 0.75 0.0 0.7 38 0.7894736842105263 0.0 0.9 2 1.0 0.0
40 0.1 51 0.6274509803921569 0.0392156862745098 0.4 44 0.7045454545454546 0.045454545454545456 0.5 41 0.7560975609756098 0.04878048780487805 0.6 40 0.75 0.05 0.7 38 0.7894736842105263 0.05263157894736842 0.9 2 1.0 0.0
40 0.1 48 0.6458333333333334 0.0 0.4 39 0.7692307692307693 0.0 0.5 35 0.8285714285714286 0.0 0.6 33 0.8787878787878788 0.0 0.7 33 0.8787878787878788 0.0 0.9 2 1.0 0.0
40 0.1 51 0.6274509803921569 0.058823529411764705 0.4 39 0.7435897435897436 0.07692307692307693 0.5 38 0.7631578947368421 0.07894736842105263 0.6 35 0.8 0.08571428571428572 0.7 31 0.8387096774193549 0.0967741935483871 0.9 0 1 1
40 0.1 48 0.6458333333333334 0.0 0.4 44 0.7045454545454546 0.0 0.5 41 0.7560975609756098 0.0 0.6 38 0.7894736842105263 0.0 0.7 36 0.8055555555555556 0.0 0.9 0 1 1
40 0.1 47 0.6808510638297872 0.02127659574468085 0.4 43 0.7209302325581395 0.023255813953488372 0.5 40 0.75 0.025 0.6 36 0.8055555555555556 0.027777777777777776 0.7 35 0.8 0.02857142857142857 0.9 2 1.0 0.0
40 0.1 53 0.660377358490566 0.0 0.4 42 0.7142857142857143 0.0 0.5 41 0.7317073170731707 0.0 0.6 38 0.7368421052631579 0.0 0.7 34 0.7941176470588235 0.0 0.9 0 1 1
40 0.1 55 0.6545454545454545 0.05454545454545454 0.4 45 0.7111111111111111 0.06666666666666667 0.5 41 0.7317073170731707 0.07317073170731707 0.6 38 0.7631578947368421 0.07894736842105263 0.7 37 0.7837837837837838 0.08108108108108109 0.9 1 1.0 0.0
40 0.1 56 0.6428571428571429 0.05357142857142857 0.4 45 0.7111111111111111 0.06666666666666667 0.5 45 0.7111111111111111 0.06666666666666667 0.6 42 0.7142857142857143 0.07142857142857142 0.7 37 0.7567567567567568 0.08108108108108109 0.9 2 1.0 0.5
40 0.1 50 0.66 0.02 0.4 39 0.717948717948718 0.0 0.5 36 0.7777777777777778 0.0 0.6 35 0.7714285714285715 0.0 0.7 33 0.8181818181818182 0.0 0.9 2 1.0 0.0
40 0.1 46 0.6956521739130435 0.0 0.4 39 0.717948717948718 0.0 0.5 37 0.7297297297297297 0.0 0.6 36 0.75 0.0 0.7 35 0.7428571428571429 0.0 0.9 2 1.0 0.0
40 0.1 53 0.6226415094339622 0.018867924528301886 0.4 40 0.75 0.025 0.5 39 0.7435897435897436 0.02564102564102564 0.6 34 0.7647058823529411 0.029411764705882353 0.7 32 0.8125 0.03125 0.9 1 1.0 0.0
40 0.1 46 0.6739130434782609 0.043478260869565216 0.4 40 0.725 0.05 0.5 37 0.7837837837837838 0.05405405405405406 0.6 36 0.7777777777777778 0.05555555555555555 0.7 33 0.7878787878787878 0.06060606060606061 0.9 2 1.0 0.0
40 0.1 51 0.6666666666666666 0.058823529411764705 0.4 42 0.7142857142857143 0.07142857142857142 0.5 40 0.75 0.075 0.6 39 0.7692307692307693 0.07692307692307693 0.7 38 0.7894736842105263 0.07894736842105263 0.9 2 1.0 0.0
40 0.1 50 0.66 0.04 0.4 43 0.6976744186046512 0.046511627906976744 0.5 40 0.75 0.05 0.6 38 0.7631578947368421 0.05263157894736842 0.7 35 0.7714285714285715 0.05714285714285714 0.9 1 1.0 0.0
40 0.1 50 0.66 0.04 0.4 44 0.6818181818181818 0.045454545454545456 0.5 41 0.7317073170731707 0.04878048780487805 0.6 36 0.8055555555555556 0.05555555555555555 0.7 33 0.8181818181818182 0.06060606060606061 0.9 2 1.0 0.0
40 0.1 46 0.6739130434782609 0.043478260869565216 0.4 40 0.75 0.05 0.5 37 0.7567567567567568 0.05405405405405406 0.6 35 0.8 0.05714285714285714 0.7 32 0.84375 0.0625 0.9 2 1.0 0.0
40 0.1 48 0.6875 0.0625 0.4 41 0.7317073170731707 0.04878048780487805 0.5 37 0.7297297297297297 0.05405405405405406 0.6 33 0.8181818181818182 0.06060606060606061 0.7 30 0.8666666666666667 0.06666666666666667 0.9 2 1.0 0.0
40 0.1 48 0.6458333333333334 0.0 0.4 41 0.6829268292682927 0.0 0.5 39 0.6923076923076923 0.0 0.6 35 0.7714285714285715 0.0 0.7 32 0.8125 0.0 0.9 2 1.0 0.0
40 0.1 49 0.6530612244897959 0.0 0.4 41 0.7317073170731707 0.0 0.5 38 0.7368421052631579 0.0 0.6 33 0.7575757575757576 0.0 0.7 32 0.78125 0.0 0.9 2 1.0 0.0
40 0.1 51 0.6470588235294118 0.0 0.4 40 0.7 0.0 0.5 35 0.7714285714285715 0.0 0.6 34 0.7941176470588235 0.0 0.7 33 0.7878787878787878 0.0 0.9 2 1.0 0.0
40 0.1 43 0.6976744186046512 0.023255813953488372 0.4 31 0.7741935483870968 0.0 0.5 28 0.8571428571428571 0.0 0.6 26 0.9230769230769231 0.0 0.7 24 0.9166666666666666 0.0 0.9 1 1.0 0.0
40 0.1 51 0.6470588235294118 0.0196078431372549 0.4 41 0.7317073170731707 0.024390243902439025 0.5 38 0.7631578947368421 0.02631578947368421 0.6 36 0.7777777777777778 0.027777777777777776 0.7 33 0.8181818181818182 0.030303030303030304 0.9 2 1.0 0.0
40 0.1 55 0.6363636363636364 0.01818181818181818 0.4 43 0.6976744186046512 0.023255813953488372 0.5 41 0.7317073170731707 0.024390243902439025 0.6 38 0.7631578947368421 0.02631578947368421 0.7 36 0.7777777777777778 0.027777777777777776 0.9 1 1.0 0.0
40 0.1 49 0.673469387755102 0.02040816326530612 0.4 40 0.75 0.025 0.5 37 0.7837837837837838 0.02702702702702703 0.6 37 0.7837837837837838 0.02702702702702703 0.7 34 0.7941176470588235 0.029411764705882353 0.9 5 0.8 0.0
40 0.1 48 0.6875 0.041666666666666664 0.4 38 0.7894736842105263 0.05263157894736842 0.5 36 0.8055555555555556 0.05555555555555555 0.6 35 0.8 0.05714285714285714 0.7 33 0.7878787878787878 0.06060606060606061 0.9 8 1.0 0.125
40 0.1 46 0.6739130434782609 0.043478260869565216 0.4 37 0.7837837837837838 0.05405405405405406 0.5 34 0.7941176470588235 0.058823529411764705 0.6 32 0.8125 0.0625 0.7 31 0.8064516129032258 0.06451612903225806 0.9 6 1.0 0.0
40 0.1 44 0.6818181818181818 0.022727272727272728 0.4 38 0.7894736842105263 0.02631578947368421 0.5 35 0.8 0.02857142857142857 0.6 32 0.84375 0.03125 0.7 30 0.8333333333333334 0.03333333333333333 0.9 3 1.0 0.0
40 0.1 52 0.6153846153846154 0.019230769230769232 0.4 42 0.7142857142857143 0.023809523809523808 0.5 41 0.7317073170731707 0.024390243902439025 0.6 37 0.7027027027027027 0.0 0.7 34 0.7647058823529411 0.0 0.9 3 1.0 0.0
40 0.1 46 0.6739130434782609 0.043478260869565216 0.4 40 0.75 0.05 0.5 37 0.7837837837837838 0.02702702702702703 0.6 36 0.8055555555555556 0.027777777777777776 0.7 30 0.8333333333333334 0.03333333333333333 0.9 7 1.0 0.0
40 0.1 50 0.64 0.02 0.4 41 0.7560975609756098 0.024390243902439025 0.5 39 0.7692307692307693 0.02564102564102564 0.6 36 0.7777777777777778 0.027777777777777776 0.7 34 0.7941176470588235 0.029411764705882353 0.9 2 1.0 0.0
40 0.1 52 0.6346153846153846 0.057692307692307696 0.4 40 0.7 0.05 0.5 39 0.717948717948718 0.05128205128205128 0.6 37 0.7567567567567568 0.05405405405405406 0.7 35 0.7714285714285715 0.05714285714285714 0.9 2 1.0 0.0
40 0.1 49 0.673469387755102 0.04081632653061224 0.4 41 0.6829268292682927 0.04878048780487805 0.5 39 0.717948717948718 0.05128205128205128 0.6 38 0.7368421052631579 0.05263157894736842 0.7 35 0.7714285714285715 0.05714285714285714 0.9 4 1.0 0.0
40 0.1 49 0.6530612244897959 0.061224489795918366 0.4 42 0.6904761904761905 0.047619047619047616 0.5 40 0.725 0.05 0.6 38 0.7631578947368421 0.05263157894736842 0.7 36 0.7777777777777778 0.05555555555555555 0.9 4 0.75 0.0
40 0.1 48 0.6458333333333334 0.041666666666666664 0.4 40 0.725 0.05 0.5 38 0.7368421052631579 0.05263157894736842 0.6 37 0.7297297297297297 0.05405405405405406 0.7 36 0.75 0.05555555555555555 0.9 5 1.0 0.0
40 0.1 46 0.6739130434782609 0.021739130434782608 0.4 38 0.7105263157894737 0.02631578947368421 0.5 37 0.7297297297297297 0.02702702702702703 0.6 37 0.7297297297297297 0.02702702702702703 0.7 34 0.7647058823529411 0.029411764705882353 0.9 3 1.0 0.0
40 0.1 47 0.6382978723404256 0.02127659574468085 0.4 43 0.6976744186046512 0.023255813953488372 0.5 42 0.7142857142857143 0.023809523809523808 0.6 40 0.75 0.025 0.7 36 0.8055555555555556 0.027777777777777776 0.9 4 1.0 0.0
40 0.1 53 0.6226415094339622 0.03773584905660377 0.4 42 0.6904761904761905 0.047619047619047616 0.5 42 0.6904761904761905 0.047619047619047616 0.6 39 0.6923076923076923 0.05128205128205128 0.7 37 0.7297297297297297 0.05405405405405406 0.9 4 1.0 0.0
40 0.1 51 0.6274509803921569 0.0392156862745098 0.4 42 0.7142857142857143 0.047619047619047616 0.5 41 0.7073170731707317 0.04878048780487805 0.6 34 0.7941176470588235 0.058823529411764705 0.7 34 0.7941176470588235 0.058823529411764705 0.9 3 1.0 0.0
40 0.1 49 0.673469387755102 0.0 0.4 43 0.6976744186046512 0.0 0.5 40 0.7 0.0 0.6 38 0.7368421052631579 0.0 0.7 35 0.8 0.0 0.9 4 1.0 0.0
40 0.1 51 0.6274509803921569 0.058823529411764705 0.4 41 0.7073170731707317 0.07317073170731707 0.5 39 0.717948717948718 0.07692307692307693 0.6 37 0.7567567567567568 0.08108108108108109 0.7 36 0.7777777777777778 0.08333333333333333 0.9 3 1.0 0.0
40 0.1 49 0.6530612244897959 0.061224489795918366 0.4 41 0.7073170731707317 0.07317073170731707 0.5 39 0.7435897435897436 0.07692307692307693 0.6 36 0.75 0.08333333333333333 0.7 35 0.7428571428571429 0.08571428571428572 0.9 3 1.0 0.0
40 0.1 52 0.6346153846153846 0.019230769230769232 0.4 43 0.7209302325581395 0.023255813953488372 0.5 41 0.7560975609756098 0.024390243902439025 0.6 36 0.7777777777777778 0.027777777777777776 0.7 34 0.7647058823529411 0.029411764705882353 0.9 2 1.0 0.0
40 0.1 52 0.6346153846153846 0.057692307692307696 0.4 43 0.7441860465116279 0.06976744186046512 0.5 43 0.7441860465116279 0.06976744186046512 0.6 41 0.7560975609756098 0.07317073170731707 0.7 38 0.7368421052631579 0.07894736842105263 0.9 4 1.0 0.0
40 0.1 57 0.5789473684210527 0.05263157894736842 0.4 48 0.6875 0.0625 0.5 45 0.7111111111111111 0.06666666666666667 0.6 43 0.7441860465116279 0.06976744186046512 0.7 39 0.7435897435897436 0.05128205128205128 0.9 4 1.0 0.0
40 0.1 58 0.5862068965517241 0.017241379310344827 0.4 47 0.7021276595744681 0.02127659574468085 0.5 44 0.7272727272727273 0.022727272727272728 0.6 41 0.7317073170731707 0.024390243902439025 0.7 38 0.7631578947368421 0.02631578947368421 0.9 7 0.7142857142857143 0.0
40 0.1 54 0.6296296296296297 0.037037037037037035 0.4 43 0.6976744186046512 0.046511627906976744 0.5 41 0.7073170731707317 0.024390243902439025 0.6 39 0.7435897435897436 0.02564102564102564 0.7 38 0.7631578947368421 0.02631578947368421 0.9 6 0.8333333333333334 0.0
40 0.1 53 0.6226415094339622 0.0 0.4 46 0.6956521739130435 0.0 0.5 44 0.7272727272727273 0.0 0.6 41 0.7317073170731707 0.0 0.7 39 0.7435897435897436 0.0 0.9 2 1.0 0.0
40 0.1 51 0.6274509803921569 0.0392156862745098 0.4 42 0.7380952380952381 0.047619047619047616 0.5 40 0.75 0.05 0.6 39 0.7435897435897436 0.05128205128205128 0.7 38 0.7631578947368421 0.05263157894736842 0.9 4 1.0 0.25
40 0.1 51 0.6274509803921569 0.0392156862745098 0.4 44 0.6818181818181818 0.045454545454545456 0.5 42 0.6904761904761905 0.047619047619047616 0.6 40 0.725 0.05 0.7 37 0.7567567567567568 0.05405405405405406 0.9 5 1.0 0.0
40 0.1 57 0.631578947368421 0.05263157894736842 0.4 48 0.6666666666666666 0.0625 0.5 45 0.6666666666666666 0.06666666666666667 0.6 42 0.6904761904761905 0.07142857142857142 0.7 40 0.725 0.075 0.9 4 1.0 0.0
40 0.1 52 0.6346153846153846 0.038461538461538464 0.4 43 0.7209302325581395 0.046511627906976744 0.5 42 0.7380952380952381 0.047619047619047616 0.6 40 0.75 0.05 0.7 36 0.7777777777777778 0.05555555555555555 0.9 3 1.0 0.0
40 0.1 52 0.6153846153846154 0.057692307692307696 0.4 46 0.6739130434782609 0.06521739130434782 0.5 45 0.6888888888888889 0.06666666666666667 0.6 40 0.75 0.075 0.7 38 0.7631578947368421 0.07894736842105263 0.9 5 0.8 0.0
40 0.1 52 0.6346153846153846 0.038461538461538464 0.4 42 0.7142857142857143 0.047619047619047616 0.5 39 0.7692307692307693 0.05128205128205128 0.6 35 0.7714285714285715 0.05714285714285714 0.7 33 0.7878787878787878 0.06060606060606061 0.9 2 1.0 0.0
40 0.1 47 0.6382978723404256 0.02127659574468085 0.4 39 0.7435897435897436 0.02564102564102564 0.5 38 0.7631578947368421 0.02631578947368421 0.6 35 0.8 0.02857142857142857 0.7 33 0.7878787878787878 0.030303030303030304 0.9 4 1.0 0.0
40 0.1 49 0.6122448979591837 0.04081632653061224 0.4 41 0.7317073170731707 0.04878048780487805 0.5 39 0.7692307692307693 0.05128205128205128 0.6 37 0.8108108108108109 0.05405405405405406 0.7 35 0.8 0.05714285714285714 0.9 4 1.0 0.0
40 0.1 54 0.6111111111111112 0.037037037037037035 0.4 45 0.6666666666666666 0.044444444444444446 0.5 42 0.7142857142857143 0.047619047619047616 0.6 42 0.7142857142857143 0.047619047619047616 0.7 40 0.725 0.05 0.9 4 1.0 0.0
40 0.1 52 0.6153846153846154 0.038461538461538464 0.4 44 0.7045454545454546 0.045454545454545456 0.5 42 0.7142857142857143 0.047619047619047616 0.6 40 0.75 0.05 0.7 39 0.7692307692307693 0.05128205128205128 0.9 5 1.0 0.0
40 0.1 51 0.6078431372549019 0.0392156862745098 0.4 44 0.6818181818181818 0.045454545454545456 0.5 42 0.7142857142857143 0.047619047619047616 0.6 40 0.75 0.05 0.7 36 0.8055555555555556 0.05555555555555555 0.9 3 1.0 0.0
40 0.1 51 0.6274509803921569 0.0392156862745098 0.4 42 0.6904761904761905 0.047619047619047616 0.5 40 0.725 0.05 0.6 39 0.7435897435897436 0.05128205128205128 0.7 37 0.7567567567567568 0.05405405405405406 0.9 5 1.0 0.0
40 0.1 47 0.6808510638297872 0.06382978723404255 0.4 41 0.7073170731707317 0.07317073170731707 0.5 40 0.725 0.075 0.6 38 0.7631578947368421 0.07894736842105263 0.7 35 0.7714285714285715 0.08571428571428572 0.9 5 1.0 0.0
40 0.1 52 0.6538461538461539 0.019230769230769232 0.4 44 0.6818181818181818 0.022727272727272728 0.5 44 0.6818181818181818 0.022727272727272728 0.6 42 0.6904761904761905 0.023809523809523808 0.7 38 0.7105263157894737 0.02631578947368421 0.9 5 0.8 0.0
40 0.1 50 0.64 0.04 0.4 43 0.6976744186046512 0.046511627906976744 0.5 42 0.6904761904761905 0.047619047619047616 0.6 40 0.7 0.05 0.7 37 0.7567567567567568 0.05405405405405406 0.9 3 1.0 0.0
40 0.1 50 0.62 0.06 0.4 43 0.6744186046511628 0.06976744186046512 0.5 38 0.7368421052631579 0.07894736842105263 0.6 36 0.75 0.05555555555555555 0.7 36 0.75 0.05555555555555555 0.9 4 1.0 0.0
40 0.1 50 0.64 0.0 0.4 45 0.6666666666666666 0.0 0.5 42 0.6904761904761905 0.0 0.6 40 0.7 0.0 0.7 35 0.7428571428571429 0.0 0.9 2 1.0 0.0
40 0.1 50 0.62 0.0 0.4 45 0.6888888888888889 0.0 0.5 41 0.7317073170731707 0.0 0.6 37 0.7837837837837838 0.0 0.7 35 0.8 0.0 0.9 2 1.0 0.0
40 0.1 49 0.6530612244897959 0.04081632653061224 0.4 42 0.6666666666666666 0.047619047619047616 0.5 39 0.717948717948718 0.05128205128205128 0.6 38 0.7368421052631579 0.05263157894736842 0.7 33 0.7575757575757576 0.06060606060606061 0.9 5 1.0 0.2
40 0.1 47 0.6595744680851063 0.0 0.4 42 0.7142857142857143 0.0 0.5 40 0.725 0.0 0.6 37 0.7567567567567568 0.0 0.7 33 0.7575757575757576 0.0 0.9 4 1.0 0.0
40 0.1 48 0.6666666666666666 0.020833333333333332 0.4 42 0.6904761904761905 0.0 0.5 42 0.6904761904761905 0.0 0.6 38 0.7368421052631579 0.0 0.7 38 0.7368421052631579 0.0 0.9 4 1.0 0.0
40 0.1 50 0.66 0.06 0.4 44 0.7045454545454546 0.06818181818181818 0.5 44 0.7045454545454546 0.06818181818181818 0.6 43 0.7209302325581395 0.06976744186046512 0.7 40 0.725 0.075 0.9 5 1.0 0.2
40 0.1 48 0.6666666666666666 0.020833333333333332 0.4 40 0.75 0.025 0.5 39 0.7692307692307693 0.02564102564102564 0.6 36 0.8055555555555556 0.027777777777777776 0.7 36 0.8055555555555556 0.027777777777777776 0.9 4 1.0 0.0
40 0.1 50 0.68 0.02 0.4 44 0.7272727272727273 0.022727272727272728 0.5 41 0.7317073170731707 0.024390243902439025 0.6 37 0.8108108108108109 0.02702702702702703 0.7 37 0.8108108108108109 0.02702702702702703 0.9 6 1.0 0.16666666666666666
40 0.1 51 0.6274509803921569 0.0 0.4 43 0.7209302325581395 0.0 0.5 42 0.7380952380952381 0.0 0.6 41 0.7560975609756098 0.0 0.7 37 0.8108108108108109 0.0 0.9 11 1.0 0.0
40 0.1 49 0.6530612244897959 0.02040816326530612 0.4 44 0.7045454545454546 0.022727272727272728 0.5 44 0.7045454545454546 0.022727272727272728 0.6 41 0.7560975609756098 0.024390243902439025 0.7 37 0.7837837837837838 0.02702702702702703 0.9 5 1.0 0.0
40 0.1 45 0.6666666666666666 0.022222222222222223 0.4 40 0.75 0.025 0.5 38 0.7894736842105263 0.02631578947368421 0.6 36 0.8333333333333334 0.027777777777777776 0.7 35 0.8571428571428571 0.02857142857142857 0.9 4 1.0 0.0
40 0.1 51 0.6470588235294118 0.058823529411764705 0.4 42 0.7380952380952381 0.07142857142857142 0.5 42 0.7380952380952381 0.07142857142857142 0.6 40 0.75 0.075 0.7 37 0.8108108108108109 0.08108108108108109 0.9 3 1.0 0.0
40 0.1 50 0.66 0.02 0.4 42 0.7380952380952381 0.023809523809523808 0.5 42 0.7380952380952381 0.023809523809523808 0.6 41 0.7317073170731707 0.024390243902439025 0.7 37 0.7567567567567568 0.02702702702702703 0.9 4 1.0 0.0
40 0.1 48 0.6875 0.041666666666666664 0.4 42 0.7380952380952381 0.047619047619047616 0.5 41 0.7560975609756098 0.04878048780487805 0.6 40 0.75 0.05 0.7 39 0.7692307692307693 0.05128205128205128 0.9 7 0.8571428571428571 0.14285714285714285
40 0.1 47 0.6595744680851063 0.0851063829787234 0.4 42 0.7380952380952381 0.09523809523809523 0.5 41 0.7560975609756098 0.0975609756097561 0.6 36 0.7777777777777778 0.05555555555555555 0.7 33 0.8181818181818182 0.06060606060606061 0.9 5 1.0 0.2
40 0.1 47 0.6595744680851063 0.0 0.4 40 0.775 0.0 0.5 39 0.7692307692307693 0.0 0.6 39 0.7692307692307693 0.0 0.7 35 0.8 0.0 0.9 6 1.0 0.0
