3 0.1 0 1 1 0.4 0 1 1 0.5 0 1 1 0.6 0 1 1 0.7 0 1 1 0.9 0 1 1
3 0.1 4 0.0 0.0 0.4 0 1 1 0.5 0 1 1 0.6 0 1 1 0.7 0 1 1 0.9 0 1 1
3 0.1 25 0.0 0.0 0.4 0 1 1 0.5 0 1 1 0.6 0 1 1 0.7 0 1 1 0.9 0 1 1
3 0.1 20 0.0 0.0 0.4 2 0.0 0.0 0.5 1 0.0 0.0 0.6 0 1 1 0.7 0 1 1 0.9 0 1 1
3 0.1 84 0.03571428571428571 0.0 0.4 17 0.058823529411764705 0.0 0.5 7 0.14285714285714285 0.0 0.6 0 1 1 0.7 0 1 1 0.9 0 1 1
3 0.1 22 0.09090909090909091 0.0 0.4 1 1.0 0.0 0.5 0 1 1 0.6 0 1 1 0.7 0 1 1 0.9 0 1 1
3 0.1 36 0.08333333333333333 0.0 0.4 3 0.3333333333333333 0.0 0.5 0 1 1 0.6 0 1 1 0.7 0 1 1 0.9 0 1 1
3 0.1 44 0.06818181818181818 0.0 0.4 2 0.5 0.0 0.5 0 1 1 0.6 0 1 1 0.7 0 1 1 0.9 0 1 1
3 0.1 22 0.09090909090909091 0.0 0.4 3 0.6666666666666666 0.0 0.5 2 0.5 0.0 0.6 2 0.5 0.0 0.7 0 1 1 0.9 0 1 1
3 0.1 22 0.13636363636363635 0.0 0.4 4 0.75 0.0 0.5 2 1.0 0.0 0.6 0 1 1 0.7 0 1 1 0.9 0 1 1
3 0.1 21 0.14285714285714285 0.0 0.4 4 0.5 0.0 0.5 3 0.3333333333333333 0.0 0.6 1 1.0 0.0 0.7 0 1 1 0.9 0 1 1
3 0.1 16 0.125 0.0 0.4 3 0.6666666666666666 0.0 0.5 3 0.6666666666666666 0.0 0.6 1 1.0 0.0 0.7 0 1 1 0.9 0 1 1
3 0.1 3 0.6666666666666666 0.0 0.4 0 1 1 0.5 0 1 1 0.6 0 1 1 0.7 0 1 1 0.9 0 1 1
3 0.1 4 0.5 0.0 0.4 2 0.5 0.0 0.5 1 1.0 0.0 0.6 0 1 1 0.7 0 1 1 0.9 0 1 1
3 0.1 20 0.15 0.0 0.4 8 0.375 0.0 0.5 7 0.42857142857142855 0.0 0.6 6 0.5 0.0 0.7 4 0.5 0.0 0.9 1 1.0 0.0
3 0.1 15 0.2 0.0 0.4 5 0.6 0.0 0.5 4 0.75 0.0 0.6 2 1.0 0.0 0.7 2 1.0 0.0 0.9 0 1 1
3 0.1 19 0.15789473684210525 0.0 0.4 4 0.75 0.0 0.5 4 0.75 0.0 0.6 4 0.75 0.0 0.7 2 1.0 0.0 0.9 0 1 1
3 0.1 15 0.2 0.0 0.4 9 0.2222222222222222 0.0 0.5 6 0.3333333333333333 0.0 0.6 3 0.6666666666666666 0.0 0.7 2 1.0 0.0 0.9 0 1 1
3 0.1 3 0.3333333333333333 0.0 0.4 0 1 1 0.5 0 1 1 0.6 0 1 1 0.7 0 1 1 0.9 0 1 1
3 0.1 33 0.09090909090909091 0.0 0.4 8 0.25 0.0 0.5 3 0.6666666666666666 0.0 0.6 2 1.0 0.0 0.7 0 1 1 0.9 0 1 1
3 0.1 9 0.3333333333333333 0.0 0.4 1 1.0 0.0 0.5 0 1 1 0.6 0 1 1 0.7 0 1 1 0.9 0 1 1
3 0.1 3 0.6666666666666666 0.0 0.4 2 1.0 0.0 0.5 2 1.0 0.0 0.6 0 1 1 0.7 0 1 1 0.9 0 1 1
3 0.1 15 0.2 0.0 0.4 4 0.75 0.0 0.5 3 1.0 0.0 0.6 2 1.0 0.0 0.7 2 1.0 0.0 0.9 0 1 1
3 0.1 0 1 1 0.4 0 1 1 0.5 0 1 1 0.6 0 1 1 0.7 0 1 1 0.9 0 1 1
3 0.1 34 0.058823529411764705 0.0 0.4 8 0.25 0.0 0.5 5 0.4 0.0 0.6 3 0.6666666666666666 0.0 0.7 1 1.0 0.0 0.9 0 1 1
3 0.1 8 0.375 0.0 0.4 4 0.75 0.0 0.5 3 0.6666666666666666 0.0 0.6 3 0.6666666666666666 0.0 0.7 3 0.6666666666666666 0.0 0.9 0 1 1
3 0.1 6 0.5 0.0 0.4 2 1.0 0.0 0.5 2 1.0 0.0 0.6 2 1.0 0.0 0.7 1 1.0 0.0 0.9 0 1 1
3 0.1 0 1 1 0.4 0 1 1 0.5 0 1 1 0.6 0 1 1 0.7 0 1 1 0.9 0 1 1
3 0.1 0 1 1 0.4 0 1 1 0.5 0 1 1 0.6 0 1 1 0.7 0 1 1 0.9 0 1 1
3 0.1 2 0.0 0.0 0.4 0 1 1 0.5 0 1 1 0.6 0 1 1 0.7 0 1 1 0.9 0 1 1
3 0.1 2 0.0 0.0 0.4 0 1 1 0.5 0 1 1 0.6 0 1 1 0.7 0 1 1 0.9 0 1 1
3 0.1 12 0.16666666666666666 0.0 0.4 0 1 1 0.5 0 1 1 0.6 0 1 1 0.7 0 1 1 0.9 0 1 1
3 0.1 0 1 1 0.4 0 1 1 0.5 0 1 1 0.6 0 1 1 0.7 0 1 1 0.9 0 1 1
3 0.1 0 1 1 0.4 0 1 1 0.5 0 1 1 0.6 0 1 1 0.7 0 1 1 0.9 0 1 1
3 0.1 4 0.75 0.0 0.4 1 1.0 0.0 0.5 0 1 1 0.6 0 1 1 0.7 0 1 1 0.9 0 1 1
3 0.1 2 0.0 0.0 0.4 0 1 1 0.5 0 1 1 0.6 0 1 1 0.7 0 1 1 0.9 0 1 1
3 0.1 14 0.21428571428571427 0.0 0.4 4 0.75 0.0 0.5 3 1.0 0.0 0.6 3 1.0 0.0 0.7 1 1.0 0.0 0.9 0 1 1
3 0.1 8 0.375 0.0 0.4 2 1.0 0.0 0.5 2 1.0 0.0 0.6 1 1.0 0.0 0.7 1 1.0 0.0 0.9 0 1 1
3 0.1 8 0.25 0.0 0.4 0 1 1 0.5 0 1 1 0.6 0 1 1 0.7 0 1 1 0.9 0 1 1
3 0.1 11 0.09090909090909091 0.0 0.4 1 1.0 0.0 0.5 0 1 1 0.6 0 1 1 0.7 0 1 1 0.9 0 1 1
3 0.1 14 0.21428571428571427 0.0 0.4 2 1.0 0.0 0.5 2 1.0 0.0 0.6 2 1.0 0.0 0.7 1 1.0 0.0 0.9 0 1 1
3 0.1 7 0.42857142857142855 0.0 0.4 2 1.0 0.0 0.5 2 1.0 0.0 0.6 1 1.0 0.0 0.7 1 1.0 0.0 0.9 0 1 1
3 0.1 10 0.0 0.0 0.4 1 0.0 0.0 0.5 0 1 1 0.6 0 1 1 0.7 0 1 1 0.9 0 1 1
3 0.1 4 0.75 0.0 0.4 1 1.0 0.0 0.5 1 1.0 0.0 0.6 1 1.0 0.0 0.7 1 1.0 0.0 0.9 0 1 1
3 0.1 5 0.6 0.0 0.4 2 1.0 0.0 0.5 2 1.0 0.0 0.6 1 1.0 0.0 0.7 1 1.0 0.0 0.9 0 1 1
3 0.1 4 0.75 0.0 0.4 2 1.0 0.0 0.5 2 1.0 0.0 0.6 2 1.0 0.0 0.7 1 1.0 0.0 0.9 0 1 1
3 0.1 15 0.2 0.0 0.4 1 1.0 0.0 0.5 1 1.0 0.0 0.6 1 1.0 0.0 0.7 1 1.0 0.0 0.9 0 1 1
3 0.1 0 1 1 0.4 0 1 1 0.5 0 1 1 0.6 0 1 1 0.7 0 1 1 0.9 0 1 1
3 0.1 6 0.5 0.0 0.4 1 1.0 0.0 0.5 1 1.0 0.0 0.6 1 1.0 0.0 0.7 1 1.0 0.0 0.9 0 1 1
3 0.1 5 0.6 0.0 0.4 3 1.0 0.0 0.5 2 1.0 0.0 0.6 2 1.0 0.0 0.7 2 1.0 0.0 0.9 0 1 1
3 0.1 2 1.0 0.0 0.4 2 1.0 0.0 0.5 2 1.0 0.0 0.6 2 1.0 0.0 0.7 0 1 1 0.9 0 1 1
3 0.1 4 0.75 0.0 0.4 3 1.0 0.0 0.5 2 1.0 0.0 0.6 2 1.0 0.0 0.7 2 1.0 0.0 0.9 0 1 1
3 0.1 5 0.6 0.0 0.4 2 1.0 0.0 0.5 2 1.0 0.0 0.6 2 1.0 0.0 0.7 1 1.0 0.0 0.9 0 1 1
3 0.1 5 0.6 0.0 0.4 2 1.0 0.0 0.5 2 1.0 0.0 0.6 2 1.0 0.0 0.7 2 1.0 0.0 0.9 0 1 1
3 0.1 4 0.75 0.0 0.4 4 0.75 0.0 0.5 3 0.6666666666666666 0.0 0.6 3 0.6666666666666666 0.0 0.7 2 1.0 0.0 0.9 0 1 1
3 0.1 6 0.5 0.0 0.4 3 1.0 0.0 0.5 3 1.0 0.0 0.6 2 1.0 0.0 0.7 2 1.0 0.0 0.9 0 1 1
3 0.1 14 0.21428571428571427 0.0 0.4 3 1.0 0.0 0.5 3 1.0 0.0 0.6 2 1.0 0.0 0.7 1 1.0 0.0 0.9 0 1 1
3 0.1 7 0.42857142857142855 0.14285714285714285 0.4 4 0.75 0.25 0.5 4 0.75 0.25 0.6 3 1.0 0.3333333333333333 0.7 2 1.0 0.5 0.9 0 1 1
3 0.1 7 0.42857142857142855 0.0 0.4 3 1.0 0.0 0.5 3 1.0 0.0 0.6 2 1.0 0.0 0.7 2 1.0 0.0 0.9 0 1 1
3 0.1 7 0.42857142857142855 0.0 0.4 4 0.75 0.0 0.5 3 1.0 0.0 0.6 2 1.0 0.0 0.7 2 1.0 0.0 0.9 1 1.0 0.0
3 0.1 7 0.42857142857142855 0.0 0.4 3 1.0 0.0 0.5 3 1.0 0.0 0.6 3 1.0 0.0 0.7 2 1.0 0.0 0.9 0 1 1
3 0.1 28 0.10714285714285714 0.0 0.4 5 0.6 0.0 0.5 4 0.75 0.0 0.6 1 1.0 0.0 0.7 1 1.0 0.0 0.9 0 1 1
3 0.1 8 0.375 0.0 0.4 3 1.0 0.0 0.5 3 1.0 0.0 0.6 3 1.0 0.0 0.7 2 1.0 0.0 0.9 0 1 1
3 0.1 8 0.375 0.0 0.4 2 1.0 0.0 0.5 2 1.0 0.0 0.6 1 1.0 0.0 0.7 1 1.0 0.0 0.9 0 1 1
3 0.1 5 0.6 0.0 0.4 3 1.0 0.0 0.5 2 1.0 0.0 0.6 2 1.0 0.0 0.7 1 1.0 0.0 0.9 0 1 1
3 0.1 6 0.5 0.0 0.4 3 1.0 0.0 0.5 2 1.0 0.0 0.6 1 1.0 0.0 0.7 1 1.0 0.0 0.9 0 1 1
3 0.1 5 0.6 0.0 0.4 3 1.0 0.0 0.5 3 1.0 0.0 0.6 2 1.0 0.0 0.7 2 1.0 0.0 0.9 0 1 1
3 0.1 14 0.21428571428571427 0.0 0.4 3 1.0 0.0 0.5 3 1.0 0.0 0.6 2 1.0 0.0 0.7 2 1.0 0.0 0.9 0 1 1
3 0.1 5 0.6 0.0 0.4 3 0.6666666666666666 0.0 0.5 2 1.0 0.0 0.6 2 1.0 0.0 0.7 2 1.0 0.0 0.9 0 1 1
3 0.1 5 0.6 0.2 0.4 3 1.0 0.3333333333333333 0.5 3 1.0 0.3333333333333333 0.6 2 1.0 0.5 0.7 2 1.0 0.5 0.9 0 1 1
3 0.1 4 0.75 0.0 0.4 3 1.0 0.0 0.5 2 1.0 0.0 0.6 2 1.0 0.0 0.7 2 1.0 0.0 0.9 1 1.0 0.0
3 0.1 6 0.5 0.16666666666666666 0.4 2 1.0 0.5 0.5 2 1.0 0.5 0.6 2 1.0 0.5 0.7 2 1.0 0.5 0.9 0 1 1
3 0.1 4 0.5 0.0 0.4 2 1.0 0.0 0.5 1 1.0 0.0 0.6 1 1.0 0.0 0.7 1 1.0 0.0 0.9 0 1 1
3 0.1 21 0.14285714285714285 0.0 0.4 6 0.5 0.0 0.5 4 0.75 0.0 0.6 2 1.0 0.0 0.7 1 1.0 0.0 0.9 0 1 1
3 0.1 6 0.5 0.0 0.4 3 1.0 0.0 0.5 3 1.0 0.0 0.6 2 1.0 0.0 0.7 2 1.0 0.0 0.9 0 1 1
3 0.1 6 0.5 0.0 0.4 3 1.0 0.0 0.5 2 1.0 0.0 0.6 2 1.0 0.0 0.7 2 1.0 0.0 0.9 0 1 1
3 0.1 6 0.5 0.0 0.4 3 1.0 0.0 0.5 3 1.0 0.0 0.6 3 1.0 0.0 0.7 2 1.0 0.0 0.9 0 1 1
3 0.1 7 0.42857142857142855 0.0 0.4 3 1.0 0.0 0.5 3 1.0 0.0 0.6 3 1.0 0.0 0.7 2 1.0 0.0 0.9 0 1 1
3 0.1 4 0.75 0.0 0.4 3 1.0 0.0 0.5 3 1.0 0.0 0.6 2 1.0 0.0 0.7 2 1.0 0.0 0.9 0 1 1
3 0.1 18 0.16666666666666666 0.0 0.4 3 0.6666666666666666 0.0 0.5 3 0.6666666666666666 0.0 0.6 1 1.0 0.0 0.7 1 1.0 0.0 0.9 0 1 1
3 0.1 5 0.6 0.0 0.4 3 1.0 0.0 0.5 3 1.0 0.0 0.6 2 1.0 0.0 0.7 2 1.0 0.0 0.9 0 1 1
3 0.1 5 0.6 0.0 0.4 4 0.75 0.0 0.5 3 0.6666666666666666 0.0 0.6 2 1.0 0.0 0.7 2 1.0 0.0 0.9 0 1 1
3 0.1 5 0.6 0.0 0.4 3 1.0 0.0 0.5 3 1.0 0.0 0.6 2 1.0 0.0 0.7 2 1.0 0.0 0.9 0 1 1
3 0.1 7 0.42857142857142855 0.0 0.4 4 0.75 0.0 0.5 3 1.0 0.0 0.6 2 1.0 0.0 0.7 2 1.0 0.0 0.9 1 1.0 0.0
3 0.1 6 0.5 0.16666666666666666 0.4 2 1.0 0.5 0.5 2 1.0 0.5 0.6 2 1.0 0.5 0.7 2 1.0 0.5 0.9 0 1 1
3 0.1 7 0.42857142857142855 0.0 0.4 4 0.75 0.0 0.5 3 0.6666666666666666 0.0 0.6 2 1.0 0.0 0.7 2 1.0 0.0 0.9 0 1 1
3 0.1 4 0.75 0.0 0.4 3 1.0 0.0 0.5 3 1.0 0.0 0.6 2 1.0 0.0 0.7 2 1.0 0.0 0.9 0 1 1
3 0.1 7 0.42857142857142855 0.0 0.4 2 1.0 0.0 0.5 2 1.0 0.0 0.6 2 1.0 0.0 0.7 2 1.0 0.0 0.9 0 1 1
3 0.1 6 0.5 0.0 0.4 3 1.0 0.0 0.5 3 1.0 0.0 0.6 3 1.0 0.0 0.7 2 1.0 0.0 0.9 0 1 1
3 0.1 5 0.6 0.2 0.4 2 1.0 0.5 0.5 2 1.0 0.5 0.6 2 1.0 0.5 0.7 2 1.0 0.5 0.9 0 1 1
3 0.1 4 0.75 0.0 0.4 3 1.0 0.0 0.5 2 1.0 0.0 0.6 2 1.0 0.0 0.7 2 1.0 0.0 0.9 0 1 1
3 0.1 6 0.5 0.0 0.4 4 0.75 0.0 0.5 4 0.75 0.0 0.6 4 0.75 0.0 0.7 2 1.0 0.0 0.9 1 1.0 0.0
3 0.1 5 0.6 0.0 0.4 4 0.75 0.0 0.5 3 1.0 0.0 0.6 3 1.0 0.0 0.7 2 1.0 0.0 0.9 0 1 1
3 0.1 5 0.6 0.0 0.4 3 1.0 0.0 0.5 3 1.0 0.0 0.6 2 1.0 0.0 0.7 2 1.0 0.0 0.9 0 1 1
3 0.1 3 1.0 0.3333333333333333 0.4 3 1.0 0.3333333333333333 0.5 3 1.0 0.3333333333333333 0.6 3 1.0 0.3333333333333333 0.7 2 1.0 0.5 0.9 0 1 1
3 0.1 6 0.5 0.16666666666666666 0.4 3 1.0 0.3333333333333333 0.5 3 1.0 0.3333333333333333 0.6 3 1.0 0.3333333333333333 0.7 2 1.0 0.5 0.9 0 1 1
3 0.1 7 0.42857142857142855 0.0 0.4 2 1.0 0.0 0.5 2 1.0 0.0 0.6 2 1.0 0.0 0.7 2 1.0 0.0 0.9 0 1 1
3 0.1 6 0.5 0.0 0.4 3 0.6666666666666666 0.0 0.5 2 1.0 0.0 0.6 2 1.0 0.0 0.7 2 1.0 0.0 0.9 0 1 1
3 0.1 5 0.6 0.0 0.4 3 1.0 0.0 0.5 3 1.0 0.0 0.6 2 1.0 0.0 0.7 2 1.0 0.0 0.9 0 1 1
3 0.1 4 0.75 0.0 0.4 4 0.75 0.0 0.5 3 1.0 0.0 0.6 3 1.0 0.0 0.7 2 1.0 0.0 0.9 0 1 1
3 0.1 6 0.5 0.0 0.4 3 1.0 0.0 0.5 2 1.0 0.0 0.6 2 1.0 0.0 0.7 2 1.0 0.0 0.9 0 1 1
3 0.1 7 0.42857142857142855 0.0 0.4 2 1.0 0.0 0.5 2 1.0 0.0 0.6 2 1.0 0.0 0.7 2 1.0 0.0 0.9 0 1 1
3 0.1 7 0.42857142857142855 0.0 0.4 4 0.75 0.0 0.5 3 0.6666666666666666 0.0 0.6 2 1.0 0.0 0.7 2 1.0 0.0 0.9 0 1 1
3 0.1 5 0.6 0.0 0.4 4 0.75 0.0 0.5 4 0.75 0.0 0.6 4 0.75 0.0 0.7 2 1.0 0.0 0.9 0 1 1
3 0.1 5 0.6 0.0 0.4 4 0.75 0.0 0.5 3 1.0 0.0 0.6 3 1.0 0.0 0.7 2 1.0 0.0 0.9 0 1 1
3 0.1 6 0.5 0.0 0.4 3 0.6666666666666666 0.0 0.5 2 1.0 0.0 0.6 2 1.0 0.0 0.7 2 1.0 0.0 0.9 0 1 1
3 0.1 5 0.6 0.0 0.4 4 0.75 0.0 0.5 4 0.75 0.0 0.6 3 1.0 0.0 0.7 3 1.0 0.0 0.9 0 1 1
3 0.1 6 0.5 0.0 0.4 3 1.0 0.0 0.5 3 1.0 0.0 0.6 3 1.0 0.0 0.7 2 1.0 0.0 0.9 0 1 1
3 0.1 4 0.75 0.0 0.4 3 1.0 0.0 0.5 3 1.0 0.0 0.6 2 1.0 0.0 0.7 2 1.0 0.0 0.9 0 1 1
3 0.1 6 0.5 0.0 0.4 4 0.75 0.0 0.5 4 0.75 0.0 0.6 4 0.75 0.0 0.7 2 1.0 0.0 0.9 0 1 1
3 0.1 4 0.75 0.0 0.4 3 1.0 0.0 0.5 3 1.0 0.0 0.6 2 1.0 0.0 0.7 2 1.0 0.0 0.9 0 1 1
3 0.1 5 0.6 0.0 0.4 3 1.0 0.0 0.5 3 1.0 0.0 0.6 3 1.0 0.0 0.7 3 1.0 0.0 0.9 1 1.0 0.0
3 0.1 5 0.6 0.0 0.4 3 1.0 0.0 0.5 3 1.0 0.0 0.6 2 1.0 0.0 0.7 2 1.0 0.0 0.9 0 1 1
3 0.1 4 0.75 0.0 0.4 3 1.0 0.0 0.5 3 1.0 0.0 0.6 2 1.0 0.0 0.7 2 1.0 0.0 0.9 1 1.0 0.0
3 0.1 4 0.75 0.25 0.4 2 1.0 0.0 0.5 2 1.0 0.0 0.6 2 1.0 0.0 0.7 2 1.0 0.0 0.9 0 1 1
3 0.1 4 0.75 0.0 0.4 2 1.0 0.0 0.5 2 1.0 0.0 0.6 2 1.0 0.0 0.7 2 1.0 0.0 0.9 1 1.0 0.0
3 0.1 3 1.0 0.3333333333333333 0.4 3 1.0 0.3333333333333333 0.5 3 1.0 0.3333333333333333 0.6 3 1.0 0.3333333333333333 0.7 2 1.0 0.5 0.9 0 1 1
3 0.1 4 0.75 0.25 0.4 3 1.0 0.3333333333333333 0.5 3 1.0 0.3333333333333333 0.6 3 1.0 0.3333333333333333 0.7 3 1.0 0.3333333333333333 0.9 0 1 1
3 0.1 4 0.75 0.0 0.4 4 0.75 0.0 0.5 3 1.0 0.0 0.6 3 1.0 0.0 0.7 3 1.0 0.0 0.9 0 1 1
3 0.1 4 0.75 0.0 0.4 4 0.75 0.0 0.5 3 1.0 0.0 0.6 3 1.0 0.0 0.7 3 1.0 0.0 0.9 0 1 1
3 0.1 5 0.6 0.0 0.4 2 1.0 0.0 0.5 2 1.0 0.0 0.6 2 1.0 0.0 0.7 2 1.0 0.0 0.9 0 1 1
3 0.1 5 0.6 0.0 0.4 3 1.0 0.0 0.5 3 1.0 0.0 0.6 2 1.0 0.0 0.7 2 1.0 0.0 0.9 0 1 1
3 0.1 3 1.0 0.0 0.4 2 1.0 0.0 0.5 1 1.0 0.0 0.6 1 1.0 0.0 0.7 1 1.0 0.0 0.9 0 1 1
3 0.1 4 0.75 0.0 0.4 3 1.0 0.0 0.5 3 1.0 0.0 0.6 2 1.0 0.0 0.7 2 1.0 0.0 0.9 0 1 1
3 0.1 4 0.75 0.25 0.4 3 1.0 0.3333333333333333 0.5 3 1.0 0.3333333333333333 0.6 3 1.0 0.3333333333333333 0.7 2 1.0 0.0 0.9 0 1 1
3 0.1 5 0.6 0.2 0.4 3 1.0 0.3333333333333333 0.5 3 1.0 0.3333333333333333 0.6 3 1.0 0.3333333333333333 0.7 2 1.0 0.0 0.9 1 1.0 0.0
3 0.1 5 0.6 0.0 0.4 3 1.0 0.0 0.5 3 1.0 0.0 0.6 3 1.0 0.0 0.7 2 1.0 0.0 0.9 1 1.0 0.0
3 0.1 3 1.0 0.0 0.4 3 1.0 0.0 0.5 3 1.0 0.0 0.6 2 1.0 0.0 0.7 2 1.0 0.0 0.9 0 1 1
3 0.1 4 0.75 0.0 0.4 4 0.75 0.0 0.5 4 0.75 0.0 0.6 3 1.0 0.0 0.7 3 1.0 0.0 0.9 0 1 1
3 0.1 5 0.6 0.0 0.4 4 0.75 0.0 0.5 4 0.75 0.0 0.6 3 1.0 0.0 0.7 2 1.0 0.0 0.9 1 1.0 0.0
3 0.1 5 0.6 0.0 0.4 4 0.75 0.0 0.5 4 0.75 0.0 0.6 3 1.0 0.0 0.7 3 1.0 0.0 0.9 0 1 1
3 0.1 5 0.6 0.0 0.4 4 0.75 0.0 0.5 4 0.75 0.0 0.6 3 1.0 0.0 0.7 3 1.0 0.0 0.9 0 1 1
3 0.1 6 0.5 0.0 0.4 4 0.75 0.0 0.5 3 1.0 0.0 0.6 3 1.0 0.0 0.7 3 1.0 0.0 0.9 0 1 1
3 0.1 4 0.75 0.5 0.4 3 1.0 0.6666666666666666 0.5 3 1.0 0.6666666666666666 0.6 3 1.0 0.6666666666666666 0.7 3 1.0 0.6666666666666666 0.9 0 1 1
3 0.1 5 0.6 0.2 0.4 4 0.75 0.25 0.5 3 1.0 0.3333333333333333 0.6 3 1.0 0.3333333333333333 0.7 3 1.0 0.3333333333333333 0.9 0 1 1
3 0.1 5 0.6 0.0 0.4 4 0.75 0.0 0.5 3 1.0 0.0 0.6 3 1.0 0.0 0.7 2 1.0 0.0 0.9 0 1 1
3 0.1 5 0.6 0.0 0.4 4 0.75 0.0 0.5 3 1.0 0.0 0.6 3 1.0 0.0 0.7 2 1.0 0.0 0.9 0 1 1
3 0.1 5 0.6 0.0 0.4 4 0.75 0.0 0.5 2 1.0 0.0 0.6 2 1.0 0.0 0.7 2 1.0 0.0 0.9 0 1 1
3 0.1 5 0.6 0.0 0.4 3 1.0 0.0 0.5 3 1.0 0.0 0.6 2 1.0 0.0 0.7 2 1.0 0.0 0.9 0 1 1
3 0.1 5 0.6 0.0 0.4 4 0.75 0.0 0.5 4 0.75 0.0 0.6 4 0.75 0.0 0.7 4 0.75 0.0 0.9 1 1.0 0.0
3 0.1 4 0.75 0.0 0.4 3 1.0 0.0 0.5 3 1.0 0.0 0.6 2 1.0 0.0 0.7 2 1.0 0.0 0.9 0 1 1
3 0.1 4 0.75 0.0 0.4 3 1.0 0.0 0.5 3 1.0 0.0 0.6 2 1.0 0.0 0.7 2 1.0 0.0 0.9 0 1 1
3 0.1 3 1.0 0.0 0.4 3 1.0 0.0 0.5 3 1.0 0.0 0.6 3 1.0 0.0 0.7 2 1.0 0.0 0.9 0 1 1
3 0.1 4 0.75 0.0 0.4 3 1.0 0.0 0.5 3 1.0 0.0 0.6 2 1.0 0.0 0.7 2 1.0 0.0 0.9 1 1.0 0.0
3 0.1 4 0.75 0.0 0.4 2 1.0 0.0 0.5 2 1.0 0.0 0.6 2 1.0 0.0 0.7 2 1.0 0.0 0.9 0 1 1
3 0.1 6 0.5 0.0 0.4 3 1.0 0.0 0.5 2 1.0 0.0 0.6 2 1.0 0.0 0.7 2 1.0 0.0 0.9 0 1 1
3 0.1 6 0.5 0.0 0.4 2 1.0 0.0 0.5 2 1.0 0.0 0.6 2 1.0 0.0 0.7 2 1.0 0.0 0.9 0 1 1
3 0.1 4 0.75 0.0 0.4 3 1.0 0.0 0.5 2 1.0 0.0 0.6 2 1.0 0.0 0.7 2 1.0 0.0 0.9 0 1 1
3 0.1 5 0.6 0.0 0.4 2 1.0 0.0 0.5 2 1.0 0.0 0.6 2 1.0 0.0 0.7 2 1.0 0.0 0.9 0 1 1
3 0.1 4 0.75 0.0 0.4 3 1.0 0.0 0.5 2 1.0 0.0 0.6 2 1.0 0.0 0.7 2 1.0 0.0 0.9 0 1 1
3 0.1 5 0.6 0.0 0.4 2 1.0 0.0 0.5 2 1.0 0.0 0.6 2 1.0 0.0 0.7 2 1.0 0.0 0.9 0 1 1
3 0.1 4 0.75 0.0 0.4 2 1.0 0.0 0.5 2 1.0 0.0 0.6 2 1.0 0.0 0.7 2 1.0 0.0 0.9 0 1 1
3 0.1 5 0.6 0.0 0.4 3 1.0 0.0 0.5 3 1.0 0.0 0.6 3 1.0 0.0 0.7 3 1.0 0.0 0.9 0 1 1
3 0.1 6 0.5 0.0 0.4 3 1.0 0.0 0.5 3 1.0 0.0 0.6 2 1.0 0.0 0.7 2 1.0 0.0 0.9 1 1.0 0.0
3 0.1 3 1.0 0.0 0.4 3 1.0 0.0 0.5 3 1.0 0.0 0.6 2 1.0 0.0 0.7 2 1.0 0.0 0.9 0 1 1
3 0.1 3 1.0 0.0 0.4 3 1.0 0.0 0.5 3 1.0 0.0 0.6 3 1.0 0.0 0.7 2 1.0 0.0 0.9 0 1 1
3 0.1 4 0.75 0.0 0.4 2 1.0 0.0 0.5 2 1.0 0.0 0.6 2 1.0 0.0 0.7 2 1.0 0.0 0.9 0 1 1
3 0.1 3 1.0 0.0 0.4 2 1.0 0.0 0.5 2 1.0 0.0 0.6 2 1.0 0.0 0.7 2 1.0 0.0 0.9 0 1 1
3 0.1 5 0.6 0.0 0.4 4 0.75 0.0 0.5 3 1.0 0.0 0.6 2 1.0 0.0 0.7 2 1.0 0.0 0.9 0 1 1
3 0.1 7 0.42857142857142855 0.0 0.4 4 0.75 0.0 0.5 4 0.75 0.0 0.6 4 0.75 0.0 0.7 3 0.6666666666666666 0.0 0.9 1 1.0 0.0
3 0.1 5 0.6 0.2 0.4 2 1.0 0.0 0.5 2 1.0 0.0 0.6 2 1.0 0.0 0.7 2 1.0 0.0 0.9 0 1 1
3 0.1 4 0.75 0.0 0.4 2 1.0 0.0 0.5 2 1.0 0.0 0.6 2 1.0 0.0 0.7 2 1.0 0.0 0.9 0 1 1
3 0.1 4 0.75 0.25 0.4 3 1.0 0.3333333333333333 0.5 3 1.0 0.3333333333333333 0.6 3 1.0 0.3333333333333333 0.7 2 1.0 0.0 0.9 0 1 1
3 0.1 3 1.0 0.0 0.4 3 1.0 0.0 0.5 3 1.0 0.0 0.6 3 1.0 0.0 0.7 2 1.0 0.0 0.9 0 1 1
3 0.1 3 1.0 0.0 0.4 3 1.0 0.0 0.5 3 1.0 0.0 0.6 3 1.0 0.0 0.7 3 1.0 0.0 0.9 0 1 1
3 0.1 5 0.6 0.0 0.4 5 0.6 0.0 0.5 5 0.6 0.0 0.6 4 0.75 0.0 0.7 4 0.75 0.0 0.9 0 1 1
3 0.1 5 0.6 0.0 0.4 4 0.75 0.0 0.5 4 0.75 0.0 0.6 3 1.0 0.0 0.7 3 1.0 0.0 0.9 1 1.0 0.0
3 0.1 5 0.6 0.0 0.4 2 1.0 0.0 0.5 2 1.0 0.0 0.6 2 1.0 0.0 0.7 2 1.0 0.0 0.9 0 1 1
3 0.1 3 0.6666666666666666 0.0 0.4 3 0.6666666666666666 0.0 0.5 3 0.6666666666666666 0.0 0.6 1 1.0 0.0 0.7 1 1.0 0.0 0.9 0 1 1
3 0.1 5 0.6 0.0 0.4 4 0.75 0.0 0.5 3 1.0 0.0 0.6 3 1.0 0.0 0.7 2 1.0 0.0 0.9 0 1 1
3 0.1 3 1.0 0.0 0.4 2 1.0 0.0 0.5 2 1.0 0.0 0.6 1 1.0 0.0 0.7 1 1.0 0.0 0.9 0 1 1
3 0.1 4 0.75 0.0 0.4 2 1.0 0.0 0.5 2 1.0 0.0 0.6 2 1.0 0.0 0.7 2 1.0 0.0 0.9 0 1 1
3 0.1 5 0.6 0.0 0.4 3 1.0 0.0 0.5 3 1.0 0.0 0.6 3 1.0 0.0 0.7 2 1.0 0.0 0.9 0 1 1
3 0.1 3 1.0 0.0 0.4 3 1.0 0.0 0.5 3 1.0 0.0 0.6 3 1.0 0.0 0.7 2 1.0 0.0 0.9 0 1 1
3 0.1 6 0.5 0.0 0.4 3 1.0 0.0 0.5 3 1.0 0.0 0.6 3 1.0 0.0 0.7 3 1.0 0.0 0.9 1 1.0 0.0
3 0.1 3 1.0 0.0 0.4 3 1.0 0.0 0.5 3 1.0 0.0 0.6 3 1.0 0.0 0.7 3 1.0 0.0 0.9 0 1 1
3 0.1 5 0.6 0.0 0.4 3 1.0 0.0 0.5 3 1.0 0.0 0.6 3 1.0 0.0 0.7 2 1.0 0.0 0.9 1 1.0 0.0
3 0.1 6 0.5 0.0 0.4 4 0.75 0.0 0.5 4 0.75 0.0 0.6 4 0.75 0.0 0.7 3 1.0 0.0 0.9 1 1.0 0.0
3 0.1 5 0.6 0.0 0.4 4 0.75 0.0 0.5 4 0.75 0.0 0.6 3 1.0 0.0 0.7 3 1.0 0.0 0.9 0 1 1
3 0.1 3 0.6666666666666666 0.0 0.4 2 1.0 0.0 0.5 2 1.0 0.0 0.6 2 1.0 0.0 0.7 2 1.0 0.0 0.9 0 1 1
3 0.1 2 1.0 0.0 0.4 2 1.0 0.0 0.5 2 1.0 0.0 0.6 2 1.0 0.0 0.7 2 1.0 0.0 0.9 0 1 1
3 0.1 6 0.5 0.0 0.4 3 0.6666666666666666 0.0 0.5 3 0.6666666666666666 0.0 0.6 2 1.0 0.0 0.7 2 1.0 0.0 0.9 0 1 1
3 0.1 3 1.0 0.0 0.4 3 1.0 0.0 0.5 2 1.0 0.0 0.6 2 1.0 0.0 0.7 2 1.0 0.0 0.9 0 1 1
3 0.1 4 0.75 0.0 0.4 2 1.0 0.0 0.5 2 1.0 0.0 0.6 2 1.0 0.0 0.7 2 1.0 0.0 0.9 0 1 1
3 0.1 5 0.6 0.0 0.4 3 1.0 0.0 0.5 3 1.0 0.0 0.6 3 1.0 0.0 0.7 2 1.0 0.0 0.9 0 1 1
3 0.1 6 0.5 0.0 0.4 3 1.0 0.0 0.5 3 1.0 0.0 0.6 2 1.0 0.0 0.7 2 1.0 0.0 0.9 0 1 1
3 0.1 7 0.42857142857142855 0.0 0.4 4 0.75 0.0 0.5 3 1.0 0.0 0.6 3 1.0 0.0 0.7 3 1.0 0.0 0.9 1 1.0 0.0
3 0.1 4 0.75 0.0 0.4 2 1.0 0.0 0.5 2 1.0 0.0 0.6 2 1.0 0.0 0.7 2 1.0 0.0 0.9 0 1 1
3 0.1 4 0.75 0.0 0.4 3 0.6666666666666666 0.0 0.5 2 1.0 0.0 0.6 2 1.0 0.0 0.7 2 1.0 0.0 0.9 0 1 1
3 0.1 5 0.6 0.0 0.4 3 1.0 0.0 0.5 2 1.0 0.0 0.6 2 1.0 0.0 0.7 2 1.0 0.0 0.9 0 1 1
3 0.1 6 0.5 0.0 0.4 2 1.0 0.0 0.5 2 1.0 0.0 0.6 2 1.0 0.0 0.7 2 1.0 0.0 0.9 0 1 1
3 0.1 3 1.0 0.0 0.4 3 1.0 0.0 0.5 2 1.0 0.0 0.6 2 1.0 0.0 0.7 2 1.0 0.0 0.9 0 1 1
3 0.1 5 0.6 0.0 0.4 4 0.75 0.0 0.5 4 0.75 0.0 0.6 4 0.75 0.0 0.7 4 0.75 0.0 0.9 0 1 1
3 0.1 3 1.0 0.0 0.4 3 1.0 0.0 0.5 3 1.0 0.0 0.6 3 1.0 0.0 0.7 3 1.0 0.0 0.9 0 1 1
3 0.1 5 0.6 0.0 0.4 3 1.0 0.0 0.5 3 1.0 0.0 0.6 3 1.0 0.0 0.7 3 1.0 0.0 0.9 0 1 1
3 0.1 3 1.0 0.0 0.4 3 1.0 0.0 0.5 3 1.0 0.0 0.6 2 1.0 0.0 0.7 2 1.0 0.0 0.9 0 1 1
3 0.1 4 0.75 0.0 0.4 3 1.0 0.0 0.5 2 1.0 0.0 0.6 2 1.0 0.0 0.7 2 1.0 0.0 0.9 0 1 1
3 0.1 3 1.0 0.0 0.4 3 1.0 0.0 0.5 3 1.0 0.0 0.6 3 1.0 0.0 0.7 3 1.0 0.0 0.9 0 1 1
3 0.1 5 0.6 0.0 0.4 3 1.0 0.0 0.5 3 1.0 0.0 0.6 3 1.0 0.0 0.7 2 1.0 0.0 0.9 0 1 1
3 0.1 3 1.0 0.0 0.4 3 1.0 0.0 0.5 3 1.0 0.0 0.6 3 1.0 0.0 0.7 2 1.0 0.0 0.9 0 1 1
3 0.1 3 1.0 0.0 0.4 3 1.0 0.0 0.5 3 1.0 0.0 0.6 3 1.0 0.0 0.7 2 1.0 0.0 0.9 0 1 1
3 0.1 4 0.75 0.0 0.4 3 1.0 0.0 0.5 3 1.0 0.0 0.6 3 1.0 0.0 0.7 3 1.0 0.0 0.9 0 1 1
3 0.1 3 1.0 0.0 0.4 3 1.0 0.0 0.5 3 1.0 0.0 0.6 3 1.0 0.0 0.7 3 1.0 0.0 0.9 0 1 1
3 0.1 4 0.75 0.0 0.4 3 1.0 0.0 0.5 3 1.0 0.0 0.6 3 1.0 0.0 0.7 3 1.0 0.0 0.9 0 1 1
3 0.1 4 0.75 0.0 0.4 3 1.0 0.0 0.5 3 1.0 0.0 0.6 3 1.0 0.0 0.7 3 1.0 0.0 0.9 0 1 1
3 0.1 5 0.6 0.0 0.4 3 1.0 0.0 0.5 3 1.0 0.0 0.6 3 1.0 0.0 0.7 3 1.0 0.0 0.9 0 1 1
3 0.1 5 0.6 0.0 0.4 3 1.0 0.0 0.5 3 1.0 0.0 0.6 3 1.0 0.0 0.7 3 1.0 0.0 0.9 0 1 1
3 0.1 4 0.75 0.0 0.4 3 1.0 0.0 0.5 3 1.0 0.0 0.6 3 1.0 0.0 0.7 3 1.0 0.0 0.9 1 1.0 0.0
3 0.1 4 0.75 0.0 0.4 3 1.0 0.0 0.5 3 1.0 0.0 0.6 3 1.0 0.0 0.7 2 1.0 0.0 0.9 0 1 1
3 0.1 3 1.0 0.0 0.4 3 1.0 0.0 0.5 3 1.0 0.0 0.6 3 1.0 0.0 0.7 3 1.0 0.0 0.9 0 1 1
3 0.1 3 1.0 0.0 0.4 3 1.0 0.0 0.5 3 1.0 0.0 0.6 3 1.0 0.0 0.7 3 1.0 0.0 0.9 1 1.0 0.0
3 0.1 4 0.75 0.0 0.4 3 1.0 0.0 0.5 3 1.0 0.0 0.6 3 1.0 0.0 0.7 3 1.0 0.0 0.9 0 1 1
3 0.1 4 0.75 0.0 0.4 3 1.0 0.0 0.5 3 1.0 0.0 0.6 3 1.0 0.0 0.7 3 1.0 0.0 0.9 0 1 1
3 0.1 4 0.75 0.0 0.4 4 0.75 0.0 0.5 3 1.0 0.0 0.6 3 1.0 0.0 0.7 3 1.0 0.0 0.9 0 1 1
3 0.1 5 0.6 0.0 0.4 4 0.75 0.0 0.5 3 0.6666666666666666 0.0 0.6 3 0.6666666666666666 0.0 0.7 2 1.0 0.0 0.9 1 1.0 0.0
3 0.1 6 0.5 0.0 0.4 4 0.75 0.0 0.5 4 0.75 0.0 0.6 4 0.75 0.0 0.7 4 0.75 0.0 0.9 1 1.0 0.0
3 0.1 3 1.0 0.3333333333333333 0.4 3 1.0 0.3333333333333333 0.5 3 1.0 0.3333333333333333 0.6 2 1.0 0.5 0.7 2 1.0 0.5 0.9 1 1.0 0.0
3 0.1 4 0.75 0.0 0.4 3 1.0 0.0 0.5 3 1.0 0.0 0.6 3 1.0 0.0 0.7 3 1.0 0.0 0.9 1 1.0 0.0
3 0.1 3 1.0 0.0 0.4 3 1.0 0.0 0.5 3 1.0 0.0 0.6 3 1.0 0.0 0.7 3 1.0 0.0 0.9 1 1.0 0.0
3 0.1 3 1.0 0.0 0.4 3 1.0 0.0 0.5 3 1.0 0.0 0.6 3 1.0 0.0 0.7 3 1.0 0.0 0.9 1 1.0 0.0
3 0.1 4 0.75 0.0 0.4 4 0.75 0.0 0.5 4 0.75 0.0 0.6 3 1.0 0.0 0.7 3 1.0 0.0 0.9 1 1.0 0.0
3 0.1 5 0.6 0.0 0.4 4 0.75 0.0 0.5 4 0.75 0.0 0.6 4 0.75 0.0 0.7 4 0.75 0.0 0.9 1 1.0 0.0
3 0.1 4 0.75 0.0 0.4 4 0.75 0.0 0.5 4 0.75 0.0 0.6 4 0.75 0.0 0.7 3 0.6666666666666666 0.0 0.9 1 1.0 0.0
3 0.1 3 1.0 0.0 0.4 3 1.0 0.0 0.5 3 1.0 0.0 0.6 2 1.0 0.0 0.7 2 1.0 0.0 0.9 0 1 1
3 0.1 4 0.75 0.0 0.4 4 0.75 0.0 0.5 4 0.75 0.0 0.6 2 1.0 0.0 0.7 2 1.0 0.0 0.9 1 1.0 0.0
3 0.1 4 0.75 0.0 0.4 4 0.75 0.0 0.5 4 0.75 0.0 0.6 4 0.75 0.0 0.7 4 0.75 0.0 0.9 1 1.0 0.0
3 0.1 4 0.75 0.0 0.4 3 0.6666666666666666 0.0 0.5 3 0.6666666666666666 0.0 0.6 3 0.6666666666666666 0.0 0.7 3 0.6666666666666666 0.0 0.9 1 1.0 0.0
3 0.1 4 0.75 0.0 0.4 4 0.75 0.0 0.5 4 0.75 0.0 0.6 4 0.75 0.0 0.7 3 1.0 0.0 0.9 1 1.0 0.0
3 0.1 4 0.75 0.0 0.4 4 0.75 0.0 0.5 4 0.75 0.0 0.6 3 1.0 0.0 0.7 3 1.0 0.0 0.9 0 1 1
3 0.1 3 1.0 0.0 0.4 3 1.0 0.0 0.5 3 1.0 0.0 0.6 3 1.0 0.0 0.7 3 1.0 0.0 0.9 0 1 1
3 0.1 4 0.75 0.0 0.4 4 0.75 0.0 0.5 4 0.75 0.0 0.6 4 0.75 0.0 0.7 4 0.75 0.0 0.9 1 1.0 0.0
3 0.1 4 0.75 0.0 0.4 4 0.75 0.0 0.5 4 0.75 0.0 0.6 3 0.6666666666666666 0.0 0.7 2 1.0 0.0 0.9 0 1 1
3 0.1 5 0.6 0.0 0.4 5 0.6 0.0 0.5 4 0.75 0.0 0.6 2 1.0 0.0 0.7 2 1.0 0.0 0.9 0 1 1
3 0.1 5 0.6 0.0 0.4 4 0.75 0.0 0.5 4 0.75 0.0 0.6 3 1.0 0.0 0.7 2 1.0 0.0 0.9 0 1 1
3 0.1 4 0.75 0.25 0.4 3 1.0 0.3333333333333333 0.5 3 1.0 0.3333333333333333 0.6 3 1.0 0.3333333333333333 0.7 2 1.0 0.0 0.9 0 1 1
3 0.1 5 0.6 0.0 0.4 4 0.75 0.0 0.5 4 0.75 0.0 0.6 4 0.75 0.0 0.7 4 0.75 0.0 0.9 0 1 1
3 0.1 6 0.5 0.0 0.4 4 0.75 0.0 0.5 4 0.75 0.0 0.6 4 0.75 0.0 0.7 3 1.0 0.0 0.9 0 1 1
3 0.1 5 0.6 0.0 0.4 5 0.6 0.0 0.5 5 0.6 0.0 0.6 4 0.75 0.0 0.7 3 1.0 0.0 0.9 1 1.0 0.0
3 0.1 4 0.75 0.0 0.4 4 0.75 0.0 0.5 4 0.75 0.0 0.6 3 1.0 0.0 0.7 3 1.0 0.0 0.9 1 1.0 0.0
3 0.1 4 0.75 0.0 0.4 3 1.0 0.0 0.5 3 1.0 0.0 0.6 3 1.0 0.0 0.7 3 1.0 0.0 0.9 0 1 1
3 0.1 6 0.5 0.0 0.4 4 0.75 0.0 0.5 3 1.0 0.0 0.6 3 1.0 0.0 0.7 3 1.0 0.0 0.9 0 1 1
3 0.1 3 1.0 0.0 0.4 3 1.0 0.0 0.5 3 1.0 0.0 0.6 3 1.0 0.0 0.7 3 1.0 0.0 0.9 1 1.0 0.0
3 0.1 4 0.75 0.0 0.4 4 0.75 0.0 0.5 4 0.75 0.0 0.6 3 1.0 0.0 0.7 3 1.0 0.0 0.9 0 1 1
3 0.1 4 0.75 0.0 0.4 4 0.75 0.0 0.5 4 0.75 0.0 0.6 4 0.75 0.0 0.7 4 0.75 0.0 0.9 0 1 1
3 0.1 5 0.6 0.0 0.4 4 0.75 0.0 0.5 4 0.75 0.0 0.6 4 0.75 0.0 0.7 4 0.75 0.0 0.9 0 1 1
3 0.1 4 0.75 0.0 0.4 4 0.75 0.0 0.5 4 0.75 0.0 0.6 4 0.75 0.0 0.7 4 0.75 0.0 0.9 2 1.0 0.0
3 0.1 4 0.75 0.0 0.4 4 0.75 0.0 0.5 4 0.75 0.0 0.6 4 0.75 0.0 0.7 3 1.0 0.0 0.9 0 1 1
3 0.1 4 0.75 0.0 0.4 3 1.0 0.0 0.5 3 1.0 0.0 0.6 3 1.0 0.0 0.7 3 1.0 0.0 0.9 0 1 1
3 0.1 5 0.6 0.0 0.4 4 0.75 0.0 0.5 4 0.75 0.0 0.6 4 0.75 0.0 0.7 3 0.6666666666666666 0.0 0.9 0 1 1
3 0.1 4 0.75 0.0 0.4 3 1.0 0.0 0.5 3 1.0 0.0 0.6 3 1.0 0.0 0.7 3 1.0 0.0 0.9 0 1 1
3 0.1 5 0.6 0.0 0.4 3 1.0 0.0 0.5 3 1.0 0.0 0.6 2 1.0 0.0 0.7 2 1.0 0.0 0.9 1 1.0 0.0
3 0.1 4 0.75 0.0 0.4 3 1.0 0.0 0.5 3 1.0 0.0 0.6 3 1.0 0.0 0.7 3 1.0 0.0 0.9 1 1.0 0.0
3 0.1 4 0.75 0.0 0.4 4 0.75 0.0 0.5 4 0.75 0.0 0.6 4 0.75 0.0 0.7 4 0.75 0.0 0.9 1 1.0 0.0
3 0.1 5 0.6 0.0 0.4 4 0.75 0.0 0.5 4 0.75 0.0 0.6 4 0.75 0.0 0.7 4 0.75 0.0 0.9 1 1.0 0.0
3 0.1 5 0.6 0.0 0.4 4 0.75 0.0 0.5 4 0.75 0.0 0.6 3 1.0 0.0 0.7 3 1.0 0.0 0.9 1 1.0 0.0
3 0.1 5 0.6 0.0 0.4 4 0.75 0.0 0.5 4 0.75 0.0 0.6 4 0.75 0.0 0.7 3 1.0 0.0 0.9 0 1 1
3 0.1 5 0.6 0.0 0.4 4 0.75 0.0 0.5 4 0.75 0.0 0.6 4 0.75 0.0 0.7 3 0.6666666666666666 0.0 0.9 1 1.0 0.0
3 0.1 5 0.6 0.0 0.4 4 0.75 0.0 0.5 4 0.75 0.0 0.6 4 0.75 0.0 0.7 3 0.6666666666666666 0.0 0.9 1 1.0 0.0
3 0.1 3 1.0 0.0 0.4 3 1.0 0.0 0.5 3 1.0 0.0 0.6 3 1.0 0.0 0.7 2 1.0 0.0 0.9 0 1 1
3 0.1 3 1.0 0.0 0.4 3 1.0 0.0 0.5 3 1.0 0.0 0.6 3 1.0 0.0 0.7 3 1.0 0.0 0.9 1 1.0 0.0
3 0.1 5 0.6 0.0 0.4 4 0.75 0.0 0.5 4 0.75 0.0 0.6 3 1.0 0.0 0.7 3 1.0 0.0 0.9 0 1 1
3 0.1 6 0.5 0.0 0.4 5 0.6 0.0 0.5 5 0.6 0.0 0.6 4 0.75 0.0 0.7 4 0.75 0.0 0.9 0 1 1
3 0.1 3 1.0 0.0 0.4 3 1.0 0.0 0.5 3 1.0 0.0 0.6 3 1.0 0.0 0.7 3 1.0 0.0 0.9 0 1 1
3 0.1 5 0.6 0.0 0.4 4 0.75 0.0 0.5 4 0.75 0.0 0.6 4 0.75 0.0 0.7 4 0.75 0.0 0.9 0 1 1
3 0.1 5 0.6 0.0 0.4 4 0.75 0.0 0.5 4 0.75 0.0 0.6 4 0.75 0.0 0.7 4 0.75 0.0 0.9 0 1 1
3 0.1 5 0.6 0.0 0.4 4 0.75 0.0 0.5 4 0.75 0.0 0.6 4 0.75 0.0 0.7 3 0.6666666666666666 0.0 0.9 0 1 1
3 0.1 4 0.75 0.0 0.4 4 0.75 0.0 0.5 4 0.75 0.0 0.6 4 0.75 0.0 0.7 4 0.75 0.0 0.9 1 1.0 0.0
3 0.1 5 0.6 0.0 0.4 4 0.75 0.0 0.5 4 0.75 0.0 0.6 3 0.6666666666666666 0.0 0.7 3 0.6666666666666666 0.0 0.9 0 1 1
3 0.1 4 0.75 0.0 0.4 4 0.75 0.0 0.5 4 0.75 0.0 0.6 4 0.75 0.0 0.7 3 0.6666666666666666 0.0 0.9 0 1 1
3 0.1 5 0.6 0.0 0.4 2 1.0 0.0 0.5 2 1.0 0.0 0.6 2 1.0 0.0 0.7 2 1.0 0.0 0.9 0 1 1
3 0.1 5 0.6 0.0 0.4 4 0.75 0.0 0.5 4 0.75 0.0 0.6 4 0.75 0.0 0.7 3 0.6666666666666666 0.0 0.9 0 1 1
3 0.1 4 0.75 0.0 0.4 4 0.75 0.0 0.5 3 0.6666666666666666 0.0 0.6 3 0.6666666666666666 0.0 0.7 3 0.6666666666666666 0.0 0.9 1 1.0 0.0
3 0.1 5 0.6 0.0 0.4 4 0.75 0.0 0.5 4 0.75 0.0 0.6 4 0.75 0.0 0.7 4 0.75 0.0 0.9 1 1.0 0.0
3 0.1 4 0.75 0.0 0.4 4 0.75 0.0 0.5 4 0.75 0.0 0.6 4 0.75 0.0 0.7 3 0.6666666666666666 0.0 0.9 1 1.0 0.0
3 0.1 5 0.6 0.0 0.4 4 0.75 0.0 0.5 4 0.75 0.0 0.6 4 0.75 0.0 0.7 4 0.75 0.0 0.9 1 1.0 0.0
3 0.1 5 0.6 0.0 0.4 4 0.75 0.0 0.5 4 0.75 0.0 0.6 4 0.75 0.0 0.7 4 0.75 0.0 0.9 0 1 1
3 0.1 4 0.75 0.0 0.4 4 0.75 0.0 0.5 4 0.75 0.0 0.6 4 0.75 0.0 0.7 2 1.0 0.0 0.9 0 1 1
3 0.1 5 0.6 0.0 0.4 5 0.6 0.0 0.5 5 0.6 0.0 0.6 4 0.75 0.0 0.7 4 0.75 0.0 0.9 0 1 1
3 0.1 6 0.5 0.0 0.4 4 0.75 0.0 0.5 3 1.0 0.0 0.6 3 1.0 0.0 0.7 3 1.0 0.0 0.9 0 1 1
3 0.1 5 0.6 0.0 0.4 5 0.6 0.0 0.5 5 0.6 0.0 0.6 5 0.6 0.0 0.7 5 0.6 0.0 0.9 1 1.0 0.0
3 0.1 5 0.6 0.0 0.4 5 0.6 0.0 0.5 5 0.6 0.0 0.6 5 0.6 0.0 0.7 5 0.6 0.0 0.9 1 1.0 0.0
3 0.1 5 0.6 0.0 0.4 5 0.6 0.0 0.5 4 0.75 0.0 0.6 3 1.0 0.0 0.7 3 1.0 0.0 0.9 1 1.0 0.0
3 0.1 4 0.75 0.0 0.4 4 0.75 0.0 0.5 4 0.75 0.0 0.6 4 0.75 0.0 0.7 4 0.75 0.0 0.9 1 1.0 0.0
3 0.1 5 0.6 0.0 0.4 3 1.0 0.0 0.5 3 1.0 0.0 0.6 3 1.0 0.0 0.7 3 1.0 0.0 0.9 1 1.0 0.0
3 0.1 5 0.6 0.0 0.4 4 0.75 0.0 0.5 4 0.75 0.0 0.6 3 1.0 0.0 0.7 3 1.0 0.0 0.9 1 1.0 0.0
3 0.1 4 0.75 0.0 0.4 4 0.75 0.0 0.5 4 0.75 0.0 0.6 3 1.0 0.0 0.7 3 1.0 0.0 0.9 1 1.0 0.0
3 0.1 4 0.75 0.0 0.4 3 1.0 0.0 0.5 3 1.0 0.0 0.6 3 1.0 0.0 0.7 3 1.0 0.0 0.9 1 1.0 0.0
3 0.1 4 0.75 0.0 0.4 3 1.0 0.0 0.5 3 1.0 0.0 0.6 3 1.0 0.0 0.7 3 1.0 0.0 0.9 1 1.0 0.0
3 0.1 5 0.6 0.0 0.4 4 0.75 0.0 0.5 4 0.75 0.0 0.6 4 0.75 0.0 0.7 4 0.75 0.0 0.9 0 1 1
3 0.1 4 0.75 0.0 0.4 4 0.75 0.0 0.5 3 1.0 0.0 0.6 3 1.0 0.0 0.7 3 1.0 0.0 0.9 0 1 1
3 0.1 5 0.6 0.0 0.4 4 0.75 0.0 0.5 4 0.75 0.0 0.6 3 1.0 0.0 0.7 3 1.0 0.0 0.9 0 1 1
3 0.1 6 0.5 0.0 0.4 5 0.6 0.0 0.5 4 0.75 0.0 0.6 4 0.75 0.0 0.7 3 0.6666666666666666 0.0 0.9 0 1 1
3 0.1 4 0.75 0.0 0.4 4 0.75 0.0 0.5 4 0.75 0.0 0.6 4 0.75 0.0 0.7 3 1.0 0.0 0.9 1 1.0 0.0
3 0.1 4 0.75 0.0 0.4 3 1.0 0.0 0.5 3 1.0 0.0 0.6 3 1.0 0.0 0.7 3 1.0 0.0 0.9 0 1 1
3 0.1 5 0.6 0.0 0.4 4 0.75 0.0 0.5 4 0.75 0.0 0.6 4 0.75 0.0 0.7 4 0.75 0.0 0.9 0 1 1
3 0.1 4 0.75 0.0 0.4 4 0.75 0.0 0.5 4 0.75 0.0 0.6 4 0.75 0.0 0.7 4 0.75 0.0 0.9 0 1 1
3 0.1 4 0.75 0.0 0.4 4 0.75 0.0 0.5 4 0.75 0.0 0.6 4 0.75 0.0 0.7 4 0.75 0.0 0.9 0 1 1
3 0.1 5 0.6 0.2 0.4 5 0.6 0.2 0.5 4 0.75 0.25 0.6 4 0.75 0.25 0.7 4 0.75 0.25 0.9 1 1.0 0.0
3 0.1 5 0.6 0.2 0.4 4 0.75 0.25 0.5 3 1.0 0.3333333333333333 0.6 3 1.0 0.3333333333333333 0.7 3 1.0 0.3333333333333333 0.9 0 1 1
3 0.1 4 0.75 0.0 0.4 4 0.75 0.0 0.5 3 1.0 0.0 0.6 3 1.0 0.0 0.7 3 1.0 0.0 0.9 1 1.0 0.0
