11 0.1 0 1 1 0.4 0 1 1 0.5 0 1 1 0.6 0 1 1 0.7 0 1 1 0.9 0 1 1
11 0.1 8 0.0 0.0 0.4 0 1 1 0.5 0 1 1 0.6 0 1 1 0.7 0 1 1 0.9 0 1 1
11 0.1 41 0.07317073170731707 0.0 0.4 3 0.6666666666666666 0.0 0.5 0 1 1 0.6 0 1 1 0.7 0 1 1 0.9 0 1 1
11 0.1 59 0.05084745762711865 0.0 0.4 9 0.1111111111111111 0.0 0.5 4 0.25 0.0 0.6 2 0.5 0.0 0.7 0 1 1 0.9 0 1 1
11 0.1 201 0.04975124378109453 0.0 0.4 60 0.15 0.0 0.5 34 0.23529411764705882 0.0 0.6 24 0.3333333333333333 0.0 0.7 2 0.5 0.0 0.9 0 1 1
11 0.1 75 0.12 0.0 0.4 10 0.1 0.0 0.5 1 1.0 0.0 0.6 0 1 1 0.7 0 1 1 0.9 0 1 1
11 0.1 76 0.11842105263157894 0.0 0.4 18 0.3333333333333333 0.0 0.5 4 0.75 0.0 0.6 1 1.0 0.0 0.7 0 1 1 0.9 0 1 1
11 0.1 65 0.16923076923076924 0.0 0.4 2 0.5 0.0 0.5 0 1 1 0.6 0 1 1 0.7 0 1 1 0.9 0 1 1
11 0.1 66 0.16666666666666666 0.0 0.4 12 0.4166666666666667 0.0 0.5 6 0.6666666666666666 0.0 0.6 1 1.0 0.0 0.7 0 1 1 0.9 0 1 1
11 0.1 47 0.19148936170212766 0.0 0.4 9 0.4444444444444444 0.0 0.5 3 1.0 0.0 0.6 2 1.0 0.0 0.7 0 1 1 0.9 0 1 1
11 0.1 54 0.2037037037037037 0.0 0.4 14 0.2857142857142857 0.0 0.5 5 0.6 0.0 0.6 0 1 1 0.7 0 1 1 0.9 0 1 1
11 0.1 27 0.3333333333333333 0.0 0.4 7 0.42857142857142855 0.0 0.5 2 0.5 0.0 0.6 0 1 1 0.7 0 1 1 0.9 0 1 1
11 0.1 8 0.375 0.0 0.4 1 1.0 0.0 0.5 1 1.0 0.0 0.6 1 1.0 0.0 0.7 1 1.0 0.0 0.9 0 1 1
11 0.1 5 0.4 0.0 0.4 2 1.0 0.0 0.5 1 1.0 0.0 0.6 0 1 1 0.7 0 1 1 0.9 0 1 1
11 0.1 43 0.2558139534883721 0.0 0.4 17 0.5294117647058824 0.0 0.5 15 0.5333333333333333 0.0 0.6 10 0.8 0.0 0.7 7 0.8571428571428571 0.0 0.9 0 1 1
11 0.1 34 0.2647058823529412 0.0 0.4 14 0.5 0.0 0.5 13 0.5384615384615384 0.0 0.6 9 0.6666666666666666 0.0 0.7 6 0.8333333333333334 0.0 0.9 0 1 1
11 0.1 29 0.3103448275862069 0.0 0.4 9 0.6666666666666666 0.0 0.5 7 0.5714285714285714 0.0 0.6 3 0.6666666666666666 0.0 0.7 1 1.0 0.0 0.9 0 1 1
11 0.1 31 0.25806451612903225 0.0 0.4 18 0.2777777777777778 0.0 0.5 9 0.5555555555555556 0.0 0.6 6 0.6666666666666666 0.0 0.7 2 0.5 0.0 0.9 0 1 1
11 0.1 6 0.3333333333333333 0.0 0.4 0 1 1 0.5 0 1 1 0.6 0 1 1 0.7 0 1 1 0.9 0 1 1
11 0.1 26 0.3076923076923077 0.0 0.4 7 0.7142857142857143 0.0 0.5 3 0.6666666666666666 0.0 0.6 2 1.0 0.0 0.7 1 1.0 0.0 0.9 0 1 1
11 0.1 21 0.3333333333333333 0.0 0.4 4 0.5 0.0 0.5 3 0.6666666666666666 0.0 0.6 0 1 1 0.7 0 1 1 0.9 0 1 1
11 0.1 11 0.36363636363636365 0.0 0.4 2 1.0 0.0 0.5 2 1.0 0.0 0.6 2 1.0 0.0 0.7 0 1 1 0.9 0 1 1
11 0.1 23 0.4782608695652174 0.0 0.4 13 0.6153846153846154 0.0 0.5 12 0.6666666666666666 0.0 0.6 9 0.6666666666666666 0.0 0.7 7 0.7142857142857143 0.0 0.9 0 1 1
11 0.1 3 0.3333333333333333 0.0 0.4 1 1.0 0.0 0.5 0 1 1 0.6 0 1 1 0.7 0 1 1 0.9 0 1 1
11 0.1 38 0.2631578947368421 0.0 0.4 18 0.3888888888888889 0.0 0.5 11 0.45454545454545453 0.0 0.6 8 0.5 0.0 0.7 6 0.5 0.0 0.9 0 1 1
11 0.1 17 0.35294117647058826 0.0 0.4 9 0.4444444444444444 0.0 0.5 7 0.42857142857142855 0.0 0.6 6 0.3333333333333333 0.0 0.7 5 0.4 0.0 0.9 0 1 1
11 0.1 14 0.5 0.0 0.4 6 0.8333333333333334 0.0 0.5 4 1.0 0.0 0.6 2 1.0 0.0 0.7 2 1.0 0.0 0.9 0 1 1
11 0.1 0 1 1 0.4 0 1 1 0.5 0 1 1 0.6 0 1 1 0.7 0 1 1 0.9 0 1 1
11 0.1 0 1 1 0.4 0 1 1 0.5 0 1 1 0.6 0 1 1 0.7 0 1 1 0.9 0 1 1
11 0.1 2 0.0 0.0 0.4 0 1 1 0.5 0 1 1 0.6 0 1 1 0.7 0 1 1 0.9 0 1 1
11 0.1 4 0.25 0.0 0.4 0 1 1 0.5 0 1 1 0.6 0 1 1 0.7 0 1 1 0.9 0 1 1
11 0.1 18 0.16666666666666666 0.0 0.4 3 0.3333333333333333 0.0 0.5 2 0.5 0.0 0.6 0 1 1 0.7 0 1 1 0.9 0 1 1
11 0.1 0 1 1 0.4 0 1 1 0.5 0 1 1 0.6 0 1 1 0.7 0 1 1 0.9 0 1 1
11 0.1 0 1 1 0.4 0 1 1 0.5 0 1 1 0.6 0 1 1 0.7 0 1 1 0.9 0 1 1
11 0.1 5 0.8 0.0 0.4 1 1.0 0.0 0.5 1 1.0 0.0 0.6 0 1 1 0.7 0 1 1 0.9 0 1 1
11 0.1 2 0.0 0.0 0.4 0 1 1 0.5 0 1 1 0.6 0 1 1 0.7 0 1 1 0.9 0 1 1
11 0.1 22 0.45454545454545453 0.0 0.4 12 0.5833333333333334 0.0 0.5 9 0.5555555555555556 0.0 0.6 3 0.6666666666666666 0.0 0.7 1 1.0 0.0 0.9 0 1 1
11 0.1 19 0.47368421052631576 0.0 0.4 9 0.5555555555555556 0.0 0.5 5 0.6 0.0 0.6 2 0.5 0.0 0.7 0 1 1 0.9 0 1 1
11 0.1 24 0.20833333333333334 0.0 0.4 2 0.0 0.0 0.5 0 1 1 0.6 0 1 1 0.7 0 1 1 0.9 0 1 1
11 0.1 13 0.15384615384615385 0.0 0.4 0 1 1 0.5 0 1 1 0.6 0 1 1 0.7 0 1 1 0.9 0 1 1
11 0.1 20 0.5 0.0 0.4 6 0.8333333333333334 0.0 0.5 6 0.8333333333333334 0.0 0.6 4 1.0 0.0 0.7 0 1 1 0.9 0 1 1
11 0.1 12 0.6666666666666666 0.0 0.4 3 0.6666666666666666 0.0 0.5 2 1.0 0.0 0.6 2 1.0 0.0 0.7 0 1 1 0.9 0 1 1
11 0.1 15 0.06666666666666667 0.0 0.4 1 0.0 0.0 0.5 1 0.0 0.0 0.6 0 1 1 0.7 0 1 1 0.9 0 1 1
11 0.1 16 0.4375 0.0 0.4 3 1.0 0.0 0.5 2 1.0 0.0 0.6 2 1.0 0.0 0.7 0 1 1 0.9 0 1 1
11 0.1 16 0.5625 0.0 0.4 3 1.0 0.0 0.5 3 1.0 0.0 0.6 2 1.0 0.0 0.7 2 1.0 0.0 0.9 0 1 1
11 0.1 17 0.6470588235294118 0.058823529411764705 0.4 10 0.7 0.1 0.5 8 0.75 0.125 0.6 7 0.7142857142857143 0.14285714285714285 0.7 3 1.0 0.0 0.9 0 1 1
11 0.1 34 0.23529411764705882 0.0 0.4 3 0.6666666666666666 0.0 0.5 1 1.0 0.0 0.6 0 1 1 0.7 0 1 1 0.9 0 1 1
11 0.1 0 1 1 0.4 0 1 1 0.5 0 1 1 0.6 0 1 1 0.7 0 1 1 0.9 0 1 1
11 0.1 12 0.5833333333333334 0.0 0.4 3 1.0 0.0 0.5 2 1.0 0.0 0.6 2 1.0 0.0 0.7 2 1.0 0.0 0.9 0 1 1
11 0.1 14 0.5714285714285714 0.0 0.4 7 0.8571428571428571 0.0 0.5 7 0.8571428571428571 0.0 0.6 5 0.8 0.0 0.7 4 0.75 0.0 0.9 0 1 1
11 0.1 9 0.7777777777777778 0.0 0.4 5 0.8 0.0 0.5 4 0.75 0.0 0.6 1 1.0 0.0 0.7 0 1 1 0.9 0 1 1
11 0.1 13 0.6153846153846154 0.0 0.4 8 0.875 0.0 0.5 6 0.8333333333333334 0.0 0.6 5 0.8 0.0 0.7 4 1.0 0.0 0.9 0 1 1
11 0.1 15 0.6 0.0 0.4 7 0.8571428571428571 0.0 0.5 6 0.8333333333333334 0.0 0.6 5 0.8 0.0 0.7 3 1.0 0.0 0.9 0 1 1
11 0.1 14 0.6428571428571429 0.0 0.4 6 0.8333333333333334 0.0 0.5 6 0.8333333333333334 0.0 0.6 5 1.0 0.0 0.7 2 1.0 0.0 0.9 0 1 1
11 0.1 14 0.6428571428571429 0.0 0.4 8 0.875 0.0 0.5 6 1.0 0.0 0.6 5 1.0 0.0 0.7 5 1.0 0.0 0.9 0 1 1
11 0.1 13 0.6923076923076923 0.0 0.4 6 1.0 0.0 0.5 5 1.0 0.0 0.6 5 1.0 0.0 0.7 4 1.0 0.0 0.9 0 1 1
11 0.1 24 0.4166666666666667 0.0 0.4 9 0.7777777777777778 0.0 0.5 7 1.0 0.0 0.6 7 1.0 0.0 0.7 4 1.0 0.0 0.9 0 1 1
11 0.1 23 0.43478260869565216 0.043478260869565216 0.4 9 0.7777777777777778 0.1111111111111111 0.5 8 0.75 0.125 0.6 7 0.8571428571428571 0.14285714285714285 0.7 4 1.0 0.25 0.9 0 1 1
11 0.1 21 0.47619047619047616 0.0 0.4 9 0.8888888888888888 0.0 0.5 5 1.0 0.0 0.6 5 1.0 0.0 0.7 5 1.0 0.0 0.9 0 1 1
11 0.1 16 0.5625 0.0 0.4 6 0.8333333333333334 0.0 0.5 5 1.0 0.0 0.6 5 1.0 0.0 0.7 4 1.0 0.0 0.9 0 1 1
11 0.1 14 0.6428571428571429 0.0 0.4 9 0.7777777777777778 0.0 0.5 7 0.8571428571428571 0.0 0.6 6 0.8333333333333334 0.0 0.7 5 0.8 0.0 0.9 0 1 1
11 0.1 35 0.2857142857142857 0.0 0.4 12 0.6666666666666666 0.0 0.5 8 0.875 0.0 0.6 5 0.8 0.0 0.7 4 0.75 0.0 0.9 0 1 1
11 0.1 24 0.4166666666666667 0.0 0.4 10 0.7 0.0 0.5 9 0.7777777777777778 0.0 0.6 7 0.8571428571428571 0.0 0.7 5 1.0 0.0 0.9 0 1 1
11 0.1 16 0.5625 0.0 0.4 7 0.7142857142857143 0.0 0.5 6 0.6666666666666666 0.0 0.6 4 1.0 0.0 0.7 1 1.0 0.0 0.9 0 1 1
11 0.1 15 0.6 0.0 0.4 11 0.6363636363636364 0.0 0.5 10 0.7 0.0 0.6 7 0.8571428571428571 0.0 0.7 5 1.0 0.0 0.9 0 1 1
11 0.1 16 0.4375 0.0 0.4 8 0.875 0.0 0.5 6 1.0 0.0 0.6 5 1.0 0.0 0.7 4 1.0 0.0 0.9 0 1 1
11 0.1 16 0.5625 0.0 0.4 9 0.8888888888888888 0.0 0.5 8 1.0 0.0 0.6 6 1.0 0.0 0.7 3 1.0 0.0 0.9 0 1 1
11 0.1 34 0.3235294117647059 0.0 0.4 11 0.6363636363636364 0.0 0.5 8 0.75 0.0 0.6 7 0.8571428571428571 0.0 0.7 4 1.0 0.0 0.9 0 1 1
11 0.1 20 0.5 0.0 0.4 8 0.75 0.0 0.5 6 1.0 0.0 0.6 6 1.0 0.0 0.7 5 1.0 0.0 0.9 0 1 1
11 0.1 14 0.7142857142857143 0.0 0.4 10 0.8 0.0 0.5 9 0.7777777777777778 0.0 0.6 8 0.75 0.0 0.7 7 0.8571428571428571 0.0 0.9 0 1 1
11 0.1 15 0.6666666666666666 0.0 0.4 9 0.7777777777777778 0.0 0.5 7 0.8571428571428571 0.0 0.6 7 0.8571428571428571 0.0 0.7 6 1.0 0.0 0.9 0 1 1
11 0.1 18 0.5 0.0 0.4 8 0.75 0.0 0.5 7 0.8571428571428571 0.0 0.6 6 1.0 0.0 0.7 6 1.0 0.0 0.9 0 1 1
11 0.1 15 0.4666666666666667 0.06666666666666667 0.4 5 0.8 0.2 0.5 4 0.75 0.0 0.6 3 1.0 0.0 0.7 1 1.0 0.0 0.9 0 1 1
11 0.1 32 0.3125 0.0 0.4 12 0.5833333333333334 0.0 0.5 7 0.5714285714285714 0.0 0.6 5 0.8 0.0 0.7 4 1.0 0.0 0.9 0 1 1
11 0.1 16 0.5625 0.0 0.4 6 0.8333333333333334 0.0 0.5 5 0.8 0.0 0.6 5 0.8 0.0 0.7 4 1.0 0.0 0.9 0 1 1
11 0.1 20 0.5 0.0 0.4 11 0.7272727272727273 0.0 0.5 8 0.875 0.0 0.6 7 0.8571428571428571 0.0 0.7 6 1.0 0.0 0.9 0 1 1
11 0.1 17 0.5882352941176471 0.0 0.4 11 0.7272727272727273 0.0 0.5 10 0.8 0.0 0.6 7 0.8571428571428571 0.0 0.7 6 0.8333333333333334 0.0 0.9 0 1 1
11 0.1 16 0.5625 0.0 0.4 11 0.6363636363636364 0.0 0.5 9 0.7777777777777778 0.0 0.6 8 0.875 0.0 0.7 7 0.8571428571428571 0.0 0.9 0 1 1
11 0.1 18 0.5555555555555556 0.0 0.4 10 0.7 0.0 0.5 9 0.7777777777777778 0.0 0.6 8 0.75 0.0 0.7 6 1.0 0.0 0.9 0 1 1
11 0.1 27 0.37037037037037035 0.0 0.4 7 0.5714285714285714 0.0 0.5 4 0.75 0.0 0.6 4 0.75 0.0 0.7 3 1.0 0.0 0.9 0 1 1
11 0.1 17 0.6470588235294118 0.0 0.4 11 0.7272727272727273 0.0 0.5 11 0.7272727272727273 0.0 0.6 11 0.7272727272727273 0.0 0.7 8 0.625 0.0 0.9 0 1 1
11 0.1 15 0.5333333333333333 0.06666666666666667 0.4 9 0.7777777777777778 0.1111111111111111 0.5 8 0.75 0.125 0.6 7 0.7142857142857143 0.14285714285714285 0.7 4 1.0 0.25 0.9 0 1 1
11 0.1 17 0.6470588235294118 0.0 0.4 10 0.8 0.0 0.5 7 1.0 0.0 0.6 6 1.0 0.0 0.7 5 1.0 0.0 0.9 0 1 1
11 0.1 17 0.5882352941176471 0.0 0.4 11 0.7272727272727273 0.0 0.5 10 0.8 0.0 0.6 8 0.875 0.0 0.7 6 1.0 0.0 0.9 0 1 1
11 0.1 16 0.625 0.0 0.4 10 0.7 0.0 0.5 9 0.7777777777777778 0.0 0.6 7 0.8571428571428571 0.0 0.7 5 1.0 0.0 0.9 0 1 1
11 0.1 25 0.4 0.0 0.4 10 0.8 0.0 0.5 10 0.8 0.0 0.6 9 0.7777777777777778 0.0 0.7 8 0.875 0.0 0.9 0 1 1
11 0.1 16 0.625 0.0 0.4 11 0.7272727272727273 0.0 0.5 10 0.8 0.0 0.6 7 0.8571428571428571 0.0 0.7 7 0.8571428571428571 0.0 0.9 0 1 1
11 0.1 18 0.5 0.0 0.4 12 0.6666666666666666 0.0 0.5 10 0.8 0.0 0.6 9 0.7777777777777778 0.0 0.7 7 0.8571428571428571 0.0 0.9 0 1 1
11 0.1 15 0.6666666666666666 0.0 0.4 10 0.6 0.0 0.5 8 0.75 0.0 0.6 6 0.6666666666666666 0.0 0.7 5 0.8 0.0 0.9 0 1 1
11 0.1 18 0.6111111111111112 0.05555555555555555 0.4 11 0.7272727272727273 0.09090909090909091 0.5 9 0.7777777777777778 0.1111111111111111 0.6 9 0.7777777777777778 0.1111111111111111 0.7 7 0.8571428571428571 0.14285714285714285 0.9 0 1 1
11 0.1 15 0.6666666666666666 0.0 0.4 10 0.8 0.0 0.5 9 0.7777777777777778 0.0 0.6 6 0.8333333333333334 0.0 0.7 6 0.8333333333333334 0.0 0.9 0 1 1
11 0.1 19 0.5789473684210527 0.0 0.4 12 0.75 0.0 0.5 12 0.75 0.0 0.6 9 0.7777777777777778 0.0 0.7 8 0.875 0.0 0.9 1 1.0 0.0
11 0.1 17 0.5882352941176471 0.0 0.4 11 0.8181818181818182 0.0 0.5 9 0.7777777777777778 0.0 0.6 7 0.8571428571428571 0.0 0.7 6 0.8333333333333334 0.0 0.9 0 1 1
11 0.1 17 0.6470588235294118 0.0 0.4 12 0.75 0.0 0.5 11 0.7272727272727273 0.0 0.6 8 0.875 0.0 0.7 6 1.0 0.0 0.9 0 1 1
11 0.1 19 0.5789473684210527 0.0 0.4 13 0.7692307692307693 0.0 0.5 10 0.8 0.0 0.6 8 0.875 0.0 0.7 8 0.875 0.0 0.9 0 1 1
11 0.1 22 0.5 0.0 0.4 14 0.7142857142857143 0.0 0.5 12 0.75 0.0 0.6 11 0.7272727272727273 0.0 0.7 10 0.8 0.0 0.9 0 1 1
11 0.1 30 0.36666666666666664 0.03333333333333333 0.4 12 0.8333333333333334 0.08333333333333333 0.5 12 0.8333333333333334 0.08333333333333333 0.6 10 0.8 0.1 0.7 9 0.7777777777777778 0.1111111111111111 0.9 0 1 1
11 0.1 18 0.5555555555555556 0.0 0.4 11 0.7272727272727273 0.0 0.5 11 0.7272727272727273 0.0 0.6 11 0.7272727272727273 0.0 0.7 8 0.875 0.0 0.9 0 1 1
11 0.1 20 0.45 0.05 0.4 11 0.7272727272727273 0.09090909090909091 0.5 11 0.7272727272727273 0.09090909090909091 0.6 11 0.7272727272727273 0.09090909090909091 0.7 6 1.0 0.16666666666666666 0.9 0 1 1
11 0.1 17 0.5882352941176471 0.058823529411764705 0.4 13 0.6923076923076923 0.07692307692307693 0.5 11 0.8181818181818182 0.09090909090909091 0.6 10 0.8 0.1 0.7 9 0.7777777777777778 0.1111111111111111 0.9 0 1 1
11 0.1 17 0.6470588235294118 0.0 0.4 13 0.7692307692307693 0.0 0.5 12 0.75 0.0 0.6 9 0.8888888888888888 0.0 0.7 7 1.0 0.0 0.9 0 1 1
11 0.1 17 0.5882352941176471 0.058823529411764705 0.4 11 0.7272727272727273 0.09090909090909091 0.5 10 0.8 0.1 0.6 9 0.8888888888888888 0.1111111111111111 0.7 8 0.875 0.125 0.9 0 1 1
11 0.1 18 0.5555555555555556 0.0 0.4 13 0.6923076923076923 0.0 0.5 11 0.7272727272727273 0.0 0.6 10 0.8 0.0 0.7 9 0.8888888888888888 0.0 0.9 0 1 1
11 0.1 20 0.55 0.0 0.4 12 0.75 0.0 0.5 11 0.7272727272727273 0.0 0.6 10 0.8 0.0 0.7 8 0.875 0.0 0.9 1 1.0 0.0
11 0.1 20 0.55 0.0 0.4 12 0.75 0.0 0.5 11 0.7272727272727273 0.0 0.6 10 0.8 0.0 0.7 7 0.8571428571428571 0.0 0.9 0 1 1
11 0.1 20 0.55 0.0 0.4 14 0.7142857142857143 0.0 0.5 12 0.75 0.0 0.6 12 0.75 0.0 0.7 9 0.7777777777777778 0.0 0.9 0 1 1
11 0.1 17 0.5882352941176471 0.0 0.4 13 0.7692307692307693 0.0 0.5 13 0.7692307692307693 0.0 0.6 10 0.8 0.0 0.7 9 0.7777777777777778 0.0 0.9 1 1.0 0.0
11 0.1 17 0.5882352941176471 0.0 0.4 10 0.8 0.0 0.5 9 0.8888888888888888 0.0 0.6 8 0.875 0.0 0.7 7 1.0 0.0 0.9 0 1 1
11 0.1 17 0.6470588235294118 0.058823529411764705 0.4 11 0.8181818181818182 0.09090909090909091 0.5 11 0.8181818181818182 0.09090909090909091 0.6 9 0.7777777777777778 0.1111111111111111 0.7 8 0.875 0.125 0.9 0 1 1
11 0.1 20 0.55 0.0 0.4 14 0.6428571428571429 0.0 0.5 13 0.6923076923076923 0.0 0.6 10 0.8 0.0 0.7 8 0.875 0.0 0.9 0 1 1
11 0.1 17 0.5882352941176471 0.0 0.4 12 0.6666666666666666 0.0 0.5 12 0.6666666666666666 0.0 0.6 12 0.6666666666666666 0.0 0.7 8 0.75 0.0 0.9 0 1 1
11 0.1 22 0.5 0.0 0.4 12 0.75 0.0 0.5 12 0.75 0.0 0.6 12 0.75 0.0 0.7 12 0.75 0.0 0.9 0 1 1
11 0.1 19 0.5789473684210527 0.05263157894736842 0.4 12 0.75 0.08333333333333333 0.5 12 0.75 0.08333333333333333 0.6 11 0.7272727272727273 0.09090909090909091 0.7 7 1.0 0.14285714285714285 0.9 0 1 1
11 0.1 19 0.5263157894736842 0.0 0.4 13 0.7692307692307693 0.0 0.5 11 0.7272727272727273 0.0 0.6 9 0.7777777777777778 0.0 0.7 8 0.875 0.0 0.9 0 1 1
11 0.1 15 0.7333333333333333 0.0 0.4 12 0.75 0.0 0.5 10 0.7 0.0 0.6 9 0.7777777777777778 0.0 0.7 6 1.0 0.0 0.9 0 1 1
11 0.1 21 0.5238095238095238 0.0 0.4 10 0.8 0.0 0.5 10 0.8 0.0 0.6 10 0.8 0.0 0.7 7 1.0 0.0 0.9 0 1 1
11 0.1 17 0.5882352941176471 0.0 0.4 10 0.8 0.0 0.5 9 0.8888888888888888 0.0 0.6 9 0.8888888888888888 0.0 0.7 8 0.875 0.0 0.9 0 1 1
11 0.1 21 0.5238095238095238 0.0 0.4 10 0.8 0.0 0.5 10 0.8 0.0 0.6 9 0.8888888888888888 0.0 0.7 9 0.8888888888888888 0.0 0.9 0 1 1
11 0.1 19 0.5789473684210527 0.0 0.4 12 0.75 0.0 0.5 10 0.8 0.0 0.6 10 0.8 0.0 0.7 9 0.8888888888888888 0.0 0.9 0 1 1
11 0.1 19 0.5263157894736842 0.0 0.4 11 0.7272727272727273 0.0 0.5 10 0.8 0.0 0.6 9 0.8888888888888888 0.0 0.7 6 1.0 0.0 0.9 0 1 1
11 0.1 15 0.6666666666666666 0.0 0.4 11 0.7272727272727273 0.0 0.5 10 0.8 0.0 0.6 8 0.875 0.0 0.7 8 0.875 0.0 0.9 0 1 1
11 0.1 16 0.625 0.0 0.4 9 0.7777777777777778 0.0 0.5 8 0.875 0.0 0.6 7 1.0 0.0 0.7 6 1.0 0.0 0.9 0 1 1
11 0.1 16 0.5625 0.0 0.4 9 0.7777777777777778 0.0 0.5 7 1.0 0.0 0.6 7 1.0 0.0 0.7 5 1.0 0.0 0.9 0 1 1
11 0.1 13 0.6923076923076923 0.0 0.4 10 0.7 0.0 0.5 9 0.7777777777777778 0.0 0.6 7 0.8571428571428571 0.0 0.7 6 1.0 0.0 0.9 0 1 1
11 0.1 16 0.625 0.0625 0.4 9 0.8888888888888888 0.1111111111111111 0.5 9 0.8888888888888888 0.1111111111111111 0.6 8 0.875 0.125 0.7 6 1.0 0.16666666666666666 0.9 0 1 1
11 0.1 16 0.625 0.0625 0.4 14 0.7142857142857143 0.07142857142857142 0.5 11 0.8181818181818182 0.09090909090909091 0.6 9 0.8888888888888888 0.1111111111111111 0.7 8 0.875 0.125 0.9 1 1.0 0.0
11 0.1 15 0.6666666666666666 0.0 0.4 11 0.8181818181818182 0.0 0.5 9 0.8888888888888888 0.0 0.6 8 0.875 0.0 0.7 8 0.875 0.0 0.9 1 1.0 0.0
11 0.1 15 0.6666666666666666 0.0 0.4 11 0.8181818181818182 0.0 0.5 10 0.8 0.0 0.6 9 0.8888888888888888 0.0 0.7 8 0.875 0.0 0.9 1 1.0 0.0
11 0.1 18 0.6111111111111112 0.0 0.4 12 0.6666666666666666 0.0 0.5 10 0.8 0.0 0.6 8 0.875 0.0 0.7 6 1.0 0.0 0.9 1 1.0 0.0
11 0.1 17 0.6470588235294118 0.0 0.4 13 0.6923076923076923 0.0 0.5 11 0.7272727272727273 0.0 0.6 10 0.8 0.0 0.7 8 0.875 0.0 0.9 1 1.0 0.0
11 0.1 16 0.625 0.0625 0.4 11 0.7272727272727273 0.09090909090909091 0.5 9 0.7777777777777778 0.1111111111111111 0.6 6 1.0 0.16666666666666666 0.7 5 1.0 0.2 0.9 0 1 1
11 0.1 20 0.5 0.0 0.4 12 0.6666666666666666 0.0 0.5 11 0.7272727272727273 0.0 0.6 7 0.8571428571428571 0.0 0.7 6 1.0 0.0 0.9 0 1 1
11 0.1 20 0.55 0.0 0.4 10 0.7 0.0 0.5 10 0.7 0.0 0.6 8 0.75 0.0 0.7 8 0.75 0.0 0.9 0 1 1
11 0.1 17 0.5882352941176471 0.0 0.4 9 0.8888888888888888 0.0 0.5 9 0.8888888888888888 0.0 0.6 9 0.8888888888888888 0.0 0.7 7 0.8571428571428571 0.0 0.9 0 1 1
11 0.1 19 0.5789473684210527 0.05263157894736842 0.4 12 0.75 0.08333333333333333 0.5 12 0.75 0.08333333333333333 0.6 10 0.9 0.1 0.7 9 0.8888888888888888 0.1111111111111111 0.9 0 1 1
11 0.1 16 0.625 0.0625 0.4 10 0.8 0.1 0.5 9 0.8888888888888888 0.1111111111111111 0.6 9 0.8888888888888888 0.1111111111111111 0.7 9 0.8888888888888888 0.1111111111111111 0.9 0 1 1
11 0.1 17 0.5882352941176471 0.0 0.4 11 0.7272727272727273 0.0 0.5 9 0.8888888888888888 0.0 0.6 9 0.8888888888888888 0.0 0.7 9 0.8888888888888888 0.0 0.9 0 1 1
11 0.1 19 0.5789473684210527 0.0 0.4 12 0.6666666666666666 0.0 0.5 9 0.8888888888888888 0.0 0.6 9 0.8888888888888888 0.0 0.7 8 0.875 0.0 0.9 0 1 1
11 0.1 17 0.6470588235294118 0.0 0.4 11 0.7272727272727273 0.0 0.5 10 0.8 0.0 0.6 9 0.7777777777777778 0.0 0.7 8 0.875 0.0 0.9 0 1 1
11 0.1 19 0.5263157894736842 0.05263157894736842 0.4 13 0.6923076923076923 0.07692307692307693 0.5 13 0.6923076923076923 0.07692307692307693 0.6 11 0.7272727272727273 0.09090909090909091 0.7 11 0.7272727272727273 0.09090909090909091 0.9 0 1 1
11 0.1 16 0.6875 0.0 0.4 12 0.6666666666666666 0.0 0.5 12 0.6666666666666666 0.0 0.6 10 0.8 0.0 0.7 10 0.8 0.0 0.9 0 1 1
11 0.1 17 0.6470588235294118 0.0 0.4 13 0.7692307692307693 0.0 0.5 11 0.7272727272727273 0.0 0.6 11 0.7272727272727273 0.0 0.7 8 0.875 0.0 0.9 0 1 1
11 0.1 12 0.75 0.0 0.4 12 0.75 0.0 0.5 10 0.7 0.0 0.6 9 0.7777777777777778 0.0 0.7 8 0.75 0.0 0.9 0 1 1
11 0.1 17 0.6470588235294118 0.0 0.4 10 0.7 0.0 0.5 10 0.7 0.0 0.6 10 0.7 0.0 0.7 7 1.0 0.0 0.9 0 1 1
11 0.1 18 0.6111111111111112 0.0 0.4 10 0.9 0.0 0.5 9 0.8888888888888888 0.0 0.6 9 0.8888888888888888 0.0 0.7 7 0.8571428571428571 0.0 0.9 0 1 1
11 0.1 17 0.5882352941176471 0.0 0.4 13 0.6923076923076923 0.0 0.5 12 0.75 0.0 0.6 12 0.75 0.0 0.7 7 0.8571428571428571 0.0 0.9 1 1.0 0.0
11 0.1 21 0.5238095238095238 0.047619047619047616 0.4 14 0.7142857142857143 0.07142857142857142 0.5 12 0.6666666666666666 0.08333333333333333 0.6 11 0.7272727272727273 0.09090909090909091 0.7 9 0.8888888888888888 0.1111111111111111 0.9 0 1 1
11 0.1 15 0.6666666666666666 0.0 0.4 11 0.7272727272727273 0.0 0.5 10 0.8 0.0 0.6 9 0.7777777777777778 0.0 0.7 7 0.8571428571428571 0.0 0.9 0 1 1
11 0.1 18 0.6111111111111112 0.0 0.4 14 0.7142857142857143 0.0 0.5 12 0.6666666666666666 0.0 0.6 12 0.6666666666666666 0.0 0.7 10 0.7 0.0 0.9 1 1.0 0.0
11 0.1 16 0.625 0.0 0.4 13 0.6923076923076923 0.0 0.5 12 0.75 0.0 0.6 10 0.8 0.0 0.7 8 0.75 0.0 0.9 2 1.0 0.0
11 0.1 15 0.6 0.06666666666666667 0.4 11 0.8181818181818182 0.09090909090909091 0.5 11 0.8181818181818182 0.09090909090909091 0.6 11 0.8181818181818182 0.09090909090909091 0.7 8 0.875 0.125 0.9 2 1.0 0.0
11 0.1 14 0.6428571428571429 0.0 0.4 10 0.9 0.0 0.5 10 0.9 0.0 0.6 9 0.8888888888888888 0.0 0.7 6 0.8333333333333334 0.0 0.9 0 1 1
11 0.1 14 0.6428571428571429 0.0 0.4 9 0.8888888888888888 0.0 0.5 9 0.8888888888888888 0.0 0.6 7 0.8571428571428571 0.0 0.7 5 1.0 0.0 0.9 0 1 1
11 0.1 17 0.6470588235294118 0.0 0.4 14 0.6428571428571429 0.0 0.5 9 0.8888888888888888 0.0 0.6 9 0.8888888888888888 0.0 0.7 6 1.0 0.0 0.9 1 1.0 0.0
11 0.1 13 0.6923076923076923 0.0 0.4 11 0.6363636363636364 0.0 0.5 9 0.6666666666666666 0.0 0.6 7 0.7142857142857143 0.0 0.7 6 0.8333333333333334 0.0 0.9 0 1 1
11 0.1 15 0.6 0.0 0.4 10 0.7 0.0 0.5 9 0.6666666666666666 0.0 0.6 8 0.75 0.0 0.7 6 0.8333333333333334 0.0 0.9 0 1 1
11 0.1 16 0.625 0.0 0.4 12 0.6666666666666666 0.0 0.5 10 0.7 0.0 0.6 6 0.8333333333333334 0.0 0.7 6 0.8333333333333334 0.0 0.9 0 1 1
11 0.1 15 0.6666666666666666 0.0 0.4 12 0.6666666666666666 0.0 0.5 11 0.7272727272727273 0.0 0.6 9 0.6666666666666666 0.0 0.7 6 1.0 0.0 0.9 2 1.0 0.0
11 0.1 19 0.5789473684210527 0.05263157894736842 0.4 14 0.6428571428571429 0.07142857142857142 0.5 13 0.6923076923076923 0.07692307692307693 0.6 12 0.6666666666666666 0.08333333333333333 0.7 10 0.7 0.1 0.9 1 1.0 0.0
11 0.1 19 0.5789473684210527 0.0 0.4 15 0.6666666666666666 0.0 0.5 12 0.6666666666666666 0.0 0.6 12 0.6666666666666666 0.0 0.7 10 0.7 0.0 0.9 0 1 1
11 0.1 16 0.5625 0.0 0.4 11 0.7272727272727273 0.0 0.5 11 0.7272727272727273 0.0 0.6 9 0.7777777777777778 0.0 0.7 7 0.8571428571428571 0.0 0.9 0 1 1
11 0.1 15 0.5333333333333333 0.06666666666666667 0.4 11 0.6363636363636364 0.09090909090909091 0.5 9 0.7777777777777778 0.1111111111111111 0.6 7 0.8571428571428571 0.14285714285714285 0.7 7 0.8571428571428571 0.14285714285714285 0.9 0 1 1
11 0.1 16 0.625 0.0 0.4 12 0.6666666666666666 0.0 0.5 12 0.6666666666666666 0.0 0.6 11 0.7272727272727273 0.0 0.7 6 1.0 0.0 0.9 2 1.0 0.0
11 0.1 15 0.6 0.06666666666666667 0.4 10 0.7 0.1 0.5 10 0.7 0.1 0.6 7 0.8571428571428571 0.14285714285714285 0.7 7 0.8571428571428571 0.14285714285714285 0.9 0 1 1
11 0.1 15 0.5333333333333333 0.0 0.4 10 0.6 0.0 0.5 10 0.6 0.0 0.6 8 0.75 0.0 0.7 6 1.0 0.0 0.9 1 1.0 0.0
11 0.1 17 0.5882352941176471 0.0 0.4 10 0.7 0.0 0.5 10 0.7 0.0 0.6 10 0.7 0.0 0.7 9 0.7777777777777778 0.0 0.9 1 1.0 0.0
11 0.1 17 0.6470588235294118 0.0 0.4 12 0.75 0.0 0.5 11 0.7272727272727273 0.0 0.6 10 0.8 0.0 0.7 9 0.7777777777777778 0.0 0.9 2 1.0 0.0
11 0.1 17 0.5882352941176471 0.058823529411764705 0.4 12 0.6666666666666666 0.08333333333333333 0.5 12 0.6666666666666666 0.08333333333333333 0.6 11 0.7272727272727273 0.09090909090909091 0.7 10 0.8 0.1 0.9 0 1 1
11 0.1 18 0.6111111111111112 0.0 0.4 13 0.6923076923076923 0.0 0.5 12 0.75 0.0 0.6 11 0.7272727272727273 0.0 0.7 9 0.8888888888888888 0.0 0.9 1 1.0 0.0
11 0.1 16 0.625 0.0 0.4 12 0.6666666666666666 0.0 0.5 12 0.6666666666666666 0.0 0.6 11 0.7272727272727273 0.0 0.7 8 0.875 0.0 0.9 2 1.0 0.0
11 0.1 15 0.6 0.0 0.4 12 0.6666666666666666 0.0 0.5 9 0.7777777777777778 0.0 0.6 8 0.875 0.0 0.7 7 0.8571428571428571 0.0 0.9 0 1 1
11 0.1 16 0.625 0.0 0.4 13 0.6923076923076923 0.0 0.5 10 0.8 0.0 0.6 7 0.8571428571428571 0.0 0.7 7 0.8571428571428571 0.0 0.9 0 1 1
11 0.1 15 0.6 0.0 0.4 14 0.6428571428571429 0.0 0.5 10 0.8 0.0 0.6 9 0.7777777777777778 0.0 0.7 8 0.875 0.0 0.9 1 1.0 0.0
11 0.1 16 0.625 0.0 0.4 12 0.5833333333333334 0.0 0.5 11 0.6363636363636364 0.0 0.6 8 0.875 0.0 0.7 7 1.0 0.0 0.9 1 1.0 0.0
11 0.1 17 0.5882352941176471 0.058823529411764705 0.4 12 0.6666666666666666 0.08333333333333333 0.5 12 0.6666666666666666 0.08333333333333333 0.6 11 0.7272727272727273 0.09090909090909091 0.7 10 0.8 0.1 0.9 1 1.0 1.0
11 0.1 17 0.5882352941176471 0.058823529411764705 0.4 14 0.5714285714285714 0.07142857142857142 0.5 13 0.6153846153846154 0.07692307692307693 0.6 12 0.6666666666666666 0.08333333333333333 0.7 9 0.8888888888888888 0.1111111111111111 0.9 0 1 1
11 0.1 15 0.6 0.06666666666666667 0.4 11 0.7272727272727273 0.09090909090909091 0.5 11 0.7272727272727273 0.09090909090909091 0.6 11 0.7272727272727273 0.09090909090909091 0.7 8 0.875 0.125 0.9 1 1.0 0.0
11 0.1 17 0.5294117647058824 0.058823529411764705 0.4 13 0.6153846153846154 0.07692307692307693 0.5 12 0.6666666666666666 0.08333333333333333 0.6 12 0.6666666666666666 0.08333333333333333 0.7 12 0.6666666666666666 0.08333333333333333 0.9 1 1.0 0.0
11 0.1 17 0.5882352941176471 0.058823529411764705 0.4 13 0.6153846153846154 0.07692307692307693 0.5 12 0.6666666666666666 0.08333333333333333 0.6 11 0.7272727272727273 0.09090909090909091 0.7 10 0.8 0.1 0.9 0 1 1
11 0.1 16 0.625 0.0625 0.4 11 0.7272727272727273 0.09090909090909091 0.5 11 0.7272727272727273 0.09090909090909091 0.6 11 0.7272727272727273 0.09090909090909091 0.7 10 0.8 0.1 0.9 0 1 1
11 0.1 16 0.625 0.0625 0.4 10 0.8 0.1 0.5 10 0.8 0.1 0.6 10 0.8 0.1 0.7 7 1.0 0.14285714285714285 0.9 0 1 1
11 0.1 15 0.6666666666666666 0.0 0.4 10 0.8 0.0 0.5 10 0.8 0.0 0.6 10 0.8 0.0 0.7 9 0.7777777777777778 0.0 0.9 0 1 1
11 0.1 17 0.5882352941176471 0.0 0.4 10 0.8 0.0 0.5 10 0.8 0.0 0.6 10 0.8 0.0 0.7 9 0.7777777777777778 0.0 0.9 0 1 1
11 0.1 15 0.6666666666666666 0.0 0.4 12 0.6666666666666666 0.0 0.5 8 0.875 0.0 0.6 8 0.875 0.0 0.7 7 0.8571428571428571 0.0 0.9 0 1 1
11 0.1 12 0.5833333333333334 0.0 0.4 9 0.7777777777777778 0.0 0.5 8 0.875 0.0 0.6 8 0.875 0.0 0.7 7 0.8571428571428571 0.0 0.9 0 1 1
11 0.1 13 0.6923076923076923 0.0 0.4 11 0.8181818181818182 0.0 0.5 8 0.875 0.0 0.6 8 0.875 0.0 0.7 7 0.8571428571428571 0.0 0.9 0 1 1
11 0.1 18 0.6111111111111112 0.0 0.4 14 0.5714285714285714 0.0 0.5 10 0.7 0.0 0.6 9 0.7777777777777778 0.0 0.7 8 0.875 0.0 0.9 0 1 1
11 0.1 17 0.5882352941176471 0.0 0.4 12 0.75 0.0 0.5 10 0.8 0.0 0.6 9 0.7777777777777778 0.0 0.7 9 0.7777777777777778 0.0 0.9 0 1 1
11 0.1 17 0.6470588235294118 0.0 0.4 13 0.7692307692307693 0.0 0.5 12 0.75 0.0 0.6 10 0.8 0.0 0.7 10 0.8 0.0 0.9 0 1 1
11 0.1 17 0.6470588235294118 0.0 0.4 13 0.7692307692307693 0.0 0.5 12 0.75 0.0 0.6 10 0.8 0.0 0.7 9 0.8888888888888888 0.0 0.9 1 1.0 0.0
11 0.1 18 0.6111111111111112 0.0 0.4 13 0.7692307692307693 0.0 0.5 11 0.8181818181818182 0.0 0.6 11 0.8181818181818182 0.0 0.7 10 0.8 0.0 0.9 1 1.0 0.0
11 0.1 16 0.625 0.0 0.4 13 0.6923076923076923 0.0 0.5 11 0.8181818181818182 0.0 0.6 10 0.9 0.0 0.7 9 0.8888888888888888 0.0 0.9 1 1.0 0.0
11 0.1 17 0.5882352941176471 0.058823529411764705 0.4 13 0.7692307692307693 0.07692307692307693 0.5 13 0.7692307692307693 0.07692307692307693 0.6 12 0.75 0.08333333333333333 0.7 11 0.7272727272727273 0.09090909090909091 0.9 0 1 1
11 0.1 15 0.6 0.06666666666666667 0.4 13 0.6923076923076923 0.07692307692307693 0.5 12 0.6666666666666666 0.08333333333333333 0.6 10 0.7 0.1 0.7 10 0.7 0.1 0.9 1 1.0 0.0
11 0.1 17 0.6470588235294118 0.0 0.4 13 0.7692307692307693 0.0 0.5 11 0.7272727272727273 0.0 0.6 11 0.7272727272727273 0.0 0.7 9 0.7777777777777778 0.0 0.9 0 1 1
11 0.1 16 0.6875 0.0 0.4 12 0.75 0.0 0.5 11 0.8181818181818182 0.0 0.6 10 0.8 0.0 0.7 9 0.8888888888888888 0.0 0.9 0 1 1
11 0.1 16 0.625 0.0 0.4 12 0.75 0.0 0.5 11 0.8181818181818182 0.0 0.6 9 0.7777777777777778 0.0 0.7 8 0.875 0.0 0.9 1 1.0 0.0
11 0.1 17 0.5882352941176471 0.0 0.4 12 0.75 0.0 0.5 11 0.8181818181818182 0.0 0.6 9 0.7777777777777778 0.0 0.7 8 0.75 0.0 0.9 1 1.0 0.0
11 0.1 18 0.6111111111111112 0.0 0.4 13 0.6923076923076923 0.0 0.5 12 0.75 0.0 0.6 9 0.8888888888888888 0.0 0.7 8 0.875 0.0 0.9 0 1 1
11 0.1 18 0.6111111111111112 0.0 0.4 12 0.75 0.0 0.5 12 0.75 0.0 0.6 10 0.9 0.0 0.7 9 0.8888888888888888 0.0 0.9 0 1 1
11 0.1 16 0.625 0.0 0.4 12 0.75 0.0 0.5 11 0.8181818181818182 0.0 0.6 11 0.8181818181818182 0.0 0.7 9 0.8888888888888888 0.0 0.9 0 1 1
11 0.1 13 0.6923076923076923 0.0 0.4 12 0.6666666666666666 0.0 0.5 11 0.7272727272727273 0.0 0.6 10 0.8 0.0 0.7 7 1.0 0.0 0.9 1 1.0 0.0
11 0.1 16 0.6875 0.0 0.4 11 0.8181818181818182 0.0 0.5 11 0.8181818181818182 0.0 0.6 10 0.9 0.0 0.7 8 0.875 0.0 0.9 0 1 1
11 0.1 18 0.5555555555555556 0.05555555555555555 0.4 13 0.6923076923076923 0.07692307692307693 0.5 12 0.75 0.08333333333333333 0.6 10 0.8 0.1 0.7 10 0.8 0.1 0.9 1 1.0 0.0
11 0.1 14 0.6428571428571429 0.0 0.4 11 0.8181818181818182 0.0 0.5 9 0.8888888888888888 0.0 0.6 9 0.8888888888888888 0.0 0.7 9 0.8888888888888888 0.0 0.9 0 1 1
11 0.1 15 0.6 0.0 0.4 11 0.8181818181818182 0.0 0.5 11 0.8181818181818182 0.0 0.6 11 0.8181818181818182 0.0 0.7 9 0.8888888888888888 0.0 0.9 0 1 1
11 0.1 17 0.5294117647058824 0.0 0.4 11 0.7272727272727273 0.0 0.5 10 0.8 0.0 0.6 10 0.8 0.0 0.7 10 0.8 0.0 0.9 2 1.0 0.0
11 0.1 14 0.6428571428571429 0.0 0.4 11 0.8181818181818182 0.0 0.5 11 0.8181818181818182 0.0 0.6 10 0.8 0.0 0.7 9 0.8888888888888888 0.0 0.9 3 1.0 0.0
11 0.1 15 0.6 0.0 0.4 11 0.8181818181818182 0.0 0.5 11 0.8181818181818182 0.0 0.6 11 0.8181818181818182 0.0 0.7 9 0.8888888888888888 0.0 0.9 0 1 1
11 0.1 14 0.6428571428571429 0.0 0.4 11 0.7272727272727273 0.0 0.5 11 0.7272727272727273 0.0 0.6 10 0.8 0.0 0.7 9 0.7777777777777778 0.0 0.9 1 1.0 0.0
11 0.1 13 0.6923076923076923 0.0 0.4 11 0.8181818181818182 0.0 0.5 11 0.8181818181818182 0.0 0.6 11 0.8181818181818182 0.0 0.7 9 0.8888888888888888 0.0 0.9 1 1.0 0.0
11 0.1 14 0.7142857142857143 0.0 0.4 12 0.75 0.0 0.5 12 0.75 0.0 0.6 10 0.9 0.0 0.7 10 0.9 0.0 0.9 1 1.0 0.0
11 0.1 16 0.625 0.0 0.4 13 0.6923076923076923 0.0 0.5 13 0.6923076923076923 0.0 0.6 10 0.9 0.0 0.7 9 0.8888888888888888 0.0 0.9 0 1 1
11 0.1 16 0.5625 0.0 0.4 12 0.6666666666666666 0.0 0.5 11 0.7272727272727273 0.0 0.6 9 0.8888888888888888 0.0 0.7 9 0.8888888888888888 0.0 0.9 0 1 1
11 0.1 18 0.6111111111111112 0.0 0.4 12 0.75 0.0 0.5 11 0.7272727272727273 0.0 0.6 10 0.8 0.0 0.7 9 0.8888888888888888 0.0 0.9 0 1 1
11 0.1 15 0.6 0.0 0.4 13 0.6923076923076923 0.0 0.5 12 0.75 0.0 0.6 11 0.8181818181818182 0.0 0.7 9 0.8888888888888888 0.0 0.9 1 1.0 0.0
11 0.1 15 0.6 0.0 0.4 11 0.7272727272727273 0.0 0.5 9 0.8888888888888888 0.0 0.6 9 0.8888888888888888 0.0 0.7 9 0.8888888888888888 0.0 0.9 0 1 1
11 0.1 13 0.6923076923076923 0.0 0.4 11 0.8181818181818182 0.0 0.5 10 0.8 0.0 0.6 10 0.8 0.0 0.7 10 0.8 0.0 0.9 0 1 1
11 0.1 14 0.6428571428571429 0.0 0.4 10 0.8 0.0 0.5 10 0.8 0.0 0.6 9 0.8888888888888888 0.0 0.7 9 0.8888888888888888 0.0 0.9 0 1 1
11 0.1 16 0.6875 0.0 0.4 12 0.75 0.0 0.5 11 0.8181818181818182 0.0 0.6 9 0.8888888888888888 0.0 0.7 9 0.8888888888888888 0.0 0.9 0 1 1
11 0.1 18 0.6111111111111112 0.0 0.4 13 0.6923076923076923 0.0 0.5 11 0.8181818181818182 0.0 0.6 10 0.9 0.0 0.7 9 0.8888888888888888 0.0 0.9 1 1.0 0.0
11 0.1 18 0.6111111111111112 0.0 0.4 12 0.75 0.0 0.5 11 0.8181818181818182 0.0 0.6 11 0.8181818181818182 0.0 0.7 11 0.8181818181818182 0.0 0.9 2 1.0 0.0
11 0.1 16 0.625 0.0 0.4 12 0.75 0.0 0.5 11 0.8181818181818182 0.0 0.6 11 0.8181818181818182 0.0 0.7 11 0.8181818181818182 0.0 0.9 1 1.0 0.0
11 0.1 14 0.7142857142857143 0.0 0.4 11 0.8181818181818182 0.0 0.5 11 0.8181818181818182 0.0 0.6 10 0.8 0.0 0.7 8 0.875 0.0 0.9 0 1 1
11 0.1 16 0.6875 0.0 0.4 13 0.6923076923076923 0.0 0.5 11 0.8181818181818182 0.0 0.6 11 0.8181818181818182 0.0 0.7 9 0.8888888888888888 0.0 0.9 3 1.0 0.0
11 0.1 19 0.5789473684210527 0.0 0.4 12 0.75 0.0 0.5 11 0.8181818181818182 0.0 0.6 10 0.9 0.0 0.7 9 0.8888888888888888 0.0 0.9 3 1.0 0.0
11 0.1 19 0.5789473684210527 0.0 0.4 12 0.75 0.0 0.5 10 0.9 0.0 0.6 9 0.8888888888888888 0.0 0.7 9 0.8888888888888888 0.0 0.9 0 1 1
11 0.1 17 0.5882352941176471 0.0 0.4 12 0.8333333333333334 0.0 0.5 11 0.8181818181818182 0.0 0.6 10 0.8 0.0 0.7 8 0.875 0.0 0.9 0 1 1
11 0.1 16 0.625 0.0625 0.4 15 0.6666666666666666 0.06666666666666667 0.5 14 0.7142857142857143 0.07142857142857142 0.6 10 0.8 0.1 0.7 9 0.8888888888888888 0.1111111111111111 0.9 0 1 1
11 0.1 17 0.5882352941176471 0.0 0.4 12 0.75 0.0 0.5 11 0.8181818181818182 0.0 0.6 10 0.8 0.0 0.7 8 0.875 0.0 0.9 1 1.0 0.0
11 0.1 18 0.6111111111111112 0.0 0.4 15 0.6666666666666666 0.0 0.5 15 0.6666666666666666 0.0 0.6 11 0.7272727272727273 0.0 0.7 9 0.8888888888888888 0.0 0.9 0 1 1
11 0.1 17 0.5882352941176471 0.058823529411764705 0.4 12 0.75 0.08333333333333333 0.5 10 0.8 0.1 0.6 10 0.8 0.1 0.7 9 0.8888888888888888 0.1111111111111111 0.9 0 1 1
11 0.1 17 0.5882352941176471 0.0 0.4 11 0.8181818181818182 0.0 0.5 11 0.8181818181818182 0.0 0.6 10 0.8 0.0 0.7 8 1.0 0.0 0.9 3 1.0 0.0
11 0.1 15 0.6 0.0 0.4 11 0.8181818181818182 0.0 0.5 11 0.8181818181818182 0.0 0.6 10 0.9 0.0 0.7 9 0.8888888888888888 0.0 0.9 2 1.0 0.0
11 0.1 16 0.5625 0.0 0.4 11 0.8181818181818182 0.0 0.5 10 0.8 0.0 0.6 10 0.8 0.0 0.7 9 0.8888888888888888 0.0 0.9 1 1.0 0.0
11 0.1 16 0.6875 0.0 0.4 12 0.75 0.0 0.5 12 0.75 0.0 0.6 11 0.7272727272727273 0.0 0.7 9 0.8888888888888888 0.0 0.9 1 1.0 0.0
11 0.1 15 0.6666666666666666 0.0 0.4 12 0.75 0.0 0.5 11 0.7272727272727273 0.0 0.6 11 0.7272727272727273 0.0 0.7 10 0.8 0.0 0.9 1 1.0 0.0
11 0.1 15 0.6666666666666666 0.06666666666666667 0.4 11 0.8181818181818182 0.09090909090909091 0.5 11 0.8181818181818182 0.09090909090909091 0.6 10 0.8 0.1 0.7 10 0.8 0.1 0.9 2 1.0 0.0
11 0.1 17 0.6470588235294118 0.0 0.4 12 0.75 0.0 0.5 11 0.8181818181818182 0.0 0.6 11 0.8181818181818182 0.0 0.7 9 0.8888888888888888 0.0 0.9 2 1.0 0.0
11 0.1 19 0.5789473684210527 0.0 0.4 14 0.7142857142857143 0.0 0.5 13 0.6923076923076923 0.0 0.6 11 0.8181818181818182 0.0 0.7 9 0.8888888888888888 0.0 0.9 1 1.0 0.0
11 0.1 15 0.6666666666666666 0.0 0.4 13 0.6923076923076923 0.0 0.5 11 0.8181818181818182 0.0 0.6 10 0.9 0.0 0.7 8 0.875 0.0 0.9 0 1 1
11 0.1 14 0.6428571428571429 0.0 0.4 11 0.8181818181818182 0.0 0.5 9 0.8888888888888888 0.0 0.6 8 0.875 0.0 0.7 7 0.8571428571428571 0.0 0.9 0 1 1
11 0.1 15 0.6666666666666666 0.0 0.4 11 0.8181818181818182 0.0 0.5 10 0.8 0.0 0.6 9 0.8888888888888888 0.0 0.7 9 0.8888888888888888 0.0 0.9 2 1.0 0.0
11 0.1 16 0.625 0.0 0.4 12 0.75 0.0 0.5 12 0.75 0.0 0.6 11 0.8181818181818182 0.0 0.7 10 0.9 0.0 0.9 2 1.0 0.0
11 0.1 18 0.5555555555555556 0.0 0.4 12 0.75 0.0 0.5 12 0.75 0.0 0.6 11 0.8181818181818182 0.0 0.7 9 0.8888888888888888 0.0 0.9 4 1.0 0.0
11 0.1 16 0.625 0.0 0.4 13 0.6923076923076923 0.0 0.5 13 0.6923076923076923 0.0 0.6 11 0.8181818181818182 0.0 0.7 10 0.9 0.0 0.9 3 1.0 0.0
11 0.1 17 0.5882352941176471 0.058823529411764705 0.4 13 0.6923076923076923 0.07692307692307693 0.5 13 0.6923076923076923 0.07692307692307693 0.6 11 0.8181818181818182 0.09090909090909091 0.7 9 0.8888888888888888 0.1111111111111111 0.9 4 1.0 0.25
11 0.1 18 0.6111111111111112 0.0 0.4 12 0.75 0.0 0.5 11 0.8181818181818182 0.0 0.6 9 0.8888888888888888 0.0 0.7 9 0.8888888888888888 0.0 0.9 1 1.0 0.0
11 0.1 19 0.5789473684210527 0.0 0.4 13 0.6923076923076923 0.0 0.5 13 0.6923076923076923 0.0 0.6 11 0.8181818181818182 0.0 0.7 9 0.8888888888888888 0.0 0.9 3 1.0 0.0
11 0.1 18 0.6111111111111112 0.0 0.4 12 0.75 0.0 0.5 11 0.8181818181818182 0.0 0.6 10 0.9 0.0 0.7 9 0.8888888888888888 0.0 0.9 4 1.0 0.0
11 0.1 16 0.5625 0.0 0.4 12 0.75 0.0 0.5 12 0.75 0.0 0.6 11 0.8181818181818182 0.0 0.7 10 0.9 0.0 0.9 3 1.0 0.0
11 0.1 16 0.625 0.0 0.4 12 0.75 0.0 0.5 10 0.9 0.0 0.6 10 0.9 0.0 0.7 8 1.0 0.0 0.9 4 1.0 0.0
11 0.1 17 0.5882352941176471 0.058823529411764705 0.4 13 0.6923076923076923 0.07692307692307693 0.5 10 0.9 0.1 0.6 10 0.9 0.1 0.7 9 0.8888888888888888 0.1111111111111111 0.9 4 1.0 0.25
11 0.1 18 0.5555555555555556 0.0 0.4 14 0.6428571428571429 0.0 0.5 12 0.75 0.0 0.6 11 0.8181818181818182 0.0 0.7 9 0.8888888888888888 0.0 0.9 4 1.0 0.0
11 0.1 16 0.625 0.0 0.4 12 0.75 0.0 0.5 11 0.8181818181818182 0.0 0.6 10 0.9 0.0 0.7 9 0.8888888888888888 0.0 0.9 3 1.0 0.0
11 0.1 17 0.5882352941176471 0.0 0.4 12 0.75 0.0 0.5 11 0.8181818181818182 0.0 0.6 10 0.9 0.0 0.7 10 0.9 0.0 0.9 4 1.0 0.0
11 0.1 16 0.5625 0.0 0.4 11 0.8181818181818182 0.0 0.5 11 0.8181818181818182 0.0 0.6 11 0.8181818181818182 0.0 0.7 8 1.0 0.0 0.9 2 1.0 0.0
11 0.1 16 0.625 0.0 0.4 12 0.75 0.0 0.5 11 0.8181818181818182 0.0 0.6 11 0.8181818181818182 0.0 0.7 10 0.9 0.0 0.9 2 1.0 0.0
11 0.1 15 0.6666666666666666 0.0 0.4 12 0.75 0.0 0.5 10 0.9 0.0 0.6 10 0.9 0.0 0.7 10 0.9 0.0 0.9 1 1.0 0.0
11 0.1 16 0.625 0.0 0.4 12 0.75 0.0 0.5 11 0.8181818181818182 0.0 0.6 10 0.9 0.0 0.7 9 1.0 0.0 0.9 2 1.0 0.0
11 0.1 15 0.6666666666666666 0.06666666666666667 0.4 11 0.8181818181818182 0.09090909090909091 0.5 10 0.9 0.1 0.6 10 0.9 0.1 0.7 10 0.9 0.1 0.9 2 1.0 0.5
11 0.1 16 0.625 0.0 0.4 11 0.8181818181818182 0.0 0.5 11 0.8181818181818182 0.0 0.6 11 0.8181818181818182 0.0 0.7 11 0.8181818181818182 0.0 0.9 2 1.0 0.0
11 0.1 19 0.5263157894736842 0.05263157894736842 0.4 12 0.75 0.08333333333333333 0.5 11 0.8181818181818182 0.09090909090909091 0.6 11 0.8181818181818182 0.09090909090909091 0.7 10 0.9 0.1 0.9 3 1.0 0.3333333333333333
11 0.1 16 0.625 0.0 0.4 13 0.6923076923076923 0.0 0.5 12 0.75 0.0 0.6 12 0.75 0.0 0.7 10 0.9 0.0 0.9 2 1.0 0.0
11 0.1 16 0.625 0.0 0.4 12 0.75 0.0 0.5 11 0.8181818181818182 0.0 0.6 11 0.8181818181818182 0.0 0.7 11 0.8181818181818182 0.0 0.9 4 1.0 0.0
11 0.1 18 0.5555555555555556 0.0 0.4 12 0.75 0.0 0.5 11 0.8181818181818182 0.0 0.6 11 0.8181818181818182 0.0 0.7 11 0.8181818181818182 0.0 0.9 5 1.0 0.0
11 0.1 18 0.5555555555555556 0.05555555555555555 0.4 11 0.8181818181818182 0.09090909090909091 0.5 11 0.8181818181818182 0.09090909090909091 0.6 11 0.8181818181818182 0.09090909090909091 0.7 11 0.8181818181818182 0.09090909090909091 0.9 4 1.0 0.25
11 0.1 18 0.5555555555555556 0.0 0.4 12 0.75 0.0 0.5 11 0.8181818181818182 0.0 0.6 11 0.8181818181818182 0.0 0.7 11 0.8181818181818182 0.0 0.9 3 1.0 0.0
11 0.1 18 0.5555555555555556 0.0 0.4 13 0.6923076923076923 0.0 0.5 12 0.75 0.0 0.6 10 0.8 0.0 0.7 9 0.8888888888888888 0.0 0.9 2 1.0 0.0
11 0.1 17 0.6470588235294118 0.0 0.4 11 0.8181818181818182 0.0 0.5 10 0.8 0.0 0.6 10 0.8 0.0 0.7 10 0.8 0.0 0.9 3 1.0 0.0
11 0.1 17 0.5882352941176471 0.0 0.4 13 0.7692307692307693 0.0 0.5 13 0.7692307692307693 0.0 0.6 12 0.8333333333333334 0.0 0.7 9 0.8888888888888888 0.0 0.9 2 1.0 0.0
11 0.1 17 0.6470588235294118 0.0 0.4 14 0.7142857142857143 0.0 0.5 14 0.7142857142857143 0.0 0.6 13 0.6923076923076923 0.0 0.7 10 0.9 0.0 0.9 3 1.0 0.0
11 0.1 15 0.6666666666666666 0.0 0.4 14 0.7142857142857143 0.0 0.5 13 0.6923076923076923 0.0 0.6 11 0.8181818181818182 0.0 0.7 11 0.8181818181818182 0.0 0.9 3 1.0 0.0
11 0.1 14 0.7142857142857143 0.0 0.4 13 0.6923076923076923 0.0 0.5 11 0.8181818181818182 0.0 0.6 11 0.8181818181818182 0.0 0.7 9 1.0 0.0 0.9 2 1.0 0.0
11 0.1 17 0.6470588235294118 0.0 0.4 12 0.75 0.0 0.5 10 0.9 0.0 0.6 10 0.9 0.0 0.7 10 0.9 0.0 0.9 3 1.0 0.0
11 0.1 15 0.6666666666666666 0.06666666666666667 0.4 12 0.75 0.08333333333333333 0.5 10 0.9 0.1 0.6 10 0.9 0.1 0.7 10 0.9 0.1 0.9 1 1.0 0.0
11 0.1 18 0.5555555555555556 0.0 0.4 13 0.6923076923076923 0.0 0.5 12 0.75 0.0 0.6 11 0.8181818181818182 0.0 0.7 10 0.9 0.0 0.9 1 1.0 0.0
11 0.1 17 0.5882352941176471 0.0 0.4 12 0.75 0.0 0.5 10 0.9 0.0 0.6 10 0.9 0.0 0.7 10 0.9 0.0 0.9 2 1.0 0.0
11 0.1 16 0.625 0.0 0.4 12 0.75 0.0 0.5 11 0.8181818181818182 0.0 0.6 10 0.9 0.0 0.7 10 0.9 0.0 0.9 3 1.0 0.0
11 0.1 15 0.6666666666666666 0.0 0.4 12 0.75 0.0 0.5 11 0.8181818181818182 0.0 0.6 11 0.8181818181818182 0.0 0.7 10 0.9 0.0 0.9 4 1.0 0.0
11 0.1 15 0.6666666666666666 0.0 0.4 13 0.6923076923076923 0.0 0.5 13 0.6923076923076923 0.0 0.6 11 0.8181818181818182 0.0 0.7 10 0.9 0.0 0.9 4 1.0 0.0
11 0.1 15 0.6 0.0 0.4 11 0.8181818181818182 0.0 0.5 11 0.8181818181818182 0.0 0.6 11 0.8181818181818182 0.0 0.7 11 0.8181818181818182 0.0 0.9 2 1.0 0.0
11 0.1 15 0.6666666666666666 0.0 0.4 12 0.75 0.0 0.5 11 0.8181818181818182 0.0 0.6 11 0.8181818181818182 0.0 0.7 9 1.0 0.0 0.9 3 1.0 0.0
11 0.1 18 0.5555555555555556 0.0 0.4 13 0.6923076923076923 0.0 0.5 11 0.8181818181818182 0.0 0.6 11 0.8181818181818182 0.0 0.7 10 0.9 0.0 0.9 3 1.0 0.0
11 0.1 17 0.6470588235294118 0.0 0.4 13 0.6923076923076923 0.0 0.5 11 0.8181818181818182 0.0 0.6 10 0.9 0.0 0.7 10 0.9 0.0 0.9 3 1.0 0.0
11 0.1 18 0.6111111111111112 0.0 0.4 13 0.6923076923076923 0.0 0.5 13 0.6923076923076923 0.0 0.6 11 0.8181818181818182 0.0 0.7 10 0.9 0.0 0.9 3 1.0 0.0
11 0.1 17 0.6470588235294118 0.0 0.4 12 0.75 0.0 0.5 11 0.8181818181818182 0.0 0.6 10 0.9 0.0 0.7 10 0.9 0.0 0.9 2 1.0 0.0
11 0.1 15 0.6 0.0 0.4 10 0.8 0.0 0.5 10 0.8 0.0 0.6 9 0.8888888888888888 0.0 0.7 8 1.0 0.0 0.9 0 1 1
11 0.1 16 0.625 0.0 0.4 12 0.75 0.0 0.5 11 0.8181818181818182 0.0 0.6 10 0.9 0.0 0.7 10 0.9 0.0 0.9 3 1.0 0.0
11 0.1 13 0.6923076923076923 0.0 0.4 11 0.8181818181818182 0.0 0.5 11 0.8181818181818182 0.0 0.6 11 0.8181818181818182 0.0 0.7 11 0.8181818181818182 0.0 0.9 2 1.0 0.0
11 0.1 16 0.625 0.0 0.4 11 0.8181818181818182 0.0 0.5 11 0.8181818181818182 0.0 0.6 11 0.8181818181818182 0.0 0.7 10 0.9 0.0 0.9 2 1.0 0.0
11 0.1 15 0.6666666666666666 0.0 0.4 11 0.8181818181818182 0.0 0.5 11 0.8181818181818182 0.0 0.6 11 0.8181818181818182 0.0 0.7 10 0.9 0.0 0.9 3 1.0 0.0
11 0.1 17 0.5882352941176471 0.0 0.4 13 0.7692307692307693 0.0 0.5 12 0.75 0.0 0.6 11 0.8181818181818182 0.0 0.7 11 0.8181818181818182 0.0 0.9 3 1.0 0.0
11 0.1 17 0.5882352941176471 0.058823529411764705 0.4 13 0.7692307692307693 0.07692307692307693 0.5 12 0.75 0.08333333333333333 0.6 12 0.75 0.08333333333333333 0.7 12 0.75 0.08333333333333333 0.9 2 1.0 0.0
11 0.1 17 0.5882352941176471 0.0 0.4 13 0.6923076923076923 0.0 0.5 12 0.75 0.0 0.6 11 0.8181818181818182 0.0 0.7 10 0.9 0.0 0.9 2 1.0 0.0
11 0.1 17 0.5882352941176471 0.058823529411764705 0.4 11 0.8181818181818182 0.09090909090909091 0.5 11 0.8181818181818182 0.09090909090909091 0.6 11 0.8181818181818182 0.09090909090909091 0.7 10 0.8 0.1 0.9 3 1.0 0.3333333333333333
11 0.1 18 0.5555555555555556 0.0 0.4 12 0.75 0.0 0.5 10 0.9 0.0 0.6 10 0.9 0.0 0.7 10 0.9 0.0 0.9 2 1.0 0.0
11 0.1 18 0.5555555555555556 0.0 0.4 11 0.8181818181818182 0.0 0.5 11 0.8181818181818182 0.0 0.6 10 0.9 0.0 0.7 10 0.9 0.0 0.9 2 1.0 0.0
11 0.1 19 0.5263157894736842 0.0 0.4 13 0.6923076923076923 0.0 0.5 12 0.75 0.0 0.6 12 0.75 0.0 0.7 10 0.9 0.0 0.9 2 1.0 0.0
11 0.1 18 0.5555555555555556 0.0 0.4 14 0.6428571428571429 0.0 0.5 14 0.6428571428571429 0.0 0.6 11 0.8181818181818182 0.0 0.7 9 1.0 0.0 0.9 3 1.0 0.0
