20 0.1 0 1 1 0.4 0 1 1 0.5 0 1 1 0.6 0 1 1 0.7 0 1 1 0.9 0 1 1
20 0.1 30 0.03333333333333333 0.0 0.4 0 1 1 0.5 0 1 1 0.6 0 1 1 0.7 0 1 1 0.9 0 1 1
20 0.1 139 0.10071942446043165 0.0 0.4 7 0.0 0.0 0.5 3 0.0 0.0 0.6 2 0.0 0.0 0.7 2 0.0 0.0 0.9 0 1 1
20 0.1 143 0.08391608391608392 0.0 0.4 23 0.2608695652173913 0.0 0.5 6 0.3333333333333333 0.0 0.6 1 1.0 0.0 0.7 0 1 1 0.9 0 1 1
20 0.1 378 0.05026455026455026 0.0 0.4 99 0.1717171717171717 0.0 0.5 63 0.25396825396825395 0.0 0.6 26 0.38461538461538464 0.0 0.7 5 0.8 0.0 0.9 0 1 1
20 0.1 168 0.1130952380952381 0.0 0.4 20 0.45 0.0 0.5 5 0.4 0.0 0.6 2 1.0 0.0 0.7 0 1 1 0.9 0 1 1
20 0.1 181 0.10497237569060773 0.0 0.4 37 0.2702702702702703 0.0 0.5 15 0.6 0.0 0.6 2 1.0 0.0 0.7 0 1 1 0.9 0 1 1
20 0.1 133 0.14285714285714285 0.0 0.4 4 0.5 0.0 0.5 0 1 1 0.6 0 1 1 0.7 0 1 1 0.9 0 1 1
20 0.1 124 0.14516129032258066 0.0 0.4 30 0.4 0.0 0.5 17 0.5294117647058824 0.0 0.6 8 0.625 0.0 0.7 2 1.0 0.0 0.9 0 1 1
20 0.1 92 0.18478260869565216 0.0 0.4 19 0.631578947368421 0.0 0.5 8 1.0 0.0 0.6 4 1.0 0.0 0.7 1 1.0 0.0 0.9 0 1 1
20 0.1 108 0.17592592592592593 0.0 0.4 22 0.45454545454545453 0.0 0.5 14 0.42857142857142855 0.0 0.6 6 1.0 0.0 0.7 0 1 1 0.9 0 1 1
20 0.1 59 0.3220338983050847 0.0 0.4 22 0.5454545454545454 0.0 0.5 12 0.6666666666666666 0.0 0.6 5 0.8 0.0 0.7 1 1.0 0.0 0.9 0 1 1
20 0.1 15 0.6666666666666666 0.0 0.4 4 0.75 0.0 0.5 2 1.0 0.0 0.6 0 1 1 0.7 0 1 1 0.9 0 1 1
20 0.1 26 0.5769230769230769 0.0 0.4 7 0.5714285714285714 0.0 0.5 3 1.0 0.0 0.6 1 1.0 0.0 0.7 0 1 1 0.9 0 1 1
20 0.1 94 0.20212765957446807 0.0 0.4 41 0.43902439024390244 0.0 0.5 29 0.5517241379310345 0.0 0.6 23 0.6086956521739131 0.0 0.7 11 0.8181818181818182 0.0 0.9 0 1 1
20 0.1 72 0.2638888888888889 0.0 0.4 30 0.6 0.0 0.5 24 0.625 0.0 0.6 16 0.625 0.0 0.7 8 1.0 0.0 0.9 0 1 1
20 0.1 48 0.375 0.0 0.4 18 0.7777777777777778 0.0 0.5 13 0.9230769230769231 0.0 0.6 7 1.0 0.0 0.7 3 1.0 0.0 0.9 0 1 1
20 0.1 53 0.32075471698113206 0.0 0.4 31 0.45161290322580644 0.0 0.5 18 0.5 0.0 0.6 10 0.5 0.0 0.7 4 1.0 0.0 0.9 0 1 1
20 0.1 10 0.3 0.0 0.4 0 1 1 0.5 0 1 1 0.6 0 1 1 0.7 0 1 1 0.9 0 1 1
20 0.1 50 0.36 0.0 0.4 17 0.7647058823529411 0.0 0.5 13 0.9230769230769231 0.0 0.6 6 1.0 0.0 0.7 3 1.0 0.0 0.9 0 1 1
20 0.1 31 0.45161290322580644 0.0 0.4 10 0.6 0.0 0.5 8 0.5 0.0 0.6 2 0.5 0.0 0.7 0 1 1 0.9 0 1 1
20 0.1 23 0.5652173913043478 0.0 0.4 10 0.7 0.0 0.5 8 0.75 0.0 0.6 4 1.0 0.0 0.7 2 1.0 0.0 0.9 0 1 1
20 0.1 45 0.4222222222222222 0.0 0.4 23 0.7391304347826086 0.0 0.5 18 0.7777777777777778 0.0 0.6 15 0.9333333333333333 0.0 0.7 11 1.0 0.0 0.9 0 1 1
20 0.1 3 0.6666666666666666 0.0 0.4 0 1 1 0.5 0 1 1 0.6 0 1 1 0.7 0 1 1 0.9 0 1 1
20 0.1 71 0.2676056338028169 0.0 0.4 25 0.6 0.0 0.5 19 0.7368421052631579 0.0 0.6 8 0.875 0.0 0.7 4 1.0 0.0 0.9 0 1 1
20 0.1 39 0.46153846153846156 0.0 0.4 20 0.75 0.0 0.5 17 0.7647058823529411 0.0 0.6 13 0.8461538461538461 0.0 0.7 8 0.875 0.0 0.9 0 1 1
20 0.1 25 0.72 0.0 0.4 13 0.9230769230769231 0.0 0.5 9 1.0 0.0 0.6 7 1.0 0.0 0.7 2 1.0 0.0 0.9 0 1 1
20 0.1 0 1 1 0.4 0 1 1 0.5 0 1 1 0.6 0 1 1 0.7 0 1 1 0.9 0 1 1
20 0.1 0 1 1 0.4 0 1 1 0.5 0 1 1 0.6 0 1 1 0.7 0 1 1 0.9 0 1 1
20 0.1 2 0.0 0.0 0.4 0 1 1 0.5 0 1 1 0.6 0 1 1 0.7 0 1 1 0.9 0 1 1
20 0.1 1 0.0 0.0 0.4 0 1 1 0.5 0 1 1 0.6 0 1 1 0.7 0 1 1 0.9 0 1 1
20 0.1 24 0.3333333333333333 0.0 0.4 4 0.25 0.0 0.5 1 0.0 0.0 0.6 1 0.0 0.0 0.7 0 1 1 0.9 0 1 1
20 0.1 0 1 1 0.4 0 1 1 0.5 0 1 1 0.6 0 1 1 0.7 0 1 1 0.9 0 1 1
20 0.1 0 1 1 0.4 0 1 1 0.5 0 1 1 0.6 0 1 1 0.7 0 1 1 0.9 0 1 1
20 0.1 14 0.7857142857142857 0.0 0.4 4 0.75 0.0 0.5 1 1.0 0.0 0.6 0 1 1 0.7 0 1 1 0.9 0 1 1
20 0.1 2 0.0 0.0 0.4 0 1 1 0.5 0 1 1 0.6 0 1 1 0.7 0 1 1 0.9 0 1 1
20 0.1 38 0.34210526315789475 0.0 0.4 10 0.6 0.0 0.5 5 1.0 0.0 0.6 4 1.0 0.0 0.7 1 1.0 0.0 0.9 0 1 1
20 0.1 30 0.4666666666666667 0.03333333333333333 0.4 9 0.7777777777777778 0.0 0.5 5 0.8 0.0 0.6 3 1.0 0.0 0.7 1 1.0 0.0 0.9 0 1 1
20 0.1 30 0.36666666666666664 0.0 0.4 3 1.0 0.0 0.5 1 1.0 0.0 0.6 1 1.0 0.0 0.7 0 1 1 0.9 0 1 1
20 0.1 22 0.3181818181818182 0.0 0.4 2 0.5 0.0 0.5 1 0.0 0.0 0.6 0 1 1 0.7 0 1 1 0.9 0 1 1
20 0.1 37 0.4594594594594595 0.0 0.4 7 0.8571428571428571 0.0 0.5 5 1.0 0.0 0.6 3 1.0 0.0 0.7 1 1.0 0.0 0.9 0 1 1
20 0.1 30 0.5666666666666667 0.0 0.4 9 0.8888888888888888 0.0 0.5 6 0.8333333333333334 0.0 0.6 3 1.0 0.0 0.7 2 1.0 0.0 0.9 0 1 1
20 0.1 23 0.17391304347826086 0.0 0.4 1 0.0 0.0 0.5 0 1 1 0.6 0 1 1 0.7 0 1 1 0.9 0 1 1
20 0.1 28 0.5714285714285714 0.0 0.4 8 1.0 0.0 0.5 5 1.0 0.0 0.6 2 1.0 0.0 0.7 1 1.0 0.0 0.9 0 1 1
20 0.1 25 0.64 0.0 0.4 12 0.9166666666666666 0.0 0.5 7 1.0 0.0 0.6 4 1.0 0.0 0.7 2 1.0 0.0 0.9 0 1 1
20 0.1 27 0.6666666666666666 0.0 0.4 15 0.8666666666666667 0.0 0.5 10 0.9 0.0 0.6 7 1.0 0.0 0.7 3 1.0 0.0 0.9 0 1 1
20 0.1 66 0.25757575757575757 0.0 0.4 9 0.6666666666666666 0.0 0.5 3 0.6666666666666666 0.0 0.6 1 1.0 0.0 0.7 1 1.0 0.0 0.9 0 1 1
20 0.1 0 1 1 0.4 0 1 1 0.5 0 1 1 0.6 0 1 1 0.7 0 1 1 0.9 0 1 1
20 0.1 28 0.6071428571428571 0.0 0.4 13 0.9230769230769231 0.0 0.5 10 1.0 0.0 0.6 5 1.0 0.0 0.7 2 1.0 0.0 0.9 0 1 1
20 0.1 29 0.5862068965517241 0.034482758620689655 0.4 15 0.8666666666666667 0.06666666666666667 0.5 12 0.9166666666666666 0.08333333333333333 0.6 6 0.8333333333333334 0.16666666666666666 0.7 5 1.0 0.2 0.9 0 1 1
20 0.1 19 0.6842105263157895 0.0 0.4 4 1.0 0.0 0.5 3 1.0 0.0 0.6 1 1.0 0.0 0.7 1 1.0 0.0 0.9 0 1 1
20 0.1 25 0.64 0.04 0.4 13 0.9230769230769231 0.0 0.5 10 0.9 0.0 0.6 7 1.0 0.0 0.7 5 1.0 0.0 0.9 0 1 1
20 0.1 21 0.7619047619047619 0.0 0.4 11 0.8181818181818182 0.0 0.5 8 1.0 0.0 0.6 5 1.0 0.0 0.7 2 1.0 0.0 0.9 0 1 1
20 0.1 25 0.72 0.04 0.4 12 0.8333333333333334 0.08333333333333333 0.5 6 1.0 0.0 0.6 5 1.0 0.0 0.7 2 1.0 0.0 0.9 0 1 1
20 0.1 32 0.5625 0.0 0.4 18 0.8888888888888888 0.0 0.5 16 0.875 0.0 0.6 12 1.0 0.0 0.7 8 1.0 0.0 0.9 0 1 1
20 0.1 23 0.782608695652174 0.0 0.4 15 0.9333333333333333 0.0 0.5 14 1.0 0.0 0.6 12 1.0 0.0 0.7 8 1.0 0.0 0.9 0 1 1
20 0.1 43 0.4418604651162791 0.0 0.4 16 0.875 0.0 0.5 10 1.0 0.0 0.6 7 1.0 0.0 0.7 4 1.0 0.0 0.9 0 1 1
20 0.1 33 0.5151515151515151 0.0 0.4 16 0.9375 0.0 0.5 15 0.9333333333333333 0.0 0.6 13 1.0 0.0 0.7 7 1.0 0.0 0.9 0 1 1
20 0.1 32 0.5625 0.0 0.4 20 0.8 0.0 0.5 18 0.7777777777777778 0.0 0.6 12 1.0 0.0 0.7 6 1.0 0.0 0.9 0 1 1
20 0.1 24 0.7083333333333334 0.0 0.4 14 0.9285714285714286 0.0 0.5 14 0.9285714285714286 0.0 0.6 9 1.0 0.0 0.7 4 1.0 0.0 0.9 1 1.0 0.0
20 0.1 28 0.6428571428571429 0.03571428571428571 0.4 17 0.9411764705882353 0.058823529411764705 0.5 15 1.0 0.06666666666666667 0.6 12 1.0 0.08333333333333333 0.7 5 1.0 0.0 0.9 0 1 1
20 0.1 67 0.29850746268656714 0.0 0.4 18 0.6666666666666666 0.0 0.5 10 0.8 0.0 0.6 3 1.0 0.0 0.7 3 1.0 0.0 0.9 0 1 1
20 0.1 40 0.5 0.0 0.4 20 0.8 0.0 0.5 17 0.9411764705882353 0.0 0.6 13 0.9230769230769231 0.0 0.7 8 1.0 0.0 0.9 0 1 1
20 0.1 39 0.48717948717948717 0.0 0.4 15 0.8666666666666667 0.0 0.5 7 1.0 0.0 0.6 3 1.0 0.0 0.7 2 1.0 0.0 0.9 0 1 1
20 0.1 28 0.6785714285714286 0.0 0.4 18 0.8333333333333334 0.0 0.5 15 0.8666666666666667 0.0 0.6 11 0.9090909090909091 0.0 0.7 6 1.0 0.0 0.9 0 1 1
20 0.1 30 0.6666666666666666 0.0 0.4 16 0.9375 0.0 0.5 13 1.0 0.0 0.6 9 1.0 0.0 0.7 3 1.0 0.0 0.9 0 1 1
20 0.1 25 0.72 0.0 0.4 16 0.9375 0.0 0.5 16 0.9375 0.0 0.6 11 1.0 0.0 0.7 6 1.0 0.0 0.9 0 1 1
20 0.1 57 0.3508771929824561 0.0 0.4 20 0.75 0.0 0.5 18 0.7777777777777778 0.0 0.6 14 0.8571428571428571 0.0 0.7 6 1.0 0.0 0.9 0 1 1
20 0.1 30 0.6333333333333333 0.0 0.4 20 0.85 0.0 0.5 19 0.8421052631578947 0.0 0.6 16 0.8125 0.0 0.7 9 1.0 0.0 0.9 0 1 1
20 0.1 26 0.7307692307692307 0.0 0.4 20 0.8 0.0 0.5 18 0.8888888888888888 0.0 0.6 15 0.8666666666666667 0.0 0.7 11 0.9090909090909091 0.0 0.9 0 1 1
20 0.1 31 0.6129032258064516 0.0 0.4 20 0.8 0.0 0.5 18 0.8888888888888888 0.0 0.6 14 0.9285714285714286 0.0 0.7 11 1.0 0.0 0.9 0 1 1
20 0.1 35 0.5714285714285714 0.0 0.4 15 0.8 0.0 0.5 12 0.8333333333333334 0.0 0.6 5 1.0 0.0 0.7 4 1.0 0.0 0.9 0 1 1
20 0.1 38 0.5263157894736842 0.0 0.4 16 0.9375 0.0 0.5 13 0.9230769230769231 0.0 0.6 5 1.0 0.0 0.7 5 1.0 0.0 0.9 0 1 1
20 0.1 65 0.3076923076923077 0.015384615384615385 0.4 24 0.6666666666666666 0.041666666666666664 0.5 19 0.6842105263157895 0.05263157894736842 0.6 14 0.7857142857142857 0.07142857142857142 0.7 7 0.8571428571428571 0.14285714285714285 0.9 0 1 1
20 0.1 30 0.6 0.0 0.4 17 0.7647058823529411 0.0 0.5 15 0.8666666666666667 0.0 0.6 13 0.9230769230769231 0.0 0.7 5 1.0 0.0 0.9 0 1 1
20 0.1 38 0.5263157894736842 0.0 0.4 17 0.8823529411764706 0.0 0.5 16 0.875 0.0 0.6 12 0.9166666666666666 0.0 0.7 7 1.0 0.0 0.9 0 1 1
20 0.1 33 0.6060606060606061 0.0 0.4 20 0.85 0.0 0.5 18 0.9444444444444444 0.0 0.6 16 0.9375 0.0 0.7 10 0.9 0.0 0.9 0 1 1
20 0.1 28 0.6785714285714286 0.0 0.4 18 0.8888888888888888 0.0 0.5 17 0.8823529411764706 0.0 0.6 16 0.875 0.0 0.7 14 0.9285714285714286 0.0 0.9 0 1 1
20 0.1 30 0.6333333333333333 0.0 0.4 20 0.85 0.0 0.5 18 0.8888888888888888 0.0 0.6 16 0.9375 0.0 0.7 12 1.0 0.0 0.9 0 1 1
20 0.1 59 0.288135593220339 0.0 0.4 15 0.8 0.0 0.5 11 0.8181818181818182 0.0 0.6 8 0.875 0.0 0.7 2 0.5 0.0 0.9 0 1 1
20 0.1 27 0.7037037037037037 0.0 0.4 20 0.8 0.0 0.5 19 0.8421052631578947 0.0 0.6 15 0.8666666666666667 0.0 0.7 11 0.9090909090909091 0.0 0.9 0 1 1
20 0.1 25 0.72 0.04 0.4 16 0.875 0.0625 0.5 14 0.9285714285714286 0.07142857142857142 0.6 12 0.9166666666666666 0.08333333333333333 0.7 6 1.0 0.16666666666666666 0.9 0 1 1
20 0.1 26 0.6923076923076923 0.0 0.4 22 0.8181818181818182 0.0 0.5 17 0.8823529411764706 0.0 0.6 12 1.0 0.0 0.7 11 1.0 0.0 0.9 0 1 1
20 0.1 30 0.6333333333333333 0.0 0.4 22 0.7727272727272727 0.0 0.5 18 0.8888888888888888 0.0 0.6 16 0.9375 0.0 0.7 14 1.0 0.0 0.9 1 1.0 0.0
20 0.1 34 0.5588235294117647 0.029411764705882353 0.4 22 0.7272727272727273 0.045454545454545456 0.5 21 0.7142857142857143 0.047619047619047616 0.6 18 0.8333333333333334 0.05555555555555555 0.7 12 0.9166666666666666 0.08333333333333333 0.9 0 1 1
20 0.1 37 0.5405405405405406 0.0 0.4 24 0.75 0.0 0.5 21 0.8095238095238095 0.0 0.6 15 0.9333333333333333 0.0 0.7 9 1.0 0.0 0.9 1 1.0 0.0
20 0.1 29 0.6551724137931034 0.0 0.4 22 0.7727272727272727 0.0 0.5 18 0.7777777777777778 0.0 0.6 14 0.9285714285714286 0.0 0.7 13 0.9230769230769231 0.0 0.9 1 1.0 0.0
20 0.1 35 0.5142857142857142 0.02857142857142857 0.4 23 0.6956521739130435 0.043478260869565216 0.5 20 0.75 0.05 0.6 15 0.9333333333333333 0.06666666666666667 0.7 13 0.9230769230769231 0.07692307692307693 0.9 0 1 1
20 0.1 27 0.6666666666666666 0.0 0.4 21 0.8571428571428571 0.0 0.5 18 1.0 0.0 0.6 16 1.0 0.0 0.7 10 1.0 0.0 0.9 0 1 1
20 0.1 27 0.7037037037037037 0.0 0.4 23 0.7391304347826086 0.0 0.5 19 0.8947368421052632 0.0 0.6 16 1.0 0.0 0.7 10 1.0 0.0 0.9 0 1 1
20 0.1 28 0.6428571428571429 0.0 0.4 21 0.8571428571428571 0.0 0.5 18 0.8888888888888888 0.0 0.6 16 0.9375 0.0 0.7 12 1.0 0.0 0.9 0 1 1
20 0.1 29 0.6896551724137931 0.0 0.4 22 0.8181818181818182 0.0 0.5 21 0.8571428571428571 0.0 0.6 17 0.9411764705882353 0.0 0.7 14 0.9285714285714286 0.0 0.9 0 1 1
20 0.1 28 0.7142857142857143 0.0 0.4 22 0.7727272727272727 0.0 0.5 19 0.8421052631578947 0.0 0.6 13 0.9230769230769231 0.0 0.7 9 1.0 0.0 0.9 0 1 1
20 0.1 36 0.5555555555555556 0.027777777777777776 0.4 21 0.8571428571428571 0.047619047619047616 0.5 19 0.8947368421052632 0.05263157894736842 0.6 17 1.0 0.058823529411764705 0.7 13 1.0 0.07692307692307693 0.9 1 1.0 0.0
20 0.1 26 0.6538461538461539 0.038461538461538464 0.4 22 0.7727272727272727 0.045454545454545456 0.5 21 0.8095238095238095 0.047619047619047616 0.6 19 0.8421052631578947 0.05263157894736842 0.7 14 0.8571428571428571 0.0 0.9 1 1.0 0.0
20 0.1 35 0.5714285714285714 0.02857142857142857 0.4 24 0.75 0.041666666666666664 0.5 22 0.7727272727272727 0.045454545454545456 0.6 21 0.8095238095238095 0.047619047619047616 0.7 17 0.8823529411764706 0.058823529411764705 0.9 0 1 1
20 0.1 44 0.4318181818181818 0.0 0.4 28 0.6428571428571429 0.0 0.5 23 0.7391304347826086 0.0 0.6 15 0.8666666666666667 0.0 0.7 11 0.9090909090909091 0.0 0.9 0 1 1
20 0.1 29 0.6551724137931034 0.0 0.4 22 0.8181818181818182 0.0 0.5 19 0.8421052631578947 0.0 0.6 16 0.8125 0.0 0.7 12 0.8333333333333334 0.0 0.9 0 1 1
20 0.1 32 0.59375 0.0 0.4 19 0.8421052631578947 0.0 0.5 17 0.8235294117647058 0.0 0.6 13 0.8461538461538461 0.0 0.7 8 0.875 0.0 0.9 0 1 1
20 0.1 29 0.6551724137931034 0.0 0.4 22 0.7272727272727273 0.0 0.5 18 0.7777777777777778 0.0 0.6 16 0.8125 0.0 0.7 12 0.9166666666666666 0.0 0.9 0 1 1
20 0.1 32 0.59375 0.03125 0.4 20 0.8 0.05 0.5 18 0.8333333333333334 0.05555555555555555 0.6 17 0.8823529411764706 0.058823529411764705 0.7 12 1.0 0.0 0.9 0 1 1
20 0.1 30 0.6666666666666666 0.0 0.4 20 0.85 0.0 0.5 19 0.8947368421052632 0.0 0.6 16 0.875 0.0 0.7 10 0.9 0.0 0.9 0 1 1
20 0.1 28 0.7142857142857143 0.03571428571428571 0.4 23 0.8260869565217391 0.043478260869565216 0.5 22 0.8181818181818182 0.045454545454545456 0.6 21 0.8571428571428571 0.047619047619047616 0.7 15 0.8666666666666667 0.06666666666666667 0.9 0 1 1
20 0.1 27 0.7037037037037037 0.0 0.4 23 0.8260869565217391 0.0 0.5 23 0.8260869565217391 0.0 0.6 21 0.8571428571428571 0.0 0.7 20 0.85 0.0 0.9 0 1 1
20 0.1 29 0.6551724137931034 0.034482758620689655 0.4 24 0.7916666666666666 0.041666666666666664 0.5 23 0.8260869565217391 0.043478260869565216 0.6 21 0.8571428571428571 0.047619047619047616 0.7 17 0.8823529411764706 0.0 0.9 0 1 1
20 0.1 34 0.5882352941176471 0.0 0.4 24 0.75 0.0 0.5 21 0.8095238095238095 0.0 0.6 19 0.8421052631578947 0.0 0.7 16 0.875 0.0 0.9 0 1 1
20 0.1 33 0.5757575757575758 0.0 0.4 23 0.782608695652174 0.0 0.5 23 0.782608695652174 0.0 0.6 22 0.8181818181818182 0.0 0.7 17 0.8235294117647058 0.0 0.9 0 1 1
20 0.1 30 0.6666666666666666 0.03333333333333333 0.4 23 0.8260869565217391 0.043478260869565216 0.5 23 0.8260869565217391 0.043478260869565216 0.6 20 0.85 0.05 0.7 13 0.9230769230769231 0.07692307692307693 0.9 0 1 1
20 0.1 29 0.6896551724137931 0.0 0.4 20 0.85 0.0 0.5 19 0.8421052631578947 0.0 0.6 16 0.875 0.0 0.7 14 0.9285714285714286 0.0 0.9 0 1 1
20 0.1 32 0.625 0.0 0.4 22 0.8181818181818182 0.0 0.5 21 0.8571428571428571 0.0 0.6 21 0.8571428571428571 0.0 0.7 15 0.9333333333333333 0.0 0.9 0 1 1
20 0.1 29 0.6896551724137931 0.034482758620689655 0.4 22 0.8181818181818182 0.0 0.5 20 0.9 0.0 0.6 18 0.8888888888888888 0.0 0.7 14 1.0 0.0 0.9 0 1 1
20 0.1 28 0.6428571428571429 0.0 0.4 22 0.8181818181818182 0.0 0.5 21 0.8095238095238095 0.0 0.6 20 0.85 0.0 0.7 20 0.85 0.0 0.9 1 1.0 0.0
20 0.1 28 0.7142857142857143 0.0 0.4 24 0.7916666666666666 0.0 0.5 20 0.9 0.0 0.6 18 0.9444444444444444 0.0 0.7 15 0.9333333333333333 0.0 0.9 0 1 1
20 0.1 30 0.6666666666666666 0.0 0.4 23 0.8260869565217391 0.0 0.5 22 0.8181818181818182 0.0 0.6 21 0.8571428571428571 0.0 0.7 17 0.9411764705882353 0.0 0.9 0 1 1
20 0.1 27 0.6666666666666666 0.037037037037037035 0.4 20 0.85 0.05 0.5 17 0.9411764705882353 0.058823529411764705 0.6 17 0.9411764705882353 0.058823529411764705 0.7 16 0.9375 0.0625 0.9 0 1 1
20 0.1 31 0.6451612903225806 0.0 0.4 23 0.8260869565217391 0.0 0.5 22 0.8636363636363636 0.0 0.6 17 1.0 0.0 0.7 13 1.0 0.0 0.9 0 1 1
20 0.1 29 0.6896551724137931 0.0 0.4 23 0.782608695652174 0.0 0.5 21 0.8095238095238095 0.0 0.6 20 0.85 0.0 0.7 14 0.9285714285714286 0.0 0.9 0 1 1
20 0.1 29 0.6896551724137931 0.034482758620689655 0.4 20 0.85 0.05 0.5 20 0.85 0.05 0.6 18 0.8888888888888888 0.05555555555555555 0.7 15 0.9333333333333333 0.06666666666666667 0.9 0 1 1
20 0.1 25 0.72 0.0 0.4 22 0.8181818181818182 0.0 0.5 22 0.8181818181818182 0.0 0.6 18 0.8888888888888888 0.0 0.7 16 0.875 0.0 0.9 0 1 1
20 0.1 26 0.7307692307692307 0.07692307692307693 0.4 21 0.8571428571428571 0.09523809523809523 0.5 20 0.85 0.1 0.6 19 0.8947368421052632 0.10526315789473684 0.7 14 1.0 0.07142857142857142 0.9 0 1 1
20 0.1 27 0.6666666666666666 0.0 0.4 22 0.7727272727272727 0.0 0.5 21 0.7619047619047619 0.0 0.6 17 0.8235294117647058 0.0 0.7 14 0.8571428571428571 0.0 0.9 0 1 1
20 0.1 30 0.6333333333333333 0.0 0.4 23 0.782608695652174 0.0 0.5 22 0.8181818181818182 0.0 0.6 16 0.9375 0.0 0.7 13 0.9230769230769231 0.0 0.9 0 1 1
20 0.1 24 0.75 0.0 0.4 21 0.8571428571428571 0.0 0.5 19 0.8421052631578947 0.0 0.6 15 0.8 0.0 0.7 13 0.8461538461538461 0.0 0.9 0 1 1
20 0.1 29 0.6551724137931034 0.034482758620689655 0.4 23 0.8260869565217391 0.043478260869565216 0.5 23 0.8260869565217391 0.043478260869565216 0.6 20 0.9 0.05 0.7 14 0.9285714285714286 0.07142857142857142 0.9 0 1 1
20 0.1 26 0.7307692307692307 0.07692307692307693 0.4 22 0.7727272727272727 0.09090909090909091 0.5 22 0.7727272727272727 0.09090909090909091 0.6 18 0.8333333333333334 0.1111111111111111 0.7 16 0.8125 0.125 0.9 0 1 1
20 0.1 31 0.6451612903225806 0.03225806451612903 0.4 24 0.7916666666666666 0.041666666666666664 0.5 24 0.7916666666666666 0.041666666666666664 0.6 21 0.9047619047619048 0.047619047619047616 0.7 20 0.9 0.05 0.9 0 1 1
20 0.1 27 0.7037037037037037 0.07407407407407407 0.4 23 0.8260869565217391 0.08695652173913043 0.5 23 0.8260869565217391 0.08695652173913043 0.6 19 0.8947368421052632 0.10526315789473684 0.7 17 0.8823529411764706 0.11764705882352941 0.9 0 1 1
20 0.1 32 0.625 0.0625 0.4 23 0.8260869565217391 0.08695652173913043 0.5 21 0.8095238095238095 0.09523809523809523 0.6 19 0.8421052631578947 0.10526315789473684 0.7 16 0.9375 0.125 0.9 0 1 1
20 0.1 27 0.7037037037037037 0.0 0.4 23 0.8260869565217391 0.0 0.5 21 0.8571428571428571 0.0 0.6 19 0.8947368421052632 0.0 0.7 15 0.8666666666666667 0.0 0.9 0 1 1
20 0.1 30 0.6333333333333333 0.03333333333333333 0.4 24 0.75 0.041666666666666664 0.5 23 0.782608695652174 0.043478260869565216 0.6 21 0.8095238095238095 0.047619047619047616 0.7 19 0.8421052631578947 0.05263157894736842 0.9 0 1 1
20 0.1 29 0.6896551724137931 0.0 0.4 24 0.75 0.0 0.5 21 0.8095238095238095 0.0 0.6 20 0.85 0.0 0.7 18 0.8333333333333334 0.0 0.9 0 1 1
20 0.1 30 0.6333333333333333 0.03333333333333333 0.4 23 0.8260869565217391 0.043478260869565216 0.5 22 0.8636363636363636 0.045454545454545456 0.6 21 0.9047619047619048 0.047619047619047616 0.7 19 0.8947368421052632 0.05263157894736842 0.9 0 1 1
20 0.1 29 0.6896551724137931 0.0 0.4 22 0.8636363636363636 0.0 0.5 22 0.8636363636363636 0.0 0.6 21 0.8571428571428571 0.0 0.7 19 0.9473684210526315 0.0 0.9 0 1 1
20 0.1 30 0.6333333333333333 0.0 0.4 22 0.8181818181818182 0.0 0.5 19 0.8947368421052632 0.0 0.6 18 0.9444444444444444 0.0 0.7 17 0.9411764705882353 0.0 0.9 0 1 1
20 0.1 26 0.7307692307692307 0.07692307692307693 0.4 22 0.8636363636363636 0.09090909090909091 0.5 21 0.9047619047619048 0.09523809523809523 0.6 20 0.9 0.1 0.7 20 0.9 0.1 0.9 0 1 1
20 0.1 27 0.7037037037037037 0.037037037037037035 0.4 21 0.8571428571428571 0.047619047619047616 0.5 20 0.9 0.05 0.6 19 0.8947368421052632 0.05263157894736842 0.7 19 0.8947368421052632 0.05263157894736842 0.9 0 1 1
20 0.1 26 0.7307692307692307 0.0 0.4 23 0.8260869565217391 0.0 0.5 22 0.8181818181818182 0.0 0.6 20 0.9 0.0 0.7 20 0.9 0.0 0.9 0 1 1
20 0.1 30 0.6333333333333333 0.0 0.4 21 0.8571428571428571 0.0 0.5 21 0.8571428571428571 0.0 0.6 20 0.9 0.0 0.7 16 0.875 0.0 0.9 0 1 1
20 0.1 30 0.6333333333333333 0.03333333333333333 0.4 22 0.8181818181818182 0.045454545454545456 0.5 20 0.9 0.05 0.6 20 0.9 0.05 0.7 17 0.8823529411764706 0.058823529411764705 0.9 1 1.0 0.0
20 0.1 28 0.6785714285714286 0.0 0.4 24 0.7916666666666666 0.0 0.5 24 0.7916666666666666 0.0 0.6 23 0.8260869565217391 0.0 0.7 22 0.8636363636363636 0.0 0.9 1 1.0 0.0
20 0.1 31 0.6129032258064516 0.0 0.4 24 0.7916666666666666 0.0 0.5 21 0.9047619047619048 0.0 0.6 20 0.95 0.0 0.7 17 1.0 0.0 0.9 1 1.0 0.0
20 0.1 28 0.6428571428571429 0.03571428571428571 0.4 23 0.782608695652174 0.043478260869565216 0.5 21 0.8571428571428571 0.047619047619047616 0.6 20 0.9 0.05 0.7 18 0.8888888888888888 0.05555555555555555 0.9 1 1.0 0.0
20 0.1 28 0.6785714285714286 0.0 0.4 21 0.8571428571428571 0.0 0.5 19 0.8947368421052632 0.0 0.6 19 0.8947368421052632 0.0 0.7 14 0.9285714285714286 0.0 0.9 0 1 1
20 0.1 28 0.6428571428571429 0.0 0.4 22 0.7727272727272727 0.0 0.5 20 0.85 0.0 0.6 19 0.8947368421052632 0.0 0.7 18 0.8888888888888888 0.0 0.9 1 1.0 0.0
20 0.1 28 0.6785714285714286 0.03571428571428571 0.4 23 0.782608695652174 0.043478260869565216 0.5 22 0.8181818181818182 0.045454545454545456 0.6 20 0.85 0.05 0.7 16 0.875 0.0625 0.9 0 1 1
20 0.1 32 0.5625 0.0 0.4 23 0.782608695652174 0.0 0.5 22 0.8181818181818182 0.0 0.6 20 0.8 0.0 0.7 18 0.8333333333333334 0.0 0.9 0 1 1
20 0.1 29 0.6896551724137931 0.0 0.4 24 0.7916666666666666 0.0 0.5 23 0.8260869565217391 0.0 0.6 23 0.8260869565217391 0.0 0.7 20 0.9 0.0 0.9 1 1.0 0.0
20 0.1 26 0.7307692307692307 0.038461538461538464 0.4 22 0.8181818181818182 0.045454545454545456 0.5 22 0.8181818181818182 0.045454545454545456 0.6 21 0.8571428571428571 0.047619047619047616 0.7 20 0.9 0.05 0.9 1 1.0 0.0
20 0.1 30 0.6333333333333333 0.0 0.4 24 0.7916666666666666 0.0 0.5 24 0.7916666666666666 0.0 0.6 22 0.8181818181818182 0.0 0.7 19 0.8421052631578947 0.0 0.9 0 1 1
20 0.1 30 0.6333333333333333 0.0 0.4 24 0.75 0.0 0.5 21 0.8095238095238095 0.0 0.6 20 0.8 0.0 0.7 19 0.8421052631578947 0.0 0.9 0 1 1
20 0.1 31 0.6129032258064516 0.03225806451612903 0.4 24 0.7916666666666666 0.041666666666666664 0.5 23 0.8260869565217391 0.043478260869565216 0.6 20 0.85 0.05 0.7 19 0.8421052631578947 0.05263157894736842 0.9 0 1 1
20 0.1 26 0.7307692307692307 0.038461538461538464 0.4 23 0.782608695652174 0.043478260869565216 0.5 21 0.8571428571428571 0.047619047619047616 0.6 20 0.85 0.05 0.7 19 0.8947368421052632 0.05263157894736842 0.9 1 1.0 0.0
20 0.1 29 0.6206896551724138 0.06896551724137931 0.4 22 0.8181818181818182 0.09090909090909091 0.5 22 0.8181818181818182 0.09090909090909091 0.6 19 0.8947368421052632 0.10526315789473684 0.7 17 0.9411764705882353 0.11764705882352941 0.9 0 1 1
20 0.1 30 0.6666666666666666 0.1 0.4 23 0.8260869565217391 0.13043478260869565 0.5 22 0.8636363636363636 0.13636363636363635 0.6 22 0.8636363636363636 0.13636363636363635 0.7 19 0.8947368421052632 0.10526315789473684 0.9 1 1.0 0.0
20 0.1 27 0.7037037037037037 0.037037037037037035 0.4 23 0.8260869565217391 0.043478260869565216 0.5 23 0.8260869565217391 0.043478260869565216 0.6 22 0.8636363636363636 0.045454545454545456 0.7 20 0.9 0.05 0.9 1 1.0 0.0
20 0.1 28 0.6785714285714286 0.0 0.4 23 0.782608695652174 0.0 0.5 22 0.8181818181818182 0.0 0.6 20 0.9 0.0 0.7 19 0.9473684210526315 0.0 0.9 0 1 1
20 0.1 26 0.7307692307692307 0.0 0.4 22 0.8636363636363636 0.0 0.5 21 0.9047619047619048 0.0 0.6 20 0.9 0.0 0.7 18 0.9444444444444444 0.0 0.9 0 1 1
20 0.1 26 0.7307692307692307 0.07692307692307693 0.4 22 0.8636363636363636 0.09090909090909091 0.5 21 0.9047619047619048 0.09523809523809523 0.6 20 0.95 0.1 0.7 19 0.9473684210526315 0.10526315789473684 0.9 1 1.0 0.0
20 0.1 27 0.6666666666666666 0.037037037037037035 0.4 23 0.782608695652174 0.043478260869565216 0.5 23 0.782608695652174 0.043478260869565216 0.6 21 0.8571428571428571 0.047619047619047616 0.7 21 0.8571428571428571 0.047619047619047616 0.9 1 1.0 0.0
20 0.1 26 0.7307692307692307 0.07692307692307693 0.4 23 0.8260869565217391 0.08695652173913043 0.5 23 0.8260869565217391 0.08695652173913043 0.6 23 0.8260869565217391 0.08695652173913043 0.7 20 0.9 0.1 0.9 1 1.0 0.0
20 0.1 27 0.7037037037037037 0.037037037037037035 0.4 23 0.8260869565217391 0.043478260869565216 0.5 22 0.8181818181818182 0.045454545454545456 0.6 21 0.8571428571428571 0.047619047619047616 0.7 19 0.8947368421052632 0.05263157894736842 0.9 0 1 1
20 0.1 28 0.6428571428571429 0.03571428571428571 0.4 23 0.782608695652174 0.043478260869565216 0.5 22 0.7727272727272727 0.045454545454545456 0.6 21 0.8095238095238095 0.047619047619047616 0.7 18 0.7777777777777778 0.05555555555555555 0.9 0 1 1
20 0.1 27 0.7037037037037037 0.07407407407407407 0.4 23 0.8260869565217391 0.08695652173913043 0.5 23 0.8260869565217391 0.08695652173913043 0.6 22 0.8636363636363636 0.09090909090909091 0.7 22 0.8636363636363636 0.09090909090909091 0.9 1 1.0 0.0
20 0.1 27 0.7037037037037037 0.037037037037037035 0.4 23 0.8260869565217391 0.043478260869565216 0.5 23 0.8260869565217391 0.043478260869565216 0.6 23 0.8260869565217391 0.043478260869565216 0.7 21 0.9047619047619048 0.047619047619047616 0.9 0 1 1
20 0.1 28 0.6785714285714286 0.07142857142857142 0.4 22 0.8636363636363636 0.09090909090909091 0.5 22 0.8636363636363636 0.09090909090909091 0.6 21 0.8571428571428571 0.09523809523809523 0.7 19 0.8947368421052632 0.10526315789473684 0.9 0 1 1
20 0.1 27 0.7407407407407407 0.037037037037037035 0.4 23 0.782608695652174 0.043478260869565216 0.5 22 0.8181818181818182 0.045454545454545456 0.6 22 0.8181818181818182 0.045454545454545456 0.7 21 0.8571428571428571 0.047619047619047616 0.9 0 1 1
20 0.1 26 0.6923076923076923 0.038461538461538464 0.4 23 0.782608695652174 0.043478260869565216 0.5 22 0.8181818181818182 0.045454545454545456 0.6 22 0.8181818181818182 0.045454545454545456 0.7 22 0.8181818181818182 0.045454545454545456 0.9 1 1.0 0.0
20 0.1 26 0.7307692307692307 0.07692307692307693 0.4 23 0.8260869565217391 0.08695652173913043 0.5 23 0.8260869565217391 0.08695652173913043 0.6 22 0.8636363636363636 0.09090909090909091 0.7 21 0.8571428571428571 0.09523809523809523 0.9 1 1.0 0.0
20 0.1 28 0.7142857142857143 0.07142857142857142 0.4 23 0.782608695652174 0.08695652173913043 0.5 20 0.85 0.1 0.6 19 0.8421052631578947 0.05263157894736842 0.7 17 0.8235294117647058 0.058823529411764705 0.9 1 1.0 0.0
20 0.1 28 0.6428571428571429 0.0 0.4 25 0.72 0.0 0.5 23 0.782608695652174 0.0 0.6 21 0.8095238095238095 0.0 0.7 21 0.8095238095238095 0.0 0.9 1 1.0 0.0
20 0.1 27 0.7407407407407407 0.0 0.4 22 0.7727272727272727 0.0 0.5 21 0.8095238095238095 0.0 0.6 20 0.8 0.0 0.7 18 0.8333333333333334 0.0 0.9 0 1 1
20 0.1 28 0.6785714285714286 0.03571428571428571 0.4 21 0.8571428571428571 0.047619047619047616 0.5 21 0.8571428571428571 0.047619047619047616 0.6 19 0.8421052631578947 0.05263157894736842 0.7 17 0.8235294117647058 0.058823529411764705 0.9 0 1 1
20 0.1 27 0.6666666666666666 0.07407407407407407 0.4 23 0.782608695652174 0.08695652173913043 0.5 21 0.8095238095238095 0.09523809523809523 0.6 20 0.85 0.1 0.7 19 0.8421052631578947 0.10526315789473684 0.9 0 1 1
20 0.1 28 0.6785714285714286 0.07142857142857142 0.4 22 0.8181818181818182 0.09090909090909091 0.5 22 0.8181818181818182 0.09090909090909091 0.6 21 0.8095238095238095 0.09523809523809523 0.7 17 0.8235294117647058 0.11764705882352941 0.9 0 1 1
20 0.1 27 0.7407407407407407 0.0 0.4 23 0.8260869565217391 0.0 0.5 22 0.8181818181818182 0.0 0.6 21 0.8571428571428571 0.0 0.7 19 0.8947368421052632 0.0 0.9 0 1 1
20 0.1 28 0.6785714285714286 0.0 0.4 23 0.782608695652174 0.0 0.5 21 0.8571428571428571 0.0 0.6 20 0.85 0.0 0.7 18 0.8888888888888888 0.0 0.9 0 1 1
20 0.1 25 0.76 0.08 0.4 23 0.8260869565217391 0.08695652173913043 0.5 22 0.8636363636363636 0.09090909090909091 0.6 21 0.9047619047619048 0.09523809523809523 0.7 21 0.9047619047619048 0.09523809523809523 0.9 0 1 1
20 0.1 27 0.7037037037037037 0.037037037037037035 0.4 23 0.782608695652174 0.043478260869565216 0.5 22 0.8181818181818182 0.045454545454545456 0.6 22 0.8181818181818182 0.045454545454545456 0.7 21 0.8095238095238095 0.047619047619047616 0.9 0 1 1
20 0.1 26 0.7692307692307693 0.038461538461538464 0.4 22 0.8636363636363636 0.045454545454545456 0.5 21 0.9047619047619048 0.047619047619047616 0.6 21 0.9047619047619048 0.047619047619047616 0.7 20 0.9 0.05 0.9 0 1 1
20 0.1 26 0.6923076923076923 0.038461538461538464 0.4 20 0.9 0.05 0.5 20 0.9 0.05 0.6 19 0.8947368421052632 0.05263157894736842 0.7 19 0.8947368421052632 0.05263157894736842 0.9 0 1 1
20 0.1 26 0.6923076923076923 0.11538461538461539 0.4 23 0.782608695652174 0.13043478260869565 0.5 21 0.8095238095238095 0.14285714285714285 0.6 21 0.8095238095238095 0.14285714285714285 0.7 18 0.8888888888888888 0.16666666666666666 0.9 0 1 1
20 0.1 27 0.7407407407407407 0.07407407407407407 0.4 22 0.8636363636363636 0.09090909090909091 0.5 22 0.8636363636363636 0.09090909090909091 0.6 20 0.85 0.1 0.7 19 0.8947368421052632 0.10526315789473684 0.9 0 1 1
20 0.1 27 0.7037037037037037 0.07407407407407407 0.4 24 0.7916666666666666 0.08333333333333333 0.5 21 0.8571428571428571 0.09523809523809523 0.6 21 0.8571428571428571 0.09523809523809523 0.7 19 0.8421052631578947 0.10526315789473684 0.9 1 1.0 0.0
20 0.1 26 0.7307692307692307 0.0 0.4 22 0.8636363636363636 0.0 0.5 21 0.8571428571428571 0.0 0.6 20 0.85 0.0 0.7 16 0.9375 0.0 0.9 1 1.0 0.0
20 0.1 25 0.76 0.04 0.4 21 0.9047619047619048 0.047619047619047616 0.5 20 0.95 0.05 0.6 18 0.9444444444444444 0.05555555555555555 0.7 17 0.9411764705882353 0.058823529411764705 0.9 0 1 1
20 0.1 27 0.7037037037037037 0.1111111111111111 0.4 22 0.8636363636363636 0.13636363636363635 0.5 22 0.8636363636363636 0.13636363636363635 0.6 19 0.8947368421052632 0.15789473684210525 0.7 18 0.8888888888888888 0.16666666666666666 0.9 0 1 1
20 0.1 25 0.72 0.0 0.4 21 0.8571428571428571 0.0 0.5 21 0.8571428571428571 0.0 0.6 21 0.8571428571428571 0.0 0.7 19 0.8421052631578947 0.0 0.9 0 1 1
20 0.1 27 0.7407407407407407 0.0 0.4 20 0.85 0.0 0.5 19 0.8947368421052632 0.0 0.6 19 0.8947368421052632 0.0 0.7 18 0.9444444444444444 0.0 0.9 0 1 1
20 0.1 28 0.6785714285714286 0.0 0.4 23 0.782608695652174 0.0 0.5 22 0.8181818181818182 0.0 0.6 20 0.85 0.0 0.7 20 0.85 0.0 0.9 0 1 1
20 0.1 27 0.7037037037037037 0.14814814814814814 0.4 22 0.8636363636363636 0.18181818181818182 0.5 22 0.8636363636363636 0.18181818181818182 0.6 21 0.8571428571428571 0.19047619047619047 0.7 20 0.85 0.15 0.9 1 1.0 1.0
20 0.1 29 0.6896551724137931 0.10344827586206896 0.4 22 0.8636363636363636 0.13636363636363635 0.5 22 0.8636363636363636 0.13636363636363635 0.6 21 0.8571428571428571 0.14285714285714285 0.7 19 0.8947368421052632 0.15789473684210525 0.9 1 1.0 0.0
20 0.1 26 0.7307692307692307 0.11538461538461539 0.4 22 0.8636363636363636 0.13636363636363635 0.5 20 0.9 0.15 0.6 20 0.9 0.15 0.7 19 0.8947368421052632 0.15789473684210525 0.9 0 1 1
20 0.1 28 0.7142857142857143 0.07142857142857142 0.4 23 0.8260869565217391 0.08695652173913043 0.5 22 0.8636363636363636 0.09090909090909091 0.6 21 0.9047619047619048 0.09523809523809523 0.7 19 0.9473684210526315 0.10526315789473684 0.9 1 1.0 0.0
20 0.1 26 0.7307692307692307 0.038461538461538464 0.4 22 0.8636363636363636 0.045454545454545456 0.5 22 0.8636363636363636 0.045454545454545456 0.6 21 0.9047619047619048 0.047619047619047616 0.7 21 0.9047619047619048 0.047619047619047616 0.9 1 1.0 0.0
20 0.1 24 0.7916666666666666 0.041666666666666664 0.4 21 0.9047619047619048 0.047619047619047616 0.5 21 0.9047619047619048 0.047619047619047616 0.6 21 0.9047619047619048 0.047619047619047616 0.7 19 0.8947368421052632 0.05263157894736842 0.9 1 1.0 0.0
20 0.1 28 0.6428571428571429 0.03571428571428571 0.4 21 0.8571428571428571 0.047619047619047616 0.5 21 0.8571428571428571 0.047619047619047616 0.6 21 0.8571428571428571 0.047619047619047616 0.7 19 0.8947368421052632 0.05263157894736842 0.9 1 1.0 0.0
20 0.1 28 0.6785714285714286 0.10714285714285714 0.4 21 0.8571428571428571 0.14285714285714285 0.5 21 0.8571428571428571 0.14285714285714285 0.6 20 0.9 0.15 0.7 20 0.9 0.15 0.9 1 1.0 0.0
20 0.1 28 0.7142857142857143 0.14285714285714285 0.4 22 0.8636363636363636 0.18181818181818182 0.5 22 0.8636363636363636 0.18181818181818182 0.6 22 0.8636363636363636 0.18181818181818182 0.7 21 0.9047619047619048 0.19047619047619047 0.9 0 1 1
20 0.1 29 0.6896551724137931 0.06896551724137931 0.4 23 0.8260869565217391 0.08695652173913043 0.5 22 0.8636363636363636 0.09090909090909091 0.6 22 0.8636363636363636 0.09090909090909091 0.7 20 0.9 0.1 0.9 0 1 1
20 0.1 25 0.8 0.08 0.4 22 0.8636363636363636 0.09090909090909091 0.5 22 0.8636363636363636 0.09090909090909091 0.6 22 0.8636363636363636 0.09090909090909091 0.7 21 0.9047619047619048 0.09523809523809523 0.9 1 1.0 0.0
20 0.1 26 0.7692307692307693 0.11538461538461539 0.4 22 0.8636363636363636 0.13636363636363635 0.5 22 0.8636363636363636 0.13636363636363635 0.6 21 0.8571428571428571 0.14285714285714285 0.7 19 0.8947368421052632 0.15789473684210525 0.9 1 1.0 0.0
20 0.1 25 0.72 0.0 0.4 21 0.8095238095238095 0.0 0.5 20 0.8 0.0 0.6 18 0.8333333333333334 0.0 0.7 17 0.8235294117647058 0.0 0.9 0 1 1
20 0.1 26 0.6923076923076923 0.038461538461538464 0.4 21 0.8095238095238095 0.047619047619047616 0.5 19 0.8947368421052632 0.05263157894736842 0.6 17 0.8823529411764706 0.058823529411764705 0.7 17 0.8823529411764706 0.058823529411764705 0.9 0 1 1
20 0.1 25 0.8 0.12 0.4 22 0.8636363636363636 0.13636363636363635 0.5 22 0.8636363636363636 0.13636363636363635 0.6 22 0.8636363636363636 0.13636363636363635 0.7 20 0.9 0.15 0.9 1 1.0 0.0
20 0.1 25 0.76 0.12 0.4 22 0.8636363636363636 0.13636363636363635 0.5 22 0.8636363636363636 0.13636363636363635 0.6 19 0.9473684210526315 0.10526315789473684 0.7 18 0.9444444444444444 0.1111111111111111 0.9 1 1.0 0.0
20 0.1 28 0.7142857142857143 0.07142857142857142 0.4 22 0.8636363636363636 0.09090909090909091 0.5 22 0.8636363636363636 0.09090909090909091 0.6 22 0.8636363636363636 0.09090909090909091 0.7 20 0.95 0.1 0.9 1 1.0 0.0
20 0.1 26 0.7692307692307693 0.07692307692307693 0.4 23 0.8695652173913043 0.08695652173913043 0.5 22 0.8636363636363636 0.09090909090909091 0.6 21 0.9047619047619048 0.09523809523809523 0.7 21 0.9047619047619048 0.09523809523809523 0.9 1 1.0 0.0
20 0.1 26 0.7692307692307693 0.11538461538461539 0.4 22 0.8636363636363636 0.13636363636363635 0.5 22 0.8636363636363636 0.13636363636363635 0.6 22 0.8636363636363636 0.13636363636363635 0.7 22 0.8636363636363636 0.13636363636363635 0.9 2 1.0 0.0
20 0.1 26 0.7307692307692307 0.0 0.4 22 0.8181818181818182 0.0 0.5 22 0.8181818181818182 0.0 0.6 22 0.8181818181818182 0.0 0.7 22 0.8181818181818182 0.0 0.9 1 1.0 0.0
20 0.1 28 0.7142857142857143 0.0 0.4 22 0.8636363636363636 0.0 0.5 22 0.8636363636363636 0.0 0.6 22 0.8636363636363636 0.0 0.7 21 0.9047619047619048 0.0 0.9 0 1 1
20 0.1 26 0.7692307692307693 0.0 0.4 22 0.8636363636363636 0.0 0.5 22 0.8636363636363636 0.0 0.6 21 0.9047619047619048 0.0 0.7 21 0.9047619047619048 0.0 0.9 1 1.0 0.0
20 0.1 28 0.7142857142857143 0.0 0.4 22 0.8636363636363636 0.0 0.5 22 0.8636363636363636 0.0 0.6 21 0.9047619047619048 0.0 0.7 21 0.9047619047619048 0.0 0.9 0 1 1
20 0.1 24 0.8333333333333334 0.125 0.4 22 0.8636363636363636 0.13636363636363635 0.5 22 0.8636363636363636 0.13636363636363635 0.6 22 0.8636363636363636 0.13636363636363635 0.7 20 0.9 0.15 0.9 0 1 1
20 0.1 27 0.7407407407407407 0.1111111111111111 0.4 23 0.8260869565217391 0.13043478260869565 0.5 22 0.8636363636363636 0.13636363636363635 0.6 21 0.9047619047619048 0.14285714285714285 0.7 20 0.95 0.15 0.9 0 1 1
20 0.1 29 0.6551724137931034 0.0 0.4 23 0.8260869565217391 0.0 0.5 22 0.8636363636363636 0.0 0.6 21 0.8571428571428571 0.0 0.7 20 0.9 0.0 0.9 1 1.0 0.0
20 0.1 25 0.72 0.04 0.4 23 0.782608695652174 0.043478260869565216 0.5 22 0.8181818181818182 0.045454545454545456 0.6 21 0.8571428571428571 0.047619047619047616 0.7 21 0.8571428571428571 0.047619047619047616 0.9 1 1.0 0.0
20 0.1 25 0.76 0.08 0.4 22 0.8181818181818182 0.09090909090909091 0.5 21 0.8571428571428571 0.09523809523809523 0.6 21 0.8571428571428571 0.09523809523809523 0.7 21 0.8571428571428571 0.09523809523809523 0.9 1 1.0 0.0
20 0.1 26 0.7692307692307693 0.07692307692307693 0.4 23 0.8260869565217391 0.08695652173913043 0.5 23 0.8260869565217391 0.08695652173913043 0.6 21 0.9047619047619048 0.09523809523809523 0.7 19 1.0 0.10526315789473684 0.9 1 1.0 0.0
20 0.1 26 0.7692307692307693 0.11538461538461539 0.4 23 0.8260869565217391 0.13043478260869565 0.5 23 0.8260869565217391 0.13043478260869565 0.6 21 0.9047619047619048 0.14285714285714285 0.7 21 0.9047619047619048 0.14285714285714285 0.9 1 1.0 0.0
20 0.1 27 0.7407407407407407 0.14814814814814814 0.4 23 0.8260869565217391 0.17391304347826086 0.5 22 0.8636363636363636 0.18181818181818182 0.6 22 0.8636363636363636 0.18181818181818182 0.7 21 0.9047619047619048 0.19047619047619047 0.9 1 1.0 0.0
20 0.1 26 0.7307692307692307 0.15384615384615385 0.4 23 0.782608695652174 0.17391304347826086 0.5 23 0.782608695652174 0.17391304347826086 0.6 22 0.8181818181818182 0.18181818181818182 0.7 22 0.8181818181818182 0.18181818181818182 0.9 2 1.0 0.0
20 0.1 26 0.7307692307692307 0.07692307692307693 0.4 23 0.782608695652174 0.08695652173913043 0.5 23 0.782608695652174 0.08695652173913043 0.6 22 0.8181818181818182 0.09090909090909091 0.7 21 0.8571428571428571 0.09523809523809523 0.9 1 1.0 0.0
20 0.1 26 0.7692307692307693 0.07692307692307693 0.4 23 0.8260869565217391 0.08695652173913043 0.5 23 0.8260869565217391 0.08695652173913043 0.6 22 0.8636363636363636 0.09090909090909091 0.7 20 0.9 0.05 0.9 0 1 1
20 0.1 26 0.7307692307692307 0.038461538461538464 0.4 23 0.8260869565217391 0.043478260869565216 0.5 21 0.8571428571428571 0.047619047619047616 0.6 21 0.8571428571428571 0.047619047619047616 0.7 21 0.8571428571428571 0.047619047619047616 0.9 0 1 1
20 0.1 27 0.7037037037037037 0.037037037037037035 0.4 23 0.782608695652174 0.043478260869565216 0.5 23 0.782608695652174 0.043478260869565216 0.6 22 0.8181818181818182 0.045454545454545456 0.7 20 0.85 0.05 0.9 2 1.0 0.0
20 0.1 26 0.7307692307692307 0.11538461538461539 0.4 23 0.8260869565217391 0.13043478260869565 0.5 22 0.8636363636363636 0.13636363636363635 0.6 22 0.8636363636363636 0.13636363636363635 0.7 21 0.9047619047619048 0.14285714285714285 0.9 2 1.0 0.0
20 0.1 26 0.7307692307692307 0.0 0.4 23 0.8260869565217391 0.0 0.5 22 0.8636363636363636 0.0 0.6 19 1.0 0.0 0.7 18 1.0 0.0 0.9 1 1.0 0.0
20 0.1 26 0.7692307692307693 0.07692307692307693 0.4 23 0.8260869565217391 0.08695652173913043 0.5 22 0.8636363636363636 0.09090909090909091 0.6 21 0.9047619047619048 0.09523809523809523 0.7 20 0.95 0.1 0.9 2 1.0 0.0
20 0.1 26 0.7692307692307693 0.07692307692307693 0.4 23 0.8260869565217391 0.08695652173913043 0.5 22 0.8636363636363636 0.09090909090909091 0.6 22 0.8636363636363636 0.09090909090909091 0.7 21 0.9047619047619048 0.09523809523809523 0.9 0 1 1
20 0.1 26 0.7692307692307693 0.0 0.4 23 0.8260869565217391 0.0 0.5 23 0.8260869565217391 0.0 0.6 21 0.9047619047619048 0.0 0.7 21 0.9047619047619048 0.0 0.9 1 1.0 0.0
20 0.1 26 0.7692307692307693 0.0 0.4 23 0.8260869565217391 0.0 0.5 22 0.8636363636363636 0.0 0.6 22 0.8636363636363636 0.0 0.7 21 0.9047619047619048 0.0 0.9 1 1.0 0.0
20 0.1 29 0.6896551724137931 0.10344827586206896 0.4 23 0.8695652173913043 0.13043478260869565 0.5 22 0.9090909090909091 0.13636363636363635 0.6 22 0.9090909090909091 0.13636363636363635 0.7 21 0.9047619047619048 0.14285714285714285 0.9 0 1 1
20 0.1 25 0.8 0.08 0.4 22 0.8636363636363636 0.09090909090909091 0.5 21 0.8571428571428571 0.047619047619047616 0.6 21 0.8571428571428571 0.047619047619047616 0.7 19 0.9473684210526315 0.05263157894736842 0.9 1 1.0 0.0
20 0.1 29 0.6551724137931034 0.034482758620689655 0.4 24 0.7916666666666666 0.041666666666666664 0.5 22 0.8636363636363636 0.045454545454545456 0.6 20 0.9 0.05 0.7 19 0.9473684210526315 0.05263157894736842 0.9 0 1 1
20 0.1 26 0.7692307692307693 0.07692307692307693 0.4 23 0.8695652173913043 0.08695652173913043 0.5 22 0.9090909090909091 0.09090909090909091 0.6 20 0.9 0.1 0.7 19 0.9473684210526315 0.10526315789473684 0.9 0 1 1
20 0.1 27 0.7407407407407407 0.1111111111111111 0.4 23 0.8695652173913043 0.13043478260869565 0.5 22 0.9090909090909091 0.13636363636363635 0.6 22 0.9090909090909091 0.13636363636363635 0.7 21 0.9047619047619048 0.14285714285714285 0.9 0 1 1
20 0.1 26 0.7692307692307693 0.07692307692307693 0.4 22 0.9090909090909091 0.09090909090909091 0.5 22 0.9090909090909091 0.09090909090909091 0.6 21 0.9047619047619048 0.09523809523809523 0.7 21 0.9047619047619048 0.09523809523809523 0.9 0 1 1
20 0.1 26 0.7307692307692307 0.07692307692307693 0.4 22 0.8636363636363636 0.09090909090909091 0.5 22 0.8636363636363636 0.09090909090909091 0.6 22 0.8636363636363636 0.09090909090909091 0.7 21 0.8571428571428571 0.09523809523809523 0.9 2 1.0 0.0
20 0.1 28 0.7142857142857143 0.03571428571428571 0.4 25 0.8 0.04 0.5 24 0.8333333333333334 0.041666666666666664 0.6 21 0.8571428571428571 0.047619047619047616 0.7 21 0.8571428571428571 0.047619047619047616 0.9 1 1.0 0.0
20 0.1 26 0.7692307692307693 0.038461538461538464 0.4 22 0.9090909090909091 0.045454545454545456 0.5 21 0.9047619047619048 0.047619047619047616 0.6 19 0.8947368421052632 0.05263157894736842 0.7 19 0.8947368421052632 0.05263157894736842 0.9 0 1 1
20 0.1 26 0.7307692307692307 0.038461538461538464 0.4 24 0.7916666666666666 0.041666666666666664 0.5 23 0.8260869565217391 0.043478260869565216 0.6 21 0.8571428571428571 0.047619047619047616 0.7 20 0.85 0.05 0.9 0 1 1
20 0.1 28 0.7142857142857143 0.03571428571428571 0.4 19 1.0 0.05263157894736842 0.5 18 1.0 0.05555555555555555 0.6 18 1.0 0.05555555555555555 0.7 17 1.0 0.058823529411764705 0.9 0 1 1
20 0.1 23 0.8260869565217391 0.17391304347826086 0.4 22 0.8636363636363636 0.18181818181818182 0.5 22 0.8636363636363636 0.18181818181818182 0.6 22 0.8636363636363636 0.18181818181818182 0.7 21 0.9047619047619048 0.19047619047619047 0.9 0 1 1
20 0.1 24 0.8333333333333334 0.041666666666666664 0.4 23 0.8260869565217391 0.043478260869565216 0.5 23 0.8260869565217391 0.043478260869565216 0.6 21 0.9047619047619048 0.047619047619047616 0.7 21 0.9047619047619048 0.047619047619047616 0.9 1 1.0 0.0
20 0.1 25 0.8 0.08 0.4 23 0.8695652173913043 0.08695652173913043 0.5 22 0.8636363636363636 0.09090909090909091 0.6 21 0.9047619047619048 0.09523809523809523 0.7 20 0.9 0.1 0.9 2 1.0 0.0
20 0.1 26 0.7692307692307693 0.038461538461538464 0.4 23 0.8695652173913043 0.043478260869565216 0.5 22 0.8636363636363636 0.045454545454545456 0.6 22 0.8636363636363636 0.045454545454545456 0.7 21 0.9047619047619048 0.047619047619047616 0.9 4 1.0 0.0
20 0.1 26 0.7692307692307693 0.07692307692307693 0.4 23 0.8695652173913043 0.08695652173913043 0.5 23 0.8695652173913043 0.08695652173913043 0.6 21 0.9047619047619048 0.09523809523809523 0.7 21 0.9047619047619048 0.09523809523809523 0.9 1 1.0 0.0
20 0.1 27 0.7407407407407407 0.1111111111111111 0.4 22 0.8636363636363636 0.13636363636363635 0.5 21 0.9047619047619048 0.14285714285714285 0.6 21 0.9047619047619048 0.14285714285714285 0.7 21 0.9047619047619048 0.14285714285714285 0.9 0 1 1
20 0.1 25 0.76 0.12 0.4 23 0.782608695652174 0.13043478260869565 0.5 21 0.8571428571428571 0.14285714285714285 0.6 21 0.8571428571428571 0.14285714285714285 0.7 21 0.8571428571428571 0.14285714285714285 0.9 1 1.0 0.0
20 0.1 27 0.7407407407407407 0.07407407407407407 0.4 24 0.8333333333333334 0.08333333333333333 0.5 23 0.8695652173913043 0.08695652173913043 0.6 21 0.8571428571428571 0.09523809523809523 0.7 21 0.8571428571428571 0.09523809523809523 0.9 2 1.0 0.5
20 0.1 27 0.7407407407407407 0.0 0.4 24 0.8333333333333334 0.0 0.5 23 0.8260869565217391 0.0 0.6 22 0.8636363636363636 0.0 0.7 20 0.85 0.0 0.9 1 1.0 0.0
20 0.1 25 0.8 0.04 0.4 23 0.8695652173913043 0.043478260869565216 0.5 21 0.9047619047619048 0.047619047619047616 0.6 21 0.9047619047619048 0.047619047619047616 0.7 21 0.9047619047619048 0.047619047619047616 0.9 1 1.0 0.0
20 0.1 25 0.76 0.0 0.4 22 0.8636363636363636 0.0 0.5 21 0.8571428571428571 0.0 0.6 21 0.8571428571428571 0.0 0.7 21 0.8571428571428571 0.0 0.9 4 1.0 0.0
20 0.1 26 0.7692307692307693 0.15384615384615385 0.4 23 0.8260869565217391 0.17391304347826086 0.5 23 0.8260869565217391 0.17391304347826086 0.6 22 0.8636363636363636 0.18181818181818182 0.7 21 0.9047619047619048 0.19047619047619047 0.9 2 1.0 0.5
20 0.1 26 0.7692307692307693 0.038461538461538464 0.4 23 0.8695652173913043 0.043478260869565216 0.5 22 0.8636363636363636 0.045454545454545456 0.6 20 0.9 0.05 0.7 20 0.9 0.05 0.9 2 1.0 0.0
20 0.1 27 0.7407407407407407 0.14814814814814814 0.4 24 0.8333333333333334 0.16666666666666666 0.5 21 0.8571428571428571 0.19047619047619047 0.6 20 0.9 0.2 0.7 20 0.9 0.2 0.9 3 1.0 0.3333333333333333
20 0.1 27 0.7407407407407407 0.037037037037037035 0.4 23 0.8695652173913043 0.043478260869565216 0.5 22 0.8636363636363636 0.045454545454545456 0.6 20 0.9 0.05 0.7 20 0.9 0.05 0.9 1 1.0 0.0
20 0.1 27 0.7407407407407407 0.14814814814814814 0.4 24 0.8333333333333334 0.16666666666666666 0.5 24 0.8333333333333334 0.16666666666666666 0.6 24 0.8333333333333334 0.16666666666666666 0.7 21 0.9047619047619048 0.19047619047619047 0.9 3 1.0 0.3333333333333333
20 0.1 25 0.8 0.08 0.4 24 0.8333333333333334 0.08333333333333333 0.5 23 0.8695652173913043 0.08695652173913043 0.6 20 0.9 0.1 0.7 18 1.0 0.1111111111111111 0.9 2 1.0 0.5
20 0.1 27 0.7407407407407407 0.037037037037037035 0.4 24 0.8333333333333334 0.041666666666666664 0.5 23 0.8695652173913043 0.043478260869565216 0.6 23 0.8695652173913043 0.043478260869565216 0.7 21 0.8571428571428571 0.047619047619047616 0.9 2 1.0 0.0
20 0.1 25 0.8 0.0 0.4 22 0.9090909090909091 0.0 0.5 20 0.95 0.0 0.6 20 0.95 0.0 0.7 19 0.9473684210526315 0.0 0.9 3 1.0 0.0
20 0.1 26 0.7307692307692307 0.0 0.4 23 0.8260869565217391 0.0 0.5 22 0.8636363636363636 0.0 0.6 21 0.8571428571428571 0.0 0.7 21 0.8571428571428571 0.0 0.9 2 1.0 0.0
20 0.1 26 0.7307692307692307 0.0 0.4 23 0.8260869565217391 0.0 0.5 22 0.8636363636363636 0.0 0.6 22 0.8636363636363636 0.0 0.7 21 0.8571428571428571 0.0 0.9 1 1.0 0.0
20 0.1 29 0.6551724137931034 0.034482758620689655 0.4 22 0.8636363636363636 0.045454545454545456 0.5 22 0.8636363636363636 0.045454545454545456 0.6 22 0.8636363636363636 0.045454545454545456 0.7 21 0.8571428571428571 0.047619047619047616 0.9 1 1.0 0.0
20 0.1 27 0.7037037037037037 0.07407407407407407 0.4 22 0.8636363636363636 0.09090909090909091 0.5 22 0.8636363636363636 0.09090909090909091 0.6 21 0.8571428571428571 0.09523809523809523 0.7 20 0.85 0.1 0.9 1 1.0 0.0
20 0.1 27 0.7037037037037037 0.07407407407407407 0.4 23 0.8260869565217391 0.08695652173913043 0.5 22 0.8636363636363636 0.09090909090909091 0.6 22 0.8636363636363636 0.09090909090909091 0.7 21 0.8571428571428571 0.09523809523809523 0.9 5 1.0 0.2
20 0.1 24 0.7916666666666666 0.0 0.4 22 0.8181818181818182 0.0 0.5 22 0.8181818181818182 0.0 0.6 20 0.85 0.0 0.7 19 0.8947368421052632 0.0 0.9 5 1.0 0.0
20 0.1 29 0.6896551724137931 0.0 0.4 24 0.7916666666666666 0.0 0.5 23 0.8260869565217391 0.0 0.6 22 0.8636363636363636 0.0 0.7 21 0.8571428571428571 0.0 0.9 1 1.0 0.0
20 0.1 25 0.76 0.08 0.4 23 0.8260869565217391 0.08695652173913043 0.5 22 0.8636363636363636 0.09090909090909091 0.6 21 0.9047619047619048 0.09523809523809523 0.7 21 0.9047619047619048 0.09523809523809523 0.9 2 1.0 0.0
20 0.1 28 0.7142857142857143 0.03571428571428571 0.4 22 0.8636363636363636 0.045454545454545456 0.5 22 0.8636363636363636 0.045454545454545456 0.6 22 0.8636363636363636 0.045454545454545456 0.7 21 0.8571428571428571 0.047619047619047616 0.9 2 1.0 0.0
20 0.1 26 0.7307692307692307 0.038461538461538464 0.4 23 0.8260869565217391 0.043478260869565216 0.5 23 0.8260869565217391 0.043478260869565216 0.6 22 0.8636363636363636 0.045454545454545456 0.7 21 0.8571428571428571 0.047619047619047616 0.9 2 1.0 0.0
20 0.1 28 0.7142857142857143 0.0 0.4 24 0.8333333333333334 0.0 0.5 24 0.8333333333333334 0.0 0.6 21 0.9047619047619048 0.0 0.7 21 0.9047619047619048 0.0 0.9 2 1.0 0.0
20 0.1 26 0.7692307692307693 0.038461538461538464 0.4 24 0.8333333333333334 0.041666666666666664 0.5 23 0.8695652173913043 0.043478260869565216 0.6 21 0.8571428571428571 0.047619047619047616 0.7 21 0.8571428571428571 0.047619047619047616 0.9 5 1.0 0.0
20 0.1 25 0.76 0.04 0.4 23 0.8260869565217391 0.043478260869565216 0.5 23 0.8260869565217391 0.043478260869565216 0.6 21 0.8571428571428571 0.047619047619047616 0.7 21 0.8571428571428571 0.047619047619047616 0.9 4 1.0 0.0
20 0.1 25 0.8 0.04 0.4 23 0.8695652173913043 0.043478260869565216 0.5 23 0.8695652173913043 0.043478260869565216 0.6 22 0.8636363636363636 0.045454545454545456 0.7 21 0.8571428571428571 0.047619047619047616 0.9 3 1.0 0.0
20 0.1 26 0.7692307692307693 0.19230769230769232 0.4 23 0.8695652173913043 0.21739130434782608 0.5 22 0.8636363636363636 0.22727272727272727 0.6 22 0.8636363636363636 0.22727272727272727 0.7 21 0.8571428571428571 0.23809523809523808 0.9 4 1.0 0.5
20 0.1 26 0.7692307692307693 0.07692307692307693 0.4 24 0.8333333333333334 0.08333333333333333 0.5 23 0.8695652173913043 0.08695652173913043 0.6 22 0.8636363636363636 0.09090909090909091 0.7 21 0.8571428571428571 0.09523809523809523 0.9 3 1.0 0.6666666666666666
20 0.1 26 0.7307692307692307 0.11538461538461539 0.4 23 0.8260869565217391 0.13043478260869565 0.5 22 0.8181818181818182 0.13636363636363635 0.6 22 0.8181818181818182 0.13636363636363635 0.7 21 0.8571428571428571 0.14285714285714285 0.9 6 1.0 0.16666666666666666
20 0.1 27 0.7037037037037037 0.0 0.4 22 0.8181818181818182 0.0 0.5 22 0.8181818181818182 0.0 0.6 22 0.8181818181818182 0.0 0.7 21 0.8571428571428571 0.0 0.9 2 1.0 0.0
20 0.1 27 0.7037037037037037 0.037037037037037035 0.4 24 0.7916666666666666 0.041666666666666664 0.5 24 0.7916666666666666 0.041666666666666664 0.6 22 0.8181818181818182 0.045454545454545456 0.7 21 0.8571428571428571 0.047619047619047616 0.9 3 1.0 0.0
20 0.1 24 0.75 0.041666666666666664 0.4 23 0.782608695652174 0.043478260869565216 0.5 23 0.782608695652174 0.043478260869565216 0.6 23 0.782608695652174 0.043478260869565216 0.7 21 0.8571428571428571 0.047619047619047616 0.9 6 1.0 0.0
20 0.1 25 0.8 0.0 0.4 23 0.8695652173913043 0.0 0.5 23 0.8695652173913043 0.0 0.6 22 0.8636363636363636 0.0 0.7 21 0.8571428571428571 0.0 0.9 4 1.0 0.0
20 0.1 23 0.782608695652174 0.0 0.4 23 0.782608695652174 0.0 0.5 22 0.8181818181818182 0.0 0.6 21 0.8571428571428571 0.0 0.7 21 0.8571428571428571 0.0 0.9 3 1.0 0.0
20 0.1 26 0.7307692307692307 0.07692307692307693 0.4 23 0.8260869565217391 0.08695652173913043 0.5 23 0.8260869565217391 0.08695652173913043 0.6 21 0.8571428571428571 0.09523809523809523 0.7 21 0.8571428571428571 0.09523809523809523 0.9 2 1.0 0.0
20 0.1 25 0.76 0.0 0.4 23 0.8260869565217391 0.0 0.5 23 0.8260869565217391 0.0 0.6 22 0.8636363636363636 0.0 0.7 22 0.8636363636363636 0.0 0.9 1 1.0 0.0
20 0.1 24 0.7916666666666666 0.041666666666666664 0.4 23 0.8260869565217391 0.043478260869565216 0.5 23 0.8260869565217391 0.043478260869565216 0.6 22 0.8636363636363636 0.045454545454545456 0.7 21 0.9047619047619048 0.047619047619047616 0.9 3 1.0 0.0
20 0.1 25 0.76 0.08 0.4 23 0.8260869565217391 0.08695652173913043 0.5 22 0.8636363636363636 0.09090909090909091 0.6 22 0.8636363636363636 0.09090909090909091 0.7 22 0.8636363636363636 0.09090909090909091 0.9 4 1.0 0.25
20 0.1 24 0.7916666666666666 0.041666666666666664 0.4 24 0.7916666666666666 0.041666666666666664 0.5 23 0.8260869565217391 0.043478260869565216 0.6 22 0.8636363636363636 0.045454545454545456 0.7 22 0.8636363636363636 0.045454545454545456 0.9 3 1.0 0.3333333333333333
20 0.1 26 0.7307692307692307 0.038461538461538464 0.4 23 0.782608695652174 0.043478260869565216 0.5 23 0.782608695652174 0.043478260869565216 0.6 22 0.8181818181818182 0.045454545454545456 0.7 22 0.8181818181818182 0.045454545454545456 0.9 2 1.0 0.0
20 0.1 25 0.8 0.08 0.4 23 0.8695652173913043 0.08695652173913043 0.5 22 0.9090909090909091 0.09090909090909091 0.6 22 0.9090909090909091 0.09090909090909091 0.7 21 0.9047619047619048 0.09523809523809523 0.9 3 1.0 0.0
20 0.1 26 0.7692307692307693 0.07692307692307693 0.4 23 0.8695652173913043 0.08695652173913043 0.5 22 0.9090909090909091 0.09090909090909091 0.6 21 0.9047619047619048 0.09523809523809523 0.7 20 0.95 0.1 0.9 2 1.0 0.0
20 0.1 27 0.7407407407407407 0.0 0.4 23 0.8695652173913043 0.0 0.5 22 0.9090909090909091 0.0 0.6 22 0.9090909090909091 0.0 0.7 21 0.9047619047619048 0.0 0.9 2 1.0 0.0
20 0.1 26 0.7692307692307693 0.0 0.4 23 0.8695652173913043 0.0 0.5 22 0.9090909090909091 0.0 0.6 21 0.9047619047619048 0.0 0.7 21 0.9047619047619048 0.0 0.9 6 1.0 0.0
20 0.1 26 0.7692307692307693 0.0 0.4 21 0.9047619047619048 0.0 0.5 20 0.95 0.0 0.6 20 0.95 0.0 0.7 20 0.95 0.0 0.9 4 1.0 0.0
20 0.1 26 0.7692307692307693 0.038461538461538464 0.4 22 0.9090909090909091 0.045454545454545456 0.5 20 0.95 0.05 0.6 20 0.95 0.05 0.7 19 1.0 0.05263157894736842 0.9 2 1.0 0.5
20 0.1 26 0.7692307692307693 0.038461538461538464 0.4 21 0.9047619047619048 0.047619047619047616 0.5 21 0.9047619047619048 0.047619047619047616 0.6 21 0.9047619047619048 0.047619047619047616 0.7 20 0.95 0.05 0.9 4 1.0 0.0
20 0.1 26 0.7307692307692307 0.07692307692307693 0.4 23 0.8260869565217391 0.08695652173913043 0.5 22 0.8181818181818182 0.09090909090909091 0.6 21 0.8571428571428571 0.09523809523809523 0.7 20 0.9 0.1 0.9 3 1.0 0.3333333333333333
20 0.1 27 0.7037037037037037 0.037037037037037035 0.4 24 0.7916666666666666 0.041666666666666664 0.5 23 0.8260869565217391 0.043478260869565216 0.6 21 0.8571428571428571 0.047619047619047616 0.7 20 0.9 0.05 0.9 3 1.0 0.3333333333333333
20 0.1 25 0.8 0.12 0.4 21 0.9523809523809523 0.14285714285714285 0.5 20 1.0 0.15 0.6 19 1.0 0.15789473684210525 0.7 19 1.0 0.15789473684210525 0.9 3 1.0 0.0
20 0.1 26 0.7692307692307693 0.038461538461538464 0.4 23 0.8695652173913043 0.043478260869565216 0.5 21 0.9523809523809523 0.047619047619047616 0.6 20 0.95 0.05 0.7 20 0.95 0.05 0.9 3 1.0 0.0
