4 0.1 0 1 1 0.4 0 1 1 0.5 0 1 1 0.6 0 1 1 0.7 0 1 1 0.9 0 1 1
4 0.1 10 0.0 0.0 0.4 0 1 1 0.5 0 1 1 0.6 0 1 1 0.7 0 1 1 0.9 0 1 1
4 0.1 61 0.03278688524590164 0.0 0.4 2 0.0 0.0 0.5 1 0.0 0.0 0.6 0 1 1 0.7 0 1 1 0.9 0 1 1
4 0.1 31 0.03225806451612903 0.0 0.4 3 0.0 0.0 0.5 1 0.0 0.0 0.6 0 1 1 0.7 0 1 1 0.9 0 1 1
4 0.1 214 0.018691588785046728 0.0 0.4 52 0.057692307692307696 0.0 0.5 28 0.10714285714285714 0.0 0.6 7 0.2857142857142857 0.0 0.7 1 0.0 0.0 0.9 0 1 1
4 0.1 73 0.0547945205479452 0.0 0.4 5 0.2 0.0 0.5 0 1 1 0.6 0 1 1 0.7 0 1 1 0.9 0 1 1
4 0.1 87 0.04597701149425287 0.0 0.4 12 0.3333333333333333 0.0 0.5 2 1.0 0.0 0.6 0 1 1 0.7 0 1 1 0.9 0 1 1
4 0.1 59 0.06779661016949153 0.0 0.4 0 1 1 0.5 0 1 1 0.6 0 1 1 0.7 0 1 1 0.9 0 1 1
4 0.1 64 0.0625 0.0 0.4 8 0.375 0.0 0.5 3 0.3333333333333333 0.0 0.6 0 1 1 0.7 0 1 1 0.9 0 1 1
4 0.1 45 0.08888888888888889 0.0 0.4 5 0.4 0.0 0.5 1 1.0 0.0 0.6 0 1 1 0.7 0 1 1 0.9 0 1 1
4 0.1 45 0.08888888888888889 0.0 0.4 3 0.3333333333333333 0.0 0.5 2 0.5 0.0 0.6 0 1 1 0.7 0 1 1 0.9 0 1 1
4 0.1 31 0.12903225806451613 0.0 0.4 4 0.25 0.0 0.5 1 0.0 0.0 0.6 0 1 1 0.7 0 1 1 0.9 0 1 1
4 0.1 8 0.25 0.0 0.4 0 1 1 0.5 0 1 1 0.6 0 1 1 0.7 0 1 1 0.9 0 1 1
4 0.1 7 0.14285714285714285 0.0 0.4 1 0.0 0.0 0.5 0 1 1 0.6 0 1 1 0.7 0 1 1 0.9 0 1 1
4 0.1 35 0.11428571428571428 0.0 0.4 20 0.2 0.0 0.5 12 0.3333333333333333 0.0 0.6 8 0.25 0.0 0.7 3 0.3333333333333333 0.0 0.9 0 1 1
4 0.1 34 0.11764705882352941 0.0 0.4 14 0.2857142857142857 0.0 0.5 8 0.375 0.0 0.6 6 0.5 0.0 0.7 2 0.5 0.0 0.9 0 1 1
4 0.1 31 0.0967741935483871 0.0 0.4 6 0.3333333333333333 0.0 0.5 3 0.3333333333333333 0.0 0.6 2 0.5 0.0 0.7 0 1 1 0.9 0 1 1
4 0.1 28 0.14285714285714285 0.0 0.4 7 0.14285714285714285 0.0 0.5 5 0.2 0.0 0.6 2 0.5 0.0 0.7 0 1 1 0.9 0 1 1
4 0.1 2 0.0 0.0 0.4 0 1 1 0.5 0 1 1 0.6 0 1 1 0.7 0 1 1 0.9 0 1 1
4 0.1 35 0.11428571428571428 0.0 0.4 6 0.5 0.0 0.5 4 0.75 0.0 0.6 1 1.0 0.0 0.7 0 1 1 0.9 0 1 1
4 0.1 12 0.16666666666666666 0.0 0.4 1 0.0 0.0 0.5 0 1 1 0.6 0 1 1 0.7 0 1 1 0.9 0 1 1
4 0.1 7 0.14285714285714285 0.0 0.4 1 0.0 0.0 0.5 1 0.0 0.0 0.6 1 0.0 0.0 0.7 0 1 1 0.9 0 1 1
4 0.1 26 0.15384615384615385 0.0 0.4 11 0.36363636363636365 0.0 0.5 10 0.4 0.0 0.6 6 0.5 0.0 0.7 2 0.5 0.0 0.9 0 1 1
4 0.1 0 1 1 0.4 0 1 1 0.5 0 1 1 0.6 0 1 1 0.7 0 1 1 0.9 0 1 1
4 0.1 62 0.06451612903225806 0.0 0.4 18 0.2222222222222222 0.0 0.5 10 0.3 0.0 0.6 7 0.2857142857142857 0.0 0.7 2 0.5 0.0 0.9 0 1 1
4 0.1 19 0.05263157894736842 0.0 0.4 9 0.1111111111111111 0.0 0.5 6 0.16666666666666666 0.0 0.6 2 0.0 0.0 0.7 0 1 1 0.9 0 1 1
4 0.1 13 0.3076923076923077 0.0 0.4 3 0.3333333333333333 0.0 0.5 3 0.3333333333333333 0.0 0.6 1 0.0 0.0 0.7 0 1 1 0.9 0 1 1
4 0.1 0 1 1 0.4 0 1 1 0.5 0 1 1 0.6 0 1 1 0.7 0 1 1 0.9 0 1 1
4 0.1 0 1 1 0.4 0 1 1 0.5 0 1 1 0.6 0 1 1 0.7 0 1 1 0.9 0 1 1
4 0.1 2 0.0 0.0 0.4 0 1 1 0.5 0 1 1 0.6 0 1 1 0.7 0 1 1 0.9 0 1 1
4 0.1 3 0.0 0.0 0.4 0 1 1 0.5 0 1 1 0.6 0 1 1 0.7 0 1 1 0.9 0 1 1
4 0.1 16 0.0625 0.0 0.4 1 0.0 0.0 0.5 1 0.0 0.0 0.6 1 0.0 0.0 0.7 0 1 1 0.9 0 1 1
4 0.1 0 1 1 0.4 0 1 1 0.5 0 1 1 0.6 0 1 1 0.7 0 1 1 0.9 0 1 1
4 0.1 0 1 1 0.4 0 1 1 0.5 0 1 1 0.6 0 1 1 0.7 0 1 1 0.9 0 1 1
4 0.1 7 0.14285714285714285 0.0 0.4 0 1 1 0.5 0 1 1 0.6 0 1 1 0.7 0 1 1 0.9 0 1 1
4 0.1 3 0.0 0.0 0.4 0 1 1 0.5 0 1 1 0.6 0 1 1 0.7 0 1 1 0.9 0 1 1
4 0.1 29 0.06896551724137931 0.0 0.4 8 0.125 0.0 0.5 6 0.16666666666666666 0.0 0.6 3 0.3333333333333333 0.0 0.7 0 1 1 0.9 0 1 1
4 0.1 25 0.16 0.0 0.4 6 0.3333333333333333 0.0 0.5 4 0.5 0.0 0.6 1 1.0 0.0 0.7 0 1 1 0.9 0 1 1
4 0.1 12 0.25 0.0 0.4 4 0.25 0.0 0.5 2 0.5 0.0 0.6 0 1 1 0.7 0 1 1 0.9 0 1 1
4 0.1 14 0.0 0.0 0.4 1 0.0 0.0 0.5 0 1 1 0.6 0 1 1 0.7 0 1 1 0.9 0 1 1
4 0.1 16 0.25 0.0 0.4 2 0.5 0.0 0.5 1 0.0 0.0 0.6 0 1 1 0.7 0 1 1 0.9 0 1 1
4 0.1 12 0.08333333333333333 0.0 0.4 5 0.0 0.0 0.5 1 0.0 0.0 0.6 1 0.0 0.0 0.7 0 1 1 0.9 0 1 1
4 0.1 13 0.15384615384615385 0.0 0.4 2 0.0 0.0 0.5 1 0.0 0.0 0.6 0 1 1 0.7 0 1 1 0.9 0 1 1
4 0.1 12 0.16666666666666666 0.0 0.4 0 1 1 0.5 0 1 1 0.6 0 1 1 0.7 0 1 1 0.9 0 1 1
4 0.1 14 0.2857142857142857 0.0 0.4 1 1.0 0.0 0.5 0 1 1 0.6 0 1 1 0.7 0 1 1 0.9 0 1 1
4 0.1 11 0.36363636363636365 0.0 0.4 5 0.6 0.0 0.5 3 0.3333333333333333 0.0 0.6 1 1.0 0.0 0.7 1 1.0 0.0 0.9 0 1 1
4 0.1 21 0.09523809523809523 0.0 0.4 3 0.0 0.0 0.5 1 0.0 0.0 0.6 0 1 1 0.7 0 1 1 0.9 0 1 1
4 0.1 0 1 1 0.4 0 1 1 0.5 0 1 1 0.6 0 1 1 0.7 0 1 1 0.9 0 1 1
4 0.1 10 0.2 0.0 0.4 5 0.2 0.0 0.5 2 0.0 0.0 0.6 0 1 1 0.7 0 1 1 0.9 0 1 1
4 0.1 14 0.2857142857142857 0.0 0.4 7 0.42857142857142855 0.0 0.5 6 0.5 0.0 0.6 3 0.6666666666666666 0.0 0.7 1 1.0 0.0 0.9 0 1 1
4 0.1 10 0.2 0.0 0.4 0 1 1 0.5 0 1 1 0.6 0 1 1 0.7 0 1 1 0.9 0 1 1
4 0.1 16 0.25 0.0 0.4 7 0.42857142857142855 0.0 0.5 6 0.5 0.0 0.6 4 0.5 0.0 0.7 1 1.0 0.0 0.9 0 1 1
4 0.1 13 0.3076923076923077 0.0 0.4 4 0.75 0.0 0.5 3 0.6666666666666666 0.0 0.6 1 1.0 0.0 0.7 0 1 1 0.9 0 1 1
4 0.1 11 0.36363636363636365 0.0 0.4 4 0.75 0.0 0.5 3 0.6666666666666666 0.0 0.6 1 1.0 0.0 0.7 0 1 1 0.9 0 1 1
4 0.1 12 0.3333333333333333 0.0 0.4 8 0.375 0.0 0.5 6 0.5 0.0 0.6 4 0.75 0.0 0.7 3 0.6666666666666666 0.0 0.9 0 1 1
4 0.1 11 0.36363636363636365 0.0 0.4 6 0.6666666666666666 0.0 0.5 4 0.75 0.0 0.6 3 0.6666666666666666 0.0 0.7 3 0.6666666666666666 0.0 0.9 0 1 1
4 0.1 24 0.16666666666666666 0.0 0.4 5 0.2 0.0 0.5 1 1.0 0.0 0.6 1 1.0 0.0 0.7 1 1.0 0.0 0.9 0 1 1
4 0.1 20 0.2 0.05 0.4 8 0.375 0.125 0.5 5 0.4 0.0 0.6 2 0.5 0.0 0.7 2 0.5 0.0 0.9 0 1 1
4 0.1 22 0.18181818181818182 0.0 0.4 10 0.4 0.0 0.5 8 0.5 0.0 0.6 4 0.75 0.0 0.7 2 1.0 0.0 0.9 0 1 1
4 0.1 19 0.21052631578947367 0.0 0.4 8 0.375 0.0 0.5 7 0.42857142857142855 0.0 0.6 4 0.5 0.0 0.7 2 0.5 0.0 0.9 0 1 1
4 0.1 18 0.2222222222222222 0.0 0.4 8 0.5 0.0 0.5 6 0.5 0.0 0.6 4 0.75 0.0 0.7 4 0.75 0.0 0.9 0 1 1
4 0.1 41 0.0975609756097561 0.0 0.4 8 0.25 0.0 0.5 7 0.2857142857142857 0.0 0.6 3 0.3333333333333333 0.0 0.7 1 1.0 0.0 0.9 0 1 1
4 0.1 24 0.16666666666666666 0.0 0.4 9 0.3333333333333333 0.0 0.5 9 0.3333333333333333 0.0 0.6 9 0.3333333333333333 0.0 0.7 5 0.4 0.0 0.9 0 1 1
4 0.1 23 0.13043478260869565 0.0 0.4 4 0.25 0.0 0.5 1 1.0 0.0 0.6 0 1 1 0.7 0 1 1 0.9 0 1 1
4 0.1 16 0.25 0.0 0.4 7 0.2857142857142857 0.0 0.5 6 0.3333333333333333 0.0 0.6 4 0.5 0.0 0.7 1 1.0 0.0 0.9 0 1 1
4 0.1 18 0.2222222222222222 0.05555555555555555 0.4 7 0.42857142857142855 0.14285714285714285 0.5 4 0.75 0.25 0.6 2 0.5 0.0 0.7 1 0.0 0.0 0.9 0 1 1
4 0.1 20 0.2 0.0 0.4 10 0.3 0.0 0.5 5 0.6 0.0 0.6 4 0.75 0.0 0.7 3 1.0 0.0 0.9 0 1 1
4 0.1 35 0.11428571428571428 0.0 0.4 8 0.375 0.0 0.5 5 0.6 0.0 0.6 4 0.5 0.0 0.7 2 0.5 0.0 0.9 0 1 1
4 0.1 17 0.23529411764705882 0.0 0.4 10 0.3 0.0 0.5 9 0.3333333333333333 0.0 0.6 8 0.375 0.0 0.7 6 0.5 0.0 0.9 0 1 1
4 0.1 16 0.25 0.0 0.4 8 0.5 0.0 0.5 7 0.42857142857142855 0.0 0.6 6 0.5 0.0 0.7 4 0.75 0.0 0.9 0 1 1
4 0.1 14 0.2857142857142857 0.0 0.4 6 0.5 0.0 0.5 4 0.75 0.0 0.6 4 0.75 0.0 0.7 3 1.0 0.0 0.9 0 1 1
4 0.1 13 0.3076923076923077 0.0 0.4 6 0.5 0.0 0.5 4 0.75 0.0 0.6 2 0.5 0.0 0.7 1 1.0 0.0 0.9 0 1 1
4 0.1 27 0.1111111111111111 0.0 0.4 5 0.6 0.0 0.5 4 0.75 0.0 0.6 3 0.6666666666666666 0.0 0.7 1 0.0 0.0 0.9 0 1 1
4 0.1 34 0.11764705882352941 0.0 0.4 11 0.36363636363636365 0.0 0.5 6 0.3333333333333333 0.0 0.6 3 0.3333333333333333 0.0 0.7 2 0.0 0.0 0.9 0 1 1
4 0.1 18 0.2222222222222222 0.0 0.4 7 0.42857142857142855 0.0 0.5 3 1.0 0.0 0.6 2 1.0 0.0 0.7 1 1.0 0.0 0.9 0 1 1
4 0.1 23 0.17391304347826086 0.0 0.4 8 0.375 0.0 0.5 5 0.6 0.0 0.6 4 0.75 0.0 0.7 1 1.0 0.0 0.9 0 1 1
4 0.1 20 0.2 0.0 0.4 11 0.36363636363636365 0.0 0.5 7 0.42857142857142855 0.0 0.6 4 0.75 0.0 0.7 4 0.75 0.0 0.9 0 1 1
4 0.1 15 0.26666666666666666 0.0 0.4 9 0.4444444444444444 0.0 0.5 7 0.42857142857142855 0.0 0.6 7 0.42857142857142855 0.0 0.7 5 0.6 0.0 0.9 0 1 1
4 0.1 16 0.25 0.0 0.4 8 0.5 0.0 0.5 6 0.5 0.0 0.6 6 0.5 0.0 0.7 5 0.6 0.0 0.9 0 1 1
4 0.1 31 0.12903225806451613 0.0 0.4 4 0.0 0.0 0.5 3 0.0 0.0 0.6 2 0.0 0.0 0.7 2 0.0 0.0 0.9 0 1 1
4 0.1 20 0.2 0.0 0.4 11 0.2727272727272727 0.0 0.5 11 0.2727272727272727 0.0 0.6 6 0.5 0.0 0.7 3 0.6666666666666666 0.0 0.9 0 1 1
4 0.1 12 0.3333333333333333 0.0 0.4 9 0.4444444444444444 0.0 0.5 7 0.42857142857142855 0.0 0.6 2 1.0 0.0 0.7 1 1.0 0.0 0.9 0 1 1
4 0.1 15 0.26666666666666666 0.0 0.4 6 0.5 0.0 0.5 4 0.75 0.0 0.6 3 0.6666666666666666 0.0 0.7 2 0.5 0.0 0.9 0 1 1
4 0.1 16 0.25 0.0 0.4 10 0.4 0.0 0.5 7 0.42857142857142855 0.0 0.6 4 0.5 0.0 0.7 3 0.6666666666666666 0.0 0.9 0 1 1
4 0.1 13 0.3076923076923077 0.0 0.4 7 0.42857142857142855 0.0 0.5 6 0.5 0.0 0.6 5 0.6 0.0 0.7 4 0.5 0.0 0.9 0 1 1
4 0.1 19 0.21052631578947367 0.0 0.4 8 0.375 0.0 0.5 6 0.5 0.0 0.6 5 0.6 0.0 0.7 4 0.75 0.0 0.9 0 1 1
4 0.1 14 0.2857142857142857 0.0 0.4 9 0.4444444444444444 0.0 0.5 7 0.42857142857142855 0.0 0.6 5 0.6 0.0 0.7 5 0.6 0.0 0.9 0 1 1
4 0.1 19 0.21052631578947367 0.05263157894736842 0.4 11 0.36363636363636365 0.09090909090909091 0.5 10 0.4 0.1 0.6 7 0.42857142857142855 0.14285714285714285 0.7 4 0.5 0.0 0.9 0 1 1
4 0.1 14 0.2857142857142857 0.0 0.4 10 0.4 0.0 0.5 8 0.5 0.0 0.6 6 0.5 0.0 0.7 1 1.0 0.0 0.9 0 1 1
4 0.1 14 0.2857142857142857 0.0 0.4 8 0.375 0.0 0.5 7 0.42857142857142855 0.0 0.6 4 0.5 0.0 0.7 2 0.5 0.0 0.9 0 1 1
4 0.1 11 0.36363636363636365 0.0 0.4 7 0.42857142857142855 0.0 0.5 6 0.5 0.0 0.6 4 0.75 0.0 0.7 2 0.5 0.0 0.9 0 1 1
4 0.1 15 0.26666666666666666 0.0 0.4 10 0.4 0.0 0.5 9 0.4444444444444444 0.0 0.6 8 0.375 0.0 0.7 5 0.6 0.0 0.9 0 1 1
4 0.1 16 0.25 0.0 0.4 7 0.42857142857142855 0.0 0.5 6 0.5 0.0 0.6 4 0.75 0.0 0.7 4 0.75 0.0 0.9 0 1 1
4 0.1 16 0.25 0.0 0.4 10 0.4 0.0 0.5 7 0.2857142857142857 0.0 0.6 6 0.3333333333333333 0.0 0.7 4 0.5 0.0 0.9 0 1 1
4 0.1 17 0.23529411764705882 0.0 0.4 9 0.3333333333333333 0.0 0.5 9 0.3333333333333333 0.0 0.6 7 0.42857142857142855 0.0 0.7 6 0.5 0.0 0.9 0 1 1
4 0.1 18 0.2222222222222222 0.05555555555555555 0.4 11 0.36363636363636365 0.09090909090909091 0.5 9 0.4444444444444444 0.1111111111111111 0.6 9 0.4444444444444444 0.1111111111111111 0.7 6 0.5 0.16666666666666666 0.9 0 1 1
4 0.1 29 0.13793103448275862 0.0 0.4 12 0.25 0.0 0.5 9 0.3333333333333333 0.0 0.6 8 0.375 0.0 0.7 5 0.6 0.0 0.9 0 1 1
4 0.1 15 0.26666666666666666 0.0 0.4 9 0.4444444444444444 0.0 0.5 8 0.5 0.0 0.6 7 0.5714285714285714 0.0 0.7 4 0.75 0.0 0.9 0 1 1
4 0.1 14 0.2857142857142857 0.0 0.4 10 0.4 0.0 0.5 9 0.4444444444444444 0.0 0.6 7 0.42857142857142855 0.0 0.7 4 0.5 0.0 0.9 0 1 1
4 0.1 10 0.4 0.0 0.4 6 0.5 0.0 0.5 5 0.6 0.0 0.6 4 0.5 0.0 0.7 4 0.5 0.0 0.9 0 1 1
4 0.1 12 0.3333333333333333 0.0 0.4 6 0.5 0.0 0.5 5 0.6 0.0 0.6 4 0.75 0.0 0.7 3 0.6666666666666666 0.0 0.9 0 1 1
4 0.1 12 0.3333333333333333 0.0 0.4 6 0.6666666666666666 0.0 0.5 5 0.8 0.0 0.6 4 0.75 0.0 0.7 3 0.6666666666666666 0.0 0.9 0 1 1
4 0.1 15 0.26666666666666666 0.0 0.4 8 0.5 0.0 0.5 8 0.5 0.0 0.6 6 0.5 0.0 0.7 3 0.6666666666666666 0.0 0.9 0 1 1
4 0.1 12 0.3333333333333333 0.0 0.4 8 0.5 0.0 0.5 8 0.5 0.0 0.6 6 0.6666666666666666 0.0 0.7 5 0.8 0.0 0.9 0 1 1
4 0.1 16 0.25 0.0 0.4 9 0.4444444444444444 0.0 0.5 9 0.4444444444444444 0.0 0.6 7 0.5714285714285714 0.0 0.7 6 0.6666666666666666 0.0 0.9 0 1 1
4 0.1 15 0.26666666666666666 0.0 0.4 11 0.36363636363636365 0.0 0.5 8 0.5 0.0 0.6 5 0.6 0.0 0.7 5 0.6 0.0 0.9 0 1 1
4 0.1 13 0.3076923076923077 0.0 0.4 11 0.36363636363636365 0.0 0.5 10 0.4 0.0 0.6 7 0.42857142857142855 0.0 0.7 5 0.6 0.0 0.9 0 1 1
4 0.1 14 0.2857142857142857 0.07142857142857142 0.4 10 0.4 0.1 0.5 8 0.5 0.125 0.6 6 0.6666666666666666 0.16666666666666666 0.7 4 0.75 0.25 0.9 0 1 1
4 0.1 12 0.3333333333333333 0.0 0.4 5 0.8 0.0 0.5 5 0.8 0.0 0.6 4 0.75 0.0 0.7 2 1.0 0.0 0.9 0 1 1
4 0.1 19 0.21052631578947367 0.0 0.4 12 0.3333333333333333 0.0 0.5 10 0.4 0.0 0.6 9 0.4444444444444444 0.0 0.7 7 0.5714285714285714 0.0 0.9 0 1 1
4 0.1 13 0.3076923076923077 0.0 0.4 5 0.6 0.0 0.5 4 0.75 0.0 0.6 4 0.75 0.0 0.7 2 1.0 0.0 0.9 0 1 1
4 0.1 14 0.2857142857142857 0.0 0.4 7 0.5714285714285714 0.0 0.5 7 0.5714285714285714 0.0 0.6 7 0.5714285714285714 0.0 0.7 5 0.6 0.0 0.9 0 1 1
4 0.1 13 0.3076923076923077 0.0 0.4 7 0.5714285714285714 0.0 0.5 6 0.5 0.0 0.6 5 0.6 0.0 0.7 5 0.6 0.0 0.9 0 1 1
4 0.1 14 0.2857142857142857 0.0 0.4 7 0.5714285714285714 0.0 0.5 6 0.6666666666666666 0.0 0.6 6 0.6666666666666666 0.0 0.7 4 0.75 0.0 0.9 0 1 1
4 0.1 8 0.5 0.0 0.4 7 0.5714285714285714 0.0 0.5 6 0.5 0.0 0.6 4 0.5 0.0 0.7 3 0.6666666666666666 0.0 0.9 0 1 1
4 0.1 10 0.4 0.0 0.4 6 0.6666666666666666 0.0 0.5 6 0.6666666666666666 0.0 0.6 3 0.6666666666666666 0.0 0.7 2 0.5 0.0 0.9 0 1 1
4 0.1 10 0.4 0.0 0.4 6 0.6666666666666666 0.0 0.5 6 0.6666666666666666 0.0 0.6 5 0.6 0.0 0.7 4 0.5 0.0 0.9 0 1 1
4 0.1 14 0.2857142857142857 0.0 0.4 8 0.5 0.0 0.5 7 0.5714285714285714 0.0 0.6 4 0.75 0.0 0.7 1 1.0 0.0 0.9 0 1 1
4 0.1 13 0.3076923076923077 0.0 0.4 7 0.5714285714285714 0.0 0.5 7 0.5714285714285714 0.0 0.6 5 0.6 0.0 0.7 2 1.0 0.0 0.9 0 1 1
4 0.1 12 0.3333333333333333 0.0 0.4 6 0.6666666666666666 0.0 0.5 5 0.6 0.0 0.6 4 0.75 0.0 0.7 3 0.6666666666666666 0.0 0.9 0 1 1
4 0.1 12 0.3333333333333333 0.0 0.4 6 0.5 0.0 0.5 6 0.5 0.0 0.6 4 0.5 0.0 0.7 4 0.5 0.0 0.9 0 1 1
4 0.1 16 0.25 0.0 0.4 4 0.5 0.0 0.5 4 0.5 0.0 0.6 3 0.3333333333333333 0.0 0.7 2 0.5 0.0 0.9 0 1 1
4 0.1 6 0.6666666666666666 0.0 0.4 4 0.75 0.0 0.5 4 0.75 0.0 0.6 4 0.75 0.0 0.7 3 0.6666666666666666 0.0 0.9 0 1 1
4 0.1 13 0.3076923076923077 0.0 0.4 5 0.6 0.0 0.5 4 0.75 0.0 0.6 4 0.75 0.0 0.7 4 0.75 0.0 0.9 0 1 1
4 0.1 9 0.4444444444444444 0.0 0.4 6 0.5 0.0 0.5 6 0.5 0.0 0.6 5 0.6 0.0 0.7 4 0.75 0.0 0.9 0 1 1
4 0.1 12 0.3333333333333333 0.0 0.4 8 0.5 0.0 0.5 8 0.5 0.0 0.6 7 0.42857142857142855 0.0 0.7 7 0.42857142857142855 0.0 0.9 0 1 1
4 0.1 9 0.4444444444444444 0.0 0.4 7 0.42857142857142855 0.0 0.5 6 0.5 0.0 0.6 5 0.6 0.0 0.7 5 0.6 0.0 0.9 0 1 1
4 0.1 9 0.3333333333333333 0.0 0.4 5 0.6 0.0 0.5 5 0.6 0.0 0.6 4 0.75 0.0 0.7 4 0.75 0.0 0.9 0 1 1
4 0.1 8 0.5 0.125 0.4 7 0.5714285714285714 0.14285714285714285 0.5 6 0.5 0.0 0.6 5 0.6 0.0 0.7 5 0.6 0.0 0.9 0 1 1
4 0.1 16 0.25 0.0 0.4 8 0.5 0.0 0.5 7 0.5714285714285714 0.0 0.6 7 0.5714285714285714 0.0 0.7 7 0.5714285714285714 0.0 0.9 0 1 1
4 0.1 10 0.4 0.0 0.4 7 0.5714285714285714 0.0 0.5 6 0.6666666666666666 0.0 0.6 4 0.75 0.0 0.7 3 0.6666666666666666 0.0 0.9 0 1 1
4 0.1 12 0.3333333333333333 0.0 0.4 7 0.5714285714285714 0.0 0.5 6 0.6666666666666666 0.0 0.6 5 0.8 0.0 0.7 4 0.75 0.0 0.9 0 1 1
4 0.1 10 0.4 0.0 0.4 7 0.5714285714285714 0.0 0.5 7 0.5714285714285714 0.0 0.6 6 0.6666666666666666 0.0 0.7 4 0.75 0.0 0.9 0 1 1
4 0.1 16 0.25 0.0625 0.4 5 0.8 0.2 0.5 5 0.8 0.2 0.6 5 0.8 0.2 0.7 3 0.6666666666666666 0.3333333333333333 0.9 0 1 1
4 0.1 18 0.2222222222222222 0.0 0.4 9 0.4444444444444444 0.0 0.5 7 0.5714285714285714 0.0 0.6 7 0.5714285714285714 0.0 0.7 4 0.75 0.0 0.9 0 1 1
4 0.1 12 0.3333333333333333 0.0 0.4 6 0.3333333333333333 0.0 0.5 6 0.3333333333333333 0.0 0.6 4 0.5 0.0 0.7 4 0.5 0.0 0.9 0 1 1
4 0.1 12 0.3333333333333333 0.0 0.4 7 0.5714285714285714 0.0 0.5 6 0.5 0.0 0.6 4 0.5 0.0 0.7 4 0.5 0.0 0.9 0 1 1
4 0.1 10 0.4 0.0 0.4 6 0.5 0.0 0.5 5 0.6 0.0 0.6 5 0.6 0.0 0.7 5 0.6 0.0 0.9 0 1 1
4 0.1 11 0.36363636363636365 0.0 0.4 8 0.5 0.0 0.5 7 0.5714285714285714 0.0 0.6 6 0.6666666666666666 0.0 0.7 5 0.6 0.0 0.9 0 1 1
4 0.1 13 0.3076923076923077 0.0 0.4 9 0.4444444444444444 0.0 0.5 9 0.4444444444444444 0.0 0.6 9 0.4444444444444444 0.0 0.7 8 0.5 0.0 0.9 0 1 1
4 0.1 10 0.4 0.0 0.4 6 0.6666666666666666 0.0 0.5 5 0.6 0.0 0.6 4 0.5 0.0 0.7 3 0.6666666666666666 0.0 0.9 0 1 1
4 0.1 12 0.3333333333333333 0.0 0.4 8 0.5 0.0 0.5 7 0.5714285714285714 0.0 0.6 5 0.6 0.0 0.7 5 0.6 0.0 0.9 0 1 1
4 0.1 10 0.4 0.0 0.4 6 0.5 0.0 0.5 5 0.6 0.0 0.6 5 0.6 0.0 0.7 3 0.6666666666666666 0.0 0.9 0 1 1
4 0.1 10 0.4 0.0 0.4 5 0.6 0.0 0.5 4 0.5 0.0 0.6 4 0.5 0.0 0.7 4 0.5 0.0 0.9 0 1 1
4 0.1 10 0.4 0.0 0.4 7 0.5714285714285714 0.0 0.5 6 0.5 0.0 0.6 5 0.4 0.0 0.7 4 0.5 0.0 0.9 0 1 1
4 0.1 12 0.25 0.0 0.4 6 0.5 0.0 0.5 5 0.6 0.0 0.6 5 0.6 0.0 0.7 4 0.5 0.0 0.9 0 1 1
4 0.1 9 0.4444444444444444 0.0 0.4 6 0.5 0.0 0.5 6 0.5 0.0 0.6 6 0.5 0.0 0.7 6 0.5 0.0 0.9 0 1 1
4 0.1 9 0.4444444444444444 0.0 0.4 6 0.5 0.0 0.5 5 0.4 0.0 0.6 5 0.4 0.0 0.7 4 0.25 0.0 0.9 0 1 1
4 0.1 9 0.4444444444444444 0.0 0.4 7 0.5714285714285714 0.0 0.5 7 0.5714285714285714 0.0 0.6 7 0.5714285714285714 0.0 0.7 5 0.6 0.0 0.9 0 1 1
4 0.1 12 0.3333333333333333 0.0 0.4 9 0.4444444444444444 0.0 0.5 8 0.5 0.0 0.6 7 0.5714285714285714 0.0 0.7 7 0.5714285714285714 0.0 0.9 0 1 1
4 0.1 9 0.4444444444444444 0.0 0.4 8 0.5 0.0 0.5 7 0.5714285714285714 0.0 0.6 6 0.5 0.0 0.7 5 0.4 0.0 0.9 0 1 1
4 0.1 7 0.42857142857142855 0.0 0.4 6 0.5 0.0 0.5 6 0.5 0.0 0.6 6 0.5 0.0 0.7 5 0.6 0.0 0.9 0 1 1
4 0.1 9 0.4444444444444444 0.0 0.4 4 0.75 0.0 0.5 4 0.75 0.0 0.6 2 1.0 0.0 0.7 2 1.0 0.0 0.9 0 1 1
4 0.1 8 0.5 0.0 0.4 5 0.6 0.0 0.5 5 0.6 0.0 0.6 5 0.6 0.0 0.7 4 0.5 0.0 0.9 0 1 1
4 0.1 7 0.5714285714285714 0.0 0.4 4 0.5 0.0 0.5 4 0.5 0.0 0.6 3 0.3333333333333333 0.0 0.7 2 0.5 0.0 0.9 0 1 1
4 0.1 12 0.3333333333333333 0.0 0.4 8 0.5 0.0 0.5 8 0.5 0.0 0.6 6 0.5 0.0 0.7 5 0.6 0.0 0.9 0 1 1
4 0.1 9 0.4444444444444444 0.0 0.4 4 0.75 0.0 0.5 4 0.75 0.0 0.6 3 0.6666666666666666 0.0 0.7 3 0.6666666666666666 0.0 0.9 0 1 1
4 0.1 7 0.5714285714285714 0.0 0.4 3 0.6666666666666666 0.0 0.5 3 0.6666666666666666 0.0 0.6 3 0.6666666666666666 0.0 0.7 3 0.6666666666666666 0.0 0.9 0 1 1
4 0.1 11 0.36363636363636365 0.0 0.4 7 0.5714285714285714 0.0 0.5 7 0.5714285714285714 0.0 0.6 7 0.5714285714285714 0.0 0.7 6 0.5 0.0 0.9 0 1 1
4 0.1 14 0.2857142857142857 0.0 0.4 9 0.4444444444444444 0.0 0.5 9 0.4444444444444444 0.0 0.6 8 0.375 0.0 0.7 5 0.6 0.0 0.9 0 1 1
4 0.1 10 0.4 0.0 0.4 6 0.5 0.0 0.5 6 0.5 0.0 0.6 5 0.6 0.0 0.7 4 0.5 0.0 0.9 0 1 1
4 0.1 10 0.4 0.0 0.4 5 0.6 0.0 0.5 4 0.5 0.0 0.6 4 0.5 0.0 0.7 4 0.5 0.0 0.9 0 1 1
4 0.1 12 0.3333333333333333 0.0 0.4 6 0.6666666666666666 0.0 0.5 6 0.6666666666666666 0.0 0.6 6 0.6666666666666666 0.0 0.7 5 0.6 0.0 0.9 0 1 1
4 0.1 12 0.3333333333333333 0.0 0.4 7 0.42857142857142855 0.0 0.5 5 0.6 0.0 0.6 5 0.6 0.0 0.7 5 0.6 0.0 0.9 0 1 1
4 0.1 11 0.2727272727272727 0.0 0.4 7 0.42857142857142855 0.0 0.5 5 0.6 0.0 0.6 5 0.6 0.0 0.7 4 0.75 0.0 0.9 0 1 1
4 0.1 15 0.26666666666666666 0.0 0.4 10 0.4 0.0 0.5 7 0.5714285714285714 0.0 0.6 7 0.5714285714285714 0.0 0.7 7 0.5714285714285714 0.0 0.9 0 1 1
4 0.1 14 0.2857142857142857 0.0 0.4 11 0.36363636363636365 0.0 0.5 10 0.4 0.0 0.6 8 0.5 0.0 0.7 7 0.5714285714285714 0.0 0.9 0 1 1
4 0.1 12 0.3333333333333333 0.0 0.4 8 0.5 0.0 0.5 8 0.5 0.0 0.6 8 0.5 0.0 0.7 7 0.5714285714285714 0.0 0.9 0 1 1
4 0.1 11 0.36363636363636365 0.0 0.4 7 0.5714285714285714 0.0 0.5 7 0.5714285714285714 0.0 0.6 6 0.5 0.0 0.7 6 0.5 0.0 0.9 0 1 1
4 0.1 12 0.3333333333333333 0.0 0.4 9 0.4444444444444444 0.0 0.5 8 0.5 0.0 0.6 8 0.5 0.0 0.7 6 0.6666666666666666 0.0 0.9 0 1 1
4 0.1 10 0.4 0.0 0.4 5 0.4 0.0 0.5 4 0.5 0.0 0.6 4 0.5 0.0 0.7 4 0.5 0.0 0.9 0 1 1
4 0.1 10 0.4 0.0 0.4 6 0.6666666666666666 0.0 0.5 6 0.6666666666666666 0.0 0.6 5 0.6 0.0 0.7 4 0.75 0.0 0.9 0 1 1
4 0.1 9 0.4444444444444444 0.0 0.4 6 0.6666666666666666 0.0 0.5 5 0.8 0.0 0.6 5 0.8 0.0 0.7 3 0.6666666666666666 0.0 0.9 0 1 1
4 0.1 11 0.36363636363636365 0.0 0.4 6 0.6666666666666666 0.0 0.5 5 0.8 0.0 0.6 5 0.8 0.0 0.7 4 0.75 0.0 0.9 0 1 1
4 0.1 10 0.4 0.0 0.4 7 0.5714285714285714 0.0 0.5 6 0.6666666666666666 0.0 0.6 5 0.6 0.0 0.7 4 0.5 0.0 0.9 0 1 1
4 0.1 7 0.5714285714285714 0.0 0.4 5 0.6 0.0 0.5 5 0.6 0.0 0.6 5 0.6 0.0 0.7 5 0.6 0.0 0.9 0 1 1
4 0.1 11 0.36363636363636365 0.0 0.4 7 0.5714285714285714 0.0 0.5 7 0.5714285714285714 0.0 0.6 6 0.6666666666666666 0.0 0.7 6 0.6666666666666666 0.0 0.9 0 1 1
4 0.1 12 0.3333333333333333 0.0 0.4 10 0.4 0.0 0.5 8 0.5 0.0 0.6 8 0.5 0.0 0.7 8 0.5 0.0 0.9 0 1 1
4 0.1 10 0.4 0.1 0.4 7 0.5714285714285714 0.14285714285714285 0.5 7 0.5714285714285714 0.14285714285714285 0.6 6 0.6666666666666666 0.16666666666666666 0.7 6 0.6666666666666666 0.16666666666666666 0.9 0 1 1
4 0.1 11 0.36363636363636365 0.0 0.4 7 0.5714285714285714 0.0 0.5 5 0.6 0.0 0.6 5 0.6 0.0 0.7 4 0.5 0.0 0.9 0 1 1
4 0.1 8 0.5 0.0 0.4 6 0.6666666666666666 0.0 0.5 5 0.6 0.0 0.6 5 0.6 0.0 0.7 4 0.5 0.0 0.9 0 1 1
4 0.1 10 0.4 0.0 0.4 7 0.5714285714285714 0.0 0.5 7 0.5714285714285714 0.0 0.6 6 0.6666666666666666 0.0 0.7 4 0.75 0.0 0.9 0 1 1
4 0.1 12 0.3333333333333333 0.0 0.4 8 0.5 0.0 0.5 7 0.5714285714285714 0.0 0.6 6 0.5 0.0 0.7 6 0.5 0.0 0.9 0 1 1
4 0.1 9 0.3333333333333333 0.0 0.4 6 0.5 0.0 0.5 6 0.5 0.0 0.6 5 0.6 0.0 0.7 4 0.75 0.0 0.9 0 1 1
4 0.1 9 0.4444444444444444 0.0 0.4 6 0.5 0.0 0.5 6 0.5 0.0 0.6 4 0.5 0.0 0.7 3 0.6666666666666666 0.0 0.9 0 1 1
4 0.1 10 0.3 0.0 0.4 6 0.5 0.0 0.5 5 0.6 0.0 0.6 5 0.6 0.0 0.7 4 0.5 0.0 0.9 0 1 1
4 0.1 12 0.3333333333333333 0.0 0.4 9 0.4444444444444444 0.0 0.5 7 0.42857142857142855 0.0 0.6 7 0.42857142857142855 0.0 0.7 7 0.42857142857142855 0.0 0.9 0 1 1
4 0.1 12 0.25 0.0 0.4 6 0.3333333333333333 0.0 0.5 6 0.3333333333333333 0.0 0.6 6 0.3333333333333333 0.0 0.7 6 0.3333333333333333 0.0 0.9 0 1 1
4 0.1 8 0.375 0.0 0.4 7 0.42857142857142855 0.0 0.5 7 0.42857142857142855 0.0 0.6 7 0.42857142857142855 0.0 0.7 6 0.5 0.0 0.9 0 1 1
4 0.1 7 0.42857142857142855 0.0 0.4 5 0.6 0.0 0.5 3 0.6666666666666666 0.0 0.6 3 0.6666666666666666 0.0 0.7 3 0.6666666666666666 0.0 0.9 0 1 1
4 0.1 8 0.5 0.0 0.4 6 0.6666666666666666 0.0 0.5 6 0.6666666666666666 0.0 0.6 5 0.8 0.0 0.7 4 0.75 0.0 0.9 0 1 1
4 0.1 9 0.4444444444444444 0.0 0.4 7 0.42857142857142855 0.0 0.5 6 0.5 0.0 0.6 5 0.6 0.0 0.7 3 0.6666666666666666 0.0 0.9 0 1 1
4 0.1 11 0.36363636363636365 0.0 0.4 7 0.42857142857142855 0.0 0.5 6 0.3333333333333333 0.0 0.6 4 0.5 0.0 0.7 4 0.5 0.0 0.9 0 1 1
4 0.1 10 0.4 0.0 0.4 9 0.4444444444444444 0.0 0.5 6 0.5 0.0 0.6 5 0.4 0.0 0.7 4 0.5 0.0 0.9 0 1 1
4 0.1 9 0.4444444444444444 0.0 0.4 6 0.5 0.0 0.5 5 0.6 0.0 0.6 5 0.6 0.0 0.7 4 0.75 0.0 0.9 0 1 1
4 0.1 7 0.5714285714285714 0.0 0.4 4 0.5 0.0 0.5 4 0.5 0.0 0.6 4 0.5 0.0 0.7 3 0.6666666666666666 0.0 0.9 0 1 1
4 0.1 7 0.5714285714285714 0.0 0.4 4 0.75 0.0 0.5 4 0.75 0.0 0.6 4 0.75 0.0 0.7 3 1.0 0.0 0.9 0 1 1
4 0.1 8 0.5 0.0 0.4 7 0.42857142857142855 0.0 0.5 5 0.6 0.0 0.6 5 0.6 0.0 0.7 5 0.6 0.0 0.9 0 1 1
4 0.1 8 0.5 0.0 0.4 6 0.6666666666666666 0.0 0.5 6 0.6666666666666666 0.0 0.6 5 0.6 0.0 0.7 5 0.6 0.0 0.9 0 1 1
4 0.1 10 0.4 0.0 0.4 6 0.6666666666666666 0.0 0.5 6 0.6666666666666666 0.0 0.6 5 0.6 0.0 0.7 5 0.6 0.0 0.9 0 1 1
4 0.1 8 0.5 0.0 0.4 6 0.6666666666666666 0.0 0.5 6 0.6666666666666666 0.0 0.6 6 0.6666666666666666 0.0 0.7 6 0.6666666666666666 0.0 0.9 0 1 1
4 0.1 11 0.36363636363636365 0.0 0.4 9 0.4444444444444444 0.0 0.5 9 0.4444444444444444 0.0 0.6 8 0.5 0.0 0.7 8 0.5 0.0 0.9 0 1 1
4 0.1 9 0.4444444444444444 0.0 0.4 7 0.5714285714285714 0.0 0.5 6 0.6666666666666666 0.0 0.6 5 0.6 0.0 0.7 5 0.6 0.0 0.9 0 1 1
4 0.1 8 0.5 0.0 0.4 6 0.6666666666666666 0.0 0.5 6 0.6666666666666666 0.0 0.6 4 0.5 0.0 0.7 4 0.5 0.0 0.9 0 1 1
4 0.1 10 0.4 0.0 0.4 4 0.5 0.0 0.5 4 0.5 0.0 0.6 4 0.5 0.0 0.7 4 0.5 0.0 0.9 0 1 1
4 0.1 9 0.4444444444444444 0.0 0.4 6 0.5 0.0 0.5 6 0.5 0.0 0.6 5 0.4 0.0 0.7 5 0.4 0.0 0.9 0 1 1
4 0.1 11 0.36363636363636365 0.0 0.4 9 0.4444444444444444 0.0 0.5 9 0.4444444444444444 0.0 0.6 7 0.5714285714285714 0.0 0.7 5 0.6 0.0 0.9 0 1 1
4 0.1 12 0.3333333333333333 0.0 0.4 9 0.4444444444444444 0.0 0.5 9 0.4444444444444444 0.0 0.6 9 0.4444444444444444 0.0 0.7 8 0.5 0.0 0.9 1 1.0 0.0
4 0.1 12 0.3333333333333333 0.0 0.4 9 0.4444444444444444 0.0 0.5 7 0.42857142857142855 0.0 0.6 6 0.5 0.0 0.7 6 0.5 0.0 0.9 0 1 1
4 0.1 10 0.4 0.0 0.4 8 0.5 0.0 0.5 8 0.5 0.0 0.6 7 0.42857142857142855 0.0 0.7 7 0.42857142857142855 0.0 0.9 0 1 1
4 0.1 11 0.36363636363636365 0.0 0.4 8 0.5 0.0 0.5 7 0.5714285714285714 0.0 0.6 7 0.5714285714285714 0.0 0.7 6 0.5 0.0 0.9 0 1 1
4 0.1 9 0.4444444444444444 0.0 0.4 8 0.5 0.0 0.5 7 0.5714285714285714 0.0 0.6 7 0.5714285714285714 0.0 0.7 6 0.5 0.0 0.9 0 1 1
4 0.1 12 0.3333333333333333 0.0 0.4 8 0.5 0.0 0.5 8 0.5 0.0 0.6 8 0.5 0.0 0.7 7 0.5714285714285714 0.0 0.9 0 1 1
4 0.1 10 0.4 0.0 0.4 5 0.8 0.0 0.5 4 0.75 0.0 0.6 4 0.75 0.0 0.7 4 0.75 0.0 0.9 0 1 1
4 0.1 10 0.4 0.0 0.4 9 0.4444444444444444 0.0 0.5 7 0.5714285714285714 0.0 0.6 6 0.5 0.0 0.7 5 0.6 0.0 0.9 0 1 1
4 0.1 11 0.36363636363636365 0.0 0.4 9 0.4444444444444444 0.0 0.5 9 0.4444444444444444 0.0 0.6 9 0.4444444444444444 0.0 0.7 8 0.375 0.0 0.9 0 1 1
4 0.1 9 0.4444444444444444 0.0 0.4 6 0.6666666666666666 0.0 0.5 5 0.8 0.0 0.6 4 0.75 0.0 0.7 4 0.75 0.0 0.9 0 1 1
4 0.1 7 0.5714285714285714 0.0 0.4 5 0.6 0.0 0.5 5 0.6 0.0 0.6 5 0.6 0.0 0.7 5 0.6 0.0 0.9 0 1 1
4 0.1 10 0.4 0.0 0.4 5 0.6 0.0 0.5 5 0.6 0.0 0.6 5 0.6 0.0 0.7 5 0.6 0.0 0.9 0 1 1
4 0.1 11 0.36363636363636365 0.0 0.4 6 0.6666666666666666 0.0 0.5 6 0.6666666666666666 0.0 0.6 5 0.6 0.0 0.7 5 0.6 0.0 0.9 0 1 1
4 0.1 11 0.36363636363636365 0.0 0.4 9 0.4444444444444444 0.0 0.5 9 0.4444444444444444 0.0 0.6 9 0.4444444444444444 0.0 0.7 8 0.5 0.0 0.9 0 1 1
4 0.1 11 0.36363636363636365 0.0 0.4 9 0.4444444444444444 0.0 0.5 9 0.4444444444444444 0.0 0.6 8 0.5 0.0 0.7 8 0.5 0.0 0.9 0 1 1
4 0.1 11 0.36363636363636365 0.0 0.4 9 0.4444444444444444 0.0 0.5 8 0.5 0.0 0.6 8 0.5 0.0 0.7 8 0.5 0.0 0.9 0 1 1
4 0.1 8 0.5 0.0 0.4 6 0.6666666666666666 0.0 0.5 6 0.6666666666666666 0.0 0.6 6 0.6666666666666666 0.0 0.7 6 0.6666666666666666 0.0 0.9 0 1 1
4 0.1 9 0.4444444444444444 0.0 0.4 6 0.6666666666666666 0.0 0.5 6 0.6666666666666666 0.0 0.6 6 0.6666666666666666 0.0 0.7 6 0.6666666666666666 0.0 0.9 0 1 1
4 0.1 9 0.4444444444444444 0.0 0.4 7 0.5714285714285714 0.0 0.5 7 0.5714285714285714 0.0 0.6 6 0.6666666666666666 0.0 0.7 6 0.6666666666666666 0.0 0.9 0 1 1
4 0.1 11 0.36363636363636365 0.0 0.4 7 0.5714285714285714 0.0 0.5 7 0.5714285714285714 0.0 0.6 6 0.6666666666666666 0.0 0.7 6 0.6666666666666666 0.0 0.9 0 1 1
4 0.1 10 0.4 0.0 0.4 6 0.6666666666666666 0.0 0.5 6 0.6666666666666666 0.0 0.6 5 0.6 0.0 0.7 5 0.6 0.0 0.9 0 1 1
4 0.1 11 0.36363636363636365 0.0 0.4 8 0.5 0.0 0.5 8 0.5 0.0 0.6 5 0.6 0.0 0.7 5 0.6 0.0 0.9 0 1 1
4 0.1 9 0.4444444444444444 0.0 0.4 6 0.5 0.0 0.5 6 0.5 0.0 0.6 5 0.6 0.0 0.7 3 0.6666666666666666 0.0 0.9 0 1 1
4 0.1 9 0.4444444444444444 0.0 0.4 7 0.5714285714285714 0.0 0.5 7 0.5714285714285714 0.0 0.6 7 0.5714285714285714 0.0 0.7 5 0.6 0.0 0.9 0 1 1
4 0.1 9 0.4444444444444444 0.0 0.4 7 0.42857142857142855 0.0 0.5 6 0.5 0.0 0.6 5 0.6 0.0 0.7 5 0.6 0.0 0.9 0 1 1
4 0.1 9 0.4444444444444444 0.0 0.4 8 0.5 0.0 0.5 7 0.5714285714285714 0.0 0.6 6 0.6666666666666666 0.0 0.7 4 0.75 0.0 0.9 0 1 1
4 0.1 8 0.5 0.0 0.4 8 0.5 0.0 0.5 7 0.5714285714285714 0.0 0.6 7 0.5714285714285714 0.0 0.7 5 0.6 0.0 0.9 0 1 1
4 0.1 8 0.5 0.0 0.4 6 0.6666666666666666 0.0 0.5 6 0.6666666666666666 0.0 0.6 5 0.6 0.0 0.7 5 0.6 0.0 0.9 0 1 1
4 0.1 14 0.2857142857142857 0.0 0.4 7 0.5714285714285714 0.0 0.5 7 0.5714285714285714 0.0 0.6 7 0.5714285714285714 0.0 0.7 7 0.5714285714285714 0.0 0.9 0 1 1
4 0.1 12 0.3333333333333333 0.0 0.4 6 0.6666666666666666 0.0 0.5 6 0.6666666666666666 0.0 0.6 6 0.6666666666666666 0.0 0.7 5 0.6 0.0 0.9 0 1 1
4 0.1 9 0.4444444444444444 0.0 0.4 6 0.6666666666666666 0.0 0.5 6 0.6666666666666666 0.0 0.6 6 0.6666666666666666 0.0 0.7 6 0.6666666666666666 0.0 0.9 0 1 1
4 0.1 8 0.5 0.0 0.4 7 0.5714285714285714 0.0 0.5 6 0.6666666666666666 0.0 0.6 5 0.6 0.0 0.7 5 0.6 0.0 0.9 0 1 1
4 0.1 9 0.4444444444444444 0.0 0.4 5 0.6 0.0 0.5 5 0.6 0.0 0.6 5 0.6 0.0 0.7 5 0.6 0.0 0.9 0 1 1
4 0.1 13 0.3076923076923077 0.0 0.4 6 0.6666666666666666 0.0 0.5 6 0.6666666666666666 0.0 0.6 6 0.6666666666666666 0.0 0.7 4 0.5 0.0 0.9 0 1 1
4 0.1 8 0.375 0.0 0.4 6 0.5 0.0 0.5 5 0.4 0.0 0.6 3 0.3333333333333333 0.0 0.7 3 0.3333333333333333 0.0 0.9 0 1 1
4 0.1 11 0.36363636363636365 0.0 0.4 8 0.5 0.0 0.5 8 0.5 0.0 0.6 8 0.5 0.0 0.7 5 0.6 0.0 0.9 0 1 1
4 0.1 11 0.36363636363636365 0.0 0.4 7 0.5714285714285714 0.0 0.5 7 0.5714285714285714 0.0 0.6 7 0.5714285714285714 0.0 0.7 6 0.5 0.0 0.9 0 1 1
4 0.1 11 0.36363636363636365 0.0 0.4 7 0.5714285714285714 0.0 0.5 6 0.5 0.0 0.6 6 0.5 0.0 0.7 6 0.5 0.0 0.9 0 1 1
4 0.1 10 0.4 0.0 0.4 5 0.6 0.0 0.5 5 0.6 0.0 0.6 5 0.6 0.0 0.7 5 0.6 0.0 0.9 0 1 1
4 0.1 8 0.5 0.0 0.4 5 0.6 0.0 0.5 5 0.6 0.0 0.6 5 0.6 0.0 0.7 4 0.5 0.0 0.9 0 1 1
4 0.1 8 0.375 0.0 0.4 4 0.5 0.0 0.5 4 0.5 0.0 0.6 4 0.5 0.0 0.7 4 0.5 0.0 0.9 0 1 1
4 0.1 11 0.36363636363636365 0.0 0.4 6 0.6666666666666666 0.0 0.5 6 0.6666666666666666 0.0 0.6 5 0.6 0.0 0.7 4 0.5 0.0 0.9 0 1 1
4 0.1 9 0.4444444444444444 0.0 0.4 5 0.6 0.0 0.5 5 0.6 0.0 0.6 4 0.5 0.0 0.7 4 0.5 0.0 0.9 0 1 1
4 0.1 9 0.4444444444444444 0.0 0.4 6 0.6666666666666666 0.0 0.5 5 0.6 0.0 0.6 5 0.6 0.0 0.7 5 0.6 0.0 0.9 0 1 1
4 0.1 9 0.4444444444444444 0.0 0.4 7 0.5714285714285714 0.0 0.5 7 0.5714285714285714 0.0 0.6 7 0.5714285714285714 0.0 0.7 6 0.5 0.0 0.9 0 1 1
4 0.1 11 0.36363636363636365 0.0 0.4 6 0.6666666666666666 0.0 0.5 6 0.6666666666666666 0.0 0.6 6 0.6666666666666666 0.0 0.7 6 0.6666666666666666 0.0 0.9 0 1 1
4 0.1 10 0.4 0.0 0.4 6 0.6666666666666666 0.0 0.5 6 0.6666666666666666 0.0 0.6 6 0.6666666666666666 0.0 0.7 6 0.6666666666666666 0.0 0.9 0 1 1
4 0.1 9 0.4444444444444444 0.0 0.4 6 0.6666666666666666 0.0 0.5 6 0.6666666666666666 0.0 0.6 6 0.6666666666666666 0.0 0.7 6 0.6666666666666666 0.0 0.9 0 1 1
4 0.1 9 0.4444444444444444 0.0 0.4 6 0.6666666666666666 0.0 0.5 6 0.6666666666666666 0.0 0.6 6 0.6666666666666666 0.0 0.7 6 0.6666666666666666 0.0 0.9 0 1 1
4 0.1 9 0.4444444444444444 0.0 0.4 6 0.6666666666666666 0.0 0.5 6 0.6666666666666666 0.0 0.6 6 0.6666666666666666 0.0 0.7 6 0.6666666666666666 0.0 0.9 0 1 1
4 0.1 11 0.36363636363636365 0.0 0.4 6 0.6666666666666666 0.0 0.5 6 0.6666666666666666 0.0 0.6 6 0.6666666666666666 0.0 0.7 6 0.6666666666666666 0.0 0.9 0 1 1
4 0.1 9 0.4444444444444444 0.0 0.4 5 0.6 0.0 0.5 5 0.6 0.0 0.6 4 0.75 0.0 0.7 4 0.75 0.0 0.9 0 1 1
4 0.1 9 0.4444444444444444 0.0 0.4 5 0.6 0.0 0.5 5 0.6 0.0 0.6 5 0.6 0.0 0.7 5 0.6 0.0 0.9 0 1 1
4 0.1 7 0.5714285714285714 0.0 0.4 6 0.6666666666666666 0.0 0.5 6 0.6666666666666666 0.0 0.6 6 0.6666666666666666 0.0 0.7 6 0.6666666666666666 0.0 0.9 0 1 1
4 0.1 7 0.5714285714285714 0.0 0.4 6 0.6666666666666666 0.0 0.5 6 0.6666666666666666 0.0 0.6 6 0.6666666666666666 0.0 0.7 6 0.6666666666666666 0.0 0.9 0 1 1
4 0.1 7 0.5714285714285714 0.0 0.4 6 0.6666666666666666 0.0 0.5 5 0.6 0.0 0.6 4 0.75 0.0 0.7 4 0.75 0.0 0.9 0 1 1
4 0.1 8 0.5 0.0 0.4 6 0.6666666666666666 0.0 0.5 6 0.6666666666666666 0.0 0.6 5 0.6 0.0 0.7 5 0.6 0.0 0.9 0 1 1
4 0.1 9 0.4444444444444444 0.0 0.4 6 0.6666666666666666 0.0 0.5 6 0.6666666666666666 0.0 0.6 6 0.6666666666666666 0.0 0.7 6 0.6666666666666666 0.0 0.9 0 1 1
4 0.1 8 0.5 0.0 0.4 6 0.6666666666666666 0.0 0.5 6 0.6666666666666666 0.0 0.6 6 0.6666666666666666 0.0 0.7 5 0.8 0.0 0.9 1 1.0 0.0
4 0.1 7 0.5714285714285714 0.0 0.4 6 0.6666666666666666 0.0 0.5 5 0.6 0.0 0.6 4 0.75 0.0 0.7 4 0.75 0.0 0.9 1 0.0 0.0
4 0.1 10 0.4 0.0 0.4 7 0.5714285714285714 0.0 0.5 7 0.5714285714285714 0.0 0.6 7 0.5714285714285714 0.0 0.7 7 0.5714285714285714 0.0 0.9 0 1 1
4 0.1 9 0.4444444444444444 0.0 0.4 8 0.5 0.0 0.5 8 0.5 0.0 0.6 8 0.5 0.0 0.7 7 0.5714285714285714 0.0 0.9 0 1 1
4 0.1 11 0.36363636363636365 0.0 0.4 6 0.6666666666666666 0.0 0.5 6 0.6666666666666666 0.0 0.6 6 0.6666666666666666 0.0 0.7 5 0.6 0.0 0.9 2 0.5 0.0
4 0.1 7 0.5714285714285714 0.0 0.4 6 0.6666666666666666 0.0 0.5 6 0.6666666666666666 0.0 0.6 6 0.6666666666666666 0.0 0.7 6 0.6666666666666666 0.0 0.9 0 1 1
4 0.1 11 0.36363636363636365 0.0 0.4 7 0.5714285714285714 0.0 0.5 6 0.6666666666666666 0.0 0.6 6 0.6666666666666666 0.0 0.7 6 0.6666666666666666 0.0 0.9 1 1.0 0.0
4 0.1 10 0.4 0.0 0.4 7 0.5714285714285714 0.0 0.5 7 0.5714285714285714 0.0 0.6 7 0.5714285714285714 0.0 0.7 7 0.5714285714285714 0.0 0.9 1 1.0 0.0
4 0.1 10 0.4 0.0 0.4 7 0.5714285714285714 0.0 0.5 7 0.5714285714285714 0.0 0.6 7 0.5714285714285714 0.0 0.7 7 0.5714285714285714 0.0 0.9 0 1 1
4 0.1 9 0.4444444444444444 0.0 0.4 6 0.6666666666666666 0.0 0.5 6 0.6666666666666666 0.0 0.6 6 0.6666666666666666 0.0 0.7 6 0.6666666666666666 0.0 0.9 0 1 1
4 0.1 8 0.5 0.0 0.4 6 0.6666666666666666 0.0 0.5 6 0.6666666666666666 0.0 0.6 6 0.6666666666666666 0.0 0.7 6 0.6666666666666666 0.0 0.9 0 1 1
4 0.1 9 0.4444444444444444 0.0 0.4 7 0.5714285714285714 0.0 0.5 7 0.5714285714285714 0.0 0.6 7 0.5714285714285714 0.0 0.7 7 0.5714285714285714 0.0 0.9 1 0.0 0.0
4 0.1 9 0.4444444444444444 0.0 0.4 7 0.5714285714285714 0.0 0.5 7 0.5714285714285714 0.0 0.6 7 0.5714285714285714 0.0 0.7 6 0.6666666666666666 0.0 0.9 1 1.0 0.0
4 0.1 10 0.4 0.0 0.4 7 0.5714285714285714 0.0 0.5 7 0.5714285714285714 0.0 0.6 6 0.6666666666666666 0.0 0.7 5 0.6 0.0 0.9 0 1 1
4 0.1 11 0.36363636363636365 0.0 0.4 7 0.5714285714285714 0.0 0.5 7 0.5714285714285714 0.0 0.6 7 0.5714285714285714 0.0 0.7 7 0.5714285714285714 0.0 0.9 0 1 1
4 0.1 11 0.36363636363636365 0.0 0.4 7 0.5714285714285714 0.0 0.5 6 0.6666666666666666 0.0 0.6 6 0.6666666666666666 0.0 0.7 5 0.8 0.0 0.9 0 1 1
4 0.1 9 0.4444444444444444 0.0 0.4 7 0.5714285714285714 0.0 0.5 7 0.5714285714285714 0.0 0.6 6 0.6666666666666666 0.0 0.7 6 0.6666666666666666 0.0 0.9 0 1 1
4 0.1 10 0.4 0.0 0.4 9 0.4444444444444444 0.0 0.5 8 0.5 0.0 0.6 8 0.5 0.0 0.7 6 0.6666666666666666 0.0 0.9 0 1 1
4 0.1 10 0.4 0.0 0.4 7 0.5714285714285714 0.0 0.5 6 0.5 0.0 0.6 6 0.5 0.0 0.7 6 0.5 0.0 0.9 0 1 1
4 0.1 10 0.4 0.0 0.4 6 0.5 0.0 0.5 6 0.5 0.0 0.6 6 0.5 0.0 0.7 6 0.5 0.0 0.9 0 1 1
4 0.1 11 0.36363636363636365 0.0 0.4 7 0.5714285714285714 0.0 0.5 6 0.5 0.0 0.6 6 0.5 0.0 0.7 5 0.6 0.0 0.9 0 1 1
4 0.1 9 0.4444444444444444 0.0 0.4 6 0.5 0.0 0.5 6 0.5 0.0 0.6 6 0.5 0.0 0.7 5 0.6 0.0 0.9 0 1 1
4 0.1 8 0.5 0.0 0.4 5 0.6 0.0 0.5 5 0.6 0.0 0.6 5 0.6 0.0 0.7 5 0.6 0.0 0.9 0 1 1
4 0.1 10 0.4 0.0 0.4 7 0.5714285714285714 0.0 0.5 6 0.6666666666666666 0.0 0.6 6 0.6666666666666666 0.0 0.7 6 0.6666666666666666 0.0 0.9 1 1.0 0.0
4 0.1 8 0.5 0.0 0.4 6 0.6666666666666666 0.0 0.5 6 0.6666666666666666 0.0 0.6 6 0.6666666666666666 0.0 0.7 5 0.6 0.0 0.9 1 1.0 0.0
4 0.1 9 0.4444444444444444 0.0 0.4 6 0.6666666666666666 0.0 0.5 6 0.6666666666666666 0.0 0.6 6 0.6666666666666666 0.0 0.7 5 0.8 0.0 0.9 1 1.0 0.0
4 0.1 9 0.4444444444444444 0.0 0.4 7 0.5714285714285714 0.0 0.5 7 0.5714285714285714 0.0 0.6 7 0.5714285714285714 0.0 0.7 7 0.5714285714285714 0.0 0.9 0 1 1
4 0.1 10 0.4 0.0 0.4 6 0.6666666666666666 0.0 0.5 6 0.6666666666666666 0.0 0.6 6 0.6666666666666666 0.0 0.7 6 0.6666666666666666 0.0 0.9 2 0.5 0.0
4 0.1 10 0.4 0.0 0.4 6 0.6666666666666666 0.0 0.5 6 0.6666666666666666 0.0 0.6 5 0.6 0.0 0.7 5 0.6 0.0 0.9 0 1 1
4 0.1 8 0.5 0.0 0.4 6 0.6666666666666666 0.0 0.5 6 0.6666666666666666 0.0 0.6 6 0.6666666666666666 0.0 0.7 4 0.75 0.0 0.9 0 1 1
4 0.1 9 0.4444444444444444 0.0 0.4 6 0.6666666666666666 0.0 0.5 6 0.6666666666666666 0.0 0.6 6 0.6666666666666666 0.0 0.7 6 0.6666666666666666 0.0 0.9 0 1 1
4 0.1 9 0.4444444444444444 0.0 0.4 7 0.5714285714285714 0.0 0.5 7 0.5714285714285714 0.0 0.6 7 0.5714285714285714 0.0 0.7 7 0.5714285714285714 0.0 0.9 0 1 1
4 0.1 11 0.36363636363636365 0.0 0.4 7 0.5714285714285714 0.0 0.5 7 0.5714285714285714 0.0 0.6 7 0.5714285714285714 0.0 0.7 7 0.5714285714285714 0.0 0.9 1 1.0 0.0
4 0.1 10 0.4 0.0 0.4 7 0.5714285714285714 0.0 0.5 6 0.5 0.0 0.6 6 0.5 0.0 0.7 6 0.5 0.0 0.9 0 1 1
4 0.1 8 0.5 0.0 0.4 6 0.6666666666666666 0.0 0.5 6 0.6666666666666666 0.0 0.6 6 0.6666666666666666 0.0 0.7 6 0.6666666666666666 0.0 0.9 1 0.0 0.0
