34 0.1 0 1 1 0.4 0 1 1 0.5 0 1 1 0.6 0 1 1 0.7 0 1 1 0.9 0 1 1
34 0.1 17 0.0 0.0 0.4 0 1 1 0.5 0 1 1 0.6 0 1 1 0.7 0 1 1 0.9 0 1 1
34 0.1 71 0.08450704225352113 0.0 0.4 1 0.0 0.0 0.5 0 1 1 0.6 0 1 1 0.7 0 1 1 0.9 0 1 1
34 0.1 82 0.07317073170731707 0.0 0.4 5 0.2 0.0 0.5 0 1 1 0.6 0 1 1 0.7 0 1 1 0.9 0 1 1
34 0.1 483 0.039337474120082816 0.0 0.4 89 0.11235955056179775 0.0 0.5 33 0.15151515151515152 0.0 0.6 5 0.2 0.0 0.7 0 1 1 0.9 0 1 1
34 0.1 206 0.07281553398058252 0.0 0.4 11 0.2727272727272727 0.0 0.5 2 0.5 0.0 0.6 0 1 1 0.7 0 1 1 0.9 0 1 1
34 0.1 292 0.07191780821917808 0.0 0.4 15 0.26666666666666666 0.0 0.5 5 0.4 0.0 0.6 1 1.0 0.0 0.7 0 1 1 0.9 0 1 1
34 0.1 240 0.1 0.0 0.4 0 1 1 0.5 0 1 1 0.6 0 1 1 0.7 0 1 1 0.9 0 1 1
34 0.1 227 0.07048458149779736 0.0 0.4 27 0.1111111111111111 0.0 0.5 11 0.18181818181818182 0.0 0.6 4 0.5 0.0 0.7 0 1 1 0.9 0 1 1
34 0.1 224 0.11160714285714286 0.0 0.4 27 0.2962962962962963 0.0 0.5 11 0.5454545454545454 0.0 0.6 3 1.0 0.0 0.7 1 1.0 0.0 0.9 0 1 1
34 0.1 155 0.12903225806451613 0.0 0.4 24 0.20833333333333334 0.0 0.5 9 0.2222222222222222 0.0 0.6 2 0.5 0.0 0.7 0 1 1 0.9 0 1 1
34 0.1 138 0.16666666666666666 0.0 0.4 10 0.4 0.0 0.5 2 0.5 0.0 0.6 1 1.0 0.0 0.7 0 1 1 0.9 0 1 1
34 0.1 17 0.23529411764705882 0.0 0.4 4 0.75 0.0 0.5 4 0.75 0.0 0.6 0 1 1 0.7 0 1 1 0.9 0 1 1
34 0.1 55 0.18181818181818182 0.0 0.4 6 0.6666666666666666 0.0 0.5 2 1.0 0.0 0.6 0 1 1 0.7 0 1 1 0.9 0 1 1
34 0.1 301 0.09634551495016612 0.0 0.4 102 0.22549019607843138 0.0 0.5 64 0.28125 0.0 0.6 32 0.40625 0.0 0.7 11 0.45454545454545453 0.0 0.9 0 1 1
34 0.1 145 0.1724137931034483 0.0 0.4 40 0.275 0.0 0.5 27 0.3333333333333333 0.0 0.6 9 0.5555555555555556 0.0 0.7 5 0.6 0.0 0.9 0 1 1
34 0.1 134 0.17164179104477612 0.0 0.4 28 0.35714285714285715 0.0 0.5 13 0.38461538461538464 0.0 0.6 6 0.5 0.0 0.7 3 0.6666666666666666 0.0 0.9 0 1 1
34 0.1 186 0.15053763440860216 0.0 0.4 46 0.2608695652173913 0.0 0.5 26 0.34615384615384615 0.0 0.6 10 0.2 0.0 0.7 4 0.5 0.0 0.9 0 1 1
34 0.1 23 0.17391304347826086 0.0 0.4 1 0.0 0.0 0.5 0 1 1 0.6 0 1 1 0.7 0 1 1 0.9 0 1 1
34 0.1 123 0.21951219512195122 0.0 0.4 26 0.38461538461538464 0.0 0.5 10 0.5 0.0 0.6 5 0.6 0.0 0.7 0 1 1 0.9 0 1 1
34 0.1 43 0.20930232558139536 0.0 0.4 6 0.5 0.0 0.5 3 0.6666666666666666 0.0 0.6 1 1.0 0.0 0.7 0 1 1 0.9 0 1 1
34 0.1 26 0.2692307692307692 0.0 0.4 4 0.5 0.0 0.5 2 0.5 0.0 0.6 1 1.0 0.0 0.7 0 1 1 0.9 0 1 1
34 0.1 153 0.20915032679738563 0.0 0.4 42 0.4523809523809524 0.0 0.5 26 0.5769230769230769 0.0 0.6 11 0.7272727272727273 0.0 0.7 4 0.5 0.0 0.9 0 1 1
34 0.1 5 0.2 0.0 0.4 0 1 1 0.5 0 1 1 0.6 0 1 1 0.7 0 1 1 0.9 0 1 1
34 0.1 170 0.19411764705882353 0.0 0.4 30 0.36666666666666664 0.0 0.5 11 0.6363636363636364 0.0 0.6 5 0.8 0.0 0.7 2 0.5 0.0 0.9 0 1 1
34 0.1 81 0.2345679012345679 0.0 0.4 10 0.5 0.0 0.5 6 0.5 0.0 0.6 2 0.5 0.0 0.7 1 1.0 0.0 0.9 0 1 1
34 0.1 52 0.36538461538461536 0.0 0.4 6 0.8333333333333334 0.0 0.5 4 0.75 0.0 0.6 1 1.0 0.0 0.7 1 1.0 0.0 0.9 0 1 1
34 0.1 0 1 1 0.4 0 1 1 0.5 0 1 1 0.6 0 1 1 0.7 0 1 1 0.9 0 1 1
34 0.1 0 1 1 0.4 0 1 1 0.5 0 1 1 0.6 0 1 1 0.7 0 1 1 0.9 0 1 1
34 0.1 1 0.0 0.0 0.4 0 1 1 0.5 0 1 1 0.6 0 1 1 0.7 0 1 1 0.9 0 1 1
34 0.1 33 0.06060606060606061 0.0 0.4 0 1 1 0.5 0 1 1 0.6 0 1 1 0.7 0 1 1 0.9 0 1 1
34 0.1 144 0.09722222222222222 0.0 0.4 8 0.5 0.0 0.5 2 0.5 0.0 0.6 0 1 1 0.7 0 1 1 0.9 0 1 1
34 0.1 0 1 1 0.4 0 1 1 0.5 0 1 1 0.6 0 1 1 0.7 0 1 1 0.9 0 1 1
34 0.1 0 1 1 0.4 0 1 1 0.5 0 1 1 0.6 0 1 1 0.7 0 1 1 0.9 0 1 1
34 0.1 41 0.21951219512195122 0.0 0.4 2 0.0 0.0 0.5 0 1 1 0.6 0 1 1 0.7 0 1 1 0.9 0 1 1
34 0.1 4 0.0 0.0 0.4 0 1 1 0.5 0 1 1 0.6 0 1 1 0.7 0 1 1 0.9 0 1 1
34 0.1 145 0.12413793103448276 0.0 0.4 13 0.23076923076923078 0.0 0.5 4 0.5 0.0 0.6 2 0.5 0.0 0.7 0 1 1 0.9 0 1 1
34 0.1 50 0.32 0.0 0.4 4 0.5 0.0 0.5 0 1 1 0.6 0 1 1 0.7 0 1 1 0.9 0 1 1
34 0.1 15 0.26666666666666666 0.0 0.4 0 1 1 0.5 0 1 1 0.6 0 1 1 0.7 0 1 1 0.9 0 1 1
34 0.1 4 0.25 0.0 0.4 0 1 1 0.5 0 1 1 0.6 0 1 1 0.7 0 1 1 0.9 0 1 1
34 0.1 33 0.3939393939393939 0.0 0.4 3 1.0 0.0 0.5 1 1.0 0.0 0.6 0 1 1 0.7 0 1 1 0.9 0 1 1
34 0.1 69 0.2318840579710145 0.014492753623188406 0.4 8 0.75 0.125 0.5 2 1.0 0.5 0.6 1 1.0 0.0 0.7 0 1 1 0.9 0 1 1
34 0.1 11 0.09090909090909091 0.0 0.4 0 1 1 0.5 0 1 1 0.6 0 1 1 0.7 0 1 1 0.9 0 1 1
34 0.1 69 0.30434782608695654 0.0 0.4 6 0.6666666666666666 0.0 0.5 2 0.0 0.0 0.6 1 0.0 0.0 0.7 0 1 1 0.9 0 1 1
34 0.1 34 0.3235294117647059 0.0 0.4 4 0.5 0.0 0.5 0 1 1 0.6 0 1 1 0.7 0 1 1 0.9 0 1 1
34 0.1 76 0.32894736842105265 0.0 0.4 13 0.6153846153846154 0.0 0.5 7 0.42857142857142855 0.0 0.6 2 0.5 0.0 0.7 0 1 1 0.9 0 1 1
34 0.1 280 0.11071428571428571 0.0 0.4 25 0.16 0.0 0.5 9 0.1111111111111111 0.0 0.6 1 0.0 0.0 0.7 0 1 1 0.9 0 1 1
34 0.1 0 1 1 0.4 0 1 1 0.5 0 1 1 0.6 0 1 1 0.7 0 1 1 0.9 0 1 1
34 0.1 92 0.2391304347826087 0.0 0.4 15 0.4666666666666667 0.0 0.5 6 0.6666666666666666 0.0 0.6 0 1 1 0.7 0 1 1 0.9 0 1 1
34 0.1 64 0.296875 0.0 0.4 17 0.47058823529411764 0.0 0.5 8 0.75 0.0 0.6 2 1.0 0.0 0.7 0 1 1 0.9 0 1 1
34 0.1 15 0.5333333333333333 0.06666666666666667 0.4 0 1 1 0.5 0 1 1 0.6 0 1 1 0.7 0 1 1 0.9 0 1 1
34 0.1 25 0.4 0.0 0.4 4 0.75 0.0 0.5 2 0.5 0.0 0.6 0 1 1 0.7 0 1 1 0.9 0 1 1
34 0.1 33 0.3939393939393939 0.0 0.4 6 0.8333333333333334 0.0 0.5 2 1.0 0.0 0.6 0 1 1 0.7 0 1 1 0.9 0 1 1
34 0.1 41 0.4146341463414634 0.024390243902439025 0.4 8 0.875 0.125 0.5 3 1.0 0.3333333333333333 0.6 0 1 1 0.7 0 1 1 0.9 0 1 1
34 0.1 66 0.4090909090909091 0.030303030303030304 0.4 19 0.631578947368421 0.05263157894736842 0.5 17 0.5882352941176471 0.058823529411764705 0.6 11 0.5454545454545454 0.09090909090909091 0.7 7 0.42857142857142855 0.14285714285714285 0.9 0 1 1
34 0.1 36 0.5 0.0 0.4 13 0.6153846153846154 0.0 0.5 7 0.42857142857142855 0.0 0.6 3 0.6666666666666666 0.0 0.7 1 1.0 0.0 0.9 0 1 1
34 0.1 86 0.313953488372093 0.011627906976744186 0.4 15 0.5333333333333333 0.0 0.5 7 0.42857142857142855 0.0 0.6 3 0.6666666666666666 0.0 0.7 0 1 1 0.9 0 1 1
34 0.1 66 0.36363636363636365 0.0 0.4 18 0.6666666666666666 0.0 0.5 12 0.5 0.0 0.6 7 0.42857142857142855 0.0 0.7 5 0.4 0.0 0.9 0 1 1
34 0.1 110 0.2636363636363636 0.0 0.4 36 0.4444444444444444 0.0 0.5 21 0.5714285714285714 0.0 0.6 14 0.7142857142857143 0.0 0.7 10 0.9 0.0 0.9 0 1 1
34 0.1 38 0.3684210526315789 0.02631578947368421 0.4 5 0.6 0.2 0.5 4 0.75 0.25 0.6 2 0.5 0.5 0.7 0 1 1 0.9 0 1 1
34 0.1 66 0.3939393939393939 0.015151515151515152 0.4 13 0.6923076923076923 0.07692307692307693 0.5 10 0.8 0.1 0.6 5 0.8 0.0 0.7 1 1.0 0.0 0.9 0 1 1
34 0.1 116 0.25862068965517243 0.0 0.4 19 0.3684210526315789 0.0 0.5 10 0.6 0.0 0.6 5 1.0 0.0 0.7 0 1 1 0.9 0 1 1
34 0.1 128 0.25 0.0 0.4 39 0.4358974358974359 0.0 0.5 29 0.5172413793103449 0.0 0.6 21 0.5714285714285714 0.0 0.7 13 0.6153846153846154 0.0 0.9 0 1 1
34 0.1 71 0.29577464788732394 0.0 0.4 13 0.6153846153846154 0.0 0.5 6 0.5 0.0 0.6 4 0.75 0.0 0.7 2 0.5 0.0 0.9 0 1 1
34 0.1 64 0.40625 0.0 0.4 12 0.5833333333333334 0.0 0.5 6 0.6666666666666666 0.0 0.6 4 0.75 0.0 0.7 2 0.5 0.0 0.9 0 1 1
34 0.1 73 0.3698630136986301 0.0136986301369863 0.4 15 0.6 0.0 0.5 12 0.6666666666666666 0.0 0.6 7 0.7142857142857143 0.0 0.7 3 0.6666666666666666 0.0 0.9 0 1 1
34 0.1 32 0.5625 0.0 0.4 8 0.75 0.0 0.5 4 0.75 0.0 0.6 3 0.6666666666666666 0.0 0.7 0 1 1 0.9 0 1 1
34 0.1 103 0.30097087378640774 0.009708737864077669 0.4 37 0.4594594594594595 0.02702702702702703 0.5 23 0.5217391304347826 0.043478260869565216 0.6 12 0.6666666666666666 0.08333333333333333 0.7 4 1.0 0.25 0.9 0 1 1
34 0.1 82 0.3170731707317073 0.012195121951219513 0.4 27 0.48148148148148145 0.037037037037037035 0.5 22 0.45454545454545453 0.0 0.6 14 0.5714285714285714 0.0 0.7 7 0.8571428571428571 0.0 0.9 0 1 1
34 0.1 77 0.3246753246753247 0.0 0.4 25 0.52 0.0 0.5 17 0.6470588235294118 0.0 0.6 12 0.75 0.0 0.7 6 0.8333333333333334 0.0 0.9 0 1 1
34 0.1 89 0.3258426966292135 0.0 0.4 31 0.5161290322580645 0.0 0.5 22 0.5909090909090909 0.0 0.6 15 0.7333333333333333 0.0 0.7 9 0.7777777777777778 0.0 0.9 0 1 1
34 0.1 42 0.4523809523809524 0.023809523809523808 0.4 12 0.5 0.0 0.5 9 0.5555555555555556 0.0 0.6 2 0.5 0.0 0.7 1 1.0 0.0 0.9 0 1 1
34 0.1 91 0.26373626373626374 0.0 0.4 14 0.5714285714285714 0.0 0.5 9 0.6666666666666666 0.0 0.6 4 1.0 0.0 0.7 1 1.0 0.0 0.9 0 1 1
34 0.1 237 0.13924050632911392 0.004219409282700422 0.4 60 0.36666666666666664 0.016666666666666666 0.5 41 0.4146341463414634 0.024390243902439025 0.6 28 0.39285714285714285 0.03571428571428571 0.7 14 0.5714285714285714 0.0 0.9 0 1 1
34 0.1 37 0.35135135135135137 0.0 0.4 8 0.625 0.0 0.5 8 0.625 0.0 0.6 4 0.5 0.0 0.7 2 0.5 0.0 0.9 0 1 1
34 0.1 88 0.32954545454545453 0.0 0.4 25 0.6 0.0 0.5 19 0.7368421052631579 0.0 0.6 12 0.75 0.0 0.7 7 0.8571428571428571 0.0 0.9 0 1 1
34 0.1 92 0.31521739130434784 0.0 0.4 34 0.5294117647058824 0.0 0.5 22 0.5909090909090909 0.0 0.6 17 0.7058823529411765 0.0 0.7 9 0.8888888888888888 0.0 0.9 0 1 1
34 0.1 91 0.3076923076923077 0.0 0.4 38 0.5789473684210527 0.0 0.5 31 0.5483870967741935 0.0 0.6 18 0.6666666666666666 0.0 0.7 11 0.7272727272727273 0.0 0.9 0 1 1
34 0.1 107 0.27102803738317754 0.009345794392523364 0.4 52 0.5 0.019230769230769232 0.5 42 0.5476190476190477 0.023809523809523808 0.6 30 0.5666666666666667 0.03333333333333333 0.7 15 0.6666666666666666 0.0 0.9 0 1 1
34 0.1 207 0.13526570048309178 0.0 0.4 19 0.42105263157894735 0.0 0.5 14 0.35714285714285715 0.0 0.6 7 0.42857142857142855 0.0 0.7 1 1.0 0.0 0.9 0 1 1
34 0.1 87 0.3333333333333333 0.0 0.4 32 0.5625 0.0 0.5 25 0.68 0.0 0.6 16 0.75 0.0 0.7 11 0.9090909090909091 0.0 0.9 0 1 1
34 0.1 61 0.3770491803278688 0.0 0.4 17 0.7058823529411765 0.0 0.5 13 0.8461538461538461 0.0 0.6 12 0.8333333333333334 0.0 0.7 5 0.8 0.0 0.9 0 1 1
34 0.1 61 0.45901639344262296 0.04918032786885246 0.4 21 0.6190476190476191 0.14285714285714285 0.5 14 0.7142857142857143 0.21428571428571427 0.6 8 0.875 0.25 0.7 4 1.0 0.25 0.9 0 1 1
34 0.1 105 0.2761904761904762 0.0 0.4 40 0.525 0.0 0.5 32 0.625 0.0 0.6 21 0.6666666666666666 0.0 0.7 14 0.7857142857142857 0.0 0.9 0 1 1
34 0.1 87 0.3448275862068966 0.022988505747126436 0.4 34 0.5882352941176471 0.058823529411764705 0.5 22 0.7272727272727273 0.09090909090909091 0.6 17 0.6470588235294118 0.058823529411764705 0.7 13 0.6923076923076923 0.07692307692307693 0.9 0 1 1
34 0.1 91 0.32967032967032966 0.0 0.4 37 0.5675675675675675 0.0 0.5 27 0.5925925925925926 0.0 0.6 21 0.6190476190476191 0.0 0.7 15 0.7333333333333333 0.0 0.9 0 1 1
34 0.1 65 0.4461538461538462 0.0 0.4 29 0.6206896551724138 0.0 0.5 24 0.6666666666666666 0.0 0.6 19 0.6842105263157895 0.0 0.7 8 0.875 0.0 0.9 0 1 1
34 0.1 74 0.40540540540540543 0.02702702702702703 0.4 33 0.6060606060606061 0.06060606060606061 0.5 29 0.5862068965517241 0.06896551724137931 0.6 19 0.631578947368421 0.10526315789473684 0.7 11 0.7272727272727273 0.09090909090909091 0.9 0 1 1
34 0.1 56 0.44642857142857145 0.0 0.4 29 0.5172413793103449 0.0 0.5 22 0.5909090909090909 0.0 0.6 17 0.7647058823529411 0.0 0.7 10 0.9 0.0 0.9 0 1 1
34 0.1 62 0.3870967741935484 0.03225806451612903 0.4 29 0.6206896551724138 0.06896551724137931 0.5 24 0.625 0.08333333333333333 0.6 15 0.7333333333333333 0.13333333333333333 0.7 8 0.75 0.125 0.9 0 1 1
34 0.1 95 0.3263157894736842 0.042105263157894736 0.4 42 0.5714285714285714 0.07142857142857142 0.5 35 0.5714285714285714 0.08571428571428572 0.6 30 0.6333333333333333 0.1 0.7 16 0.75 0.1875 0.9 0 1 1
34 0.1 113 0.25663716814159293 0.0 0.4 52 0.4423076923076923 0.0 0.5 42 0.47619047619047616 0.0 0.6 38 0.47368421052631576 0.0 0.7 31 0.5483870967741935 0.0 0.9 0 1 1
34 0.1 80 0.35 0.05 0.4 40 0.5 0.1 0.5 35 0.5142857142857142 0.08571428571428572 0.6 27 0.5925925925925926 0.1111111111111111 0.7 22 0.6363636363636364 0.09090909090909091 0.9 0 1 1
34 0.1 111 0.27927927927927926 0.009009009009009009 0.4 54 0.42592592592592593 0.018518518518518517 0.5 44 0.4772727272727273 0.022727272727272728 0.6 36 0.5 0.027777777777777776 0.7 21 0.6190476190476191 0.047619047619047616 0.9 0 1 1
34 0.1 66 0.42424242424242425 0.015151515151515152 0.4 29 0.5862068965517241 0.034482758620689655 0.5 23 0.6521739130434783 0.043478260869565216 0.6 16 0.75 0.0625 0.7 9 0.8888888888888888 0.0 0.9 0 1 1
34 0.1 67 0.43283582089552236 0.014925373134328358 0.4 38 0.5789473684210527 0.02631578947368421 0.5 30 0.5333333333333333 0.03333333333333333 0.6 19 0.5789473684210527 0.05263157894736842 0.7 13 0.6923076923076923 0.07692307692307693 0.9 0 1 1
34 0.1 114 0.2719298245614035 0.0 0.4 54 0.5 0.0 0.5 41 0.5121951219512195 0.0 0.6 32 0.53125 0.0 0.7 23 0.5652173913043478 0.0 0.9 0 1 1
34 0.1 80 0.35 0.05 0.4 40 0.525 0.1 0.5 35 0.5714285714285714 0.11428571428571428 0.6 29 0.6206896551724138 0.13793103448275862 0.7 21 0.6666666666666666 0.14285714285714285 0.9 0 1 1
34 0.1 94 0.26595744680851063 0.010638297872340425 0.4 42 0.4523809523809524 0.023809523809523808 0.5 36 0.4722222222222222 0.027777777777777776 0.6 27 0.5555555555555556 0.037037037037037035 0.7 16 0.625 0.0 0.9 0 1 1
34 0.1 78 0.3717948717948718 0.0 0.4 42 0.5476190476190477 0.0 0.5 31 0.5806451612903226 0.0 0.6 19 0.5789473684210527 0.0 0.7 13 0.6153846153846154 0.0 0.9 0 1 1
34 0.1 60 0.45 0.016666666666666666 0.4 24 0.625 0.041666666666666664 0.5 21 0.6190476190476191 0.047619047619047616 0.6 18 0.5555555555555556 0.05555555555555555 0.7 9 0.4444444444444444 0.0 0.9 0 1 1
34 0.1 64 0.421875 0.03125 0.4 29 0.5862068965517241 0.034482758620689655 0.5 25 0.6 0.04 0.6 16 0.5625 0.0625 0.7 11 0.7272727272727273 0.09090909090909091 0.9 0 1 1
34 0.1 55 0.4909090909090909 0.03636363636363636 0.4 30 0.5333333333333333 0.06666666666666667 0.5 23 0.6521739130434783 0.043478260869565216 0.6 16 0.6875 0.0625 0.7 12 0.6666666666666666 0.0 0.9 0 1 1
34 0.1 68 0.4264705882352941 0.014705882352941176 0.4 31 0.5806451612903226 0.03225806451612903 0.5 28 0.5714285714285714 0.03571428571428571 0.6 22 0.6818181818181818 0.045454545454545456 0.7 17 0.6470588235294118 0.0 0.9 0 1 1
34 0.1 55 0.509090909090909 0.01818181818181818 0.4 29 0.5862068965517241 0.034482758620689655 0.5 23 0.6086956521739131 0.043478260869565216 0.6 17 0.7058823529411765 0.058823529411764705 0.7 10 0.7 0.1 0.9 0 1 1
34 0.1 74 0.40540540540540543 0.013513513513513514 0.4 36 0.5555555555555556 0.027777777777777776 0.5 31 0.5806451612903226 0.03225806451612903 0.6 28 0.5714285714285714 0.03571428571428571 0.7 20 0.5 0.0 0.9 0 1 1
34 0.1 73 0.3972602739726027 0.0 0.4 44 0.5454545454545454 0.0 0.5 40 0.525 0.0 0.6 33 0.5151515151515151 0.0 0.7 26 0.5769230769230769 0.0 0.9 0 1 1
34 0.1 64 0.421875 0.046875 0.4 33 0.5757575757575758 0.09090909090909091 0.5 27 0.6296296296296297 0.07407407407407407 0.6 22 0.5909090909090909 0.09090909090909091 0.7 15 0.6666666666666666 0.13333333333333333 0.9 1 0.0 0.0
34 0.1 57 0.38596491228070173 0.03508771929824561 0.4 37 0.4864864864864865 0.05405405405405406 0.5 29 0.5517241379310345 0.06896551724137931 0.6 20 0.65 0.05 0.7 16 0.6875 0.0625 0.9 0 1 1
34 0.1 82 0.32926829268292684 0.0 0.4 43 0.46511627906976744 0.0 0.5 39 0.46153846153846156 0.0 0.6 30 0.5333333333333333 0.0 0.7 24 0.5416666666666666 0.0 0.9 0 1 1
34 0.1 61 0.45901639344262296 0.06557377049180328 0.4 38 0.5 0.10526315789473684 0.5 29 0.5862068965517241 0.13793103448275862 0.6 22 0.6818181818181818 0.18181818181818182 0.7 17 0.6470588235294118 0.23529411764705882 0.9 0 1 1
34 0.1 69 0.391304347826087 0.014492753623188406 0.4 42 0.5238095238095238 0.023809523809523808 0.5 35 0.5428571428571428 0.02857142857142857 0.6 30 0.5333333333333333 0.03333333333333333 0.7 21 0.6190476190476191 0.047619047619047616 0.9 0 1 1
34 0.1 69 0.37681159420289856 0.028985507246376812 0.4 34 0.5294117647058824 0.029411764705882353 0.5 29 0.5862068965517241 0.034482758620689655 0.6 22 0.5909090909090909 0.045454545454545456 0.7 18 0.6111111111111112 0.05555555555555555 0.9 0 1 1
34 0.1 66 0.3787878787878788 0.030303030303030304 0.4 36 0.5 0.05555555555555555 0.5 30 0.4666666666666667 0.06666666666666667 0.6 25 0.52 0.08 0.7 16 0.625 0.0625 0.9 0 1 1
34 0.1 57 0.43859649122807015 0.03508771929824561 0.4 31 0.5483870967741935 0.06451612903225806 0.5 23 0.5652173913043478 0.08695652173913043 0.6 20 0.6 0.1 0.7 17 0.6470588235294118 0.11764705882352941 0.9 0 1 1
34 0.1 68 0.38235294117647056 0.029411764705882353 0.4 38 0.47368421052631576 0.05263157894736842 0.5 34 0.5 0.058823529411764705 0.6 26 0.5384615384615384 0.07692307692307693 0.7 19 0.5789473684210527 0.10526315789473684 0.9 0 1 1
34 0.1 78 0.3717948717948718 0.01282051282051282 0.4 37 0.5675675675675675 0.02702702702702703 0.5 31 0.5806451612903226 0.03225806451612903 0.6 27 0.5925925925925926 0.037037037037037035 0.7 19 0.631578947368421 0.05263157894736842 0.9 0 1 1
34 0.1 47 0.44680851063829785 0.0 0.4 22 0.6363636363636364 0.0 0.5 19 0.631578947368421 0.0 0.6 17 0.7058823529411765 0.0 0.7 12 0.75 0.0 0.9 0 1 1
34 0.1 55 0.4909090909090909 0.0 0.4 26 0.5384615384615384 0.0 0.5 24 0.5416666666666666 0.0 0.6 19 0.6842105263157895 0.0 0.7 17 0.7058823529411765 0.0 0.9 0 1 1
34 0.1 57 0.45614035087719296 0.017543859649122806 0.4 30 0.5333333333333333 0.03333333333333333 0.5 23 0.6521739130434783 0.043478260869565216 0.6 19 0.6842105263157895 0.05263157894736842 0.7 15 0.6 0.06666666666666667 0.9 0 1 1
34 0.1 78 0.38461538461538464 0.01282051282051282 0.4 37 0.5135135135135135 0.02702702702702703 0.5 34 0.5294117647058824 0.029411764705882353 0.6 29 0.5517241379310345 0.034482758620689655 0.7 19 0.5789473684210527 0.05263157894736842 0.9 0 1 1
34 0.1 55 0.45454545454545453 0.03636363636363636 0.4 30 0.5666666666666667 0.06666666666666667 0.5 24 0.5833333333333334 0.08333333333333333 0.6 17 0.7058823529411765 0.058823529411764705 0.7 10 0.8 0.1 0.9 0 1 1
34 0.1 54 0.46296296296296297 0.037037037037037035 0.4 30 0.5666666666666667 0.06666666666666667 0.5 26 0.6538461538461539 0.07692307692307693 0.6 19 0.5789473684210527 0.10526315789473684 0.7 17 0.5882352941176471 0.11764705882352941 0.9 0 1 1
34 0.1 63 0.42857142857142855 0.0 0.4 34 0.5882352941176471 0.0 0.5 31 0.5483870967741935 0.0 0.6 21 0.6190476190476191 0.0 0.7 19 0.631578947368421 0.0 0.9 0 1 1
34 0.1 62 0.46774193548387094 0.06451612903225806 0.4 34 0.5588235294117647 0.08823529411764706 0.5 30 0.6333333333333333 0.1 0.6 26 0.6153846153846154 0.07692307692307693 0.7 16 0.8125 0.125 0.9 0 1 1
34 0.1 92 0.32608695652173914 0.0 0.4 51 0.5294117647058824 0.0 0.5 46 0.5217391304347826 0.0 0.6 42 0.5238095238095238 0.0 0.7 28 0.6071428571428571 0.0 0.9 0 1 1
34 0.1 67 0.43283582089552236 0.029850746268656716 0.4 44 0.5681818181818182 0.045454545454545456 0.5 36 0.5555555555555556 0.05555555555555555 0.6 29 0.6206896551724138 0.06896551724137931 0.7 20 0.7 0.1 0.9 0 1 1
34 0.1 69 0.42028985507246375 0.043478260869565216 0.4 43 0.627906976744186 0.06976744186046512 0.5 34 0.6470588235294118 0.08823529411764706 0.6 28 0.6785714285714286 0.10714285714285714 0.7 21 0.7619047619047619 0.09523809523809523 0.9 0 1 1
34 0.1 59 0.4406779661016949 0.05084745762711865 0.4 32 0.59375 0.09375 0.5 30 0.6333333333333333 0.1 0.6 22 0.6818181818181818 0.09090909090909091 0.7 18 0.7777777777777778 0.1111111111111111 0.9 0 1 1
34 0.1 71 0.4225352112676056 0.028169014084507043 0.4 44 0.5454545454545454 0.045454545454545456 0.5 36 0.5555555555555556 0.05555555555555555 0.6 30 0.6333333333333333 0.06666666666666667 0.7 23 0.6956521739130435 0.08695652173913043 0.9 1 1.0 0.0
34 0.1 62 0.41935483870967744 0.0 0.4 34 0.5588235294117647 0.0 0.5 24 0.625 0.0 0.6 21 0.6666666666666666 0.0 0.7 17 0.7058823529411765 0.0 0.9 1 1.0 0.0
34 0.1 55 0.4909090909090909 0.01818181818181818 0.4 30 0.6333333333333333 0.03333333333333333 0.5 27 0.6666666666666666 0.037037037037037035 0.6 22 0.7272727272727273 0.045454545454545456 0.7 19 0.7894736842105263 0.05263157894736842 0.9 0 1 1
34 0.1 63 0.4444444444444444 0.0 0.4 38 0.5526315789473685 0.0 0.5 34 0.5882352941176471 0.0 0.6 28 0.5714285714285714 0.0 0.7 24 0.625 0.0 0.9 0 1 1
34 0.1 69 0.4057971014492754 0.0 0.4 35 0.4857142857142857 0.0 0.5 30 0.5333333333333333 0.0 0.6 26 0.5769230769230769 0.0 0.7 20 0.65 0.0 0.9 0 1 1
34 0.1 64 0.421875 0.015625 0.4 31 0.6129032258064516 0.03225806451612903 0.5 25 0.6 0.04 0.6 22 0.6818181818181818 0.045454545454545456 0.7 18 0.7777777777777778 0.05555555555555555 0.9 0 1 1
34 0.1 56 0.4642857142857143 0.03571428571428571 0.4 34 0.5 0.029411764705882353 0.5 27 0.5925925925925926 0.037037037037037035 0.6 19 0.631578947368421 0.05263157894736842 0.7 15 0.7333333333333333 0.06666666666666667 0.9 0 1 1
34 0.1 62 0.4032258064516129 0.016129032258064516 0.4 38 0.5263157894736842 0.02631578947368421 0.5 36 0.5555555555555556 0.027777777777777776 0.6 27 0.5555555555555556 0.037037037037037035 0.7 24 0.5833333333333334 0.041666666666666664 0.9 0 1 1
34 0.1 62 0.41935483870967744 0.016129032258064516 0.4 38 0.5263157894736842 0.02631578947368421 0.5 33 0.6060606060606061 0.030303030303030304 0.6 27 0.5925925925925926 0.0 0.7 23 0.6521739130434783 0.0 0.9 0 1 1
34 0.1 60 0.4666666666666667 0.016666666666666666 0.4 38 0.5526315789473685 0.0 0.5 29 0.5862068965517241 0.0 0.6 27 0.6296296296296297 0.0 0.7 19 0.7368421052631579 0.0 0.9 0 1 1
34 0.1 55 0.4727272727272727 0.0 0.4 37 0.5135135135135135 0.0 0.5 31 0.5483870967741935 0.0 0.6 26 0.6153846153846154 0.0 0.7 20 0.7 0.0 0.9 0 1 1
34 0.1 50 0.48 0.0 0.4 33 0.5757575757575758 0.0 0.5 29 0.5517241379310345 0.0 0.6 21 0.6190476190476191 0.0 0.7 17 0.6470588235294118 0.0 0.9 0 1 1
34 0.1 55 0.4727272727272727 0.0 0.4 33 0.6060606060606061 0.0 0.5 29 0.6551724137931034 0.0 0.6 23 0.6956521739130435 0.0 0.7 21 0.6666666666666666 0.0 0.9 0 1 1
34 0.1 52 0.5192307692307693 0.0 0.4 31 0.6129032258064516 0.0 0.5 25 0.76 0.0 0.6 20 0.8 0.0 0.7 15 0.7333333333333333 0.0 0.9 0 1 1
34 0.1 51 0.47058823529411764 0.0 0.4 33 0.5757575757575758 0.0 0.5 30 0.6 0.0 0.6 25 0.64 0.0 0.7 18 0.7777777777777778 0.0 0.9 0 1 1
34 0.1 57 0.45614035087719296 0.03508771929824561 0.4 34 0.5588235294117647 0.058823529411764705 0.5 29 0.5862068965517241 0.06896551724137931 0.6 23 0.6086956521739131 0.08695652173913043 0.7 19 0.631578947368421 0.10526315789473684 0.9 0 1 1
34 0.1 73 0.3972602739726027 0.0273972602739726 0.4 49 0.5102040816326531 0.04081632653061224 0.5 39 0.5897435897435898 0.05128205128205128 0.6 31 0.5806451612903226 0.06451612903225806 0.7 25 0.56 0.08 0.9 0 1 1
34 0.1 65 0.4307692307692308 0.03076923076923077 0.4 42 0.5714285714285714 0.047619047619047616 0.5 32 0.625 0.0625 0.6 24 0.6666666666666666 0.08333333333333333 0.7 21 0.7142857142857143 0.09523809523809523 0.9 0 1 1
34 0.1 54 0.48148148148148145 0.018518518518518517 0.4 29 0.6551724137931034 0.034482758620689655 0.5 26 0.7307692307692307 0.038461538461538464 0.6 19 0.7368421052631579 0.05263157894736842 0.7 13 0.7692307692307693 0.07692307692307693 0.9 0 1 1
34 0.1 62 0.43548387096774194 0.016129032258064516 0.4 37 0.5135135135135135 0.0 0.5 28 0.5357142857142857 0.0 0.6 23 0.6086956521739131 0.0 0.7 20 0.6 0.0 0.9 0 1 1
34 0.1 66 0.3939393939393939 0.030303030303030304 0.4 36 0.5555555555555556 0.05555555555555555 0.5 34 0.5588235294117647 0.058823529411764705 0.6 30 0.5666666666666667 0.06666666666666667 0.7 24 0.5416666666666666 0.08333333333333333 0.9 0 1 1
34 0.1 72 0.3611111111111111 0.041666666666666664 0.4 43 0.5581395348837209 0.046511627906976744 0.5 39 0.5897435897435898 0.05128205128205128 0.6 32 0.625 0.0625 0.7 21 0.5714285714285714 0.09523809523809523 0.9 0 1 1
34 0.1 51 0.49019607843137253 0.0196078431372549 0.4 31 0.5806451612903226 0.03225806451612903 0.5 26 0.6153846153846154 0.038461538461538464 0.6 25 0.6 0.04 0.7 22 0.5909090909090909 0.045454545454545456 0.9 0 1 1
34 0.1 54 0.5185185185185185 0.018518518518518517 0.4 36 0.6111111111111112 0.027777777777777776 0.5 30 0.6666666666666666 0.03333333333333333 0.6 27 0.7037037037037037 0.037037037037037035 0.7 20 0.75 0.05 0.9 0 1 1
34 0.1 53 0.4716981132075472 0.018867924528301886 0.4 33 0.6363636363636364 0.030303030303030304 0.5 29 0.6896551724137931 0.034482758620689655 0.6 24 0.7916666666666666 0.041666666666666664 0.7 21 0.8095238095238095 0.047619047619047616 0.9 0 1 1
34 0.1 55 0.45454545454545453 0.0 0.4 34 0.6176470588235294 0.0 0.5 31 0.6129032258064516 0.0 0.6 28 0.6785714285714286 0.0 0.7 19 0.6842105263157895 0.0 0.9 0 1 1
34 0.1 45 0.5333333333333333 0.0 0.4 33 0.6060606060606061 0.0 0.5 31 0.6129032258064516 0.0 0.6 27 0.6666666666666666 0.0 0.7 21 0.7142857142857143 0.0 0.9 0 1 1
34 0.1 53 0.5094339622641509 0.0 0.4 30 0.6666666666666666 0.0 0.5 27 0.7037037037037037 0.0 0.6 24 0.7083333333333334 0.0 0.7 20 0.7 0.0 0.9 0 1 1
34 0.1 44 0.5681818181818182 0.045454545454545456 0.4 28 0.6785714285714286 0.07142857142857142 0.5 25 0.76 0.08 0.6 24 0.75 0.08333333333333333 0.7 22 0.7272727272727273 0.09090909090909091 0.9 1 0.0 0.0
34 0.1 55 0.4727272727272727 0.05454545454545454 0.4 38 0.631578947368421 0.07894736842105263 0.5 35 0.6285714285714286 0.08571428571428572 0.6 27 0.5925925925925926 0.1111111111111111 0.7 21 0.6190476190476191 0.09523809523809523 0.9 0 1 1
34 0.1 65 0.4 0.03076923076923077 0.4 45 0.5333333333333333 0.044444444444444446 0.5 37 0.5675675675675675 0.05405405405405406 0.6 30 0.6666666666666666 0.06666666666666667 0.7 26 0.6538461538461539 0.07692307692307693 0.9 0 1 1
34 0.1 56 0.42857142857142855 0.017857142857142856 0.4 34 0.5882352941176471 0.029411764705882353 0.5 30 0.6 0.03333333333333333 0.6 26 0.6153846153846154 0.038461538461538464 0.7 16 0.75 0.0625 0.9 0 1 1
34 0.1 54 0.5 0.0 0.4 30 0.7 0.0 0.5 25 0.64 0.0 0.6 19 0.6842105263157895 0.0 0.7 17 0.7647058823529411 0.0 0.9 0 1 1
34 0.1 51 0.5098039215686274 0.0392156862745098 0.4 28 0.7142857142857143 0.07142857142857142 0.5 26 0.7307692307692307 0.07692307692307693 0.6 22 0.7272727272727273 0.09090909090909091 0.7 17 0.8235294117647058 0.11764705882352941 0.9 0 1 1
34 0.1 58 0.46551724137931033 0.017241379310344827 0.4 43 0.5813953488372093 0.023255813953488372 0.5 39 0.6153846153846154 0.02564102564102564 0.6 34 0.6470588235294118 0.029411764705882353 0.7 24 0.625 0.041666666666666664 0.9 0 1 1
34 0.1 55 0.4727272727272727 0.05454545454545454 0.4 37 0.6216216216216216 0.08108108108108109 0.5 34 0.6470588235294118 0.08823529411764706 0.6 32 0.65625 0.09375 0.7 23 0.6956521739130435 0.08695652173913043 0.9 0 1 1
34 0.1 59 0.5084745762711864 0.01694915254237288 0.4 42 0.6190476190476191 0.023809523809523808 0.5 38 0.631578947368421 0.02631578947368421 0.6 32 0.65625 0.0 0.7 25 0.72 0.0 0.9 0 1 1
34 0.1 62 0.45161290322580644 0.0 0.4 43 0.5581395348837209 0.0 0.5 37 0.5675675675675675 0.0 0.6 34 0.5588235294117647 0.0 0.7 30 0.6 0.0 0.9 0 1 1
34 0.1 62 0.41935483870967744 0.0 0.4 40 0.55 0.0 0.5 39 0.5384615384615384 0.0 0.6 34 0.5588235294117647 0.0 0.7 28 0.5714285714285714 0.0 0.9 0 1 1
34 0.1 47 0.5106382978723404 0.0 0.4 30 0.6 0.0 0.5 26 0.6153846153846154 0.0 0.6 24 0.5833333333333334 0.0 0.7 21 0.5714285714285714 0.0 0.9 0 1 1
34 0.1 66 0.3939393939393939 0.0 0.4 38 0.5526315789473685 0.0 0.5 37 0.5675675675675675 0.0 0.6 36 0.5833333333333334 0.0 0.7 30 0.5666666666666667 0.0 0.9 1 1.0 0.0
34 0.1 44 0.5 0.0 0.4 27 0.5925925925925926 0.0 0.5 25 0.56 0.0 0.6 22 0.5454545454545454 0.0 0.7 17 0.47058823529411764 0.0 0.9 0 1 1
34 0.1 36 0.5277777777777778 0.0 0.4 23 0.5652173913043478 0.0 0.5 22 0.5454545454545454 0.0 0.6 20 0.5 0.0 0.7 17 0.5882352941176471 0.0 0.9 0 1 1
34 0.1 46 0.5217391304347826 0.043478260869565216 0.4 29 0.5862068965517241 0.06896551724137931 0.5 24 0.5833333333333334 0.08333333333333333 0.6 21 0.5714285714285714 0.09523809523809523 0.7 19 0.5789473684210527 0.10526315789473684 0.9 0 1 1
34 0.1 60 0.43333333333333335 0.0 0.4 40 0.625 0.0 0.5 35 0.6571428571428571 0.0 0.6 31 0.6774193548387096 0.0 0.7 25 0.68 0.0 0.9 0 1 1
34 0.1 69 0.391304347826087 0.0 0.4 45 0.5111111111111111 0.0 0.5 38 0.5789473684210527 0.0 0.6 31 0.6451612903225806 0.0 0.7 27 0.6666666666666666 0.0 0.9 0 1 1
34 0.1 53 0.4716981132075472 0.018867924528301886 0.4 25 0.64 0.04 0.5 23 0.6086956521739131 0.043478260869565216 0.6 21 0.5714285714285714 0.047619047619047616 0.7 18 0.6111111111111112 0.05555555555555555 0.9 0 1 1
34 0.1 60 0.45 0.05 0.4 37 0.5405405405405406 0.02702702702702703 0.5 32 0.5625 0.03125 0.6 28 0.6071428571428571 0.03571428571428571 0.7 25 0.56 0.04 0.9 0 1 1
34 0.1 66 0.45454545454545453 0.0 0.4 42 0.5476190476190477 0.0 0.5 36 0.5833333333333334 0.0 0.6 35 0.5714285714285714 0.0 0.7 32 0.5625 0.0 0.9 0 1 1
34 0.1 53 0.4716981132075472 0.03773584905660377 0.4 32 0.53125 0.0625 0.5 29 0.5517241379310345 0.06896551724137931 0.6 25 0.56 0.08 0.7 23 0.5652173913043478 0.043478260869565216 0.9 0 1 1
34 0.1 48 0.4375 0.020833333333333332 0.4 31 0.5483870967741935 0.03225806451612903 0.5 28 0.5714285714285714 0.03571428571428571 0.6 23 0.6086956521739131 0.043478260869565216 0.7 16 0.75 0.0625 0.9 0 1 1
34 0.1 62 0.41935483870967744 0.0 0.4 43 0.5348837209302325 0.0 0.5 38 0.5 0.0 0.6 33 0.5151515151515151 0.0 0.7 29 0.5517241379310345 0.0 0.9 0 1 1
34 0.1 50 0.52 0.04 0.4 30 0.7 0.06666666666666667 0.5 29 0.6896551724137931 0.06896551724137931 0.6 26 0.6923076923076923 0.038461538461538464 0.7 19 0.6842105263157895 0.05263157894736842 0.9 0 1 1
34 0.1 57 0.47368421052631576 0.03508771929824561 0.4 34 0.7058823529411765 0.058823529411764705 0.5 29 0.6896551724137931 0.06896551724137931 0.6 23 0.6956521739130435 0.08695652173913043 0.7 21 0.7142857142857143 0.09523809523809523 0.9 0 1 1
34 0.1 43 0.5348837209302325 0.023255813953488372 0.4 27 0.6296296296296297 0.037037037037037035 0.5 23 0.6521739130434783 0.043478260869565216 0.6 19 0.5789473684210527 0.05263157894736842 0.7 16 0.6875 0.0625 0.9 0 1 1
34 0.1 39 0.6153846153846154 0.07692307692307693 0.4 23 0.6956521739130435 0.08695652173913043 0.5 20 0.7 0.1 0.6 19 0.7368421052631579 0.10526315789473684 0.7 15 0.8 0.13333333333333333 0.9 0 1 1
34 0.1 46 0.5 0.0 0.4 26 0.6153846153846154 0.0 0.5 25 0.6 0.0 0.6 21 0.6190476190476191 0.0 0.7 17 0.5882352941176471 0.0 0.9 0 1 1
34 0.1 40 0.55 0.0 0.4 25 0.72 0.0 0.5 22 0.6818181818181818 0.0 0.6 19 0.6842105263157895 0.0 0.7 16 0.6875 0.0 0.9 0 1 1
34 0.1 41 0.4878048780487805 0.0 0.4 25 0.52 0.0 0.5 22 0.5909090909090909 0.0 0.6 16 0.625 0.0 0.7 14 0.6428571428571429 0.0 0.9 0 1 1
34 0.1 41 0.5121951219512195 0.0 0.4 33 0.5151515151515151 0.0 0.5 30 0.5333333333333333 0.0 0.6 23 0.5217391304347826 0.0 0.7 19 0.5789473684210527 0.0 0.9 0 1 1
34 0.1 53 0.4528301886792453 0.0 0.4 35 0.5428571428571428 0.0 0.5 34 0.5588235294117647 0.0 0.6 29 0.5862068965517241 0.0 0.7 22 0.6363636363636364 0.0 0.9 0 1 1
34 0.1 54 0.48148148148148145 0.05555555555555555 0.4 33 0.6363636363636364 0.06060606060606061 0.5 32 0.625 0.0625 0.6 31 0.6451612903225806 0.06451612903225806 0.7 23 0.5652173913043478 0.043478260869565216 0.9 1 1.0 0.0
34 0.1 43 0.5348837209302325 0.023255813953488372 0.4 29 0.5862068965517241 0.034482758620689655 0.5 28 0.6071428571428571 0.03571428571428571 0.6 25 0.64 0.04 0.7 20 0.65 0.05 0.9 1 1.0 0.0
34 0.1 39 0.5128205128205128 0.05128205128205128 0.4 26 0.5769230769230769 0.038461538461538464 0.5 25 0.56 0.04 0.6 22 0.5454545454545454 0.045454545454545456 0.7 18 0.6111111111111112 0.05555555555555555 0.9 1 1.0 0.0
34 0.1 47 0.5319148936170213 0.0425531914893617 0.4 31 0.5806451612903226 0.03225806451612903 0.5 28 0.5357142857142857 0.03571428571428571 0.6 25 0.52 0.04 0.7 20 0.55 0.05 0.9 0 1 1
34 0.1 41 0.5365853658536586 0.024390243902439025 0.4 23 0.7391304347826086 0.043478260869565216 0.5 20 0.7 0.05 0.6 17 0.6470588235294118 0.058823529411764705 0.7 17 0.6470588235294118 0.058823529411764705 0.9 0 1 1
34 0.1 52 0.5 0.019230769230769232 0.4 30 0.6333333333333333 0.03333333333333333 0.5 25 0.64 0.04 0.6 22 0.6363636363636364 0.045454545454545456 0.7 20 0.65 0.05 0.9 0 1 1
34 0.1 48 0.4791666666666667 0.041666666666666664 0.4 28 0.6428571428571429 0.07142857142857142 0.5 25 0.68 0.08 0.6 23 0.6956521739130435 0.08695652173913043 0.7 21 0.6666666666666666 0.09523809523809523 0.9 0 1 1
34 0.1 45 0.5111111111111111 0.0 0.4 28 0.6785714285714286 0.0 0.5 27 0.6666666666666666 0.0 0.6 21 0.7142857142857143 0.0 0.7 17 0.8235294117647058 0.0 0.9 0 1 1
34 0.1 55 0.4727272727272727 0.03636363636363636 0.4 36 0.5555555555555556 0.05555555555555555 0.5 31 0.5806451612903226 0.06451612903225806 0.6 28 0.6071428571428571 0.07142857142857142 0.7 24 0.6666666666666666 0.041666666666666664 0.9 0 1 1
34 0.1 44 0.5227272727272727 0.06818181818181818 0.4 32 0.625 0.09375 0.5 27 0.7037037037037037 0.1111111111111111 0.6 25 0.72 0.12 0.7 21 0.7142857142857143 0.047619047619047616 0.9 0 1 1
34 0.1 47 0.5319148936170213 0.0425531914893617 0.4 31 0.6774193548387096 0.06451612903225806 0.5 29 0.7241379310344828 0.06896551724137931 0.6 26 0.7307692307692307 0.038461538461538464 0.7 22 0.7272727272727273 0.045454545454545456 0.9 0 1 1
34 0.1 50 0.5 0.0 0.4 31 0.6129032258064516 0.0 0.5 28 0.5714285714285714 0.0 0.6 27 0.5925925925925926 0.0 0.7 20 0.7 0.0 0.9 0 1 1
34 0.1 51 0.49019607843137253 0.0196078431372549 0.4 29 0.6551724137931034 0.034482758620689655 0.5 23 0.6521739130434783 0.043478260869565216 0.6 22 0.6363636363636364 0.045454545454545456 0.7 18 0.6666666666666666 0.0 0.9 0 1 1
34 0.1 50 0.5 0.04 0.4 34 0.5882352941176471 0.058823529411764705 0.5 29 0.6551724137931034 0.06896551724137931 0.6 24 0.7083333333333334 0.08333333333333333 0.7 22 0.6818181818181818 0.09090909090909091 0.9 0 1 1
34 0.1 42 0.47619047619047616 0.0 0.4 32 0.59375 0.0 0.5 24 0.625 0.0 0.6 24 0.625 0.0 0.7 19 0.631578947368421 0.0 0.9 0 1 1
34 0.1 49 0.5102040816326531 0.04081632653061224 0.4 32 0.59375 0.0625 0.5 27 0.6296296296296297 0.07407407407407407 0.6 24 0.6666666666666666 0.08333333333333333 0.7 20 0.65 0.1 0.9 2 1.0 0.5
34 0.1 39 0.5641025641025641 0.02564102564102564 0.4 29 0.6206896551724138 0.034482758620689655 0.5 25 0.64 0.04 0.6 24 0.6666666666666666 0.041666666666666664 0.7 22 0.6363636363636364 0.045454545454545456 0.9 2 1.0 0.0
34 0.1 49 0.4897959183673469 0.02040816326530612 0.4 32 0.65625 0.03125 0.5 30 0.6333333333333333 0.03333333333333333 0.6 27 0.6296296296296297 0.037037037037037035 0.7 24 0.625 0.041666666666666664 0.9 1 1.0 0.0
34 0.1 48 0.5208333333333334 0.0 0.4 31 0.6129032258064516 0.0 0.5 29 0.6206896551724138 0.0 0.6 27 0.6296296296296297 0.0 0.7 24 0.625 0.0 0.9 0 1 1
34 0.1 47 0.5319148936170213 0.0425531914893617 0.4 31 0.6129032258064516 0.06451612903225806 0.5 30 0.6333333333333333 0.06666666666666667 0.6 25 0.64 0.08 0.7 21 0.6666666666666666 0.09523809523809523 0.9 0 1 1
34 0.1 47 0.5106382978723404 0.0425531914893617 0.4 36 0.6111111111111112 0.05555555555555555 0.5 27 0.6666666666666666 0.07407407407407407 0.6 24 0.625 0.041666666666666664 0.7 21 0.6666666666666666 0.047619047619047616 0.9 0 1 1
34 0.1 45 0.5555555555555556 0.0 0.4 29 0.6551724137931034 0.0 0.5 28 0.6428571428571429 0.0 0.6 24 0.625 0.0 0.7 22 0.6363636363636364 0.0 0.9 0 1 1
34 0.1 46 0.5434782608695652 0.043478260869565216 0.4 30 0.6333333333333333 0.06666666666666667 0.5 28 0.6428571428571429 0.07142857142857142 0.6 27 0.6666666666666666 0.07407407407407407 0.7 24 0.75 0.08333333333333333 0.9 0 1 1
34 0.1 47 0.5531914893617021 0.0 0.4 30 0.7 0.0 0.5 28 0.6785714285714286 0.0 0.6 26 0.6923076923076923 0.0 0.7 24 0.6666666666666666 0.0 0.9 0 1 1
34 0.1 52 0.4807692307692308 0.0 0.4 31 0.6451612903225806 0.0 0.5 28 0.7142857142857143 0.0 0.6 24 0.6666666666666666 0.0 0.7 21 0.6666666666666666 0.0 0.9 0 1 1
34 0.1 57 0.45614035087719296 0.0 0.4 35 0.5714285714285714 0.0 0.5 32 0.625 0.0 0.6 29 0.5862068965517241 0.0 0.7 26 0.6153846153846154 0.0 0.9 0 1 1
34 0.1 42 0.5714285714285714 0.047619047619047616 0.4 30 0.6666666666666666 0.06666666666666667 0.5 28 0.6785714285714286 0.07142857142857142 0.6 25 0.68 0.08 0.7 20 0.65 0.1 0.9 0 1 1
34 0.1 39 0.5384615384615384 0.07692307692307693 0.4 29 0.6551724137931034 0.06896551724137931 0.5 26 0.6538461538461539 0.07692307692307693 0.6 24 0.6666666666666666 0.08333333333333333 0.7 23 0.6521739130434783 0.08695652173913043 0.9 0 1 1
34 0.1 43 0.5813953488372093 0.0 0.4 33 0.6363636363636364 0.0 0.5 30 0.6333333333333333 0.0 0.6 29 0.6551724137931034 0.0 0.7 28 0.6428571428571429 0.0 0.9 4 1.0 0.0
34 0.1 50 0.48 0.04 0.4 29 0.6551724137931034 0.06896551724137931 0.5 26 0.6538461538461539 0.07692307692307693 0.6 26 0.6538461538461539 0.07692307692307693 0.7 24 0.6666666666666666 0.08333333333333333 0.9 2 1.0 0.0
34 0.1 50 0.46 0.08 0.4 33 0.5757575757575758 0.12121212121212122 0.5 32 0.59375 0.125 0.6 30 0.6 0.1 0.7 27 0.6296296296296297 0.1111111111111111 0.9 1 1.0 0.0
34 0.1 48 0.5 0.0 0.4 32 0.5625 0.0 0.5 30 0.6 0.0 0.6 29 0.6206896551724138 0.0 0.7 28 0.6428571428571429 0.0 0.9 1 1.0 0.0
34 0.1 47 0.48936170212765956 0.0 0.4 32 0.59375 0.0 0.5 31 0.6129032258064516 0.0 0.6 28 0.6785714285714286 0.0 0.7 27 0.7037037037037037 0.0 0.9 0 1 1
34 0.1 54 0.46296296296296297 0.037037037037037035 0.4 31 0.7096774193548387 0.06451612903225806 0.5 30 0.7 0.06666666666666667 0.6 26 0.6923076923076923 0.07692307692307693 0.7 24 0.7083333333333334 0.08333333333333333 0.9 0 1 1
34 0.1 57 0.45614035087719296 0.017543859649122806 0.4 35 0.6285714285714286 0.02857142857142857 0.5 31 0.6451612903225806 0.03225806451612903 0.6 27 0.6296296296296297 0.037037037037037035 0.7 25 0.64 0.04 0.9 0 1 1
34 0.1 55 0.43636363636363634 0.05454545454545454 0.4 33 0.6060606060606061 0.09090909090909091 0.5 31 0.6451612903225806 0.0967741935483871 0.6 30 0.6333333333333333 0.06666666666666667 0.7 25 0.64 0.08 0.9 1 1.0 0.0
34 0.1 58 0.41379310344827586 0.017241379310344827 0.4 35 0.5714285714285714 0.02857142857142857 0.5 32 0.625 0.03125 0.6 28 0.6428571428571429 0.03571428571428571 0.7 27 0.6296296296296297 0.037037037037037035 0.9 0 1 1
34 0.1 44 0.5 0.0 0.4 33 0.5757575757575758 0.0 0.5 29 0.5862068965517241 0.0 0.6 28 0.5714285714285714 0.0 0.7 24 0.6666666666666666 0.0 0.9 1 1.0 0.0
34 0.1 44 0.5454545454545454 0.022727272727272728 0.4 32 0.625 0.0 0.5 28 0.6428571428571429 0.0 0.6 25 0.64 0.0 0.7 24 0.6666666666666666 0.0 0.9 0 1 1
34 0.1 43 0.5348837209302325 0.023255813953488372 0.4 34 0.5882352941176471 0.029411764705882353 0.5 32 0.625 0.03125 0.6 31 0.6451612903225806 0.03225806451612903 0.7 26 0.6538461538461539 0.038461538461538464 0.9 1 1.0 0.0
34 0.1 42 0.5 0.047619047619047616 0.4 32 0.5625 0.03125 0.5 31 0.5483870967741935 0.03225806451612903 0.6 30 0.5666666666666667 0.03333333333333333 0.7 25 0.56 0.04 0.9 0 1 1
34 0.1 40 0.55 0.025 0.4 27 0.6296296296296297 0.037037037037037035 0.5 26 0.6538461538461539 0.038461538461538464 0.6 24 0.6666666666666666 0.041666666666666664 0.7 22 0.6818181818181818 0.045454545454545456 0.9 0 1 1
34 0.1 38 0.5526315789473685 0.05263157894736842 0.4 27 0.6296296296296297 0.07407407407407407 0.5 24 0.7083333333333334 0.08333333333333333 0.6 23 0.6956521739130435 0.08695652173913043 0.7 22 0.6818181818181818 0.09090909090909091 0.9 0 1 1
34 0.1 47 0.48936170212765956 0.02127659574468085 0.4 29 0.6551724137931034 0.034482758620689655 0.5 27 0.6296296296296297 0.037037037037037035 0.6 26 0.6538461538461539 0.038461538461538464 0.7 24 0.6666666666666666 0.041666666666666664 0.9 2 1.0 0.0
34 0.1 39 0.5384615384615384 0.05128205128205128 0.4 29 0.6206896551724138 0.06896551724137931 0.5 25 0.68 0.08 0.6 23 0.6521739130434783 0.08695652173913043 0.7 21 0.6666666666666666 0.09523809523809523 0.9 0 1 1
34 0.1 40 0.575 0.025 0.4 30 0.6333333333333333 0.03333333333333333 0.5 29 0.6206896551724138 0.034482758620689655 0.6 24 0.625 0.041666666666666664 0.7 23 0.6521739130434783 0.043478260869565216 0.9 0 1 1
34 0.1 35 0.6 0.05714285714285714 0.4 28 0.6071428571428571 0.07142857142857142 0.5 27 0.5925925925925926 0.07407407407407407 0.6 27 0.5925925925925926 0.07407407407407407 0.7 25 0.64 0.08 0.9 0 1 1
34 0.1 40 0.575 0.05 0.4 29 0.6206896551724138 0.034482758620689655 0.5 28 0.6071428571428571 0.03571428571428571 0.6 27 0.6296296296296297 0.037037037037037035 0.7 25 0.68 0.04 0.9 0 1 1
34 0.1 47 0.44680851063829785 0.02127659574468085 0.4 36 0.5555555555555556 0.027777777777777776 0.5 29 0.5862068965517241 0.034482758620689655 0.6 28 0.5714285714285714 0.03571428571428571 0.7 28 0.5714285714285714 0.03571428571428571 0.9 0 1 1
34 0.1 41 0.5365853658536586 0.024390243902439025 0.4 32 0.59375 0.03125 0.5 29 0.5517241379310345 0.034482758620689655 0.6 27 0.5925925925925926 0.037037037037037035 0.7 24 0.625 0.041666666666666664 0.9 0 1 1
34 0.1 44 0.5 0.0 0.4 31 0.5806451612903226 0.0 0.5 27 0.5185185185185185 0.0 0.6 26 0.5384615384615384 0.0 0.7 23 0.6086956521739131 0.0 0.9 0 1 1
34 0.1 44 0.4772727272727273 0.045454545454545456 0.4 29 0.5862068965517241 0.06896551724137931 0.5 27 0.6296296296296297 0.07407407407407407 0.6 25 0.6 0.04 0.7 24 0.625 0.041666666666666664 0.9 1 0.0 0.0
34 0.1 45 0.5111111111111111 0.022222222222222223 0.4 32 0.5625 0.03125 0.5 31 0.5806451612903226 0.03225806451612903 0.6 26 0.6538461538461539 0.038461538461538464 0.7 23 0.6086956521739131 0.043478260869565216 0.9 1 0.0 0.0
34 0.1 42 0.5238095238095238 0.023809523809523808 0.4 31 0.5806451612903226 0.0 0.5 27 0.5925925925925926 0.0 0.6 26 0.6153846153846154 0.0 0.7 24 0.625 0.0 0.9 2 1.0 0.0
34 0.1 40 0.5 0.05 0.4 28 0.5714285714285714 0.07142857142857142 0.5 26 0.5769230769230769 0.07692307692307693 0.6 26 0.5769230769230769 0.07692307692307693 0.7 25 0.6 0.08 0.9 3 1.0 0.3333333333333333
34 0.1 39 0.5128205128205128 0.07692307692307693 0.4 31 0.5806451612903226 0.0967741935483871 0.5 30 0.5666666666666667 0.1 0.6 29 0.5517241379310345 0.10344827586206896 0.7 26 0.5 0.11538461538461539 0.9 4 0.75 0.25
34 0.1 46 0.4782608695652174 0.043478260869565216 0.4 32 0.5625 0.0625 0.5 29 0.5517241379310345 0.06896551724137931 0.6 29 0.5517241379310345 0.06896551724137931 0.7 26 0.5384615384615384 0.07692307692307693 0.9 5 0.6 0.2
34 0.1 44 0.5 0.0 0.4 35 0.5428571428571428 0.0 0.5 32 0.53125 0.0 0.6 27 0.5555555555555556 0.0 0.7 23 0.6086956521739131 0.0 0.9 4 0.75 0.0
34 0.1 45 0.5333333333333333 0.044444444444444446 0.4 35 0.5714285714285714 0.05714285714285714 0.5 32 0.59375 0.0625 0.6 30 0.6 0.03333333333333333 0.7 26 0.6153846153846154 0.038461538461538464 0.9 1 0.0 0.0
34 0.1 36 0.5277777777777778 0.027777777777777776 0.4 29 0.5862068965517241 0.034482758620689655 0.5 29 0.5862068965517241 0.034482758620689655 0.6 27 0.5925925925925926 0.037037037037037035 0.7 23 0.5652173913043478 0.043478260869565216 0.9 2 0.5 0.0
34 0.1 42 0.5 0.023809523809523808 0.4 32 0.5625 0.03125 0.5 31 0.5806451612903226 0.03225806451612903 0.6 29 0.5862068965517241 0.034482758620689655 0.7 24 0.5833333333333334 0.041666666666666664 0.9 1 1.0 0.0
34 0.1 41 0.5121951219512195 0.024390243902439025 0.4 34 0.5882352941176471 0.029411764705882353 0.5 32 0.59375 0.03125 0.6 29 0.5517241379310345 0.034482758620689655 0.7 27 0.5925925925925926 0.037037037037037035 0.9 2 0.5 0.0
34 0.1 41 0.5365853658536586 0.024390243902439025 0.4 31 0.6129032258064516 0.03225806451612903 0.5 26 0.6153846153846154 0.038461538461538464 0.6 26 0.6153846153846154 0.038461538461538464 0.7 24 0.6666666666666666 0.041666666666666664 0.9 2 1.0 0.0
34 0.1 49 0.46938775510204084 0.04081632653061224 0.4 32 0.59375 0.0625 0.5 31 0.6129032258064516 0.06451612903225806 0.6 28 0.6428571428571429 0.07142857142857142 0.7 27 0.6296296296296297 0.07407407407407407 0.9 3 0.6666666666666666 0.3333333333333333
34 0.1 52 0.4807692307692308 0.038461538461538464 0.4 37 0.5675675675675675 0.05405405405405406 0.5 35 0.6 0.05714285714285714 0.6 34 0.5882352941176471 0.058823529411764705 0.7 33 0.6060606060606061 0.06060606060606061 0.9 3 1.0 0.3333333333333333
34 0.1 47 0.48936170212765956 0.0425531914893617 0.4 32 0.59375 0.0625 0.5 32 0.59375 0.0625 0.6 30 0.5666666666666667 0.06666666666666667 0.7 26 0.5769230769230769 0.07692307692307693 0.9 2 1.0 0.0
34 0.1 52 0.5 0.038461538461538464 0.4 34 0.5588235294117647 0.058823529411764705 0.5 32 0.5625 0.0625 0.6 29 0.5862068965517241 0.06896551724137931 0.7 25 0.64 0.08 0.9 1 1.0 0.0
34 0.1 45 0.4666666666666667 0.022222222222222223 0.4 31 0.6451612903225806 0.03225806451612903 0.5 29 0.6551724137931034 0.034482758620689655 0.6 27 0.6296296296296297 0.037037037037037035 0.7 25 0.68 0.04 0.9 2 1.0 0.0
34 0.1 42 0.5238095238095238 0.047619047619047616 0.4 29 0.6206896551724138 0.034482758620689655 0.5 25 0.64 0.04 0.6 24 0.6666666666666666 0.041666666666666664 0.7 23 0.6956521739130435 0.043478260869565216 0.9 1 1.0 0.0
34 0.1 54 0.4444444444444444 0.018518518518518517 0.4 39 0.5384615384615384 0.02564102564102564 0.5 33 0.5757575757575758 0.030303030303030304 0.6 31 0.5806451612903226 0.03225806451612903 0.7 27 0.6296296296296297 0.037037037037037035 0.9 1 1.0 0.0
34 0.1 46 0.5 0.043478260869565216 0.4 30 0.6666666666666666 0.06666666666666667 0.5 29 0.6551724137931034 0.06896551724137931 0.6 28 0.6785714285714286 0.07142857142857142 0.7 26 0.6538461538461539 0.07692307692307693 0.9 2 0.5 0.0
34 0.1 47 0.5106382978723404 0.0851063829787234 0.4 32 0.625 0.125 0.5 26 0.6923076923076923 0.11538461538461539 0.6 25 0.68 0.12 0.7 23 0.6956521739130435 0.13043478260869565 0.9 2 0.5 0.0
34 0.1 48 0.5208333333333334 0.0625 0.4 32 0.59375 0.0625 0.5 30 0.5666666666666667 0.06666666666666667 0.6 25 0.6 0.08 0.7 23 0.6521739130434783 0.08695652173913043 0.9 2 0.5 0.0
34 0.1 50 0.52 0.06 0.4 34 0.6470588235294118 0.058823529411764705 0.5 30 0.6333333333333333 0.06666666666666667 0.6 27 0.6296296296296297 0.07407407407407407 0.7 26 0.6538461538461539 0.07692307692307693 0.9 1 1.0 0.0
34 0.1 52 0.5384615384615384 0.057692307692307696 0.4 33 0.6060606060606061 0.06060606060606061 0.5 32 0.59375 0.0625 0.6 28 0.6071428571428571 0.07142857142857142 0.7 27 0.6296296296296297 0.07407407407407407 0.9 2 1.0 0.0
34 0.1 54 0.46296296296296297 0.018518518518518517 0.4 38 0.6052631578947368 0.02631578947368421 0.5 34 0.6176470588235294 0.029411764705882353 0.6 30 0.5666666666666667 0.03333333333333333 0.7 26 0.5769230769230769 0.038461538461538464 0.9 5 0.6 0.0
34 0.1 38 0.5789473684210527 0.0 0.4 31 0.6129032258064516 0.0 0.5 30 0.6 0.0 0.6 29 0.6206896551724138 0.0 0.7 29 0.6206896551724138 0.0 0.9 5 0.8 0.0
34 0.1 47 0.5319148936170213 0.0 0.4 34 0.5882352941176471 0.0 0.5 32 0.625 0.0 0.6 32 0.625 0.0 0.7 29 0.6206896551724138 0.0 0.9 2 0.5 0.0
34 0.1 46 0.5434782608695652 0.021739130434782608 0.4 33 0.6363636363636364 0.030303030303030304 0.5 32 0.625 0.03125 0.6 30 0.6333333333333333 0.03333333333333333 0.7 28 0.6071428571428571 0.03571428571428571 0.9 4 0.5 0.0
34 0.1 55 0.4727272727272727 0.03636363636363636 0.4 39 0.6410256410256411 0.05128205128205128 0.5 36 0.6388888888888888 0.05555555555555555 0.6 30 0.6 0.06666666666666667 0.7 26 0.6538461538461539 0.07692307692307693 0.9 4 0.5 0.0
34 0.1 48 0.5 0.0 0.4 36 0.6111111111111112 0.0 0.5 32 0.625 0.0 0.6 28 0.6071428571428571 0.0 0.7 27 0.6296296296296297 0.0 0.9 2 0.5 0.0
34 0.1 46 0.4782608695652174 0.021739130434782608 0.4 27 0.6296296296296297 0.037037037037037035 0.5 26 0.6153846153846154 0.038461538461538464 0.6 25 0.64 0.04 0.7 23 0.6086956521739131 0.043478260869565216 0.9 2 0.5 0.0
34 0.1 38 0.5263157894736842 0.02631578947368421 0.4 27 0.6296296296296297 0.037037037037037035 0.5 26 0.6153846153846154 0.038461538461538464 0.6 24 0.625 0.041666666666666664 0.7 23 0.6521739130434783 0.043478260869565216 0.9 8 0.625 0.125
34 0.1 46 0.5652173913043478 0.021739130434782608 0.4 33 0.6060606060606061 0.030303030303030304 0.5 31 0.6451612903225806 0.03225806451612903 0.6 27 0.6296296296296297 0.037037037037037035 0.7 26 0.6538461538461539 0.038461538461538464 0.9 3 1.0 0.3333333333333333
34 0.1 41 0.5853658536585366 0.07317073170731707 0.4 27 0.6296296296296297 0.1111111111111111 0.5 26 0.6538461538461539 0.11538461538461539 0.6 24 0.6666666666666666 0.08333333333333333 0.7 20 0.65 0.1 0.9 4 0.75 0.25
34 0.1 52 0.5192307692307693 0.09615384615384616 0.4 36 0.6388888888888888 0.1111111111111111 0.5 32 0.65625 0.125 0.6 30 0.6333333333333333 0.13333333333333333 0.7 25 0.56 0.12 0.9 1 1.0 1.0
34 0.1 55 0.4727272727272727 0.03636363636363636 0.4 37 0.5675675675675675 0.05405405405405406 0.5 35 0.5714285714285714 0.05714285714285714 0.6 34 0.5882352941176471 0.058823529411764705 0.7 27 0.5555555555555556 0.07407407407407407 0.9 4 0.75 0.25
34 0.1 50 0.48 0.0 0.4 32 0.5625 0.0 0.5 30 0.5666666666666667 0.0 0.6 29 0.5862068965517241 0.0 0.7 23 0.5217391304347826 0.0 0.9 2 1.0 0.0
34 0.1 49 0.5306122448979592 0.04081632653061224 0.4 36 0.5555555555555556 0.05555555555555555 0.5 33 0.5454545454545454 0.06060606060606061 0.6 29 0.5172413793103449 0.06896551724137931 0.7 23 0.5217391304347826 0.08695652173913043 0.9 2 0.5 0.0
34 0.1 49 0.5102040816326531 0.04081632653061224 0.4 30 0.6 0.03333333333333333 0.5 27 0.5925925925925926 0.037037037037037035 0.6 22 0.6363636363636364 0.045454545454545456 0.7 21 0.6190476190476191 0.047619047619047616 0.9 2 0.5 0.0
34 0.1 47 0.5106382978723404 0.0425531914893617 0.4 34 0.6764705882352942 0.029411764705882353 0.5 29 0.6206896551724138 0.034482758620689655 0.6 27 0.6296296296296297 0.037037037037037035 0.7 25 0.64 0.04 0.9 6 0.6666666666666666 0.16666666666666666
34 0.1 55 0.4727272727272727 0.0 0.4 40 0.6 0.0 0.5 39 0.6153846153846154 0.0 0.6 36 0.6111111111111112 0.0 0.7 32 0.59375 0.0 0.9 2 1.0 0.0
34 0.1 46 0.5217391304347826 0.021739130434782608 0.4 34 0.6176470588235294 0.029411764705882353 0.5 33 0.6060606060606061 0.030303030303030304 0.6 32 0.59375 0.03125 0.7 28 0.6071428571428571 0.03571428571428571 0.9 4 0.25 0.0
34 0.1 42 0.5476190476190477 0.047619047619047616 0.4 28 0.6428571428571429 0.07142857142857142 0.5 26 0.6153846153846154 0.07692307692307693 0.6 23 0.6086956521739131 0.08695652173913043 0.7 21 0.5714285714285714 0.09523809523809523 0.9 7 0.7142857142857143 0.14285714285714285
34 0.1 37 0.5405405405405406 0.02702702702702703 0.4 31 0.6129032258064516 0.03225806451612903 0.5 26 0.6153846153846154 0.038461538461538464 0.6 23 0.5652173913043478 0.043478260869565216 0.7 20 0.6 0.05 0.9 3 0.6666666666666666 0.0
34 0.1 44 0.5227272727272727 0.022727272727272728 0.4 30 0.6333333333333333 0.03333333333333333 0.5 29 0.6206896551724138 0.034482758620689655 0.6 26 0.5769230769230769 0.038461538461538464 0.7 24 0.5833333333333334 0.041666666666666664 0.9 4 0.75 0.25
34 0.1 44 0.5227272727272727 0.022727272727272728 0.4 31 0.5483870967741935 0.03225806451612903 0.5 26 0.5769230769230769 0.038461538461538464 0.6 24 0.625 0.041666666666666664 0.7 21 0.6190476190476191 0.047619047619047616 0.9 6 0.5 0.16666666666666666
34 0.1 46 0.5217391304347826 0.0 0.4 34 0.5882352941176471 0.0 0.5 28 0.6071428571428571 0.0 0.6 25 0.64 0.0 0.7 21 0.6666666666666666 0.0 0.9 2 1.0 0.0
34 0.1 39 0.5384615384615384 0.0 0.4 27 0.6666666666666666 0.0 0.5 25 0.64 0.0 0.6 23 0.6086956521739131 0.0 0.7 22 0.5909090909090909 0.0 0.9 4 1.0 0.0
34 0.1 39 0.5641025641025641 0.02564102564102564 0.4 32 0.59375 0.03125 0.5 30 0.6 0.03333333333333333 0.6 27 0.6666666666666666 0.037037037037037035 0.7 24 0.6666666666666666 0.041666666666666664 0.9 5 0.8 0.0
34 0.1 40 0.5 0.025 0.4 26 0.6153846153846154 0.038461538461538464 0.5 26 0.6153846153846154 0.038461538461538464 0.6 25 0.6 0.04 0.7 23 0.6086956521739131 0.043478260869565216 0.9 3 1.0 0.0
34 0.1 45 0.5111111111111111 0.044444444444444446 0.4 29 0.5862068965517241 0.06896551724137931 0.5 26 0.6153846153846154 0.07692307692307693 0.6 24 0.625 0.08333333333333333 0.7 23 0.6521739130434783 0.08695652173913043 0.9 6 0.6666666666666666 0.16666666666666666
34 0.1 45 0.4888888888888889 0.0 0.4 35 0.6285714285714286 0.0 0.5 28 0.6071428571428571 0.0 0.6 27 0.6296296296296297 0.0 0.7 21 0.6190476190476191 0.0 0.9 7 0.8571428571428571 0.0
34 0.1 48 0.5 0.020833333333333332 0.4 33 0.5757575757575758 0.030303030303030304 0.5 31 0.5806451612903226 0.03225806451612903 0.6 25 0.6 0.04 0.7 23 0.6086956521739131 0.043478260869565216 0.9 3 1.0 0.0
34 0.1 34 0.5882352941176471 0.029411764705882353 0.4 24 0.5833333333333334 0.041666666666666664 0.5 21 0.6190476190476191 0.047619047619047616 0.6 21 0.6190476190476191 0.047619047619047616 0.7 19 0.631578947368421 0.05263157894736842 0.9 1 1.0 0.0
34 0.1 40 0.575 0.075 0.4 27 0.6666666666666666 0.07407407407407407 0.5 23 0.6521739130434783 0.043478260869565216 0.6 21 0.6666666666666666 0.047619047619047616 0.7 18 0.6666666666666666 0.05555555555555555 0.9 5 0.6 0.2
34 0.1 45 0.5111111111111111 0.0 0.4 31 0.6129032258064516 0.0 0.5 30 0.6 0.0 0.6 28 0.6071428571428571 0.0 0.7 24 0.6666666666666666 0.0 0.9 3 0.6666666666666666 0.0
34 0.1 45 0.5333333333333333 0.022222222222222223 0.4 35 0.6 0.02857142857142857 0.5 32 0.625 0.03125 0.6 30 0.6666666666666666 0.03333333333333333 0.7 26 0.6538461538461539 0.038461538461538464 0.9 2 0.5 0.0
34 0.1 40 0.525 0.05 0.4 30 0.6 0.06666666666666667 0.5 28 0.6428571428571429 0.07142857142857142 0.6 26 0.6538461538461539 0.07692307692307693 0.7 25 0.64 0.08 0.9 2 1.0 0.0
34 0.1 47 0.48936170212765956 0.02127659574468085 0.4 33 0.5454545454545454 0.030303030303030304 0.5 28 0.6071428571428571 0.03571428571428571 0.6 26 0.5769230769230769 0.038461538461538464 0.7 26 0.5769230769230769 0.038461538461538464 0.9 3 0.3333333333333333 0.0
