10 0.1 0 1 1 0.4 0 1 1 0.5 0 1 1 0.6 0 1 1 0.7 0 1 1 0.9 0 1 1
10 0.1 59 0.0 0.0 0.4 0 1 1 0.5 0 1 1 0.6 0 1 1 0.7 0 1 1 0.9 0 1 1
10 0.1 201 0.029850746268656716 0.0 0.4 10 0.0 0.0 0.5 3 0.0 0.0 0.6 1 0.0 0.0 0.7 0 1 1 0.9 0 1 1
10 0.1 152 0.019736842105263157 0.0 0.4 16 0.0 0.0 0.5 6 0.0 0.0 0.6 4 0.0 0.0 0.7 0 1 1 0.9 0 1 1
10 0.1 604 0.014900662251655629 0.0 0.4 129 0.046511627906976744 0.0 0.5 65 0.06153846153846154 0.0 0.6 19 0.10526315789473684 0.0 0.7 3 0.3333333333333333 0.0 0.9 0 1 1
10 0.1 291 0.030927835051546393 0.0 0.4 24 0.08333333333333333 0.0 0.5 4 0.25 0.0 0.6 1 0.0 0.0 0.7 0 1 1 0.9 0 1 1
10 0.1 314 0.028662420382165606 0.0 0.4 43 0.11627906976744186 0.0 0.5 9 0.3333333333333333 0.0 0.6 0 1 1 0.7 0 1 1 0.9 0 1 1
10 0.1 249 0.03614457831325301 0.0 0.4 0 1 1 0.5 0 1 1 0.6 0 1 1 0.7 0 1 1 0.9 0 1 1
10 0.1 195 0.05128205128205128 0.0 0.4 30 0.2 0.0 0.5 16 0.375 0.0 0.6 2 0.5 0.0 0.7 0 1 1 0.9 0 1 1
10 0.1 182 0.054945054945054944 0.0 0.4 30 0.23333333333333334 0.0 0.5 17 0.29411764705882354 0.0 0.6 1 0.0 0.0 0.7 0 1 1 0.9 0 1 1
10 0.1 178 0.056179775280898875 0.0 0.4 25 0.2 0.0 0.5 3 0.3333333333333333 0.0 0.6 0 1 1 0.7 0 1 1 0.9 0 1 1
10 0.1 110 0.08181818181818182 0.0 0.4 28 0.21428571428571427 0.0 0.5 8 0.25 0.0 0.6 2 0.5 0.0 0.7 0 1 1 0.9 0 1 1
10 0.1 27 0.07407407407407407 0.0 0.4 5 0.2 0.0 0.5 2 0.0 0.0 0.6 1 0.0 0.0 0.7 0 1 1 0.9 0 1 1
10 0.1 47 0.14893617021276595 0.0 0.4 6 0.16666666666666666 0.0 0.5 4 0.25 0.0 0.6 0 1 1 0.7 0 1 1 0.9 0 1 1
10 0.1 171 0.05847953216374269 0.0 0.4 80 0.1125 0.0 0.5 59 0.15254237288135594 0.0 0.6 40 0.175 0.0 0.7 21 0.23809523809523808 0.0 0.9 0 1 1
10 0.1 124 0.08064516129032258 0.0 0.4 57 0.14035087719298245 0.0 0.5 38 0.18421052631578946 0.0 0.6 22 0.3181818181818182 0.0 0.7 12 0.5 0.0 0.9 0 1 1
10 0.1 103 0.0970873786407767 0.0 0.4 37 0.1891891891891892 0.0 0.5 22 0.2727272727272727 0.0 0.6 7 0.14285714285714285 0.0 0.7 1 1.0 0.0 0.9 0 1 1
10 0.1 115 0.08695652173913043 0.0 0.4 53 0.1320754716981132 0.0 0.5 32 0.1875 0.0 0.6 18 0.2777777777777778 0.0 0.7 3 0.3333333333333333 0.0 0.9 0 1 1
10 0.1 25 0.04 0.0 0.4 1 0.0 0.0 0.5 0 1 1 0.6 0 1 1 0.7 0 1 1 0.9 0 1 1
10 0.1 92 0.10869565217391304 0.0 0.4 26 0.23076923076923078 0.0 0.5 17 0.35294117647058826 0.0 0.6 9 0.4444444444444444 0.0 0.7 1 1.0 0.0 0.9 0 1 1
10 0.1 57 0.10526315789473684 0.0 0.4 9 0.2222222222222222 0.0 0.5 4 0.5 0.0 0.6 2 0.5 0.0 0.7 0 1 1 0.9 0 1 1
10 0.1 37 0.13513513513513514 0.0 0.4 7 0.2857142857142857 0.0 0.5 3 0.3333333333333333 0.0 0.6 1 1.0 0.0 0.7 1 1.0 0.0 0.9 0 1 1
10 0.1 98 0.09183673469387756 0.0 0.4 44 0.20454545454545456 0.0 0.5 35 0.2571428571428571 0.0 0.6 23 0.34782608695652173 0.0 0.7 12 0.4166666666666667 0.0 0.9 0 1 1
10 0.1 8 0.25 0.0 0.4 0 1 1 0.5 0 1 1 0.6 0 1 1 0.7 0 1 1 0.9 0 1 1
10 0.1 135 0.07407407407407407 0.0 0.4 44 0.18181818181818182 0.0 0.5 32 0.1875 0.0 0.6 20 0.25 0.0 0.7 8 0.375 0.0 0.9 0 1 1
10 0.1 81 0.1111111111111111 0.0 0.4 33 0.18181818181818182 0.0 0.5 21 0.19047619047619047 0.0 0.6 15 0.26666666666666666 0.0 0.7 7 0.42857142857142855 0.0 0.9 0 1 1
10 0.1 51 0.19607843137254902 0.0 0.4 17 0.17647058823529413 0.0 0.5 6 0.3333333333333333 0.0 0.6 2 0.5 0.0 0.7 0 1 1 0.9 0 1 1
10 0.1 0 1 1 0.4 0 1 1 0.5 0 1 1 0.6 0 1 1 0.7 0 1 1 0.9 0 1 1
10 0.1 0 1 1 0.4 0 1 1 0.5 0 1 1 0.6 0 1 1 0.7 0 1 1 0.9 0 1 1
10 0.1 1 0.0 0.0 0.4 0 1 1 0.5 0 1 1 0.6 0 1 1 0.7 0 1 1 0.9 0 1 1
10 0.1 11 0.0 0.0 0.4 0 1 1 0.5 0 1 1 0.6 0 1 1 0.7 0 1 1 0.9 0 1 1
10 0.1 60 0.03333333333333333 0.0 0.4 8 0.125 0.0 0.5 4 0.25 0.0 0.6 1 1.0 0.0 0.7 0 1 1 0.9 0 1 1
10 0.1 0 1 1 0.4 0 1 1 0.5 0 1 1 0.6 0 1 1 0.7 0 1 1 0.9 0 1 1
10 0.1 0 1 1 0.4 0 1 1 0.5 0 1 1 0.6 0 1 1 0.7 0 1 1 0.9 0 1 1
10 0.1 26 0.19230769230769232 0.0 0.4 5 0.2 0.0 0.5 3 0.3333333333333333 0.0 0.6 1 1.0 0.0 0.7 0 1 1 0.9 0 1 1
10 0.1 4 0.0 0.0 0.4 0 1 1 0.5 0 1 1 0.6 0 1 1 0.7 0 1 1 0.9 0 1 1
10 0.1 102 0.08823529411764706 0.0 0.4 28 0.17857142857142858 0.0 0.5 15 0.2 0.0 0.6 6 0.16666666666666666 0.0 0.7 1 1.0 0.0 0.9 0 1 1
10 0.1 68 0.10294117647058823 0.0 0.4 9 0.4444444444444444 0.0 0.5 4 0.75 0.0 0.6 3 1.0 0.0 0.7 1 1.0 0.0 0.9 0 1 1
10 0.1 8 0.25 0.0 0.4 0 1 1 0.5 0 1 1 0.6 0 1 1 0.7 0 1 1 0.9 0 1 1
10 0.1 12 0.08333333333333333 0.0 0.4 1 1.0 0.0 0.5 0 1 1 0.6 0 1 1 0.7 0 1 1 0.9 0 1 1
10 0.1 46 0.1956521739130435 0.0 0.4 11 0.45454545454545453 0.0 0.5 7 0.42857142857142855 0.0 0.6 3 0.6666666666666666 0.0 0.7 0 1 1 0.9 0 1 1
10 0.1 53 0.16981132075471697 0.0 0.4 11 0.2727272727272727 0.0 0.5 7 0.2857142857142857 0.0 0.6 3 0.6666666666666666 0.0 0.7 0 1 1 0.9 0 1 1
10 0.1 21 0.09523809523809523 0.0 0.4 2 0.0 0.0 0.5 0 1 1 0.6 0 1 1 0.7 0 1 1 0.9 0 1 1
10 0.1 65 0.12307692307692308 0.0 0.4 9 0.3333333333333333 0.0 0.5 4 0.25 0.0 0.6 1 1.0 0.0 0.7 0 1 1 0.9 0 1 1
10 0.1 54 0.16666666666666666 0.0 0.4 13 0.3076923076923077 0.0 0.5 6 0.5 0.0 0.6 1 0.0 0.0 0.7 0 1 1 0.9 0 1 1
10 0.1 62 0.16129032258064516 0.0 0.4 19 0.42105263157894735 0.0 0.5 7 0.5714285714285714 0.0 0.6 3 0.3333333333333333 0.0 0.7 0 1 1 0.9 0 1 1
10 0.1 111 0.08108108108108109 0.0 0.4 11 0.18181818181818182 0.0 0.5 4 0.5 0.0 0.6 3 0.6666666666666666 0.0 0.7 0 1 1 0.9 0 1 1
10 0.1 0 1 1 0.4 0 1 1 0.5 0 1 1 0.6 0 1 1 0.7 0 1 1 0.9 0 1 1
10 0.1 60 0.15 0.0 0.4 18 0.2222222222222222 0.0 0.5 9 0.2222222222222222 0.0 0.6 4 0.0 0.0 0.7 0 1 1 0.9 0 1 1
10 0.1 53 0.18867924528301888 0.0 0.4 19 0.3157894736842105 0.0 0.5 12 0.3333333333333333 0.0 0.6 7 0.42857142857142855 0.0 0.7 2 0.0 0.0 0.9 0 1 1
10 0.1 28 0.25 0.0 0.4 3 0.6666666666666666 0.0 0.5 2 1.0 0.0 0.6 1 1.0 0.0 0.7 0 1 1 0.9 0 1 1
10 0.1 57 0.17543859649122806 0.0 0.4 26 0.3076923076923077 0.0 0.5 18 0.4444444444444444 0.0 0.6 9 0.5555555555555556 0.0 0.7 1 1.0 0.0 0.9 0 1 1
10 0.1 52 0.17307692307692307 0.0 0.4 18 0.3888888888888889 0.0 0.5 10 0.6 0.0 0.6 6 0.8333333333333334 0.0 0.7 2 0.5 0.0 0.9 0 1 1
10 0.1 55 0.18181818181818182 0.0 0.4 17 0.4117647058823529 0.0 0.5 10 0.4 0.0 0.6 5 0.6 0.0 0.7 1 1.0 0.0 0.9 0 1 1
10 0.1 55 0.18181818181818182 0.0 0.4 26 0.34615384615384615 0.0 0.5 24 0.375 0.0 0.6 19 0.3684210526315789 0.0 0.7 12 0.5 0.0 0.9 0 1 1
10 0.1 47 0.2127659574468085 0.0 0.4 22 0.4090909090909091 0.0 0.5 16 0.4375 0.0 0.6 11 0.5454545454545454 0.0 0.7 5 0.8 0.0 0.9 0 1 1
10 0.1 76 0.13157894736842105 0.0 0.4 25 0.4 0.0 0.5 16 0.375 0.0 0.6 6 0.8333333333333334 0.0 0.7 0 1 1 0.9 0 1 1
10 0.1 67 0.14925373134328357 0.0 0.4 34 0.23529411764705882 0.0 0.5 27 0.2962962962962963 0.0 0.6 14 0.5 0.0 0.7 7 0.7142857142857143 0.0 0.9 0 1 1
10 0.1 79 0.12658227848101267 0.0 0.4 38 0.2631578947368421 0.0 0.5 28 0.32142857142857145 0.0 0.6 17 0.5294117647058824 0.0 0.7 7 0.42857142857142855 0.0 0.9 0 1 1
10 0.1 49 0.20408163265306123 0.0 0.4 20 0.35 0.0 0.5 13 0.46153846153846156 0.0 0.6 5 0.6 0.0 0.7 3 0.3333333333333333 0.0 0.9 0 1 1
10 0.1 74 0.13513513513513514 0.0 0.4 33 0.30303030303030304 0.0 0.5 19 0.47368421052631576 0.0 0.6 13 0.5384615384615384 0.0 0.7 6 0.6666666666666666 0.0 0.9 0 1 1
10 0.1 96 0.10416666666666667 0.0 0.4 25 0.28 0.0 0.5 15 0.26666666666666666 0.0 0.6 9 0.3333333333333333 0.0 0.7 0 1 1 0.9 0 1 1
10 0.1 70 0.14285714285714285 0.0 0.4 36 0.25 0.0 0.5 28 0.32142857142857145 0.0 0.6 21 0.3333333333333333 0.0 0.7 12 0.4166666666666667 0.0 0.9 0 1 1
10 0.1 69 0.13043478260869565 0.014492753623188406 0.4 13 0.46153846153846156 0.07692307692307693 0.5 4 0.25 0.0 0.6 3 0.3333333333333333 0.0 0.7 0 1 1 0.9 0 1 1
10 0.1 60 0.16666666666666666 0.0 0.4 17 0.5294117647058824 0.0 0.5 15 0.5333333333333333 0.0 0.6 10 0.4 0.0 0.7 4 0.5 0.0 0.9 0 1 1
10 0.1 56 0.17857142857142858 0.0 0.4 27 0.2962962962962963 0.0 0.5 19 0.42105263157894735 0.0 0.6 10 0.5 0.0 0.7 3 0.3333333333333333 0.0 0.9 0 1 1
10 0.1 58 0.1724137931034483 0.0 0.4 24 0.3333333333333333 0.0 0.5 14 0.42857142857142855 0.0 0.6 9 0.5555555555555556 0.0 0.7 2 1.0 0.0 0.9 0 1 1
10 0.1 87 0.11494252873563218 0.0 0.4 28 0.32142857142857145 0.0 0.5 19 0.3684210526315789 0.0 0.6 14 0.5 0.0 0.7 5 0.4 0.0 0.9 0 1 1
10 0.1 78 0.1282051282051282 0.01282051282051282 0.4 35 0.2571428571428571 0.02857142857142857 0.5 30 0.26666666666666666 0.03333333333333333 0.6 22 0.3181818181818182 0.045454545454545456 0.7 11 0.5454545454545454 0.09090909090909091 0.9 0 1 1
10 0.1 71 0.14084507042253522 0.0 0.4 39 0.2564102564102564 0.0 0.5 33 0.30303030303030304 0.0 0.6 25 0.36 0.0 0.7 18 0.3333333333333333 0.0 0.9 0 1 1
10 0.1 60 0.16666666666666666 0.0 0.4 36 0.2777777777777778 0.0 0.5 31 0.3225806451612903 0.0 0.6 26 0.34615384615384615 0.0 0.7 17 0.4117647058823529 0.0 0.9 0 1 1
10 0.1 55 0.18181818181818182 0.03636363636363636 0.4 21 0.38095238095238093 0.047619047619047616 0.5 15 0.4666666666666667 0.06666666666666667 0.6 9 0.6666666666666666 0.1111111111111111 0.7 4 0.75 0.0 0.9 0 1 1
10 0.1 75 0.13333333333333333 0.0 0.4 23 0.34782608695652173 0.0 0.5 10 0.4 0.0 0.6 3 0.0 0.0 0.7 1 0.0 0.0 0.9 0 1 1
10 0.1 116 0.08620689655172414 0.0 0.4 40 0.175 0.0 0.5 31 0.22580645161290322 0.0 0.6 14 0.35714285714285715 0.0 0.7 5 0.4 0.0 0.9 0 1 1
10 0.1 59 0.15254237288135594 0.0 0.4 23 0.391304347826087 0.0 0.5 18 0.4444444444444444 0.0 0.6 11 0.45454545454545453 0.0 0.7 4 0.75 0.0 0.9 0 1 1
10 0.1 84 0.11904761904761904 0.011904761904761904 0.4 37 0.2702702702702703 0.02702702702702703 0.5 29 0.3448275862068966 0.034482758620689655 0.6 18 0.4444444444444444 0.05555555555555555 0.7 10 0.5 0.1 0.9 0 1 1
10 0.1 74 0.13513513513513514 0.0 0.4 39 0.2564102564102564 0.0 0.5 30 0.3333333333333333 0.0 0.6 24 0.4166666666666667 0.0 0.7 10 0.5 0.0 0.9 0 1 1
10 0.1 68 0.14705882352941177 0.0 0.4 42 0.23809523809523808 0.0 0.5 39 0.2564102564102564 0.0 0.6 31 0.3225806451612903 0.0 0.7 21 0.38095238095238093 0.0 0.9 0 1 1
10 0.1 68 0.14705882352941177 0.0 0.4 44 0.22727272727272727 0.0 0.5 38 0.2631578947368421 0.0 0.6 32 0.3125 0.0 0.7 21 0.38095238095238093 0.0 0.9 0 1 1
10 0.1 116 0.07758620689655173 0.017241379310344827 0.4 25 0.28 0.04 0.5 16 0.375 0.0 0.6 6 0.5 0.0 0.7 1 0.0 0.0 0.9 0 1 1
10 0.1 83 0.12048192771084337 0.0 0.4 42 0.23809523809523808 0.0 0.5 37 0.2702702702702703 0.0 0.6 29 0.3448275862068966 0.0 0.7 20 0.45 0.0 0.9 0 1 1
10 0.1 62 0.16129032258064516 0.016129032258064516 0.4 34 0.29411764705882354 0.029411764705882353 0.5 23 0.391304347826087 0.043478260869565216 0.6 20 0.45 0.05 0.7 11 0.36363636363636365 0.0 0.9 0 1 1
10 0.1 57 0.17543859649122806 0.0 0.4 35 0.2857142857142857 0.0 0.5 28 0.35714285714285715 0.0 0.6 18 0.4444444444444444 0.0 0.7 9 0.6666666666666666 0.0 0.9 0 1 1
10 0.1 78 0.1282051282051282 0.01282051282051282 0.4 48 0.20833333333333334 0.020833333333333332 0.5 40 0.25 0.025 0.6 32 0.3125 0.03125 0.7 24 0.3333333333333333 0.041666666666666664 0.9 0 1 1
10 0.1 69 0.14492753623188406 0.0 0.4 40 0.25 0.0 0.5 34 0.29411764705882354 0.0 0.6 24 0.375 0.0 0.7 12 0.5 0.0 0.9 0 1 1
10 0.1 73 0.136986301369863 0.0 0.4 37 0.2702702702702703 0.0 0.5 31 0.2903225806451613 0.0 0.6 23 0.391304347826087 0.0 0.7 14 0.5 0.0 0.9 0 1 1
10 0.1 64 0.15625 0.0 0.4 35 0.2571428571428571 0.0 0.5 30 0.3 0.0 0.6 24 0.3333333333333333 0.0 0.7 14 0.5 0.0 0.9 0 1 1
10 0.1 70 0.14285714285714285 0.014285714285714285 0.4 40 0.25 0.025 0.5 34 0.29411764705882354 0.029411764705882353 0.6 27 0.37037037037037035 0.037037037037037035 0.7 16 0.375 0.0625 0.9 0 1 1
10 0.1 76 0.13157894736842105 0.0 0.4 45 0.2222222222222222 0.0 0.5 35 0.2857142857142857 0.0 0.6 21 0.42857142857142855 0.0 0.7 14 0.5 0.0 0.9 0 1 1
10 0.1 65 0.15384615384615385 0.0 0.4 37 0.2702702702702703 0.0 0.5 27 0.3333333333333333 0.0 0.6 21 0.38095238095238093 0.0 0.7 10 0.7 0.0 0.9 0 1 1
10 0.1 71 0.14084507042253522 0.014084507042253521 0.4 41 0.24390243902439024 0.024390243902439025 0.5 34 0.29411764705882354 0.029411764705882353 0.6 23 0.43478260869565216 0.043478260869565216 0.7 18 0.4444444444444444 0.05555555555555555 0.9 0 1 1
10 0.1 75 0.13333333333333333 0.0 0.4 49 0.20408163265306123 0.0 0.5 42 0.23809523809523808 0.0 0.6 33 0.30303030303030304 0.0 0.7 26 0.34615384615384615 0.0 0.9 0 1 1
10 0.1 66 0.15151515151515152 0.0 0.4 39 0.2564102564102564 0.0 0.5 31 0.3225806451612903 0.0 0.6 26 0.38461538461538464 0.0 0.7 20 0.4 0.0 0.9 0 1 1
10 0.1 83 0.12048192771084337 0.012048192771084338 0.4 44 0.22727272727272727 0.022727272727272728 0.5 33 0.30303030303030304 0.030303030303030304 0.6 29 0.3448275862068966 0.034482758620689655 0.7 26 0.34615384615384615 0.038461538461538464 0.9 0 1 1
10 0.1 76 0.13157894736842105 0.0 0.4 48 0.20833333333333334 0.0 0.5 42 0.23809523809523808 0.0 0.6 33 0.2727272727272727 0.0 0.7 27 0.3333333333333333 0.0 0.9 0 1 1
10 0.1 77 0.12987012987012986 0.0 0.4 43 0.23255813953488372 0.0 0.5 37 0.2702702702702703 0.0 0.6 31 0.3225806451612903 0.0 0.7 19 0.47368421052631576 0.0 0.9 0 1 1
10 0.1 87 0.11494252873563218 0.0 0.4 46 0.21739130434782608 0.0 0.5 36 0.2777777777777778 0.0 0.6 31 0.3225806451612903 0.0 0.7 21 0.38095238095238093 0.0 0.9 0 1 1
10 0.1 56 0.17857142857142858 0.0 0.4 36 0.2777777777777778 0.0 0.5 32 0.3125 0.0 0.6 25 0.36 0.0 0.7 14 0.5714285714285714 0.0 0.9 0 1 1
10 0.1 55 0.16363636363636364 0.0 0.4 25 0.36 0.0 0.5 20 0.35 0.0 0.6 12 0.4166666666666667 0.0 0.7 7 0.42857142857142855 0.0 0.9 0 1 1
10 0.1 61 0.16393442622950818 0.0 0.4 33 0.30303030303030304 0.0 0.5 26 0.3076923076923077 0.0 0.6 21 0.38095238095238093 0.0 0.7 13 0.46153846153846156 0.0 0.9 0 1 1
10 0.1 60 0.16666666666666666 0.016666666666666666 0.4 33 0.2727272727272727 0.030303030303030304 0.5 30 0.3 0.03333333333333333 0.6 23 0.34782608695652173 0.043478260869565216 0.7 15 0.5333333333333333 0.06666666666666667 0.9 0 1 1
10 0.1 57 0.17543859649122806 0.0 0.4 32 0.28125 0.0 0.5 24 0.375 0.0 0.6 15 0.4666666666666667 0.0 0.7 9 0.5555555555555556 0.0 0.9 0 1 1
10 0.1 64 0.15625 0.0 0.4 41 0.24390243902439024 0.0 0.5 33 0.30303030303030304 0.0 0.6 21 0.42857142857142855 0.0 0.7 15 0.4666666666666667 0.0 0.9 0 1 1
10 0.1 63 0.15873015873015872 0.015873015873015872 0.4 41 0.24390243902439024 0.024390243902439025 0.5 35 0.2857142857142857 0.02857142857142857 0.6 31 0.3225806451612903 0.03225806451612903 0.7 22 0.4090909090909091 0.0 0.9 0 1 1
10 0.1 72 0.1388888888888889 0.0 0.4 41 0.24390243902439024 0.0 0.5 33 0.30303030303030304 0.0 0.6 23 0.391304347826087 0.0 0.7 12 0.5833333333333334 0.0 0.9 0 1 1
10 0.1 73 0.136986301369863 0.0 0.4 41 0.24390243902439024 0.0 0.5 39 0.2564102564102564 0.0 0.6 25 0.32 0.0 0.7 14 0.5 0.0 0.9 0 1 1
10 0.1 85 0.11764705882352941 0.0 0.4 51 0.19607843137254902 0.0 0.5 47 0.2127659574468085 0.0 0.6 36 0.2777777777777778 0.0 0.7 28 0.35714285714285715 0.0 0.9 0 1 1
10 0.1 71 0.14084507042253522 0.0 0.4 37 0.24324324324324326 0.0 0.5 30 0.3 0.0 0.6 23 0.34782608695652173 0.0 0.7 18 0.4444444444444444 0.0 0.9 0 1 1
10 0.1 64 0.15625 0.015625 0.4 41 0.24390243902439024 0.024390243902439025 0.5 35 0.2857142857142857 0.02857142857142857 0.6 33 0.30303030303030304 0.030303030303030304 0.7 22 0.36363636363636365 0.0 0.9 0 1 1
10 0.1 78 0.1282051282051282 0.01282051282051282 0.4 52 0.19230769230769232 0.019230769230769232 0.5 43 0.23255813953488372 0.023255813953488372 0.6 37 0.2702702702702703 0.02702702702702703 0.7 29 0.3448275862068966 0.034482758620689655 0.9 0 1 1
10 0.1 66 0.15151515151515152 0.015151515151515152 0.4 44 0.22727272727272727 0.022727272727272728 0.5 37 0.2702702702702703 0.02702702702702703 0.6 27 0.2962962962962963 0.037037037037037035 0.7 20 0.4 0.05 0.9 0 1 1
10 0.1 57 0.17543859649122806 0.017543859649122806 0.4 37 0.24324324324324326 0.02702702702702703 0.5 36 0.25 0.027777777777777776 0.6 30 0.3 0.03333333333333333 0.7 21 0.38095238095238093 0.047619047619047616 0.9 0 1 1
10 0.1 72 0.1388888888888889 0.0 0.4 46 0.21739130434782608 0.0 0.5 40 0.25 0.0 0.6 34 0.29411764705882354 0.0 0.7 22 0.3181818181818182 0.0 0.9 0 1 1
10 0.1 76 0.13157894736842105 0.0 0.4 52 0.19230769230769232 0.0 0.5 47 0.2127659574468085 0.0 0.6 34 0.29411764705882354 0.0 0.7 26 0.3076923076923077 0.0 0.9 0 1 1
10 0.1 62 0.16129032258064516 0.0 0.4 38 0.23684210526315788 0.0 0.5 34 0.23529411764705882 0.0 0.6 26 0.3076923076923077 0.0 0.7 16 0.375 0.0 0.9 0 1 1
10 0.1 68 0.14705882352941177 0.0 0.4 48 0.20833333333333334 0.0 0.5 35 0.2571428571428571 0.0 0.6 30 0.3 0.0 0.7 20 0.35 0.0 0.9 0 1 1
10 0.1 70 0.14285714285714285 0.0 0.4 46 0.21739130434782608 0.0 0.5 42 0.23809523809523808 0.0 0.6 32 0.28125 0.0 0.7 27 0.3333333333333333 0.0 0.9 0 1 1
10 0.1 62 0.16129032258064516 0.0 0.4 38 0.2631578947368421 0.0 0.5 36 0.2777777777777778 0.0 0.6 32 0.3125 0.0 0.7 21 0.42857142857142855 0.0 0.9 0 1 1
10 0.1 64 0.15625 0.015625 0.4 45 0.2222222222222222 0.022222222222222223 0.5 40 0.25 0.025 0.6 34 0.29411764705882354 0.029411764705882353 0.7 26 0.38461538461538464 0.038461538461538464 0.9 0 1 1
10 0.1 54 0.18518518518518517 0.0 0.4 34 0.29411764705882354 0.0 0.5 31 0.2903225806451613 0.0 0.6 24 0.3333333333333333 0.0 0.7 16 0.4375 0.0 0.9 0 1 1
10 0.1 53 0.18867924528301888 0.018867924528301886 0.4 34 0.29411764705882354 0.029411764705882353 0.5 23 0.391304347826087 0.043478260869565216 0.6 17 0.4117647058823529 0.058823529411764705 0.7 13 0.38461538461538464 0.07692307692307693 0.9 0 1 1
10 0.1 62 0.16129032258064516 0.016129032258064516 0.4 38 0.2631578947368421 0.02631578947368421 0.5 32 0.28125 0.03125 0.6 27 0.2962962962962963 0.037037037037037035 0.7 16 0.4375 0.0625 0.9 0 1 1
10 0.1 45 0.2222222222222222 0.044444444444444446 0.4 26 0.3076923076923077 0.07692307692307693 0.5 20 0.35 0.1 0.6 15 0.4666666666666667 0.13333333333333333 0.7 7 0.7142857142857143 0.2857142857142857 0.9 0 1 1
10 0.1 63 0.15873015873015872 0.031746031746031744 0.4 43 0.23255813953488372 0.046511627906976744 0.5 34 0.2647058823529412 0.058823529411764705 0.6 30 0.3 0.06666666666666667 0.7 21 0.3333333333333333 0.09523809523809523 0.9 1 0.0 0.0
10 0.1 58 0.1724137931034483 0.017241379310344827 0.4 36 0.2777777777777778 0.027777777777777776 0.5 31 0.2903225806451613 0.03225806451612903 0.6 23 0.391304347826087 0.043478260869565216 0.7 16 0.375 0.0625 0.9 0 1 1
10 0.1 59 0.1694915254237288 0.05084745762711865 0.4 43 0.23255813953488372 0.06976744186046512 0.5 38 0.2631578947368421 0.07894736842105263 0.6 35 0.2571428571428571 0.08571428571428572 0.7 30 0.3 0.1 0.9 1 0.0 0.0
10 0.1 53 0.18867924528301888 0.03773584905660377 0.4 37 0.2702702702702703 0.05405405405405406 0.5 32 0.3125 0.0625 0.6 27 0.3333333333333333 0.07407407407407407 0.7 20 0.35 0.1 0.9 0 1 1
10 0.1 56 0.17857142857142858 0.017857142857142856 0.4 40 0.25 0.025 0.5 35 0.2857142857142857 0.02857142857142857 0.6 30 0.3333333333333333 0.03333333333333333 0.7 15 0.4 0.0 0.9 0 1 1
10 0.1 59 0.1694915254237288 0.0 0.4 42 0.23809523809523808 0.0 0.5 36 0.2777777777777778 0.0 0.6 30 0.3333333333333333 0.0 0.7 23 0.391304347826087 0.0 0.9 0 1 1
10 0.1 65 0.15384615384615385 0.015384615384615385 0.4 50 0.2 0.02 0.5 47 0.2127659574468085 0.02127659574468085 0.6 44 0.22727272727272727 0.022727272727272728 0.7 35 0.2571428571428571 0.02857142857142857 0.9 0 1 1
10 0.1 59 0.1694915254237288 0.0 0.4 47 0.2127659574468085 0.0 0.5 37 0.2702702702702703 0.0 0.6 33 0.2727272727272727 0.0 0.7 26 0.3076923076923077 0.0 0.9 0 1 1
10 0.1 67 0.14925373134328357 0.029850746268656716 0.4 43 0.23255813953488372 0.046511627906976744 0.5 40 0.25 0.05 0.6 35 0.2857142857142857 0.05714285714285714 0.7 30 0.3333333333333333 0.06666666666666667 0.9 0 1 1
10 0.1 63 0.15873015873015872 0.0 0.4 41 0.24390243902439024 0.0 0.5 36 0.2777777777777778 0.0 0.6 32 0.3125 0.0 0.7 24 0.3333333333333333 0.0 0.9 0 1 1
10 0.1 62 0.16129032258064516 0.0 0.4 45 0.2222222222222222 0.0 0.5 39 0.2564102564102564 0.0 0.6 34 0.29411764705882354 0.0 0.7 26 0.38461538461538464 0.0 0.9 0 1 1
10 0.1 59 0.1694915254237288 0.0 0.4 43 0.23255813953488372 0.0 0.5 39 0.2564102564102564 0.0 0.6 33 0.30303030303030304 0.0 0.7 25 0.36 0.0 0.9 0 1 1
10 0.1 57 0.17543859649122806 0.03508771929824561 0.4 48 0.20833333333333334 0.041666666666666664 0.5 39 0.2564102564102564 0.05128205128205128 0.6 35 0.2857142857142857 0.05714285714285714 0.7 27 0.3333333333333333 0.07407407407407407 0.9 0 1 1
10 0.1 60 0.16666666666666666 0.016666666666666666 0.4 47 0.2127659574468085 0.02127659574468085 0.5 40 0.25 0.025 0.6 33 0.30303030303030304 0.030303030303030304 0.7 29 0.3448275862068966 0.034482758620689655 0.9 0 1 1
10 0.1 57 0.17543859649122806 0.0 0.4 42 0.23809523809523808 0.0 0.5 40 0.25 0.0 0.6 31 0.2903225806451613 0.0 0.7 22 0.36363636363636365 0.0 0.9 0 1 1
10 0.1 58 0.1724137931034483 0.034482758620689655 0.4 42 0.23809523809523808 0.047619047619047616 0.5 39 0.2564102564102564 0.05128205128205128 0.6 31 0.3225806451612903 0.06451612903225806 0.7 25 0.4 0.08 0.9 0 1 1
10 0.1 73 0.136986301369863 0.0136986301369863 0.4 54 0.18518518518518517 0.018518518518518517 0.5 50 0.2 0.02 0.6 43 0.23255813953488372 0.023255813953488372 0.7 34 0.29411764705882354 0.029411764705882353 0.9 0 1 1
10 0.1 59 0.1694915254237288 0.0 0.4 39 0.2564102564102564 0.0 0.5 37 0.2702702702702703 0.0 0.6 32 0.3125 0.0 0.7 23 0.391304347826087 0.0 0.9 0 1 1
10 0.1 64 0.15625 0.015625 0.4 38 0.2631578947368421 0.02631578947368421 0.5 36 0.25 0.027777777777777776 0.6 28 0.32142857142857145 0.03571428571428571 0.7 21 0.3333333333333333 0.047619047619047616 0.9 0 1 1
10 0.1 46 0.21739130434782608 0.0 0.4 25 0.32 0.0 0.5 19 0.3157894736842105 0.0 0.6 15 0.4 0.0 0.7 11 0.36363636363636365 0.0 0.9 0 1 1
10 0.1 50 0.2 0.0 0.4 30 0.3333333333333333 0.0 0.5 25 0.36 0.0 0.6 22 0.36363636363636365 0.0 0.7 15 0.4 0.0 0.9 0 1 1
10 0.1 64 0.15625 0.0 0.4 43 0.23255813953488372 0.0 0.5 41 0.24390243902439024 0.0 0.6 33 0.30303030303030304 0.0 0.7 22 0.3181818181818182 0.0 0.9 0 1 1
10 0.1 59 0.1694915254237288 0.0 0.4 42 0.23809523809523808 0.0 0.5 40 0.25 0.0 0.6 38 0.2631578947368421 0.0 0.7 30 0.3333333333333333 0.0 0.9 0 1 1
10 0.1 59 0.1694915254237288 0.0 0.4 45 0.2222222222222222 0.0 0.5 40 0.25 0.0 0.6 35 0.2857142857142857 0.0 0.7 28 0.2857142857142857 0.0 0.9 0 1 1
10 0.1 60 0.16666666666666666 0.0 0.4 39 0.2564102564102564 0.0 0.5 38 0.2631578947368421 0.0 0.6 31 0.3225806451612903 0.0 0.7 23 0.30434782608695654 0.0 0.9 0 1 1
10 0.1 67 0.14925373134328357 0.0 0.4 49 0.20408163265306123 0.0 0.5 41 0.24390243902439024 0.0 0.6 37 0.2702702702702703 0.0 0.7 31 0.2903225806451613 0.0 0.9 0 1 1
10 0.1 68 0.14705882352941177 0.029411764705882353 0.4 48 0.20833333333333334 0.041666666666666664 0.5 42 0.23809523809523808 0.047619047619047616 0.6 36 0.25 0.05555555555555555 0.7 29 0.27586206896551724 0.06896551724137931 0.9 0 1 1
10 0.1 62 0.16129032258064516 0.03225806451612903 0.4 48 0.20833333333333334 0.041666666666666664 0.5 43 0.23255813953488372 0.046511627906976744 0.6 38 0.2631578947368421 0.05263157894736842 0.7 30 0.3 0.06666666666666667 0.9 0 1 1
10 0.1 60 0.16666666666666666 0.016666666666666666 0.4 41 0.24390243902439024 0.024390243902439025 0.5 39 0.2564102564102564 0.02564102564102564 0.6 32 0.28125 0.03125 0.7 30 0.3 0.03333333333333333 0.9 0 1 1
10 0.1 66 0.15151515151515152 0.030303030303030304 0.4 48 0.20833333333333334 0.041666666666666664 0.5 39 0.2564102564102564 0.05128205128205128 0.6 34 0.2647058823529412 0.058823529411764705 0.7 22 0.36363636363636365 0.09090909090909091 0.9 0 1 1
10 0.1 62 0.16129032258064516 0.016129032258064516 0.4 41 0.24390243902439024 0.024390243902439025 0.5 36 0.2777777777777778 0.027777777777777776 0.6 31 0.3225806451612903 0.03225806451612903 0.7 25 0.32 0.04 0.9 0 1 1
10 0.1 61 0.16393442622950818 0.01639344262295082 0.4 42 0.23809523809523808 0.023809523809523808 0.5 38 0.2631578947368421 0.02631578947368421 0.6 35 0.2857142857142857 0.02857142857142857 0.7 24 0.375 0.041666666666666664 0.9 0 1 1
10 0.1 68 0.14705882352941177 0.014705882352941176 0.4 50 0.2 0.02 0.5 45 0.2222222222222222 0.022222222222222223 0.6 35 0.2571428571428571 0.02857142857142857 0.7 27 0.3333333333333333 0.037037037037037035 0.9 0 1 1
10 0.1 53 0.18867924528301888 0.018867924528301886 0.4 40 0.25 0.025 0.5 35 0.2857142857142857 0.02857142857142857 0.6 28 0.25 0.03571428571428571 0.7 20 0.35 0.05 0.9 0 1 1
10 0.1 52 0.19230769230769232 0.038461538461538464 0.4 37 0.2702702702702703 0.05405405405405406 0.5 33 0.30303030303030304 0.06060606060606061 0.6 28 0.32142857142857145 0.07142857142857142 0.7 21 0.38095238095238093 0.09523809523809523 0.9 0 1 1
10 0.1 64 0.15625 0.03125 0.4 53 0.18867924528301888 0.03773584905660377 0.5 47 0.2127659574468085 0.0425531914893617 0.6 39 0.2564102564102564 0.05128205128205128 0.7 32 0.28125 0.0625 0.9 0 1 1
10 0.1 70 0.14285714285714285 0.014285714285714285 0.4 52 0.19230769230769232 0.019230769230769232 0.5 48 0.20833333333333334 0.020833333333333332 0.6 41 0.24390243902439024 0.024390243902439025 0.7 33 0.2727272727272727 0.030303030303030304 0.9 0 1 1
10 0.1 52 0.19230769230769232 0.019230769230769232 0.4 40 0.25 0.025 0.5 36 0.2777777777777778 0.027777777777777776 0.6 32 0.3125 0.03125 0.7 24 0.375 0.0 0.9 0 1 1
10 0.1 57 0.17543859649122806 0.017543859649122806 0.4 39 0.2564102564102564 0.02564102564102564 0.5 31 0.3225806451612903 0.03225806451612903 0.6 28 0.32142857142857145 0.03571428571428571 0.7 23 0.34782608695652173 0.043478260869565216 0.9 0 1 1
10 0.1 60 0.16666666666666666 0.016666666666666666 0.4 41 0.24390243902439024 0.024390243902439025 0.5 41 0.24390243902439024 0.024390243902439025 0.6 33 0.30303030303030304 0.030303030303030304 0.7 24 0.3333333333333333 0.041666666666666664 0.9 0 1 1
10 0.1 62 0.16129032258064516 0.03225806451612903 0.4 48 0.20833333333333334 0.041666666666666664 0.5 38 0.2631578947368421 0.05263157894736842 0.6 34 0.29411764705882354 0.058823529411764705 0.7 31 0.3225806451612903 0.06451612903225806 0.9 0 1 1
10 0.1 56 0.17857142857142858 0.03571428571428571 0.4 40 0.25 0.05 0.5 37 0.2702702702702703 0.05405405405405406 0.6 29 0.3103448275862069 0.034482758620689655 0.7 23 0.391304347826087 0.043478260869565216 0.9 0 1 1
10 0.1 62 0.16129032258064516 0.04838709677419355 0.4 49 0.20408163265306123 0.061224489795918366 0.5 40 0.25 0.075 0.6 39 0.2564102564102564 0.07692307692307693 0.7 32 0.28125 0.09375 0.9 0 1 1
10 0.1 67 0.14925373134328357 0.0 0.4 51 0.19607843137254902 0.0 0.5 45 0.2222222222222222 0.0 0.6 39 0.2564102564102564 0.0 0.7 35 0.2857142857142857 0.0 0.9 0 1 1
10 0.1 62 0.16129032258064516 0.016129032258064516 0.4 45 0.2222222222222222 0.022222222222222223 0.5 39 0.23076923076923078 0.02564102564102564 0.6 35 0.2571428571428571 0.02857142857142857 0.7 27 0.2962962962962963 0.037037037037037035 0.9 0 1 1
10 0.1 56 0.17857142857142858 0.0 0.4 40 0.25 0.0 0.5 33 0.2727272727272727 0.0 0.6 27 0.2962962962962963 0.0 0.7 19 0.3157894736842105 0.0 0.9 0 1 1
10 0.1 63 0.15873015873015872 0.0 0.4 40 0.25 0.0 0.5 36 0.2777777777777778 0.0 0.6 34 0.29411764705882354 0.0 0.7 26 0.34615384615384615 0.0 0.9 0 1 1
10 0.1 53 0.18867924528301888 0.018867924528301886 0.4 34 0.29411764705882354 0.029411764705882353 0.5 31 0.2903225806451613 0.03225806451612903 0.6 25 0.32 0.04 0.7 16 0.375 0.0625 0.9 0 1 1
10 0.1 57 0.17543859649122806 0.0 0.4 36 0.2777777777777778 0.0 0.5 30 0.3333333333333333 0.0 0.6 25 0.36 0.0 0.7 21 0.38095238095238093 0.0 0.9 0 1 1
10 0.1 60 0.16666666666666666 0.016666666666666666 0.4 44 0.22727272727272727 0.022727272727272728 0.5 38 0.23684210526315788 0.02631578947368421 0.6 31 0.2903225806451613 0.03225806451612903 0.7 24 0.3333333333333333 0.041666666666666664 0.9 0 1 1
10 0.1 61 0.16393442622950818 0.04918032786885246 0.4 46 0.21739130434782608 0.06521739130434782 0.5 39 0.2564102564102564 0.07692307692307693 0.6 35 0.2571428571428571 0.08571428571428572 0.7 30 0.3 0.1 0.9 0 1 1
10 0.1 59 0.1694915254237288 0.0 0.4 50 0.2 0.0 0.5 44 0.22727272727272727 0.0 0.6 38 0.23684210526315788 0.0 0.7 31 0.2903225806451613 0.0 0.9 0 1 1
10 0.1 61 0.16393442622950818 0.0 0.4 41 0.24390243902439024 0.0 0.5 35 0.2857142857142857 0.0 0.6 28 0.35714285714285715 0.0 0.7 26 0.3076923076923077 0.0 0.9 0 1 1
10 0.1 58 0.1724137931034483 0.0 0.4 44 0.22727272727272727 0.0 0.5 39 0.2564102564102564 0.0 0.6 37 0.2702702702702703 0.0 0.7 27 0.2962962962962963 0.0 0.9 0 1 1
10 0.1 62 0.16129032258064516 0.0 0.4 44 0.22727272727272727 0.0 0.5 38 0.2631578947368421 0.0 0.6 38 0.2631578947368421 0.0 0.7 30 0.3 0.0 0.9 0 1 1
10 0.1 56 0.17857142857142858 0.017857142857142856 0.4 42 0.23809523809523808 0.023809523809523808 0.5 39 0.2564102564102564 0.02564102564102564 0.6 35 0.2857142857142857 0.02857142857142857 0.7 29 0.3103448275862069 0.034482758620689655 0.9 0 1 1
10 0.1 53 0.18867924528301888 0.0 0.4 40 0.25 0.0 0.5 34 0.29411764705882354 0.0 0.6 29 0.3448275862068966 0.0 0.7 24 0.375 0.0 0.9 0 1 1
10 0.1 61 0.16393442622950818 0.01639344262295082 0.4 42 0.23809523809523808 0.023809523809523808 0.5 38 0.2631578947368421 0.02631578947368421 0.6 35 0.2857142857142857 0.02857142857142857 0.7 28 0.2857142857142857 0.03571428571428571 0.9 0 1 1
10 0.1 57 0.17543859649122806 0.03508771929824561 0.4 36 0.2777777777777778 0.05555555555555555 0.5 34 0.2647058823529412 0.029411764705882353 0.6 29 0.3103448275862069 0.034482758620689655 0.7 26 0.3076923076923077 0.038461538461538464 0.9 0 1 1
10 0.1 54 0.18518518518518517 0.018518518518518517 0.4 38 0.2631578947368421 0.02631578947368421 0.5 32 0.28125 0.03125 0.6 31 0.2903225806451613 0.03225806451612903 0.7 29 0.3103448275862069 0.034482758620689655 0.9 0 1 1
10 0.1 53 0.18867924528301888 0.03773584905660377 0.4 37 0.2702702702702703 0.05405405405405406 0.5 31 0.2903225806451613 0.06451612903225806 0.6 28 0.32142857142857145 0.07142857142857142 0.7 20 0.4 0.05 0.9 0 1 1
10 0.1 47 0.2127659574468085 0.02127659574468085 0.4 31 0.2903225806451613 0.03225806451612903 0.5 27 0.3333333333333333 0.037037037037037035 0.6 25 0.36 0.04 0.7 19 0.42105263157894735 0.05263157894736842 0.9 0 1 1
10 0.1 56 0.17857142857142858 0.0 0.4 34 0.29411764705882354 0.0 0.5 30 0.3 0.0 0.6 25 0.32 0.0 0.7 20 0.35 0.0 0.9 0 1 1
10 0.1 53 0.18867924528301888 0.018867924528301886 0.4 43 0.23255813953488372 0.023255813953488372 0.5 38 0.2631578947368421 0.02631578947368421 0.6 33 0.30303030303030304 0.030303030303030304 0.7 29 0.3448275862068966 0.034482758620689655 0.9 0 1 1
10 0.1 62 0.16129032258064516 0.0 0.4 44 0.22727272727272727 0.0 0.5 40 0.25 0.0 0.6 33 0.2727272727272727 0.0 0.7 24 0.3333333333333333 0.0 0.9 0 1 1
10 0.1 58 0.1724137931034483 0.0 0.4 47 0.2127659574468085 0.0 0.5 43 0.23255813953488372 0.0 0.6 37 0.2702702702702703 0.0 0.7 27 0.2962962962962963 0.0 0.9 0 1 1
10 0.1 56 0.17857142857142858 0.0 0.4 41 0.24390243902439024 0.0 0.5 37 0.2702702702702703 0.0 0.6 34 0.29411764705882354 0.0 0.7 28 0.35714285714285715 0.0 0.9 0 1 1
10 0.1 61 0.16393442622950818 0.0 0.4 47 0.2127659574468085 0.0 0.5 43 0.23255813953488372 0.0 0.6 30 0.3 0.0 0.7 27 0.25925925925925924 0.0 0.9 0 1 1
10 0.1 58 0.1724137931034483 0.017241379310344827 0.4 45 0.2222222222222222 0.022222222222222223 0.5 40 0.25 0.025 0.6 34 0.29411764705882354 0.029411764705882353 0.7 23 0.34782608695652173 0.043478260869565216 0.9 0 1 1
10 0.1 53 0.18867924528301888 0.03773584905660377 0.4 36 0.2777777777777778 0.05555555555555555 0.5 35 0.2857142857142857 0.05714285714285714 0.6 32 0.3125 0.0625 0.7 27 0.2962962962962963 0.037037037037037035 0.9 0 1 1
10 0.1 53 0.18867924528301888 0.018867924528301886 0.4 40 0.25 0.025 0.5 36 0.2777777777777778 0.027777777777777776 0.6 32 0.3125 0.03125 0.7 28 0.32142857142857145 0.03571428571428571 0.9 0 1 1
10 0.1 58 0.1724137931034483 0.017241379310344827 0.4 43 0.23255813953488372 0.023255813953488372 0.5 32 0.3125 0.03125 0.6 30 0.3333333333333333 0.03333333333333333 0.7 28 0.32142857142857145 0.03571428571428571 0.9 0 1 1
10 0.1 58 0.1724137931034483 0.017241379310344827 0.4 36 0.2777777777777778 0.027777777777777776 0.5 31 0.3225806451612903 0.03225806451612903 0.6 24 0.4166666666666667 0.041666666666666664 0.7 23 0.43478260869565216 0.043478260869565216 0.9 0 1 1
10 0.1 60 0.16666666666666666 0.016666666666666666 0.4 38 0.2631578947368421 0.02631578947368421 0.5 37 0.2702702702702703 0.02702702702702703 0.6 33 0.30303030303030304 0.030303030303030304 0.7 29 0.3448275862068966 0.034482758620689655 0.9 0 1 1
10 0.1 60 0.16666666666666666 0.03333333333333333 0.4 42 0.23809523809523808 0.047619047619047616 0.5 37 0.2702702702702703 0.05405405405405406 0.6 34 0.29411764705882354 0.058823529411764705 0.7 29 0.3103448275862069 0.06896551724137931 0.9 0 1 1
10 0.1 57 0.17543859649122806 0.017543859649122806 0.4 45 0.2222222222222222 0.022222222222222223 0.5 42 0.23809523809523808 0.023809523809523808 0.6 39 0.2564102564102564 0.02564102564102564 0.7 32 0.3125 0.03125 0.9 0 1 1
10 0.1 51 0.19607843137254902 0.0196078431372549 0.4 40 0.25 0.025 0.5 37 0.2702702702702703 0.02702702702702703 0.6 35 0.2857142857142857 0.02857142857142857 0.7 30 0.3333333333333333 0.03333333333333333 0.9 0 1 1
10 0.1 50 0.2 0.04 0.4 38 0.2631578947368421 0.05263157894736842 0.5 36 0.2777777777777778 0.05555555555555555 0.6 32 0.3125 0.0625 0.7 27 0.37037037037037035 0.07407407407407407 0.9 0 1 1
10 0.1 60 0.16666666666666666 0.0 0.4 39 0.2564102564102564 0.0 0.5 35 0.2857142857142857 0.0 0.6 31 0.2903225806451613 0.0 0.7 29 0.27586206896551724 0.0 0.9 0 1 1
10 0.1 56 0.17857142857142858 0.0 0.4 38 0.2631578947368421 0.0 0.5 34 0.29411764705882354 0.0 0.6 31 0.3225806451612903 0.0 0.7 29 0.3103448275862069 0.0 0.9 0 1 1
10 0.1 56 0.17857142857142858 0.0 0.4 42 0.23809523809523808 0.0 0.5 38 0.2631578947368421 0.0 0.6 32 0.3125 0.0 0.7 25 0.36 0.0 0.9 0 1 1
10 0.1 55 0.18181818181818182 0.0 0.4 42 0.23809523809523808 0.0 0.5 36 0.2777777777777778 0.0 0.6 33 0.30303030303030304 0.0 0.7 29 0.3103448275862069 0.0 0.9 1 1.0 0.0
10 0.1 61 0.16393442622950818 0.01639344262295082 0.4 48 0.20833333333333334 0.020833333333333332 0.5 45 0.2222222222222222 0.022222222222222223 0.6 37 0.2702702702702703 0.02702702702702703 0.7 32 0.3125 0.03125 0.9 0 1 1
10 0.1 53 0.18867924528301888 0.018867924528301886 0.4 39 0.2564102564102564 0.02564102564102564 0.5 36 0.2777777777777778 0.027777777777777776 0.6 35 0.2857142857142857 0.02857142857142857 0.7 30 0.3333333333333333 0.03333333333333333 0.9 0 1 1
10 0.1 56 0.17857142857142858 0.05357142857142857 0.4 41 0.24390243902439024 0.07317073170731707 0.5 39 0.2564102564102564 0.07692307692307693 0.6 35 0.2857142857142857 0.08571428571428572 0.7 31 0.2903225806451613 0.0967741935483871 0.9 0 1 1
10 0.1 58 0.1724137931034483 0.017241379310344827 0.4 42 0.23809523809523808 0.023809523809523808 0.5 39 0.2564102564102564 0.02564102564102564 0.6 35 0.2571428571428571 0.02857142857142857 0.7 32 0.28125 0.03125 0.9 1 1.0 0.0
10 0.1 68 0.14705882352941177 0.014705882352941176 0.4 47 0.2127659574468085 0.02127659574468085 0.5 39 0.2564102564102564 0.02564102564102564 0.6 33 0.2727272727272727 0.030303030303030304 0.7 31 0.2903225806451613 0.03225806451612903 0.9 0 1 1
10 0.1 59 0.1694915254237288 0.01694915254237288 0.4 43 0.23255813953488372 0.023255813953488372 0.5 40 0.25 0.025 0.6 34 0.29411764705882354 0.029411764705882353 0.7 30 0.3 0.03333333333333333 0.9 1 1.0 1.0
10 0.1 61 0.16393442622950818 0.0 0.4 50 0.2 0.0 0.5 41 0.24390243902439024 0.0 0.6 34 0.29411764705882354 0.0 0.7 28 0.32142857142857145 0.0 0.9 1 1.0 0.0
10 0.1 57 0.17543859649122806 0.03508771929824561 0.4 41 0.24390243902439024 0.04878048780487805 0.5 39 0.2564102564102564 0.05128205128205128 0.6 36 0.2777777777777778 0.05555555555555555 0.7 28 0.32142857142857145 0.07142857142857142 0.9 0 1 1
10 0.1 57 0.17543859649122806 0.03508771929824561 0.4 42 0.23809523809523808 0.047619047619047616 0.5 37 0.2702702702702703 0.05405405405405406 0.6 35 0.2857142857142857 0.05714285714285714 0.7 31 0.3225806451612903 0.06451612903225806 0.9 0 1 1
10 0.1 58 0.1724137931034483 0.0 0.4 44 0.22727272727272727 0.0 0.5 41 0.24390243902439024 0.0 0.6 38 0.2631578947368421 0.0 0.7 32 0.28125 0.0 0.9 1 1.0 0.0
10 0.1 61 0.16393442622950818 0.0 0.4 50 0.2 0.0 0.5 46 0.21739130434782608 0.0 0.6 41 0.24390243902439024 0.0 0.7 34 0.23529411764705882 0.0 0.9 1 1.0 0.0
10 0.1 54 0.18518518518518517 0.037037037037037035 0.4 39 0.2564102564102564 0.05128205128205128 0.5 35 0.2857142857142857 0.05714285714285714 0.6 32 0.3125 0.0625 0.7 27 0.3333333333333333 0.07407407407407407 0.9 0 1 1
10 0.1 53 0.18867924528301888 0.0 0.4 36 0.2777777777777778 0.0 0.5 35 0.2857142857142857 0.0 0.6 32 0.28125 0.0 0.7 29 0.3103448275862069 0.0 0.9 0 1 1
10 0.1 54 0.18518518518518517 0.018518518518518517 0.4 42 0.23809523809523808 0.023809523809523808 0.5 38 0.2631578947368421 0.02631578947368421 0.6 35 0.2857142857142857 0.02857142857142857 0.7 33 0.30303030303030304 0.030303030303030304 0.9 0 1 1
10 0.1 58 0.1724137931034483 0.034482758620689655 0.4 47 0.2127659574468085 0.0425531914893617 0.5 40 0.25 0.05 0.6 37 0.2702702702702703 0.05405405405405406 0.7 36 0.2777777777777778 0.05555555555555555 0.9 0 1 1
10 0.1 63 0.15873015873015872 0.031746031746031744 0.4 52 0.19230769230769232 0.038461538461538464 0.5 50 0.2 0.04 0.6 43 0.23255813953488372 0.046511627906976744 0.7 40 0.25 0.05 0.9 0 1 1
10 0.1 59 0.1694915254237288 0.03389830508474576 0.4 46 0.21739130434782608 0.043478260869565216 0.5 42 0.23809523809523808 0.047619047619047616 0.6 41 0.24390243902439024 0.04878048780487805 0.7 39 0.2564102564102564 0.05128205128205128 0.9 0 1 1
10 0.1 50 0.2 0.0 0.4 40 0.25 0.0 0.5 37 0.2702702702702703 0.0 0.6 36 0.2777777777777778 0.0 0.7 32 0.3125 0.0 0.9 0 1 1
10 0.1 56 0.17857142857142858 0.0 0.4 36 0.2777777777777778 0.0 0.5 34 0.2647058823529412 0.0 0.6 31 0.2903225806451613 0.0 0.7 27 0.3333333333333333 0.0 0.9 0 1 1
10 0.1 57 0.17543859649122806 0.017543859649122806 0.4 39 0.2564102564102564 0.02564102564102564 0.5 35 0.2571428571428571 0.02857142857142857 0.6 33 0.2727272727272727 0.030303030303030304 0.7 30 0.3 0.03333333333333333 0.9 0 1 1
10 0.1 54 0.18518518518518517 0.037037037037037035 0.4 41 0.24390243902439024 0.04878048780487805 0.5 37 0.2702702702702703 0.05405405405405406 0.6 35 0.2857142857142857 0.05714285714285714 0.7 32 0.28125 0.0625 0.9 0 1 1
10 0.1 54 0.18518518518518517 0.0 0.4 41 0.24390243902439024 0.0 0.5 40 0.25 0.0 0.6 37 0.2702702702702703 0.0 0.7 31 0.2903225806451613 0.0 0.9 0 1 1
10 0.1 62 0.16129032258064516 0.03225806451612903 0.4 43 0.23255813953488372 0.046511627906976744 0.5 38 0.2631578947368421 0.05263157894736842 0.6 36 0.2777777777777778 0.05555555555555555 0.7 32 0.28125 0.0625 0.9 0 1 1
10 0.1 61 0.16393442622950818 0.0 0.4 46 0.21739130434782608 0.0 0.5 42 0.23809523809523808 0.0 0.6 35 0.2857142857142857 0.0 0.7 32 0.3125 0.0 0.9 0 1 1
10 0.1 57 0.17543859649122806 0.0 0.4 39 0.2564102564102564 0.0 0.5 37 0.2702702702702703 0.0 0.6 30 0.3333333333333333 0.0 0.7 28 0.35714285714285715 0.0 0.9 0 1 1
10 0.1 59 0.1694915254237288 0.0 0.4 47 0.2127659574468085 0.0 0.5 40 0.25 0.0 0.6 36 0.2777777777777778 0.0 0.7 32 0.3125 0.0 0.9 0 1 1
10 0.1 54 0.18518518518518517 0.018518518518518517 0.4 45 0.2222222222222222 0.022222222222222223 0.5 39 0.2564102564102564 0.02564102564102564 0.6 36 0.2777777777777778 0.027777777777777776 0.7 33 0.2727272727272727 0.030303030303030304 0.9 0 1 1
10 0.1 55 0.18181818181818182 0.01818181818181818 0.4 39 0.2564102564102564 0.02564102564102564 0.5 36 0.2777777777777778 0.027777777777777776 0.6 34 0.29411764705882354 0.029411764705882353 0.7 33 0.2727272727272727 0.030303030303030304 0.9 0 1 1
10 0.1 58 0.1724137931034483 0.017241379310344827 0.4 47 0.2127659574468085 0.02127659574468085 0.5 43 0.23255813953488372 0.023255813953488372 0.6 40 0.25 0.025 0.7 32 0.25 0.03125 0.9 0 1 1
10 0.1 58 0.1724137931034483 0.017241379310344827 0.4 42 0.23809523809523808 0.023809523809523808 0.5 39 0.2564102564102564 0.02564102564102564 0.6 35 0.2857142857142857 0.02857142857142857 0.7 30 0.3 0.03333333333333333 0.9 0 1 1
10 0.1 58 0.1724137931034483 0.017241379310344827 0.4 43 0.23255813953488372 0.023255813953488372 0.5 40 0.25 0.025 0.6 36 0.2777777777777778 0.027777777777777776 0.7 32 0.3125 0.03125 0.9 0 1 1
10 0.1 52 0.19230769230769232 0.019230769230769232 0.4 35 0.2857142857142857 0.02857142857142857 0.5 33 0.30303030303030304 0.030303030303030304 0.6 32 0.3125 0.03125 0.7 29 0.3448275862068966 0.034482758620689655 0.9 0 1 1
10 0.1 54 0.18518518518518517 0.0 0.4 39 0.2564102564102564 0.0 0.5 36 0.2777777777777778 0.0 0.6 32 0.3125 0.0 0.7 29 0.3103448275862069 0.0 0.9 0 1 1
10 0.1 56 0.17857142857142858 0.05357142857142857 0.4 38 0.2631578947368421 0.07894736842105263 0.5 37 0.2702702702702703 0.08108108108108109 0.6 35 0.2857142857142857 0.08571428571428572 0.7 27 0.3333333333333333 0.1111111111111111 0.9 0 1 1
10 0.1 55 0.18181818181818182 0.01818181818181818 0.4 39 0.2564102564102564 0.02564102564102564 0.5 34 0.29411764705882354 0.029411764705882353 0.6 33 0.30303030303030304 0.030303030303030304 0.7 26 0.34615384615384615 0.038461538461538464 0.9 0 1 1
10 0.1 55 0.18181818181818182 0.0 0.4 37 0.2702702702702703 0.0 0.5 33 0.30303030303030304 0.0 0.6 28 0.32142857142857145 0.0 0.7 23 0.34782608695652173 0.0 0.9 0 1 1
10 0.1 45 0.2222222222222222 0.044444444444444446 0.4 29 0.3103448275862069 0.06896551724137931 0.5 26 0.34615384615384615 0.07692307692307693 0.6 23 0.391304347826087 0.08695652173913043 0.7 17 0.47058823529411764 0.11764705882352941 0.9 1 1.0 0.0
10 0.1 51 0.19607843137254902 0.0196078431372549 0.4 38 0.2631578947368421 0.02631578947368421 0.5 36 0.2777777777777778 0.027777777777777776 0.6 30 0.3 0.03333333333333333 0.7 25 0.36 0.04 0.9 0 1 1
10 0.1 58 0.1724137931034483 0.017241379310344827 0.4 43 0.23255813953488372 0.023255813953488372 0.5 41 0.24390243902439024 0.024390243902439025 0.6 36 0.25 0.027777777777777776 0.7 32 0.28125 0.03125 0.9 0 1 1
10 0.1 59 0.1694915254237288 0.01694915254237288 0.4 45 0.2222222222222222 0.022222222222222223 0.5 37 0.2702702702702703 0.02702702702702703 0.6 32 0.3125 0.03125 0.7 27 0.3333333333333333 0.037037037037037035 0.9 1 0.0 0.0
10 0.1 60 0.16666666666666666 0.016666666666666666 0.4 46 0.21739130434782608 0.021739130434782608 0.5 41 0.24390243902439024 0.024390243902439025 0.6 35 0.2857142857142857 0.02857142857142857 0.7 30 0.3 0.03333333333333333 0.9 1 1.0 0.0
10 0.1 56 0.17857142857142858 0.03571428571428571 0.4 42 0.23809523809523808 0.047619047619047616 0.5 38 0.2631578947368421 0.05263157894736842 0.6 30 0.3333333333333333 0.06666666666666667 0.7 22 0.4090909090909091 0.09090909090909091 0.9 1 1.0 0.0
10 0.1 54 0.18518518518518517 0.018518518518518517 0.4 45 0.2222222222222222 0.022222222222222223 0.5 37 0.2702702702702703 0.02702702702702703 0.6 32 0.3125 0.03125 0.7 31 0.2903225806451613 0.03225806451612903 0.9 1 1.0 0.0
10 0.1 59 0.1694915254237288 0.01694915254237288 0.4 45 0.2222222222222222 0.022222222222222223 0.5 43 0.23255813953488372 0.023255813953488372 0.6 41 0.24390243902439024 0.024390243902439025 0.7 34 0.2647058823529412 0.029411764705882353 0.9 0 1 1
10 0.1 53 0.18867924528301888 0.018867924528301886 0.4 41 0.24390243902439024 0.024390243902439025 0.5 35 0.2857142857142857 0.02857142857142857 0.6 30 0.3333333333333333 0.03333333333333333 0.7 27 0.3333333333333333 0.037037037037037035 0.9 1 1.0 1.0
10 0.1 54 0.18518518518518517 0.0 0.4 46 0.21739130434782608 0.0 0.5 43 0.23255813953488372 0.0 0.6 39 0.2564102564102564 0.0 0.7 30 0.26666666666666666 0.0 0.9 0 1 1
10 0.1 57 0.17543859649122806 0.017543859649122806 0.4 45 0.2222222222222222 0.022222222222222223 0.5 41 0.24390243902439024 0.024390243902439025 0.6 39 0.2564102564102564 0.02564102564102564 0.7 35 0.2571428571428571 0.02857142857142857 0.9 1 1.0 0.0
10 0.1 53 0.18867924528301888 0.0 0.4 44 0.22727272727272727 0.0 0.5 39 0.2564102564102564 0.0 0.6 36 0.2777777777777778 0.0 0.7 32 0.3125 0.0 0.9 2 1.0 0.0
10 0.1 61 0.16393442622950818 0.01639344262295082 0.4 47 0.2127659574468085 0.02127659574468085 0.5 44 0.22727272727272727 0.022727272727272728 0.6 38 0.2631578947368421 0.02631578947368421 0.7 32 0.28125 0.03125 0.9 0 1 1
10 0.1 64 0.15625 0.0 0.4 46 0.21739130434782608 0.0 0.5 42 0.23809523809523808 0.0 0.6 37 0.2702702702702703 0.0 0.7 32 0.28125 0.0 0.9 2 1.0 0.0
10 0.1 58 0.1724137931034483 0.0 0.4 45 0.2222222222222222 0.0 0.5 40 0.25 0.0 0.6 36 0.2777777777777778 0.0 0.7 29 0.3103448275862069 0.0 0.9 0 1 1
10 0.1 63 0.15873015873015872 0.031746031746031744 0.4 51 0.19607843137254902 0.0392156862745098 0.5 47 0.2127659574468085 0.0425531914893617 0.6 39 0.2564102564102564 0.05128205128205128 0.7 34 0.2647058823529412 0.058823529411764705 0.9 1 1.0 1.0
10 0.1 62 0.16129032258064516 0.016129032258064516 0.4 45 0.2222222222222222 0.022222222222222223 0.5 43 0.23255813953488372 0.023255813953488372 0.6 36 0.2777777777777778 0.027777777777777776 0.7 32 0.28125 0.03125 0.9 2 1.0 0.0
10 0.1 55 0.18181818181818182 0.01818181818181818 0.4 37 0.2702702702702703 0.02702702702702703 0.5 35 0.2857142857142857 0.02857142857142857 0.6 31 0.2903225806451613 0.03225806451612903 0.7 28 0.32142857142857145 0.03571428571428571 0.9 1 1.0 0.0
10 0.1 56 0.17857142857142858 0.03571428571428571 0.4 39 0.2564102564102564 0.05128205128205128 0.5 37 0.2702702702702703 0.05405405405405406 0.6 33 0.2727272727272727 0.06060606060606061 0.7 27 0.3333333333333333 0.07407407407407407 0.9 1 1.0 1.0
10 0.1 55 0.18181818181818182 0.05454545454545454 0.4 40 0.25 0.075 0.5 36 0.2777777777777778 0.08333333333333333 0.6 36 0.2777777777777778 0.08333333333333333 0.7 32 0.28125 0.09375 0.9 1 1.0 0.0
10 0.1 63 0.15873015873015872 0.015873015873015872 0.4 46 0.21739130434782608 0.021739130434782608 0.5 41 0.24390243902439024 0.024390243902439025 0.6 39 0.2564102564102564 0.02564102564102564 0.7 32 0.28125 0.03125 0.9 0 1 1
10 0.1 62 0.16129032258064516 0.016129032258064516 0.4 43 0.23255813953488372 0.023255813953488372 0.5 41 0.24390243902439024 0.024390243902439025 0.6 36 0.2777777777777778 0.027777777777777776 0.7 32 0.28125 0.03125 0.9 0 1 1
10 0.1 54 0.18518518518518517 0.0 0.4 41 0.24390243902439024 0.0 0.5 38 0.2631578947368421 0.0 0.6 37 0.2702702702702703 0.0 0.7 32 0.28125 0.0 0.9 0 1 1
10 0.1 55 0.18181818181818182 0.03636363636363636 0.4 43 0.23255813953488372 0.046511627906976744 0.5 41 0.24390243902439024 0.04878048780487805 0.6 36 0.2777777777777778 0.05555555555555555 0.7 33 0.2727272727272727 0.06060606060606061 0.9 2 1.0 0.0
10 0.1 60 0.16666666666666666 0.03333333333333333 0.4 46 0.21739130434782608 0.043478260869565216 0.5 40 0.25 0.05 0.6 37 0.2702702702702703 0.05405405405405406 0.7 33 0.2727272727272727 0.06060606060606061 0.9 2 0.5 0.0
10 0.1 60 0.16666666666666666 0.03333333333333333 0.4 46 0.21739130434782608 0.043478260869565216 0.5 42 0.23809523809523808 0.047619047619047616 0.6 33 0.30303030303030304 0.06060606060606061 0.7 30 0.3 0.06666666666666667 0.9 1 1.0 0.0
10 0.1 64 0.15625 0.0 0.4 47 0.2127659574468085 0.0 0.5 40 0.25 0.0 0.6 36 0.2777777777777778 0.0 0.7 32 0.28125 0.0 0.9 0 1 1
10 0.1 56 0.17857142857142858 0.017857142857142856 0.4 45 0.2222222222222222 0.022222222222222223 0.5 42 0.23809523809523808 0.023809523809523808 0.6 36 0.2777777777777778 0.027777777777777776 0.7 30 0.3 0.03333333333333333 0.9 1 1.0 0.0
10 0.1 61 0.16393442622950818 0.01639344262295082 0.4 42 0.23809523809523808 0.023809523809523808 0.5 39 0.2564102564102564 0.02564102564102564 0.6 36 0.2777777777777778 0.027777777777777776 0.7 32 0.28125 0.03125 0.9 1 1.0 0.0
10 0.1 63 0.15873015873015872 0.015873015873015872 0.4 40 0.25 0.025 0.5 39 0.2564102564102564 0.02564102564102564 0.6 37 0.24324324324324326 0.02702702702702703 0.7 33 0.2727272727272727 0.030303030303030304 0.9 1 1.0 0.0
10 0.1 61 0.16393442622950818 0.01639344262295082 0.4 44 0.22727272727272727 0.022727272727272728 0.5 39 0.2564102564102564 0.02564102564102564 0.6 33 0.2727272727272727 0.030303030303030304 0.7 30 0.26666666666666666 0.03333333333333333 0.9 0 1 1
10 0.1 53 0.18867924528301888 0.018867924528301886 0.4 42 0.23809523809523808 0.023809523809523808 0.5 39 0.2564102564102564 0.02564102564102564 0.6 34 0.29411764705882354 0.029411764705882353 0.7 29 0.3103448275862069 0.034482758620689655 0.9 2 0.5 0.0
10 0.1 49 0.20408163265306123 0.02040816326530612 0.4 37 0.2702702702702703 0.02702702702702703 0.5 35 0.2857142857142857 0.02857142857142857 0.6 30 0.3333333333333333 0.03333333333333333 0.7 26 0.38461538461538464 0.038461538461538464 0.9 1 1.0 0.0
10 0.1 55 0.18181818181818182 0.01818181818181818 0.4 41 0.24390243902439024 0.024390243902439025 0.5 37 0.2702702702702703 0.02702702702702703 0.6 32 0.3125 0.03125 0.7 31 0.2903225806451613 0.03225806451612903 0.9 1 1.0 0.0
10 0.1 59 0.1694915254237288 0.01694915254237288 0.4 45 0.2222222222222222 0.022222222222222223 0.5 40 0.25 0.025 0.6 37 0.2702702702702703 0.02702702702702703 0.7 32 0.28125 0.03125 0.9 2 0.5 0.0
10 0.1 63 0.15873015873015872 0.015873015873015872 0.4 47 0.2127659574468085 0.02127659574468085 0.5 43 0.23255813953488372 0.023255813953488372 0.6 42 0.23809523809523808 0.023809523809523808 0.7 39 0.23076923076923078 0.02564102564102564 0.9 2 0.5 0.0
10 0.1 57 0.17543859649122806 0.03508771929824561 0.4 47 0.2127659574468085 0.0425531914893617 0.5 44 0.22727272727272727 0.045454545454545456 0.6 42 0.23809523809523808 0.047619047619047616 0.7 36 0.25 0.05555555555555555 0.9 2 0.5 0.0
10 0.1 60 0.16666666666666666 0.016666666666666666 0.4 45 0.2222222222222222 0.022222222222222223 0.5 40 0.25 0.025 0.6 38 0.2631578947368421 0.02631578947368421 0.7 34 0.2647058823529412 0.029411764705882353 0.9 1 1.0 0.0
10 0.1 60 0.16666666666666666 0.016666666666666666 0.4 44 0.22727272727272727 0.022727272727272728 0.5 40 0.25 0.025 0.6 37 0.2702702702702703 0.02702702702702703 0.7 35 0.2857142857142857 0.02857142857142857 0.9 2 0.5 0.0
10 0.1 57 0.17543859649122806 0.05263157894736842 0.4 43 0.23255813953488372 0.06976744186046512 0.5 37 0.2702702702702703 0.08108108108108109 0.6 35 0.2857142857142857 0.08571428571428572 0.7 32 0.28125 0.09375 0.9 5 0.6 0.4
10 0.1 58 0.1724137931034483 0.034482758620689655 0.4 43 0.23255813953488372 0.046511627906976744 0.5 39 0.2564102564102564 0.05128205128205128 0.6 35 0.2571428571428571 0.05714285714285714 0.7 30 0.26666666666666666 0.06666666666666667 0.9 2 1.0 0.5
10 0.1 60 0.16666666666666666 0.05 0.4 43 0.23255813953488372 0.06976744186046512 0.5 40 0.25 0.075 0.6 36 0.2777777777777778 0.08333333333333333 0.7 31 0.2903225806451613 0.0967741935483871 0.9 2 1.0 1.0
10 0.1 54 0.18518518518518517 0.037037037037037035 0.4 41 0.24390243902439024 0.04878048780487805 0.5 37 0.2702702702702703 0.05405405405405406 0.6 36 0.2777777777777778 0.05555555555555555 0.7 32 0.28125 0.0625 0.9 2 1.0 0.5
10 0.1 56 0.17857142857142858 0.03571428571428571 0.4 44 0.22727272727272727 0.045454545454545456 0.5 40 0.25 0.05 0.6 35 0.2571428571428571 0.05714285714285714 0.7 32 0.28125 0.0625 0.9 1 1.0 0.0
10 0.1 59 0.1694915254237288 0.03389830508474576 0.4 43 0.23255813953488372 0.046511627906976744 0.5 40 0.25 0.05 0.6 37 0.2702702702702703 0.05405405405405406 0.7 32 0.28125 0.0625 0.9 2 0.5 0.0
10 0.1 53 0.18867924528301888 0.03773584905660377 0.4 45 0.2222222222222222 0.044444444444444446 0.5 42 0.23809523809523808 0.047619047619047616 0.6 37 0.2702702702702703 0.05405405405405406 0.7 35 0.2571428571428571 0.05714285714285714 0.9 1 1.0 0.0
10 0.1 56 0.17857142857142858 0.0 0.4 43 0.23255813953488372 0.0 0.5 42 0.23809523809523808 0.0 0.6 38 0.2631578947368421 0.0 0.7 32 0.28125 0.0 0.9 2 1.0 0.0
10 0.1 61 0.16393442622950818 0.01639344262295082 0.4 47 0.2127659574468085 0.02127659574468085 0.5 44 0.22727272727272727 0.022727272727272728 0.6 41 0.21951219512195122 0.024390243902439025 0.7 35 0.2571428571428571 0.02857142857142857 0.9 1 1.0 0.0
10 0.1 65 0.15384615384615385 0.03076923076923077 0.4 48 0.20833333333333334 0.041666666666666664 0.5 45 0.2222222222222222 0.044444444444444446 0.6 41 0.21951219512195122 0.04878048780487805 0.7 34 0.2647058823529412 0.058823529411764705 0.9 1 1.0 0.0
10 0.1 56 0.17857142857142858 0.03571428571428571 0.4 45 0.2222222222222222 0.044444444444444446 0.5 40 0.25 0.05 0.6 39 0.2564102564102564 0.05128205128205128 0.7 32 0.28125 0.0625 0.9 0 1 1
10 0.1 61 0.16393442622950818 0.01639344262295082 0.4 42 0.23809523809523808 0.023809523809523808 0.5 39 0.2564102564102564 0.02564102564102564 0.6 36 0.2777777777777778 0.027777777777777776 0.7 33 0.2727272727272727 0.030303030303030304 0.9 2 1.0 0.5
10 0.1 61 0.16393442622950818 0.01639344262295082 0.4 45 0.2222222222222222 0.022222222222222223 0.5 44 0.22727272727272727 0.022727272727272728 0.6 41 0.24390243902439024 0.024390243902439025 0.7 36 0.25 0.027777777777777776 0.9 4 0.75 0.25
10 0.1 62 0.16129032258064516 0.016129032258064516 0.4 51 0.19607843137254902 0.0196078431372549 0.5 44 0.22727272727272727 0.022727272727272728 0.6 43 0.23255813953488372 0.023255813953488372 0.7 36 0.25 0.027777777777777776 0.9 2 1.0 0.0
10 0.1 55 0.18181818181818182 0.03636363636363636 0.4 43 0.23255813953488372 0.046511627906976744 0.5 40 0.25 0.05 0.6 35 0.2571428571428571 0.05714285714285714 0.7 31 0.2903225806451613 0.06451612903225806 0.9 1 1.0 0.0
10 0.1 56 0.17857142857142858 0.017857142857142856 0.4 42 0.23809523809523808 0.023809523809523808 0.5 42 0.23809523809523808 0.023809523809523808 0.6 40 0.25 0.025 0.7 34 0.2647058823529412 0.029411764705882353 0.9 2 1.0 0.0
10 0.1 55 0.18181818181818182 0.03636363636363636 0.4 42 0.23809523809523808 0.047619047619047616 0.5 41 0.24390243902439024 0.04878048780487805 0.6 40 0.25 0.05 0.7 34 0.2647058823529412 0.058823529411764705 0.9 1 1.0 0.0
10 0.1 58 0.1724137931034483 0.034482758620689655 0.4 43 0.23255813953488372 0.046511627906976744 0.5 38 0.2631578947368421 0.05263157894736842 0.6 35 0.2857142857142857 0.05714285714285714 0.7 35 0.2857142857142857 0.05714285714285714 0.9 2 1.0 0.5
10 0.1 55 0.18181818181818182 0.01818181818181818 0.4 43 0.23255813953488372 0.023255813953488372 0.5 37 0.2702702702702703 0.02702702702702703 0.6 36 0.2777777777777778 0.027777777777777776 0.7 32 0.3125 0.03125 0.9 2 1.0 0.0
10 0.1 56 0.17857142857142858 0.017857142857142856 0.4 47 0.2127659574468085 0.02127659574468085 0.5 41 0.24390243902439024 0.024390243902439025 0.6 37 0.2702702702702703 0.02702702702702703 0.7 32 0.25 0.03125 0.9 2 0.5 0.0
