0 0.136198 0.94875 0.0421875 0.0691667 
0 0.0606771 0.397917 0.0432292 0.0691667 
0 0.873438 0.0954167 0.040625 0.0641667 
0 0.920313 0.172083 0.04375 0.0691667 
0 0.721094 0.472917 0.0421875 0.0675 
0 0.345052 0.942083 0.0380208 0.0608333 
0 0.130208 0.562917 0.0395833 0.0658333 
0 0.259635 0.100833 0.0390625 0.0633333 
0 0.414844 0.91125 0.0390625 0.0641667 
0 0.0375 0.560833 0.04375 0.0683333 
0 0.71849 0.44 0.0411458 0.0666667 
0 0.894531 0.387083 0.0421875 0.0675 
0 0.783073 0.87625 0.0432292 0.0675 
