0 0.0658854 0.0720833 0.0442708 0.0691667 
0 0.982813 0.79 0.034375 0.0733333 
0 0.616667 0.94125 0.0416667 0.0675 
0 0.680469 0.704167 0.0484375 0.075 
0 0.4625 0.312917 0.0416667 0.0675 
0 0.320052 0.51 0.0453125 0.07 
0 0.303646 0.879583 0.0427083 0.0675 
0 0.53125 0.47875 0.0458333 0.0725 
0 0.933594 0.300417 0.0453125 0.0725 
0 0.350521 0.7575 0.046875 0.0716667 
0 0.0171875 0.312083 0.034375 0.0675 
0 0.685156 0.845833 0.0463542 0.0716667 
0 0.885156 0.3125 0.0453125 0.0716667 
0 0.350521 0.492917 0.0458333 0.0725 
0 0.279427 0.850833 0.0432292 0.0683333 
0 0.944531 0.225417 0.0453125 0.0741667 
0 0.735156 0.390833 0.0432292 0.0666667 
0 0.680469 0.203333 0.0432292 0.0683333 
