0 0.105729 0.672917 0.0427083 0.0675 
0 0.971875 0.845417 0.0375 0.0641667 
0 0.0765625 0.358333 0.0395833 0.065 
0 0.956771 0.164583 0.040625 0.0658333 
0 0.690365 0.374167 0.0421875 0.0666667 
0 0.426042 0.149583 0.040625 0.0675 
0 0.27526 0.773333 0.0411458 0.0666667 
0 0.949479 0.944583 0.040625 0.0641667 
0 0.619792 0.3275 0.0416667 0.065 
0 0.0328125 0.348333 0.040625 0.065 
0 0.328646 0.86375 0.0427083 0.0675 
0 0.0544271 0.200417 0.0401042 0.0641667 
0 0.107552 0.425 0.0442708 0.07 
0 0.608594 0.198333 0.0421875 0.0683333 
0 0.78151 0.831667 0.0390625 0.0633333 
0 0.954687 0.8175 0.040625 0.065 
0 0.757031 0.485417 0.0432292 0.0691667 
0 0.871875 0.55625 0.0416667 0.0641667 
0 0.514063 0.74375 0.0427083 0.0691667 
0 0.874219 0.835 0.0390625 0.0616667 
0 0.120573 0.9275 0.0421875 0.0683333 
0 0.864062 0.17375 0.040625 0.0658333 
0 0.545313 0.62125 0.040625 0.0675 
0 0.234896 0.819583 0.0427083 0.0675 
