0 0.179948 0.0566667 0.0453125 0.0716667 
0 0.642187 0.4275 0.0447917 0.0683333 
0 0.675 0.821667 0.040625 0.0666667 
0 0.0981771 0.546667 0.0401042 0.0633333 
0 0.75651 0.17625 0.0411458 0.0675 
0 0.846875 0.339167 0.0395833 0.0633333 
0 0.0289063 0.92625 0.0432292 0.0691667 
0 0.66849 0.625 0.0411458 0.0666667 
0 0.748958 0.6375 0.0395833 0.065 
0 0.16276 0.504167 0.0442708 0.0716667 
0 0.684896 0.15875 0.040625 0.0641667 
0 0.352083 0.50375 0.0427083 0.0675 
0 0.364583 0.344167 0.0427083 0.0683333 
0 0.38151 0.377917 0.0411458 0.0658333 
0 0.815625 0.62 0.0416667 0.0683333 
0 0.0804688 0.680833 0.0421875 0.0683333 
0 0.532031 0.760833 0.0432292 0.07 
0 0.836719 0.22875 0.0421875 0.0675 
