0 0.940625 0.306667 0.0416667 0.0683333 
0 0.383073 0.896667 0.0421875 0.0666667 
0 0.370833 0.96625 0.0416667 0.0658333 
0 0.584896 0.124167 0.0427083 0.07 
0 0.784635 0.779583 0.0411458 0.0675 
0 0.414844 0.51375 0.0411458 0.0658333 
0 0.316406 0.91625 0.0411458 0.0641667 
0 0.700781 0.858333 0.0390625 0.065 
0 0.392448 0.934167 0.0442708 0.07 
0 0.971875 0.270833 0.0375 0.065 
0 0.592708 0.137083 0.0395833 0.0658333 
0 0.647656 0.675 0.0380208 0.0633333 
0 0.465885 0.83375 0.0411458 0.0658333 
0 0.259896 0.718333 0.040625 0.065 
0 0.302083 0.655417 0.0395833 0.0641667 
0 0.305729 0.230833 0.0395833 0.0633333 
0 0.932813 0.864583 0.040625 0.0658333 
0 0.0229167 0.975833 0.040625 0.0483333 
0 0.296094 0.815417 0.0411458 0.0658333 
0 0.559375 0.132917 0.0416667 0.0675 
0 0.596094 0.397083 0.0390625 0.0625 
0 0.8375 0.13875 0.0395833 0.0641667 
0 0.4875 0.200833 0.0395833 0.0633333 
0 0.265365 0.769583 0.0421875 0.0675 
0 0.86875 0.476667 0.0416667 0.0666667 
0 0.907292 0.346667 0.04375 0.07 
0 0.874479 0.22375 0.040625 0.0658333 
0 0.109115 0.929167 0.0421875 0.0683333 
0 0.946875 0.229167 0.040625 0.065 
0 0.638542 0.285 0.0416667 0.0666667 
0 0.133594 0.035 0.0390625 0.0633333 
0 0.84375 0.0954167 0.0395833 0.0641667 
0 0.748438 0.1075 0.0395833 0.065 
0 0.0434896 0.13625 0.0380208 0.0608333 
0 0.681771 0.4975 0.040625 0.0683333 
0 0.491146 0.565833 0.0385417 0.06 
0 0.260938 0.831667 0.0395833 0.065 
0 0.322135 0.825417 0.0411458 0.0658333 
0 0.917969 0.185 0.0390625 0.065 
0 0.283333 0.69125 0.040625 0.0658333 
0 0.865104 0.265833 0.040625 0.065 
0 0.034375 0.5875 0.040625 0.065 
0 0.539583 0.487083 0.0395833 0.0641667 
0 0.239063 0.33 0.0416667 0.0666667 
0 0.832031 0.0333333 0.0390625 0.065 
0 0.253125 0.0895833 0.0395833 0.0641667 
0 0.498958 0.0866667 0.040625 0.0633333 
0 0.75599 0.288333 0.0421875 0.0683333 
