0 0.491406 0.695 0.0432292 0.0666667 
0 0.983333 0.26 0.0333333 0.0633333 
0 0.575781 0.0754167 0.0421875 0.0675 
0 0.50625 0.59375 0.0416667 0.0675 
0 0.685156 0.177917 0.0432292 0.0691667 
0 0.601302 0.0283333 0.0432292 0.0566667 
0 0.667708 0.409167 0.040625 0.065 
0 0.0359375 0.969583 0.0447917 0.0608333 
0 0.289844 0.753333 0.0432292 0.07 
0 0.744792 0.742917 0.04375 0.0691667 
0 0.575781 0.220833 0.0421875 0.0683333 
0 0.859896 0.665417 0.040625 0.0641667 
0 0.0140625 0.73375 0.028125 0.0641667 
0 0.1875 0.145 0.040625 0.0666667 
0 0.376563 0.840833 0.0427083 0.07 
0 0.685677 0.46375 0.0432292 0.0708333 
0 0.434375 0.714167 0.0427083 0.0683333 
0 0.575781 0.805 0.0401042 0.0616667 
0 0.927604 0.2275 0.040625 0.065 
0 0.0536458 0.0529167 0.0395833 0.0641667 
0 0.635417 0.909167 0.040625 0.065 
0 0.433854 0.180833 0.040625 0.0666667 
0 0.334635 0.0575 0.0401042 0.0666667 
0 0.659896 0.344167 0.0427083 0.0683333 
0 0.36901 0.396667 0.0432292 0.07 
0 0.9 0.754167 0.040625 0.065 
0 0.580469 0.0458333 0.0401042 0.0633333 
0 0.128125 0.484583 0.0416667 0.0658333 
0 0.73724 0.185833 0.0401042 0.065 
0 0.877604 0.186667 0.040625 0.0633333 
0 0.103646 0.295417 0.0395833 0.0658333 
0 0.170573 0.2825 0.0390625 0.0633333 
0 0.0979167 0.587083 0.0416667 0.0675 
0 0.107552 0.795 0.0421875 0.0683333 
0 0.283073 0.43125 0.0411458 0.0675 
0 0.669792 0.759167 0.0395833 0.0616667 
0 0.322396 0.21375 0.0458333 0.0725 
