0 0.789062 0.742917 0.0375 0.0608333 
0 0.667969 0.527083 0.0401042 0.0641667 
0 0.641146 0.408333 0.0427083 0.07 
0 0.50651 0.83 0.0390625 0.0633333 
0 0.0101562 0.3375 0.0203125 0.065 
0 0.644531 0.180417 0.0411458 0.0675 
0 0.0429688 0.545417 0.0380208 0.0625 
0 0.647135 0.120833 0.0411458 0.0666667 
0 0.539844 0.355833 0.0432292 0.0683333 
0 0.31224 0.941667 0.0401042 0.0633333 
0 0.459635 0.198333 0.0411458 0.0666667 
0 0.0330729 0.457083 0.0380208 0.0625 
0 0.0380208 0.360417 0.040625 0.0658333 
0 0.971875 0.484583 0.0375 0.0625 
0 0.664583 0.33 0.0416667 0.065 
0 0.925521 0.465 0.040625 0.065 
0 0.0114583 0.955417 0.0229167 0.0658333 
0 0.663802 0.162917 0.0421875 0.0675 
0 0.383854 0.436667 0.040625 0.065 
0 0.733854 0.23875 0.040625 0.0641667 
0 0.0994792 0.105 0.0458333 0.0733333 
0 0.965104 0.580417 0.034375 0.0558333 
0 0.0830729 0.39375 0.0411458 0.0675 
0 0.0955729 0.2325 0.0432292 0.07 
0 0.842188 0.625 0.040625 0.065 
0 0.178125 0.519167 0.0395833 0.0633333 
0 0.295052 0.7525 0.0401042 0.0616667 
0 0.453385 0.46 0.0421875 0.0683333 
0 0.11849 0.192917 0.0432292 0.0691667 
0 0.42526 0.780417 0.0421875 0.0658333 
0 0.334896 0.13625 0.0395833 0.0641667 
0 0.815625 0.657917 0.0395833 0.0625 
0 0.404427 0.567917 0.0432292 0.0675 
0 0.772135 0.8975 0.0390625 0.0616667 
0 0.582552 0.96 0.0380208 0.0633333 
0 0.563802 0.304583 0.0421875 0.0658333 
0 0.0674479 0.667083 0.0421875 0.0675 
0 0.803646 0.21 0.0427083 0.0683333 
0 0.83125 0.295417 0.040625 0.0658333 
0 0.223698 0.703333 0.0411458 0.065 
0 0.60026 0.68625 0.0411458 0.0675 
0 0.483594 0.157083 0.0421875 0.0691667 
0 0.407292 0.0316667 0.04375 0.0633333 
0 0.0742188 0.886667 0.0411458 0.0633333 
0 0.586458 0.567917 0.0416667 0.0658333 
0 0.709375 0.865 0.0395833 0.065 
