0 0.784375 0.971667 0.0395833 0.0566667 
0 0.694792 0.46625 0.040625 0.0658333 
0 0.682813 0.672083 0.0385417 0.0608333 
0 0.908333 0.146667 0.0375 0.06 
0 0.429688 0.112083 0.0385417 0.0625 
0 0.445833 0.110833 0.040625 0.0633333 
0 0.560938 0.54625 0.0416667 0.0675 
0 0.965625 0.2375 0.0375 0.0616667 
0 0.0320312 0.375417 0.0421875 0.0675 
0 0.852083 0.4975 0.0375 0.06 
0 0.55651 0.33 0.0411458 0.065 
0 0.832812 0.315417 0.040625 0.0641667 
0 0.245573 0.54875 0.0411458 0.0658333 
0 0.409896 0.2 0.0395833 0.0633333 
0 0.388281 0.954167 0.0401042 0.065 
0 0.284115 0.567917 0.0442708 0.0708333 
0 0.224479 0.604167 0.0427083 0.0683333 
0 0.10625 0.971667 0.0427083 0.0566667 
0 0.54974 0.48 0.0421875 0.0666667 
0 0.541927 0.719167 0.0432292 0.0683333 
0 0.715885 0.0308333 0.0390625 0.0616667 
0 0.566406 0.503333 0.0401042 0.065 
0 0.872396 0.74125 0.040625 0.0641667 
0 0.0828125 0.31125 0.0395833 0.0658333 
0 0.429688 0.397083 0.0416667 0.0691667 
0 0.839063 0.162083 0.0385417 0.0625 
0 0.425 0.830417 0.0416667 0.0675 
0 0.847396 0.350833 0.040625 0.065 
0 0.877344 0.671667 0.0421875 0.0666667 
0 0.622396 0.61625 0.0385417 0.0608333 
0 0.328646 0.839167 0.040625 0.065 
0 0.305208 0.378333 0.0416667 0.065 
0 0.105469 0.23875 0.0401042 0.0641667 
0 0.472917 0.44625 0.0416667 0.0658333 
0 0.26875 0.962083 0.0416667 0.0675 
0 0.776563 0.54375 0.0385417 0.0625 
