0 0.096875 0.5625 0.0427083 0.0666667 
0 0.0359375 0.355417 0.040625 0.0641667 
0 0.931771 0.475 0.040625 0.0666667 
0 0.733854 0.174583 0.040625 0.0641667 
0 0.564323 0.921667 0.0432292 0.065 
0 0.579948 0.244583 0.0421875 0.0675 
0 0.527604 0.494583 0.0427083 0.0675 
0 0.307292 0.0375 0.0427083 0.0666667 
0 0.252865 0.305833 0.0390625 0.0616667 
0 0.873958 0.546667 0.04375 0.07 
0 0.695312 0.04375 0.0427083 0.0675 
0 0.0697917 0.405833 0.0385417 0.0616667 
0 0.690365 0.135 0.0411458 0.0666667 
0 0.291667 0.12375 0.0416667 0.0675 
