0 0.991146 0.8925 0.0177083 0.0683333 
0 0.414844 0.407083 0.0390625 0.0625 
0 0.815104 0.974167 0.040625 0.0516667 
0 0.871094 0.477917 0.0421875 0.0658333 
0 0.872396 0.255417 0.040625 0.0658333 
0 0.890104 0.404583 0.040625 0.0658333 
0 0.184635 0.587083 0.0411458 0.0675 
0 0.20599 0.71125 0.0421875 0.0691667 
0 0.62474 0.621667 0.0401042 0.0633333 
0 0.496094 0.40625 0.0411458 0.0641667 
0 0.795052 0.332917 0.0432292 0.0708333 
0 0.866146 0.878333 0.040625 0.0633333 
0 0.910156 0.115833 0.0421875 0.0683333 
