0 0.164583 0.503333 0.0479167 0.0716667 
0 0.983854 0.110417 0.0322917 0.0641667 
0 0.729688 0.711667 0.0447917 0.07 
0 0.142448 0.79625 0.0453125 0.0708333 
0 0.778906 0.474167 0.0390625 0.0616667 
0 0.204948 0.337083 0.0432292 0.0691667 
0 0.276042 0.480833 0.04375 0.0716667 
0 0.791927 0.515833 0.0380208 0.0616667 
0 0.892969 0.37375 0.0390625 0.0641667 
0 0.377865 0.527083 0.0442708 0.0691667 
0 0.41276 0.349167 0.0401042 0.065 
0 0.0914062 0.830833 0.0421875 0.0683333 
0 0.664323 0.772917 0.0421875 0.0675 
0 0.413802 0.2075 0.0411458 0.0666667 
