0 0.871094 0.8725 0.0453125 0.0666667 
0 0.490885 0.0979167 0.0401042 0.0641667 
0 0.0846354 0.4875 0.0401042 0.0616667 
0 0.970833 0.161667 0.04375 0.07 
0 0.534635 0.0645833 0.0401042 0.0658333 
0 0.927083 0.821667 0.0375 0.06 
0 0.326302 0.295833 0.0401042 0.065 
0 0.765625 0.9425 0.0395833 0.0616667 
0 0.280208 0.293333 0.040625 0.0666667 
0 0.530208 0.319167 0.04375 0.0716667 
0 0.105469 0.42125 0.0390625 0.0641667 
0 0.442969 0.299583 0.0390625 0.0641667 
0 0.0434896 0.0616667 0.0369792 0.06 
