0 0.0518229 0.9475 0.0401042 0.065 
0 0.8625 0.1225 0.04375 0.0633333 
0 0.875781 0.0633333 0.0421875 0.0683333 
0 0.816667 0.637917 0.0375 0.0608333 
0 0.659115 0.525 0.0401042 0.065 
0 0.859375 0.0466667 0.0416667 0.065 
0 0.0861979 0.45375 0.0421875 0.0675 
0 0.432813 0.84625 0.0395833 0.0625 
0 0.179688 0.814167 0.040625 0.065 
0 0.115885 0.0458333 0.0432292 0.0683333 
0 0.700781 0.308333 0.0401042 0.0633333 
0 0.903125 0.0995833 0.04375 0.0708333 
0 0.946875 0.892917 0.0395833 0.0608333 
0 0.115885 0.624167 0.0401042 0.065 
0 0.346354 0.593333 0.0416667 0.0666667 
0 0.148177 0.0733333 0.0453125 0.0716667 
0 0.564844 0.8625 0.0390625 0.0616667 
0 0.6375 0.504167 0.0395833 0.065 
0 0.283854 0.79875 0.0395833 0.0641667 
0 0.648698 0.845 0.0380208 0.0616667 
0 0.947656 0.13625 0.0390625 0.0625 
0 0.597135 0.158333 0.0390625 0.065 
0 0.932813 0.0575 0.0375 0.0616667 
0 0.040625 0.294583 0.0447917 0.0708333 
0 0.0942708 0.630833 0.0395833 0.065 
0 0.601302 0.79125 0.0421875 0.0675 
0 0.809635 0.225417 0.0401042 0.0641667 
0 0.695312 0.0925 0.0416667 0.0666667 
0 0.51875 0.105833 0.0395833 0.0633333 
0 0.45651 0.153333 0.0411458 0.0666667 
0 0.602604 0.364583 0.040625 0.0641667 
0 0.604688 0.055 0.0395833 0.065 
0 0.902344 0.492917 0.0390625 0.0625 
0 0.68776 0.3725 0.0421875 0.0683333 
0 0.872656 0.424167 0.0390625 0.065 
0 0.492188 0.376667 0.0416667 0.0666667 
0 0.186719 0.894583 0.0390625 0.0625 
