0 0.242448 0.705 0.0380208 0.0633333 
0 0.436719 0.705 0.0411458 0.0666667 
0 0.95 0.275 0.0458333 0.07 
0 0.371354 0.650833 0.0385417 0.0616667 
0 0.546875 0.2125 0.0395833 0.0633333 
0 0.128646 0.586667 0.0447917 0.07 
0 0.824479 0.865417 0.040625 0.0641667 
0 0.715625 0.479583 0.040625 0.0658333 
0 0.0861979 0.84875 0.0401042 0.0641667 
0 0.306771 0.390417 0.0385417 0.0641667 
0 0.716406 0.174167 0.0432292 0.0683333 
0 0.504687 0.483333 0.040625 0.0666667 
0 0.592708 0.50125 0.040625 0.0675 
