0 0.79974 0.305 0.0411458 0.065 
0 0.0966146 0.559167 0.0411458 0.0683333 
0 0.735937 0.192083 0.0395833 0.0625 
0 0.49375 0.06 0.0395833 0.0633333 
0 0.136458 0.859167 0.0395833 0.065 
0 0.0130208 0.7325 0.0260417 0.0633333 
0 0.160938 0.0475 0.04375 0.07 
0 0.0195312 0.43125 0.0390625 0.0658333 
0 0.428125 0.464167 0.0416667 0.0666667 
0 0.059375 0.415417 0.0395833 0.0641667 
0 0.770052 0.393333 0.0380208 0.0616667 
0 0.352344 0.632917 0.0390625 0.0625 
0 0.9625 0.17625 0.040625 0.0658333 
0 0.605208 0.207083 0.0416667 0.0658333 
0 0.749219 0.153333 0.0411458 0.0666667 
0 0.285937 0.504583 0.0427083 0.0691667 
0 0.797396 0.608333 0.040625 0.0633333 
0 0.610156 0.102917 0.0421875 0.0675 
0 0.864583 0.305 0.04375 0.07 
0 0.8375 0.382917 0.0416667 0.0658333 
0 0.0375 0.295 0.0416667 0.0666667 
0 0.559375 0.922083 0.04375 0.0691667 
0 0.517448 0.05375 0.0390625 0.0625 
0 0.326042 0.0291667 0.0416667 0.0583333 
0 0.704948 0.259583 0.0369792 0.0575 
0 0.783073 0.55375 0.0380208 0.0625 
0 0.68125 0.730417 0.0416667 0.0675 
0 0.423438 0.27 0.0385417 0.0633333 
0 0.758594 0.245 0.0390625 0.0633333 
0 0.945312 0.104167 0.0427083 0.0683333 
0 0.315104 0.337083 0.0385417 0.0608333 
0 0.33151 0.289167 0.0401042 0.0633333 
0 0.757031 0.362083 0.0421875 0.0691667 
0 0.0791667 0.5825 0.040625 0.065 
0 0.809375 0.02875 0.040625 0.0575 
0 0.921094 0.215833 0.0421875 0.0683333 
