0 0.510156 0.586667 0.0369792 0.06 
0 0.335938 0.0925 0.0364583 0.0583333 
0 0.432552 0.271667 0.0380208 0.0616667 
0 0.779688 0.305417 0.0364583 0.0575 
0 0.967188 0.84125 0.0385417 0.0625 
0 0.900781 0.924583 0.0390625 0.0625 
0 0.188802 0.940417 0.0421875 0.0658333 
0 0.0434896 0.773333 0.0401042 0.065 
0 0.902344 0.125 0.0359375 0.0583333 
0 0.0434896 0.711667 0.0401042 0.065 
0 0.492448 0.239583 0.0380208 0.0591667 
0 0.411458 0.33 0.0375 0.06 
0 0.11849 0.0866667 0.0411458 0.065 
0 0.322656 0.0725 0.0401042 0.065 
