0 0.532031 0.567917 0.0401042 0.0641667 
0 0.375 0.0833333 0.0354167 0.0583333 
0 0.920313 0.0333333 0.0375 0.06 
0 0.782292 0.318333 0.0354167 0.0566667 
0 0.959375 0.78 0.040625 0.065 
0 0.338281 0.691667 0.0380208 0.06 
0 0.310677 0.435 0.0411458 0.065 
0 0.925 0.526667 0.0375 0.06 
0 0.776563 0.957083 0.0385417 0.0625 
0 0.81875 0.175 0.0375 0.0583333 
0 0.875 0.89375 0.0395833 0.0608333 
0 0.70625 0.281667 0.0375 0.0616667 
0 0.657812 0.835417 0.0385417 0.0641667 
0 0.0427083 0.499167 0.0395833 0.0633333 
0 0.857031 0.6025 0.0390625 0.0616667 
0 0.608594 0.437917 0.0380208 0.0608333 
0 0.655208 0.560833 0.040625 0.065 
