0 0.853125 0.692917 0.0395833 0.0625 
0 0.303125 0.134167 0.0416667 0.0683333 
0 0.0992187 0.765833 0.0411458 0.0683333 
0 0.292708 0.225833 0.0416667 0.0666667 
0 0.284115 0.49875 0.0432292 0.0675 
0 0.542188 0.8775 0.0416667 0.0666667 
0 0.804688 0.577917 0.0427083 0.0691667 
0 0.822396 0.66125 0.040625 0.0641667 
0 0.767708 0.697917 0.04375 0.0691667 
0 0.79349 0.434167 0.0411458 0.065 
0 0.533594 0.466667 0.0421875 0.0683333 
0 0.607031 0.45375 0.0421875 0.0675 
0 0.384115 0.270833 0.0401042 0.065 
0 0.261458 0.784583 0.0416667 0.0641667 
0 0.978125 0.593333 0.040625 0.065 
0 0.540104 0.426667 0.040625 0.065 
0 0.633854 0.744167 0.04375 0.0683333 
0 0.392188 0.907083 0.0427083 0.0675 
0 0.629427 0.2325 0.0421875 0.0666667 
0 0.603646 0.0445833 0.0385417 0.0591667 
0 0.628906 0.480833 0.0432292 0.0716667 
0 0.582292 0.760833 0.040625 0.065 
0 0.957812 0.828333 0.040625 0.065 
0 0.028125 0.164167 0.040625 0.065 
0 0.175521 0.0725 0.0427083 0.0683333 
0 0.164062 0.3325 0.04375 0.07 
