0 0.871094 0.831667 0.0484375 0.0766667 
0 0.9625 0.47 0.046875 0.075 
0 0.390104 0.481667 0.040625 0.0666667 
0 0.732292 0.0520833 0.04375 0.0725 
0 0.19375 0.77625 0.0458333 0.0725 
0 0.214844 0.787917 0.0442708 0.0691667 
0 0.234375 0.773333 0.040625 0.0633333 
0 0.699219 0.341667 0.0432292 0.0683333 
0 0.895312 0.363333 0.0489583 0.0733333 
0 0.0486979 0.109167 0.0432292 0.0683333 
0 0.309375 0.6625 0.04375 0.0733333 
0 0.986719 0.449583 0.0265625 0.0658333 
0 0.100781 0.0470833 0.0421875 0.0658333 
0 0.220833 0.147917 0.04375 0.0708333 
0 0.951563 0.394583 0.0447917 0.0725 
0 0.101042 0.771667 0.040625 0.0666667 
0 0.24375 0.085 0.0395833 0.0633333 
0 0.471875 0.823333 0.0395833 0.0633333 
0 0.0708333 0.366667 0.0447917 0.07 
0 0.926562 0.8975 0.046875 0.075 
