0 0.356771 0.315 0.0427083 0.0666667 
0 0.921354 0.274583 0.040625 0.0658333 
0 0.931771 0.222917 0.040625 0.0675 
0 0.878906 0.429583 0.0421875 0.0658333 
0 0.677865 0.91625 0.0390625 0.0625 
0 0.169531 0.5925 0.0421875 0.0683333 
0 0.360677 0.177917 0.0432292 0.0691667 
0 0.906771 0.286667 0.040625 0.0666667 
0 0.2625 0.8925 0.04375 0.07 
0 0.95 0.214167 0.0416667 0.0683333 
0 0.69375 0.89125 0.0416667 0.0658333 
0 0.0723958 0.69625 0.0427083 0.0675 
0 0.198177 0.443333 0.0432292 0.0683333 
0 0.141406 0.435 0.0421875 0.0666667 
0 0.259896 0.02875 0.0375 0.0575 
0 0.788021 0.19375 0.0427083 0.0691667 
0 0.211198 0.376667 0.0463542 0.0716667 
0 0.261719 0.7675 0.0432292 0.07 
0 0.590104 0.832083 0.0447917 0.0708333 
0 0.653646 0.242917 0.040625 0.0675 
0 0.115365 0.3575 0.0442708 0.0716667 
0 0.728385 0.204583 0.0401042 0.0641667 
0 0.642187 0.675 0.0427083 0.0666667 
0 0.226042 0.0325 0.0416667 0.065 
0 0.659115 0.49 0.0421875 0.0683333 
0 0.784375 0.319167 0.0416667 0.065 
0 0.48125 0.110833 0.040625 0.0666667 
0 0.459635 0.196667 0.0421875 0.0666667 
