0 0.513021 0.584583 0.0427083 0.0691667 
0 0.514583 0.45125 0.0395833 0.0658333 
0 0.910417 0.57125 0.0375 0.0608333 
0 0.957031 0.259167 0.0390625 0.065 
0 0.695573 0.746667 0.0442708 0.07 
0 0.785417 0.0308333 0.0385417 0.0616667 
0 0.570833 0.426667 0.0416667 0.0666667 
0 0.947656 0.775 0.0390625 0.065 
0 0.0453125 0.465 0.040625 0.065 
0 0.892187 0.679167 0.0385417 0.065 
0 0.9 0.0304167 0.0416667 0.0608333 
0 0.299479 0.588333 0.040625 0.065 
0 0.620313 0.7775 0.0427083 0.0683333 
0 0.817708 0.840833 0.0395833 0.065 
0 0.196094 0.6775 0.0390625 0.0633333 
0 0.928906 0.620417 0.0390625 0.0641667 
0 0.282292 0.89625 0.04375 0.0708333 
0 0.425521 0.23375 0.04375 0.0691667 
