0 0.199479 0.974583 0.0375 0.0508333 
0 0.205208 0.32375 0.0427083 0.0675 
0 0.285417 0.035 0.0416667 0.065 
0 0.982292 0.432917 0.0354167 0.0641667 
0 0.635938 0.437083 0.040625 0.0625 
0 0.429948 0.540417 0.0421875 0.0658333 
0 0.153125 0.496667 0.0416667 0.065 
0 0.323438 0.192917 0.040625 0.0658333 
0 0.58099 0.672917 0.0421875 0.0675 
0 0.405729 0.386667 0.04375 0.07 
0 0.800521 0.7675 0.040625 0.0633333 
0 0.53776 0.74875 0.0421875 0.0675 
0 0.722135 0.46875 0.0421875 0.0658333 
0 0.777344 0.16875 0.0432292 0.0675 
