0 0.346875 0.0904167 0.0395833 0.0625 
0 0.6 0.564583 0.0395833 0.0641667 
0 0.0783854 0.392917 0.0421875 0.0691667 
0 0.914062 0.654583 0.0375 0.0625 
0 0.84375 0.69375 0.0395833 0.0641667 
0 0.401042 0.638333 0.040625 0.065 
0 0.3625 0.0841667 0.0395833 0.065 
0 0.445312 0.261667 0.0385417 0.0633333 
0 0.807292 0.0766667 0.0354167 0.0566667 
0 0.363021 0.252917 0.0395833 0.0641667 
0 0.69401 0.577083 0.0411458 0.0675 
0 0.395312 0.585833 0.0427083 0.0683333 
0 0.54375 0.396667 0.0427083 0.0666667 
0 0.410156 0.0966667 0.0359375 0.0583333 
0 0.14401 0.88625 0.0421875 0.0691667 
0 0.51224 0.306667 0.0411458 0.0666667 
0 0.644271 0.1425 0.0375 0.06 
0 0.764063 0.0375 0.0354167 0.055 
