0 0.366146 0.620417 0.0416667 0.0675 
0 0.0257812 0.300833 0.0411458 0.0683333 
0 0.0914062 0.407917 0.0421875 0.0658333 
0 0.231771 0.256667 0.0395833 0.0633333 
0 0.895833 0.805417 0.04375 0.0675 
0 0.145573 0.783333 0.0369792 0.06 
0 0.316927 0.1225 0.0390625 0.0616667 
0 0.982031 0.105833 0.0359375 0.0616667 
0 0.401823 0.962083 0.0421875 0.0675 
0 0.651563 0.815 0.0416667 0.0666667 
0 0.53776 0.81125 0.0401042 0.0641667 
0 0.727604 0.24625 0.0375 0.0608333 
0 0.470313 0.970833 0.0385417 0.0583333 
0 0.499479 0.811667 0.040625 0.065 
0 0.519531 0.482917 0.0411458 0.0658333 
0 0.967188 0.239583 0.040625 0.0641667 
0 0.227083 0.172083 0.0416667 0.0641667 
0 0.78776 0.0966667 0.0401042 0.0633333 
0 0.251563 0.20875 0.0447917 0.0708333 
0 0.400521 0.345 0.040625 0.065 
0 0.308333 0.46875 0.040625 0.0658333 
0 0.845833 0.395 0.0375 0.06 
0 0.367448 0.0470833 0.0390625 0.0625 
0 0.705208 0.476667 0.0416667 0.0666667 
0 0.0723958 0.7075 0.040625 0.0666667 
0 0.893229 0.0808333 0.040625 0.065 
0 0.693229 0.150417 0.0385417 0.0625 
0 0.0638021 0.0891667 0.0411458 0.0683333 
0 0.435937 0.685833 0.040625 0.065 
0 0.491667 0.4925 0.0395833 0.065 
