0 0.356771 0.5725 0.040625 0.0633333 
0 0.8875 0.700833 0.0458333 0.0716667 
0 0.342708 0.96625 0.0447917 0.0675 
0 0.7 0.65375 0.0416667 0.0625 
0 0.665625 0.689167 0.04375 0.0683333 
0 0.588802 0.82375 0.0421875 0.0675 
0 0.701823 0.373333 0.0442708 0.0716667 
0 0.441406 0.89125 0.0463542 0.0741667 
0 0.769271 0.385 0.04375 0.07 
0 0.849479 0.120833 0.040625 0.065 
0 0.923437 0.595 0.040625 0.065 
0 0.106771 0.648333 0.0395833 0.0633333 
0 0.528385 0.05375 0.0421875 0.0658333 
0 0.980729 0.0854167 0.0385417 0.0658333 
0 0.838281 0.877917 0.0453125 0.0725 
0 0.583333 0.335833 0.0375 0.06 
0 0.689844 0.6225 0.0432292 0.07 
0 0.801562 0.515417 0.040625 0.0658333 
0 0.226042 0.725417 0.0416667 0.0658333 
0 0.541146 0.756667 0.04375 0.07 
