0 0.407292 0.815417 0.0416667 0.0658333 
0 0.852344 0.05 0.0359375 0.0583333 
0 0.849479 0.7825 0.040625 0.065 
0 0.403125 0.38375 0.0395833 0.0658333 
0 0.0846354 0.0341667 0.0401042 0.065 
0 0.6625 0.194167 0.0416667 0.065 
0 0.0291667 0.84625 0.0395833 0.0625 
0 0.320833 0.46625 0.0416667 0.0641667 
0 0.688021 0.127083 0.040625 0.0641667 
0 0.222135 0.0454167 0.0390625 0.0625 
0 0.601562 0.381667 0.0385417 0.0633333 
0 0.170573 0.26875 0.0421875 0.0675 
0 0.816146 0.3475 0.040625 0.065 
0 0.40651 0.0741667 0.0390625 0.0633333 
0 0.0859375 0.913333 0.0385417 0.0633333 
0 0.5625 0.0645833 0.040625 0.0641667 
0 0.340365 0.217083 0.0380208 0.0608333 
0 0.496094 0.43875 0.0432292 0.0675 
