0 0.207813 0.7075 0.0364583 0.0583333 
0 0.123438 0.80125 0.0395833 0.0641667 
0 0.682031 0.63875 0.0390625 0.0625 
0 0.142188 0.891667 0.0375 0.06 
0 0.939844 0.544167 0.0390625 0.0633333 
0 0.275781 0.264167 0.0411458 0.0666667 
0 0.104427 0.701667 0.0401042 0.065 
0 0.377083 0.1275 0.0395833 0.0633333 
0 0.463281 0.0454167 0.0390625 0.0625 
0 0.771875 0.860417 0.040625 0.0658333 
0 0.130729 0.3925 0.0385417 0.06 
0 0.871354 0.560833 0.040625 0.065 
0 0.71276 0.746667 0.0401042 0.0633333 
0 0.579687 0.0716667 0.0385417 0.0633333 
0 0.0976562 0.598333 0.0401042 0.0633333 
0 0.716667 0.945 0.040625 0.065 
0 0.935156 0.75625 0.0390625 0.0608333 
0 0.615104 0.854167 0.040625 0.065 
0 0.548437 0.310833 0.0416667 0.065 
0 0.764323 0.354167 0.0380208 0.0616667 
0 0.440885 0.3675 0.0390625 0.065 
0 0.527865 0.0391667 0.0390625 0.0633333 
