31 0.1 0 1 1 0.4 0 1 1 0.5 0 1 1 0.6 0 1 1 0.7 0 1 1 0.9 0 1 1
31 0.1 0 1 1 0.4 0 1 1 0.5 0 1 1 0.6 0 1 1 0.7 0 1 1 0.9 0 1 1
31 0.1 0 1 1 0.4 0 1 1 0.5 0 1 1 0.6 0 1 1 0.7 0 1 1 0.9 0 1 1
31 0.1 6 0.0 0.0 0.4 0 1 1 0.5 0 1 1 0.6 0 1 1 0.7 0 1 1 0.9 0 1 1
31 0.1 5 0.0 0.0 0.4 0 1 1 0.5 0 1 1 0.6 0 1 1 0.7 0 1 1 0.9 0 1 1
31 0.1 156 0.03205128205128205 0.0 0.4 10 0.1 0.0 0.5 5 0.0 0.0 0.6 2 0.0 0.0 0.7 1 0.0 0.0 0.9 0 1 1
31 0.1 164 0.10365853658536585 0.0 0.4 3 0.3333333333333333 0.0 0.5 1 1.0 0.0 0.6 1 1.0 0.0 0.7 0 1 1 0.9 0 1 1
31 0.1 90 0.044444444444444446 0.0 0.4 5 0.2 0.0 0.5 2 0.5 0.0 0.6 0 1 1 0.7 0 1 1 0.9 0 1 1
31 0.1 452 0.05752212389380531 0.0 0.4 83 0.1927710843373494 0.0 0.5 38 0.2631578947368421 0.0 0.6 12 0.4166666666666667 0.0 0.7 0 1 1 0.9 0 1 1
31 0.1 521 0.04990403071017274 0.0 0.4 100 0.19 0.0 0.5 50 0.3 0.0 0.6 14 0.2857142857142857 0.0 0.7 3 0.3333333333333333 0.0 0.9 0 1 1
31 0.1 482 0.056016597510373446 0.0 0.4 91 0.2087912087912088 0.0 0.5 53 0.32075471698113206 0.0 0.6 17 0.47058823529411764 0.0 0.7 4 0.5 0.0 0.9 0 1 1
31 0.1 300 0.09 0.0 0.4 40 0.375 0.0 0.5 17 0.5294117647058824 0.0 0.6 2 0.5 0.0 0.7 0 1 1 0.9 0 1 1
31 0.1 371 0.07547169811320754 0.0 0.4 54 0.37037037037037035 0.0 0.5 13 0.6153846153846154 0.0 0.6 2 1.0 0.0 0.7 0 1 1 0.9 0 1 1
31 0.1 309 0.08737864077669903 0.0 0.4 42 0.40476190476190477 0.0 0.5 14 0.7142857142857143 0.0 0.6 5 0.8 0.0 0.7 2 1.0 0.0 0.9 0 1 1
31 0.1 183 0.11475409836065574 0.0 0.4 5 0.6 0.0 0.5 2 0.5 0.0 0.6 0 1 1 0.7 0 1 1 0.9 0 1 1
31 0.1 165 0.15151515151515152 0.0 0.4 10 0.6 0.0 0.5 4 0.5 0.0 0.6 0 1 1 0.7 0 1 1 0.9 0 1 1
31 0.1 209 0.1339712918660287 0.0 0.4 59 0.3559322033898305 0.0 0.5 34 0.5 0.0 0.6 17 0.47058823529411764 0.0 0.7 4 0.75 0.0 0.9 0 1 1
31 0.1 285 0.09824561403508772 0.0 0.4 59 0.3898305084745763 0.0 0.5 41 0.4146341463414634 0.0 0.6 27 0.5185185185185185 0.0 0.7 11 0.6363636363636364 0.0 0.9 0 1 1
31 0.1 210 0.11428571428571428 0.0 0.4 41 0.36585365853658536 0.0 0.5 23 0.34782608695652173 0.0 0.6 6 0.5 0.0 0.7 0 1 1 0.9 0 1 1
31 0.1 230 0.10869565217391304 0.0 0.4 65 0.26153846153846155 0.0 0.5 43 0.32558139534883723 0.0 0.6 28 0.39285714285714285 0.0 0.7 11 0.36363636363636365 0.0 0.9 0 1 1
31 0.1 93 0.24731182795698925 0.0 0.4 8 0.5 0.0 0.5 0 1 1 0.6 0 1 1 0.7 0 1 1 0.9 0 1 1
31 0.1 246 0.11382113821138211 0.0 0.4 45 0.3333333333333333 0.0 0.5 22 0.5 0.0 0.6 4 0.75 0.0 0.7 0 1 1 0.9 0 1 1
31 0.1 377 0.07161803713527852 0.0 0.4 153 0.1503267973856209 0.0 0.5 109 0.2018348623853211 0.0 0.6 77 0.2597402597402597 0.0 0.7 44 0.4090909090909091 0.0 0.9 0 1 1
31 0.1 174 0.13793103448275862 0.0 0.4 58 0.3103448275862069 0.0 0.5 39 0.41025641025641024 0.0 0.6 23 0.5217391304347826 0.0 0.7 10 0.7 0.0 0.9 0 1 1
31 0.1 127 0.2204724409448819 0.0 0.4 43 0.5813953488372093 0.0 0.5 33 0.696969696969697 0.0 0.6 20 0.85 0.0 0.7 13 0.8461538461538461 0.0 0.9 0 1 1
31 0.1 227 0.13215859030837004 0.0 0.4 85 0.25882352941176473 0.0 0.5 41 0.4146341463414634 0.0 0.6 15 0.6 0.0 0.7 1 1.0 0.0 0.9 0 1 1
31 0.1 107 0.24299065420560748 0.0 0.4 34 0.47058823529411764 0.0 0.5 21 0.6190476190476191 0.0 0.6 10 0.8 0.0 0.7 3 1.0 0.0 0.9 0 1 1
31 0.1 13 0.46153846153846156 0.0 0.4 0 1 1 0.5 0 1 1 0.6 0 1 1 0.7 0 1 1 0.9 0 1 1
31 0.1 162 0.1728395061728395 0.0 0.4 90 0.2777777777777778 0.0 0.5 76 0.3026315789473684 0.0 0.6 51 0.43137254901960786 0.0 0.7 24 0.5416666666666666 0.0 0.9 0 1 1
31 0.1 170 0.1588235294117647 0.0 0.4 87 0.27586206896551724 0.0 0.5 68 0.35294117647058826 0.0 0.6 47 0.5106382978723404 0.0 0.7 35 0.6285714285714286 0.0 0.9 0 1 1
31 0.1 120 0.24166666666666667 0.0 0.4 51 0.39215686274509803 0.0 0.5 41 0.4634146341463415 0.0 0.6 27 0.5185185185185185 0.0 0.7 7 0.8571428571428571 0.0 0.9 0 1 1
31 0.1 63 0.38095238095238093 0.0 0.4 13 0.6153846153846154 0.0 0.5 7 0.5714285714285714 0.0 0.6 3 0.6666666666666666 0.0 0.7 1 1.0 0.0 0.9 0 1 1
31 0.1 60 0.48333333333333334 0.0 0.4 29 0.7241379310344828 0.0 0.5 19 0.7894736842105263 0.0 0.6 14 0.7857142857142857 0.0 0.7 4 0.75 0.0 0.9 0 1 1
31 0.1 59 0.4576271186440678 0.0 0.4 22 0.7727272727272727 0.0 0.5 16 0.75 0.0 0.6 12 0.8333333333333334 0.0 0.7 5 0.8 0.0 0.9 0 1 1
31 0.1 65 0.4153846153846154 0.0 0.4 28 0.7857142857142857 0.0 0.5 23 0.8695652173913043 0.0 0.6 15 0.8 0.0 0.7 3 0.3333333333333333 0.0 0.9 0 1 1
31 0.1 38 0.5263157894736842 0.0 0.4 7 0.7142857142857143 0.0 0.5 4 0.75 0.0 0.6 1 1.0 0.0 0.7 0 1 1 0.9 0 1 1
31 0.1 94 0.2978723404255319 0.0 0.4 40 0.575 0.0 0.5 28 0.7142857142857143 0.0 0.6 20 0.8 0.0 0.7 14 0.7142857142857143 0.0 0.9 0 1 1
31 0.1 100 0.28 0.0 0.4 57 0.43859649122807015 0.0 0.5 42 0.5238095238095238 0.0 0.6 24 0.8333333333333334 0.0 0.7 19 0.8947368421052632 0.0 0.9 0 1 1
31 0.1 81 0.1728395061728395 0.0 0.4 2 0.5 0.0 0.5 0 1 1 0.6 0 1 1 0.7 0 1 1 0.9 0 1 1
31 0.1 112 0.25892857142857145 0.0 0.4 35 0.6857142857142857 0.0 0.5 22 0.8636363636363636 0.0 0.6 19 0.8421052631578947 0.0 0.7 10 0.8 0.0 0.9 0 1 1
31 0.1 62 0.3709677419354839 0.0 0.4 25 0.56 0.0 0.5 19 0.631578947368421 0.0 0.6 11 0.6363636363636364 0.0 0.7 6 0.8333333333333334 0.0 0.9 0 1 1
31 0.1 54 0.37037037037037035 0.0 0.4 18 0.6666666666666666 0.0 0.5 12 0.75 0.0 0.6 3 0.6666666666666666 0.0 0.7 0 1 1 0.9 0 1 1
31 0.1 11 0.18181818181818182 0.0 0.4 2 0.5 0.0 0.5 1 0.0 0.0 0.6 1 0.0 0.0 0.7 0 1 1 0.9 0 1 1
31 0.1 4 0.5 0.0 0.4 0 1 1 0.5 0 1 1 0.6 0 1 1 0.7 0 1 1 0.9 0 1 1
31 0.1 23 0.5652173913043478 0.0 0.4 8 0.75 0.0 0.5 6 0.6666666666666666 0.0 0.6 1 1.0 0.0 0.7 1 1.0 0.0 0.9 0 1 1
31 0.1 55 0.4727272727272727 0.0 0.4 29 0.6896551724137931 0.0 0.5 24 0.75 0.0 0.6 22 0.7727272727272727 0.0 0.7 14 0.8571428571428571 0.0 0.9 0 1 1
31 0.1 44 0.4318181818181818 0.0 0.4 21 0.6666666666666666 0.0 0.5 15 0.8 0.0 0.6 11 0.8181818181818182 0.0 0.7 8 0.875 0.0 0.9 0 1 1
31 0.1 22 0.4090909090909091 0.0 0.4 4 0.75 0.0 0.5 3 0.6666666666666666 0.0 0.6 0 1 1 0.7 0 1 1 0.9 0 1 1
31 0.1 51 0.5294117647058824 0.0 0.4 22 0.8181818181818182 0.0 0.5 11 0.8181818181818182 0.0 0.6 4 0.75 0.0 0.7 0 1 1 0.9 0 1 1
31 0.1 51 0.5490196078431373 0.0 0.4 35 0.7428571428571429 0.0 0.5 22 0.8636363636363636 0.0 0.6 17 0.8823529411764706 0.0 0.7 9 0.8888888888888888 0.0 0.9 0 1 1
31 0.1 57 0.49122807017543857 0.0 0.4 33 0.8484848484848485 0.0 0.5 32 0.84375 0.0 0.6 29 0.8620689655172413 0.0 0.7 15 0.8 0.0 0.9 0 1 1
31 0.1 68 0.4117647058823529 0.0 0.4 36 0.7222222222222222 0.0 0.5 28 0.7857142857142857 0.0 0.6 21 0.9523809523809523 0.0 0.7 8 0.875 0.0 0.9 0 1 1
31 0.1 73 0.3424657534246575 0.0 0.4 27 0.6666666666666666 0.0 0.5 18 0.7777777777777778 0.0 0.6 9 0.8888888888888888 0.0 0.7 0 1 1 0.9 0 1 1
31 0.1 48 0.3333333333333333 0.0 0.4 3 0.6666666666666666 0.0 0.5 0 1 1 0.6 0 1 1 0.7 0 1 1 0.9 0 1 1
31 0.1 41 0.4634146341463415 0.0 0.4 7 1.0 0.0 0.5 2 1.0 0.0 0.6 1 1.0 0.0 0.7 0 1 1 0.9 0 1 1
31 0.1 55 0.509090909090909 0.0 0.4 32 0.78125 0.0 0.5 27 0.7777777777777778 0.0 0.6 19 0.8947368421052632 0.0 0.7 10 0.8 0.0 0.9 0 1 1
31 0.1 45 0.6222222222222222 0.0 0.4 16 0.875 0.0 0.5 11 0.8181818181818182 0.0 0.6 5 0.8 0.0 0.7 2 1.0 0.0 0.9 0 1 1
31 0.1 70 0.4 0.0 0.4 39 0.6666666666666666 0.0 0.5 36 0.7222222222222222 0.0 0.6 30 0.8333333333333334 0.0 0.7 22 0.9090909090909091 0.0 0.9 0 1 1
31 0.1 94 0.2872340425531915 0.0 0.4 39 0.5897435897435898 0.0 0.5 29 0.6551724137931034 0.0 0.6 22 0.8181818181818182 0.0 0.7 9 0.8888888888888888 0.0 0.9 0 1 1
31 0.1 77 0.3246753246753247 0.0 0.4 20 0.55 0.0 0.5 11 0.8181818181818182 0.0 0.6 7 0.8571428571428571 0.0 0.7 0 1 1 0.9 0 1 1
31 0.1 71 0.4084507042253521 0.014084507042253521 0.4 39 0.6923076923076923 0.02564102564102564 0.5 32 0.8125 0.03125 0.6 27 0.8518518518518519 0.037037037037037035 0.7 21 0.9047619047619048 0.047619047619047616 0.9 0 1 1
31 0.1 102 0.2549019607843137 0.0 0.4 38 0.4473684210526316 0.0 0.5 21 0.5238095238095238 0.0 0.6 7 0.8571428571428571 0.0 0.7 3 1.0 0.0 0.9 0 1 1
31 0.1 97 0.28865979381443296 0.0 0.4 56 0.5 0.0 0.5 46 0.5652173913043478 0.0 0.6 35 0.7142857142857143 0.0 0.7 25 0.84 0.0 0.9 0 1 1
31 0.1 43 0.5581395348837209 0.0 0.4 13 0.8461538461538461 0.0 0.5 8 0.875 0.0 0.6 2 1.0 0.0 0.7 1 1.0 0.0 0.9 0 1 1
31 0.1 1 1.0 0.0 0.4 0 1 1 0.5 0 1 1 0.6 0 1 1 0.7 0 1 1 0.9 0 1 1
31 0.1 1 1.0 0.0 0.4 0 1 1 0.5 0 1 1 0.6 0 1 1 0.7 0 1 1 0.9 0 1 1
31 0.1 58 0.0 0.0 0.4 0 1 1 0.5 0 1 1 0.6 0 1 1 0.7 0 1 1 0.9 0 1 1
31 0.1 47 0.10638297872340426 0.0 0.4 2 0.0 0.0 0.5 0 1 1 0.6 0 1 1 0.7 0 1 1 0.9 0 1 1
31 0.1 65 0.015384615384615385 0.0 0.4 0 1 1 0.5 0 1 1 0.6 0 1 1 0.7 0 1 1 0.9 0 1 1
31 0.1 0 1 1 0.4 0 1 1 0.5 0 1 1 0.6 0 1 1 0.7 0 1 1 0.9 0 1 1
31 0.1 0 1 1 0.4 0 1 1 0.5 0 1 1 0.6 0 1 1 0.7 0 1 1 0.9 0 1 1
31 0.1 0 1 1 0.4 0 1 1 0.5 0 1 1 0.6 0 1 1 0.7 0 1 1 0.9 0 1 1
31 0.1 0 1 1 0.4 0 1 1 0.5 0 1 1 0.6 0 1 1 0.7 0 1 1 0.9 0 1 1
31 0.1 12 0.5 0.0 0.4 0 1 1 0.5 0 1 1 0.6 0 1 1 0.7 0 1 1 0.9 0 1 1
31 0.1 77 0.2987012987012987 0.0 0.4 15 0.6666666666666666 0.0 0.5 5 0.4 0.0 0.6 1 1.0 0.0 0.7 0 1 1 0.9 0 1 1
31 0.1 51 0.27450980392156865 0.0 0.4 6 0.3333333333333333 0.0 0.5 3 0.3333333333333333 0.0 0.6 0 1 1 0.7 0 1 1 0.9 0 1 1
31 0.1 74 0.2972972972972973 0.0 0.4 5 0.4 0.0 0.5 3 0.6666666666666666 0.0 0.6 2 0.5 0.0 0.7 0 1 1 0.9 0 1 1
31 0.1 39 0.3333333333333333 0.0 0.4 2 1.0 0.0 0.5 2 1.0 0.0 0.6 1 1.0 0.0 0.7 0 1 1 0.9 0 1 1
31 0.1 105 0.26666666666666666 0.0 0.4 8 0.75 0.0 0.5 1 1.0 0.0 0.6 0 1 1 0.7 0 1 1 0.9 0 1 1
31 0.1 140 0.18571428571428572 0.0 0.4 7 0.8571428571428571 0.0 0.5 1 1.0 0.0 0.6 0 1 1 0.7 0 1 1 0.9 0 1 1
31 0.1 64 0.40625 0.0 0.4 6 1.0 0.0 0.5 4 1.0 0.0 0.6 0 1 1 0.7 0 1 1 0.9 0 1 1
31 0.1 4 0.25 0.0 0.4 0 1 1 0.5 0 1 1 0.6 0 1 1 0.7 0 1 1 0.9 0 1 1
31 0.1 51 0.49019607843137253 0.0 0.4 13 0.6923076923076923 0.0 0.5 6 0.8333333333333334 0.0 0.6 3 1.0 0.0 0.7 1 1.0 0.0 0.9 0 1 1
31 0.1 55 0.509090909090909 0.0 0.4 29 0.7241379310344828 0.0 0.5 20 0.9 0.0 0.6 14 1.0 0.0 0.7 7 1.0 0.0 0.9 0 1 1
31 0.1 15 0.4 0.0 0.4 2 0.5 0.0 0.5 0 1 1 0.6 0 1 1 0.7 0 1 1 0.9 0 1 1
31 0.1 27 0.4074074074074074 0.0 0.4 2 1.0 0.0 0.5 1 1.0 0.0 0.6 0 1 1 0.7 0 1 1 0.9 0 1 1
31 0.1 67 0.417910447761194 0.0 0.4 26 0.7307692307692307 0.0 0.5 19 0.8421052631578947 0.0 0.6 10 0.8 0.0 0.7 1 1.0 0.0 0.9 0 1 1
31 0.1 177 0.1016949152542373 0.0 0.4 13 0.5384615384615384 0.0 0.5 3 0.6666666666666666 0.0 0.6 1 1.0 0.0 0.7 0 1 1 0.9 0 1 1
31 0.1 161 0.17391304347826086 0.0 0.4 25 0.8 0.0 0.5 15 0.8 0.0 0.6 4 0.75 0.0 0.7 1 1.0 0.0 0.9 0 1 1
31 0.1 83 0.3253012048192771 0.0 0.4 3 1.0 0.0 0.5 2 1.0 0.0 0.6 0 1 1 0.7 0 1 1 0.9 0 1 1
31 0.1 1 0.0 0.0 0.4 0 1 1 0.5 0 1 1 0.6 0 1 1 0.7 0 1 1 0.9 0 1 1
31 0.1 25 0.32 0.0 0.4 5 0.6 0.0 0.5 2 0.5 0.0 0.6 1 1.0 0.0 0.7 0 1 1 0.9 0 1 1
31 0.1 97 0.2268041237113402 0.0 0.4 18 0.5555555555555556 0.0 0.5 9 0.7777777777777778 0.0 0.6 2 1.0 0.0 0.7 1 1.0 0.0 0.9 0 1 1
31 0.1 53 0.41509433962264153 0.0 0.4 14 0.7142857142857143 0.0 0.5 12 0.75 0.0 0.6 3 1.0 0.0 0.7 0 1 1 0.9 0 1 1
31 0.1 138 0.18840579710144928 0.0 0.4 20 0.75 0.0 0.5 4 1.0 0.0 0.6 0 1 1 0.7 0 1 1 0.9 0 1 1
31 0.1 97 0.27835051546391754 0.0 0.4 23 0.782608695652174 0.0 0.5 9 1.0 0.0 0.6 2 1.0 0.0 0.7 0 1 1 0.9 0 1 1
31 0.1 75 0.32 0.0 0.4 17 0.5882352941176471 0.0 0.5 8 0.75 0.0 0.6 2 1.0 0.0 0.7 0 1 1 0.9 0 1 1
31 0.1 69 0.4057971014492754 0.0 0.4 18 0.8333333333333334 0.0 0.5 16 0.8125 0.0 0.6 6 0.8333333333333334 0.0 0.7 1 1.0 0.0 0.9 0 1 1
31 0.1 42 0.5952380952380952 0.0 0.4 15 0.9333333333333333 0.0 0.5 10 1.0 0.0 0.6 3 1.0 0.0 0.7 0 1 1 0.9 0 1 1
31 0.1 29 0.7586206896551724 0.0 0.4 14 0.8571428571428571 0.0 0.5 10 0.9 0.0 0.6 5 1.0 0.0 0.7 2 1.0 0.0 0.9 0 1 1
31 0.1 57 0.5263157894736842 0.0 0.4 27 0.8148148148148148 0.0 0.5 23 0.8260869565217391 0.0 0.6 14 0.8571428571428571 0.0 0.7 10 0.9 0.0 0.9 0 1 1
31 0.1 73 0.2602739726027397 0.0 0.4 17 0.47058823529411764 0.0 0.5 11 0.45454545454545453 0.0 0.6 2 0.5 0.0 0.7 0 1 1 0.9 0 1 1
31 0.1 76 0.18421052631578946 0.0 0.4 18 0.5 0.0 0.5 9 0.4444444444444444 0.0 0.6 2 0.5 0.0 0.7 1 0.0 0.0 0.9 0 1 1
31 0.1 51 0.2549019607843137 0.0 0.4 17 0.5882352941176471 0.0 0.5 14 0.6428571428571429 0.0 0.6 6 1.0 0.0 0.7 0 1 1 0.9 0 1 1
31 0.1 42 0.14285714285714285 0.0 0.4 16 0.25 0.0 0.5 12 0.3333333333333333 0.0 0.6 4 0.5 0.0 0.7 1 1.0 0.0 0.9 0 1 1
31 0.1 30 0.3 0.0 0.4 4 0.5 0.0 0.5 3 0.6666666666666666 0.0 0.6 0 1 1 0.7 0 1 1 0.9 0 1 1
31 0.1 34 0.4411764705882353 0.0 0.4 4 1.0 0.0 0.5 1 1.0 0.0 0.6 1 1.0 0.0 0.7 1 1.0 0.0 0.9 0 1 1
31 0.1 4 0.5 0.0 0.4 0 1 1 0.5 0 1 1 0.6 0 1 1 0.7 0 1 1 0.9 0 1 1
31 0.1 28 0.4642857142857143 0.0 0.4 6 0.6666666666666666 0.0 0.5 3 1.0 0.0 0.6 1 1.0 0.0 0.7 0 1 1 0.9 0 1 1
31 0.1 53 0.5283018867924528 0.0 0.4 25 0.76 0.0 0.5 17 0.8823529411764706 0.0 0.6 13 0.9230769230769231 0.0 0.7 2 1.0 0.0 0.9 0 1 1
31 0.1 51 0.5490196078431373 0.0 0.4 28 0.7142857142857143 0.0 0.5 22 0.7727272727272727 0.0 0.6 15 1.0 0.0 0.7 7 1.0 0.0 0.9 0 1 1
31 0.1 53 0.5471698113207547 0.03773584905660377 0.4 25 0.76 0.04 0.5 17 0.9411764705882353 0.058823529411764705 0.6 15 0.9333333333333333 0.06666666666666667 0.7 5 1.0 0.2 0.9 0 1 1
31 0.1 46 0.5869565217391305 0.021739130434782608 0.4 24 0.75 0.0 0.5 17 0.8823529411764706 0.0 0.6 13 0.9230769230769231 0.0 0.7 7 1.0 0.0 0.9 0 1 1
31 0.1 49 0.5918367346938775 0.0 0.4 22 0.8636363636363636 0.0 0.5 17 0.8235294117647058 0.0 0.6 11 0.9090909090909091 0.0 0.7 4 1.0 0.0 0.9 0 1 1
31 0.1 53 0.5283018867924528 0.0 0.4 25 0.84 0.0 0.5 19 0.7894736842105263 0.0 0.6 14 0.7857142857142857 0.0 0.7 5 1.0 0.0 0.9 0 1 1
31 0.1 41 0.6341463414634146 0.0 0.4 24 0.8333333333333334 0.0 0.5 17 0.8823529411764706 0.0 0.6 13 0.9230769230769231 0.0 0.7 5 1.0 0.0 0.9 0 1 1
31 0.1 36 0.6666666666666666 0.0 0.4 14 0.8571428571428571 0.0 0.5 12 0.8333333333333334 0.0 0.6 8 0.875 0.0 0.7 4 1.0 0.0 0.9 0 1 1
31 0.1 4 0.75 0.0 0.4 3 0.6666666666666666 0.0 0.5 2 0.5 0.0 0.6 2 0.5 0.0 0.7 1 0.0 0.0 0.9 0 1 1
31 0.1 49 0.5918367346938775 0.0 0.4 26 0.8076923076923077 0.0 0.5 22 0.8636363636363636 0.0 0.6 16 0.9375 0.0 0.7 9 1.0 0.0 0.9 0 1 1
31 0.1 43 0.6511627906976745 0.0 0.4 26 0.8076923076923077 0.0 0.5 16 0.9375 0.0 0.6 13 0.9230769230769231 0.0 0.7 10 0.9 0.0 0.9 0 1 1
31 0.1 36 0.6666666666666666 0.0 0.4 17 0.9411764705882353 0.0 0.5 14 0.9285714285714286 0.0 0.6 14 0.9285714285714286 0.0 0.7 8 1.0 0.0 0.9 0 1 1
31 0.1 32 0.65625 0.0 0.4 15 0.8 0.0 0.5 13 0.8461538461538461 0.0 0.6 6 0.8333333333333334 0.0 0.7 1 1.0 0.0 0.9 0 1 1
31 0.1 58 0.46551724137931033 0.0 0.4 24 0.75 0.0 0.5 21 0.7619047619047619 0.0 0.6 17 0.7647058823529411 0.0 0.7 13 0.8461538461538461 0.0 0.9 0 1 1
31 0.1 44 0.5909090909090909 0.022727272727272728 0.4 26 0.7692307692307693 0.038461538461538464 0.5 16 0.8125 0.0625 0.6 13 0.8461538461538461 0.0 0.7 9 0.8888888888888888 0.0 0.9 0 1 1
31 0.1 50 0.52 0.0 0.4 25 0.8 0.0 0.5 21 0.8571428571428571 0.0 0.6 12 0.9166666666666666 0.0 0.7 10 0.9 0.0 0.9 0 1 1
31 0.1 71 0.38028169014084506 0.0 0.4 24 0.7083333333333334 0.0 0.5 16 0.875 0.0 0.6 13 0.8461538461538461 0.0 0.7 8 0.75 0.0 0.9 0 1 1
31 0.1 56 0.44642857142857145 0.0 0.4 23 0.8695652173913043 0.0 0.5 18 0.8888888888888888 0.0 0.6 15 0.8666666666666667 0.0 0.7 8 0.875 0.0 0.9 0 1 1
31 0.1 44 0.6136363636363636 0.022727272727272728 0.4 27 0.7777777777777778 0.037037037037037035 0.5 21 0.8095238095238095 0.047619047619047616 0.6 14 0.9285714285714286 0.07142857142857142 0.7 11 0.9090909090909091 0.0 0.9 0 1 1
31 0.1 90 0.23333333333333334 0.0 0.4 17 0.6470588235294118 0.0 0.5 9 0.7777777777777778 0.0 0.6 2 1.0 0.0 0.7 0 1 1 0.9 0 1 1
31 0.1 36 0.7222222222222222 0.0 0.4 12 0.75 0.0 0.5 8 0.75 0.0 0.6 4 0.75 0.0 0.7 1 1.0 0.0 0.9 0 1 1
31 0.1 63 0.36507936507936506 0.0 0.4 22 0.5909090909090909 0.0 0.5 17 0.6470588235294118 0.0 0.6 12 0.6666666666666666 0.0 0.7 6 0.6666666666666666 0.0 0.9 0 1 1
31 0.1 44 0.5454545454545454 0.0 0.4 16 0.8125 0.0 0.5 14 0.8571428571428571 0.0 0.6 9 0.8888888888888888 0.0 0.7 5 1.0 0.0 0.9 0 1 1
31 0.1 68 0.4411764705882353 0.0 0.4 35 0.7142857142857143 0.0 0.5 27 0.8148148148148148 0.0 0.6 17 0.8235294117647058 0.0 0.7 9 0.8888888888888888 0.0 0.9 0 1 1
31 0.1 54 0.4444444444444444 0.0 0.4 17 0.7647058823529411 0.0 0.5 14 0.7857142857142857 0.0 0.6 9 1.0 0.0 0.7 3 1.0 0.0 0.9 0 1 1
31 0.1 37 0.7027027027027027 0.02702702702702703 0.4 18 0.7777777777777778 0.05555555555555555 0.5 14 0.8571428571428571 0.07142857142857142 0.6 9 1.0 0.0 0.7 5 1.0 0.0 0.9 0 1 1
31 0.1 49 0.5714285714285714 0.0 0.4 33 0.7272727272727273 0.0 0.5 29 0.7931034482758621 0.0 0.6 24 0.8333333333333334 0.0 0.7 16 0.875 0.0 0.9 0 1 1
31 0.1 45 0.6666666666666666 0.022222222222222223 0.4 29 0.8275862068965517 0.034482758620689655 0.5 28 0.8214285714285714 0.03571428571428571 0.6 24 0.8333333333333334 0.041666666666666664 0.7 16 0.9375 0.0625 0.9 0 1 1
31 0.1 47 0.6170212765957447 0.02127659574468085 0.4 32 0.78125 0.03125 0.5 28 0.8571428571428571 0.03571428571428571 0.6 28 0.8571428571428571 0.03571428571428571 0.7 23 0.8260869565217391 0.043478260869565216 0.9 0 1 1
31 0.1 50 0.58 0.0 0.4 32 0.8125 0.0 0.5 29 0.8275862068965517 0.0 0.6 26 0.8846153846153846 0.0 0.7 19 0.8947368421052632 0.0 0.9 0 1 1
31 0.1 45 0.6222222222222222 0.0 0.4 28 0.8571428571428571 0.0 0.5 26 0.8846153846153846 0.0 0.6 21 0.9047619047619048 0.0 0.7 14 0.9285714285714286 0.0 0.9 0 1 1
31 0.1 53 0.5094339622641509 0.0 0.4 29 0.7586206896551724 0.0 0.5 26 0.7307692307692307 0.0 0.6 17 0.8823529411764706 0.0 0.7 10 0.9 0.0 0.9 0 1 1
31 0.1 57 0.5087719298245614 0.0 0.4 31 0.7741935483870968 0.0 0.5 26 0.8461538461538461 0.0 0.6 25 0.84 0.0 0.7 20 0.85 0.0 0.9 0 1 1
31 0.1 47 0.6170212765957447 0.02127659574468085 0.4 26 0.8461538461538461 0.038461538461538464 0.5 24 0.875 0.041666666666666664 0.6 20 0.9 0.05 0.7 15 0.9333333333333333 0.06666666666666667 0.9 0 1 1
31 0.1 41 0.6097560975609756 0.0 0.4 21 0.9047619047619048 0.0 0.5 14 0.9285714285714286 0.0 0.6 11 0.9090909090909091 0.0 0.7 7 1.0 0.0 0.9 0 1 1
31 0.1 47 0.6170212765957447 0.0 0.4 30 0.8333333333333334 0.0 0.5 25 0.88 0.0 0.6 21 0.9523809523809523 0.0 0.7 14 0.9285714285714286 0.0 0.9 0 1 1
31 0.1 27 0.7407407407407407 0.0 0.4 14 0.9285714285714286 0.0 0.5 10 1.0 0.0 0.6 6 1.0 0.0 0.7 4 1.0 0.0 0.9 0 1 1
31 0.1 52 0.4807692307692308 0.0 0.4 22 0.8636363636363636 0.0 0.5 17 0.8823529411764706 0.0 0.6 9 0.8888888888888888 0.0 0.7 7 1.0 0.0 0.9 0 1 1
31 0.1 43 0.627906976744186 0.0 0.4 30 0.8 0.0 0.5 24 0.8333333333333334 0.0 0.6 17 0.8823529411764706 0.0 0.7 11 0.9090909090909091 0.0 0.9 0 1 1
31 0.1 50 0.58 0.0 0.4 29 0.8620689655172413 0.0 0.5 28 0.8571428571428571 0.0 0.6 26 0.8846153846153846 0.0 0.7 22 0.9090909090909091 0.0 0.9 0 1 1
31 0.1 46 0.5652173913043478 0.0 0.4 26 0.8076923076923077 0.0 0.5 22 0.8636363636363636 0.0 0.6 17 0.8823529411764706 0.0 0.7 11 1.0 0.0 0.9 0 1 1
31 0.1 39 0.6923076923076923 0.02564102564102564 0.4 23 0.9130434782608695 0.0 0.5 22 0.9090909090909091 0.0 0.6 20 0.95 0.0 0.7 14 0.9285714285714286 0.0 0.9 0 1 1
31 0.1 42 0.6428571428571429 0.0 0.4 27 0.8518518518518519 0.0 0.5 26 0.8846153846153846 0.0 0.6 22 0.9090909090909091 0.0 0.7 18 0.8888888888888888 0.0 0.9 0 1 1
31 0.1 46 0.6086956521739131 0.0 0.4 33 0.7878787878787878 0.0 0.5 30 0.8 0.0 0.6 28 0.8571428571428571 0.0 0.7 25 0.88 0.0 0.9 0 1 1
31 0.1 41 0.6585365853658537 0.0 0.4 32 0.8125 0.0 0.5 27 0.8888888888888888 0.0 0.6 26 0.8846153846153846 0.0 0.7 22 0.9545454545454546 0.0 0.9 0 1 1
31 0.1 50 0.58 0.02 0.4 32 0.84375 0.03125 0.5 30 0.8333333333333334 0.03333333333333333 0.6 23 0.9130434782608695 0.043478260869565216 0.7 20 0.9 0.05 0.9 0 1 1
31 0.1 40 0.625 0.025 0.4 24 0.875 0.0 0.5 21 0.9047619047619048 0.0 0.6 16 0.9375 0.0 0.7 13 0.9230769230769231 0.0 0.9 0 1 1
31 0.1 44 0.5909090909090909 0.0 0.4 25 0.84 0.0 0.5 20 0.85 0.0 0.6 14 0.9285714285714286 0.0 0.7 13 0.9230769230769231 0.0 0.9 0 1 1
31 0.1 42 0.6190476190476191 0.0 0.4 18 0.8333333333333334 0.0 0.5 16 0.875 0.0 0.6 13 1.0 0.0 0.7 9 1.0 0.0 0.9 0 1 1
31 0.1 70 0.42857142857142855 0.0 0.4 28 0.7857142857142857 0.0 0.5 24 0.75 0.0 0.6 17 0.8235294117647058 0.0 0.7 8 1.0 0.0 0.9 0 1 1
31 0.1 41 0.6341463414634146 0.024390243902439025 0.4 26 0.8461538461538461 0.038461538461538464 0.5 25 0.84 0.04 0.6 24 0.8333333333333334 0.041666666666666664 0.7 20 0.95 0.05 0.9 0 1 1
31 0.1 48 0.5625 0.0 0.4 31 0.8064516129032258 0.0 0.5 27 0.8518518518518519 0.0 0.6 25 0.84 0.0 0.7 22 0.9090909090909091 0.0 0.9 0 1 1
31 0.1 51 0.5686274509803921 0.0 0.4 32 0.8125 0.0 0.5 26 0.8846153846153846 0.0 0.6 23 0.9130434782608695 0.0 0.7 19 1.0 0.0 0.9 0 1 1
31 0.1 51 0.5686274509803921 0.0 0.4 34 0.8235294117647058 0.0 0.5 30 0.9 0.0 0.6 24 0.875 0.0 0.7 20 0.95 0.0 0.9 0 1 1
31 0.1 41 0.6829268292682927 0.0 0.4 22 0.8636363636363636 0.0 0.5 19 0.8947368421052632 0.0 0.6 16 0.9375 0.0 0.7 11 0.9090909090909091 0.0 0.9 0 1 1
31 0.1 46 0.6086956521739131 0.0 0.4 30 0.8333333333333334 0.0 0.5 26 0.8461538461538461 0.0 0.6 23 0.9130434782608695 0.0 0.7 19 0.9473684210526315 0.0 0.9 0 1 1
31 0.1 46 0.6086956521739131 0.021739130434782608 0.4 24 0.875 0.041666666666666664 0.5 22 0.8636363636363636 0.045454545454545456 0.6 20 0.85 0.05 0.7 15 0.9333333333333333 0.06666666666666667 0.9 0 1 1
31 0.1 44 0.5454545454545454 0.0 0.4 22 0.8636363636363636 0.0 0.5 20 0.9 0.0 0.6 18 0.8888888888888888 0.0 0.7 9 0.8888888888888888 0.0 0.9 0 1 1
31 0.1 44 0.6136363636363636 0.0 0.4 29 0.896551724137931 0.0 0.5 24 0.9166666666666666 0.0 0.6 20 1.0 0.0 0.7 14 1.0 0.0 0.9 0 1 1
31 0.1 43 0.6046511627906976 0.0 0.4 23 0.8695652173913043 0.0 0.5 21 0.9047619047619048 0.0 0.6 19 0.9473684210526315 0.0 0.7 16 0.9375 0.0 0.9 1 1.0 0.0
31 0.1 35 0.6857142857142857 0.0 0.4 22 0.9090909090909091 0.0 0.5 20 0.95 0.0 0.6 19 0.9473684210526315 0.0 0.7 15 0.9333333333333333 0.0 0.9 0 1 1
31 0.1 42 0.6190476190476191 0.0 0.4 24 0.8333333333333334 0.0 0.5 19 0.9473684210526315 0.0 0.6 17 0.9411764705882353 0.0 0.7 14 0.9285714285714286 0.0 0.9 0 1 1
31 0.1 38 0.7105263157894737 0.0 0.4 24 0.875 0.0 0.5 19 0.9473684210526315 0.0 0.6 17 0.9411764705882353 0.0 0.7 13 1.0 0.0 0.9 0 1 1
31 0.1 46 0.5869565217391305 0.0 0.4 31 0.7419354838709677 0.0 0.5 24 0.875 0.0 0.6 19 0.9473684210526315 0.0 0.7 17 0.9411764705882353 0.0 0.9 0 1 1
31 0.1 42 0.6666666666666666 0.0 0.4 31 0.8064516129032258 0.0 0.5 27 0.8518518518518519 0.0 0.6 25 0.92 0.0 0.7 22 0.9090909090909091 0.0 0.9 0 1 1
31 0.1 45 0.6444444444444445 0.0 0.4 33 0.7878787878787878 0.0 0.5 30 0.8333333333333334 0.0 0.6 28 0.8928571428571429 0.0 0.7 23 0.9130434782608695 0.0 0.9 0 1 1
31 0.1 48 0.6041666666666666 0.020833333333333332 0.4 33 0.7575757575757576 0.0 0.5 30 0.8 0.0 0.6 27 0.8888888888888888 0.0 0.7 24 0.875 0.0 0.9 0 1 1
31 0.1 41 0.6585365853658537 0.0 0.4 31 0.7419354838709677 0.0 0.5 28 0.8214285714285714 0.0 0.6 25 0.88 0.0 0.7 21 0.9047619047619048 0.0 0.9 0 1 1
31 0.1 45 0.6444444444444445 0.0 0.4 31 0.8387096774193549 0.0 0.5 29 0.8275862068965517 0.0 0.6 23 0.9130434782608695 0.0 0.7 19 0.9473684210526315 0.0 0.9 0 1 1
31 0.1 43 0.6511627906976745 0.0 0.4 28 0.8214285714285714 0.0 0.5 27 0.8148148148148148 0.0 0.6 23 0.8695652173913043 0.0 0.7 17 0.9411764705882353 0.0 0.9 0 1 1
31 0.1 47 0.6170212765957447 0.0 0.4 33 0.7575757575757576 0.0 0.5 30 0.8 0.0 0.6 24 0.875 0.0 0.7 20 0.9 0.0 0.9 0 1 1
31 0.1 45 0.6222222222222222 0.022222222222222223 0.4 32 0.75 0.03125 0.5 30 0.8 0.03333333333333333 0.6 29 0.8275862068965517 0.034482758620689655 0.7 27 0.8148148148148148 0.0 0.9 1 1.0 0.0
31 0.1 38 0.6578947368421053 0.0 0.4 24 0.875 0.0 0.5 24 0.875 0.0 0.6 23 0.8695652173913043 0.0 0.7 21 0.9047619047619048 0.0 0.9 0 1 1
31 0.1 48 0.625 0.020833333333333332 0.4 32 0.78125 0.03125 0.5 30 0.7666666666666667 0.0 0.6 26 0.8846153846153846 0.0 0.7 23 0.9565217391304348 0.0 0.9 0 1 1
31 0.1 43 0.627906976744186 0.0 0.4 31 0.8064516129032258 0.0 0.5 29 0.8275862068965517 0.0 0.6 26 0.9230769230769231 0.0 0.7 23 0.9130434782608695 0.0 0.9 1 1.0 0.0
31 0.1 42 0.6428571428571429 0.023809523809523808 0.4 32 0.78125 0.03125 0.5 30 0.8333333333333334 0.03333333333333333 0.6 27 0.8888888888888888 0.037037037037037035 0.7 23 0.9130434782608695 0.043478260869565216 0.9 1 1.0 0.0
31 0.1 46 0.6304347826086957 0.021739130434782608 0.4 33 0.7575757575757576 0.030303030303030304 0.5 30 0.8333333333333334 0.03333333333333333 0.6 28 0.8571428571428571 0.03571428571428571 0.7 24 0.9166666666666666 0.041666666666666664 0.9 0 1 1
31 0.1 42 0.7142857142857143 0.07142857142857142 0.4 32 0.8125 0.0625 0.5 28 0.8571428571428571 0.07142857142857142 0.6 26 0.8846153846153846 0.07692307692307693 0.7 23 0.9130434782608695 0.043478260869565216 0.9 0 1 1
31 0.1 52 0.5384615384615384 0.0 0.4 33 0.7272727272727273 0.0 0.5 29 0.7931034482758621 0.0 0.6 25 0.84 0.0 0.7 19 0.9473684210526315 0.0 0.9 0 1 1
31 0.1 45 0.6222222222222222 0.022222222222222223 0.4 30 0.8 0.03333333333333333 0.5 25 0.88 0.04 0.6 23 0.8695652173913043 0.0 0.7 20 0.9 0.0 0.9 0 1 1
31 0.1 43 0.627906976744186 0.046511627906976744 0.4 25 0.84 0.04 0.5 24 0.875 0.041666666666666664 0.6 20 0.9 0.0 0.7 16 0.9375 0.0 0.9 0 1 1
31 0.1 47 0.6170212765957447 0.0 0.4 34 0.7941176470588235 0.0 0.5 31 0.8064516129032258 0.0 0.6 28 0.8571428571428571 0.0 0.7 24 0.9166666666666666 0.0 0.9 0 1 1
31 0.1 47 0.5957446808510638 0.02127659574468085 0.4 29 0.8620689655172413 0.034482758620689655 0.5 25 0.88 0.04 0.6 23 0.9565217391304348 0.043478260869565216 0.7 20 0.95 0.05 0.9 0 1 1
31 0.1 47 0.6170212765957447 0.0 0.4 28 0.8571428571428571 0.0 0.5 25 0.88 0.0 0.6 25 0.88 0.0 0.7 23 0.9130434782608695 0.0 0.9 0 1 1
31 0.1 43 0.6744186046511628 0.023255813953488372 0.4 30 0.8 0.03333333333333333 0.5 28 0.8571428571428571 0.03571428571428571 0.6 26 0.8846153846153846 0.038461538461538464 0.7 23 0.8695652173913043 0.043478260869565216 0.9 0 1 1
31 0.1 43 0.6744186046511628 0.023255813953488372 0.4 34 0.7941176470588235 0.029411764705882353 0.5 30 0.8666666666666667 0.03333333333333333 0.6 29 0.8620689655172413 0.034482758620689655 0.7 24 0.9166666666666666 0.0 0.9 1 1.0 0.0
31 0.1 45 0.6444444444444445 0.0 0.4 35 0.8 0.0 0.5 31 0.8387096774193549 0.0 0.6 30 0.8666666666666667 0.0 0.7 28 0.8928571428571429 0.0 0.9 0 1 1
31 0.1 46 0.6521739130434783 0.021739130434782608 0.4 35 0.8 0.02857142857142857 0.5 33 0.8484848484848485 0.030303030303030304 0.6 31 0.8709677419354839 0.03225806451612903 0.7 30 0.8666666666666667 0.03333333333333333 0.9 1 1.0 0.0
31 0.1 38 0.7631578947368421 0.0 0.4 27 0.8888888888888888 0.0 0.5 27 0.8888888888888888 0.0 0.6 25 0.92 0.0 0.7 23 0.9565217391304348 0.0 0.9 0 1 1
31 0.1 36 0.75 0.0 0.4 26 0.8846153846153846 0.0 0.5 23 0.9565217391304348 0.0 0.6 22 1.0 0.0 0.7 18 1.0 0.0 0.9 0 1 1
31 0.1 50 0.56 0.02 0.4 30 0.8333333333333334 0.03333333333333333 0.5 27 0.8888888888888888 0.037037037037037035 0.6 25 0.96 0.04 0.7 20 0.95 0.05 0.9 0 1 1
31 0.1 41 0.6585365853658537 0.0 0.4 27 0.8888888888888888 0.0 0.5 25 0.92 0.0 0.6 23 0.9130434782608695 0.0 0.7 23 0.9130434782608695 0.0 0.9 0 1 1
31 0.1 35 0.7428571428571429 0.0 0.4 29 0.8620689655172413 0.0 0.5 26 0.8846153846153846 0.0 0.6 24 0.9583333333333334 0.0 0.7 21 0.9523809523809523 0.0 0.9 0 1 1
31 0.1 44 0.6590909090909091 0.0 0.4 33 0.8181818181818182 0.0 0.5 28 0.8928571428571429 0.0 0.6 26 0.9230769230769231 0.0 0.7 25 0.96 0.0 0.9 0 1 1
31 0.1 36 0.75 0.0 0.4 30 0.8666666666666667 0.0 0.5 27 0.8888888888888888 0.0 0.6 24 0.9583333333333334 0.0 0.7 22 1.0 0.0 0.9 0 1 1
31 0.1 37 0.7567567567567568 0.0 0.4 23 0.9130434782608695 0.0 0.5 23 0.9130434782608695 0.0 0.6 21 0.9523809523809523 0.0 0.7 17 1.0 0.0 0.9 0 1 1
31 0.1 37 0.7567567567567568 0.0 0.4 28 0.8571428571428571 0.0 0.5 23 0.9565217391304348 0.0 0.6 20 1.0 0.0 0.7 18 1.0 0.0 0.9 0 1 1
31 0.1 43 0.6511627906976745 0.023255813953488372 0.4 27 0.8148148148148148 0.0 0.5 25 0.88 0.0 0.6 21 0.9523809523809523 0.0 0.7 19 0.9473684210526315 0.0 0.9 0 1 1
31 0.1 43 0.6744186046511628 0.0 0.4 31 0.8387096774193549 0.0 0.5 30 0.8666666666666667 0.0 0.6 28 0.8928571428571429 0.0 0.7 26 0.9230769230769231 0.0 0.9 0 1 1
31 0.1 40 0.725 0.0 0.4 32 0.8125 0.0 0.5 30 0.8333333333333334 0.0 0.6 29 0.8275862068965517 0.0 0.7 28 0.8214285714285714 0.0 0.9 0 1 1
31 0.1 34 0.7647058823529411 0.058823529411764705 0.4 28 0.8214285714285714 0.07142857142857142 0.5 27 0.8518518518518519 0.07407407407407407 0.6 23 0.9130434782608695 0.08695652173913043 0.7 19 0.9473684210526315 0.10526315789473684 0.9 0 1 1
31 0.1 36 0.6388888888888888 0.0 0.4 18 0.8888888888888888 0.0 0.5 17 0.8823529411764706 0.0 0.6 13 0.8461538461538461 0.0 0.7 9 1.0 0.0 0.9 0 1 1
31 0.1 46 0.6521739130434783 0.021739130434782608 0.4 36 0.75 0.0 0.5 31 0.8387096774193549 0.0 0.6 29 0.8620689655172413 0.0 0.7 26 0.8846153846153846 0.0 0.9 0 1 1
31 0.1 40 0.7 0.025 0.4 34 0.7647058823529411 0.029411764705882353 0.5 30 0.8333333333333334 0.03333333333333333 0.6 27 0.8148148148148148 0.037037037037037035 0.7 23 0.8695652173913043 0.043478260869565216 0.9 0 1 1
31 0.1 47 0.6382978723404256 0.0425531914893617 0.4 36 0.7777777777777778 0.05555555555555555 0.5 32 0.84375 0.0625 0.6 30 0.8666666666666667 0.06666666666666667 0.7 27 0.8888888888888888 0.07407407407407407 0.9 0 1 1
31 0.1 40 0.675 0.025 0.4 29 0.8620689655172413 0.034482758620689655 0.5 29 0.8620689655172413 0.034482758620689655 0.6 24 0.9166666666666666 0.041666666666666664 0.7 23 0.9565217391304348 0.043478260869565216 0.9 0 1 1
31 0.1 45 0.6666666666666666 0.022222222222222223 0.4 33 0.8181818181818182 0.030303030303030304 0.5 30 0.8666666666666667 0.03333333333333333 0.6 27 0.8888888888888888 0.037037037037037035 0.7 26 0.9230769230769231 0.038461538461538464 0.9 0 1 1
31 0.1 47 0.6170212765957447 0.0 0.4 33 0.8181818181818182 0.0 0.5 31 0.8387096774193549 0.0 0.6 28 0.9285714285714286 0.0 0.7 27 0.9259259259259259 0.0 0.9 1 1.0 0.0
31 0.1 43 0.6511627906976745 0.0 0.4 30 0.7666666666666667 0.0 0.5 25 0.92 0.0 0.6 23 0.9565217391304348 0.0 0.7 21 0.9523809523809523 0.0 0.9 0 1 1
31 0.1 49 0.5918367346938775 0.0 0.4 34 0.7647058823529411 0.0 0.5 33 0.7878787878787878 0.0 0.6 27 0.9259259259259259 0.0 0.7 27 0.9259259259259259 0.0 0.9 0 1 1
31 0.1 43 0.6511627906976745 0.0 0.4 31 0.8387096774193549 0.0 0.5 27 0.8518518518518519 0.0 0.6 25 0.88 0.0 0.7 24 0.9166666666666666 0.0 0.9 0 1 1
31 0.1 46 0.5869565217391305 0.021739130434782608 0.4 30 0.9 0.03333333333333333 0.5 29 0.896551724137931 0.034482758620689655 0.6 26 0.9230769230769231 0.038461538461538464 0.7 22 0.9090909090909091 0.0 0.9 0 1 1
31 0.1 40 0.675 0.0 0.4 29 0.8620689655172413 0.0 0.5 29 0.8620689655172413 0.0 0.6 28 0.8571428571428571 0.0 0.7 22 0.9090909090909091 0.0 0.9 0 1 1
31 0.1 35 0.7142857142857143 0.0 0.4 20 0.95 0.0 0.5 18 0.9444444444444444 0.0 0.6 17 0.9411764705882353 0.0 0.7 15 0.9333333333333333 0.0 0.9 0 1 1
31 0.1 44 0.6363636363636364 0.0 0.4 30 0.8666666666666667 0.0 0.5 29 0.896551724137931 0.0 0.6 28 0.8928571428571429 0.0 0.7 22 0.9545454545454546 0.0 0.9 1 1.0 0.0
31 0.1 33 0.696969696969697 0.0 0.4 23 0.8695652173913043 0.0 0.5 21 0.9047619047619048 0.0 0.6 18 0.9444444444444444 0.0 0.7 18 0.9444444444444444 0.0 0.9 0 1 1
31 0.1 43 0.6511627906976745 0.0 0.4 32 0.8125 0.0 0.5 29 0.8275862068965517 0.0 0.6 27 0.8518518518518519 0.0 0.7 23 0.9130434782608695 0.0 0.9 0 1 1
31 0.1 40 0.675 0.0 0.4 27 0.8888888888888888 0.0 0.5 26 0.8846153846153846 0.0 0.6 23 0.9130434782608695 0.0 0.7 22 0.9090909090909091 0.0 0.9 0 1 1
31 0.1 44 0.6363636363636364 0.0 0.4 30 0.8666666666666667 0.0 0.5 27 0.8888888888888888 0.0 0.6 25 0.96 0.0 0.7 23 0.9565217391304348 0.0 0.9 1 1.0 0.0
31 0.1 41 0.6585365853658537 0.0 0.4 32 0.84375 0.0 0.5 29 0.8620689655172413 0.0 0.6 27 0.8888888888888888 0.0 0.7 23 0.9130434782608695 0.0 0.9 1 1.0 0.0
31 0.1 36 0.7222222222222222 0.0 0.4 27 0.8888888888888888 0.0 0.5 27 0.8888888888888888 0.0 0.6 25 0.92 0.0 0.7 22 0.9545454545454546 0.0 0.9 0 1 1
31 0.1 41 0.6585365853658537 0.024390243902439025 0.4 30 0.8 0.0 0.5 30 0.8 0.0 0.6 26 0.8076923076923077 0.0 0.7 23 0.8695652173913043 0.0 0.9 0 1 1
31 0.1 48 0.6041666666666666 0.020833333333333332 0.4 29 0.8275862068965517 0.0 0.5 29 0.8275862068965517 0.0 0.6 26 0.8846153846153846 0.0 0.7 25 0.88 0.0 0.9 0 1 1
31 0.1 44 0.6590909090909091 0.0 0.4 29 0.7931034482758621 0.0 0.5 28 0.8214285714285714 0.0 0.6 25 0.88 0.0 0.7 21 0.9047619047619048 0.0 0.9 0 1 1
31 0.1 42 0.6428571428571429 0.0 0.4 30 0.8333333333333334 0.0 0.5 28 0.8571428571428571 0.0 0.6 26 0.9230769230769231 0.0 0.7 21 0.9523809523809523 0.0 0.9 0 1 1
31 0.1 39 0.6666666666666666 0.0 0.4 25 0.92 0.0 0.5 24 0.9583333333333334 0.0 0.6 23 0.9565217391304348 0.0 0.7 19 0.9473684210526315 0.0 0.9 0 1 1
31 0.1 38 0.6052631578947368 0.0 0.4 22 0.9090909090909091 0.0 0.5 19 0.9473684210526315 0.0 0.6 16 0.9375 0.0 0.7 12 0.9166666666666666 0.0 0.9 0 1 1
31 0.1 39 0.6666666666666666 0.02564102564102564 0.4 29 0.8620689655172413 0.034482758620689655 0.5 26 0.9230769230769231 0.038461538461538464 0.6 26 0.9230769230769231 0.038461538461538464 0.7 24 0.9166666666666666 0.041666666666666664 0.9 1 1.0 0.0
31 0.1 37 0.6216216216216216 0.0 0.4 22 0.8636363636363636 0.0 0.5 18 0.8888888888888888 0.0 0.6 17 0.9411764705882353 0.0 0.7 15 0.9333333333333333 0.0 0.9 0 1 1
31 0.1 38 0.631578947368421 0.0 0.4 26 0.9230769230769231 0.0 0.5 22 0.9090909090909091 0.0 0.6 21 0.9523809523809523 0.0 0.7 19 0.9473684210526315 0.0 0.9 0 1 1
31 0.1 41 0.6097560975609756 0.04878048780487805 0.4 28 0.8214285714285714 0.07142857142857142 0.5 26 0.8461538461538461 0.07692307692307693 0.6 23 0.9130434782608695 0.043478260869565216 0.7 20 0.95 0.0 0.9 0 1 1
31 0.1 37 0.6486486486486487 0.02702702702702703 0.4 28 0.8214285714285714 0.03571428571428571 0.5 26 0.8461538461538461 0.038461538461538464 0.6 23 0.9565217391304348 0.043478260869565216 0.7 20 0.95 0.05 0.9 0 1 1
31 0.1 38 0.5789473684210527 0.0 0.4 25 0.88 0.0 0.5 24 0.9166666666666666 0.0 0.6 21 0.9523809523809523 0.0 0.7 18 0.9444444444444444 0.0 0.9 0 1 1
31 0.1 44 0.6818181818181818 0.0 0.4 31 0.8064516129032258 0.0 0.5 31 0.8064516129032258 0.0 0.6 29 0.8275862068965517 0.0 0.7 27 0.8888888888888888 0.0 0.9 0 1 1
31 0.1 38 0.631578947368421 0.0 0.4 27 0.8518518518518519 0.0 0.5 24 0.9166666666666666 0.0 0.6 23 0.9130434782608695 0.0 0.7 21 0.9047619047619048 0.0 0.9 0 1 1
31 0.1 40 0.675 0.0 0.4 33 0.8181818181818182 0.0 0.5 32 0.84375 0.0 0.6 29 0.8620689655172413 0.0 0.7 27 0.8888888888888888 0.0 0.9 0 1 1
31 0.1 41 0.7073170731707317 0.0 0.4 30 0.8666666666666667 0.0 0.5 29 0.896551724137931 0.0 0.6 28 0.8928571428571429 0.0 0.7 27 0.9259259259259259 0.0 0.9 1 1.0 0.0
31 0.1 38 0.7368421052631579 0.0 0.4 32 0.84375 0.0 0.5 31 0.8387096774193549 0.0 0.6 26 0.9230769230769231 0.0 0.7 24 0.9583333333333334 0.0 0.9 0 1 1
31 0.1 40 0.7 0.025 0.4 31 0.8709677419354839 0.03225806451612903 0.5 28 0.8928571428571429 0.03571428571428571 0.6 25 0.92 0.04 0.7 24 0.9166666666666666 0.041666666666666664 0.9 0 1 1
31 0.1 45 0.6444444444444445 0.0 0.4 34 0.8235294117647058 0.0 0.5 29 0.8620689655172413 0.0 0.6 28 0.8928571428571429 0.0 0.7 27 0.9259259259259259 0.0 0.9 0 1 1
31 0.1 42 0.6904761904761905 0.023809523809523808 0.4 32 0.84375 0.03125 0.5 30 0.8666666666666667 0.03333333333333333 0.6 27 0.9259259259259259 0.037037037037037035 0.7 26 0.9230769230769231 0.038461538461538464 0.9 0 1 1
31 0.1 40 0.7 0.05 0.4 33 0.8181818181818182 0.06060606060606061 0.5 31 0.8387096774193549 0.06451612903225806 0.6 27 0.8888888888888888 0.07407407407407407 0.7 26 0.9230769230769231 0.07692307692307693 0.9 2 1.0 0.0
31 0.1 39 0.6666666666666666 0.02564102564102564 0.4 28 0.8571428571428571 0.03571428571428571 0.5 27 0.8888888888888888 0.037037037037037035 0.6 24 0.9166666666666666 0.041666666666666664 0.7 22 0.9090909090909091 0.045454545454545456 0.9 1 1.0 0.0
31 0.1 42 0.6428571428571429 0.0 0.4 32 0.84375 0.0 0.5 32 0.84375 0.0 0.6 26 0.9230769230769231 0.0 0.7 24 0.9166666666666666 0.0 0.9 0 1 1
31 0.1 41 0.6829268292682927 0.024390243902439025 0.4 30 0.8666666666666667 0.03333333333333333 0.5 28 0.8928571428571429 0.03571428571428571 0.6 26 0.9230769230769231 0.0 0.7 26 0.9230769230769231 0.0 0.9 0 1 1
31 0.1 45 0.6444444444444445 0.0 0.4 32 0.8125 0.0 0.5 27 0.8518518518518519 0.0 0.6 25 0.88 0.0 0.7 22 0.9090909090909091 0.0 0.9 0 1 1
31 0.1 39 0.717948717948718 0.0 0.4 27 0.8888888888888888 0.0 0.5 25 0.88 0.0 0.6 23 0.8695652173913043 0.0 0.7 23 0.8695652173913043 0.0 0.9 0 1 1
31 0.1 41 0.6829268292682927 0.0 0.4 32 0.84375 0.0 0.5 31 0.8387096774193549 0.0 0.6 27 0.8888888888888888 0.0 0.7 23 0.8695652173913043 0.0 0.9 1 1.0 0.0
31 0.1 42 0.6904761904761905 0.0 0.4 31 0.8387096774193549 0.0 0.5 31 0.8387096774193549 0.0 0.6 29 0.8620689655172413 0.0 0.7 27 0.8518518518518519 0.0 0.9 1 1.0 0.0
31 0.1 35 0.7428571428571429 0.0 0.4 29 0.8275862068965517 0.0 0.5 28 0.8571428571428571 0.0 0.6 27 0.8518518518518519 0.0 0.7 25 0.88 0.0 0.9 1 1.0 0.0
31 0.1 40 0.7 0.0 0.4 31 0.8064516129032258 0.0 0.5 25 0.88 0.0 0.6 24 0.9166666666666666 0.0 0.7 23 0.9130434782608695 0.0 0.9 1 1.0 0.0
31 0.1 40 0.65 0.025 0.4 28 0.8571428571428571 0.03571428571428571 0.5 27 0.8888888888888888 0.037037037037037035 0.6 26 0.8846153846153846 0.038461538461538464 0.7 23 0.9565217391304348 0.043478260869565216 0.9 1 1.0 0.0
31 0.1 38 0.7105263157894737 0.02631578947368421 0.4 30 0.8666666666666667 0.03333333333333333 0.5 28 0.8571428571428571 0.03571428571428571 0.6 27 0.8888888888888888 0.037037037037037035 0.7 25 0.92 0.04 0.9 1 1.0 0.0
31 0.1 38 0.6842105263157895 0.02631578947368421 0.4 31 0.8064516129032258 0.03225806451612903 0.5 28 0.8928571428571429 0.03571428571428571 0.6 27 0.8888888888888888 0.037037037037037035 0.7 25 0.92 0.04 0.9 2 1.0 0.0
31 0.1 40 0.65 0.0 0.4 31 0.8387096774193549 0.0 0.5 30 0.8333333333333334 0.0 0.6 27 0.8518518518518519 0.0 0.7 25 0.92 0.0 0.9 0 1 1
31 0.1 39 0.717948717948718 0.0 0.4 31 0.7741935483870968 0.0 0.5 28 0.8571428571428571 0.0 0.6 28 0.8571428571428571 0.0 0.7 26 0.9230769230769231 0.0 0.9 2 1.0 0.0
31 0.1 42 0.6428571428571429 0.0 0.4 29 0.8275862068965517 0.0 0.5 27 0.8888888888888888 0.0 0.6 25 0.92 0.0 0.7 24 0.9166666666666666 0.0 0.9 0 1 1
31 0.1 38 0.6578947368421053 0.0 0.4 28 0.8928571428571429 0.0 0.5 26 0.9230769230769231 0.0 0.6 23 0.9130434782608695 0.0 0.7 22 0.9090909090909091 0.0 0.9 1 1.0 0.0
31 0.1 38 0.6578947368421053 0.0 0.4 28 0.8928571428571429 0.0 0.5 26 0.8846153846153846 0.0 0.6 22 0.9090909090909091 0.0 0.7 21 0.9047619047619048 0.0 0.9 1 1.0 0.0
31 0.1 44 0.6818181818181818 0.0 0.4 33 0.8181818181818182 0.0 0.5 29 0.8620689655172413 0.0 0.6 28 0.8928571428571429 0.0 0.7 25 0.92 0.0 0.9 1 1.0 0.0
31 0.1 43 0.6511627906976745 0.023255813953488372 0.4 28 0.8928571428571429 0.03571428571428571 0.5 27 0.9259259259259259 0.037037037037037035 0.6 26 0.9230769230769231 0.038461538461538464 0.7 26 0.9230769230769231 0.038461538461538464 0.9 0 1 1
31 0.1 34 0.6470588235294118 0.0 0.4 19 0.8421052631578947 0.0 0.5 14 0.8571428571428571 0.0 0.6 13 0.9230769230769231 0.0 0.7 11 0.9090909090909091 0.0 0.9 0 1 1
31 0.1 34 0.7058823529411765 0.0 0.4 27 0.7777777777777778 0.0 0.5 26 0.7692307692307693 0.0 0.6 24 0.8333333333333334 0.0 0.7 22 0.8636363636363636 0.0 0.9 0 1 1
31 0.1 41 0.6829268292682927 0.0 0.4 29 0.8275862068965517 0.0 0.5 29 0.8275862068965517 0.0 0.6 25 0.92 0.0 0.7 22 0.9545454545454546 0.0 0.9 1 1.0 0.0
31 0.1 41 0.6829268292682927 0.0 0.4 30 0.8333333333333334 0.0 0.5 29 0.8275862068965517 0.0 0.6 27 0.8888888888888888 0.0 0.7 25 0.92 0.0 0.9 2 1.0 0.0
31 0.1 42 0.6428571428571429 0.0 0.4 31 0.8387096774193549 0.0 0.5 29 0.8275862068965517 0.0 0.6 28 0.8571428571428571 0.0 0.7 26 0.8846153846153846 0.0 0.9 2 1.0 0.0
31 0.1 42 0.6666666666666666 0.047619047619047616 0.4 30 0.8333333333333334 0.03333333333333333 0.5 29 0.8620689655172413 0.034482758620689655 0.6 28 0.8571428571428571 0.03571428571428571 0.7 25 0.88 0.0 0.9 1 1.0 0.0
31 0.1 37 0.7297297297297297 0.02702702702702703 0.4 27 0.8518518518518519 0.0 0.5 24 0.9166666666666666 0.0 0.6 24 0.9166666666666666 0.0 0.7 24 0.9166666666666666 0.0 0.9 0 1 1
31 0.1 40 0.675 0.0 0.4 29 0.8620689655172413 0.0 0.5 26 0.8846153846153846 0.0 0.6 26 0.8846153846153846 0.0 0.7 25 0.88 0.0 0.9 1 1.0 0.0
31 0.1 42 0.6904761904761905 0.0 0.4 33 0.8181818181818182 0.0 0.5 31 0.8387096774193549 0.0 0.6 28 0.8571428571428571 0.0 0.7 25 0.88 0.0 0.9 1 1.0 0.0
31 0.1 38 0.6842105263157895 0.02631578947368421 0.4 28 0.9285714285714286 0.03571428571428571 0.5 26 0.9615384615384616 0.038461538461538464 0.6 26 0.9615384615384616 0.038461538461538464 0.7 24 0.9583333333333334 0.041666666666666664 0.9 1 1.0 0.0
31 0.1 41 0.6585365853658537 0.0 0.4 29 0.896551724137931 0.0 0.5 28 0.8928571428571429 0.0 0.6 27 0.8888888888888888 0.0 0.7 26 0.8846153846153846 0.0 0.9 1 1.0 0.0
31 0.1 38 0.6842105263157895 0.0 0.4 29 0.7931034482758621 0.0 0.5 28 0.8214285714285714 0.0 0.6 26 0.8846153846153846 0.0 0.7 26 0.8846153846153846 0.0 0.9 0 1 1
31 0.1 41 0.6585365853658537 0.0 0.4 31 0.8387096774193549 0.0 0.5 30 0.8666666666666667 0.0 0.6 28 0.8928571428571429 0.0 0.7 26 0.8846153846153846 0.0 0.9 3 1.0 0.0
31 0.1 42 0.6666666666666666 0.0 0.4 30 0.8 0.0 0.5 29 0.8275862068965517 0.0 0.6 27 0.8888888888888888 0.0 0.7 25 0.92 0.0 0.9 1 1.0 0.0
31 0.1 40 0.65 0.025 0.4 28 0.8928571428571429 0.03571428571428571 0.5 27 0.9259259259259259 0.037037037037037035 0.6 25 0.92 0.04 0.7 23 0.9565217391304348 0.043478260869565216 0.9 1 1.0 0.0
31 0.1 41 0.6341463414634146 0.0 0.4 28 0.8214285714285714 0.0 0.5 26 0.8846153846153846 0.0 0.6 24 0.9166666666666666 0.0 0.7 18 0.9444444444444444 0.0 0.9 0 1 1
31 0.1 42 0.6428571428571429 0.0 0.4 31 0.8709677419354839 0.0 0.5 30 0.8666666666666667 0.0 0.6 29 0.896551724137931 0.0 0.7 27 0.8888888888888888 0.0 0.9 0 1 1
31 0.1 44 0.6363636363636364 0.0 0.4 30 0.8 0.0 0.5 28 0.8571428571428571 0.0 0.6 26 0.8846153846153846 0.0 0.7 23 0.9565217391304348 0.0 0.9 1 1.0 0.0
31 0.1 41 0.6829268292682927 0.0 0.4 32 0.75 0.0 0.5 30 0.8 0.0 0.6 29 0.8275862068965517 0.0 0.7 25 0.88 0.0 0.9 2 1.0 0.0
31 0.1 41 0.6829268292682927 0.0 0.4 33 0.8181818181818182 0.0 0.5 33 0.8181818181818182 0.0 0.6 28 0.8571428571428571 0.0 0.7 24 0.875 0.0 0.9 0 1 1
31 0.1 43 0.6744186046511628 0.0 0.4 35 0.7714285714285715 0.0 0.5 34 0.7941176470588235 0.0 0.6 31 0.8064516129032258 0.0 0.7 28 0.8571428571428571 0.0 0.9 0 1 1
31 0.1 47 0.6170212765957447 0.0 0.4 36 0.7777777777777778 0.0 0.5 35 0.8 0.0 0.6 32 0.84375 0.0 0.7 29 0.8620689655172413 0.0 0.9 2 1.0 0.0
31 0.1 41 0.6829268292682927 0.024390243902439025 0.4 35 0.8 0.02857142857142857 0.5 34 0.8235294117647058 0.029411764705882353 0.6 32 0.875 0.03125 0.7 31 0.8709677419354839 0.03225806451612903 0.9 2 1.0 0.0
31 0.1 41 0.6829268292682927 0.0 0.4 32 0.84375 0.0 0.5 31 0.8709677419354839 0.0 0.6 28 0.8928571428571429 0.0 0.7 26 0.8846153846153846 0.0 0.9 0 1 1
31 0.1 39 0.717948717948718 0.02564102564102564 0.4 34 0.8235294117647058 0.029411764705882353 0.5 33 0.8484848484848485 0.030303030303030304 0.6 32 0.84375 0.03125 0.7 29 0.896551724137931 0.034482758620689655 0.9 3 0.6666666666666666 0.0
31 0.1 35 0.7142857142857143 0.0 0.4 25 0.84 0.0 0.5 23 0.8695652173913043 0.0 0.6 21 0.8571428571428571 0.0 0.7 18 0.9444444444444444 0.0 0.9 1 1.0 0.0
31 0.1 40 0.7 0.025 0.4 31 0.8387096774193549 0.03225806451612903 0.5 30 0.8666666666666667 0.03333333333333333 0.6 29 0.8620689655172413 0.034482758620689655 0.7 27 0.8518518518518519 0.037037037037037035 0.9 1 1.0 0.0
31 0.1 40 0.7 0.05 0.4 33 0.8181818181818182 0.06060606060606061 0.5 32 0.8125 0.0625 0.6 30 0.8333333333333334 0.06666666666666667 0.7 25 0.92 0.08 0.9 0 1 1
31 0.1 40 0.7 0.0 0.4 33 0.7272727272727273 0.0 0.5 32 0.71875 0.0 0.6 26 0.8076923076923077 0.0 0.7 21 0.8571428571428571 0.0 0.9 2 1.0 0.0
31 0.1 35 0.7142857142857143 0.02857142857142857 0.4 28 0.75 0.03571428571428571 0.5 27 0.7407407407407407 0.037037037037037035 0.6 25 0.8 0.04 0.7 21 0.9047619047619048 0.047619047619047616 0.9 0 1 1
