15 0.1 4 0.0 0.0 0.4 0 1 1 0.5 0 1 1 0.6 0 1 1 0.7 0 1 1 0.9 0 1 1
15 0.1 0 1 1 0.4 0 1 1 0.5 0 1 1 0.6 0 1 1 0.7 0 1 1 0.9 0 1 1
15 0.1 1 1.0 0.0 0.4 0 1 1 0.5 0 1 1 0.6 0 1 1 0.7 0 1 1 0.9 0 1 1
15 0.1 0 1 1 0.4 0 1 1 0.5 0 1 1 0.6 0 1 1 0.7 0 1 1 0.9 0 1 1
15 0.1 27 0.037037037037037035 0.0 0.4 1 0.0 0.0 0.5 0 1 1 0.6 0 1 1 0.7 0 1 1 0.9 0 1 1
15 0.1 76 0.07894736842105263 0.0 0.4 2 0.0 0.0 0.5 2 0.0 0.0 0.6 0 1 1 0.7 0 1 1 0.9 0 1 1
15 0.1 87 0.08045977011494253 0.0 0.4 1 0.0 0.0 0.5 0 1 1 0.6 0 1 1 0.7 0 1 1 0.9 0 1 1
15 0.1 54 0.07407407407407407 0.0 0.4 3 0.3333333333333333 0.0 0.5 1 0.0 0.0 0.6 0 1 1 0.7 0 1 1 0.9 0 1 1
15 0.1 309 0.042071197411003236 0.0 0.4 49 0.20408163265306123 0.0 0.5 21 0.23809523809523808 0.0 0.6 3 0.0 0.0 0.7 0 1 1 0.9 0 1 1
15 0.1 320 0.04375 0.0 0.4 74 0.17567567567567569 0.0 0.5 33 0.2727272727272727 0.0 0.6 2 0.0 0.0 0.7 1 0.0 0.0 0.9 0 1 1
15 0.1 334 0.041916167664670656 0.0 0.4 87 0.13793103448275862 0.0 0.5 58 0.20689655172413793 0.0 0.6 25 0.36 0.0 0.7 3 0.3333333333333333 0.0 0.9 0 1 1
15 0.1 194 0.07216494845360824 0.0 0.4 44 0.2727272727272727 0.0 0.5 23 0.4782608695652174 0.0 0.6 11 0.36363636363636365 0.0 0.7 2 0.5 0.0 0.9 0 1 1
15 0.1 217 0.06451612903225806 0.0 0.4 54 0.24074074074074073 0.0 0.5 24 0.5 0.0 0.6 6 0.6666666666666666 0.0 0.7 1 1.0 0.0 0.9 0 1 1
15 0.1 215 0.06511627906976744 0.0 0.4 58 0.20689655172413793 0.0 0.5 25 0.44 0.0 0.6 10 0.7 0.0 0.7 5 0.8 0.0 0.9 0 1 1
15 0.1 132 0.09848484848484848 0.0 0.4 13 0.3076923076923077 0.0 0.5 4 0.5 0.0 0.6 0 1 1 0.7 0 1 1 0.9 0 1 1
15 0.1 107 0.1308411214953271 0.0 0.4 22 0.5 0.0 0.5 10 0.8 0.0 0.6 5 1.0 0.0 0.7 0 1 1 0.9 0 1 1
15 0.1 121 0.11570247933884298 0.0 0.4 33 0.36363636363636365 0.0 0.5 20 0.5 0.0 0.6 13 0.6923076923076923 0.0 0.7 8 0.875 0.0 0.9 0 1 1
15 0.1 186 0.08064516129032258 0.0 0.4 48 0.2708333333333333 0.0 0.5 31 0.3870967741935484 0.0 0.6 22 0.45454545454545453 0.0 0.7 12 0.5 0.0 0.9 0 1 1
15 0.1 122 0.11475409836065574 0.0 0.4 35 0.37142857142857144 0.0 0.5 24 0.5416666666666666 0.0 0.6 13 0.5384615384615384 0.0 0.7 4 0.75 0.0 0.9 0 1 1
15 0.1 109 0.12844036697247707 0.0 0.4 41 0.34146341463414637 0.0 0.5 35 0.37142857142857144 0.0 0.6 22 0.4090909090909091 0.0 0.7 13 0.46153846153846156 0.0 0.9 0 1 1
15 0.1 55 0.23636363636363636 0.0 0.4 9 0.7777777777777778 0.0 0.5 1 1.0 0.0 0.6 0 1 1 0.7 0 1 1 0.9 0 1 1
15 0.1 115 0.13043478260869565 0.0 0.4 31 0.41935483870967744 0.0 0.5 18 0.6111111111111112 0.0 0.6 4 0.75 0.0 0.7 0 1 1 0.9 0 1 1
15 0.1 178 0.08426966292134831 0.0 0.4 82 0.17073170731707318 0.0 0.5 63 0.2222222222222222 0.0 0.6 50 0.28 0.0 0.7 37 0.3783783783783784 0.0 0.9 0 1 1
15 0.1 93 0.16129032258064516 0.0 0.4 40 0.35 0.0 0.5 32 0.4375 0.0 0.6 24 0.5833333333333334 0.0 0.7 15 0.8 0.0 0.9 0 1 1
15 0.1 65 0.23076923076923078 0.0 0.4 25 0.6 0.0 0.5 19 0.6842105263157895 0.0 0.6 17 0.7647058823529411 0.0 0.7 14 0.9285714285714286 0.0 0.9 0 1 1
15 0.1 108 0.1388888888888889 0.0 0.4 59 0.2542372881355932 0.0 0.5 40 0.35 0.0 0.6 23 0.5217391304347826 0.0 0.7 7 0.42857142857142855 0.0 0.9 0 1 1
15 0.1 56 0.25 0.0 0.4 24 0.5416666666666666 0.0 0.5 21 0.5238095238095238 0.0 0.6 14 0.6428571428571429 0.0 0.7 7 0.7142857142857143 0.0 0.9 0 1 1
15 0.1 19 0.42105263157894735 0.0 0.4 8 0.5 0.0 0.5 6 0.6666666666666666 0.0 0.6 3 0.6666666666666666 0.0 0.7 2 0.5 0.0 0.9 0 1 1
15 0.1 76 0.19736842105263158 0.0 0.4 50 0.28 0.0 0.5 46 0.30434782608695654 0.0 0.6 32 0.40625 0.0 0.7 24 0.4583333333333333 0.0 0.9 0 1 1
15 0.1 93 0.15053763440860216 0.0 0.4 50 0.28 0.0 0.5 39 0.358974358974359 0.0 0.6 31 0.45161290322580644 0.0 0.7 21 0.6190476190476191 0.0 0.9 5 0.8 0.0
15 0.1 61 0.2459016393442623 0.0 0.4 39 0.358974358974359 0.0 0.5 33 0.36363636363636365 0.0 0.6 28 0.42857142857142855 0.0 0.7 19 0.5263157894736842 0.0 0.9 0 1 1
15 0.1 35 0.42857142857142855 0.0 0.4 13 0.7692307692307693 0.0 0.5 11 0.8181818181818182 0.0 0.6 7 1.0 0.0 0.7 5 1.0 0.0 0.9 0 1 1
15 0.1 31 0.45161290322580644 0.0 0.4 18 0.7222222222222222 0.0 0.5 15 0.8 0.0 0.6 12 1.0 0.0 0.7 9 1.0 0.0 0.9 0 1 1
15 0.1 27 0.5185185185185185 0.0 0.4 19 0.6842105263157895 0.0 0.5 18 0.7222222222222222 0.0 0.6 13 0.8461538461538461 0.0 0.7 10 0.9 0.0 0.9 0 1 1
15 0.1 32 0.46875 0.0 0.4 18 0.7222222222222222 0.0 0.5 17 0.7647058823529411 0.0 0.6 12 0.9166666666666666 0.0 0.7 9 0.8888888888888888 0.0 0.9 0 1 1
15 0.1 24 0.5833333333333334 0.0 0.4 9 1.0 0.0 0.5 8 1.0 0.0 0.6 5 1.0 0.0 0.7 2 1.0 0.0 0.9 0 1 1
15 0.1 45 0.3111111111111111 0.0 0.4 30 0.43333333333333335 0.0 0.5 25 0.52 0.0 0.6 18 0.7222222222222222 0.0 0.7 13 0.8461538461538461 0.0 0.9 0 1 1
15 0.1 53 0.2830188679245283 0.0 0.4 36 0.4166666666666667 0.0 0.5 27 0.5555555555555556 0.0 0.6 20 0.75 0.0 0.7 12 1.0 0.0 0.9 0 1 1
15 0.1 62 0.20967741935483872 0.0 0.4 7 0.7142857142857143 0.0 0.5 0 1 1 0.6 0 1 1 0.7 0 1 1 0.9 0 1 1
15 0.1 51 0.29411764705882354 0.0 0.4 25 0.56 0.0 0.5 19 0.6842105263157895 0.0 0.6 16 0.8125 0.0 0.7 12 0.9166666666666666 0.0 0.9 1 1.0 0.0
15 0.1 22 0.6363636363636364 0.0 0.4 12 0.8333333333333334 0.0 0.5 10 0.9 0.0 0.6 10 0.9 0.0 0.7 8 0.875 0.0 0.9 0 1 1
15 0.1 28 0.39285714285714285 0.03571428571428571 0.4 8 1.0 0.125 0.5 8 1.0 0.125 0.6 7 1.0 0.14285714285714285 0.7 2 1.0 0.0 0.9 0 1 1
15 0.1 10 0.3 0.0 0.4 2 0.5 0.0 0.5 1 1.0 0.0 0.6 1 1.0 0.0 0.7 0 1 1 0.9 0 1 1
15 0.1 4 0.75 0.0 0.4 1 1.0 0.0 0.5 0 1 1 0.6 0 1 1 0.7 0 1 1 0.9 0 1 1
15 0.1 18 0.6666666666666666 0.0 0.4 8 0.875 0.0 0.5 7 0.8571428571428571 0.0 0.6 7 0.8571428571428571 0.0 0.7 3 1.0 0.0 0.9 0 1 1
15 0.1 25 0.52 0.0 0.4 16 0.75 0.0 0.5 16 0.75 0.0 0.6 16 0.75 0.0 0.7 11 0.8181818181818182 0.0 0.9 2 1.0 0.0
15 0.1 33 0.3939393939393939 0.0 0.4 18 0.6666666666666666 0.0 0.5 15 0.8 0.0 0.6 13 0.8461538461538461 0.0 0.7 9 0.8888888888888888 0.0 0.9 0 1 1
15 0.1 21 0.5714285714285714 0.0 0.4 8 0.875 0.0 0.5 5 1.0 0.0 0.6 4 1.0 0.0 0.7 3 1.0 0.0 0.9 0 1 1
15 0.1 31 0.4838709677419355 0.0 0.4 19 0.7368421052631579 0.0 0.5 14 0.7857142857142857 0.0 0.6 11 0.9090909090909091 0.0 0.7 7 0.8571428571428571 0.0 0.9 0 1 1
15 0.1 27 0.5555555555555556 0.037037037037037035 0.4 17 0.8235294117647058 0.058823529411764705 0.5 17 0.8235294117647058 0.058823529411764705 0.6 14 0.9285714285714286 0.07142857142857142 0.7 11 1.0 0.09090909090909091 0.9 2 1.0 0.0
15 0.1 27 0.5555555555555556 0.07407407407407407 0.4 21 0.7142857142857143 0.09523809523809523 0.5 18 0.8333333333333334 0.1111111111111111 0.6 18 0.8333333333333334 0.1111111111111111 0.7 13 1.0 0.15384615384615385 0.9 2 1.0 0.0
15 0.1 37 0.40540540540540543 0.0 0.4 23 0.6521739130434783 0.0 0.5 18 0.8333333333333334 0.0 0.6 17 0.8235294117647058 0.0 0.7 14 0.9285714285714286 0.0 0.9 2 1.0 0.0
15 0.1 37 0.3783783783783784 0.0 0.4 15 0.8 0.0 0.5 12 0.9166666666666666 0.0 0.6 7 1.0 0.0 0.7 4 1.0 0.0 0.9 0 1 1
15 0.1 30 0.4 0.0 0.4 9 0.6666666666666666 0.0 0.5 3 0.3333333333333333 0.0 0.6 0 1 1 0.7 0 1 1 0.9 0 1 1
15 0.1 18 0.6666666666666666 0.0 0.4 10 0.9 0.0 0.5 7 1.0 0.0 0.6 7 1.0 0.0 0.7 4 1.0 0.0 0.9 0 1 1
15 0.1 26 0.5769230769230769 0.0 0.4 19 0.7894736842105263 0.0 0.5 16 0.875 0.0 0.6 13 0.9230769230769231 0.0 0.7 10 1.0 0.0 0.9 1 1.0 0.0
15 0.1 22 0.6818181818181818 0.0 0.4 13 0.9230769230769231 0.0 0.5 11 1.0 0.0 0.6 9 1.0 0.0 0.7 7 1.0 0.0 0.9 0 1 1
15 0.1 26 0.5769230769230769 0.0 0.4 20 0.75 0.0 0.5 17 0.8823529411764706 0.0 0.6 16 0.875 0.0 0.7 14 0.9285714285714286 0.0 0.9 5 1.0 0.0
15 0.1 48 0.3125 0.0 0.4 18 0.7222222222222222 0.0 0.5 16 0.8125 0.0 0.6 14 0.8571428571428571 0.0 0.7 14 0.8571428571428571 0.0 0.9 1 1.0 0.0
15 0.1 39 0.38461538461538464 0.0 0.4 18 0.7222222222222222 0.0 0.5 13 0.8461538461538461 0.0 0.6 12 0.9166666666666666 0.0 0.7 2 1.0 0.0 0.9 0 1 1
15 0.1 28 0.5357142857142857 0.0 0.4 19 0.7894736842105263 0.0 0.5 18 0.8333333333333334 0.0 0.6 16 0.875 0.0 0.7 16 0.875 0.0 0.9 2 1.0 0.0
15 0.1 55 0.2545454545454545 0.0 0.4 38 0.3157894736842105 0.0 0.5 30 0.4 0.0 0.6 13 0.6923076923076923 0.0 0.7 8 0.875 0.0 0.9 0 1 1
15 0.1 34 0.4411764705882353 0.0 0.4 26 0.5384615384615384 0.0 0.5 23 0.6086956521739131 0.0 0.6 20 0.7 0.0 0.7 18 0.7777777777777778 0.0 0.9 4 1.0 0.0
15 0.1 27 0.48148148148148145 0.0 0.4 12 0.9166666666666666 0.0 0.5 9 1.0 0.0 0.6 8 1.0 0.0 0.7 6 1.0 0.0 0.9 0 1 1
15 0.1 1 1.0 0.0 0.4 0 1 1 0.5 0 1 1 0.6 0 1 1 0.7 0 1 1 0.9 0 1 1
15 0.1 2 0.5 0.0 0.4 0 1 1 0.5 0 1 1 0.6 0 1 1 0.7 0 1 1 0.9 0 1 1
15 0.1 55 0.0 0.0 0.4 0 1 1 0.5 0 1 1 0.6 0 1 1 0.7 0 1 1 0.9 0 1 1
15 0.1 17 0.23529411764705882 0.0 0.4 0 1 1 0.5 0 1 1 0.6 0 1 1 0.7 0 1 1 0.9 0 1 1
15 0.1 18 0.05555555555555555 0.0 0.4 0 1 1 0.5 0 1 1 0.6 0 1 1 0.7 0 1 1 0.9 0 1 1
15 0.1 0 1 1 0.4 0 1 1 0.5 0 1 1 0.6 0 1 1 0.7 0 1 1 0.9 0 1 1
15 0.1 0 1 1 0.4 0 1 1 0.5 0 1 1 0.6 0 1 1 0.7 0 1 1 0.9 0 1 1
15 0.1 0 1 1 0.4 0 1 1 0.5 0 1 1 0.6 0 1 1 0.7 0 1 1 0.9 0 1 1
15 0.1 0 1 1 0.4 0 1 1 0.5 0 1 1 0.6 0 1 1 0.7 0 1 1 0.9 0 1 1
15 0.1 7 0.5714285714285714 0.0 0.4 1 1.0 0.0 0.5 0 1 1 0.6 0 1 1 0.7 0 1 1 0.9 0 1 1
15 0.1 43 0.27906976744186046 0.0 0.4 16 0.625 0.0 0.5 11 0.6363636363636364 0.0 0.6 3 0.6666666666666666 0.0 0.7 0 1 1 0.9 0 1 1
15 0.1 29 0.41379310344827586 0.0 0.4 6 0.6666666666666666 0.0 0.5 2 1.0 0.0 0.6 0 1 1 0.7 0 1 1 0.9 0 1 1
15 0.1 32 0.3125 0.0 0.4 5 0.8 0.0 0.5 3 1.0 0.0 0.6 1 1.0 0.0 0.7 0 1 1 0.9 0 1 1
15 0.1 8 0.625 0.0 0.4 1 1.0 0.0 0.5 0 1 1 0.6 0 1 1 0.7 0 1 1 0.9 0 1 1
15 0.1 52 0.2692307692307692 0.0 0.4 7 0.8571428571428571 0.0 0.5 4 0.75 0.0 0.6 1 1.0 0.0 0.7 0 1 1 0.9 0 1 1
15 0.1 74 0.17567567567567569 0.0 0.4 6 0.8333333333333334 0.0 0.5 3 0.6666666666666666 0.0 0.6 0 1 1 0.7 0 1 1 0.9 0 1 1
15 0.1 40 0.35 0.0 0.4 7 1.0 0.0 0.5 5 1.0 0.0 0.6 3 1.0 0.0 0.7 0 1 1 0.9 0 1 1
15 0.1 2 0.5 0.0 0.4 0 1 1 0.5 0 1 1 0.6 0 1 1 0.7 0 1 1 0.9 0 1 1
15 0.1 35 0.34285714285714286 0.0 0.4 14 0.7142857142857143 0.0 0.5 7 0.8571428571428571 0.0 0.6 2 1.0 0.0 0.7 2 1.0 0.0 0.9 0 1 1
15 0.1 31 0.45161290322580644 0.0 0.4 21 0.6190476190476191 0.0 0.5 17 0.7058823529411765 0.0 0.6 13 0.7692307692307693 0.0 0.7 6 0.8333333333333334 0.0 0.9 0 1 1
15 0.1 10 0.5 0.0 0.4 1 1.0 0.0 0.5 0 1 1 0.6 0 1 1 0.7 0 1 1 0.9 0 1 1
15 0.1 17 0.47058823529411764 0.0 0.4 4 0.75 0.0 0.5 3 1.0 0.0 0.6 0 1 1 0.7 0 1 1 0.9 0 1 1
15 0.1 44 0.3409090909090909 0.0 0.4 15 0.7333333333333333 0.0 0.5 12 0.75 0.0 0.6 11 0.7272727272727273 0.0 0.7 6 0.8333333333333334 0.0 0.9 0 1 1
15 0.1 95 0.14736842105263157 0.0 0.4 11 0.7272727272727273 0.0 0.5 9 0.8888888888888888 0.0 0.6 1 1.0 0.0 0.7 0 1 1 0.9 0 1 1
15 0.1 76 0.19736842105263158 0.0 0.4 18 0.7222222222222222 0.0 0.5 13 0.6923076923076923 0.0 0.6 12 0.6666666666666666 0.0 0.7 3 0.6666666666666666 0.0 0.9 0 1 1
15 0.1 51 0.27450980392156865 0.0 0.4 9 0.5555555555555556 0.0 0.5 6 0.8333333333333334 0.0 0.6 1 1.0 0.0 0.7 0 1 1 0.9 0 1 1
15 0.1 0 1 1 0.4 0 1 1 0.5 0 1 1 0.6 0 1 1 0.7 0 1 1 0.9 0 1 1
15 0.1 18 0.4444444444444444 0.0 0.4 5 0.6 0.0 0.5 3 1.0 0.0 0.6 0 1 1 0.7 0 1 1 0.9 0 1 1
15 0.1 48 0.2708333333333333 0.0 0.4 11 0.7272727272727273 0.0 0.5 9 0.7777777777777778 0.0 0.6 9 0.7777777777777778 0.0 0.7 1 1.0 0.0 0.9 0 1 1
15 0.1 33 0.36363636363636365 0.0 0.4 11 0.7272727272727273 0.0 0.5 9 0.7777777777777778 0.0 0.6 6 0.8333333333333334 0.0 0.7 5 0.8 0.0 0.9 0 1 1
15 0.1 56 0.23214285714285715 0.0 0.4 15 0.6 0.0 0.5 10 0.9 0.0 0.6 6 0.8333333333333334 0.0 0.7 2 1.0 0.0 0.9 0 1 1
15 0.1 41 0.3170731707317073 0.0 0.4 16 0.6875 0.0 0.5 11 0.8181818181818182 0.0 0.6 10 0.9 0.0 0.7 4 0.75 0.0 0.9 0 1 1
15 0.1 25 0.48 0.0 0.4 11 0.7272727272727273 0.0 0.5 9 0.7777777777777778 0.0 0.6 8 0.75 0.0 0.7 3 0.6666666666666666 0.0 0.9 0 1 1
15 0.1 33 0.3939393939393939 0.0 0.4 17 0.6470588235294118 0.0 0.5 14 0.7142857142857143 0.0 0.6 12 0.75 0.0 0.7 5 1.0 0.0 0.9 0 1 1
15 0.1 27 0.48148148148148145 0.0 0.4 10 0.9 0.0 0.5 7 0.8571428571428571 0.0 0.6 4 1.0 0.0 0.7 1 1.0 0.0 0.9 0 1 1
15 0.1 24 0.5416666666666666 0.0 0.4 10 0.9 0.0 0.5 7 1.0 0.0 0.6 5 1.0 0.0 0.7 4 1.0 0.0 0.9 0 1 1
15 0.1 27 0.5555555555555556 0.037037037037037035 0.4 19 0.631578947368421 0.05263157894736842 0.5 16 0.6875 0.0625 0.6 13 0.8461538461538461 0.07692307692307693 0.7 12 0.8333333333333334 0.08333333333333333 0.9 1 1.0 0.0
15 0.1 36 0.2222222222222222 0.0 0.4 11 0.2727272727272727 0.0 0.5 6 0.5 0.0 0.6 4 0.5 0.0 0.7 2 0.5 0.0 0.9 0 1 1
15 0.1 24 0.041666666666666664 0.0 0.4 11 0.09090909090909091 0.0 0.5 9 0.0 0.0 0.6 5 0.0 0.0 0.7 1 0.0 0.0 0.9 0 1 1
15 0.1 28 0.21428571428571427 0.0 0.4 12 0.5 0.0 0.5 8 0.75 0.0 0.6 6 0.6666666666666666 0.0 0.7 5 0.8 0.0 0.9 0 1 1
15 0.1 23 0.21739130434782608 0.0 0.4 13 0.38461538461538464 0.0 0.5 11 0.45454545454545453 0.0 0.6 10 0.5 0.0 0.7 7 0.5714285714285714 0.0 0.9 0 1 1
15 0.1 16 0.3125 0.0 0.4 8 0.5 0.0 0.5 8 0.5 0.0 0.6 6 0.5 0.0 0.7 3 0.6666666666666666 0.0 0.9 0 1 1
15 0.1 21 0.47619047619047616 0.0 0.4 12 0.8333333333333334 0.0 0.5 11 0.8181818181818182 0.0 0.6 8 0.875 0.0 0.7 5 1.0 0.0 0.9 0 1 1
15 0.1 7 0.42857142857142855 0.0 0.4 2 0.5 0.0 0.5 1 0.0 0.0 0.6 0 1 1 0.7 0 1 1 0.9 0 1 1
15 0.1 26 0.46153846153846156 0.0 0.4 15 0.6666666666666666 0.0 0.5 12 0.75 0.0 0.6 9 0.7777777777777778 0.0 0.7 4 1.0 0.0 0.9 0 1 1
15 0.1 22 0.6363636363636364 0.0 0.4 16 0.8125 0.0 0.5 13 0.8461538461538461 0.0 0.6 11 0.9090909090909091 0.0 0.7 7 1.0 0.0 0.9 0 1 1
15 0.1 24 0.5833333333333334 0.0 0.4 16 0.75 0.0 0.5 13 0.8461538461538461 0.0 0.6 11 0.8181818181818182 0.0 0.7 10 0.9 0.0 0.9 1 1.0 0.0
15 0.1 25 0.56 0.0 0.4 18 0.6666666666666666 0.0 0.5 16 0.75 0.0 0.6 12 0.8333333333333334 0.0 0.7 10 0.9 0.0 0.9 1 1.0 0.0
15 0.1 22 0.6363636363636364 0.045454545454545456 0.4 17 0.7058823529411765 0.058823529411764705 0.5 14 0.7857142857142857 0.07142857142857142 0.6 11 0.8181818181818182 0.09090909090909091 0.7 10 0.8 0.1 0.9 0 1 1
15 0.1 25 0.56 0.0 0.4 15 0.7333333333333333 0.0 0.5 12 0.9166666666666666 0.0 0.6 11 0.9090909090909091 0.0 0.7 8 0.875 0.0 0.9 0 1 1
15 0.1 28 0.5 0.03571428571428571 0.4 20 0.65 0.05 0.5 17 0.7647058823529411 0.058823529411764705 0.6 15 0.8 0.06666666666666667 0.7 10 0.9 0.1 0.9 0 1 1
15 0.1 24 0.5833333333333334 0.041666666666666664 0.4 18 0.6666666666666666 0.05555555555555555 0.5 15 0.7333333333333333 0.06666666666666667 0.6 13 0.8461538461538461 0.07692307692307693 0.7 11 0.9090909090909091 0.09090909090909091 0.9 0 1 1
15 0.1 18 0.6666666666666666 0.0 0.4 10 0.8 0.0 0.5 8 0.875 0.0 0.6 7 0.8571428571428571 0.0 0.7 6 0.8333333333333334 0.0 0.9 0 1 1
15 0.1 18 0.5555555555555556 0.0 0.4 8 0.75 0.0 0.5 3 0.6666666666666666 0.0 0.6 3 0.6666666666666666 0.0 0.7 0 1 1 0.9 0 1 1
15 0.1 25 0.6 0.0 0.4 17 0.7647058823529411 0.0 0.5 16 0.8125 0.0 0.6 13 0.8461538461538461 0.0 0.7 9 0.8888888888888888 0.0 0.9 0 1 1
15 0.1 21 0.6190476190476191 0.047619047619047616 0.4 16 0.75 0.0625 0.5 13 0.8461538461538461 0.07692307692307693 0.6 13 0.8461538461538461 0.07692307692307693 0.7 11 0.9090909090909091 0.09090909090909091 0.9 0 1 1
15 0.1 21 0.6666666666666666 0.047619047619047616 0.4 14 0.7857142857142857 0.07142857142857142 0.5 14 0.7857142857142857 0.07142857142857142 0.6 12 0.8333333333333334 0.08333333333333333 0.7 10 0.9 0.1 0.9 0 1 1
15 0.1 23 0.6521739130434783 0.0 0.4 14 0.7857142857142857 0.0 0.5 13 0.8461538461538461 0.0 0.6 9 0.8888888888888888 0.0 0.7 6 1.0 0.0 0.9 0 1 1
15 0.1 31 0.45161290322580644 0.0 0.4 22 0.6363636363636364 0.0 0.5 18 0.6666666666666666 0.0 0.6 17 0.6470588235294118 0.0 0.7 13 0.8461538461538461 0.0 0.9 0 1 1
15 0.1 24 0.5833333333333334 0.0 0.4 16 0.75 0.0 0.5 12 0.8333333333333334 0.0 0.6 12 0.8333333333333334 0.0 0.7 8 0.875 0.0 0.9 0 1 1
15 0.1 22 0.6363636363636364 0.0 0.4 13 0.8461538461538461 0.0 0.5 13 0.8461538461538461 0.0 0.6 12 0.8333333333333334 0.0 0.7 12 0.8333333333333334 0.0 0.9 0 1 1
15 0.1 35 0.42857142857142855 0.0 0.4 21 0.6190476190476191 0.0 0.5 16 0.75 0.0 0.6 12 0.8333333333333334 0.0 0.7 9 0.8888888888888888 0.0 0.9 0 1 1
15 0.1 23 0.6086956521739131 0.043478260869565216 0.4 17 0.7058823529411765 0.058823529411764705 0.5 14 0.7857142857142857 0.07142857142857142 0.6 13 0.7692307692307693 0.07692307692307693 0.7 11 0.8181818181818182 0.09090909090909091 0.9 0 1 1
15 0.1 14 0.8571428571428571 0.07142857142857142 0.4 10 0.9 0.1 0.5 9 0.8888888888888888 0.1111111111111111 0.6 6 1.0 0.16666666666666666 0.7 5 1.0 0.2 0.9 0 1 1
15 0.1 50 0.24 0.0 0.4 11 0.8181818181818182 0.0 0.5 9 0.8888888888888888 0.0 0.6 7 0.8571428571428571 0.0 0.7 3 0.6666666666666666 0.0 0.9 0 1 1
15 0.1 19 0.7368421052631579 0.0 0.4 10 0.9 0.0 0.5 9 0.8888888888888888 0.0 0.6 9 0.8888888888888888 0.0 0.7 7 1.0 0.0 0.9 0 1 1
15 0.1 35 0.37142857142857144 0.0 0.4 17 0.7058823529411765 0.0 0.5 14 0.7857142857142857 0.0 0.6 13 0.8461538461538461 0.0 0.7 8 0.875 0.0 0.9 0 1 1
15 0.1 36 0.3888888888888889 0.0 0.4 17 0.7058823529411765 0.0 0.5 14 0.7142857142857143 0.0 0.6 12 0.75 0.0 0.7 9 0.8888888888888888 0.0 0.9 0 1 1
15 0.1 30 0.4666666666666667 0.06666666666666667 0.4 21 0.6666666666666666 0.09523809523809523 0.5 18 0.7222222222222222 0.1111111111111111 0.6 16 0.75 0.125 0.7 11 0.9090909090909091 0.18181818181818182 0.9 0 1 1
15 0.1 34 0.4117647058823529 0.0 0.4 16 0.6875 0.0 0.5 13 0.7692307692307693 0.0 0.6 12 0.75 0.0 0.7 10 0.8 0.0 0.9 0 1 1
15 0.1 20 0.7 0.0 0.4 14 0.8571428571428571 0.0 0.5 12 0.8333333333333334 0.0 0.6 10 0.9 0.0 0.7 7 1.0 0.0 0.9 0 1 1
15 0.1 23 0.6521739130434783 0.0 0.4 19 0.7368421052631579 0.0 0.5 18 0.7777777777777778 0.0 0.6 15 0.8666666666666667 0.0 0.7 13 0.8461538461538461 0.0 0.9 2 1.0 0.0
15 0.1 24 0.625 0.0 0.4 19 0.7368421052631579 0.0 0.5 18 0.7777777777777778 0.0 0.6 16 0.875 0.0 0.7 16 0.875 0.0 0.9 2 1.0 0.0
15 0.1 24 0.625 0.041666666666666664 0.4 19 0.7368421052631579 0.05263157894736842 0.5 18 0.7777777777777778 0.05555555555555555 0.6 16 0.875 0.0625 0.7 15 0.8666666666666667 0.0 0.9 1 1.0 0.0
15 0.1 23 0.6086956521739131 0.08695652173913043 0.4 16 0.875 0.125 0.5 16 0.875 0.125 0.6 15 0.8666666666666667 0.13333333333333333 0.7 15 0.8666666666666667 0.13333333333333333 0.9 1 1.0 0.0
15 0.1 22 0.6818181818181818 0.0 0.4 17 0.8235294117647058 0.0 0.5 16 0.875 0.0 0.6 16 0.875 0.0 0.7 13 0.8461538461538461 0.0 0.9 1 1.0 0.0
15 0.1 26 0.5769230769230769 0.0 0.4 16 0.8125 0.0 0.5 16 0.8125 0.0 0.6 15 0.8 0.0 0.7 13 0.8461538461538461 0.0 0.9 0 1 1
15 0.1 24 0.625 0.0 0.4 15 0.8666666666666667 0.0 0.5 15 0.8666666666666667 0.0 0.6 15 0.8666666666666667 0.0 0.7 12 0.8333333333333334 0.0 0.9 0 1 1
15 0.1 20 0.7 0.0 0.4 15 0.8666666666666667 0.0 0.5 14 0.8571428571428571 0.0 0.6 14 0.8571428571428571 0.0 0.7 12 0.8333333333333334 0.0 0.9 1 1.0 0.0
15 0.1 16 0.75 0.0 0.4 14 0.7857142857142857 0.0 0.5 11 0.9090909090909091 0.0 0.6 10 1.0 0.0 0.7 8 1.0 0.0 0.9 0 1 1
15 0.1 23 0.6086956521739131 0.08695652173913043 0.4 15 0.8666666666666667 0.13333333333333333 0.5 15 0.8666666666666667 0.13333333333333333 0.6 15 0.8666666666666667 0.13333333333333333 0.7 12 0.9166666666666666 0.16666666666666666 0.9 0 1 1
15 0.1 14 0.8571428571428571 0.14285714285714285 0.4 10 0.9 0.2 0.5 8 1.0 0.25 0.6 8 1.0 0.25 0.7 8 1.0 0.25 0.9 0 1 1
15 0.1 21 0.5714285714285714 0.0 0.4 11 0.8181818181818182 0.0 0.5 11 0.8181818181818182 0.0 0.6 10 0.8 0.0 0.7 7 1.0 0.0 0.9 0 1 1
15 0.1 23 0.6086956521739131 0.0 0.4 16 0.875 0.0 0.5 16 0.875 0.0 0.6 15 0.8666666666666667 0.0 0.7 14 0.8571428571428571 0.0 0.9 0 1 1
15 0.1 21 0.6666666666666666 0.0 0.4 18 0.7777777777777778 0.0 0.5 16 0.875 0.0 0.6 16 0.875 0.0 0.7 15 0.8666666666666667 0.0 0.9 0 1 1
15 0.1 17 0.7058823529411765 0.058823529411764705 0.4 15 0.8 0.06666666666666667 0.5 13 0.7692307692307693 0.0 0.6 11 0.8181818181818182 0.0 0.7 9 0.8888888888888888 0.0 0.9 0 1 1
15 0.1 19 0.7368421052631579 0.10526315789473684 0.4 15 0.8666666666666667 0.13333333333333333 0.5 15 0.8666666666666667 0.13333333333333333 0.6 15 0.8666666666666667 0.13333333333333333 0.7 12 0.8333333333333334 0.16666666666666666 0.9 0 1 1
15 0.1 23 0.6086956521739131 0.0 0.4 18 0.7777777777777778 0.0 0.5 16 0.875 0.0 0.6 16 0.875 0.0 0.7 15 0.8666666666666667 0.0 0.9 0 1 1
15 0.1 27 0.5555555555555556 0.0 0.4 20 0.75 0.0 0.5 18 0.7777777777777778 0.0 0.6 16 0.875 0.0 0.7 16 0.875 0.0 0.9 0 1 1
15 0.1 26 0.5769230769230769 0.038461538461538464 0.4 19 0.7894736842105263 0.05263157894736842 0.5 18 0.8333333333333334 0.05555555555555555 0.6 17 0.8823529411764706 0.058823529411764705 0.7 16 0.875 0.0625 0.9 0 1 1
15 0.1 21 0.7142857142857143 0.0 0.4 16 0.8125 0.0 0.5 16 0.8125 0.0 0.6 16 0.8125 0.0 0.7 12 0.8333333333333334 0.0 0.9 1 1.0 0.0
15 0.1 17 0.7647058823529411 0.058823529411764705 0.4 15 0.7333333333333333 0.06666666666666667 0.5 14 0.7857142857142857 0.07142857142857142 0.6 12 0.8333333333333334 0.08333333333333333 0.7 10 0.8 0.1 0.9 0 1 1
15 0.1 18 0.7222222222222222 0.0 0.4 15 0.8 0.0 0.5 14 0.8571428571428571 0.0 0.6 14 0.8571428571428571 0.0 0.7 13 0.8461538461538461 0.0 0.9 0 1 1
15 0.1 17 0.7647058823529411 0.0 0.4 15 0.8666666666666667 0.0 0.5 15 0.8666666666666667 0.0 0.6 13 0.8461538461538461 0.0 0.7 11 0.9090909090909091 0.0 0.9 0 1 1
15 0.1 37 0.40540540540540543 0.0 0.4 21 0.7142857142857143 0.0 0.5 20 0.75 0.0 0.6 15 0.8666666666666667 0.0 0.7 10 0.9 0.0 0.9 0 1 1
15 0.1 23 0.6521739130434783 0.0 0.4 19 0.7894736842105263 0.0 0.5 17 0.8235294117647058 0.0 0.6 16 0.875 0.0 0.7 15 0.8666666666666667 0.0 0.9 0 1 1
15 0.1 24 0.625 0.0 0.4 20 0.75 0.0 0.5 19 0.7894736842105263 0.0 0.6 17 0.8235294117647058 0.0 0.7 15 0.8666666666666667 0.0 0.9 0 1 1
15 0.1 22 0.6818181818181818 0.0 0.4 17 0.8235294117647058 0.0 0.5 16 0.8125 0.0 0.6 15 0.8666666666666667 0.0 0.7 15 0.8666666666666667 0.0 0.9 0 1 1
15 0.1 22 0.6363636363636364 0.09090909090909091 0.4 16 0.875 0.125 0.5 16 0.875 0.125 0.6 16 0.875 0.125 0.7 16 0.875 0.125 0.9 0 1 1
15 0.1 16 0.8125 0.0625 0.4 14 0.8571428571428571 0.07142857142857142 0.5 13 0.8461538461538461 0.07692307692307693 0.6 12 0.8333333333333334 0.08333333333333333 0.7 12 0.8333333333333334 0.08333333333333333 0.9 0 1 1
15 0.1 19 0.6842105263157895 0.05263157894736842 0.4 15 0.8666666666666667 0.06666666666666667 0.5 15 0.8666666666666667 0.06666666666666667 0.6 14 0.8571428571428571 0.07142857142857142 0.7 13 0.8461538461538461 0.07692307692307693 0.9 0 1 1
15 0.1 20 0.65 0.05 0.4 14 0.8571428571428571 0.07142857142857142 0.5 14 0.8571428571428571 0.07142857142857142 0.6 14 0.8571428571428571 0.07142857142857142 0.7 13 0.8461538461538461 0.07692307692307693 0.9 0 1 1
15 0.1 18 0.7222222222222222 0.0 0.4 13 0.8461538461538461 0.0 0.5 13 0.8461538461538461 0.0 0.6 12 0.8333333333333334 0.0 0.7 12 0.8333333333333334 0.0 0.9 0 1 1
15 0.1 22 0.6818181818181818 0.0 0.4 15 0.8666666666666667 0.0 0.5 14 0.8571428571428571 0.0 0.6 14 0.8571428571428571 0.0 0.7 13 0.8461538461538461 0.0 0.9 0 1 1
15 0.1 18 0.7222222222222222 0.0 0.4 14 0.8571428571428571 0.0 0.5 13 0.8461538461538461 0.0 0.6 12 0.8333333333333334 0.0 0.7 12 0.8333333333333334 0.0 0.9 0 1 1
15 0.1 16 0.8125 0.0625 0.4 12 0.8333333333333334 0.08333333333333333 0.5 11 0.8181818181818182 0.09090909090909091 0.6 11 0.8181818181818182 0.09090909090909091 0.7 10 0.8 0.1 0.9 0 1 1
15 0.1 15 0.8 0.0 0.4 13 0.8461538461538461 0.0 0.5 13 0.8461538461538461 0.0 0.6 13 0.8461538461538461 0.0 0.7 11 0.9090909090909091 0.0 0.9 0 1 1
15 0.1 16 0.8125 0.0 0.4 13 0.8461538461538461 0.0 0.5 13 0.8461538461538461 0.0 0.6 13 0.8461538461538461 0.0 0.7 11 0.9090909090909091 0.0 0.9 0 1 1
15 0.1 18 0.7777777777777778 0.1111111111111111 0.4 15 0.8666666666666667 0.13333333333333333 0.5 15 0.8666666666666667 0.13333333333333333 0.6 15 0.8666666666666667 0.13333333333333333 0.7 13 0.8461538461538461 0.15384615384615385 0.9 0 1 1
15 0.1 22 0.6818181818181818 0.09090909090909091 0.4 17 0.8823529411764706 0.11764705882352941 0.5 17 0.8823529411764706 0.11764705882352941 0.6 15 0.8666666666666667 0.13333333333333333 0.7 15 0.8666666666666667 0.13333333333333333 0.9 0 1 1
15 0.1 22 0.6818181818181818 0.09090909090909091 0.4 16 0.875 0.125 0.5 16 0.875 0.125 0.6 15 0.8666666666666667 0.13333333333333333 0.7 15 0.8666666666666667 0.13333333333333333 0.9 0 1 1
15 0.1 22 0.6363636363636364 0.045454545454545456 0.4 19 0.7368421052631579 0.05263157894736842 0.5 19 0.7368421052631579 0.05263157894736842 0.6 16 0.875 0.0625 0.7 15 0.8666666666666667 0.06666666666666667 0.9 0 1 1
15 0.1 23 0.6521739130434783 0.0 0.4 19 0.7368421052631579 0.0 0.5 16 0.875 0.0 0.6 16 0.875 0.0 0.7 16 0.875 0.0 0.9 0 1 1
15 0.1 21 0.6666666666666666 0.0 0.4 17 0.7647058823529411 0.0 0.5 16 0.8125 0.0 0.6 15 0.8666666666666667 0.0 0.7 14 0.8571428571428571 0.0 0.9 0 1 1
15 0.1 22 0.6363636363636364 0.09090909090909091 0.4 17 0.8235294117647058 0.11764705882352941 0.5 17 0.8235294117647058 0.11764705882352941 0.6 16 0.875 0.125 0.7 14 0.8571428571428571 0.14285714285714285 0.9 0 1 1
15 0.1 21 0.7142857142857143 0.0 0.4 18 0.7777777777777778 0.0 0.5 16 0.875 0.0 0.6 16 0.875 0.0 0.7 15 0.8666666666666667 0.0 0.9 0 1 1
15 0.1 26 0.5769230769230769 0.038461538461538464 0.4 21 0.7142857142857143 0.047619047619047616 0.5 18 0.7777777777777778 0.05555555555555555 0.6 18 0.7777777777777778 0.05555555555555555 0.7 16 0.875 0.0625 0.9 2 1.0 0.0
15 0.1 19 0.7368421052631579 0.0 0.4 16 0.875 0.0 0.5 16 0.875 0.0 0.6 16 0.875 0.0 0.7 16 0.875 0.0 0.9 1 1.0 0.0
15 0.1 20 0.7 0.0 0.4 17 0.8235294117647058 0.0 0.5 16 0.875 0.0 0.6 16 0.875 0.0 0.7 16 0.875 0.0 0.9 0 1 1
15 0.1 20 0.7 0.0 0.4 18 0.7777777777777778 0.0 0.5 16 0.875 0.0 0.6 16 0.875 0.0 0.7 16 0.875 0.0 0.9 1 1.0 0.0
15 0.1 21 0.6666666666666666 0.0 0.4 17 0.8235294117647058 0.0 0.5 16 0.875 0.0 0.6 16 0.875 0.0 0.7 16 0.875 0.0 0.9 1 1.0 0.0
15 0.1 26 0.5769230769230769 0.11538461538461539 0.4 18 0.7777777777777778 0.16666666666666666 0.5 17 0.8235294117647058 0.17647058823529413 0.6 17 0.8235294117647058 0.17647058823529413 0.7 16 0.875 0.1875 0.9 1 1.0 0.0
15 0.1 23 0.6521739130434783 0.043478260869565216 0.4 18 0.7777777777777778 0.05555555555555555 0.5 18 0.7777777777777778 0.05555555555555555 0.6 18 0.7777777777777778 0.05555555555555555 0.7 16 0.875 0.0625 0.9 0 1 1
15 0.1 21 0.7142857142857143 0.09523809523809523 0.4 18 0.8333333333333334 0.1111111111111111 0.5 17 0.8823529411764706 0.11764705882352941 0.6 16 0.875 0.125 0.7 16 0.875 0.125 0.9 0 1 1
15 0.1 23 0.6521739130434783 0.043478260869565216 0.4 16 0.875 0.0625 0.5 16 0.875 0.0625 0.6 15 0.8666666666666667 0.06666666666666667 0.7 15 0.8666666666666667 0.06666666666666667 0.9 0 1 1
15 0.1 21 0.6666666666666666 0.047619047619047616 0.4 16 0.875 0.0625 0.5 16 0.875 0.0625 0.6 15 0.8666666666666667 0.06666666666666667 0.7 13 0.8461538461538461 0.07692307692307693 0.9 0 1 1
15 0.1 22 0.6363636363636364 0.0 0.4 16 0.875 0.0 0.5 16 0.875 0.0 0.6 16 0.875 0.0 0.7 16 0.875 0.0 0.9 1 1.0 0.0
15 0.1 19 0.7894736842105263 0.0 0.4 16 0.8125 0.0 0.5 16 0.8125 0.0 0.6 15 0.8666666666666667 0.0 0.7 15 0.8666666666666667 0.0 0.9 0 1 1
15 0.1 23 0.6521739130434783 0.043478260869565216 0.4 17 0.8823529411764706 0.058823529411764705 0.5 17 0.8823529411764706 0.058823529411764705 0.6 16 0.875 0.0625 0.7 16 0.875 0.0625 0.9 0 1 1
15 0.1 20 0.75 0.15 0.4 18 0.8333333333333334 0.16666666666666666 0.5 16 0.875 0.1875 0.6 16 0.875 0.1875 0.7 16 0.875 0.1875 0.9 0 1 1
15 0.1 22 0.6818181818181818 0.09090909090909091 0.4 18 0.7777777777777778 0.1111111111111111 0.5 18 0.7777777777777778 0.1111111111111111 0.6 17 0.8235294117647058 0.11764705882352941 0.7 17 0.8235294117647058 0.11764705882352941 0.9 0 1 1
15 0.1 22 0.6818181818181818 0.0 0.4 19 0.7368421052631579 0.0 0.5 18 0.7777777777777778 0.0 0.6 18 0.7777777777777778 0.0 0.7 17 0.8235294117647058 0.0 0.9 0 1 1
15 0.1 23 0.6521739130434783 0.0 0.4 21 0.7142857142857143 0.0 0.5 19 0.7894736842105263 0.0 0.6 18 0.7777777777777778 0.0 0.7 18 0.7777777777777778 0.0 0.9 2 1.0 0.0
15 0.1 17 0.7647058823529411 0.0 0.4 13 0.8461538461538461 0.0 0.5 13 0.8461538461538461 0.0 0.6 13 0.8461538461538461 0.0 0.7 12 0.8333333333333334 0.0 0.9 3 1.0 0.0
15 0.1 17 0.8235294117647058 0.17647058823529413 0.4 14 0.8571428571428571 0.21428571428571427 0.5 14 0.8571428571428571 0.21428571428571427 0.6 14 0.8571428571428571 0.21428571428571427 0.7 14 0.8571428571428571 0.21428571428571427 0.9 0 1 1
15 0.1 24 0.625 0.041666666666666664 0.4 19 0.7894736842105263 0.05263157894736842 0.5 19 0.7894736842105263 0.05263157894736842 0.6 16 0.875 0.0625 0.7 16 0.875 0.0625 0.9 1 1.0 0.0
15 0.1 24 0.625 0.0 0.4 20 0.7 0.0 0.5 18 0.7777777777777778 0.0 0.6 17 0.8235294117647058 0.0 0.7 16 0.8125 0.0 0.9 1 1.0 0.0
15 0.1 20 0.7 0.05 0.4 16 0.875 0.0625 0.5 16 0.875 0.0625 0.6 15 0.8666666666666667 0.06666666666666667 0.7 14 0.8571428571428571 0.07142857142857142 0.9 0 1 1
15 0.1 21 0.6666666666666666 0.09523809523809523 0.4 19 0.7368421052631579 0.10526315789473684 0.5 18 0.7777777777777778 0.1111111111111111 0.6 17 0.8235294117647058 0.11764705882352941 0.7 16 0.875 0.125 0.9 1 1.0 0.0
15 0.1 18 0.7777777777777778 0.05555555555555555 0.4 15 0.8666666666666667 0.06666666666666667 0.5 14 0.8571428571428571 0.07142857142857142 0.6 14 0.8571428571428571 0.07142857142857142 0.7 12 0.9166666666666666 0.08333333333333333 0.9 0 1 1
15 0.1 17 0.8235294117647058 0.11764705882352941 0.4 13 0.8461538461538461 0.15384615384615385 0.5 13 0.8461538461538461 0.15384615384615385 0.6 13 0.8461538461538461 0.15384615384615385 0.7 10 0.9 0.1 0.9 0 1 1
15 0.1 18 0.8333333333333334 0.0 0.4 15 0.8666666666666667 0.0 0.5 15 0.8666666666666667 0.0 0.6 13 0.8461538461538461 0.0 0.7 13 0.8461538461538461 0.0 0.9 0 1 1
15 0.1 17 0.8235294117647058 0.058823529411764705 0.4 15 0.8666666666666667 0.06666666666666667 0.5 15 0.8666666666666667 0.06666666666666667 0.6 15 0.8666666666666667 0.06666666666666667 0.7 14 0.8571428571428571 0.07142857142857142 0.9 0 1 1
15 0.1 22 0.6363636363636364 0.045454545454545456 0.4 17 0.8235294117647058 0.058823529411764705 0.5 16 0.875 0.0625 0.6 16 0.875 0.0625 0.7 16 0.875 0.0625 0.9 0 1 1
15 0.1 21 0.6666666666666666 0.047619047619047616 0.4 17 0.8235294117647058 0.058823529411764705 0.5 17 0.8235294117647058 0.058823529411764705 0.6 16 0.875 0.0625 0.7 16 0.875 0.0625 0.9 0 1 1
15 0.1 19 0.7368421052631579 0.0 0.4 15 0.8666666666666667 0.0 0.5 15 0.8666666666666667 0.0 0.6 15 0.8666666666666667 0.0 0.7 13 0.8461538461538461 0.0 0.9 0 1 1
15 0.1 18 0.7222222222222222 0.0 0.4 13 0.7692307692307693 0.0 0.5 12 0.8333333333333334 0.0 0.6 12 0.8333333333333334 0.0 0.7 12 0.8333333333333334 0.0 0.9 0 1 1
15 0.1 23 0.6521739130434783 0.043478260869565216 0.4 18 0.8333333333333334 0.05555555555555555 0.5 17 0.8823529411764706 0.058823529411764705 0.6 17 0.8823529411764706 0.058823529411764705 0.7 17 0.8823529411764706 0.058823529411764705 0.9 0 1 1
15 0.1 19 0.7368421052631579 0.0 0.4 16 0.8125 0.0 0.5 15 0.8666666666666667 0.0 0.6 15 0.8666666666666667 0.0 0.7 15 0.8666666666666667 0.0 0.9 0 1 1
15 0.1 21 0.7142857142857143 0.0 0.4 17 0.8235294117647058 0.0 0.5 17 0.8235294117647058 0.0 0.6 16 0.875 0.0 0.7 16 0.875 0.0 0.9 0 1 1
15 0.1 19 0.6842105263157895 0.0 0.4 16 0.8125 0.0 0.5 15 0.8 0.0 0.6 14 0.8571428571428571 0.0 0.7 14 0.8571428571428571 0.0 0.9 0 1 1
15 0.1 21 0.6666666666666666 0.0 0.4 19 0.7368421052631579 0.0 0.5 17 0.8235294117647058 0.0 0.6 17 0.8235294117647058 0.0 0.7 16 0.875 0.0 0.9 0 1 1
15 0.1 23 0.6086956521739131 0.0 0.4 21 0.6666666666666666 0.0 0.5 19 0.7368421052631579 0.0 0.6 16 0.875 0.0 0.7 16 0.875 0.0 0.9 2 1.0 0.0
15 0.1 19 0.6842105263157895 0.10526315789473684 0.4 16 0.8125 0.125 0.5 16 0.8125 0.125 0.6 16 0.8125 0.125 0.7 15 0.8666666666666667 0.13333333333333333 0.9 0 1 1
15 0.1 22 0.6363636363636364 0.0 0.4 18 0.7777777777777778 0.0 0.5 17 0.8235294117647058 0.0 0.6 16 0.875 0.0 0.7 16 0.875 0.0 0.9 1 1.0 0.0
15 0.1 25 0.6 0.0 0.4 17 0.8235294117647058 0.0 0.5 17 0.8235294117647058 0.0 0.6 16 0.875 0.0 0.7 16 0.875 0.0 0.9 0 1 1
15 0.1 19 0.7368421052631579 0.05263157894736842 0.4 16 0.8125 0.0625 0.5 14 0.8571428571428571 0.07142857142857142 0.6 14 0.8571428571428571 0.07142857142857142 0.7 14 0.8571428571428571 0.07142857142857142 0.9 0 1 1
15 0.1 23 0.6521739130434783 0.043478260869565216 0.4 17 0.8235294117647058 0.058823529411764705 0.5 16 0.875 0.0625 0.6 16 0.875 0.0625 0.7 16 0.875 0.0625 0.9 0 1 1
15 0.1 16 0.75 0.0 0.4 13 0.8461538461538461 0.0 0.5 13 0.8461538461538461 0.0 0.6 13 0.8461538461538461 0.0 0.7 12 0.8333333333333334 0.0 0.9 0 1 1
15 0.1 20 0.75 0.0 0.4 17 0.8823529411764706 0.0 0.5 16 0.875 0.0 0.6 16 0.875 0.0 0.7 15 0.8666666666666667 0.0 0.9 1 1.0 0.0
15 0.1 15 0.8666666666666667 0.2 0.4 15 0.8666666666666667 0.2 0.5 14 0.8571428571428571 0.21428571428571427 0.6 13 0.8461538461538461 0.23076923076923078 0.7 13 0.8461538461538461 0.23076923076923078 0.9 0 1 1
15 0.1 20 0.7 0.05 0.4 17 0.8235294117647058 0.058823529411764705 0.5 16 0.875 0.0625 0.6 16 0.875 0.0625 0.7 16 0.875 0.0625 0.9 0 1 1
15 0.1 17 0.8823529411764706 0.058823529411764705 0.4 17 0.8823529411764706 0.058823529411764705 0.5 17 0.8823529411764706 0.058823529411764705 0.6 17 0.8823529411764706 0.058823529411764705 0.7 16 0.875 0.0625 0.9 0 1 1
15 0.1 20 0.7 0.1 0.4 16 0.875 0.125 0.5 16 0.875 0.125 0.6 15 0.8666666666666667 0.13333333333333333 0.7 15 0.8666666666666667 0.13333333333333333 0.9 0 1 1
15 0.1 21 0.7142857142857143 0.0 0.4 17 0.8823529411764706 0.0 0.5 17 0.8823529411764706 0.0 0.6 16 0.875 0.0 0.7 16 0.875 0.0 0.9 0 1 1
15 0.1 23 0.6521739130434783 0.08695652173913043 0.4 17 0.8823529411764706 0.11764705882352941 0.5 17 0.8823529411764706 0.11764705882352941 0.6 16 0.875 0.125 0.7 15 0.8666666666666667 0.13333333333333333 0.9 0 1 1
15 0.1 20 0.75 0.1 0.4 16 0.875 0.125 0.5 16 0.875 0.125 0.6 16 0.875 0.125 0.7 16 0.875 0.125 0.9 0 1 1
15 0.1 20 0.75 0.1 0.4 17 0.8823529411764706 0.11764705882352941 0.5 17 0.8823529411764706 0.11764705882352941 0.6 17 0.8823529411764706 0.11764705882352941 0.7 17 0.8823529411764706 0.11764705882352941 0.9 1 1.0 0.0
15 0.1 18 0.7777777777777778 0.05555555555555555 0.4 16 0.875 0.0625 0.5 16 0.875 0.0625 0.6 16 0.875 0.0625 0.7 16 0.875 0.0625 0.9 1 1.0 0.0
15 0.1 19 0.7894736842105263 0.05263157894736842 0.4 17 0.8235294117647058 0.058823529411764705 0.5 16 0.875 0.0625 0.6 16 0.875 0.0625 0.7 16 0.875 0.0625 0.9 0 1 1
15 0.1 19 0.7368421052631579 0.15789473684210525 0.4 16 0.875 0.1875 0.5 15 0.8666666666666667 0.2 0.6 14 0.8571428571428571 0.21428571428571427 0.7 13 0.8461538461538461 0.23076923076923078 0.9 0 1 1
15 0.1 18 0.7222222222222222 0.1111111111111111 0.4 13 0.8461538461538461 0.07692307692307693 0.5 11 0.8181818181818182 0.09090909090909091 0.6 11 0.8181818181818182 0.09090909090909091 0.7 10 0.9 0.1 0.9 0 1 1
15 0.1 23 0.6521739130434783 0.0 0.4 17 0.8823529411764706 0.0 0.5 17 0.8823529411764706 0.0 0.6 17 0.8823529411764706 0.0 0.7 16 0.875 0.0 0.9 0 1 1
15 0.1 16 0.8125 0.0 0.4 14 0.8571428571428571 0.0 0.5 14 0.8571428571428571 0.0 0.6 14 0.8571428571428571 0.0 0.7 13 0.8461538461538461 0.0 0.9 0 1 1
15 0.1 19 0.7368421052631579 0.15789473684210525 0.4 15 0.8666666666666667 0.2 0.5 15 0.8666666666666667 0.2 0.6 12 0.8333333333333334 0.16666666666666666 0.7 11 0.8181818181818182 0.18181818181818182 0.9 0 1 1
15 0.1 18 0.7777777777777778 0.16666666666666666 0.4 16 0.875 0.1875 0.5 16 0.875 0.1875 0.6 15 0.8666666666666667 0.2 0.7 13 0.8461538461538461 0.23076923076923078 0.9 0 1 1
15 0.1 18 0.7777777777777778 0.16666666666666666 0.4 14 0.8571428571428571 0.21428571428571427 0.5 13 0.8461538461538461 0.23076923076923078 0.6 13 0.8461538461538461 0.23076923076923078 0.7 13 0.8461538461538461 0.23076923076923078 0.9 0 1 1
15 0.1 16 0.8125 0.0625 0.4 12 0.75 0.0 0.5 11 0.8181818181818182 0.0 0.6 11 0.8181818181818182 0.0 0.7 11 0.8181818181818182 0.0 0.9 0 1 1
15 0.1 21 0.6666666666666666 0.09523809523809523 0.4 17 0.8235294117647058 0.11764705882352941 0.5 17 0.8235294117647058 0.11764705882352941 0.6 16 0.875 0.125 0.7 16 0.875 0.125 0.9 0 1 1
15 0.1 17 0.8235294117647058 0.17647058823529413 0.4 17 0.8235294117647058 0.17647058823529413 0.5 16 0.875 0.1875 0.6 16 0.875 0.1875 0.7 16 0.875 0.1875 0.9 0 1 1
15 0.1 23 0.6521739130434783 0.043478260869565216 0.4 20 0.75 0.05 0.5 19 0.7894736842105263 0.05263157894736842 0.6 19 0.7894736842105263 0.05263157894736842 0.7 16 0.875 0.0625 0.9 0 1 1
15 0.1 23 0.6521739130434783 0.0 0.4 17 0.8235294117647058 0.0 0.5 17 0.8235294117647058 0.0 0.6 17 0.8235294117647058 0.0 0.7 15 0.8666666666666667 0.0 0.9 2 1.0 0.0
15 0.1 21 0.6666666666666666 0.047619047619047616 0.4 17 0.8235294117647058 0.058823529411764705 0.5 16 0.8125 0.0625 0.6 15 0.8666666666666667 0.06666666666666667 0.7 15 0.8666666666666667 0.06666666666666667 0.9 2 1.0 0.0
15 0.1 21 0.7142857142857143 0.0 0.4 17 0.8235294117647058 0.0 0.5 17 0.8235294117647058 0.0 0.6 17 0.8235294117647058 0.0 0.7 16 0.875 0.0 0.9 0 1 1
15 0.1 21 0.7142857142857143 0.0 0.4 17 0.8235294117647058 0.0 0.5 17 0.8235294117647058 0.0 0.6 17 0.8235294117647058 0.0 0.7 16 0.875 0.0 0.9 0 1 1
15 0.1 21 0.7142857142857143 0.047619047619047616 0.4 18 0.7777777777777778 0.05555555555555555 0.5 17 0.8235294117647058 0.058823529411764705 0.6 16 0.875 0.0625 0.7 16 0.875 0.0625 0.9 0 1 1
15 0.1 19 0.7894736842105263 0.05263157894736842 0.4 19 0.7894736842105263 0.05263157894736842 0.5 17 0.8235294117647058 0.058823529411764705 0.6 17 0.8235294117647058 0.058823529411764705 0.7 17 0.8235294117647058 0.058823529411764705 0.9 5 0.8 0.0
15 0.1 19 0.7894736842105263 0.05263157894736842 0.4 17 0.8235294117647058 0.058823529411764705 0.5 17 0.8235294117647058 0.058823529411764705 0.6 17 0.8235294117647058 0.058823529411764705 0.7 16 0.875 0.0625 0.9 5 1.0 0.2
15 0.1 22 0.6818181818181818 0.045454545454545456 0.4 19 0.7894736842105263 0.05263157894736842 0.5 19 0.7894736842105263 0.05263157894736842 0.6 18 0.8333333333333334 0.05555555555555555 0.7 16 0.875 0.0625 0.9 2 0.5 0.0
15 0.1 20 0.7 0.15 0.4 17 0.8235294117647058 0.17647058823529413 0.5 17 0.8235294117647058 0.17647058823529413 0.6 16 0.875 0.1875 0.7 16 0.875 0.1875 0.9 1 1.0 0.0
15 0.1 21 0.6666666666666666 0.09523809523809523 0.4 16 0.875 0.125 0.5 16 0.875 0.125 0.6 16 0.875 0.125 0.7 16 0.875 0.125 0.9 1 1.0 0.0
15 0.1 21 0.6666666666666666 0.14285714285714285 0.4 16 0.875 0.1875 0.5 16 0.875 0.1875 0.6 16 0.875 0.1875 0.7 16 0.875 0.1875 0.9 1 1.0 0.0
15 0.1 21 0.6666666666666666 0.09523809523809523 0.4 18 0.7777777777777778 0.1111111111111111 0.5 16 0.875 0.125 0.6 16 0.875 0.125 0.7 16 0.875 0.125 0.9 1 1.0 0.0
15 0.1 21 0.6666666666666666 0.14285714285714285 0.4 17 0.8235294117647058 0.17647058823529413 0.5 16 0.875 0.1875 0.6 16 0.875 0.1875 0.7 16 0.875 0.1875 0.9 3 0.6666666666666666 0.0
15 0.1 20 0.7 0.05 0.4 16 0.875 0.0625 0.5 16 0.875 0.0625 0.6 16 0.875 0.0625 0.7 15 0.8666666666666667 0.06666666666666667 0.9 0 1 1
15 0.1 20 0.7 0.0 0.4 18 0.7777777777777778 0.0 0.5 17 0.8235294117647058 0.0 0.6 17 0.8235294117647058 0.0 0.7 17 0.8235294117647058 0.0 0.9 0 1 1
15 0.1 21 0.6666666666666666 0.0 0.4 17 0.8235294117647058 0.0 0.5 17 0.8235294117647058 0.0 0.6 17 0.8235294117647058 0.0 0.7 17 0.8235294117647058 0.0 0.9 1 1.0 0.0
15 0.1 19 0.7368421052631579 0.15789473684210525 0.4 17 0.8235294117647058 0.17647058823529413 0.5 17 0.8235294117647058 0.17647058823529413 0.6 16 0.875 0.1875 0.7 16 0.875 0.1875 0.9 2 0.5 0.0
15 0.1 22 0.6818181818181818 0.045454545454545456 0.4 17 0.8235294117647058 0.058823529411764705 0.5 17 0.8235294117647058 0.058823529411764705 0.6 17 0.8235294117647058 0.058823529411764705 0.7 17 0.8235294117647058 0.058823529411764705 0.9 3 0.6666666666666666 0.0
15 0.1 23 0.6521739130434783 0.08695652173913043 0.4 17 0.8235294117647058 0.11764705882352941 0.5 17 0.8235294117647058 0.11764705882352941 0.6 17 0.8235294117647058 0.11764705882352941 0.7 17 0.8235294117647058 0.11764705882352941 0.9 1 1.0 1.0
15 0.1 23 0.6521739130434783 0.0 0.4 20 0.7 0.0 0.5 17 0.8235294117647058 0.0 0.6 17 0.8235294117647058 0.0 0.7 16 0.875 0.0 0.9 6 0.8333333333333334 0.0
15 0.1 20 0.75 0.05 0.4 18 0.8333333333333334 0.05555555555555555 0.5 18 0.8333333333333334 0.05555555555555555 0.6 17 0.8823529411764706 0.058823529411764705 0.7 16 0.875 0.0625 0.9 3 0.6666666666666666 0.0
15 0.1 23 0.6521739130434783 0.0 0.4 19 0.7894736842105263 0.0 0.5 17 0.8823529411764706 0.0 0.6 17 0.8823529411764706 0.0 0.7 16 0.875 0.0 0.9 3 0.6666666666666666 0.0
15 0.1 19 0.7368421052631579 0.10526315789473684 0.4 16 0.875 0.125 0.5 16 0.875 0.125 0.6 15 0.8666666666666667 0.13333333333333333 0.7 13 0.8461538461538461 0.15384615384615385 0.9 2 0.5 0.5
15 0.1 20 0.75 0.1 0.4 17 0.8235294117647058 0.11764705882352941 0.5 16 0.875 0.125 0.6 16 0.875 0.125 0.7 16 0.875 0.125 0.9 3 0.6666666666666666 0.3333333333333333
15 0.1 24 0.625 0.041666666666666664 0.4 18 0.7777777777777778 0.05555555555555555 0.5 18 0.7777777777777778 0.05555555555555555 0.6 17 0.8235294117647058 0.058823529411764705 0.7 17 0.8235294117647058 0.058823529411764705 0.9 2 0.5 0.0
15 0.1 15 0.8 0.2 0.4 13 0.8461538461538461 0.23076923076923078 0.5 13 0.8461538461538461 0.23076923076923078 0.6 13 0.8461538461538461 0.23076923076923078 0.7 13 0.8461538461538461 0.23076923076923078 0.9 0 1 1
15 0.1 19 0.7368421052631579 0.10526315789473684 0.4 17 0.8235294117647058 0.11764705882352941 0.5 15 0.8666666666666667 0.13333333333333333 0.6 15 0.8666666666666667 0.13333333333333333 0.7 15 0.8666666666666667 0.13333333333333333 0.9 1 0.0 0.0
15 0.1 18 0.7777777777777778 0.1111111111111111 0.4 15 0.8 0.13333333333333333 0.5 13 0.8461538461538461 0.15384615384615385 0.6 13 0.8461538461538461 0.15384615384615385 0.7 12 0.8333333333333334 0.16666666666666666 0.9 1 1.0 0.0
15 0.1 23 0.6521739130434783 0.08695652173913043 0.4 19 0.7894736842105263 0.10526315789473684 0.5 18 0.8333333333333334 0.1111111111111111 0.6 16 0.8125 0.125 0.7 15 0.8666666666666667 0.13333333333333333 0.9 2 0.5 0.0
15 0.1 22 0.6818181818181818 0.09090909090909091 0.4 18 0.7777777777777778 0.1111111111111111 0.5 17 0.8235294117647058 0.11764705882352941 0.6 16 0.875 0.125 0.7 16 0.875 0.125 0.9 3 0.6666666666666666 0.3333333333333333
15 0.1 19 0.7368421052631579 0.05263157894736842 0.4 17 0.8235294117647058 0.058823529411764705 0.5 17 0.8235294117647058 0.058823529411764705 0.6 16 0.875 0.0625 0.7 16 0.875 0.0625 0.9 1 1.0 1.0
15 0.1 19 0.7368421052631579 0.0 0.4 17 0.8235294117647058 0.0 0.5 17 0.8235294117647058 0.0 0.6 17 0.8235294117647058 0.0 0.7 16 0.875 0.0 0.9 1 1.0 0.0
15 0.1 20 0.75 0.15 0.4 18 0.7777777777777778 0.16666666666666666 0.5 18 0.7777777777777778 0.16666666666666666 0.6 17 0.8235294117647058 0.17647058823529413 0.7 16 0.875 0.1875 0.9 2 0.5 0.5
15 0.1 19 0.7368421052631579 0.05263157894736842 0.4 17 0.8235294117647058 0.058823529411764705 0.5 17 0.8235294117647058 0.058823529411764705 0.6 16 0.875 0.0625 0.7 16 0.875 0.0625 0.9 2 0.5 0.5
15 0.1 20 0.7 0.05 0.4 17 0.8235294117647058 0.058823529411764705 0.5 17 0.8235294117647058 0.058823529411764705 0.6 15 0.8666666666666667 0.06666666666666667 0.7 15 0.8666666666666667 0.06666666666666667 0.9 1 1.0 1.0
15 0.1 21 0.7142857142857143 0.047619047619047616 0.4 19 0.7894736842105263 0.05263157894736842 0.5 17 0.8235294117647058 0.058823529411764705 0.6 17 0.8235294117647058 0.058823529411764705 0.7 17 0.8235294117647058 0.058823529411764705 0.9 3 0.6666666666666666 0.0
15 0.1 19 0.7368421052631579 0.05263157894736842 0.4 17 0.8235294117647058 0.058823529411764705 0.5 17 0.8235294117647058 0.058823529411764705 0.6 17 0.8235294117647058 0.058823529411764705 0.7 16 0.875 0.0625 0.9 4 0.75 0.25
15 0.1 19 0.7368421052631579 0.10526315789473684 0.4 18 0.7777777777777778 0.1111111111111111 0.5 18 0.7777777777777778 0.1111111111111111 0.6 17 0.8235294117647058 0.11764705882352941 0.7 17 0.8235294117647058 0.11764705882352941 0.9 7 0.8571428571428571 0.14285714285714285
15 0.1 20 0.7 0.05 0.4 18 0.7777777777777778 0.05555555555555555 0.5 18 0.7777777777777778 0.05555555555555555 0.6 18 0.7777777777777778 0.05555555555555555 0.7 18 0.7777777777777778 0.05555555555555555 0.9 4 0.75 0.25
15 0.1 19 0.7368421052631579 0.0 0.4 17 0.8235294117647058 0.0 0.5 16 0.875 0.0 0.6 16 0.875 0.0 0.7 16 0.875 0.0 0.9 0 1 1
15 0.1 18 0.7777777777777778 0.1111111111111111 0.4 15 0.8666666666666667 0.13333333333333333 0.5 15 0.8666666666666667 0.13333333333333333 0.6 14 0.8571428571428571 0.14285714285714285 0.7 13 0.8461538461538461 0.15384615384615385 0.9 0 1 1
15 0.1 21 0.6666666666666666 0.0 0.4 19 0.7368421052631579 0.0 0.5 18 0.7777777777777778 0.0 0.6 17 0.8235294117647058 0.0 0.7 17 0.8235294117647058 0.0 0.9 0 1 1
15 0.1 20 0.7 0.0 0.4 18 0.7777777777777778 0.0 0.5 17 0.8235294117647058 0.0 0.6 17 0.8235294117647058 0.0 0.7 17 0.8235294117647058 0.0 0.9 2 0.5 0.0
15 0.1 23 0.6521739130434783 0.0 0.4 19 0.7368421052631579 0.0 0.5 18 0.7777777777777778 0.0 0.6 18 0.7777777777777778 0.0 0.7 17 0.8235294117647058 0.0 0.9 7 0.8571428571428571 0.0
15 0.1 21 0.6666666666666666 0.0 0.4 19 0.7368421052631579 0.0 0.5 17 0.8235294117647058 0.0 0.6 17 0.8235294117647058 0.0 0.7 17 0.8235294117647058 0.0 0.9 4 0.75 0.0
15 0.1 21 0.6666666666666666 0.0 0.4 20 0.7 0.0 0.5 19 0.7368421052631579 0.0 0.6 18 0.7777777777777778 0.0 0.7 17 0.8235294117647058 0.0 0.9 5 0.8 0.0
15 0.1 20 0.7 0.0 0.4 19 0.7368421052631579 0.0 0.5 18 0.7777777777777778 0.0 0.6 18 0.7777777777777778 0.0 0.7 18 0.7777777777777778 0.0 0.9 8 0.875 0.0
15 0.1 24 0.625 0.0 0.4 20 0.75 0.0 0.5 18 0.7777777777777778 0.0 0.6 18 0.7777777777777778 0.0 0.7 18 0.7777777777777778 0.0 0.9 8 0.875 0.0
15 0.1 19 0.7368421052631579 0.05263157894736842 0.4 16 0.875 0.0625 0.5 16 0.875 0.0625 0.6 16 0.875 0.0625 0.7 16 0.875 0.0625 0.9 2 0.5 0.5
15 0.1 20 0.7 0.15 0.4 17 0.8235294117647058 0.17647058823529413 0.5 17 0.8235294117647058 0.17647058823529413 0.6 17 0.8235294117647058 0.17647058823529413 0.7 17 0.8235294117647058 0.17647058823529413 0.9 5 0.8 0.2
15 0.1 17 0.8235294117647058 0.17647058823529413 0.4 16 0.875 0.1875 0.5 16 0.875 0.1875 0.6 16 0.875 0.1875 0.7 15 0.8666666666666667 0.2 0.9 1 1.0 1.0
15 0.1 21 0.6666666666666666 0.047619047619047616 0.4 17 0.8235294117647058 0.058823529411764705 0.5 17 0.8235294117647058 0.058823529411764705 0.6 17 0.8235294117647058 0.058823529411764705 0.7 17 0.8235294117647058 0.058823529411764705 0.9 1 1.0 0.0
15 0.1 20 0.7 0.0 0.4 17 0.8235294117647058 0.0 0.5 17 0.8235294117647058 0.0 0.6 17 0.8235294117647058 0.0 0.7 17 0.8235294117647058 0.0 0.9 1 1.0 0.0
15 0.1 19 0.7368421052631579 0.10526315789473684 0.4 18 0.7777777777777778 0.1111111111111111 0.5 18 0.7777777777777778 0.1111111111111111 0.6 17 0.8235294117647058 0.11764705882352941 0.7 16 0.875 0.125 0.9 3 0.6666666666666666 0.0
15 0.1 19 0.7368421052631579 0.10526315789473684 0.4 17 0.8235294117647058 0.11764705882352941 0.5 16 0.875 0.125 0.6 16 0.875 0.125 0.7 16 0.875 0.125 0.9 1 1.0 0.0
