41 0.1 0 1 1 0.4 0 1 1 0.5 0 1 1 0.6 0 1 1 0.7 0 1 1 0.9 0 1 1
41 0.1 0 1 1 0.4 0 1 1 0.5 0 1 1 0.6 0 1 1 0.7 0 1 1 0.9 0 1 1
41 0.1 1 0.0 0.0 0.4 0 1 1 0.5 0 1 1 0.6 0 1 1 0.7 0 1 1 0.9 0 1 1
41 0.1 4 0.0 0.0 0.4 0 1 1 0.5 0 1 1 0.6 0 1 1 0.7 0 1 1 0.9 0 1 1
41 0.1 61 0.06557377049180328 0.0 0.4 3 0.0 0.0 0.5 0 1 1 0.6 0 1 1 0.7 0 1 1 0.9 0 1 1
41 0.1 207 0.07246376811594203 0.0 0.4 16 0.0625 0.0 0.5 11 0.09090909090909091 0.0 0.6 7 0.14285714285714285 0.0 0.7 3 0.3333333333333333 0.0 0.9 0 1 1
41 0.1 195 0.11794871794871795 0.0 0.4 10 0.1 0.0 0.5 2 0.5 0.0 0.6 1 1.0 0.0 0.7 0 1 1 0.9 0 1 1
41 0.1 171 0.09941520467836257 0.0 0.4 14 0.14285714285714285 0.0 0.5 6 0.16666666666666666 0.0 0.6 2 0.0 0.0 0.7 0 1 1 0.9 0 1 1
41 0.1 548 0.06386861313868614 0.0 0.4 93 0.13978494623655913 0.0 0.5 45 0.2 0.0 0.6 14 0.2857142857142857 0.0 0.7 1 0.0 0.0 0.9 0 1 1
41 0.1 627 0.06379585326953748 0.0 0.4 139 0.22302158273381295 0.0 0.5 71 0.323943661971831 0.0 0.6 18 0.5 0.0 0.7 1 0.0 0.0 0.9 0 1 1
41 0.1 666 0.057057057057057055 0.0 0.4 171 0.18128654970760233 0.0 0.5 95 0.24210526315789474 0.0 0.6 43 0.32558139534883723 0.0 0.7 7 0.42857142857142855 0.0 0.9 0 1 1
41 0.1 382 0.09947643979057591 0.0 0.4 84 0.35714285714285715 0.0 0.5 44 0.4772727272727273 0.0 0.6 17 0.6470588235294118 0.0 0.7 0 1 1 0.9 0 1 1
41 0.1 476 0.0819327731092437 0.0 0.4 114 0.23684210526315788 0.0 0.5 46 0.41304347826086957 0.0 0.6 17 0.5882352941176471 0.0 0.7 6 0.3333333333333333 0.0 0.9 0 1 1
41 0.1 436 0.0871559633027523 0.0 0.4 95 0.28421052631578947 0.0 0.5 43 0.4418604651162791 0.0 0.6 13 0.6153846153846154 0.0 0.7 5 0.6 0.0 0.9 0 1 1
41 0.1 296 0.11486486486486487 0.0 0.4 26 0.38461538461538464 0.0 0.5 8 0.5 0.0 0.6 3 0.6666666666666666 0.0 0.7 0 1 1 0.9 0 1 1
41 0.1 209 0.1722488038277512 0.0 0.4 45 0.4666666666666667 0.0 0.5 20 0.6 0.0 0.6 5 0.8 0.0 0.7 0 1 1 0.9 0 1 1
41 0.1 255 0.1411764705882353 0.0 0.4 78 0.32051282051282054 0.0 0.5 50 0.34 0.0 0.6 31 0.41935483870967744 0.0 0.7 13 0.5384615384615384 0.0 0.9 0 1 1
41 0.1 349 0.11174785100286533 0.0 0.4 96 0.34375 0.0 0.5 73 0.4383561643835616 0.0 0.6 37 0.5945945945945946 0.0 0.7 17 0.6470588235294118 0.0 0.9 0 1 1
41 0.1 273 0.10989010989010989 0.0 0.4 67 0.22388059701492538 0.0 0.5 29 0.27586206896551724 0.0 0.6 13 0.38461538461538464 0.0 0.7 3 0.3333333333333333 0.0 0.9 0 1 1
41 0.1 271 0.13653136531365315 0.0 0.4 119 0.24369747899159663 0.0 0.5 79 0.31645569620253167 0.0 0.6 52 0.34615384615384615 0.0 0.7 25 0.28 0.0 0.9 0 1 1
41 0.1 135 0.24444444444444444 0.0 0.4 17 0.6470588235294118 0.0 0.5 5 0.8 0.0 0.6 0 1 1 0.7 0 1 1 0.9 0 1 1
41 0.1 223 0.17040358744394618 0.0 0.4 67 0.373134328358209 0.0 0.5 22 0.4090909090909091 0.0 0.6 4 0.5 0.0 0.7 1 1.0 0.0 0.9 0 1 1
41 0.1 470 0.07234042553191489 0.0 0.4 213 0.15023474178403756 0.0 0.5 166 0.18072289156626506 0.0 0.6 128 0.2265625 0.0 0.7 83 0.30120481927710846 0.0 0.9 0 1 1
41 0.1 259 0.14671814671814673 0.0 0.4 97 0.31958762886597936 0.0 0.5 76 0.35526315789473684 0.0 0.6 50 0.48 0.0 0.7 26 0.6538461538461539 0.0 0.9 0 1 1
41 0.1 164 0.25 0.0 0.4 69 0.5507246376811594 0.0 0.5 58 0.6379310344827587 0.0 0.6 39 0.717948717948718 0.0 0.7 27 0.8148148148148148 0.0 0.9 0 1 1
41 0.1 281 0.1423487544483986 0.0 0.4 123 0.2926829268292683 0.0 0.5 80 0.3875 0.0 0.6 26 0.6538461538461539 0.0 0.7 2 0.5 0.0 0.9 0 1 1
41 0.1 140 0.2714285714285714 0.0 0.4 55 0.43636363636363634 0.0 0.5 40 0.45 0.0 0.6 23 0.6086956521739131 0.0 0.7 12 0.5833333333333334 0.0 0.9 0 1 1
41 0.1 45 0.3111111111111111 0.0 0.4 11 0.5454545454545454 0.0 0.5 7 0.5714285714285714 0.0 0.6 2 0.5 0.0 0.7 2 0.5 0.0 0.9 0 1 1
41 0.1 192 0.19270833333333334 0.0 0.4 123 0.2845528455284553 0.0 0.5 96 0.3541666666666667 0.0 0.6 72 0.375 0.0 0.7 33 0.6060606060606061 0.0 0.9 0 1 1
41 0.1 226 0.16371681415929204 0.0 0.4 118 0.2711864406779661 0.0 0.5 97 0.31958762886597936 0.0 0.6 72 0.4305555555555556 0.0 0.7 48 0.5833333333333334 0.0 0.9 2 1.0 0.0
41 0.1 168 0.2261904761904762 0.0 0.4 95 0.35789473684210527 0.0 0.5 80 0.35 0.0 0.6 53 0.4528301886792453 0.0 0.7 23 0.6956521739130435 0.0 0.9 0 1 1
41 0.1 89 0.39325842696629215 0.0 0.4 31 0.7096774193548387 0.0 0.5 25 0.8 0.0 0.6 12 0.9166666666666666 0.0 0.7 6 1.0 0.0 0.9 0 1 1
41 0.1 76 0.5263157894736842 0.0 0.4 41 0.7560975609756098 0.0 0.5 31 0.8387096774193549 0.0 0.6 25 0.84 0.0 0.7 11 0.9090909090909091 0.0 0.9 0 1 1
41 0.1 74 0.5 0.0 0.4 38 0.7368421052631579 0.0 0.5 31 0.8064516129032258 0.0 0.6 24 0.875 0.0 0.7 20 0.9 0.0 0.9 0 1 1
41 0.1 66 0.5606060606060606 0.015151515151515152 0.4 43 0.7441860465116279 0.023255813953488372 0.5 34 0.8529411764705882 0.029411764705882353 0.6 26 0.8461538461538461 0.038461538461538464 0.7 9 1.0 0.1111111111111111 0.9 0 1 1
41 0.1 59 0.5254237288135594 0.0 0.4 23 0.7391304347826086 0.0 0.5 10 0.8 0.0 0.6 4 0.5 0.0 0.7 0 1 1 0.9 0 1 1
41 0.1 109 0.3486238532110092 0.0 0.4 64 0.5 0.0 0.5 52 0.5961538461538461 0.0 0.6 36 0.7777777777777778 0.0 0.7 25 0.88 0.0 0.9 1 1.0 0.0
41 0.1 119 0.31932773109243695 0.0 0.4 79 0.45569620253164556 0.0 0.5 63 0.5555555555555556 0.0 0.6 35 0.8857142857142857 0.0 0.7 22 0.9545454545454546 0.0 0.9 0 1 1
41 0.1 121 0.24793388429752067 0.0 0.4 4 1.0 0.0 0.5 0 1 1 0.6 0 1 1 0.7 0 1 1 0.9 0 1 1
41 0.1 128 0.2890625 0.0 0.4 63 0.5396825396825397 0.0 0.5 40 0.775 0.0 0.6 30 0.8666666666666667 0.0 0.7 18 0.8888888888888888 0.0 0.9 0 1 1
41 0.1 70 0.45714285714285713 0.0 0.4 33 0.696969696969697 0.0 0.5 27 0.7777777777777778 0.0 0.6 22 0.8181818181818182 0.0 0.7 18 0.8888888888888888 0.0 0.9 0 1 1
41 0.1 74 0.3783783783783784 0.0 0.4 30 0.6 0.0 0.5 19 0.7368421052631579 0.0 0.6 11 0.9090909090909091 0.0 0.7 7 0.8571428571428571 0.0 0.9 0 1 1
41 0.1 20 0.25 0.0 0.4 7 0.5714285714285714 0.0 0.5 4 0.75 0.0 0.6 3 0.6666666666666666 0.0 0.7 1 1.0 0.0 0.9 0 1 1
41 0.1 12 0.5833333333333334 0.0 0.4 5 1.0 0.0 0.5 3 1.0 0.0 0.6 1 1.0 0.0 0.7 1 1.0 0.0 0.9 0 1 1
41 0.1 51 0.5294117647058824 0.0 0.4 18 0.7222222222222222 0.0 0.5 17 0.7647058823529411 0.0 0.6 14 0.8571428571428571 0.0 0.7 8 0.875 0.0 0.9 0 1 1
41 0.1 75 0.49333333333333335 0.0 0.4 50 0.66 0.0 0.5 42 0.7142857142857143 0.0 0.6 33 0.8181818181818182 0.0 0.7 19 0.8947368421052632 0.0 0.9 1 1.0 0.0
41 0.1 66 0.5151515151515151 0.0 0.4 30 0.7333333333333333 0.0 0.5 22 0.8636363636363636 0.0 0.6 21 0.8571428571428571 0.0 0.7 14 0.8571428571428571 0.0 0.9 0 1 1
41 0.1 64 0.453125 0.0 0.4 21 0.8095238095238095 0.0 0.5 13 0.9230769230769231 0.0 0.6 8 1.0 0.0 0.7 6 1.0 0.0 0.9 0 1 1
41 0.1 65 0.5846153846153846 0.0 0.4 31 0.7741935483870968 0.0 0.5 18 0.8333333333333334 0.0 0.6 8 1.0 0.0 0.7 0 1 1 0.9 0 1 1
41 0.1 66 0.5757575757575758 0.015151515151515152 0.4 39 0.8974358974358975 0.02564102564102564 0.5 36 0.9166666666666666 0.027777777777777776 0.6 26 0.9230769230769231 0.0 0.7 14 1.0 0.0 0.9 0 1 1
41 0.1 73 0.5068493150684932 0.0136986301369863 0.4 45 0.8 0.022222222222222223 0.5 42 0.8571428571428571 0.023809523809523808 0.6 37 0.8918918918918919 0.02702702702702703 0.7 26 0.8846153846153846 0.038461538461538464 0.9 0 1 1
41 0.1 83 0.46987951807228917 0.03614457831325301 0.4 44 0.75 0.06818181818181818 0.5 36 0.8333333333333334 0.08333333333333333 0.6 30 0.8666666666666667 0.06666666666666667 0.7 22 0.8181818181818182 0.045454545454545456 0.9 0 1 1
41 0.1 83 0.42168674698795183 0.0 0.4 38 0.7105263157894737 0.0 0.5 25 0.8 0.0 0.6 12 0.9166666666666666 0.0 0.7 3 1.0 0.0 0.9 0 1 1
41 0.1 52 0.40384615384615385 0.0 0.4 9 0.4444444444444444 0.0 0.5 2 1.0 0.0 0.6 0 1 1 0.7 0 1 1 0.9 0 1 1
41 0.1 53 0.5094339622641509 0.0 0.4 22 0.8636363636363636 0.0 0.5 18 0.9444444444444444 0.0 0.6 12 1.0 0.0 0.7 10 1.0 0.0 0.9 0 1 1
41 0.1 65 0.5692307692307692 0.0 0.4 44 0.75 0.0 0.5 35 0.8 0.0 0.6 25 0.92 0.0 0.7 21 0.9523809523809523 0.0 0.9 0 1 1
41 0.1 46 0.717391304347826 0.021739130434782608 0.4 29 0.8275862068965517 0.034482758620689655 0.5 22 0.8636363636363636 0.045454545454545456 0.6 16 0.9375 0.0625 0.7 10 1.0 0.0 0.9 0 1 1
41 0.1 86 0.43023255813953487 0.0 0.4 56 0.6607142857142857 0.0 0.5 47 0.7446808510638298 0.0 0.6 44 0.7727272727272727 0.0 0.7 36 0.8611111111111112 0.0 0.9 3 1.0 0.0
41 0.1 95 0.4 0.0 0.4 47 0.6382978723404256 0.0 0.5 38 0.7105263157894737 0.0 0.6 31 0.7741935483870968 0.0 0.7 16 0.875 0.0 0.9 0 1 1
41 0.1 94 0.3829787234042553 0.0 0.4 33 0.7272727272727273 0.0 0.5 25 0.76 0.0 0.6 10 0.8 0.0 0.7 3 1.0 0.0 0.9 0 1 1
41 0.1 74 0.5 0.0 0.4 48 0.75 0.0 0.5 44 0.8181818181818182 0.0 0.6 38 0.868421052631579 0.0 0.7 32 0.90625 0.0 0.9 0 1 1
41 0.1 131 0.26717557251908397 0.0 0.4 77 0.35064935064935066 0.0 0.5 45 0.5111111111111111 0.0 0.6 23 0.7391304347826086 0.0 0.7 9 1.0 0.0 0.9 0 1 1
41 0.1 103 0.36893203883495146 0.0 0.4 62 0.5645161290322581 0.0 0.5 52 0.6730769230769231 0.0 0.6 46 0.7608695652173914 0.0 0.7 39 0.8205128205128205 0.0 0.9 2 1.0 0.0
41 0.1 54 0.5555555555555556 0.0 0.4 19 0.8421052631578947 0.0 0.5 14 0.7857142857142857 0.0 0.6 10 0.8 0.0 0.7 6 0.8333333333333334 0.0 0.9 0 1 1
41 0.1 0 1 1 0.4 0 1 1 0.5 0 1 1 0.6 0 1 1 0.7 0 1 1 0.9 0 1 1
41 0.1 6 0.3333333333333333 0.0 0.4 0 1 1 0.5 0 1 1 0.6 0 1 1 0.7 0 1 1 0.9 0 1 1
41 0.1 56 0.0 0.0 0.4 0 1 1 0.5 0 1 1 0.6 0 1 1 0.7 0 1 1 0.9 0 1 1
41 0.1 32 0.1875 0.0 0.4 5 0.6 0.0 0.5 1 1.0 0.0 0.6 1 1.0 0.0 0.7 0 1 1 0.9 0 1 1
41 0.1 20 0.05 0.0 0.4 0 1 1 0.5 0 1 1 0.6 0 1 1 0.7 0 1 1 0.9 0 1 1
41 0.1 0 1 1 0.4 0 1 1 0.5 0 1 1 0.6 0 1 1 0.7 0 1 1 0.9 0 1 1
41 0.1 1 0.0 0.0 0.4 0 1 1 0.5 0 1 1 0.6 0 1 1 0.7 0 1 1 0.9 0 1 1
41 0.1 0 1 1 0.4 0 1 1 0.5 0 1 1 0.6 0 1 1 0.7 0 1 1 0.9 0 1 1
41 0.1 0 1 1 0.4 0 1 1 0.5 0 1 1 0.6 0 1 1 0.7 0 1 1 0.9 0 1 1
41 0.1 24 0.5 0.0 0.4 1 1.0 0.0 0.5 0 1 1 0.6 0 1 1 0.7 0 1 1 0.9 0 1 1
41 0.1 69 0.43478260869565216 0.0 0.4 26 0.6538461538461539 0.0 0.5 15 0.6666666666666666 0.0 0.6 8 0.875 0.0 0.7 2 1.0 0.0 0.9 0 1 1
41 0.1 52 0.46153846153846156 0.0 0.4 6 0.6666666666666666 0.0 0.5 3 0.6666666666666666 0.0 0.6 1 1.0 0.0 0.7 1 1.0 0.0 0.9 0 1 1
41 0.1 52 0.4423076923076923 0.0 0.4 8 0.875 0.0 0.5 3 1.0 0.0 0.6 1 1.0 0.0 0.7 1 1.0 0.0 0.9 0 1 1
41 0.1 30 0.5333333333333333 0.0 0.4 1 1.0 0.0 0.5 1 1.0 0.0 0.6 1 1.0 0.0 0.7 0 1 1 0.9 0 1 1
41 0.1 94 0.2978723404255319 0.0 0.4 14 0.7142857142857143 0.0 0.5 4 1.0 0.0 0.6 0 1 1 0.7 0 1 1 0.9 0 1 1
41 0.1 104 0.27884615384615385 0.0 0.4 13 0.46153846153846156 0.0 0.5 1 0.0 0.0 0.6 0 1 1 0.7 0 1 1 0.9 0 1 1
41 0.1 79 0.34177215189873417 0.0 0.4 13 0.8461538461538461 0.0 0.5 9 1.0 0.0 0.6 4 1.0 0.0 0.7 0 1 1 0.9 0 1 1
41 0.1 15 0.5333333333333333 0.0 0.4 4 1.0 0.0 0.5 2 1.0 0.0 0.6 0 1 1 0.7 0 1 1 0.9 0 1 1
41 0.1 49 0.5714285714285714 0.0 0.4 21 0.6666666666666666 0.0 0.5 12 0.6666666666666666 0.0 0.6 10 0.7 0.0 0.7 3 1.0 0.0 0.9 0 1 1
41 0.1 61 0.5409836065573771 0.0 0.4 38 0.7368421052631579 0.0 0.5 29 0.7241379310344828 0.0 0.6 16 0.875 0.0 0.7 12 0.9166666666666666 0.0 0.9 0 1 1
41 0.1 18 0.3888888888888889 0.0 0.4 5 0.2 0.0 0.5 4 0.25 0.0 0.6 1 0.0 0.0 0.7 0 1 1 0.9 0 1 1
41 0.1 46 0.41304347826086957 0.0 0.4 11 0.5454545454545454 0.0 0.5 6 0.5 0.0 0.6 0 1 1 0.7 0 1 1 0.9 0 1 1
41 0.1 97 0.38144329896907214 0.010309278350515464 0.4 43 0.7674418604651163 0.023255813953488372 0.5 31 0.8709677419354839 0.03225806451612903 0.6 19 0.8947368421052632 0.0 0.7 12 0.9166666666666666 0.0 0.9 0 1 1
41 0.1 187 0.13368983957219252 0.0 0.4 18 0.6666666666666666 0.0 0.5 7 0.7142857142857143 0.0 0.6 1 1.0 0.0 0.7 0 1 1 0.9 0 1 1
41 0.1 176 0.21022727272727273 0.005681818181818182 0.4 38 0.6842105263157895 0.02631578947368421 0.5 24 0.75 0.041666666666666664 0.6 11 0.9090909090909091 0.09090909090909091 0.7 4 0.75 0.0 0.9 0 1 1
41 0.1 98 0.2857142857142857 0.01020408163265306 0.4 13 0.8461538461538461 0.0 0.5 4 0.75 0.0 0.6 1 0.0 0.0 0.7 0 1 1 0.9 0 1 1
41 0.1 0 1 1 0.4 0 1 1 0.5 0 1 1 0.6 0 1 1 0.7 0 1 1 0.9 0 1 1
41 0.1 45 0.37777777777777777 0.0 0.4 6 0.5 0.0 0.5 2 1.0 0.0 0.6 0 1 1 0.7 0 1 1 0.9 0 1 1
41 0.1 91 0.31868131868131866 0.01098901098901099 0.4 28 0.5357142857142857 0.03571428571428571 0.5 19 0.47368421052631576 0.05263157894736842 0.6 7 0.5714285714285714 0.14285714285714285 0.7 1 1.0 1.0 0.9 0 1 1
41 0.1 51 0.5294117647058824 0.0 0.4 16 0.75 0.0 0.5 12 0.75 0.0 0.6 6 0.8333333333333334 0.0 0.7 1 0.0 0.0 0.9 0 1 1
41 0.1 130 0.2692307692307692 0.0 0.4 27 0.6296296296296297 0.0 0.5 18 0.6666666666666666 0.0 0.6 7 0.8571428571428571 0.0 0.7 2 1.0 0.0 0.9 0 1 1
41 0.1 91 0.37362637362637363 0.01098901098901099 0.4 28 0.6785714285714286 0.03571428571428571 0.5 23 0.7391304347826086 0.043478260869565216 0.6 11 0.9090909090909091 0.09090909090909091 0.7 2 1.0 0.0 0.9 0 1 1
41 0.1 73 0.4246575342465753 0.0136986301369863 0.4 26 0.6153846153846154 0.038461538461538464 0.5 16 0.75 0.0625 0.6 11 0.8181818181818182 0.09090909090909091 0.7 3 0.6666666666666666 0.3333333333333333 0.9 0 1 1
41 0.1 70 0.45714285714285713 0.0 0.4 34 0.6764705882352942 0.0 0.5 24 0.8333333333333334 0.0 0.6 17 0.8235294117647058 0.0 0.7 5 1.0 0.0 0.9 0 1 1
41 0.1 48 0.6458333333333334 0.020833333333333332 0.4 19 0.8421052631578947 0.0 0.5 11 0.9090909090909091 0.0 0.6 7 1.0 0.0 0.7 4 1.0 0.0 0.9 0 1 1
41 0.1 39 0.7948717948717948 0.0 0.4 19 1.0 0.0 0.5 17 1.0 0.0 0.6 10 1.0 0.0 0.7 7 1.0 0.0 0.9 0 1 1
41 0.1 70 0.5428571428571428 0.0 0.4 43 0.813953488372093 0.0 0.5 38 0.8157894736842105 0.0 0.6 29 0.8620689655172413 0.0 0.7 18 0.9444444444444444 0.0 0.9 1 1.0 0.0
41 0.1 66 0.3333333333333333 0.0 0.4 24 0.6666666666666666 0.0 0.5 15 0.6666666666666666 0.0 0.6 11 0.7272727272727273 0.0 0.7 1 1.0 0.0 0.9 0 1 1
41 0.1 60 0.23333333333333334 0.0 0.4 26 0.5 0.0 0.5 13 0.46153846153846156 0.0 0.6 6 0.8333333333333334 0.0 0.7 1 1.0 0.0 0.9 0 1 1
41 0.1 59 0.4067796610169492 0.0 0.4 26 0.7307692307692307 0.0 0.5 21 0.7619047619047619 0.0 0.6 14 0.7857142857142857 0.0 0.7 5 0.8 0.0 0.9 0 1 1
41 0.1 65 0.3384615384615385 0.0 0.4 34 0.4411764705882353 0.0 0.5 22 0.45454545454545453 0.0 0.6 9 0.4444444444444444 0.0 0.7 4 0.5 0.0 0.9 0 1 1
41 0.1 52 0.3269230769230769 0.0 0.4 17 0.23529411764705882 0.0 0.5 11 0.36363636363636365 0.0 0.6 8 0.25 0.0 0.7 4 0.5 0.0 0.9 0 1 1
41 0.1 47 0.5106382978723404 0.0 0.4 19 0.7368421052631579 0.0 0.5 13 0.7692307692307693 0.0 0.6 5 0.8 0.0 0.7 1 1.0 0.0 0.9 0 1 1
41 0.1 8 0.375 0.0 0.4 0 1 1 0.5 0 1 1 0.6 0 1 1 0.7 0 1 1 0.9 0 1 1
41 0.1 45 0.4888888888888889 0.0 0.4 20 0.7 0.0 0.5 16 0.625 0.0 0.6 9 0.5555555555555556 0.0 0.7 2 0.5 0.0 0.9 0 1 1
41 0.1 60 0.6166666666666667 0.0 0.4 32 0.84375 0.0 0.5 28 0.8928571428571429 0.0 0.6 18 0.8333333333333334 0.0 0.7 9 0.8888888888888888 0.0 0.9 0 1 1
41 0.1 52 0.6730769230769231 0.0 0.4 33 0.9090909090909091 0.0 0.5 29 0.9310344827586207 0.0 0.6 25 0.96 0.0 0.7 18 0.9444444444444444 0.0 0.9 0 1 1
41 0.1 58 0.6379310344827587 0.017241379310344827 0.4 38 0.868421052631579 0.02631578947368421 0.5 34 0.8529411764705882 0.029411764705882353 0.6 26 0.8846153846153846 0.0 0.7 17 0.9411764705882353 0.0 0.9 0 1 1
41 0.1 54 0.6666666666666666 0.018518518518518517 0.4 37 0.8918918918918919 0.02702702702702703 0.5 28 0.8928571428571429 0.03571428571428571 0.6 23 1.0 0.043478260869565216 0.7 17 1.0 0.058823529411764705 0.9 0 1 1
41 0.1 56 0.6607142857142857 0.05357142857142857 0.4 34 0.8823529411764706 0.08823529411764706 0.5 28 0.9285714285714286 0.10714285714285714 0.6 22 0.9545454545454546 0.13636363636363635 0.7 14 1.0 0.14285714285714285 0.9 0 1 1
41 0.1 65 0.6 0.015384615384615385 0.4 38 0.8157894736842105 0.0 0.5 30 0.8 0.0 0.6 22 0.9545454545454546 0.0 0.7 10 1.0 0.0 0.9 0 1 1
41 0.1 56 0.6428571428571429 0.0 0.4 34 0.7941176470588235 0.0 0.5 29 0.8275862068965517 0.0 0.6 20 0.9 0.0 0.7 13 1.0 0.0 0.9 0 1 1
41 0.1 42 0.7142857142857143 0.0 0.4 26 0.8076923076923077 0.0 0.5 22 0.7727272727272727 0.0 0.6 16 0.875 0.0 0.7 11 0.9090909090909091 0.0 0.9 0 1 1
41 0.1 19 0.5263157894736842 0.0 0.4 6 0.6666666666666666 0.0 0.5 4 0.75 0.0 0.6 2 0.5 0.0 0.7 0 1 1 0.9 0 1 1
41 0.1 50 0.72 0.02 0.4 36 0.8888888888888888 0.027777777777777776 0.5 31 0.9354838709677419 0.0 0.6 27 1.0 0.0 0.7 19 1.0 0.0 0.9 0 1 1
41 0.1 54 0.6666666666666666 0.037037037037037035 0.4 34 0.8823529411764706 0.058823529411764705 0.5 31 0.9354838709677419 0.06451612903225806 0.6 25 0.96 0.08 0.7 16 0.9375 0.125 0.9 0 1 1
41 0.1 49 0.6938775510204082 0.02040816326530612 0.4 34 0.8235294117647058 0.029411764705882353 0.5 30 0.8333333333333334 0.03333333333333333 0.6 26 0.8461538461538461 0.038461538461538464 0.7 15 0.9333333333333333 0.06666666666666667 0.9 0 1 1
41 0.1 49 0.6530612244897959 0.0 0.4 25 0.88 0.0 0.5 22 0.9090909090909091 0.0 0.6 16 0.9375 0.0 0.7 7 1.0 0.0 0.9 0 1 1
41 0.1 68 0.47058823529411764 0.0 0.4 40 0.65 0.0 0.5 36 0.6666666666666666 0.0 0.6 31 0.6774193548387096 0.0 0.7 22 0.7272727272727273 0.0 0.9 0 1 1
41 0.1 55 0.6727272727272727 0.03636363636363636 0.4 32 0.90625 0.0625 0.5 29 0.896551724137931 0.06896551724137931 0.6 23 0.9565217391304348 0.08695652173913043 0.7 14 1.0 0.14285714285714285 0.9 0 1 1
41 0.1 59 0.5932203389830508 0.03389830508474576 0.4 33 0.8787878787878788 0.06060606060606061 0.5 30 0.9 0.06666666666666667 0.6 25 0.96 0.08 0.7 17 1.0 0.11764705882352941 0.9 0 1 1
41 0.1 69 0.5217391304347826 0.014492753623188406 0.4 32 0.8125 0.03125 0.5 26 0.8461538461538461 0.038461538461538464 0.6 19 1.0 0.05263157894736842 0.7 13 1.0 0.07692307692307693 0.9 0 1 1
41 0.1 61 0.5901639344262295 0.01639344262295082 0.4 36 0.75 0.027777777777777776 0.5 32 0.78125 0.03125 0.6 23 0.8260869565217391 0.043478260869565216 0.7 18 0.8888888888888888 0.05555555555555555 0.9 0 1 1
41 0.1 53 0.7169811320754716 0.0 0.4 35 0.8857142857142857 0.0 0.5 31 0.9354838709677419 0.0 0.6 26 0.9230769230769231 0.0 0.7 17 1.0 0.0 0.9 0 1 1
41 0.1 104 0.27884615384615385 0.009615384615384616 0.4 18 0.6111111111111112 0.05555555555555555 0.5 9 0.6666666666666666 0.1111111111111111 0.6 4 0.75 0.25 0.7 3 0.6666666666666666 0.3333333333333333 0.9 0 1 1
41 0.1 56 0.6071428571428571 0.017857142857142856 0.4 25 0.92 0.04 0.5 20 0.9 0.05 0.6 13 1.0 0.07692307692307693 0.7 8 1.0 0.125 0.9 0 1 1
41 0.1 63 0.47619047619047616 0.0 0.4 32 0.6875 0.0 0.5 25 0.68 0.0 0.6 16 0.8125 0.0 0.7 8 1.0 0.0 0.9 0 1 1
41 0.1 60 0.5333333333333333 0.0 0.4 29 0.7931034482758621 0.0 0.5 21 0.8095238095238095 0.0 0.6 14 0.7857142857142857 0.0 0.7 7 0.8571428571428571 0.0 0.9 0 1 1
41 0.1 80 0.475 0.0 0.4 43 0.7674418604651163 0.0 0.5 39 0.8461538461538461 0.0 0.6 36 0.8611111111111112 0.0 0.7 23 0.9130434782608695 0.0 0.9 0 1 1
41 0.1 82 0.4146341463414634 0.012195121951219513 0.4 39 0.6666666666666666 0.0 0.5 30 0.7 0.0 0.6 17 0.7058823529411765 0.0 0.7 7 0.8571428571428571 0.0 0.9 0 1 1
41 0.1 45 0.7333333333333333 0.044444444444444446 0.4 28 0.8928571428571429 0.03571428571428571 0.5 23 1.0 0.043478260869565216 0.6 17 1.0 0.0 0.7 14 1.0 0.0 0.9 0 1 1
41 0.1 51 0.7254901960784313 0.0 0.4 40 0.875 0.0 0.5 38 0.868421052631579 0.0 0.6 36 0.8611111111111112 0.0 0.7 32 0.90625 0.0 0.9 1 1.0 0.0
41 0.1 52 0.7307692307692307 0.019230769230769232 0.4 40 0.875 0.025 0.5 37 0.8648648648648649 0.02702702702702703 0.6 33 0.8787878787878788 0.030303030303030304 0.7 30 0.8666666666666667 0.03333333333333333 0.9 0 1 1
41 0.1 57 0.6842105263157895 0.03508771929824561 0.4 43 0.8604651162790697 0.046511627906976744 0.5 39 0.8974358974358975 0.05128205128205128 0.6 38 0.8947368421052632 0.05263157894736842 0.7 35 0.8857142857142857 0.05714285714285714 0.9 0 1 1
41 0.1 53 0.7169811320754716 0.0 0.4 43 0.8604651162790697 0.0 0.5 43 0.8604651162790697 0.0 0.6 38 0.9210526315789473 0.0 0.7 29 1.0 0.0 0.9 0 1 1
41 0.1 54 0.7037037037037037 0.0 0.4 40 0.875 0.0 0.5 35 0.8857142857142857 0.0 0.6 32 0.9375 0.0 0.7 26 1.0 0.0 0.9 0 1 1
41 0.1 64 0.625 0.015625 0.4 44 0.8409090909090909 0.022727272727272728 0.5 40 0.85 0.025 0.6 35 0.9142857142857143 0.02857142857142857 0.7 27 1.0 0.037037037037037035 0.9 0 1 1
41 0.1 61 0.639344262295082 0.03278688524590164 0.4 44 0.8409090909090909 0.045454545454545456 0.5 39 0.8717948717948718 0.05128205128205128 0.6 37 0.8918918918918919 0.05405405405405406 0.7 32 0.9375 0.0625 0.9 0 1 1
41 0.1 51 0.7254901960784313 0.0 0.4 43 0.8372093023255814 0.0 0.5 41 0.8780487804878049 0.0 0.6 38 0.8947368421052632 0.0 0.7 30 1.0 0.0 0.9 0 1 1
41 0.1 53 0.7169811320754716 0.0 0.4 39 0.8717948717948718 0.0 0.5 37 0.8918918918918919 0.0 0.6 30 0.9 0.0 0.7 22 0.9545454545454546 0.0 0.9 0 1 1
41 0.1 53 0.6981132075471698 0.0 0.4 42 0.8571428571428571 0.0 0.5 38 0.868421052631579 0.0 0.6 34 0.9411764705882353 0.0 0.7 24 0.9583333333333334 0.0 0.9 0 1 1
41 0.1 48 0.7708333333333334 0.0 0.4 28 0.9642857142857143 0.0 0.5 22 0.9545454545454546 0.0 0.6 21 0.9523809523809523 0.0 0.7 17 1.0 0.0 0.9 0 1 1
41 0.1 64 0.609375 0.0 0.4 35 0.8571428571428571 0.0 0.5 31 0.8709677419354839 0.0 0.6 24 0.9166666666666666 0.0 0.7 16 1.0 0.0 0.9 0 1 1
41 0.1 54 0.7222222222222222 0.0 0.4 37 0.8378378378378378 0.0 0.5 31 0.8387096774193549 0.0 0.6 27 0.8888888888888888 0.0 0.7 19 0.9473684210526315 0.0 0.9 0 1 1
41 0.1 54 0.7407407407407407 0.037037037037037035 0.4 42 0.8571428571428571 0.047619047619047616 0.5 39 0.8974358974358975 0.05128205128205128 0.6 37 0.918918918918919 0.05405405405405406 0.7 31 0.967741935483871 0.06451612903225806 0.9 0 1 1
41 0.1 54 0.7037037037037037 0.0 0.4 40 0.8 0.0 0.5 37 0.8378378378378378 0.0 0.6 31 0.9032258064516129 0.0 0.7 21 0.9523809523809523 0.0 0.9 0 1 1
41 0.1 48 0.75 0.020833333333333332 0.4 34 0.9117647058823529 0.029411764705882353 0.5 31 0.9032258064516129 0.03225806451612903 0.6 29 0.9655172413793104 0.034482758620689655 0.7 21 1.0 0.047619047619047616 0.9 0 1 1
41 0.1 52 0.75 0.019230769230769232 0.4 40 0.875 0.025 0.5 39 0.8717948717948718 0.02564102564102564 0.6 34 0.9117647058823529 0.029411764705882353 0.7 27 0.9629629629629629 0.037037037037037035 0.9 0 1 1
41 0.1 55 0.7272727272727273 0.01818181818181818 0.4 43 0.8604651162790697 0.023255813953488372 0.5 40 0.875 0.025 0.6 39 0.8974358974358975 0.02564102564102564 0.7 29 0.9655172413793104 0.034482758620689655 0.9 0 1 1
41 0.1 52 0.7115384615384616 0.019230769230769232 0.4 41 0.8536585365853658 0.024390243902439025 0.5 39 0.8717948717948718 0.02564102564102564 0.6 34 0.9117647058823529 0.029411764705882353 0.7 28 0.9285714285714286 0.03571428571428571 0.9 0 1 1
41 0.1 53 0.7358490566037735 0.05660377358490566 0.4 39 0.8717948717948718 0.07692307692307693 0.5 35 0.8857142857142857 0.08571428571428572 0.6 31 0.9032258064516129 0.0967741935483871 0.7 29 0.9310344827586207 0.06896551724137931 0.9 0 1 1
41 0.1 43 0.7906976744186046 0.06976744186046512 0.4 31 0.9032258064516129 0.0967741935483871 0.5 27 0.9629629629629629 0.1111111111111111 0.6 25 0.96 0.12 0.7 22 0.9545454545454546 0.13636363636363635 0.9 0 1 1
41 0.1 48 0.75 0.020833333333333332 0.4 39 0.8717948717948718 0.02564102564102564 0.5 36 0.8888888888888888 0.027777777777777776 0.6 30 0.9666666666666667 0.03333333333333333 0.7 23 0.9565217391304348 0.043478260869565216 0.9 0 1 1
41 0.1 46 0.782608695652174 0.021739130434782608 0.4 33 0.9090909090909091 0.030303030303030304 0.5 30 0.9333333333333333 0.03333333333333333 0.6 25 0.96 0.04 0.7 16 1.0 0.0625 0.9 0 1 1
41 0.1 78 0.48717948717948717 0.02564102564102564 0.4 35 0.8857142857142857 0.05714285714285714 0.5 33 0.8787878787878788 0.06060606060606061 0.6 27 0.8888888888888888 0.07407407407407407 0.7 19 0.8947368421052632 0.10526315789473684 0.9 0 1 1
41 0.1 58 0.6724137931034483 0.0 0.4 38 0.8947368421052632 0.0 0.5 36 0.9166666666666666 0.0 0.6 31 0.9032258064516129 0.0 0.7 27 0.9259259259259259 0.0 0.9 0 1 1
41 0.1 56 0.6964285714285714 0.017857142857142856 0.4 40 0.9 0.025 0.5 37 0.918918918918919 0.02702702702702703 0.6 36 0.9444444444444444 0.027777777777777776 0.7 32 0.96875 0.03125 0.9 0 1 1
41 0.1 56 0.6964285714285714 0.0 0.4 40 0.875 0.0 0.5 37 0.8918918918918919 0.0 0.6 35 0.8857142857142857 0.0 0.7 24 0.9583333333333334 0.0 0.9 0 1 1
41 0.1 53 0.7358490566037735 0.0 0.4 41 0.8292682926829268 0.0 0.5 37 0.918918918918919 0.0 0.6 34 0.9411764705882353 0.0 0.7 28 0.9642857142857143 0.0 0.9 0 1 1
41 0.1 52 0.7115384615384616 0.019230769230769232 0.4 35 0.8857142857142857 0.02857142857142857 0.5 31 0.9032258064516129 0.03225806451612903 0.6 24 0.9166666666666666 0.041666666666666664 0.7 18 1.0 0.05555555555555555 0.9 0 1 1
41 0.1 56 0.6785714285714286 0.03571428571428571 0.4 40 0.875 0.05 0.5 38 0.868421052631579 0.05263157894736842 0.6 36 0.8611111111111112 0.05555555555555555 0.7 29 0.9310344827586207 0.06896551724137931 0.9 0 1 1
41 0.1 52 0.6923076923076923 0.019230769230769232 0.4 37 0.8378378378378378 0.02702702702702703 0.5 37 0.8378378378378378 0.02702702702702703 0.6 30 0.8666666666666667 0.03333333333333333 0.7 26 0.8846153846153846 0.038461538461538464 0.9 0 1 1
41 0.1 53 0.7169811320754716 0.018867924528301886 0.4 36 0.8888888888888888 0.027777777777777776 0.5 32 0.9375 0.03125 0.6 24 0.9583333333333334 0.041666666666666664 0.7 19 1.0 0.05263157894736842 0.9 0 1 1
41 0.1 60 0.6333333333333333 0.05 0.4 43 0.8837209302325582 0.06976744186046512 0.5 40 0.9 0.075 0.6 31 0.9354838709677419 0.06451612903225806 0.7 24 1.0 0.08333333333333333 0.9 0 1 1
41 0.1 48 0.75 0.0 0.4 37 0.8648648648648649 0.0 0.5 32 0.9375 0.0 0.6 30 0.9333333333333333 0.0 0.7 27 0.9629629629629629 0.0 0.9 0 1 1
41 0.1 42 0.8095238095238095 0.023809523809523808 0.4 32 0.875 0.03125 0.5 30 0.8666666666666667 0.03333333333333333 0.6 27 0.8888888888888888 0.037037037037037035 0.7 19 0.8947368421052632 0.05263157894736842 0.9 0 1 1
41 0.1 49 0.7346938775510204 0.02040816326530612 0.4 39 0.8205128205128205 0.02564102564102564 0.5 34 0.9117647058823529 0.029411764705882353 0.6 32 0.90625 0.03125 0.7 24 0.9583333333333334 0.041666666666666664 0.9 0 1 1
41 0.1 50 0.74 0.04 0.4 39 0.8461538461538461 0.05128205128205128 0.5 33 0.9090909090909091 0.06060606060606061 0.6 28 0.9285714285714286 0.07142857142857142 0.7 22 0.9545454545454546 0.09090909090909091 0.9 0 1 1
41 0.1 51 0.7647058823529411 0.0 0.4 43 0.8372093023255814 0.0 0.5 36 0.9166666666666666 0.0 0.6 32 0.90625 0.0 0.7 26 0.9615384615384616 0.0 0.9 0 1 1
41 0.1 53 0.7358490566037735 0.0 0.4 40 0.9 0.0 0.5 37 0.918918918918919 0.0 0.6 31 0.967741935483871 0.0 0.7 28 1.0 0.0 0.9 0 1 1
41 0.1 54 0.7222222222222222 0.0 0.4 40 0.85 0.0 0.5 37 0.8918918918918919 0.0 0.6 35 0.8857142857142857 0.0 0.7 30 0.9666666666666667 0.0 0.9 0 1 1
41 0.1 50 0.76 0.02 0.4 41 0.8536585365853658 0.024390243902439025 0.5 37 0.918918918918919 0.02702702702702703 0.6 34 0.9411764705882353 0.029411764705882353 0.7 30 0.9666666666666667 0.03333333333333333 0.9 0 1 1
41 0.1 52 0.7307692307692307 0.019230769230769232 0.4 42 0.8333333333333334 0.023809523809523808 0.5 38 0.868421052631579 0.02631578947368421 0.6 36 0.8888888888888888 0.027777777777777776 0.7 35 0.9142857142857143 0.02857142857142857 0.9 0 1 1
41 0.1 49 0.7551020408163265 0.0 0.4 37 0.8648648648648649 0.0 0.5 35 0.8857142857142857 0.0 0.6 32 0.9375 0.0 0.7 29 0.9310344827586207 0.0 0.9 0 1 1
41 0.1 49 0.7346938775510204 0.0 0.4 39 0.8974358974358975 0.0 0.5 35 0.9142857142857143 0.0 0.6 33 0.9090909090909091 0.0 0.7 27 0.9259259259259259 0.0 0.9 0 1 1
41 0.1 50 0.74 0.04 0.4 41 0.8292682926829268 0.024390243902439025 0.5 39 0.8717948717948718 0.02564102564102564 0.6 37 0.8918918918918919 0.02702702702702703 0.7 33 0.9090909090909091 0.030303030303030304 0.9 0 1 1
41 0.1 53 0.7547169811320755 0.018867924528301886 0.4 45 0.8222222222222222 0.022222222222222223 0.5 44 0.8409090909090909 0.022727272727272728 0.6 44 0.8409090909090909 0.022727272727272728 0.7 41 0.9024390243902439 0.024390243902439025 0.9 1 1.0 0.0
41 0.1 51 0.7254901960784313 0.058823529411764705 0.4 40 0.875 0.075 0.5 36 0.8888888888888888 0.08333333333333333 0.6 36 0.8888888888888888 0.08333333333333333 0.7 32 0.9375 0.09375 0.9 0 1 1
41 0.1 51 0.7647058823529411 0.0392156862745098 0.4 42 0.8333333333333334 0.047619047619047616 0.5 41 0.8292682926829268 0.04878048780487805 0.6 39 0.8461538461538461 0.05128205128205128 0.7 34 0.8823529411764706 0.058823529411764705 0.9 0 1 1
41 0.1 49 0.7755102040816326 0.04081632653061224 0.4 41 0.8536585365853658 0.04878048780487805 0.5 41 0.8536585365853658 0.04878048780487805 0.6 36 0.8611111111111112 0.05555555555555555 0.7 32 0.90625 0.0625 0.9 3 1.0 0.0
41 0.1 49 0.7551020408163265 0.061224489795918366 0.4 39 0.8461538461538461 0.07692307692307693 0.5 38 0.868421052631579 0.07894736842105263 0.6 35 0.9142857142857143 0.08571428571428572 0.7 32 0.9375 0.09375 0.9 2 1.0 0.0
41 0.1 55 0.7272727272727273 0.01818181818181818 0.4 45 0.8444444444444444 0.022222222222222223 0.5 42 0.8571428571428571 0.023809523809523808 0.6 40 0.875 0.025 0.7 34 0.9411764705882353 0.029411764705882353 0.9 2 1.0 0.0
41 0.1 55 0.7272727272727273 0.03636363636363636 0.4 43 0.8372093023255814 0.046511627906976744 0.5 40 0.875 0.05 0.6 36 0.8888888888888888 0.05555555555555555 0.7 29 0.9310344827586207 0.06896551724137931 0.9 1 1.0 0.0
41 0.1 57 0.7017543859649122 0.017543859649122806 0.4 43 0.8604651162790697 0.023255813953488372 0.5 40 0.875 0.025 0.6 39 0.8717948717948718 0.02564102564102564 0.7 34 0.9117647058823529 0.029411764705882353 0.9 0 1 1
41 0.1 52 0.75 0.019230769230769232 0.4 40 0.825 0.025 0.5 37 0.8648648648648649 0.02702702702702703 0.6 35 0.8857142857142857 0.02857142857142857 0.7 30 0.9 0.03333333333333333 0.9 0 1 1
41 0.1 49 0.7755102040816326 0.02040816326530612 0.4 38 0.868421052631579 0.02631578947368421 0.5 36 0.8611111111111112 0.027777777777777776 0.6 34 0.8823529411764706 0.029411764705882353 0.7 29 0.896551724137931 0.034482758620689655 0.9 0 1 1
41 0.1 53 0.7358490566037735 0.018867924528301886 0.4 40 0.85 0.025 0.5 37 0.8378378378378378 0.02702702702702703 0.6 34 0.8823529411764706 0.029411764705882353 0.7 30 0.9 0.03333333333333333 0.9 2 1.0 0.5
41 0.1 58 0.6724137931034483 0.017241379310344827 0.4 41 0.8292682926829268 0.024390243902439025 0.5 38 0.8421052631578947 0.02631578947368421 0.6 33 0.8787878787878788 0.030303030303030304 0.7 28 0.8928571428571429 0.03571428571428571 0.9 0 1 1
41 0.1 52 0.75 0.0 0.4 43 0.8372093023255814 0.0 0.5 41 0.8536585365853658 0.0 0.6 37 0.8918918918918919 0.0 0.7 32 0.9375 0.0 0.9 2 1.0 0.0
41 0.1 49 0.7755102040816326 0.04081632653061224 0.4 43 0.8372093023255814 0.046511627906976744 0.5 39 0.8717948717948718 0.05128205128205128 0.6 38 0.8947368421052632 0.05263157894736842 0.7 34 0.9117647058823529 0.058823529411764705 0.9 2 1.0 0.0
41 0.1 50 0.76 0.0 0.4 44 0.8636363636363636 0.0 0.5 41 0.8780487804878049 0.0 0.6 39 0.8717948717948718 0.0 0.7 35 0.9142857142857143 0.0 0.9 2 1.0 0.0
41 0.1 52 0.7692307692307693 0.038461538461538464 0.4 44 0.8636363636363636 0.045454545454545456 0.5 42 0.8809523809523809 0.047619047619047616 0.6 40 0.875 0.05 0.7 38 0.8947368421052632 0.05263157894736842 0.9 1 1.0 0.0
41 0.1 53 0.7547169811320755 0.05660377358490566 0.4 44 0.8636363636363636 0.06818181818181818 0.5 43 0.8837209302325582 0.06976744186046512 0.6 42 0.8809523809523809 0.07142857142857142 0.7 39 0.8974358974358975 0.05128205128205128 0.9 1 1.0 0.0
41 0.1 49 0.7551020408163265 0.04081632653061224 0.4 39 0.8974358974358975 0.05128205128205128 0.5 37 0.8918918918918919 0.05405405405405406 0.6 35 0.9428571428571428 0.05714285714285714 0.7 35 0.9428571428571428 0.05714285714285714 0.9 2 1.0 0.0
41 0.1 48 0.7916666666666666 0.020833333333333332 0.4 39 0.8974358974358975 0.02564102564102564 0.5 34 0.9117647058823529 0.029411764705882353 0.6 32 0.90625 0.03125 0.7 30 0.9 0.03333333333333333 0.9 0 1 1
41 0.1 53 0.7169811320754716 0.0 0.4 39 0.8461538461538461 0.0 0.5 37 0.8648648648648649 0.0 0.6 33 0.8787878787878788 0.0 0.7 26 0.9230769230769231 0.0 0.9 1 1.0 0.0
41 0.1 52 0.7307692307692307 0.0 0.4 41 0.8780487804878049 0.0 0.5 37 0.8918918918918919 0.0 0.6 33 0.9090909090909091 0.0 0.7 30 0.9333333333333333 0.0 0.9 1 1.0 0.0
41 0.1 50 0.74 0.0 0.4 40 0.85 0.0 0.5 37 0.8918918918918919 0.0 0.6 34 0.8823529411764706 0.0 0.7 31 0.8709677419354839 0.0 0.9 1 1.0 0.0
41 0.1 50 0.76 0.04 0.4 44 0.8409090909090909 0.045454545454545456 0.5 42 0.8809523809523809 0.047619047619047616 0.6 41 0.8780487804878049 0.04878048780487805 0.7 37 0.8918918918918919 0.05405405405405406 0.9 0 1 1
41 0.1 49 0.7755102040816326 0.02040816326530612 0.4 42 0.8571428571428571 0.023809523809523808 0.5 36 0.9166666666666666 0.027777777777777776 0.6 35 0.9142857142857143 0.02857142857142857 0.7 35 0.9142857142857143 0.02857142857142857 0.9 1 1.0 0.0
41 0.1 43 0.7441860465116279 0.0 0.4 32 0.90625 0.0 0.5 31 0.9032258064516129 0.0 0.6 30 0.9 0.0 0.7 25 0.92 0.0 0.9 1 1.0 0.0
41 0.1 45 0.7555555555555555 0.0 0.4 37 0.8648648648648649 0.0 0.5 34 0.8823529411764706 0.0 0.6 30 0.9333333333333333 0.0 0.7 29 0.9310344827586207 0.0 0.9 0 1 1
41 0.1 47 0.8085106382978723 0.06382978723404255 0.4 36 0.8888888888888888 0.08333333333333333 0.5 35 0.9142857142857143 0.08571428571428572 0.6 32 0.9375 0.09375 0.7 30 0.9333333333333333 0.1 0.9 0 1 1
41 0.1 53 0.7547169811320755 0.0 0.4 42 0.8571428571428571 0.0 0.5 39 0.8717948717948718 0.0 0.6 33 0.9090909090909091 0.0 0.7 31 0.9032258064516129 0.0 0.9 1 1.0 0.0
41 0.1 51 0.7843137254901961 0.0 0.4 43 0.8604651162790697 0.0 0.5 41 0.8780487804878049 0.0 0.6 38 0.9210526315789473 0.0 0.7 36 0.9166666666666666 0.0 0.9 2 1.0 0.0
41 0.1 44 0.8181818181818182 0.0 0.4 37 0.8648648648648649 0.0 0.5 34 0.9117647058823529 0.0 0.6 33 0.9090909090909091 0.0 0.7 32 0.90625 0.0 0.9 1 1.0 0.0
41 0.1 48 0.75 0.041666666666666664 0.4 38 0.868421052631579 0.05263157894736842 0.5 33 0.9090909090909091 0.06060606060606061 0.6 30 0.9333333333333333 0.06666666666666667 0.7 23 0.9130434782608695 0.08695652173913043 0.9 0 1 1
41 0.1 51 0.7647058823529411 0.0 0.4 45 0.8444444444444444 0.0 0.5 43 0.8604651162790697 0.0 0.6 41 0.8780487804878049 0.0 0.7 39 0.8974358974358975 0.0 0.9 1 1.0 0.0
41 0.1 51 0.7450980392156863 0.0 0.4 41 0.9024390243902439 0.0 0.5 40 0.925 0.0 0.6 38 0.9210526315789473 0.0 0.7 35 0.9428571428571428 0.0 0.9 0 1 1
41 0.1 50 0.78 0.04 0.4 46 0.8260869565217391 0.043478260869565216 0.5 44 0.8409090909090909 0.045454545454545456 0.6 40 0.9 0.05 0.7 37 0.8918918918918919 0.05405405405405406 0.9 0 1 1
41 0.1 51 0.6862745098039216 0.0392156862745098 0.4 42 0.8333333333333334 0.047619047619047616 0.5 38 0.8421052631578947 0.05263157894736842 0.6 36 0.8611111111111112 0.05555555555555555 0.7 33 0.8787878787878788 0.06060606060606061 0.9 0 1 1
41 0.1 51 0.803921568627451 0.0 0.4 42 0.8571428571428571 0.0 0.5 41 0.8780487804878049 0.0 0.6 40 0.875 0.0 0.7 39 0.8974358974358975 0.0 0.9 0 1 1
41 0.1 51 0.7843137254901961 0.0196078431372549 0.4 44 0.8636363636363636 0.022727272727272728 0.5 41 0.8780487804878049 0.024390243902439025 0.6 40 0.875 0.025 0.7 39 0.8974358974358975 0.02564102564102564 0.9 1 1.0 0.0
41 0.1 52 0.7307692307692307 0.057692307692307696 0.4 39 0.8717948717948718 0.05128205128205128 0.5 37 0.8918918918918919 0.05405405405405406 0.6 36 0.9166666666666666 0.05555555555555555 0.7 31 0.967741935483871 0.06451612903225806 0.9 0 1 1
41 0.1 50 0.76 0.08 0.4 42 0.8571428571428571 0.09523809523809523 0.5 42 0.8571428571428571 0.09523809523809523 0.6 40 0.9 0.1 0.7 36 0.9166666666666666 0.1111111111111111 0.9 0 1 1
41 0.1 51 0.7647058823529411 0.0196078431372549 0.4 44 0.8636363636363636 0.022727272727272728 0.5 41 0.8780487804878049 0.024390243902439025 0.6 38 0.8947368421052632 0.02631578947368421 0.7 34 0.9117647058823529 0.029411764705882353 0.9 1 1.0 0.0
41 0.1 55 0.6727272727272727 0.03636363636363636 0.4 41 0.8536585365853658 0.04878048780487805 0.5 41 0.8536585365853658 0.04878048780487805 0.6 37 0.918918918918919 0.05405405405405406 0.7 32 0.90625 0.03125 0.9 0 1 1
41 0.1 52 0.75 0.038461538461538464 0.4 44 0.8409090909090909 0.045454545454545456 0.5 43 0.8604651162790697 0.046511627906976744 0.6 43 0.8604651162790697 0.046511627906976744 0.7 36 0.9722222222222222 0.05555555555555555 0.9 1 1.0 0.0
41 0.1 44 0.7954545454545454 0.045454545454545456 0.4 36 0.9166666666666666 0.05555555555555555 0.5 36 0.9166666666666666 0.05555555555555555 0.6 31 0.9354838709677419 0.06451612903225806 0.7 28 0.9285714285714286 0.07142857142857142 0.9 0 1 1
41 0.1 50 0.8 0.04 0.4 42 0.8571428571428571 0.047619047619047616 0.5 39 0.8974358974358975 0.05128205128205128 0.6 36 0.8888888888888888 0.05555555555555555 0.7 35 0.8857142857142857 0.05714285714285714 0.9 1 1.0 0.0
41 0.1 46 0.7391304347826086 0.0 0.4 36 0.8888888888888888 0.0 0.5 35 0.9142857142857143 0.0 0.6 33 0.9393939393939394 0.0 0.7 30 0.9666666666666667 0.0 0.9 1 1.0 0.0
41 0.1 48 0.7916666666666666 0.020833333333333332 0.4 38 0.868421052631579 0.02631578947368421 0.5 36 0.8611111111111112 0.027777777777777776 0.6 36 0.8611111111111112 0.027777777777777776 0.7 34 0.8529411764705882 0.029411764705882353 0.9 2 1.0 0.0
41 0.1 45 0.7777777777777778 0.022222222222222223 0.4 38 0.868421052631579 0.02631578947368421 0.5 37 0.8648648648648649 0.02702702702702703 0.6 35 0.8857142857142857 0.02857142857142857 0.7 33 0.9090909090909091 0.030303030303030304 0.9 0 1 1
41 0.1 45 0.7555555555555555 0.044444444444444446 0.4 39 0.8461538461538461 0.05128205128205128 0.5 37 0.8918918918918919 0.05405405405405406 0.6 35 0.9142857142857143 0.05714285714285714 0.7 34 0.9117647058823529 0.058823529411764705 0.9 2 1.0 0.0
41 0.1 47 0.7872340425531915 0.02127659574468085 0.4 41 0.8536585365853658 0.024390243902439025 0.5 40 0.875 0.025 0.6 38 0.868421052631579 0.0 0.7 35 0.8857142857142857 0.0 0.9 1 1.0 0.0
41 0.1 47 0.7872340425531915 0.0 0.4 40 0.85 0.0 0.5 39 0.8717948717948718 0.0 0.6 38 0.868421052631579 0.0 0.7 36 0.9166666666666666 0.0 0.9 1 1.0 0.0
41 0.1 49 0.7755102040816326 0.02040816326530612 0.4 38 0.868421052631579 0.0 0.5 37 0.8648648648648649 0.0 0.6 36 0.8611111111111112 0.0 0.7 35 0.8857142857142857 0.0 0.9 1 1.0 0.0
41 0.1 51 0.7843137254901961 0.0196078431372549 0.4 43 0.8372093023255814 0.023255813953488372 0.5 42 0.8571428571428571 0.023809523809523808 0.6 41 0.8780487804878049 0.024390243902439025 0.7 37 0.8918918918918919 0.02702702702702703 0.9 2 1.0 0.0
41 0.1 48 0.7916666666666666 0.041666666666666664 0.4 42 0.8333333333333334 0.047619047619047616 0.5 42 0.8333333333333334 0.047619047619047616 0.6 41 0.8292682926829268 0.04878048780487805 0.7 36 0.8888888888888888 0.05555555555555555 0.9 1 1.0 1.0
41 0.1 46 0.8260869565217391 0.021739130434782608 0.4 39 0.8717948717948718 0.02564102564102564 0.5 38 0.8947368421052632 0.02631578947368421 0.6 34 0.9117647058823529 0.029411764705882353 0.7 30 0.9333333333333333 0.03333333333333333 0.9 1 1.0 0.0
41 0.1 49 0.7551020408163265 0.0 0.4 37 0.8648648648648649 0.0 0.5 33 0.9090909090909091 0.0 0.6 31 0.9032258064516129 0.0 0.7 25 0.92 0.0 0.9 1 1.0 0.0
41 0.1 47 0.7659574468085106 0.0425531914893617 0.4 34 0.8529411764705882 0.058823529411764705 0.5 31 0.9032258064516129 0.06451612903225806 0.6 29 0.9310344827586207 0.06896551724137931 0.7 26 1.0 0.07692307692307693 0.9 0 1 1
41 0.1 49 0.7551020408163265 0.04081632653061224 0.4 42 0.8333333333333334 0.047619047619047616 0.5 41 0.8536585365853658 0.04878048780487805 0.6 40 0.875 0.05 0.7 38 0.8947368421052632 0.05263157894736842 0.9 1 1.0 0.0
41 0.1 50 0.74 0.04 0.4 39 0.8461538461538461 0.05128205128205128 0.5 34 0.9117647058823529 0.058823529411764705 0.6 33 0.9393939393939394 0.06060606060606061 0.7 25 1.0 0.04 0.9 0 1 1
41 0.1 50 0.72 0.0 0.4 34 0.9117647058823529 0.0 0.5 33 0.9090909090909091 0.0 0.6 31 0.9354838709677419 0.0 0.7 29 0.9655172413793104 0.0 0.9 1 1.0 0.0
41 0.1 50 0.74 0.02 0.4 39 0.8974358974358975 0.02564102564102564 0.5 37 0.9459459459459459 0.02702702702702703 0.6 36 0.9444444444444444 0.027777777777777776 0.7 35 0.9428571428571428 0.02857142857142857 0.9 2 1.0 0.0
41 0.1 50 0.74 0.06 0.4 38 0.9210526315789473 0.07894736842105263 0.5 36 0.9444444444444444 0.08333333333333333 0.6 34 0.9411764705882353 0.058823529411764705 0.7 31 0.9354838709677419 0.06451612903225806 0.9 1 1.0 0.0
41 0.1 49 0.7142857142857143 0.02040816326530612 0.4 35 0.8857142857142857 0.02857142857142857 0.5 33 0.9090909090909091 0.030303030303030304 0.6 31 0.9354838709677419 0.03225806451612903 0.7 30 0.9333333333333333 0.03333333333333333 0.9 0 1 1
41 0.1 50 0.72 0.06 0.4 42 0.8571428571428571 0.07142857142857142 0.5 41 0.8780487804878049 0.07317073170731707 0.6 39 0.8717948717948718 0.07692307692307693 0.7 37 0.8918918918918919 0.08108108108108109 0.9 2 1.0 0.5
41 0.1 49 0.7551020408163265 0.02040816326530612 0.4 38 0.868421052631579 0.02631578947368421 0.5 35 0.9142857142857143 0.02857142857142857 0.6 35 0.9142857142857143 0.02857142857142857 0.7 34 0.9117647058823529 0.029411764705882353 0.9 1 1.0 0.0
41 0.1 49 0.7755102040816326 0.04081632653061224 0.4 43 0.813953488372093 0.023255813953488372 0.5 42 0.8333333333333334 0.023809523809523808 0.6 40 0.85 0.025 0.7 40 0.85 0.025 0.9 3 1.0 0.0
41 0.1 53 0.7169811320754716 0.07547169811320754 0.4 42 0.8333333333333334 0.09523809523809523 0.5 42 0.8333333333333334 0.09523809523809523 0.6 41 0.8292682926829268 0.07317073170731707 0.7 37 0.8648648648648649 0.08108108108108109 0.9 2 1.0 0.0
41 0.1 49 0.7755102040816326 0.02040816326530612 0.4 44 0.8636363636363636 0.022727272727272728 0.5 43 0.8837209302325582 0.023255813953488372 0.6 41 0.9024390243902439 0.024390243902439025 0.7 38 0.8947368421052632 0.02631578947368421 0.9 1 1.0 0.0
41 0.1 52 0.7307692307692307 0.038461538461538464 0.4 43 0.8837209302325582 0.046511627906976744 0.5 41 0.8780487804878049 0.04878048780487805 0.6 39 0.8974358974358975 0.05128205128205128 0.7 37 0.8918918918918919 0.05405405405405406 0.9 1 1.0 1.0
41 0.1 51 0.7450980392156863 0.0196078431372549 0.4 41 0.8536585365853658 0.024390243902439025 0.5 41 0.8536585365853658 0.024390243902439025 0.6 40 0.85 0.025 0.7 38 0.868421052631579 0.02631578947368421 0.9 1 1.0 0.0
41 0.1 51 0.7647058823529411 0.058823529411764705 0.4 40 0.825 0.05 0.5 38 0.8421052631578947 0.05263157894736842 0.6 37 0.8648648648648649 0.05405405405405406 0.7 37 0.8648648648648649 0.05405405405405406 0.9 1 1.0 1.0
41 0.1 48 0.7708333333333334 0.041666666666666664 0.4 39 0.8717948717948718 0.02564102564102564 0.5 39 0.8717948717948718 0.02564102564102564 0.6 36 0.8888888888888888 0.027777777777777776 0.7 36 0.8888888888888888 0.027777777777777776 0.9 2 1.0 0.0
41 0.1 48 0.7708333333333334 0.0 0.4 39 0.8717948717948718 0.0 0.5 38 0.8947368421052632 0.0 0.6 37 0.918918918918919 0.0 0.7 36 0.9166666666666666 0.0 0.9 2 1.0 0.0
41 0.1 48 0.75 0.0 0.4 40 0.85 0.0 0.5 40 0.85 0.0 0.6 40 0.85 0.0 0.7 37 0.8648648648648649 0.0 0.9 3 1.0 0.0
41 0.1 47 0.7659574468085106 0.02127659574468085 0.4 40 0.875 0.0 0.5 40 0.875 0.0 0.6 38 0.8947368421052632 0.0 0.7 35 0.8857142857142857 0.0 0.9 2 1.0 0.0
41 0.1 48 0.7708333333333334 0.020833333333333332 0.4 41 0.8292682926829268 0.024390243902439025 0.5 39 0.8461538461538461 0.02564102564102564 0.6 37 0.8918918918918919 0.02702702702702703 0.7 36 0.8888888888888888 0.027777777777777776 0.9 1 1.0 0.0
41 0.1 48 0.7708333333333334 0.0 0.4 40 0.85 0.0 0.5 38 0.8947368421052632 0.0 0.6 37 0.8918918918918919 0.0 0.7 33 0.9696969696969697 0.0 0.9 1 1.0 0.0
41 0.1 51 0.7450980392156863 0.0 0.4 42 0.8571428571428571 0.0 0.5 39 0.8974358974358975 0.0 0.6 37 0.918918918918919 0.0 0.7 33 0.9696969696969697 0.0 0.9 1 1.0 0.0
41 0.1 48 0.7916666666666666 0.0 0.4 42 0.8571428571428571 0.0 0.5 41 0.8536585365853658 0.0 0.6 40 0.875 0.0 0.7 36 0.9444444444444444 0.0 0.9 1 1.0 0.0
41 0.1 47 0.7872340425531915 0.02127659574468085 0.4 37 0.8648648648648649 0.02702702702702703 0.5 34 0.9411764705882353 0.029411764705882353 0.6 33 0.9393939393939394 0.030303030303030304 0.7 31 0.9354838709677419 0.03225806451612903 0.9 1 1.0 0.0
41 0.1 48 0.8125 0.0 0.4 41 0.9024390243902439 0.0 0.5 41 0.9024390243902439 0.0 0.6 39 0.9487179487179487 0.0 0.7 35 0.9714285714285714 0.0 0.9 2 1.0 0.0
41 0.1 48 0.8125 0.020833333333333332 0.4 42 0.8809523809523809 0.023809523809523808 0.5 41 0.9024390243902439 0.024390243902439025 0.6 38 0.9473684210526315 0.02631578947368421 0.7 36 0.9722222222222222 0.027777777777777776 0.9 3 1.0 0.0
41 0.1 47 0.7872340425531915 0.02127659574468085 0.4 41 0.9024390243902439 0.024390243902439025 0.5 41 0.9024390243902439 0.024390243902439025 0.6 38 0.9473684210526315 0.02631578947368421 0.7 36 0.9444444444444444 0.027777777777777776 0.9 4 1.0 0.25
41 0.1 48 0.8125 0.041666666666666664 0.4 44 0.8409090909090909 0.045454545454545456 0.5 42 0.8571428571428571 0.047619047619047616 0.6 39 0.8717948717948718 0.05128205128205128 0.7 37 0.8918918918918919 0.05405405405405406 0.9 2 1.0 0.5
41 0.1 47 0.7659574468085106 0.02127659574468085 0.4 43 0.813953488372093 0.023255813953488372 0.5 41 0.8292682926829268 0.024390243902439025 0.6 39 0.8461538461538461 0.02564102564102564 0.7 36 0.8888888888888888 0.027777777777777776 0.9 1 1.0 0.0
41 0.1 46 0.8043478260869565 0.06521739130434782 0.4 43 0.8372093023255814 0.06976744186046512 0.5 41 0.8536585365853658 0.07317073170731707 0.6 39 0.8974358974358975 0.07692307692307693 0.7 38 0.8947368421052632 0.07894736842105263 0.9 3 1.0 0.0
41 0.1 49 0.7959183673469388 0.04081632653061224 0.4 43 0.8604651162790697 0.046511627906976744 0.5 41 0.8780487804878049 0.04878048780487805 0.6 38 0.8947368421052632 0.05263157894736842 0.7 35 0.8857142857142857 0.05714285714285714 0.9 1 1.0 0.0
41 0.1 47 0.8085106382978723 0.0 0.4 42 0.8333333333333334 0.0 0.5 41 0.8292682926829268 0.0 0.6 39 0.8717948717948718 0.0 0.7 37 0.8648648648648649 0.0 0.9 4 1.0 0.0
41 0.1 44 0.7727272727272727 0.022727272727272728 0.4 41 0.8292682926829268 0.024390243902439025 0.5 39 0.8717948717948718 0.02564102564102564 0.6 37 0.8918918918918919 0.0 0.7 34 0.9117647058823529 0.0 0.9 4 1.0 0.0
41 0.1 51 0.7254901960784313 0.0392156862745098 0.4 43 0.8372093023255814 0.046511627906976744 0.5 40 0.85 0.05 0.6 39 0.8461538461538461 0.05128205128205128 0.7 34 0.8823529411764706 0.058823529411764705 0.9 2 1.0 0.5
41 0.1 52 0.6923076923076923 0.057692307692307696 0.4 41 0.8536585365853658 0.07317073170731707 0.5 41 0.8536585365853658 0.07317073170731707 0.6 41 0.8536585365853658 0.07317073170731707 0.7 38 0.868421052631579 0.07894736842105263 0.9 1 1.0 0.0
41 0.1 44 0.7954545454545454 0.022727272727272728 0.4 33 0.8787878787878788 0.030303030303030304 0.5 32 0.90625 0.03125 0.6 30 0.9333333333333333 0.03333333333333333 0.7 29 0.9310344827586207 0.034482758620689655 0.9 1 1.0 0.0
41 0.1 46 0.782608695652174 0.06521739130434782 0.4 38 0.8947368421052632 0.07894736842105263 0.5 37 0.8918918918918919 0.08108108108108109 0.6 36 0.9166666666666666 0.08333333333333333 0.7 32 0.96875 0.09375 0.9 1 1.0 0.0
41 0.1 48 0.7083333333333334 0.0 0.4 38 0.8421052631578947 0.0 0.5 37 0.8378378378378378 0.0 0.6 37 0.8378378378378378 0.0 0.7 35 0.8571428571428571 0.0 0.9 1 1.0 0.0
41 0.1 46 0.782608695652174 0.021739130434782608 0.4 41 0.8780487804878049 0.024390243902439025 0.5 40 0.875 0.025 0.6 38 0.9210526315789473 0.02631578947368421 0.7 38 0.9210526315789473 0.02631578947368421 0.9 1 1.0 1.0
41 0.1 50 0.76 0.0 0.4 44 0.8181818181818182 0.0 0.5 41 0.8536585365853658 0.0 0.6 41 0.8536585365853658 0.0 0.7 37 0.8648648648648649 0.0 0.9 1 1.0 0.0
41 0.1 50 0.76 0.02 0.4 42 0.8571428571428571 0.023809523809523808 0.5 39 0.8717948717948718 0.02564102564102564 0.6 38 0.8947368421052632 0.02631578947368421 0.7 37 0.8918918918918919 0.02702702702702703 0.9 1 1.0 0.0
41 0.1 51 0.7450980392156863 0.0196078431372549 0.4 41 0.8292682926829268 0.024390243902439025 0.5 39 0.8205128205128205 0.02564102564102564 0.6 38 0.8421052631578947 0.02631578947368421 0.7 37 0.8648648648648649 0.02702702702702703 0.9 1 1.0 1.0
41 0.1 49 0.7755102040816326 0.02040816326530612 0.4 43 0.813953488372093 0.023255813953488372 0.5 42 0.8333333333333334 0.023809523809523808 0.6 40 0.85 0.025 0.7 37 0.8648648648648649 0.0 0.9 1 1.0 0.0
41 0.1 49 0.7551020408163265 0.061224489795918366 0.4 43 0.8372093023255814 0.06976744186046512 0.5 41 0.8536585365853658 0.07317073170731707 0.6 41 0.8536585365853658 0.07317073170731707 0.7 39 0.8974358974358975 0.07692307692307693 0.9 2 1.0 0.5
41 0.1 48 0.7708333333333334 0.020833333333333332 0.4 43 0.8604651162790697 0.023255813953488372 0.5 42 0.8571428571428571 0.023809523809523808 0.6 40 0.875 0.025 0.7 34 0.9705882352941176 0.029411764705882353 0.9 2 1.0 0.0
41 0.1 49 0.7346938775510204 0.02040816326530612 0.4 42 0.8571428571428571 0.023809523809523808 0.5 41 0.8536585365853658 0.024390243902439025 0.6 40 0.875 0.025 0.7 36 0.9166666666666666 0.027777777777777776 0.9 3 1.0 0.0
41 0.1 47 0.7446808510638298 0.02127659574468085 0.4 40 0.825 0.025 0.5 39 0.8205128205128205 0.02564102564102564 0.6 38 0.8421052631578947 0.02631578947368421 0.7 35 0.9142857142857143 0.02857142857142857 0.9 2 1.0 0.0
41 0.1 50 0.72 0.04 0.4 40 0.875 0.05 0.5 40 0.875 0.05 0.6 40 0.875 0.05 0.7 36 0.9166666666666666 0.027777777777777776 0.9 4 1.0 0.0
41 0.1 49 0.7551020408163265 0.0 0.4 42 0.8333333333333334 0.0 0.5 41 0.8292682926829268 0.0 0.6 38 0.868421052631579 0.0 0.7 34 0.9117647058823529 0.0 0.9 2 1.0 0.0
41 0.1 50 0.74 0.02 0.4 40 0.875 0.025 0.5 37 0.918918918918919 0.02702702702702703 0.6 37 0.918918918918919 0.02702702702702703 0.7 36 0.9166666666666666 0.027777777777777776 0.9 1 1.0 0.0
41 0.1 50 0.72 0.02 0.4 38 0.868421052631579 0.02631578947368421 0.5 36 0.8888888888888888 0.027777777777777776 0.6 35 0.8857142857142857 0.02857142857142857 0.7 34 0.9117647058823529 0.029411764705882353 0.9 0 1 1
41 0.1 52 0.7692307692307693 0.019230769230769232 0.4 41 0.8536585365853658 0.0 0.5 39 0.8461538461538461 0.0 0.6 38 0.868421052631579 0.0 0.7 36 0.8888888888888888 0.0 0.9 1 1.0 0.0
41 0.1 47 0.7872340425531915 0.02127659574468085 0.4 40 0.85 0.025 0.5 39 0.8717948717948718 0.02564102564102564 0.6 38 0.868421052631579 0.02631578947368421 0.7 36 0.9166666666666666 0.027777777777777776 0.9 2 1.0 0.0
41 0.1 50 0.74 0.0 0.4 41 0.8536585365853658 0.0 0.5 41 0.8536585365853658 0.0 0.6 40 0.85 0.0 0.7 39 0.8717948717948718 0.0 0.9 6 1.0 0.0
41 0.1 51 0.7843137254901961 0.0 0.4 42 0.8571428571428571 0.0 0.5 41 0.8536585365853658 0.0 0.6 40 0.85 0.0 0.7 39 0.8717948717948718 0.0 0.9 3 1.0 0.0
41 0.1 53 0.7547169811320755 0.0 0.4 47 0.8085106382978723 0.0 0.5 45 0.8222222222222222 0.0 0.6 45 0.8222222222222222 0.0 0.7 41 0.8536585365853658 0.0 0.9 3 1.0 0.0
41 0.1 48 0.7916666666666666 0.020833333333333332 0.4 45 0.8444444444444444 0.022222222222222223 0.5 43 0.8372093023255814 0.023255813953488372 0.6 41 0.8536585365853658 0.024390243902439025 0.7 40 0.85 0.025 0.9 7 1.0 0.14285714285714285
41 0.1 51 0.7254901960784313 0.0392156862745098 0.4 43 0.8372093023255814 0.046511627906976744 0.5 43 0.8372093023255814 0.046511627906976744 0.6 42 0.8333333333333334 0.047619047619047616 0.7 41 0.8536585365853658 0.04878048780487805 0.9 6 1.0 0.0
41 0.1 55 0.6727272727272727 0.01818181818181818 0.4 42 0.8809523809523809 0.023809523809523808 0.5 40 0.875 0.025 0.6 36 0.8888888888888888 0.0 0.7 33 0.9090909090909091 0.0 0.9 1 1.0 0.0
41 0.1 51 0.7450980392156863 0.0196078431372549 0.4 43 0.8837209302325582 0.023255813953488372 0.5 41 0.8780487804878049 0.024390243902439025 0.6 41 0.8780487804878049 0.024390243902439025 0.7 38 0.9210526315789473 0.02631578947368421 0.9 2 1.0 0.5
41 0.1 47 0.7659574468085106 0.02127659574468085 0.4 39 0.8717948717948718 0.02564102564102564 0.5 38 0.868421052631579 0.0 0.6 36 0.8888888888888888 0.0 0.7 33 0.9090909090909091 0.0 0.9 2 1.0 0.0
41 0.1 49 0.7346938775510204 0.04081632653061224 0.4 42 0.8333333333333334 0.047619047619047616 0.5 41 0.8292682926829268 0.04878048780487805 0.6 39 0.8205128205128205 0.05128205128205128 0.7 34 0.9117647058823529 0.029411764705882353 0.9 1 1.0 0.0
41 0.1 49 0.7346938775510204 0.04081632653061224 0.4 42 0.8571428571428571 0.047619047619047616 0.5 40 0.875 0.05 0.6 40 0.875 0.05 0.7 36 0.9166666666666666 0.05555555555555555 0.9 1 1.0 0.0
41 0.1 47 0.7659574468085106 0.02127659574468085 0.4 39 0.8717948717948718 0.02564102564102564 0.5 39 0.8717948717948718 0.02564102564102564 0.6 39 0.8717948717948718 0.02564102564102564 0.7 36 0.9166666666666666 0.027777777777777776 0.9 1 1.0 0.0
41 0.1 48 0.7291666666666666 0.020833333333333332 0.4 38 0.868421052631579 0.02631578947368421 0.5 37 0.8918918918918919 0.02702702702702703 0.6 37 0.8918918918918919 0.02702702702702703 0.7 34 0.9411764705882353 0.029411764705882353 0.9 1 1.0 0.0
