42 0.1 0 1 1 0.4 0 1 1 0.5 0 1 1 0.6 0 1 1 0.7 0 1 1 0.9 0 1 1
42 0.1 0 1 1 0.4 0 1 1 0.5 0 1 1 0.6 0 1 1 0.7 0 1 1 0.9 0 1 1
42 0.1 0 1 1 0.4 0 1 1 0.5 0 1 1 0.6 0 1 1 0.7 0 1 1 0.9 0 1 1
42 0.1 4 0.0 0.0 0.4 0 1 1 0.5 0 1 1 0.6 0 1 1 0.7 0 1 1 0.9 0 1 1
42 0.1 6 0.0 0.0 0.4 0 1 1 0.5 0 1 1 0.6 0 1 1 0.7 0 1 1 0.9 0 1 1
42 0.1 236 0.059322033898305086 0.0 0.4 7 0.0 0.0 0.5 3 0.0 0.0 0.6 1 0.0 0.0 0.7 1 0.0 0.0 0.9 0 1 1
42 0.1 331 0.07250755287009064 0.0 0.4 8 0.0 0.0 0.5 3 0.0 0.0 0.6 2 0.0 0.0 0.7 0 1 1 0.9 0 1 1
42 0.1 195 0.06666666666666667 0.0 0.4 12 0.16666666666666666 0.0 0.5 2 0.0 0.0 0.6 0 1 1 0.7 0 1 1 0.9 0 1 1
42 0.1 1000 0.035 0.0 0.4 279 0.08602150537634409 0.0 0.5 147 0.1292517006802721 0.0 0.6 51 0.1568627450980392 0.0 0.7 7 0.2857142857142857 0.0 0.9 0 1 1
42 0.1 1000 0.039 0.0 0.4 330 0.1 0.0 0.5 179 0.12290502793296089 0.0 0.6 71 0.14084507042253522 0.0 0.7 11 0.09090909090909091 0.0 0.9 0 1 1
42 0.1 1000 0.04 0.0 0.4 303 0.0891089108910891 0.0 0.5 177 0.12994350282485875 0.0 0.6 86 0.1744186046511628 0.0 0.7 15 0.2 0.0 0.9 0 1 1
42 0.1 799 0.04881101376720901 0.0 0.4 155 0.16774193548387098 0.0 0.5 73 0.273972602739726 0.0 0.6 32 0.4375 0.0 0.7 6 0.6666666666666666 0.0 0.9 0 1 1
42 0.1 935 0.04385026737967915 0.0 0.4 196 0.15306122448979592 0.0 0.5 92 0.22826086956521738 0.0 0.6 30 0.3 0.0 0.7 7 0.2857142857142857 0.0 0.9 0 1 1
42 0.1 766 0.05221932114882506 0.0 0.4 136 0.21323529411764705 0.0 0.5 69 0.2608695652173913 0.0 0.6 36 0.3333333333333333 0.0 0.7 19 0.47368421052631576 0.0 0.9 0 1 1
42 0.1 461 0.0737527114967462 0.0 0.4 37 0.2972972972972973 0.0 0.5 8 0.5 0.0 0.6 0 1 1 0.7 0 1 1 0.9 0 1 1
42 0.1 435 0.08505747126436781 0.0 0.4 59 0.3389830508474576 0.0 0.5 24 0.4583333333333333 0.0 0.6 6 0.6666666666666666 0.0 0.7 0 1 1 0.9 0 1 1
42 0.1 477 0.08176100628930817 0.0 0.4 114 0.2719298245614035 0.0 0.5 74 0.35135135135135137 0.0 0.6 47 0.3829787234042553 0.0 0.7 24 0.5416666666666666 0.0 0.9 0 1 1
42 0.1 661 0.060514372163388806 0.0 0.4 174 0.21264367816091953 0.0 0.5 121 0.2644628099173554 0.0 0.6 74 0.35135135135135137 0.0 0.7 44 0.36363636363636365 0.0 0.9 0 1 1
42 0.1 439 0.07517084282460136 0.0 0.4 90 0.2222222222222222 0.0 0.5 54 0.3333333333333333 0.0 0.6 31 0.22580645161290322 0.0 0.7 6 0.3333333333333333 0.0 0.9 0 1 1
42 0.1 568 0.06514084507042253 0.0 0.4 192 0.16666666666666666 0.0 0.5 136 0.22058823529411764 0.0 0.6 94 0.26595744680851063 0.0 0.7 46 0.2826086956521739 0.0 0.9 0 1 1
42 0.1 172 0.19186046511627908 0.0 0.4 25 0.48 0.0 0.5 8 0.75 0.0 0.6 1 1.0 0.0 0.7 0 1 1 0.9 0 1 1
42 0.1 425 0.09411764705882353 0.0 0.4 100 0.26 0.0 0.5 48 0.3125 0.0 0.6 8 0.5 0.0 0.7 1 1.0 0.0 0.9 0 1 1
42 0.1 891 0.04264870931537598 0.0 0.4 357 0.0896358543417367 0.0 0.5 249 0.1285140562248996 0.0 0.6 182 0.17032967032967034 0.0 0.7 119 0.23529411764705882 0.0 0.9 0 1 1
42 0.1 453 0.09050772626931568 0.0 0.4 143 0.23776223776223776 0.0 0.5 113 0.2920353982300885 0.0 0.6 81 0.345679012345679 0.0 0.7 36 0.5277777777777778 0.0 0.9 0 1 1
42 0.1 301 0.1362126245847176 0.0 0.4 93 0.3978494623655914 0.0 0.5 70 0.5 0.0 0.6 48 0.625 0.0 0.7 29 0.7586206896551724 0.0 0.9 0 1 1
42 0.1 525 0.08 0.0 0.4 174 0.21264367816091953 0.0 0.5 103 0.2912621359223301 0.0 0.6 31 0.5483870967741935 0.0 0.7 3 0.3333333333333333 0.0 0.9 0 1 1
42 0.1 190 0.20526315789473684 0.0 0.4 71 0.4084507042253521 0.0 0.5 50 0.48 0.0 0.6 30 0.6333333333333333 0.0 0.7 17 0.6470588235294118 0.0 0.9 0 1 1
42 0.1 56 0.32142857142857145 0.0 0.4 15 0.5333333333333333 0.0 0.5 6 0.8333333333333334 0.0 0.6 3 0.6666666666666666 0.0 0.7 1 1.0 0.0 0.9 0 1 1
42 0.1 322 0.12422360248447205 0.0 0.4 185 0.1945945945945946 0.0 0.5 147 0.21768707482993196 0.0 0.6 92 0.2608695652173913 0.0 0.7 46 0.34782608695652173 0.0 0.9 0 1 1
42 0.1 404 0.09653465346534654 0.0 0.4 184 0.19021739130434784 0.0 0.5 140 0.2357142857142857 0.0 0.6 95 0.3473684210526316 0.0 0.7 67 0.44776119402985076 0.0 0.9 3 1.0 0.0
42 0.1 303 0.132013201320132 0.0 0.4 156 0.23076923076923078 0.0 0.5 128 0.2734375 0.0 0.6 82 0.3048780487804878 0.0 0.7 39 0.46153846153846156 0.0 0.9 0 1 1
42 0.1 137 0.2846715328467153 0.0 0.4 34 0.6470588235294118 0.0 0.5 23 0.7391304347826086 0.0 0.6 14 0.7857142857142857 0.0 0.7 6 0.8333333333333334 0.0 0.9 0 1 1
42 0.1 137 0.291970802919708 0.0 0.4 60 0.5166666666666667 0.0 0.5 42 0.5714285714285714 0.0 0.6 32 0.6875 0.0 0.7 19 0.7894736842105263 0.0 0.9 0 1 1
42 0.1 121 0.30578512396694213 0.0 0.4 55 0.5454545454545454 0.0 0.5 44 0.5909090909090909 0.0 0.6 30 0.6333333333333333 0.0 0.7 17 0.7058823529411765 0.0 0.9 0 1 1
42 0.1 130 0.3 0.0 0.4 60 0.55 0.0 0.5 48 0.6458333333333334 0.0 0.6 32 0.84375 0.0 0.7 15 0.8666666666666667 0.0 0.9 0 1 1
42 0.1 97 0.3711340206185567 0.0 0.4 27 0.6296296296296297 0.0 0.5 17 0.7647058823529411 0.0 0.6 9 0.7777777777777778 0.0 0.7 2 1.0 0.0 0.9 0 1 1
42 0.1 187 0.2192513368983957 0.0 0.4 90 0.3888888888888889 0.0 0.5 66 0.48484848484848486 0.0 0.6 43 0.6046511627906976 0.0 0.7 33 0.696969696969697 0.0 0.9 1 1.0 0.0
42 0.1 203 0.2019704433497537 0.0 0.4 108 0.3611111111111111 0.0 0.5 82 0.45121951219512196 0.0 0.6 45 0.6666666666666666 0.0 0.7 26 0.7692307692307693 0.0 0.9 0 1 1
42 0.1 166 0.1566265060240964 0.0 0.4 3 0.6666666666666666 0.0 0.5 0 1 1 0.6 0 1 1 0.7 0 1 1 0.9 0 1 1
42 0.1 236 0.1652542372881356 0.0 0.4 85 0.38823529411764707 0.0 0.5 63 0.5238095238095238 0.0 0.6 43 0.627906976744186 0.0 0.7 29 0.7586206896551724 0.0 0.9 0 1 1
42 0.1 93 0.40860215053763443 0.0 0.4 50 0.58 0.0 0.5 41 0.6097560975609756 0.0 0.6 30 0.6666666666666666 0.0 0.7 20 0.75 0.0 0.9 0 1 1
42 0.1 129 0.17829457364341086 0.0 0.4 37 0.4864864864864865 0.0 0.5 25 0.56 0.0 0.6 13 0.5384615384615384 0.0 0.7 6 0.8333333333333334 0.0 0.9 0 1 1
42 0.1 11 0.36363636363636365 0.0 0.4 4 1.0 0.0 0.5 3 1.0 0.0 0.6 3 1.0 0.0 0.7 2 1.0 0.0 0.9 0 1 1
42 0.1 12 0.3333333333333333 0.0 0.4 2 1.0 0.0 0.5 2 1.0 0.0 0.6 0 1 1 0.7 0 1 1 0.9 0 1 1
42 0.1 57 0.43859649122807015 0.0 0.4 17 0.7058823529411765 0.0 0.5 16 0.75 0.0 0.6 12 0.75 0.0 0.7 7 0.8571428571428571 0.0 0.9 0 1 1
42 0.1 109 0.3669724770642202 0.0 0.4 58 0.5862068965517241 0.0 0.5 48 0.6458333333333334 0.0 0.6 35 0.7428571428571429 0.0 0.7 25 0.72 0.0 0.9 1 1.0 0.0
42 0.1 72 0.3888888888888889 0.0 0.4 34 0.5882352941176471 0.0 0.5 26 0.6153846153846154 0.0 0.6 17 0.6470588235294118 0.0 0.7 11 0.8181818181818182 0.0 0.9 0 1 1
42 0.1 67 0.3582089552238806 0.0 0.4 15 0.6 0.0 0.5 10 0.7 0.0 0.6 7 0.7142857142857143 0.0 0.7 3 1.0 0.0 0.9 0 1 1
42 0.1 118 0.3389830508474576 0.0 0.4 42 0.6904761904761905 0.0 0.5 28 0.75 0.0 0.6 15 0.9333333333333333 0.0 0.7 4 1.0 0.0 0.9 0 1 1
42 0.1 115 0.3565217391304348 0.0 0.4 60 0.5666666666666667 0.0 0.5 47 0.6382978723404256 0.0 0.6 34 0.7352941176470589 0.0 0.7 24 0.8333333333333334 0.0 0.9 0 1 1
42 0.1 155 0.2709677419354839 0.0 0.4 82 0.5 0.0 0.5 65 0.5692307692307692 0.0 0.6 49 0.673469387755102 0.0 0.7 29 0.7586206896551724 0.0 0.9 0 1 1
42 0.1 146 0.273972602739726 0.0 0.4 75 0.49333333333333335 0.0 0.5 56 0.5892857142857143 0.0 0.6 38 0.7105263157894737 0.0 0.7 25 0.84 0.0 0.9 1 1.0 0.0
42 0.1 120 0.2916666666666667 0.0 0.4 51 0.49019607843137253 0.0 0.5 32 0.5625 0.0 0.6 16 0.75 0.0 0.7 2 1.0 0.0 0.9 0 1 1
42 0.1 84 0.2619047619047619 0.0 0.4 10 0.4 0.0 0.5 1 1.0 0.0 0.6 0 1 1 0.7 0 1 1 0.9 0 1 1
42 0.1 83 0.3855421686746988 0.0 0.4 26 0.6538461538461539 0.0 0.5 21 0.6666666666666666 0.0 0.6 16 0.625 0.0 0.7 6 1.0 0.0 0.9 0 1 1
42 0.1 115 0.3391304347826087 0.0 0.4 62 0.5645161290322581 0.0 0.5 51 0.6470588235294118 0.0 0.6 42 0.7142857142857143 0.0 0.7 30 0.8333333333333334 0.0 0.9 0 1 1
42 0.1 77 0.4805194805194805 0.0 0.4 36 0.7222222222222222 0.0 0.5 26 0.8461538461538461 0.0 0.6 21 0.9047619047619048 0.0 0.7 12 1.0 0.0 0.9 0 1 1
42 0.1 168 0.23214285714285715 0.0 0.4 89 0.42696629213483145 0.0 0.5 78 0.48717948717948717 0.0 0.6 64 0.578125 0.0 0.7 51 0.6274509803921569 0.0 0.9 7 1.0 0.0
42 0.1 174 0.22413793103448276 0.0 0.4 74 0.4594594594594595 0.0 0.5 58 0.5689655172413793 0.0 0.6 44 0.5909090909090909 0.0 0.7 20 0.85 0.0 0.9 0 1 1
42 0.1 134 0.26119402985074625 0.0 0.4 45 0.6 0.0 0.5 31 0.5806451612903226 0.0 0.6 12 0.75 0.0 0.7 3 1.0 0.0 0.9 0 1 1
42 0.1 134 0.30597014925373134 0.0 0.4 66 0.5909090909090909 0.0 0.5 57 0.6842105263157895 0.0 0.6 44 0.7727272727272727 0.0 0.7 33 0.7878787878787878 0.0 0.9 0 1 1
42 0.1 230 0.1608695652173913 0.0 0.4 105 0.2761904761904762 0.0 0.5 57 0.3684210526315789 0.0 0.6 26 0.5384615384615384 0.0 0.7 12 0.6666666666666666 0.0 0.9 0 1 1
42 0.1 204 0.20098039215686275 0.0 0.4 104 0.38461538461538464 0.0 0.5 86 0.4418604651162791 0.0 0.6 68 0.5 0.0 0.7 47 0.5957446808510638 0.0 0.9 5 1.0 0.0
42 0.1 95 0.37894736842105264 0.0 0.4 40 0.525 0.0 0.5 27 0.6296296296296297 0.0 0.6 11 0.9090909090909091 0.0 0.7 3 1.0 0.0 0.9 0 1 1
42 0.1 1 1.0 0.0 0.4 0 1 1 0.5 0 1 1 0.6 0 1 1 0.7 0 1 1 0.9 0 1 1
42 0.1 8 0.375 0.0 0.4 0 1 1 0.5 0 1 1 0.6 0 1 1 0.7 0 1 1 0.9 0 1 1
42 0.1 56 0.05357142857142857 0.0 0.4 0 1 1 0.5 0 1 1 0.6 0 1 1 0.7 0 1 1 0.9 0 1 1
42 0.1 59 0.2033898305084746 0.0 0.4 3 0.3333333333333333 0.0 0.5 0 1 1 0.6 0 1 1 0.7 0 1 1 0.9 0 1 1
42 0.1 57 0.12280701754385964 0.0 0.4 0 1 1 0.5 0 1 1 0.6 0 1 1 0.7 0 1 1 0.9 0 1 1
42 0.1 0 1 1 0.4 0 1 1 0.5 0 1 1 0.6 0 1 1 0.7 0 1 1 0.9 0 1 1
42 0.1 0 1 1 0.4 0 1 1 0.5 0 1 1 0.6 0 1 1 0.7 0 1 1 0.9 0 1 1
42 0.1 4 0.25 0.0 0.4 0 1 1 0.5 0 1 1 0.6 0 1 1 0.7 0 1 1 0.9 0 1 1
42 0.1 0 1 1 0.4 0 1 1 0.5 0 1 1 0.6 0 1 1 0.7 0 1 1 0.9 0 1 1
42 0.1 44 0.2727272727272727 0.0 0.4 2 0.5 0.0 0.5 0 1 1 0.6 0 1 1 0.7 0 1 1 0.9 0 1 1
42 0.1 157 0.20382165605095542 0.0 0.4 36 0.5277777777777778 0.0 0.5 26 0.6923076923076923 0.0 0.6 11 0.8181818181818182 0.0 0.7 2 0.5 0.0 0.9 0 1 1
42 0.1 127 0.2047244094488189 0.0 0.4 20 0.4 0.0 0.5 8 0.5 0.0 0.6 2 0.5 0.0 0.7 0 1 1 0.9 0 1 1
42 0.1 134 0.208955223880597 0.0 0.4 14 0.6428571428571429 0.0 0.5 3 0.3333333333333333 0.0 0.6 0 1 1 0.7 0 1 1 0.9 0 1 1
42 0.1 121 0.256198347107438 0.0 0.4 14 0.5 0.0 0.5 5 0.8 0.0 0.6 0 1 1 0.7 0 1 1 0.9 0 1 1
42 0.1 272 0.13970588235294118 0.0 0.4 27 0.5185185185185185 0.0 0.5 5 0.8 0.0 0.6 1 0.0 0.0 0.7 0 1 1 0.9 0 1 1
42 0.1 268 0.1417910447761194 0.0 0.4 11 0.45454545454545453 0.0 0.5 4 0.5 0.0 0.6 0 1 1 0.7 0 1 1 0.9 0 1 1
42 0.1 187 0.20320855614973263 0.0 0.4 22 0.5454545454545454 0.0 0.5 10 0.7 0.0 0.6 2 0.5 0.0 0.7 0 1 1 0.9 0 1 1
42 0.1 14 0.35714285714285715 0.0 0.4 0 1 1 0.5 0 1 1 0.6 0 1 1 0.7 0 1 1 0.9 0 1 1
42 0.1 100 0.34 0.0 0.4 30 0.6 0.0 0.5 22 0.5909090909090909 0.0 0.6 12 0.5833333333333334 0.0 0.7 1 1.0 0.0 0.9 0 1 1
42 0.1 142 0.28169014084507044 0.0 0.4 47 0.6382978723404256 0.0 0.5 43 0.6511627906976745 0.0 0.6 35 0.6857142857142857 0.0 0.7 15 0.9333333333333333 0.0 0.9 0 1 1
42 0.1 41 0.24390243902439024 0.0 0.4 5 0.6 0.0 0.5 1 1.0 0.0 0.6 0 1 1 0.7 0 1 1 0.9 0 1 1
42 0.1 73 0.3150684931506849 0.0 0.4 11 0.6363636363636364 0.0 0.5 5 0.8 0.0 0.6 2 1.0 0.0 0.7 1 1.0 0.0 0.9 0 1 1
42 0.1 236 0.1694915254237288 0.0 0.4 66 0.5151515151515151 0.0 0.5 46 0.6739130434782609 0.0 0.6 28 0.7857142857142857 0.0 0.7 13 0.7692307692307693 0.0 0.9 0 1 1
42 0.1 287 0.11846689895470383 0.0 0.4 29 0.5517241379310345 0.0 0.5 17 0.6470588235294118 0.0 0.6 4 1.0 0.0 0.7 0 1 1 0.9 0 1 1
42 0.1 304 0.13157894736842105 0.003289473684210526 0.4 67 0.4626865671641791 0.014925373134328358 0.5 45 0.5555555555555556 0.022222222222222223 0.6 21 0.8571428571428571 0.047619047619047616 0.7 7 0.8571428571428571 0.0 0.9 0 1 1
42 0.1 219 0.1643835616438356 0.0045662100456621 0.4 25 0.56 0.04 0.5 9 0.5555555555555556 0.0 0.6 3 1.0 0.0 0.7 1 1.0 0.0 0.9 0 1 1
42 0.1 6 0.16666666666666666 0.0 0.4 0 1 1 0.5 0 1 1 0.6 0 1 1 0.7 0 1 1 0.9 0 1 1
42 0.1 62 0.20967741935483872 0.0 0.4 9 0.4444444444444444 0.0 0.5 5 0.6 0.0 0.6 0 1 1 0.7 0 1 1 0.9 0 1 1
42 0.1 180 0.18888888888888888 0.005555555555555556 0.4 36 0.4166666666666667 0.027777777777777776 0.5 24 0.5 0.041666666666666664 0.6 12 0.6666666666666666 0.0 0.7 4 0.75 0.0 0.9 0 1 1
42 0.1 126 0.2777777777777778 0.0 0.4 30 0.6666666666666666 0.0 0.5 20 0.75 0.0 0.6 12 0.8333333333333334 0.0 0.7 6 0.8333333333333334 0.0 0.9 0 1 1
42 0.1 243 0.16872427983539096 0.00411522633744856 0.4 54 0.5555555555555556 0.018518518518518517 0.5 27 0.6666666666666666 0.037037037037037035 0.6 13 0.6923076923076923 0.0 0.7 1 1.0 0.0 0.9 0 1 1
42 0.1 165 0.23636363636363636 0.006060606060606061 0.4 49 0.5510204081632653 0.02040816326530612 0.5 34 0.6470588235294118 0.029411764705882353 0.6 19 0.7368421052631579 0.05263157894736842 0.7 4 0.5 0.0 0.9 0 1 1
42 0.1 150 0.23333333333333334 0.0 0.4 40 0.625 0.0 0.5 30 0.7 0.0 0.6 15 0.6 0.0 0.7 3 0.6666666666666666 0.0 0.9 0 1 1
42 0.1 143 0.2517482517482518 0.0 0.4 59 0.4915254237288136 0.0 0.5 41 0.5853658536585366 0.0 0.6 24 0.75 0.0 0.7 8 0.625 0.0 0.9 0 1 1
42 0.1 103 0.36893203883495146 0.0 0.4 31 0.7419354838709677 0.0 0.5 17 0.8235294117647058 0.0 0.6 8 0.875 0.0 0.7 0 1 1 0.9 0 1 1
42 0.1 63 0.5714285714285714 0.0 0.4 28 0.8571428571428571 0.0 0.5 20 0.9 0.0 0.6 13 1.0 0.0 0.7 2 1.0 0.0 0.9 0 1 1
42 0.1 122 0.32786885245901637 0.0 0.4 53 0.6415094339622641 0.0 0.5 46 0.717391304347826 0.0 0.6 35 0.8571428571428571 0.0 0.7 23 0.8695652173913043 0.0 0.9 0 1 1
42 0.1 137 0.22627737226277372 0.0 0.4 39 0.3333333333333333 0.0 0.5 18 0.3333333333333333 0.0 0.6 4 0.5 0.0 0.7 1 1.0 0.0 0.9 0 1 1
42 0.1 127 0.14960629921259844 0.0 0.4 31 0.2903225806451613 0.0 0.5 13 0.46153846153846156 0.0 0.6 6 0.6666666666666666 0.0 0.7 5 0.8 0.0 0.9 0 1 1
42 0.1 89 0.11235955056179775 0.0 0.4 35 0.2 0.0 0.5 27 0.25925925925925924 0.0 0.6 15 0.4 0.0 0.7 7 0.5714285714285714 0.0 0.9 0 1 1
42 0.1 113 0.17699115044247787 0.0 0.4 49 0.32653061224489793 0.0 0.5 31 0.45161290322580644 0.0 0.6 22 0.45454545454545453 0.0 0.7 8 0.5 0.0 0.9 0 1 1
42 0.1 66 0.22727272727272727 0.0 0.4 28 0.32142857142857145 0.0 0.5 22 0.4090909090909091 0.0 0.6 14 0.5 0.0 0.7 5 0.8 0.0 0.9 0 1 1
42 0.1 74 0.33783783783783783 0.0 0.4 27 0.5925925925925926 0.0 0.5 17 0.7647058823529411 0.0 0.6 11 0.7272727272727273 0.0 0.7 2 0.5 0.0 0.9 0 1 1
42 0.1 14 0.6428571428571429 0.0 0.4 1 1.0 0.0 0.5 0 1 1 0.6 0 1 1 0.7 0 1 1 0.9 0 1 1
42 0.1 63 0.3968253968253968 0.0 0.4 18 0.6111111111111112 0.0 0.5 15 0.6666666666666666 0.0 0.6 10 0.8 0.0 0.7 3 1.0 0.0 0.9 0 1 1
42 0.1 123 0.3333333333333333 0.008130081300813009 0.4 53 0.6415094339622641 0.018867924528301886 0.5 41 0.7317073170731707 0.024390243902439025 0.6 32 0.8125 0.0 0.7 16 0.875 0.0 0.9 0 1 1
42 0.1 116 0.3448275862068966 0.017241379310344827 0.4 54 0.6296296296296297 0.037037037037037035 0.5 48 0.6666666666666666 0.041666666666666664 0.6 37 0.7297297297297297 0.05405405405405406 0.7 24 0.875 0.08333333333333333 0.9 0 1 1
42 0.1 99 0.3838383838383838 0.010101010101010102 0.4 49 0.7142857142857143 0.02040816326530612 0.5 40 0.825 0.025 0.6 32 0.78125 0.03125 0.7 21 0.8095238095238095 0.047619047619047616 0.9 0 1 1
42 0.1 88 0.4431818181818182 0.0 0.4 45 0.7555555555555555 0.0 0.5 39 0.8205128205128205 0.0 0.6 31 0.8709677419354839 0.0 0.7 25 0.84 0.0 0.9 0 1 1
42 0.1 111 0.36036036036036034 0.0 0.4 47 0.6595744680851063 0.0 0.5 42 0.7380952380952381 0.0 0.6 31 0.8387096774193549 0.0 0.7 20 0.85 0.0 0.9 0 1 1
42 0.1 159 0.2578616352201258 0.012578616352201259 0.4 58 0.6206896551724138 0.034482758620689655 0.5 48 0.7291666666666666 0.041666666666666664 0.6 33 0.8181818181818182 0.06060606060606061 0.7 26 0.8076923076923077 0.038461538461538464 0.9 0 1 1
42 0.1 129 0.3178294573643411 0.0 0.4 59 0.6101694915254238 0.0 0.5 48 0.6875 0.0 0.6 32 0.8125 0.0 0.7 24 0.7916666666666666 0.0 0.9 0 1 1
42 0.1 70 0.5 0.0 0.4 42 0.6666666666666666 0.0 0.5 34 0.7058823529411765 0.0 0.6 22 0.8181818181818182 0.0 0.7 18 0.7777777777777778 0.0 0.9 0 1 1
42 0.1 28 0.39285714285714285 0.0 0.4 10 0.4 0.0 0.5 6 0.6666666666666666 0.0 0.6 5 0.8 0.0 0.7 4 1.0 0.0 0.9 0 1 1
42 0.1 99 0.3838383838383838 0.0 0.4 56 0.625 0.0 0.5 48 0.6875 0.0 0.6 37 0.7567567567567568 0.0 0.7 27 0.7777777777777778 0.0 0.9 0 1 1
42 0.1 93 0.40860215053763443 0.010752688172043012 0.4 52 0.6538461538461539 0.019230769230769232 0.5 41 0.7317073170731707 0.024390243902439025 0.6 34 0.7647058823529411 0.029411764705882353 0.7 20 0.8 0.05 0.9 0 1 1
42 0.1 89 0.42696629213483145 0.0 0.4 53 0.660377358490566 0.0 0.5 47 0.7446808510638298 0.0 0.6 35 0.7428571428571429 0.0 0.7 24 0.875 0.0 0.9 1 1.0 0.0
42 0.1 88 0.42045454545454547 0.0 0.4 34 0.7941176470588235 0.0 0.5 27 0.7777777777777778 0.0 0.6 22 0.7727272727272727 0.0 0.7 12 0.8333333333333334 0.0 0.9 0 1 1
42 0.1 138 0.2753623188405797 0.0 0.4 70 0.4714285714285714 0.0 0.5 57 0.543859649122807 0.0 0.6 45 0.6 0.0 0.7 29 0.7241379310344828 0.0 0.9 2 1.0 0.0
42 0.1 102 0.38235294117647056 0.00980392156862745 0.4 48 0.6666666666666666 0.020833333333333332 0.5 35 0.7714285714285715 0.02857142857142857 0.6 31 0.8387096774193549 0.03225806451612903 0.7 19 0.7894736842105263 0.05263157894736842 0.9 0 1 1
42 0.1 126 0.30952380952380953 0.007936507936507936 0.4 58 0.6206896551724138 0.017241379310344827 0.5 49 0.6938775510204082 0.02040816326530612 0.6 39 0.7435897435897436 0.02564102564102564 0.7 27 0.8888888888888888 0.0 0.9 0 1 1
42 0.1 180 0.21666666666666667 0.005555555555555556 0.4 62 0.5645161290322581 0.016129032258064516 0.5 46 0.6956521739130435 0.021739130434782608 0.6 31 0.8064516129032258 0.03225806451612903 0.7 20 0.9 0.0 0.9 0 1 1
42 0.1 123 0.3170731707317073 0.008130081300813009 0.4 64 0.578125 0.015625 0.5 50 0.66 0.02 0.6 37 0.7297297297297297 0.02702702702702703 0.7 26 0.7692307692307693 0.038461538461538464 0.9 0 1 1
42 0.1 90 0.4444444444444444 0.044444444444444446 0.4 43 0.7441860465116279 0.06976744186046512 0.5 35 0.8 0.08571428571428572 0.6 28 0.8214285714285714 0.10714285714285714 0.7 16 0.9375 0.125 0.9 0 1 1
42 0.1 188 0.19148936170212766 0.015957446808510637 0.4 36 0.6111111111111112 0.05555555555555555 0.5 25 0.64 0.04 0.6 15 0.8 0.0 0.7 4 1.0 0.0 0.9 0 1 1
42 0.1 85 0.4 0.011764705882352941 0.4 39 0.6410256410256411 0.02564102564102564 0.5 27 0.7777777777777778 0.0 0.6 20 0.85 0.0 0.7 11 0.8181818181818182 0.0 0.9 0 1 1
42 0.1 142 0.24647887323943662 0.0 0.4 54 0.42592592592592593 0.0 0.5 43 0.46511627906976744 0.0 0.6 26 0.6153846153846154 0.0 0.7 15 0.8 0.0 0.9 0 1 1
42 0.1 135 0.26666666666666666 0.0 0.4 49 0.5306122448979592 0.0 0.5 37 0.5675675675675675 0.0 0.6 30 0.5666666666666667 0.0 0.7 13 0.7692307692307693 0.0 0.9 0 1 1
42 0.1 208 0.1971153846153846 0.019230769230769232 0.4 76 0.4605263157894737 0.05263157894736842 0.5 56 0.625 0.07142857142857142 0.6 41 0.7317073170731707 0.0975609756097561 0.7 26 0.8076923076923077 0.07692307692307693 0.9 0 1 1
42 0.1 149 0.2550335570469799 0.006711409395973154 0.4 53 0.5094339622641509 0.018867924528301886 0.5 41 0.5609756097560976 0.024390243902439025 0.6 30 0.6333333333333333 0.03333333333333333 0.7 15 0.6 0.06666666666666667 0.9 0 1 1
42 0.1 86 0.45348837209302323 0.023255813953488372 0.4 39 0.7948717948717948 0.05128205128205128 0.5 31 0.8709677419354839 0.06451612903225806 0.6 30 0.8666666666666667 0.06666666666666667 0.7 22 0.9090909090909091 0.0 0.9 0 1 1
42 0.1 101 0.40594059405940597 0.0 0.4 63 0.6031746031746031 0.0 0.5 58 0.6379310344827587 0.0 0.6 48 0.7708333333333334 0.0 0.7 39 0.8205128205128205 0.0 0.9 1 0.0 0.0
42 0.1 104 0.3942307692307692 0.019230769230769232 0.4 71 0.5352112676056338 0.028169014084507043 0.5 62 0.5967741935483871 0.03225806451612903 0.6 52 0.6538461538461539 0.038461538461538464 0.7 38 0.7894736842105263 0.05263157894736842 0.9 0 1 1
42 0.1 101 0.40594059405940597 0.0 0.4 74 0.5 0.0 0.5 65 0.5692307692307692 0.0 0.6 53 0.6792452830188679 0.0 0.7 40 0.825 0.0 0.9 1 1.0 0.0
42 0.1 94 0.43617021276595747 0.0 0.4 58 0.6379310344827587 0.0 0.5 51 0.6862745098039216 0.0 0.6 45 0.7555555555555555 0.0 0.7 36 0.8333333333333334 0.0 0.9 0 1 1
42 0.1 97 0.422680412371134 0.010309278350515464 0.4 59 0.6101694915254238 0.0 0.5 51 0.6470588235294118 0.0 0.6 42 0.7380952380952381 0.0 0.7 34 0.8235294117647058 0.0 0.9 0 1 1
42 0.1 106 0.3867924528301887 0.018867924528301886 0.4 60 0.5833333333333334 0.016666666666666666 0.5 50 0.7 0.02 0.6 42 0.8095238095238095 0.023809523809523808 0.7 34 0.8235294117647058 0.029411764705882353 0.9 0 1 1
42 0.1 122 0.3360655737704918 0.02459016393442623 0.4 67 0.5522388059701493 0.04477611940298507 0.5 59 0.6101694915254238 0.05084745762711865 0.6 52 0.6538461538461539 0.057692307692307696 0.7 42 0.7142857142857143 0.047619047619047616 0.9 0 1 1
42 0.1 81 0.48148148148148145 0.024691358024691357 0.4 57 0.631578947368421 0.03508771929824561 0.5 50 0.68 0.04 0.6 46 0.7391304347826086 0.043478260869565216 0.7 36 0.8333333333333334 0.05555555555555555 0.9 0 1 1
42 0.1 79 0.46835443037974683 0.0 0.4 47 0.6808510638297872 0.0 0.5 39 0.7435897435897436 0.0 0.6 34 0.7941176470588235 0.0 0.7 26 0.8846153846153846 0.0 0.9 0 1 1
42 0.1 86 0.4418604651162791 0.046511627906976744 0.4 53 0.6981132075471698 0.07547169811320754 0.5 47 0.7659574468085106 0.0851063829787234 0.6 38 0.8421052631578947 0.10526315789473684 0.7 32 0.84375 0.125 0.9 0 1 1
42 0.1 59 0.6101694915254238 0.0 0.4 38 0.8157894736842105 0.0 0.5 35 0.8285714285714286 0.0 0.6 29 0.8275862068965517 0.0 0.7 18 0.8333333333333334 0.0 0.9 0 1 1
42 0.1 99 0.3838383838383838 0.0 0.4 47 0.723404255319149 0.0 0.5 41 0.8048780487804879 0.0 0.6 38 0.8157894736842105 0.0 0.7 26 0.8461538461538461 0.0 0.9 0 1 1
42 0.1 106 0.37735849056603776 0.018867924528301886 0.4 67 0.5522388059701493 0.029850746268656716 0.5 59 0.6101694915254238 0.03389830508474576 0.6 48 0.7291666666666666 0.041666666666666664 0.7 36 0.8055555555555556 0.05555555555555555 0.9 0 1 1
42 0.1 92 0.42391304347826086 0.010869565217391304 0.4 62 0.5967741935483871 0.016129032258064516 0.5 54 0.6851851851851852 0.018518518518518517 0.6 43 0.7906976744186046 0.023255813953488372 0.7 38 0.7894736842105263 0.02631578947368421 0.9 1 1.0 0.0
42 0.1 76 0.47368421052631576 0.013157894736842105 0.4 48 0.7083333333333334 0.020833333333333332 0.5 41 0.7560975609756098 0.024390243902439025 0.6 34 0.8235294117647058 0.029411764705882353 0.7 25 0.8 0.04 0.9 1 1.0 0.0
42 0.1 80 0.475 0.0375 0.4 54 0.6296296296296297 0.05555555555555555 0.5 47 0.7021276595744681 0.06382978723404255 0.6 42 0.7380952380952381 0.07142857142857142 0.7 29 0.8275862068965517 0.06896551724137931 0.9 1 1.0 0.0
42 0.1 100 0.4 0.02 0.4 65 0.5846153846153846 0.03076923076923077 0.5 60 0.6166666666666667 0.03333333333333333 0.6 52 0.6730769230769231 0.038461538461538464 0.7 39 0.7435897435897436 0.05128205128205128 0.9 0 1 1
42 0.1 112 0.375 0.017857142857142856 0.4 70 0.5285714285714286 0.02857142857142857 0.5 64 0.578125 0.03125 0.6 52 0.6730769230769231 0.038461538461538464 0.7 48 0.7291666666666666 0.041666666666666664 0.9 0 1 1
42 0.1 93 0.41935483870967744 0.043010752688172046 0.4 61 0.6229508196721312 0.06557377049180328 0.5 57 0.6666666666666666 0.07017543859649122 0.6 48 0.75 0.0625 0.7 37 0.8108108108108109 0.08108108108108109 0.9 0 1 1
42 0.1 86 0.4418604651162791 0.011627906976744186 0.4 63 0.6031746031746031 0.015873015873015872 0.5 55 0.6545454545454545 0.01818181818181818 0.6 50 0.72 0.02 0.7 42 0.7857142857142857 0.023809523809523808 0.9 0 1 1
42 0.1 80 0.475 0.0125 0.4 48 0.7083333333333334 0.020833333333333332 0.5 42 0.7380952380952381 0.023809523809523808 0.6 32 0.78125 0.03125 0.7 23 0.8260869565217391 0.043478260869565216 0.9 0 1 1
42 0.1 76 0.5 0.02631578947368421 0.4 48 0.7291666666666666 0.041666666666666664 0.5 39 0.7948717948717948 0.05128205128205128 0.6 34 0.7941176470588235 0.058823529411764705 0.7 28 0.8214285714285714 0.07142857142857142 0.9 0 1 1
42 0.1 76 0.5131578947368421 0.0 0.4 37 0.8108108108108109 0.0 0.5 34 0.8235294117647058 0.0 0.6 32 0.8125 0.0 0.7 19 0.8421052631578947 0.0 0.9 0 1 1
42 0.1 166 0.25301204819277107 0.006024096385542169 0.4 71 0.5070422535211268 0.014084507042253521 0.5 51 0.6470588235294118 0.0196078431372549 0.6 39 0.717948717948718 0.02564102564102564 0.7 31 0.8064516129032258 0.03225806451612903 0.9 0 1 1
42 0.1 87 0.45977011494252873 0.034482758620689655 0.4 62 0.5967741935483871 0.04838709677419355 0.5 52 0.7115384615384616 0.057692307692307696 0.6 46 0.782608695652174 0.06521739130434782 0.7 37 0.8108108108108109 0.05405405405405406 0.9 0 1 1
42 0.1 102 0.39215686274509803 0.029411764705882353 0.4 71 0.5492957746478874 0.04225352112676056 0.5 59 0.6440677966101694 0.05084745762711865 0.6 52 0.7115384615384616 0.057692307692307696 0.7 42 0.7619047619047619 0.047619047619047616 0.9 0 1 1
42 0.1 110 0.37272727272727274 0.00909090909090909 0.4 70 0.5714285714285714 0.014285714285714285 0.5 59 0.6271186440677966 0.01694915254237288 0.6 51 0.7058823529411765 0.0196078431372549 0.7 40 0.775 0.025 0.9 0 1 1
42 0.1 99 0.41414141414141414 0.010101010101010102 0.4 66 0.5909090909090909 0.015151515151515152 0.5 60 0.6166666666666667 0.016666666666666666 0.6 53 0.6792452830188679 0.018867924528301886 0.7 41 0.7560975609756098 0.024390243902439025 0.9 0 1 1
42 0.1 84 0.4642857142857143 0.011904761904761904 0.4 51 0.6862745098039216 0.0196078431372549 0.5 47 0.723404255319149 0.0 0.6 40 0.75 0.0 0.7 33 0.7575757575757576 0.0 0.9 0 1 1
42 0.1 102 0.4019607843137255 0.00980392156862745 0.4 64 0.578125 0.015625 0.5 56 0.6428571428571429 0.017857142857142856 0.6 51 0.6666666666666666 0.0196078431372549 0.7 40 0.75 0.025 0.9 1 1.0 0.0
42 0.1 104 0.3942307692307692 0.0 0.4 64 0.578125 0.0 0.5 55 0.6545454545454545 0.0 0.6 45 0.7333333333333333 0.0 0.7 39 0.7692307692307693 0.0 0.9 0 1 1
42 0.1 101 0.40594059405940597 0.009900990099009901 0.4 52 0.7115384615384616 0.019230769230769232 0.5 49 0.7346938775510204 0.02040816326530612 0.6 40 0.8 0.025 0.7 36 0.8333333333333334 0.027777777777777776 0.9 0 1 1
42 0.1 104 0.3942307692307692 0.028846153846153848 0.4 63 0.6031746031746031 0.047619047619047616 0.5 54 0.6851851851851852 0.05555555555555555 0.6 46 0.717391304347826 0.06521739130434782 0.7 38 0.8157894736842105 0.07894736842105263 0.9 0 1 1
42 0.1 89 0.4606741573033708 0.0449438202247191 0.4 60 0.6166666666666667 0.06666666666666667 0.5 51 0.7058823529411765 0.0784313725490196 0.6 47 0.7659574468085106 0.0851063829787234 0.7 39 0.7692307692307693 0.10256410256410256 0.9 0 1 1
42 0.1 77 0.5064935064935064 0.025974025974025976 0.4 50 0.66 0.04 0.5 47 0.7021276595744681 0.0425531914893617 0.6 39 0.717948717948718 0.05128205128205128 0.7 31 0.8064516129032258 0.06451612903225806 0.9 0 1 1
42 0.1 77 0.5194805194805194 0.025974025974025976 0.4 49 0.6938775510204082 0.04081632653061224 0.5 43 0.7209302325581395 0.046511627906976744 0.6 41 0.7560975609756098 0.04878048780487805 0.7 33 0.8484848484848485 0.030303030303030304 0.9 0 1 1
42 0.1 75 0.5333333333333333 0.04 0.4 49 0.673469387755102 0.061224489795918366 0.5 43 0.7441860465116279 0.06976744186046512 0.6 37 0.8378378378378378 0.08108108108108109 0.7 31 0.8709677419354839 0.0967741935483871 0.9 0 1 1
42 0.1 85 0.4823529411764706 0.023529411764705882 0.4 57 0.6842105263157895 0.03508771929824561 0.5 48 0.75 0.041666666666666664 0.6 43 0.7906976744186046 0.046511627906976744 0.7 38 0.8157894736842105 0.02631578947368421 0.9 0 1 1
42 0.1 90 0.45555555555555555 0.0 0.4 65 0.5846153846153846 0.0 0.5 57 0.6491228070175439 0.0 0.6 51 0.7254901960784313 0.0 0.7 43 0.7906976744186046 0.0 0.9 0 1 1
42 0.1 84 0.4880952380952381 0.011904761904761904 0.4 62 0.6129032258064516 0.016129032258064516 0.5 56 0.6785714285714286 0.017857142857142856 0.6 53 0.7169811320754716 0.018867924528301886 0.7 46 0.782608695652174 0.021739130434782608 0.9 1 1.0 0.0
42 0.1 83 0.4819277108433735 0.024096385542168676 0.4 60 0.65 0.03333333333333333 0.5 57 0.6842105263157895 0.03508771929824561 0.6 53 0.7169811320754716 0.03773584905660377 0.7 44 0.7727272727272727 0.022727272727272728 0.9 0 1 1
42 0.1 87 0.47126436781609193 0.011494252873563218 0.4 64 0.609375 0.015625 0.5 58 0.6724137931034483 0.017241379310344827 0.6 48 0.7708333333333334 0.020833333333333332 0.7 43 0.7906976744186046 0.023255813953488372 0.9 0 1 1
42 0.1 77 0.5194805194805194 0.03896103896103896 0.4 53 0.6981132075471698 0.05660377358490566 0.5 46 0.7608695652173914 0.06521739130434782 0.6 43 0.813953488372093 0.06976744186046512 0.7 37 0.7837837837837838 0.08108108108108109 0.9 0 1 1
42 0.1 81 0.48148148148148145 0.012345679012345678 0.4 53 0.6792452830188679 0.018867924528301886 0.5 46 0.717391304347826 0.021739130434782608 0.6 43 0.7674418604651163 0.023255813953488372 0.7 34 0.7941176470588235 0.029411764705882353 0.9 0 1 1
42 0.1 83 0.4819277108433735 0.024096385542168676 0.4 58 0.6379310344827587 0.017241379310344827 0.5 51 0.7254901960784313 0.0196078431372549 0.6 48 0.75 0.020833333333333332 0.7 42 0.8095238095238095 0.023809523809523808 0.9 1 1.0 0.0
42 0.1 96 0.4166666666666667 0.020833333333333332 0.4 69 0.5652173913043478 0.028985507246376812 0.5 62 0.6129032258064516 0.03225806451612903 0.6 57 0.6491228070175439 0.03508771929824561 0.7 50 0.72 0.04 0.9 5 1.0 0.0
42 0.1 86 0.45348837209302323 0.011627906976744186 0.4 61 0.6065573770491803 0.01639344262295082 0.5 55 0.6545454545454545 0.01818181818181818 0.6 44 0.75 0.022727272727272728 0.7 39 0.7692307692307693 0.02564102564102564 0.9 0 1 1
42 0.1 89 0.449438202247191 0.02247191011235955 0.4 65 0.6 0.03076923076923077 0.5 60 0.65 0.03333333333333333 0.6 55 0.6727272727272727 0.03636363636363636 0.7 50 0.7 0.04 0.9 1 1.0 0.0
42 0.1 75 0.5333333333333333 0.08 0.4 60 0.6333333333333333 0.1 0.5 55 0.6727272727272727 0.10909090909090909 0.6 48 0.7291666666666666 0.125 0.7 41 0.7560975609756098 0.14634146341463414 0.9 5 0.8 0.2
42 0.1 79 0.5063291139240507 0.0379746835443038 0.4 60 0.6166666666666667 0.05 0.5 56 0.6607142857142857 0.05357142857142857 0.6 53 0.660377358490566 0.05660377358490566 0.7 45 0.7111111111111111 0.06666666666666667 0.9 3 1.0 0.0
42 0.1 88 0.4659090909090909 0.03409090909090909 0.4 66 0.5606060606060606 0.045454545454545456 0.5 59 0.6271186440677966 0.05084745762711865 0.6 54 0.6666666666666666 0.05555555555555555 0.7 46 0.7391304347826086 0.06521739130434782 0.9 2 1.0 0.0
42 0.1 90 0.45555555555555555 0.03333333333333333 0.4 67 0.582089552238806 0.04477611940298507 0.5 58 0.6379310344827587 0.05172413793103448 0.6 53 0.6792452830188679 0.05660377358490566 0.7 44 0.75 0.06818181818181818 0.9 1 1.0 0.0
42 0.1 85 0.47058823529411764 0.023529411764705882 0.4 62 0.6290322580645161 0.03225806451612903 0.5 58 0.6724137931034483 0.034482758620689655 0.6 47 0.7446808510638298 0.0425531914893617 0.7 43 0.7674418604651163 0.046511627906976744 0.9 0 1 1
42 0.1 82 0.5 0.06097560975609756 0.4 65 0.6 0.07692307692307693 0.5 55 0.6909090909090909 0.09090909090909091 0.6 50 0.74 0.1 0.7 42 0.7380952380952381 0.11904761904761904 0.9 0 1 1
42 0.1 78 0.5128205128205128 0.0641025641025641 0.4 57 0.6491228070175439 0.08771929824561403 0.5 50 0.7 0.1 0.6 43 0.7441860465116279 0.11627906976744186 0.7 38 0.7631578947368421 0.13157894736842105 0.9 0 1 1
42 0.1 83 0.4939759036144578 0.03614457831325301 0.4 63 0.6349206349206349 0.047619047619047616 0.5 59 0.6610169491525424 0.05084745762711865 0.6 53 0.6981132075471698 0.05660377358490566 0.7 46 0.717391304347826 0.06521739130434782 0.9 1 1.0 0.0
42 0.1 95 0.43157894736842106 0.031578947368421054 0.4 63 0.6031746031746031 0.047619047619047616 0.5 54 0.6851851851851852 0.05555555555555555 0.6 49 0.7142857142857143 0.061224489795918366 0.7 44 0.75 0.06818181818181818 0.9 1 1.0 0.0
42 0.1 84 0.4880952380952381 0.03571428571428571 0.4 68 0.5882352941176471 0.04411764705882353 0.5 62 0.6129032258064516 0.04838709677419355 0.6 55 0.6727272727272727 0.05454545454545454 0.7 52 0.7115384615384616 0.057692307692307696 0.9 2 1.0 0.0
42 0.1 81 0.49382716049382713 0.024691358024691357 0.4 63 0.6031746031746031 0.031746031746031744 0.5 59 0.6440677966101694 0.03389830508474576 0.6 52 0.7307692307692307 0.038461538461538464 0.7 46 0.7608695652173914 0.043478260869565216 0.9 0 1 1
42 0.1 77 0.5064935064935064 0.025974025974025976 0.4 57 0.6666666666666666 0.03508771929824561 0.5 54 0.6666666666666666 0.037037037037037035 0.6 48 0.7291666666666666 0.041666666666666664 0.7 41 0.8048780487804879 0.04878048780487805 0.9 0 1 1
42 0.1 79 0.5063291139240507 0.012658227848101266 0.4 58 0.6724137931034483 0.017241379310344827 0.5 53 0.6981132075471698 0.018867924528301886 0.6 48 0.7291666666666666 0.020833333333333332 0.7 43 0.7441860465116279 0.023255813953488372 0.9 2 1.0 0.0
42 0.1 83 0.4939759036144578 0.04819277108433735 0.4 62 0.5967741935483871 0.06451612903225806 0.5 56 0.6607142857142857 0.07142857142857142 0.6 53 0.6981132075471698 0.07547169811320754 0.7 49 0.7142857142857143 0.061224489795918366 0.9 5 1.0 0.0
42 0.1 59 0.6271186440677966 0.05084745762711865 0.4 51 0.6862745098039216 0.058823529411764705 0.5 47 0.7021276595744681 0.06382978723404255 0.6 42 0.7619047619047619 0.07142857142857142 0.7 38 0.7631578947368421 0.07894736842105263 0.9 4 0.75 0.0
42 0.1 73 0.547945205479452 0.0273972602739726 0.4 55 0.6727272727272727 0.03636363636363636 0.5 47 0.723404255319149 0.0425531914893617 0.6 41 0.8048780487804879 0.04878048780487805 0.7 36 0.7777777777777778 0.027777777777777776 0.9 0 1 1
42 0.1 87 0.4482758620689655 0.011494252873563218 0.4 59 0.6271186440677966 0.01694915254237288 0.5 50 0.74 0.02 0.6 44 0.75 0.022727272727272728 0.7 38 0.7894736842105263 0.02631578947368421 0.9 0 1 1
42 0.1 77 0.5064935064935064 0.0 0.4 59 0.6271186440677966 0.0 0.5 51 0.7254901960784313 0.0 0.6 45 0.7555555555555555 0.0 0.7 43 0.7906976744186046 0.0 0.9 0 1 1
42 0.1 77 0.5194805194805194 0.012987012987012988 0.4 56 0.6607142857142857 0.017857142857142856 0.5 50 0.7 0.02 0.6 45 0.7555555555555555 0.022222222222222223 0.7 39 0.7692307692307693 0.02564102564102564 0.9 0 1 1
42 0.1 78 0.5128205128205128 0.038461538461538464 0.4 62 0.6290322580645161 0.04838709677419355 0.5 58 0.6551724137931034 0.05172413793103448 0.6 53 0.6981132075471698 0.05660377358490566 0.7 47 0.7446808510638298 0.06382978723404255 0.9 0 1 1
42 0.1 75 0.5333333333333333 0.0 0.4 65 0.5846153846153846 0.0 0.5 54 0.6666666666666666 0.0 0.6 48 0.7083333333333334 0.0 0.7 42 0.7380952380952381 0.0 0.9 0 1 1
42 0.1 76 0.5131578947368421 0.0 0.4 61 0.5901639344262295 0.0 0.5 53 0.6226415094339622 0.0 0.6 49 0.6326530612244898 0.0 0.7 38 0.7631578947368421 0.0 0.9 0 1 1
42 0.1 79 0.5063291139240507 0.0 0.4 59 0.6440677966101694 0.0 0.5 52 0.6923076923076923 0.0 0.6 50 0.72 0.0 0.7 44 0.75 0.0 0.9 0 1 1
42 0.1 71 0.5352112676056338 0.028169014084507043 0.4 57 0.631578947368421 0.03508771929824561 0.5 52 0.6538461538461539 0.038461538461538464 0.6 46 0.6739130434782609 0.043478260869565216 0.7 39 0.717948717948718 0.05128205128205128 0.9 0 1 1
42 0.1 75 0.5466666666666666 0.02666666666666667 0.4 60 0.6333333333333333 0.03333333333333333 0.5 56 0.6785714285714286 0.03571428571428571 0.6 51 0.7058823529411765 0.0392156862745098 0.7 43 0.7209302325581395 0.046511627906976744 0.9 2 1.0 0.0
42 0.1 83 0.4819277108433735 0.012048192771084338 0.4 64 0.59375 0.015625 0.5 58 0.6551724137931034 0.017241379310344827 0.6 51 0.6862745098039216 0.0196078431372549 0.7 48 0.6875 0.020833333333333332 0.9 2 1.0 0.0
42 0.1 80 0.475 0.05 0.4 54 0.6666666666666666 0.07407407407407407 0.5 47 0.723404255319149 0.0851063829787234 0.6 43 0.7674418604651163 0.09302325581395349 0.7 40 0.775 0.1 0.9 2 1.0 0.0
42 0.1 72 0.5416666666666666 0.013888888888888888 0.4 52 0.6538461538461539 0.019230769230769232 0.5 48 0.6875 0.020833333333333332 0.6 41 0.7073170731707317 0.024390243902439025 0.7 36 0.75 0.027777777777777776 0.9 0 1 1
42 0.1 91 0.43956043956043955 0.01098901098901099 0.4 70 0.5428571428571428 0.014285714285714285 0.5 64 0.59375 0.015625 0.6 57 0.6666666666666666 0.017543859649122806 0.7 48 0.7291666666666666 0.020833333333333332 0.9 1 1.0 0.0
42 0.1 77 0.5064935064935064 0.025974025974025976 0.4 64 0.609375 0.03125 0.5 59 0.6440677966101694 0.03389830508474576 0.6 55 0.6727272727272727 0.03636363636363636 0.7 52 0.6923076923076923 0.038461538461538464 0.9 1 1.0 0.0
42 0.1 88 0.4659090909090909 0.011363636363636364 0.4 68 0.5588235294117647 0.014705882352941176 0.5 64 0.59375 0.015625 0.6 59 0.6440677966101694 0.01694915254237288 0.7 51 0.6862745098039216 0.0196078431372549 0.9 1 1.0 0.0
42 0.1 77 0.5194805194805194 0.03896103896103896 0.4 57 0.6140350877192983 0.05263157894736842 0.5 51 0.6470588235294118 0.058823529411764705 0.6 48 0.6666666666666666 0.0625 0.7 42 0.7142857142857143 0.07142857142857142 0.9 1 1.0 0.0
42 0.1 77 0.5194805194805194 0.05194805194805195 0.4 58 0.6206896551724138 0.06896551724137931 0.5 53 0.660377358490566 0.05660377358490566 0.6 49 0.7142857142857143 0.061224489795918366 0.7 45 0.7333333333333333 0.06666666666666667 0.9 1 1.0 0.0
42 0.1 81 0.49382716049382713 0.037037037037037035 0.4 60 0.6333333333333333 0.05 0.5 56 0.6428571428571429 0.05357142857142857 0.6 49 0.7142857142857143 0.061224489795918366 0.7 45 0.7555555555555555 0.06666666666666667 0.9 3 1.0 0.0
42 0.1 88 0.4659090909090909 0.011363636363636364 0.4 61 0.639344262295082 0.01639344262295082 0.5 53 0.660377358490566 0.018867924528301886 0.6 44 0.75 0.022727272727272728 0.7 39 0.7948717948717948 0.02564102564102564 0.9 1 1.0 0.0
42 0.1 84 0.4880952380952381 0.023809523809523808 0.4 62 0.6129032258064516 0.03225806451612903 0.5 58 0.6379310344827587 0.034482758620689655 0.6 51 0.7058823529411765 0.0392156862745098 0.7 48 0.7291666666666666 0.041666666666666664 0.9 3 1.0 0.0
42 0.1 83 0.4939759036144578 0.03614457831325301 0.4 59 0.6440677966101694 0.05084745762711865 0.5 52 0.7115384615384616 0.057692307692307696 0.6 51 0.7254901960784313 0.058823529411764705 0.7 45 0.7333333333333333 0.06666666666666667 0.9 1 1.0 0.0
42 0.1 83 0.4819277108433735 0.012048192771084338 0.4 59 0.6271186440677966 0.01694915254237288 0.5 53 0.6981132075471698 0.018867924528301886 0.6 47 0.7446808510638298 0.02127659574468085 0.7 43 0.7441860465116279 0.023255813953488372 0.9 0 1 1
42 0.1 88 0.4659090909090909 0.022727272727272728 0.4 68 0.5735294117647058 0.029411764705882353 0.5 61 0.639344262295082 0.03278688524590164 0.6 55 0.7090909090909091 0.03636363636363636 0.7 49 0.7346938775510204 0.04081632653061224 0.9 2 1.0 0.0
42 0.1 70 0.5571428571428572 0.04285714285714286 0.4 53 0.6792452830188679 0.05660377358490566 0.5 51 0.6666666666666666 0.058823529411764705 0.6 47 0.7021276595744681 0.06382978723404255 0.7 42 0.7619047619047619 0.07142857142857142 0.9 0 1 1
42 0.1 80 0.5125 0.025 0.4 64 0.609375 0.03125 0.5 63 0.6190476190476191 0.031746031746031744 0.6 55 0.6909090909090909 0.03636363636363636 0.7 48 0.75 0.041666666666666664 0.9 2 1.0 0.5
42 0.1 70 0.5285714285714286 0.0 0.4 54 0.6481481481481481 0.0 0.5 50 0.66 0.0 0.6 44 0.7045454545454546 0.0 0.7 38 0.7368421052631579 0.0 0.9 0 1 1
42 0.1 78 0.5 0.01282051282051282 0.4 59 0.6271186440677966 0.01694915254237288 0.5 58 0.6379310344827587 0.017241379310344827 0.6 51 0.7058823529411765 0.0196078431372549 0.7 44 0.75 0.022727272727272728 0.9 0 1 1
42 0.1 78 0.5128205128205128 0.02564102564102564 0.4 63 0.5873015873015873 0.031746031746031744 0.5 59 0.6271186440677966 0.03389830508474576 0.6 50 0.72 0.04 0.7 48 0.7291666666666666 0.041666666666666664 0.9 1 1.0 0.0
42 0.1 81 0.48148148148148145 0.012345679012345678 0.4 60 0.65 0.016666666666666666 0.5 55 0.6727272727272727 0.01818181818181818 0.6 51 0.7254901960784313 0.0196078431372549 0.7 46 0.717391304347826 0.021739130434782608 0.9 0 1 1
42 0.1 81 0.49382716049382713 0.012345679012345678 0.4 63 0.6349206349206349 0.015873015873015872 0.5 58 0.6551724137931034 0.017241379310344827 0.6 53 0.7169811320754716 0.018867924528301886 0.7 49 0.7551020408163265 0.02040816326530612 0.9 1 1.0 0.0
42 0.1 78 0.5128205128205128 0.01282051282051282 0.4 65 0.5846153846153846 0.015384615384615385 0.5 58 0.6379310344827587 0.017241379310344827 0.6 52 0.6730769230769231 0.019230769230769232 0.7 48 0.7291666666666666 0.020833333333333332 0.9 1 1.0 0.0
42 0.1 83 0.4939759036144578 0.04819277108433735 0.4 64 0.609375 0.0625 0.5 58 0.6379310344827587 0.06896551724137931 0.6 51 0.7254901960784313 0.0784313725490196 0.7 46 0.7391304347826086 0.08695652173913043 0.9 0 1 1
42 0.1 82 0.5 0.024390243902439025 0.4 65 0.6 0.03076923076923077 0.5 60 0.6166666666666667 0.03333333333333333 0.6 54 0.6851851851851852 0.037037037037037035 0.7 48 0.7291666666666666 0.041666666666666664 0.9 1 1.0 0.0
42 0.1 87 0.47126436781609193 0.022988505747126436 0.4 60 0.6333333333333333 0.03333333333333333 0.5 58 0.6551724137931034 0.034482758620689655 0.6 51 0.7254901960784313 0.0392156862745098 0.7 44 0.7727272727272727 0.045454545454545456 0.9 2 1.0 0.0
42 0.1 86 0.45348837209302323 0.011627906976744186 0.4 62 0.6129032258064516 0.016129032258064516 0.5 58 0.6206896551724138 0.017241379310344827 0.6 51 0.6862745098039216 0.0196078431372549 0.7 47 0.7021276595744681 0.02127659574468085 0.9 2 1.0 0.0
42 0.1 73 0.5205479452054794 0.0 0.4 55 0.6545454545454545 0.0 0.5 48 0.6875 0.0 0.6 44 0.7045454545454546 0.0 0.7 39 0.7435897435897436 0.0 0.9 0 1 1
42 0.1 76 0.5131578947368421 0.013157894736842105 0.4 53 0.6415094339622641 0.018867924528301886 0.5 48 0.7083333333333334 0.020833333333333332 0.6 45 0.7333333333333333 0.022222222222222223 0.7 37 0.7567567567567568 0.02702702702702703 0.9 0 1 1
42 0.1 83 0.4819277108433735 0.03614457831325301 0.4 65 0.5846153846153846 0.046153846153846156 0.5 62 0.5806451612903226 0.04838709677419355 0.6 55 0.6545454545454545 0.05454545454545454 0.7 47 0.723404255319149 0.06382978723404255 0.9 1 1.0 0.0
42 0.1 78 0.5128205128205128 0.01282051282051282 0.4 55 0.6545454545454545 0.01818181818181818 0.5 50 0.68 0.02 0.6 46 0.717391304347826 0.021739130434782608 0.7 41 0.7560975609756098 0.024390243902439025 0.9 1 1.0 0.0
42 0.1 76 0.5131578947368421 0.0 0.4 58 0.6379310344827587 0.0 0.5 51 0.7058823529411765 0.0 0.6 47 0.7446808510638298 0.0 0.7 41 0.7560975609756098 0.0 0.9 1 1.0 0.0
42 0.1 75 0.52 0.04 0.4 56 0.6607142857142857 0.05357142857142857 0.5 52 0.7115384615384616 0.057692307692307696 0.6 50 0.72 0.06 0.7 46 0.7608695652173914 0.06521739130434782 0.9 1 1.0 0.0
42 0.1 68 0.5441176470588235 0.04411764705882353 0.4 55 0.6545454545454545 0.05454545454545454 0.5 51 0.6666666666666666 0.058823529411764705 0.6 45 0.7333333333333333 0.06666666666666667 0.7 40 0.725 0.075 0.9 0 1 1
42 0.1 78 0.5128205128205128 0.038461538461538464 0.4 51 0.6274509803921569 0.058823529411764705 0.5 48 0.6666666666666666 0.0625 0.6 44 0.7272727272727273 0.06818181818181818 0.7 41 0.7317073170731707 0.04878048780487805 0.9 0 1 1
42 0.1 81 0.49382716049382713 0.04938271604938271 0.4 61 0.6065573770491803 0.06557377049180328 0.5 58 0.6379310344827587 0.06896551724137931 0.6 55 0.6727272727272727 0.07272727272727272 0.7 47 0.7446808510638298 0.0851063829787234 0.9 2 1.0 0.0
42 0.1 73 0.5342465753424658 0.0273972602739726 0.4 58 0.6206896551724138 0.034482758620689655 0.5 54 0.6666666666666666 0.037037037037037035 0.6 51 0.7058823529411765 0.0392156862745098 0.7 46 0.7391304347826086 0.043478260869565216 0.9 1 1.0 0.0
42 0.1 86 0.45348837209302323 0.03488372093023256 0.4 73 0.5205479452054794 0.0410958904109589 0.5 64 0.59375 0.046875 0.6 61 0.6229508196721312 0.04918032786885246 0.7 52 0.7307692307692307 0.057692307692307696 0.9 3 1.0 0.3333333333333333
42 0.1 90 0.45555555555555555 0.011111111111111112 0.4 69 0.5507246376811594 0.014492753623188406 0.5 65 0.5846153846153846 0.015384615384615385 0.6 57 0.6491228070175439 0.017543859649122806 0.7 52 0.7115384615384616 0.019230769230769232 0.9 4 1.0 0.0
42 0.1 79 0.5189873417721519 0.012658227848101266 0.4 65 0.5846153846153846 0.015384615384615385 0.5 59 0.6271186440677966 0.01694915254237288 0.6 53 0.6792452830188679 0.018867924528301886 0.7 44 0.7727272727272727 0.022727272727272728 0.9 2 1.0 0.0
42 0.1 83 0.4819277108433735 0.024096385542168676 0.4 64 0.59375 0.03125 0.5 61 0.6229508196721312 0.03278688524590164 0.6 56 0.6785714285714286 0.03571428571428571 0.7 49 0.7142857142857143 0.04081632653061224 0.9 2 1.0 0.0
42 0.1 86 0.47674418604651164 0.023255813953488372 0.4 67 0.5970149253731343 0.029850746268656716 0.5 62 0.6290322580645161 0.03225806451612903 0.6 56 0.6785714285714286 0.03571428571428571 0.7 50 0.76 0.04 0.9 2 1.0 0.0
42 0.1 83 0.4939759036144578 0.04819277108433735 0.4 68 0.5735294117647058 0.058823529411764705 0.5 60 0.65 0.06666666666666667 0.6 56 0.6964285714285714 0.07142857142857142 0.7 52 0.7307692307692307 0.07692307692307693 0.9 5 1.0 0.2
42 0.1 83 0.4939759036144578 0.060240963855421686 0.4 65 0.6 0.07692307692307693 0.5 59 0.6610169491525424 0.0847457627118644 0.6 56 0.6785714285714286 0.08928571428571429 0.7 53 0.7169811320754716 0.09433962264150944 0.9 4 1.0 0.25
42 0.1 80 0.4875 0.0375 0.4 66 0.5909090909090909 0.045454545454545456 0.5 59 0.6440677966101694 0.05084745762711865 0.6 55 0.6909090909090909 0.05454545454545454 0.7 52 0.7307692307692307 0.057692307692307696 0.9 5 1.0 0.0
42 0.1 88 0.4659090909090909 0.011363636363636364 0.4 64 0.59375 0.015625 0.5 61 0.6229508196721312 0.01639344262295082 0.6 56 0.6607142857142857 0.017857142857142856 0.7 52 0.6923076923076923 0.019230769230769232 0.9 6 0.8333333333333334 0.0
42 0.1 79 0.5189873417721519 0.02531645569620253 0.4 59 0.6440677966101694 0.03389830508474576 0.5 54 0.6851851851851852 0.037037037037037035 0.6 51 0.7254901960784313 0.0392156862745098 0.7 45 0.7555555555555555 0.044444444444444446 0.9 3 1.0 0.0
42 0.1 81 0.49382716049382713 0.037037037037037035 0.4 64 0.59375 0.046875 0.5 62 0.6129032258064516 0.04838709677419355 0.6 56 0.6785714285714286 0.05357142857142857 0.7 52 0.7115384615384616 0.057692307692307696 0.9 4 1.0 0.0
42 0.1 84 0.47619047619047616 0.03571428571428571 0.4 66 0.5757575757575758 0.045454545454545456 0.5 61 0.6229508196721312 0.04918032786885246 0.6 57 0.6666666666666666 0.05263157894736842 0.7 52 0.7115384615384616 0.057692307692307696 0.9 3 1.0 0.0
42 0.1 77 0.5194805194805194 0.012987012987012988 0.4 62 0.6129032258064516 0.016129032258064516 0.5 56 0.6785714285714286 0.017857142857142856 0.6 55 0.6909090909090909 0.01818181818181818 0.7 49 0.7551020408163265 0.02040816326530612 0.9 0 1 1
42 0.1 81 0.48148148148148145 0.012345679012345678 0.4 69 0.5507246376811594 0.014492753623188406 0.5 63 0.6031746031746031 0.015873015873015872 0.6 58 0.6379310344827587 0.017241379310344827 0.7 55 0.6727272727272727 0.01818181818181818 0.9 1 1.0 0.0
42 0.1 72 0.5416666666666666 0.027777777777777776 0.4 54 0.6851851851851852 0.037037037037037035 0.5 53 0.6981132075471698 0.03773584905660377 0.6 51 0.7254901960784313 0.0392156862745098 0.7 45 0.7111111111111111 0.044444444444444446 0.9 1 1.0 0.0
42 0.1 77 0.5064935064935064 0.05194805194805195 0.4 61 0.6229508196721312 0.06557377049180328 0.5 58 0.6551724137931034 0.06896551724137931 0.6 53 0.6981132075471698 0.05660377358490566 0.7 48 0.7083333333333334 0.0625 0.9 1 1.0 0.0
42 0.1 78 0.5 0.038461538461538464 0.4 65 0.5846153846153846 0.046153846153846156 0.5 61 0.6229508196721312 0.04918032786885246 0.6 53 0.6792452830188679 0.05660377358490566 0.7 48 0.7291666666666666 0.0625 0.9 4 1.0 0.25
42 0.1 77 0.5194805194805194 0.05194805194805195 0.4 62 0.6129032258064516 0.06451612903225806 0.5 59 0.6440677966101694 0.06779661016949153 0.6 54 0.6851851851851852 0.07407407407407407 0.7 48 0.75 0.08333333333333333 0.9 4 0.75 0.25
42 0.1 80 0.4875 0.025 0.4 66 0.5909090909090909 0.030303030303030304 0.5 64 0.59375 0.03125 0.6 58 0.6551724137931034 0.034482758620689655 0.7 54 0.6851851851851852 0.037037037037037035 0.9 3 1.0 0.0
42 0.1 81 0.49382716049382713 0.024691358024691357 0.4 67 0.5671641791044776 0.029850746268656716 0.5 62 0.5967741935483871 0.03225806451612903 0.6 56 0.6428571428571429 0.03571428571428571 0.7 53 0.6792452830188679 0.03773584905660377 0.9 3 1.0 0.0
42 0.1 76 0.5131578947368421 0.06578947368421052 0.4 63 0.6031746031746031 0.07936507936507936 0.5 57 0.6491228070175439 0.08771929824561403 0.6 54 0.6851851851851852 0.09259259259259259 0.7 51 0.6862745098039216 0.09803921568627451 0.9 5 0.8 0.0
42 0.1 78 0.5256410256410257 0.02564102564102564 0.4 62 0.6129032258064516 0.03225806451612903 0.5 59 0.6440677966101694 0.03389830508474576 0.6 56 0.6607142857142857 0.03571428571428571 0.7 52 0.6923076923076923 0.038461538461538464 0.9 4 1.0 0.0
42 0.1 85 0.47058823529411764 0.011764705882352941 0.4 71 0.5352112676056338 0.014084507042253521 0.5 65 0.5846153846153846 0.015384615384615385 0.6 57 0.6666666666666666 0.017543859649122806 0.7 52 0.6923076923076923 0.019230769230769232 0.9 5 1.0 0.0
42 0.1 73 0.5205479452054794 0.0136986301369863 0.4 60 0.6333333333333333 0.016666666666666666 0.5 60 0.6333333333333333 0.016666666666666666 0.6 54 0.6851851851851852 0.018518518518518517 0.7 49 0.7346938775510204 0.02040816326530612 0.9 3 1.0 0.0
42 0.1 87 0.47126436781609193 0.034482758620689655 0.4 68 0.5735294117647058 0.04411764705882353 0.5 64 0.59375 0.046875 0.6 59 0.6440677966101694 0.05084745762711865 0.7 51 0.7254901960784313 0.058823529411764705 0.9 2 1.0 0.0
42 0.1 87 0.47126436781609193 0.022988505747126436 0.4 67 0.582089552238806 0.029850746268656716 0.5 63 0.6190476190476191 0.031746031746031744 0.6 54 0.7037037037037037 0.037037037037037035 0.7 49 0.7142857142857143 0.04081632653061224 0.9 2 1.0 0.5
42 0.1 70 0.5714285714285714 0.04285714285714286 0.4 55 0.6545454545454545 0.05454545454545454 0.5 50 0.7 0.06 0.6 46 0.7391304347826086 0.06521739130434782 0.7 43 0.7441860465116279 0.06976744186046512 0.9 1 1.0 0.0
42 0.1 70 0.5428571428571428 0.05714285714285714 0.4 53 0.6792452830188679 0.07547169811320754 0.5 52 0.6923076923076923 0.07692307692307693 0.6 48 0.7291666666666666 0.0625 0.7 43 0.7441860465116279 0.06976744186046512 0.9 1 1.0 0.0
42 0.1 77 0.5194805194805194 0.012987012987012988 0.4 62 0.6129032258064516 0.016129032258064516 0.5 58 0.6379310344827587 0.017241379310344827 0.6 52 0.6730769230769231 0.019230769230769232 0.7 47 0.7021276595744681 0.02127659574468085 0.9 1 1.0 0.0
42 0.1 83 0.46987951807228917 0.012048192771084338 0.4 67 0.5671641791044776 0.014925373134328358 0.5 62 0.6129032258064516 0.016129032258064516 0.6 55 0.6727272727272727 0.01818181818181818 0.7 51 0.7058823529411765 0.0196078431372549 0.9 2 1.0 0.0
42 0.1 83 0.4578313253012048 0.024096385542168676 0.4 67 0.5671641791044776 0.029850746268656716 0.5 63 0.6031746031746031 0.031746031746031744 0.6 54 0.7037037037037037 0.037037037037037035 0.7 50 0.74 0.04 0.9 3 1.0 0.0
42 0.1 74 0.527027027027027 0.02702702702702703 0.4 61 0.6229508196721312 0.03278688524590164 0.5 55 0.6727272727272727 0.03636363636363636 0.6 53 0.6981132075471698 0.03773584905660377 0.7 48 0.75 0.041666666666666664 0.9 3 1.0 0.0
42 0.1 76 0.5131578947368421 0.039473684210526314 0.4 60 0.6333333333333333 0.05 0.5 56 0.6785714285714286 0.05357142857142857 0.6 52 0.7115384615384616 0.057692307692307696 0.7 50 0.72 0.06 0.9 3 1.0 0.0
42 0.1 73 0.547945205479452 0.0547945205479452 0.4 60 0.6333333333333333 0.06666666666666667 0.5 57 0.6666666666666666 0.07017543859649122 0.6 52 0.7307692307692307 0.07692307692307693 0.7 49 0.7346938775510204 0.08163265306122448 0.9 3 1.0 0.0
42 0.1 77 0.5324675324675324 0.05194805194805195 0.4 60 0.6333333333333333 0.06666666666666667 0.5 56 0.6785714285714286 0.07142857142857142 0.6 53 0.7169811320754716 0.07547169811320754 0.7 49 0.7346938775510204 0.08163265306122448 0.9 4 1.0 0.0
42 0.1 73 0.5342465753424658 0.0136986301369863 0.4 56 0.6785714285714286 0.017857142857142856 0.5 55 0.6909090909090909 0.01818181818181818 0.6 50 0.74 0.02 0.7 46 0.7391304347826086 0.021739130434782608 0.9 2 1.0 0.0
42 0.1 82 0.4878048780487805 0.024390243902439025 0.4 63 0.6031746031746031 0.031746031746031744 0.5 61 0.6229508196721312 0.03278688524590164 0.6 53 0.7169811320754716 0.03773584905660377 0.7 51 0.7254901960784313 0.0392156862745098 0.9 5 0.6 0.0
42 0.1 87 0.47126436781609193 0.011494252873563218 0.4 66 0.5757575757575758 0.015151515151515152 0.5 59 0.6440677966101694 0.01694915254237288 0.6 53 0.6981132075471698 0.018867924528301886 0.7 50 0.72 0.02 0.9 7 0.8571428571428571 0.0
42 0.1 77 0.5324675324675324 0.03896103896103896 0.4 60 0.6333333333333333 0.05 0.5 57 0.6491228070175439 0.05263157894736842 0.6 54 0.6851851851851852 0.05555555555555555 0.7 48 0.75 0.0625 0.9 10 0.7 0.0
42 0.1 74 0.527027027027027 0.013513513513513514 0.4 60 0.65 0.016666666666666666 0.5 59 0.6440677966101694 0.01694915254237288 0.6 54 0.6851851851851852 0.018518518518518517 0.7 49 0.7346938775510204 0.02040816326530612 0.9 4 1.0 0.0
42 0.1 76 0.5263157894736842 0.039473684210526314 0.4 60 0.6333333333333333 0.05 0.5 59 0.6440677966101694 0.05084745762711865 0.6 53 0.6981132075471698 0.05660377358490566 0.7 50 0.72 0.06 0.9 1 1.0 0.0
42 0.1 77 0.5194805194805194 0.03896103896103896 0.4 59 0.6610169491525424 0.05084745762711865 0.5 57 0.6842105263157895 0.05263157894736842 0.6 54 0.7037037037037037 0.05555555555555555 0.7 48 0.75 0.0625 0.9 0 1 1
42 0.1 80 0.5 0.0375 0.4 64 0.609375 0.046875 0.5 62 0.6290322580645161 0.04838709677419355 0.6 56 0.6785714285714286 0.05357142857142857 0.7 50 0.74 0.06 0.9 2 1.0 0.0
42 0.1 75 0.52 0.013333333333333334 0.4 62 0.6129032258064516 0.016129032258064516 0.5 57 0.6666666666666666 0.017543859649122806 0.6 54 0.6851851851851852 0.018518518518518517 0.7 51 0.7058823529411765 0.0196078431372549 0.9 4 1.0 0.0
42 0.1 78 0.5 0.038461538461538464 0.4 62 0.6129032258064516 0.04838709677419355 0.5 56 0.6607142857142857 0.05357142857142857 0.6 54 0.6851851851851852 0.05555555555555555 0.7 51 0.7058823529411765 0.058823529411764705 0.9 7 1.0 0.0
42 0.1 78 0.5 0.02564102564102564 0.4 65 0.6 0.03076923076923077 0.5 60 0.6333333333333333 0.03333333333333333 0.6 55 0.6727272727272727 0.03636363636363636 0.7 51 0.7254901960784313 0.0392156862745098 0.9 6 0.8333333333333334 0.0
42 0.1 87 0.45977011494252873 0.034482758620689655 0.4 66 0.5909090909090909 0.045454545454545456 0.5 63 0.6190476190476191 0.047619047619047616 0.6 60 0.6333333333333333 0.05 0.7 52 0.7115384615384616 0.057692307692307696 0.9 5 0.8 0.0
42 0.1 81 0.48148148148148145 0.06172839506172839 0.4 65 0.5846153846153846 0.07692307692307693 0.5 61 0.6229508196721312 0.08196721311475409 0.6 57 0.6666666666666666 0.08771929824561403 0.7 53 0.6792452830188679 0.09433962264150944 0.9 7 0.8571428571428571 0.0
42 0.1 89 0.4606741573033708 0.011235955056179775 0.4 70 0.5571428571428572 0.014285714285714285 0.5 65 0.5846153846153846 0.015384615384615385 0.6 60 0.6333333333333333 0.016666666666666666 0.7 58 0.6551724137931034 0.017241379310344827 0.9 7 0.7142857142857143 0.0
42 0.1 91 0.45054945054945056 0.0 0.4 67 0.582089552238806 0.0 0.5 64 0.59375 0.0 0.6 61 0.6229508196721312 0.0 0.7 56 0.6428571428571429 0.0 0.9 3 1.0 0.0
42 0.1 84 0.4880952380952381 0.011904761904761904 0.4 64 0.59375 0.015625 0.5 61 0.6229508196721312 0.01639344262295082 0.6 59 0.6440677966101694 0.01694915254237288 0.7 55 0.6727272727272727 0.01818181818181818 0.9 7 0.7142857142857143 0.0
42 0.1 72 0.5416666666666666 0.0 0.4 59 0.6271186440677966 0.0 0.5 56 0.6607142857142857 0.0 0.6 52 0.6730769230769231 0.0 0.7 48 0.7291666666666666 0.0 0.9 4 0.75 0.0
42 0.1 82 0.47560975609756095 0.024390243902439025 0.4 64 0.609375 0.03125 0.5 58 0.6551724137931034 0.034482758620689655 0.6 52 0.7115384615384616 0.038461538461538464 0.7 47 0.723404255319149 0.0425531914893617 0.9 4 0.75 0.0
42 0.1 84 0.47619047619047616 0.011904761904761904 0.4 65 0.5846153846153846 0.015384615384615385 0.5 59 0.6440677966101694 0.01694915254237288 0.6 54 0.6851851851851852 0.018518518518518517 0.7 50 0.7 0.02 0.9 3 1.0 0.0
42 0.1 85 0.47058823529411764 0.0 0.4 64 0.609375 0.0 0.5 59 0.6610169491525424 0.0 0.6 56 0.6785714285714286 0.0 0.7 52 0.6923076923076923 0.0 0.9 4 1.0 0.0
42 0.1 74 0.5405405405405406 0.0 0.4 59 0.6440677966101694 0.0 0.5 56 0.6607142857142857 0.0 0.6 52 0.6730769230769231 0.0 0.7 47 0.7021276595744681 0.0 0.9 4 1.0 0.0
