7 0.1 0 1 1 0.4 0 1 1 0.5 0 1 1 0.6 0 1 1 0.7 0 1 1 0.9 0 1 1
7 0.1 0 1 1 0.4 0 1 1 0.5 0 1 1 0.6 0 1 1 0.7 0 1 1 0.9 0 1 1
7 0.1 0 1 1 0.4 0 1 1 0.5 0 1 1 0.6 0 1 1 0.7 0 1 1 0.9 0 1 1
7 0.1 1 0.0 0.0 0.4 0 1 1 0.5 0 1 1 0.6 0 1 1 0.7 0 1 1 0.9 0 1 1
7 0.1 2 0.0 0.0 0.4 0 1 1 0.5 0 1 1 0.6 0 1 1 0.7 0 1 1 0.9 0 1 1
7 0.1 44 0.022727272727272728 0.0 0.4 2 0.0 0.0 0.5 1 0.0 0.0 0.6 0 1 1 0.7 0 1 1 0.9 0 1 1
7 0.1 43 0.11627906976744186 0.0 0.4 1 0.0 0.0 0.5 1 0.0 0.0 0.6 0 1 1 0.7 0 1 1 0.9 0 1 1
7 0.1 32 0.0625 0.0 0.4 6 0.3333333333333333 0.0 0.5 3 0.6666666666666666 0.0 0.6 0 1 1 0.7 0 1 1 0.9 0 1 1
7 0.1 111 0.06306306306306306 0.0 0.4 11 0.2727272727272727 0.0 0.5 5 0.2 0.0 0.6 0 1 1 0.7 0 1 1 0.9 0 1 1
7 0.1 207 0.028985507246376812 0.0 0.4 35 0.17142857142857143 0.0 0.5 19 0.2631578947368421 0.0 0.6 8 0.25 0.0 0.7 0 1 1 0.9 0 1 1
7 0.1 187 0.0374331550802139 0.0 0.4 23 0.17391304347826086 0.0 0.5 9 0.3333333333333333 0.0 0.6 2 1.0 0.0 0.7 0 1 1 0.9 0 1 1
7 0.1 141 0.0425531914893617 0.0 0.4 19 0.21052631578947367 0.0 0.5 12 0.3333333333333333 0.0 0.6 3 0.3333333333333333 0.0 0.7 0 1 1 0.9 0 1 1
7 0.1 142 0.04929577464788732 0.0 0.4 15 0.2 0.0 0.5 6 0.16666666666666666 0.0 0.6 0 1 1 0.7 0 1 1 0.9 0 1 1
7 0.1 134 0.05223880597014925 0.0 0.4 14 0.14285714285714285 0.0 0.5 9 0.2222222222222222 0.0 0.6 4 0.5 0.0 0.7 0 1 1 0.9 0 1 1
7 0.1 83 0.060240963855421686 0.0 0.4 2 0.0 0.0 0.5 0 1 1 0.6 0 1 1 0.7 0 1 1 0.9 0 1 1
7 0.1 58 0.08620689655172414 0.0 0.4 8 0.25 0.0 0.5 3 0.3333333333333333 0.0 0.6 0 1 1 0.7 0 1 1 0.9 0 1 1
7 0.1 87 0.08045977011494253 0.0 0.4 18 0.2222222222222222 0.0 0.5 12 0.3333333333333333 0.0 0.6 4 0.5 0.0 0.7 2 1.0 0.0 0.9 0 1 1
7 0.1 137 0.051094890510948905 0.0 0.4 22 0.13636363636363635 0.0 0.5 13 0.23076923076923078 0.0 0.6 9 0.2222222222222222 0.0 0.7 2 0.5 0.0 0.9 0 1 1
7 0.1 72 0.08333333333333333 0.0 0.4 9 0.2222222222222222 0.0 0.5 5 0.2 0.0 0.6 1 0.0 0.0 0.7 0 1 1 0.9 0 1 1
7 0.1 71 0.08450704225352113 0.0 0.4 23 0.21739130434782608 0.0 0.5 16 0.1875 0.0 0.6 9 0.2222222222222222 0.0 0.7 4 0.25 0.0 0.9 0 1 1
7 0.1 29 0.20689655172413793 0.0 0.4 1 1.0 0.0 0.5 0 1 1 0.6 0 1 1 0.7 0 1 1 0.9 0 1 1
7 0.1 161 0.043478260869565216 0.0 0.4 27 0.2222222222222222 0.0 0.5 8 0.375 0.0 0.6 2 0.0 0.0 0.7 0 1 1 0.9 0 1 1
7 0.1 207 0.028985507246376812 0.0 0.4 64 0.09375 0.0 0.5 44 0.13636363636363635 0.0 0.6 29 0.1724137931034483 0.0 0.7 15 0.26666666666666666 0.0 0.9 0 1 1
7 0.1 76 0.06578947368421052 0.0 0.4 20 0.2 0.0 0.5 14 0.21428571428571427 0.0 0.6 7 0.42857142857142855 0.0 0.7 1 1.0 0.0 0.9 0 1 1
7 0.1 82 0.08536585365853659 0.0 0.4 17 0.35294117647058826 0.0 0.5 13 0.46153846153846156 0.0 0.6 9 0.6666666666666666 0.0 0.7 2 1.0 0.0 0.9 0 1 1
7 0.1 166 0.04216867469879518 0.0 0.4 24 0.25 0.0 0.5 11 0.45454545454545453 0.0 0.6 0 1 1 0.7 0 1 1 0.9 0 1 1
7 0.1 40 0.125 0.0 0.4 3 0.6666666666666666 0.0 0.5 3 0.6666666666666666 0.0 0.6 2 1.0 0.0 0.7 0 1 1 0.9 0 1 1
7 0.1 6 0.3333333333333333 0.0 0.4 2 1.0 0.0 0.5 1 1.0 0.0 0.6 0 1 1 0.7 0 1 1 0.9 0 1 1
7 0.1 70 0.08571428571428572 0.0 0.4 26 0.23076923076923078 0.0 0.5 21 0.2857142857142857 0.0 0.6 14 0.35714285714285715 0.0 0.7 8 0.625 0.0 0.9 0 1 1
7 0.1 93 0.06451612903225806 0.0 0.4 34 0.17647058823529413 0.0 0.5 25 0.2 0.0 0.6 13 0.38461538461538464 0.0 0.7 6 0.6666666666666666 0.0 0.9 0 1 1
7 0.1 62 0.0967741935483871 0.0 0.4 20 0.3 0.0 0.5 14 0.42857142857142855 0.0 0.6 7 0.5714285714285714 0.0 0.7 1 1.0 0.0 0.9 0 1 1
7 0.1 20 0.2 0.0 0.4 2 1.0 0.0 0.5 2 1.0 0.0 0.6 2 1.0 0.0 0.7 2 1.0 0.0 0.9 0 1 1
7 0.1 23 0.2608695652173913 0.0 0.4 5 0.8 0.0 0.5 4 0.75 0.0 0.6 2 1.0 0.0 0.7 1 1.0 0.0 0.9 0 1 1
7 0.1 15 0.4 0.0 0.4 2 1.0 0.0 0.5 2 1.0 0.0 0.6 2 1.0 0.0 0.7 1 1.0 0.0 0.9 0 1 1
7 0.1 27 0.25925925925925924 0.0 0.4 7 0.8571428571428571 0.0 0.5 6 1.0 0.0 0.6 1 1.0 0.0 0.7 0 1 1 0.9 0 1 1
7 0.1 9 0.5555555555555556 0.0 0.4 2 1.0 0.0 0.5 1 1.0 0.0 0.6 0 1 1 0.7 0 1 1 0.9 0 1 1
7 0.1 33 0.18181818181818182 0.0 0.4 10 0.5 0.0 0.5 7 0.5714285714285714 0.0 0.6 4 0.75 0.0 0.7 3 0.6666666666666666 0.0 0.9 0 1 1
7 0.1 42 0.16666666666666666 0.0 0.4 21 0.3333333333333333 0.0 0.5 9 0.6666666666666666 0.0 0.6 7 0.8571428571428571 0.0 0.7 4 1.0 0.0 0.9 0 1 1
7 0.1 57 0.08771929824561403 0.0 0.4 0 1 1 0.5 0 1 1 0.6 0 1 1 0.7 0 1 1 0.9 0 1 1
7 0.1 45 0.15555555555555556 0.0 0.4 11 0.5454545454545454 0.0 0.5 6 0.8333333333333334 0.0 0.6 6 0.8333333333333334 0.0 0.7 3 0.6666666666666666 0.0 0.9 0 1 1
7 0.1 29 0.1724137931034483 0.0 0.4 14 0.2857142857142857 0.0 0.5 9 0.3333333333333333 0.0 0.6 6 0.5 0.0 0.7 3 0.6666666666666666 0.0 0.9 0 1 1
7 0.1 28 0.21428571428571427 0.0 0.4 7 0.7142857142857143 0.0 0.5 5 0.6 0.0 0.6 2 1.0 0.0 0.7 1 1.0 0.0 0.9 0 1 1
7 0.1 7 0.14285714285714285 0.0 0.4 2 0.0 0.0 0.5 2 0.0 0.0 0.6 1 0.0 0.0 0.7 0 1 1 0.9 0 1 1
7 0.1 2 0.5 0.0 0.4 1 0.0 0.0 0.5 0 1 1 0.6 0 1 1 0.7 0 1 1 0.9 0 1 1
7 0.1 11 0.2727272727272727 0.0 0.4 4 0.5 0.0 0.5 3 0.6666666666666666 0.0 0.6 2 1.0 0.0 0.7 1 1.0 0.0 0.9 0 1 1
7 0.1 21 0.2857142857142857 0.0 0.4 9 0.6666666666666666 0.0 0.5 7 0.7142857142857143 0.0 0.6 4 0.75 0.0 0.7 2 1.0 0.0 0.9 0 1 1
7 0.1 19 0.3157894736842105 0.0 0.4 5 0.8 0.0 0.5 5 0.8 0.0 0.6 3 1.0 0.0 0.7 2 1.0 0.0 0.9 0 1 1
7 0.1 6 0.3333333333333333 0.0 0.4 2 1.0 0.0 0.5 2 1.0 0.0 0.6 0 1 1 0.7 0 1 1 0.9 0 1 1
7 0.1 14 0.42857142857142855 0.0 0.4 2 1.0 0.0 0.5 0 1 1 0.6 0 1 1 0.7 0 1 1 0.9 0 1 1
7 0.1 11 0.6363636363636364 0.0 0.4 5 1.0 0.0 0.5 5 1.0 0.0 0.6 3 1.0 0.0 0.7 0 1 1 0.9 0 1 1
7 0.1 30 0.23333333333333334 0.0 0.4 9 0.6666666666666666 0.0 0.5 5 0.8 0.0 0.6 5 0.8 0.0 0.7 1 1.0 0.0 0.9 0 1 1
7 0.1 16 0.4375 0.0 0.4 5 1.0 0.0 0.5 4 1.0 0.0 0.6 3 1.0 0.0 0.7 3 1.0 0.0 0.9 0 1 1
7 0.1 35 0.17142857142857143 0.0 0.4 8 0.625 0.0 0.5 5 0.8 0.0 0.6 2 1.0 0.0 0.7 0 1 1 0.9 0 1 1
7 0.1 22 0.18181818181818182 0.0 0.4 0 1 1 0.5 0 1 1 0.6 0 1 1 0.7 0 1 1 0.9 0 1 1
7 0.1 9 0.4444444444444444 0.0 0.4 3 1.0 0.0 0.5 2 1.0 0.0 0.6 1 1.0 0.0 0.7 0 1 1 0.9 0 1 1
7 0.1 12 0.5833333333333334 0.0 0.4 5 1.0 0.0 0.5 4 1.0 0.0 0.6 3 1.0 0.0 0.7 2 1.0 0.0 0.9 0 1 1
7 0.1 9 0.5555555555555556 0.0 0.4 3 1.0 0.0 0.5 2 1.0 0.0 0.6 2 1.0 0.0 0.7 1 1.0 0.0 0.9 0 1 1
7 0.1 28 0.21428571428571427 0.0 0.4 9 0.4444444444444444 0.0 0.5 6 0.6666666666666666 0.0 0.6 4 0.75 0.0 0.7 3 1.0 0.0 0.9 0 1 1
7 0.1 59 0.1016949152542373 0.0 0.4 19 0.3157894736842105 0.0 0.5 14 0.42857142857142855 0.0 0.6 7 0.7142857142857143 0.0 0.7 3 0.6666666666666666 0.0 0.9 0 1 1
7 0.1 40 0.15 0.0 0.4 5 0.6 0.0 0.5 4 0.75 0.0 0.6 2 1.0 0.0 0.7 0 1 1 0.9 0 1 1
7 0.1 22 0.2727272727272727 0.045454545454545456 0.4 9 0.6666666666666666 0.1111111111111111 0.5 7 0.8571428571428571 0.14285714285714285 0.6 6 0.8333333333333334 0.16666666666666666 0.7 3 1.0 0.3333333333333333 0.9 0 1 1
7 0.1 44 0.11363636363636363 0.0 0.4 9 0.4444444444444444 0.0 0.5 2 0.5 0.0 0.6 2 0.5 0.0 0.7 0 1 1 0.9 0 1 1
7 0.1 39 0.15384615384615385 0.0 0.4 13 0.46153846153846156 0.0 0.5 11 0.5454545454545454 0.0 0.6 8 0.75 0.0 0.7 4 1.0 0.0 0.9 0 1 1
7 0.1 17 0.4117647058823529 0.0 0.4 5 0.8 0.0 0.5 3 1.0 0.0 0.6 3 1.0 0.0 0.7 0 1 1 0.9 0 1 1
7 0.1 0 1 1 0.4 0 1 1 0.5 0 1 1 0.6 0 1 1 0.7 0 1 1 0.9 0 1 1
7 0.1 4 0.0 0.0 0.4 0 1 1 0.5 0 1 1 0.6 0 1 1 0.7 0 1 1 0.9 0 1 1
7 0.1 55 0.0 0.0 0.4 0 1 1 0.5 0 1 1 0.6 0 1 1 0.7 0 1 1 0.9 0 1 1
7 0.1 30 0.0 0.0 0.4 2 0.0 0.0 0.5 1 0.0 0.0 0.6 1 0.0 0.0 0.7 0 1 1 0.9 0 1 1
7 0.1 57 0.0 0.0 0.4 1 0.0 0.0 0.5 0 1 1 0.6 0 1 1 0.7 0 1 1 0.9 0 1 1
7 0.1 1 0.0 0.0 0.4 0 1 1 0.5 0 1 1 0.6 0 1 1 0.7 0 1 1 0.9 0 1 1
7 0.1 0 1 1 0.4 0 1 1 0.5 0 1 1 0.6 0 1 1 0.7 0 1 1 0.9 0 1 1
7 0.1 1 0.0 0.0 0.4 0 1 1 0.5 0 1 1 0.6 0 1 1 0.7 0 1 1 0.9 0 1 1
7 0.1 1 0.0 0.0 0.4 0 1 1 0.5 0 1 1 0.6 0 1 1 0.7 0 1 1 0.9 0 1 1
7 0.1 9 0.3333333333333333 0.0 0.4 1 1.0 0.0 0.5 0 1 1 0.6 0 1 1 0.7 0 1 1 0.9 0 1 1
7 0.1 41 0.0975609756097561 0.0 0.4 6 0.3333333333333333 0.0 0.5 3 0.6666666666666666 0.0 0.6 1 1.0 0.0 0.7 1 1.0 0.0 0.9 0 1 1
7 0.1 33 0.12121212121212122 0.0 0.4 4 0.25 0.0 0.5 2 0.5 0.0 0.6 1 1.0 0.0 0.7 0 1 1 0.9 0 1 1
7 0.1 27 0.18518518518518517 0.0 0.4 2 0.5 0.0 0.5 1 1.0 0.0 0.6 0 1 1 0.7 0 1 1 0.9 0 1 1
7 0.1 20 0.3 0.0 0.4 2 1.0 0.0 0.5 1 1.0 0.0 0.6 0 1 1 0.7 0 1 1 0.9 0 1 1
7 0.1 55 0.10909090909090909 0.03636363636363636 0.4 5 0.6 0.4 0.5 2 0.5 0.5 0.6 0 1 1 0.7 0 1 1 0.9 0 1 1
7 0.1 90 0.07777777777777778 0.0 0.4 7 0.42857142857142855 0.0 0.5 1 1.0 0.0 0.6 0 1 1 0.7 0 1 1 0.9 0 1 1
7 0.1 41 0.14634146341463414 0.0 0.4 2 1.0 0.0 0.5 2 1.0 0.0 0.6 1 1.0 0.0 0.7 0 1 1 0.9 0 1 1
7 0.1 10 0.4 0.0 0.4 1 1.0 0.0 0.5 1 1.0 0.0 0.6 0 1 1 0.7 0 1 1 0.9 0 1 1
7 0.1 23 0.2608695652173913 0.0 0.4 1 1.0 0.0 0.5 1 1.0 0.0 0.6 0 1 1 0.7 0 1 1 0.9 0 1 1
7 0.1 26 0.23076923076923078 0.0 0.4 5 0.8 0.0 0.5 3 1.0 0.0 0.6 1 1.0 0.0 0.7 1 1.0 0.0 0.9 0 1 1
7 0.1 1 0.0 0.0 0.4 0 1 1 0.5 0 1 1 0.6 0 1 1 0.7 0 1 1 0.9 0 1 1
7 0.1 5 1.0 0.0 0.4 0 1 1 0.5 0 1 1 0.6 0 1 1 0.7 0 1 1 0.9 0 1 1
7 0.1 70 0.1 0.0 0.4 7 0.8571428571428571 0.0 0.5 3 1.0 0.0 0.6 2 1.0 0.0 0.7 0 1 1 0.9 0 1 1
7 0.1 173 0.03468208092485549 0.0 0.4 5 0.6 0.0 0.5 0 1 1 0.6 0 1 1 0.7 0 1 1 0.9 0 1 1
7 0.1 144 0.04861111111111111 0.0 0.4 8 0.875 0.0 0.5 4 1.0 0.0 0.6 3 1.0 0.0 0.7 1 1.0 0.0 0.9 0 1 1
7 0.1 66 0.09090909090909091 0.0 0.4 3 1.0 0.0 0.5 0 1 1 0.6 0 1 1 0.7 0 1 1 0.9 0 1 1
7 0.1 0 1 1 0.4 0 1 1 0.5 0 1 1 0.6 0 1 1 0.7 0 1 1 0.9 0 1 1
7 0.1 28 0.17857142857142858 0.0 0.4 1 0.0 0.0 0.5 0 1 1 0.6 0 1 1 0.7 0 1 1 0.9 0 1 1
7 0.1 66 0.09090909090909091 0.0 0.4 12 0.4166666666666667 0.0 0.5 6 0.6666666666666666 0.0 0.6 3 1.0 0.0 0.7 1 1.0 0.0 0.9 0 1 1
7 0.1 21 0.2857142857142857 0.0 0.4 3 1.0 0.0 0.5 2 1.0 0.0 0.6 1 1.0 0.0 0.7 0 1 1 0.9 0 1 1
7 0.1 72 0.09722222222222222 0.0 0.4 6 0.5 0.0 0.5 2 1.0 0.0 0.6 2 1.0 0.0 0.7 0 1 1 0.9 0 1 1
7 0.1 48 0.14583333333333334 0.0 0.4 2 1.0 0.0 0.5 2 1.0 0.0 0.6 1 1.0 0.0 0.7 0 1 1 0.9 0 1 1
7 0.1 33 0.18181818181818182 0.0 0.4 3 0.6666666666666666 0.0 0.5 2 1.0 0.0 0.6 2 1.0 0.0 0.7 0 1 1 0.9 0 1 1
7 0.1 27 0.2222222222222222 0.0 0.4 5 1.0 0.0 0.5 5 1.0 0.0 0.6 2 1.0 0.0 0.7 0 1 1 0.9 0 1 1
7 0.1 18 0.3333333333333333 0.0 0.4 3 1.0 0.0 0.5 1 1.0 0.0 0.6 1 1.0 0.0 0.7 0 1 1 0.9 0 1 1
7 0.1 11 0.45454545454545453 0.09090909090909091 0.4 2 1.0 0.0 0.5 2 1.0 0.0 0.6 2 1.0 0.0 0.7 1 1.0 0.0 0.9 0 1 1
7 0.1 24 0.2916666666666667 0.0 0.4 7 0.8571428571428571 0.0 0.5 5 0.8 0.0 0.6 4 1.0 0.0 0.7 2 1.0 0.0 0.9 0 1 1
7 0.1 67 0.08955223880597014 0.0 0.4 16 0.25 0.0 0.5 5 0.6 0.0 0.6 2 0.5 0.0 0.7 0 1 1 0.9 0 1 1
7 0.1 62 0.06451612903225806 0.0 0.4 9 0.2222222222222222 0.0 0.5 6 0.16666666666666666 0.0 0.6 1 1.0 0.0 0.7 1 1.0 0.0 0.9 0 1 1
7 0.1 36 0.16666666666666666 0.0 0.4 5 1.0 0.0 0.5 3 1.0 0.0 0.6 2 1.0 0.0 0.7 0 1 1 0.9 0 1 1
7 0.1 19 0.15789473684210525 0.0 0.4 5 0.6 0.0 0.5 3 0.6666666666666666 0.0 0.6 2 1.0 0.0 0.7 1 1.0 0.0 0.9 0 1 1
7 0.1 12 0.3333333333333333 0.0 0.4 4 0.75 0.0 0.5 0 1 1 0.6 0 1 1 0.7 0 1 1 0.9 0 1 1
7 0.1 16 0.3125 0.0 0.4 3 0.6666666666666666 0.0 0.5 1 1.0 0.0 0.6 1 1.0 0.0 0.7 0 1 1 0.9 0 1 1
7 0.1 4 0.25 0.0 0.4 0 1 1 0.5 0 1 1 0.6 0 1 1 0.7 0 1 1 0.9 0 1 1
7 0.1 18 0.2777777777777778 0.0 0.4 5 0.6 0.0 0.5 3 0.6666666666666666 0.0 0.6 1 1.0 0.0 0.7 0 1 1 0.9 0 1 1
7 0.1 14 0.42857142857142855 0.0 0.4 5 1.0 0.0 0.5 5 1.0 0.0 0.6 4 1.0 0.0 0.7 2 1.0 0.0 0.9 0 1 1
7 0.1 20 0.3 0.0 0.4 7 0.5714285714285714 0.0 0.5 5 0.8 0.0 0.6 4 1.0 0.0 0.7 2 1.0 0.0 0.9 0 1 1
7 0.1 13 0.5384615384615384 0.0 0.4 6 1.0 0.0 0.5 4 1.0 0.0 0.6 2 1.0 0.0 0.7 2 1.0 0.0 0.9 0 1 1
7 0.1 12 0.5 0.0 0.4 4 1.0 0.0 0.5 4 1.0 0.0 0.6 3 1.0 0.0 0.7 2 1.0 0.0 0.9 0 1 1
7 0.1 15 0.4666666666666667 0.0 0.4 5 0.8 0.0 0.5 3 1.0 0.0 0.6 3 1.0 0.0 0.7 3 1.0 0.0 0.9 0 1 1
7 0.1 23 0.30434782608695654 0.0 0.4 5 0.8 0.0 0.5 4 1.0 0.0 0.6 2 1.0 0.0 0.7 2 1.0 0.0 0.9 0 1 1
7 0.1 15 0.4666666666666667 0.0 0.4 5 1.0 0.0 0.5 3 1.0 0.0 0.6 3 1.0 0.0 0.7 2 1.0 0.0 0.9 0 1 1
7 0.1 8 0.625 0.0 0.4 2 0.5 0.0 0.5 1 1.0 0.0 0.6 0 1 1 0.7 0 1 1 0.9 0 1 1
7 0.1 2 1.0 0.0 0.4 1 1.0 0.0 0.5 0 1 1 0.6 0 1 1 0.7 0 1 1 0.9 0 1 1
7 0.1 9 0.6666666666666666 0.0 0.4 4 1.0 0.0 0.5 4 1.0 0.0 0.6 3 1.0 0.0 0.7 1 1.0 0.0 0.9 0 1 1
7 0.1 11 0.6363636363636364 0.0 0.4 5 1.0 0.0 0.5 5 1.0 0.0 0.6 4 1.0 0.0 0.7 4 1.0 0.0 0.9 0 1 1
7 0.1 13 0.46153846153846156 0.07692307692307693 0.4 6 1.0 0.16666666666666666 0.5 4 1.0 0.25 0.6 4 1.0 0.25 0.7 3 1.0 0.3333333333333333 0.9 0 1 1
7 0.1 13 0.46153846153846156 0.0 0.4 3 1.0 0.0 0.5 2 1.0 0.0 0.6 2 1.0 0.0 0.7 2 1.0 0.0 0.9 0 1 1
7 0.1 30 0.2 0.0 0.4 10 0.3 0.0 0.5 7 0.42857142857142855 0.0 0.6 6 0.5 0.0 0.7 3 0.6666666666666666 0.0 0.9 0 1 1
7 0.1 15 0.4 0.0 0.4 6 0.6666666666666666 0.0 0.5 4 1.0 0.0 0.6 3 1.0 0.0 0.7 2 1.0 0.0 0.9 0 1 1
7 0.1 19 0.3684210526315789 0.0 0.4 7 0.8571428571428571 0.0 0.5 4 1.0 0.0 0.6 4 1.0 0.0 0.7 2 1.0 0.0 0.9 0 1 1
7 0.1 47 0.14893617021276595 0.0 0.4 8 0.5 0.0 0.5 7 0.5714285714285714 0.0 0.6 4 1.0 0.0 0.7 2 1.0 0.0 0.9 0 1 1
7 0.1 16 0.375 0.0625 0.4 6 0.8333333333333334 0.16666666666666666 0.5 6 0.8333333333333334 0.16666666666666666 0.6 4 1.0 0.0 0.7 1 1.0 0.0 0.9 0 1 1
7 0.1 12 0.5833333333333334 0.0 0.4 5 0.8 0.0 0.5 4 1.0 0.0 0.6 3 1.0 0.0 0.7 2 1.0 0.0 0.9 0 1 1
7 0.1 43 0.13953488372093023 0.023255813953488372 0.4 5 0.6 0.0 0.5 3 1.0 0.0 0.6 3 1.0 0.0 0.7 0 1 1 0.9 0 1 1
7 0.1 10 0.6 0.1 0.4 4 1.0 0.25 0.5 3 1.0 0.0 0.6 3 1.0 0.0 0.7 2 1.0 0.0 0.9 0 1 1
7 0.1 35 0.14285714285714285 0.0 0.4 9 0.5555555555555556 0.0 0.5 6 0.6666666666666666 0.0 0.6 4 1.0 0.0 0.7 3 1.0 0.0 0.9 0 1 1
7 0.1 20 0.25 0.0 0.4 4 1.0 0.0 0.5 4 1.0 0.0 0.6 3 1.0 0.0 0.7 1 1.0 0.0 0.9 0 1 1
7 0.1 45 0.15555555555555556 0.0 0.4 8 0.5 0.0 0.5 6 0.6666666666666666 0.0 0.6 5 0.8 0.0 0.7 2 1.0 0.0 0.9 0 1 1
7 0.1 46 0.15217391304347827 0.0 0.4 4 1.0 0.0 0.5 3 1.0 0.0 0.6 3 1.0 0.0 0.7 1 1.0 0.0 0.9 0 1 1
7 0.1 12 0.5 0.0 0.4 3 0.6666666666666666 0.0 0.5 2 1.0 0.0 0.6 2 1.0 0.0 0.7 1 1.0 0.0 0.9 0 1 1
7 0.1 15 0.4666666666666667 0.0 0.4 8 0.75 0.0 0.5 8 0.75 0.0 0.6 5 1.0 0.0 0.7 5 1.0 0.0 0.9 0 1 1
7 0.1 12 0.5833333333333334 0.0 0.4 8 0.75 0.0 0.5 6 0.8333333333333334 0.0 0.6 4 1.0 0.0 0.7 2 1.0 0.0 0.9 0 1 1
7 0.1 12 0.5833333333333334 0.0 0.4 7 0.8571428571428571 0.0 0.5 6 0.8333333333333334 0.0 0.6 4 1.0 0.0 0.7 3 1.0 0.0 0.9 0 1 1
7 0.1 14 0.5 0.0 0.4 5 1.0 0.0 0.5 5 1.0 0.0 0.6 3 1.0 0.0 0.7 3 1.0 0.0 0.9 0 1 1
7 0.1 9 0.6666666666666666 0.0 0.4 4 0.75 0.0 0.5 3 1.0 0.0 0.6 3 1.0 0.0 0.7 3 1.0 0.0 0.9 0 1 1
7 0.1 18 0.3888888888888889 0.0 0.4 9 0.5555555555555556 0.0 0.5 7 0.5714285714285714 0.0 0.6 5 0.6 0.0 0.7 5 0.6 0.0 0.9 0 1 1
7 0.1 18 0.3333333333333333 0.0 0.4 8 0.625 0.0 0.5 7 0.7142857142857143 0.0 0.6 7 0.7142857142857143 0.0 0.7 4 1.0 0.0 0.9 0 1 1
7 0.1 17 0.4117647058823529 0.0 0.4 8 0.625 0.0 0.5 5 1.0 0.0 0.6 4 1.0 0.0 0.7 3 1.0 0.0 0.9 0 1 1
7 0.1 11 0.5454545454545454 0.09090909090909091 0.4 6 0.8333333333333334 0.16666666666666666 0.5 5 1.0 0.2 0.6 4 1.0 0.25 0.7 3 1.0 0.3333333333333333 0.9 0 1 1
7 0.1 14 0.5 0.14285714285714285 0.4 7 0.8571428571428571 0.2857142857142857 0.5 5 0.8 0.4 0.6 3 1.0 0.6666666666666666 0.7 3 1.0 0.6666666666666666 0.9 0 1 1
7 0.1 9 0.5555555555555556 0.0 0.4 2 1.0 0.0 0.5 2 1.0 0.0 0.6 2 1.0 0.0 0.7 2 1.0 0.0 0.9 0 1 1
7 0.1 21 0.2857142857142857 0.0 0.4 3 1.0 0.0 0.5 3 1.0 0.0 0.6 3 1.0 0.0 0.7 2 1.0 0.0 0.9 0 1 1
7 0.1 16 0.4375 0.0 0.4 5 0.8 0.0 0.5 3 1.0 0.0 0.6 3 1.0 0.0 0.7 3 1.0 0.0 0.9 0 1 1
7 0.1 15 0.4666666666666667 0.0 0.4 9 0.6666666666666666 0.0 0.5 5 1.0 0.0 0.6 5 1.0 0.0 0.7 2 1.0 0.0 0.9 0 1 1
7 0.1 9 0.5555555555555556 0.0 0.4 3 1.0 0.0 0.5 3 1.0 0.0 0.6 3 1.0 0.0 0.7 2 1.0 0.0 0.9 0 1 1
7 0.1 13 0.46153846153846156 0.07692307692307693 0.4 6 0.6666666666666666 0.0 0.5 4 0.75 0.0 0.6 4 0.75 0.0 0.7 2 1.0 0.0 0.9 0 1 1
7 0.1 13 0.5384615384615384 0.0 0.4 8 0.875 0.0 0.5 6 0.8333333333333334 0.0 0.6 6 0.8333333333333334 0.0 0.7 4 1.0 0.0 0.9 0 1 1
7 0.1 17 0.4117647058823529 0.0 0.4 11 0.6363636363636364 0.0 0.5 7 0.8571428571428571 0.0 0.6 6 0.8333333333333334 0.0 0.7 4 1.0 0.0 0.9 0 1 1
7 0.1 17 0.4117647058823529 0.0 0.4 7 0.8571428571428571 0.0 0.5 4 1.0 0.0 0.6 4 1.0 0.0 0.7 4 1.0 0.0 0.9 0 1 1
7 0.1 14 0.42857142857142855 0.07142857142857142 0.4 7 0.7142857142857143 0.14285714285714285 0.5 6 0.8333333333333334 0.16666666666666666 0.6 5 1.0 0.2 0.7 4 1.0 0.25 0.9 0 1 1
7 0.1 13 0.46153846153846156 0.0 0.4 5 0.8 0.0 0.5 4 1.0 0.0 0.6 3 1.0 0.0 0.7 2 1.0 0.0 0.9 0 1 1
7 0.1 13 0.46153846153846156 0.07692307692307693 0.4 5 0.8 0.2 0.5 4 1.0 0.25 0.6 4 1.0 0.25 0.7 2 1.0 0.0 0.9 0 1 1
7 0.1 12 0.4166666666666667 0.0 0.4 4 1.0 0.0 0.5 4 1.0 0.0 0.6 4 1.0 0.0 0.7 2 1.0 0.0 0.9 0 1 1
7 0.1 37 0.1891891891891892 0.0 0.4 8 0.625 0.0 0.5 5 0.8 0.0 0.6 3 1.0 0.0 0.7 3 1.0 0.0 0.9 0 1 1
7 0.1 16 0.4375 0.0 0.4 6 0.8333333333333334 0.0 0.5 5 0.8 0.0 0.6 4 1.0 0.0 0.7 4 1.0 0.0 0.9 0 1 1
7 0.1 18 0.3888888888888889 0.05555555555555555 0.4 8 0.75 0.125 0.5 7 0.8571428571428571 0.14285714285714285 0.6 4 1.0 0.25 0.7 4 1.0 0.25 0.9 0 1 1
7 0.1 13 0.5384615384615384 0.0 0.4 7 1.0 0.0 0.5 7 1.0 0.0 0.6 5 1.0 0.0 0.7 3 1.0 0.0 0.9 0 1 1
7 0.1 16 0.4375 0.0 0.4 8 0.875 0.0 0.5 6 1.0 0.0 0.6 4 1.0 0.0 0.7 3 1.0 0.0 0.9 0 1 1
7 0.1 13 0.5384615384615384 0.0 0.4 4 1.0 0.0 0.5 4 1.0 0.0 0.6 3 1.0 0.0 0.7 3 1.0 0.0 0.9 0 1 1
7 0.1 13 0.46153846153846156 0.0 0.4 6 0.8333333333333334 0.0 0.5 4 1.0 0.0 0.6 3 1.0 0.0 0.7 3 1.0 0.0 0.9 0 1 1
7 0.1 12 0.5 0.0 0.4 6 0.8333333333333334 0.0 0.5 4 1.0 0.0 0.6 3 1.0 0.0 0.7 2 1.0 0.0 0.9 0 1 1
7 0.1 14 0.42857142857142855 0.0 0.4 5 1.0 0.0 0.5 4 1.0 0.0 0.6 3 1.0 0.0 0.7 2 1.0 0.0 0.9 0 1 1
7 0.1 16 0.4375 0.0 0.4 5 1.0 0.0 0.5 4 1.0 0.0 0.6 4 1.0 0.0 0.7 3 1.0 0.0 0.9 0 1 1
7 0.1 14 0.42857142857142855 0.0 0.4 6 0.6666666666666666 0.0 0.5 3 1.0 0.0 0.6 3 1.0 0.0 0.7 2 1.0 0.0 0.9 0 1 1
7 0.1 9 0.5555555555555556 0.0 0.4 4 0.75 0.0 0.5 3 1.0 0.0 0.6 2 1.0 0.0 0.7 2 1.0 0.0 0.9 0 1 1
7 0.1 10 0.6 0.0 0.4 6 0.8333333333333334 0.0 0.5 5 0.8 0.0 0.6 3 1.0 0.0 0.7 2 1.0 0.0 0.9 0 1 1
7 0.1 11 0.5454545454545454 0.0 0.4 6 0.8333333333333334 0.0 0.5 5 0.8 0.0 0.6 4 1.0 0.0 0.7 2 1.0 0.0 0.9 0 1 1
7 0.1 10 0.6 0.0 0.4 4 1.0 0.0 0.5 4 1.0 0.0 0.6 4 1.0 0.0 0.7 3 1.0 0.0 0.9 0 1 1
7 0.1 15 0.4666666666666667 0.0 0.4 6 0.8333333333333334 0.0 0.5 4 1.0 0.0 0.6 3 1.0 0.0 0.7 3 1.0 0.0 0.9 0 1 1
7 0.1 15 0.4666666666666667 0.06666666666666667 0.4 9 0.7777777777777778 0.1111111111111111 0.5 7 0.8571428571428571 0.14285714285714285 0.6 5 1.0 0.2 0.7 3 1.0 0.3333333333333333 0.9 0 1 1
7 0.1 15 0.4666666666666667 0.0 0.4 8 0.75 0.0 0.5 6 0.6666666666666666 0.0 0.6 6 0.6666666666666666 0.0 0.7 6 0.6666666666666666 0.0 0.9 0 1 1
7 0.1 13 0.5384615384615384 0.07692307692307693 0.4 7 0.8571428571428571 0.14285714285714285 0.5 5 1.0 0.0 0.6 5 1.0 0.0 0.7 4 1.0 0.0 0.9 0 1 1
7 0.1 13 0.5384615384615384 0.07692307692307693 0.4 8 0.75 0.125 0.5 5 1.0 0.2 0.6 4 1.0 0.25 0.7 3 1.0 0.0 0.9 0 1 1
7 0.1 13 0.46153846153846156 0.0 0.4 7 0.7142857142857143 0.0 0.5 5 0.8 0.0 0.6 3 0.6666666666666666 0.0 0.7 2 1.0 0.0 0.9 0 1 1
7 0.1 11 0.6363636363636364 0.0 0.4 8 0.75 0.0 0.5 7 0.7142857142857143 0.0 0.6 5 0.8 0.0 0.7 3 1.0 0.0 0.9 0 1 1
7 0.1 16 0.4375 0.0 0.4 12 0.5833333333333334 0.0 0.5 11 0.6363636363636364 0.0 0.6 11 0.6363636363636364 0.0 0.7 6 0.6666666666666666 0.0 0.9 1 1.0 0.0
7 0.1 12 0.5 0.08333333333333333 0.4 5 0.8 0.2 0.5 5 0.8 0.2 0.6 3 1.0 0.0 0.7 3 1.0 0.0 0.9 0 1 1
7 0.1 13 0.5384615384615384 0.0 0.4 5 0.8 0.0 0.5 5 0.8 0.0 0.6 4 1.0 0.0 0.7 4 1.0 0.0 0.9 0 1 1
7 0.1 10 0.6 0.1 0.4 6 0.6666666666666666 0.16666666666666666 0.5 6 0.6666666666666666 0.16666666666666666 0.6 4 1.0 0.25 0.7 2 1.0 0.0 0.9 0 1 1
7 0.1 12 0.5 0.0 0.4 6 0.6666666666666666 0.0 0.5 5 0.8 0.0 0.6 3 1.0 0.0 0.7 2 1.0 0.0 0.9 0 1 1
7 0.1 13 0.46153846153846156 0.07692307692307693 0.4 8 0.75 0.125 0.5 7 0.8571428571428571 0.14285714285714285 0.6 6 0.8333333333333334 0.16666666666666666 0.7 5 1.0 0.2 0.9 0 1 1
7 0.1 13 0.5384615384615384 0.0 0.4 9 0.6666666666666666 0.0 0.5 8 0.75 0.0 0.6 6 0.8333333333333334 0.0 0.7 4 1.0 0.0 0.9 0 1 1
7 0.1 12 0.5 0.08333333333333333 0.4 7 0.7142857142857143 0.14285714285714285 0.5 7 0.7142857142857143 0.14285714285714285 0.6 6 0.6666666666666666 0.16666666666666666 0.7 5 0.8 0.2 0.9 0 1 1
7 0.1 12 0.5 0.08333333333333333 0.4 7 0.7142857142857143 0.14285714285714285 0.5 6 0.8333333333333334 0.16666666666666666 0.6 6 0.8333333333333334 0.16666666666666666 0.7 4 0.75 0.25 0.9 0 1 1
7 0.1 12 0.5 0.0 0.4 7 0.7142857142857143 0.0 0.5 6 0.6666666666666666 0.0 0.6 5 0.8 0.0 0.7 4 1.0 0.0 0.9 0 1 1
7 0.1 13 0.5384615384615384 0.0 0.4 9 0.5555555555555556 0.0 0.5 9 0.5555555555555556 0.0 0.6 7 0.5714285714285714 0.0 0.7 5 0.8 0.0 0.9 0 1 1
7 0.1 21 0.3333333333333333 0.0 0.4 11 0.45454545454545453 0.0 0.5 7 0.5714285714285714 0.0 0.6 5 0.8 0.0 0.7 5 0.8 0.0 0.9 0 1 1
7 0.1 15 0.4666666666666667 0.06666666666666667 0.4 10 0.5 0.1 0.5 9 0.5555555555555556 0.1111111111111111 0.6 6 0.6666666666666666 0.16666666666666666 0.7 6 0.6666666666666666 0.16666666666666666 0.9 0 1 1
7 0.1 14 0.42857142857142855 0.07142857142857142 0.4 9 0.5555555555555556 0.1111111111111111 0.5 7 0.7142857142857143 0.14285714285714285 0.6 6 0.8333333333333334 0.16666666666666666 0.7 4 1.0 0.25 0.9 1 1.0 0.0
7 0.1 14 0.42857142857142855 0.0 0.4 7 0.7142857142857143 0.0 0.5 7 0.7142857142857143 0.0 0.6 7 0.7142857142857143 0.0 0.7 6 0.6666666666666666 0.0 0.9 0 1 1
7 0.1 17 0.4117647058823529 0.0 0.4 8 0.75 0.0 0.5 7 0.7142857142857143 0.0 0.6 6 0.6666666666666666 0.0 0.7 6 0.6666666666666666 0.0 0.9 0 1 1
7 0.1 14 0.5 0.0 0.4 9 0.6666666666666666 0.0 0.5 8 0.75 0.0 0.6 7 0.7142857142857143 0.0 0.7 6 0.8333333333333334 0.0 0.9 0 1 1
7 0.1 11 0.5454545454545454 0.0 0.4 7 0.7142857142857143 0.0 0.5 6 0.8333333333333334 0.0 0.6 4 0.75 0.0 0.7 4 0.75 0.0 0.9 0 1 1
7 0.1 9 0.5555555555555556 0.0 0.4 6 0.6666666666666666 0.0 0.5 5 0.8 0.0 0.6 4 1.0 0.0 0.7 4 1.0 0.0 0.9 0 1 1
7 0.1 23 0.30434782608695654 0.0 0.4 11 0.6363636363636364 0.0 0.5 6 0.8333333333333334 0.0 0.6 5 0.8 0.0 0.7 5 0.8 0.0 0.9 0 1 1
7 0.1 17 0.4117647058823529 0.0 0.4 9 0.6666666666666666 0.0 0.5 7 0.7142857142857143 0.0 0.6 6 0.8333333333333334 0.0 0.7 5 1.0 0.0 0.9 0 1 1
7 0.1 10 0.6 0.1 0.4 6 0.8333333333333334 0.16666666666666666 0.5 6 0.8333333333333334 0.16666666666666666 0.6 5 1.0 0.2 0.7 3 1.0 0.3333333333333333 0.9 0 1 1
7 0.1 14 0.5 0.14285714285714285 0.4 9 0.6666666666666666 0.1111111111111111 0.5 8 0.75 0.125 0.6 7 0.7142857142857143 0.14285714285714285 0.7 5 1.0 0.2 0.9 0 1 1
7 0.1 10 0.5 0.1 0.4 5 0.8 0.2 0.5 4 1.0 0.25 0.6 3 1.0 0.3333333333333333 0.7 3 1.0 0.3333333333333333 0.9 0 1 1
7 0.1 9 0.5555555555555556 0.1111111111111111 0.4 5 0.8 0.2 0.5 3 1.0 0.3333333333333333 0.6 3 1.0 0.3333333333333333 0.7 3 1.0 0.3333333333333333 0.9 0 1 1
7 0.1 11 0.5454545454545454 0.0 0.4 5 1.0 0.0 0.5 3 1.0 0.0 0.6 3 1.0 0.0 0.7 3 1.0 0.0 0.9 0 1 1
7 0.1 7 0.7142857142857143 0.0 0.4 6 0.6666666666666666 0.0 0.5 4 1.0 0.0 0.6 4 1.0 0.0 0.7 4 1.0 0.0 0.9 0 1 1
7 0.1 12 0.5833333333333334 0.0 0.4 7 0.7142857142857143 0.0 0.5 7 0.7142857142857143 0.0 0.6 5 0.8 0.0 0.7 5 0.8 0.0 0.9 0 1 1
7 0.1 12 0.4166666666666667 0.0 0.4 8 0.625 0.0 0.5 5 0.8 0.0 0.6 4 1.0 0.0 0.7 4 1.0 0.0 0.9 0 1 1
7 0.1 11 0.5454545454545454 0.0 0.4 7 0.8571428571428571 0.0 0.5 5 1.0 0.0 0.6 4 1.0 0.0 0.7 3 1.0 0.0 0.9 0 1 1
7 0.1 9 0.5555555555555556 0.0 0.4 4 0.75 0.0 0.5 4 0.75 0.0 0.6 4 0.75 0.0 0.7 4 0.75 0.0 0.9 0 1 1
7 0.1 13 0.46153846153846156 0.07692307692307693 0.4 7 0.7142857142857143 0.14285714285714285 0.5 7 0.7142857142857143 0.14285714285714285 0.6 6 0.8333333333333334 0.16666666666666666 0.7 4 1.0 0.25 0.9 0 1 1
7 0.1 9 0.6666666666666666 0.1111111111111111 0.4 5 0.6 0.0 0.5 4 0.75 0.0 0.6 4 0.75 0.0 0.7 3 1.0 0.0 0.9 0 1 1
7 0.1 11 0.6363636363636364 0.0 0.4 8 0.75 0.0 0.5 7 0.8571428571428571 0.0 0.6 6 0.8333333333333334 0.0 0.7 6 0.8333333333333334 0.0 0.9 0 1 1
7 0.1 12 0.5833333333333334 0.0 0.4 7 0.7142857142857143 0.0 0.5 6 0.8333333333333334 0.0 0.6 6 0.8333333333333334 0.0 0.7 5 0.8 0.0 0.9 0 1 1
7 0.1 12 0.5833333333333334 0.0 0.4 7 0.8571428571428571 0.0 0.5 6 0.8333333333333334 0.0 0.6 5 0.8 0.0 0.7 5 0.8 0.0 0.9 0 1 1
7 0.1 12 0.5833333333333334 0.0 0.4 9 0.7777777777777778 0.0 0.5 8 0.875 0.0 0.6 6 0.8333333333333334 0.0 0.7 6 0.8333333333333334 0.0 0.9 0 1 1
7 0.1 15 0.4666666666666667 0.0 0.4 8 0.625 0.0 0.5 8 0.625 0.0 0.6 6 0.8333333333333334 0.0 0.7 6 0.8333333333333334 0.0 0.9 0 1 1
7 0.1 13 0.5384615384615384 0.0 0.4 9 0.6666666666666666 0.0 0.5 9 0.6666666666666666 0.0 0.6 5 0.8 0.0 0.7 5 0.8 0.0 0.9 0 1 1
7 0.1 13 0.5384615384615384 0.0 0.4 9 0.6666666666666666 0.0 0.5 8 0.75 0.0 0.6 4 0.75 0.0 0.7 4 0.75 0.0 0.9 0 1 1
7 0.1 15 0.4666666666666667 0.0 0.4 8 0.75 0.0 0.5 7 0.8571428571428571 0.0 0.6 7 0.8571428571428571 0.0 0.7 5 0.8 0.0 0.9 0 1 1
7 0.1 14 0.5 0.0 0.4 10 0.6 0.0 0.5 8 0.625 0.0 0.6 6 0.8333333333333334 0.0 0.7 4 1.0 0.0 0.9 0 1 1
7 0.1 12 0.5 0.0 0.4 7 0.7142857142857143 0.0 0.5 6 0.8333333333333334 0.0 0.6 5 0.8 0.0 0.7 5 0.8 0.0 0.9 0 1 1
7 0.1 14 0.42857142857142855 0.0 0.4 12 0.5 0.0 0.5 10 0.6 0.0 0.6 8 0.625 0.0 0.7 5 0.8 0.0 0.9 0 1 1
7 0.1 9 0.5555555555555556 0.0 0.4 6 0.6666666666666666 0.0 0.5 6 0.6666666666666666 0.0 0.6 4 0.75 0.0 0.7 3 1.0 0.0 0.9 0 1 1
7 0.1 13 0.5384615384615384 0.0 0.4 9 0.5555555555555556 0.0 0.5 8 0.625 0.0 0.6 7 0.7142857142857143 0.0 0.7 4 0.75 0.0 0.9 0 1 1
7 0.1 9 0.6666666666666666 0.0 0.4 5 0.6 0.0 0.5 3 1.0 0.0 0.6 3 1.0 0.0 0.7 3 1.0 0.0 0.9 0 1 1
7 0.1 14 0.5 0.0 0.4 7 0.7142857142857143 0.0 0.5 6 0.6666666666666666 0.0 0.6 5 0.8 0.0 0.7 5 0.8 0.0 0.9 0 1 1
7 0.1 13 0.46153846153846156 0.07692307692307693 0.4 9 0.6666666666666666 0.1111111111111111 0.5 6 0.8333333333333334 0.16666666666666666 0.6 6 0.8333333333333334 0.16666666666666666 0.7 5 0.8 0.2 0.9 0 1 1
7 0.1 13 0.5384615384615384 0.0 0.4 8 0.625 0.0 0.5 8 0.625 0.0 0.6 8 0.625 0.0 0.7 4 1.0 0.0 0.9 0 1 1
7 0.1 11 0.5454545454545454 0.0 0.4 7 0.8571428571428571 0.0 0.5 5 0.8 0.0 0.6 5 0.8 0.0 0.7 5 0.8 0.0 0.9 0 1 1
7 0.1 13 0.46153846153846156 0.07692307692307693 0.4 8 0.75 0.125 0.5 8 0.75 0.125 0.6 7 0.7142857142857143 0.14285714285714285 0.7 5 0.8 0.2 0.9 0 1 1
7 0.1 10 0.6 0.1 0.4 8 0.75 0.125 0.5 7 0.8571428571428571 0.14285714285714285 0.6 7 0.8571428571428571 0.14285714285714285 0.7 6 0.8333333333333334 0.0 0.9 0 1 1
7 0.1 12 0.5 0.0 0.4 9 0.6666666666666666 0.0 0.5 7 0.7142857142857143 0.0 0.6 6 0.6666666666666666 0.0 0.7 5 0.8 0.0 0.9 0 1 1
7 0.1 11 0.6363636363636364 0.0 0.4 7 0.7142857142857143 0.0 0.5 6 0.8333333333333334 0.0 0.6 5 0.8 0.0 0.7 4 1.0 0.0 0.9 0 1 1
7 0.1 13 0.46153846153846156 0.0 0.4 7 0.5714285714285714 0.0 0.5 4 1.0 0.0 0.6 4 1.0 0.0 0.7 3 1.0 0.0 0.9 0 1 1
7 0.1 12 0.5833333333333334 0.0 0.4 10 0.7 0.0 0.5 9 0.6666666666666666 0.0 0.6 8 0.75 0.0 0.7 6 0.8333333333333334 0.0 0.9 0 1 1
7 0.1 11 0.45454545454545453 0.09090909090909091 0.4 8 0.5 0.125 0.5 6 0.6666666666666666 0.16666666666666666 0.6 5 0.8 0.2 0.7 5 0.8 0.2 0.9 0 1 1
7 0.1 11 0.5454545454545454 0.0 0.4 8 0.625 0.0 0.5 7 0.7142857142857143 0.0 0.6 5 1.0 0.0 0.7 5 1.0 0.0 0.9 0 1 1
7 0.1 13 0.46153846153846156 0.0 0.4 11 0.5454545454545454 0.0 0.5 7 0.7142857142857143 0.0 0.6 6 0.8333333333333334 0.0 0.7 4 1.0 0.0 0.9 0 1 1
7 0.1 12 0.5 0.0 0.4 8 0.75 0.0 0.5 8 0.75 0.0 0.6 6 1.0 0.0 0.7 4 1.0 0.0 0.9 0 1 1
7 0.1 13 0.46153846153846156 0.0 0.4 8 0.625 0.0 0.5 7 0.7142857142857143 0.0 0.6 6 0.8333333333333334 0.0 0.7 6 0.8333333333333334 0.0 0.9 0 1 1
7 0.1 11 0.5454545454545454 0.0 0.4 9 0.5555555555555556 0.0 0.5 8 0.625 0.0 0.6 8 0.625 0.0 0.7 6 0.8333333333333334 0.0 0.9 0 1 1
7 0.1 10 0.5 0.0 0.4 8 0.625 0.0 0.5 7 0.7142857142857143 0.0 0.6 6 0.6666666666666666 0.0 0.7 5 0.8 0.0 0.9 0 1 1
7 0.1 12 0.5 0.0 0.4 10 0.6 0.0 0.5 9 0.6666666666666666 0.0 0.6 8 0.75 0.0 0.7 7 0.7142857142857143 0.0 0.9 0 1 1
7 0.1 12 0.5 0.0 0.4 9 0.5555555555555556 0.0 0.5 7 0.7142857142857143 0.0 0.6 7 0.7142857142857143 0.0 0.7 5 0.8 0.0 0.9 0 1 1
7 0.1 14 0.5 0.0 0.4 9 0.5555555555555556 0.0 0.5 7 0.5714285714285714 0.0 0.6 7 0.5714285714285714 0.0 0.7 6 0.6666666666666666 0.0 0.9 0 1 1
7 0.1 13 0.46153846153846156 0.0 0.4 7 0.7142857142857143 0.0 0.5 6 0.8333333333333334 0.0 0.6 5 0.8 0.0 0.7 5 0.8 0.0 0.9 0 1 1
7 0.1 12 0.5 0.0 0.4 7 0.7142857142857143 0.0 0.5 7 0.7142857142857143 0.0 0.6 6 0.8333333333333334 0.0 0.7 5 0.8 0.0 0.9 0 1 1
7 0.1 13 0.5384615384615384 0.0 0.4 8 0.625 0.0 0.5 7 0.7142857142857143 0.0 0.6 6 0.8333333333333334 0.0 0.7 4 0.75 0.0 0.9 0 1 1
7 0.1 12 0.5 0.0 0.4 7 0.7142857142857143 0.0 0.5 6 0.8333333333333334 0.0 0.6 6 0.8333333333333334 0.0 0.7 5 0.8 0.0 0.9 0 1 1
7 0.1 10 0.5 0.0 0.4 8 0.625 0.0 0.5 6 0.8333333333333334 0.0 0.6 6 0.8333333333333334 0.0 0.7 5 0.8 0.0 0.9 1 1.0 0.0
7 0.1 12 0.5833333333333334 0.0 0.4 9 0.6666666666666666 0.0 0.5 8 0.625 0.0 0.6 7 0.7142857142857143 0.0 0.7 6 0.6666666666666666 0.0 0.9 0 1 1
7 0.1 11 0.5454545454545454 0.09090909090909091 0.4 7 0.5714285714285714 0.14285714285714285 0.5 7 0.5714285714285714 0.14285714285714285 0.6 5 0.8 0.2 0.7 5 0.8 0.2 0.9 0 1 1
7 0.1 10 0.5 0.0 0.4 8 0.625 0.0 0.5 7 0.7142857142857143 0.0 0.6 6 0.8333333333333334 0.0 0.7 6 0.8333333333333334 0.0 0.9 0 1 1
7 0.1 10 0.5 0.0 0.4 8 0.625 0.0 0.5 6 0.8333333333333334 0.0 0.6 6 0.8333333333333334 0.0 0.7 6 0.8333333333333334 0.0 0.9 0 1 1
7 0.1 12 0.5 0.0 0.4 7 0.8571428571428571 0.0 0.5 6 0.8333333333333334 0.0 0.6 6 0.8333333333333334 0.0 0.7 5 0.8 0.0 0.9 0 1 1
7 0.1 13 0.5384615384615384 0.07692307692307693 0.4 8 0.75 0.125 0.5 6 0.8333333333333334 0.16666666666666666 0.6 6 0.8333333333333334 0.16666666666666666 0.7 6 0.8333333333333334 0.16666666666666666 0.9 0 1 1
7 0.1 11 0.5454545454545454 0.0 0.4 7 0.8571428571428571 0.0 0.5 7 0.8571428571428571 0.0 0.6 5 1.0 0.0 0.7 4 1.0 0.0 0.9 0 1 1
7 0.1 13 0.46153846153846156 0.07692307692307693 0.4 8 0.625 0.125 0.5 8 0.625 0.125 0.6 7 0.7142857142857143 0.14285714285714285 0.7 6 0.8333333333333334 0.16666666666666666 0.9 0 1 1
7 0.1 11 0.5454545454545454 0.0 0.4 8 0.75 0.0 0.5 7 0.7142857142857143 0.0 0.6 6 0.6666666666666666 0.0 0.7 4 1.0 0.0 0.9 0 1 1
7 0.1 12 0.5833333333333334 0.08333333333333333 0.4 8 0.625 0.0 0.5 6 0.8333333333333334 0.0 0.6 6 0.8333333333333334 0.0 0.7 6 0.8333333333333334 0.0 0.9 0 1 1
7 0.1 13 0.5384615384615384 0.0 0.4 10 0.6 0.0 0.5 8 0.625 0.0 0.6 7 0.7142857142857143 0.0 0.7 5 0.8 0.0 0.9 0 1 1
7 0.1 11 0.6363636363636364 0.0 0.4 9 0.6666666666666666 0.0 0.5 7 0.7142857142857143 0.0 0.6 7 0.7142857142857143 0.0 0.7 5 0.8 0.0 0.9 0 1 1
7 0.1 11 0.6363636363636364 0.0 0.4 8 0.625 0.0 0.5 7 0.7142857142857143 0.0 0.6 6 0.8333333333333334 0.0 0.7 5 0.8 0.0 0.9 1 1.0 0.0
7 0.1 10 0.6 0.0 0.4 8 0.625 0.0 0.5 8 0.625 0.0 0.6 7 0.7142857142857143 0.0 0.7 7 0.7142857142857143 0.0 0.9 0 1 1
7 0.1 12 0.5 0.0 0.4 9 0.5555555555555556 0.0 0.5 7 0.7142857142857143 0.0 0.6 6 0.8333333333333334 0.0 0.7 5 1.0 0.0 0.9 0 1 1
7 0.1 10 0.5 0.0 0.4 8 0.625 0.0 0.5 7 0.5714285714285714 0.0 0.6 6 0.6666666666666666 0.0 0.7 3 1.0 0.0 0.9 0 1 1
7 0.1 13 0.5384615384615384 0.0 0.4 9 0.6666666666666666 0.0 0.5 8 0.75 0.0 0.6 8 0.75 0.0 0.7 7 0.7142857142857143 0.0 0.9 1 1.0 0.0
7 0.1 13 0.5384615384615384 0.0 0.4 9 0.6666666666666666 0.0 0.5 9 0.6666666666666666 0.0 0.6 8 0.625 0.0 0.7 5 0.8 0.0 0.9 0 1 1
7 0.1 9 0.4444444444444444 0.0 0.4 6 0.6666666666666666 0.0 0.5 6 0.6666666666666666 0.0 0.6 6 0.6666666666666666 0.0 0.7 5 0.8 0.0 0.9 0 1 1
7 0.1 9 0.5555555555555556 0.0 0.4 8 0.625 0.0 0.5 7 0.7142857142857143 0.0 0.6 7 0.7142857142857143 0.0 0.7 6 0.8333333333333334 0.0 0.9 0 1 1
7 0.1 13 0.46153846153846156 0.0 0.4 9 0.5555555555555556 0.0 0.5 7 0.5714285714285714 0.0 0.6 6 0.6666666666666666 0.0 0.7 5 0.8 0.0 0.9 0 1 1
7 0.1 13 0.46153846153846156 0.07692307692307693 0.4 9 0.5555555555555556 0.1111111111111111 0.5 8 0.625 0.125 0.6 6 0.6666666666666666 0.16666666666666666 0.7 4 1.0 0.25 0.9 0 1 1
7 0.1 11 0.5454545454545454 0.09090909090909091 0.4 8 0.625 0.125 0.5 7 0.7142857142857143 0.14285714285714285 0.6 7 0.7142857142857143 0.14285714285714285 0.7 7 0.7142857142857143 0.14285714285714285 0.9 0 1 1
7 0.1 11 0.45454545454545453 0.0 0.4 8 0.5 0.0 0.5 7 0.5714285714285714 0.0 0.6 7 0.5714285714285714 0.0 0.7 5 0.8 0.0 0.9 0 1 1
7 0.1 12 0.5 0.0 0.4 7 0.5714285714285714 0.0 0.5 7 0.5714285714285714 0.0 0.6 7 0.5714285714285714 0.0 0.7 5 0.8 0.0 0.9 0 1 1
7 0.1 14 0.5 0.0 0.4 9 0.5555555555555556 0.0 0.5 8 0.625 0.0 0.6 8 0.625 0.0 0.7 7 0.5714285714285714 0.0 0.9 0 1 1
7 0.1 13 0.46153846153846156 0.0 0.4 8 0.625 0.0 0.5 7 0.5714285714285714 0.0 0.6 7 0.5714285714285714 0.0 0.7 7 0.5714285714285714 0.0 0.9 0 1 1
7 0.1 11 0.45454545454545453 0.0 0.4 8 0.5 0.0 0.5 7 0.5714285714285714 0.0 0.6 7 0.5714285714285714 0.0 0.7 6 0.6666666666666666 0.0 0.9 0 1 1
7 0.1 10 0.5 0.0 0.4 6 0.6666666666666666 0.0 0.5 6 0.6666666666666666 0.0 0.6 6 0.6666666666666666 0.0 0.7 6 0.6666666666666666 0.0 0.9 0 1 1
7 0.1 9 0.5555555555555556 0.1111111111111111 0.4 6 0.6666666666666666 0.16666666666666666 0.5 5 0.8 0.2 0.6 5 0.8 0.2 0.7 5 0.8 0.2 0.9 0 1 1
7 0.1 12 0.5833333333333334 0.0 0.4 7 0.5714285714285714 0.0 0.5 7 0.5714285714285714 0.0 0.6 7 0.5714285714285714 0.0 0.7 6 0.6666666666666666 0.0 0.9 0 1 1
7 0.1 10 0.5 0.0 0.4 8 0.5 0.0 0.5 7 0.5714285714285714 0.0 0.6 7 0.5714285714285714 0.0 0.7 5 0.8 0.0 0.9 0 1 1
7 0.1 10 0.5 0.0 0.4 7 0.5714285714285714 0.0 0.5 7 0.5714285714285714 0.0 0.6 7 0.5714285714285714 0.0 0.7 5 0.8 0.0 0.9 0 1 1
7 0.1 11 0.5454545454545454 0.0 0.4 6 0.6666666666666666 0.0 0.5 6 0.6666666666666666 0.0 0.6 6 0.6666666666666666 0.0 0.7 5 0.8 0.0 0.9 0 1 1
7 0.1 12 0.5 0.08333333333333333 0.4 7 0.5714285714285714 0.0 0.5 7 0.5714285714285714 0.0 0.6 7 0.5714285714285714 0.0 0.7 5 0.8 0.0 0.9 0 1 1
7 0.1 13 0.46153846153846156 0.0 0.4 8 0.5 0.0 0.5 6 0.6666666666666666 0.0 0.6 6 0.6666666666666666 0.0 0.7 5 0.8 0.0 0.9 0 1 1
7 0.1 12 0.4166666666666667 0.0 0.4 9 0.4444444444444444 0.0 0.5 7 0.5714285714285714 0.0 0.6 6 0.6666666666666666 0.0 0.7 5 0.8 0.0 0.9 1 1.0 0.0
7 0.1 13 0.46153846153846156 0.0 0.4 8 0.5 0.0 0.5 7 0.5714285714285714 0.0 0.6 6 0.6666666666666666 0.0 0.7 5 0.8 0.0 0.9 1 1.0 0.0
7 0.1 14 0.42857142857142855 0.0 0.4 10 0.6 0.0 0.5 7 0.5714285714285714 0.0 0.6 6 0.6666666666666666 0.0 0.7 6 0.6666666666666666 0.0 0.9 0 1 1
7 0.1 13 0.46153846153846156 0.0 0.4 8 0.5 0.0 0.5 8 0.5 0.0 0.6 7 0.5714285714285714 0.0 0.7 5 0.8 0.0 0.9 1 1.0 0.0
7 0.1 14 0.42857142857142855 0.07142857142857142 0.4 7 0.5714285714285714 0.0 0.5 6 0.6666666666666666 0.0 0.6 6 0.6666666666666666 0.0 0.7 6 0.6666666666666666 0.0 0.9 0 1 1
7 0.1 8 0.625 0.125 0.4 6 0.6666666666666666 0.16666666666666666 0.5 6 0.6666666666666666 0.16666666666666666 0.6 6 0.6666666666666666 0.16666666666666666 0.7 6 0.6666666666666666 0.16666666666666666 0.9 0 1 1
7 0.1 11 0.5454545454545454 0.0 0.4 7 0.5714285714285714 0.0 0.5 7 0.5714285714285714 0.0 0.6 6 0.6666666666666666 0.0 0.7 5 0.8 0.0 0.9 0 1 1
7 0.1 8 0.5 0.0 0.4 7 0.5714285714285714 0.0 0.5 7 0.5714285714285714 0.0 0.6 5 0.8 0.0 0.7 5 0.8 0.0 0.9 0 1 1
7 0.1 11 0.5454545454545454 0.0 0.4 6 0.6666666666666666 0.0 0.5 6 0.6666666666666666 0.0 0.6 6 0.6666666666666666 0.0 0.7 6 0.6666666666666666 0.0 0.9 0 1 1
7 0.1 10 0.6 0.0 0.4 7 0.7142857142857143 0.0 0.5 6 0.6666666666666666 0.0 0.6 6 0.6666666666666666 0.0 0.7 6 0.6666666666666666 0.0 0.9 0 1 1
7 0.1 8 0.5 0.125 0.4 7 0.5714285714285714 0.14285714285714285 0.5 6 0.6666666666666666 0.16666666666666666 0.6 6 0.6666666666666666 0.16666666666666666 0.7 6 0.6666666666666666 0.16666666666666666 0.9 0 1 1
7 0.1 9 0.4444444444444444 0.1111111111111111 0.4 7 0.5714285714285714 0.14285714285714285 0.5 6 0.6666666666666666 0.16666666666666666 0.6 4 1.0 0.25 0.7 4 1.0 0.25 0.9 0 1 1
