26 0.1 0 1 1 0.4 0 1 1 0.5 0 1 1 0.6 0 1 1 0.7 0 1 1 0.9 0 1 1
26 0.1 0 1 1 0.4 0 1 1 0.5 0 1 1 0.6 0 1 1 0.7 0 1 1 0.9 0 1 1
26 0.1 0 1 1 0.4 0 1 1 0.5 0 1 1 0.6 0 1 1 0.7 0 1 1 0.9 0 1 1
26 0.1 2 0.0 0.0 0.4 0 1 1 0.5 0 1 1 0.6 0 1 1 0.7 0 1 1 0.9 0 1 1
26 0.1 6 0.0 0.0 0.4 0 1 1 0.5 0 1 1 0.6 0 1 1 0.7 0 1 1 0.9 0 1 1
26 0.1 164 0.08536585365853659 0.0 0.4 8 0.0 0.0 0.5 3 0.0 0.0 0.6 2 0.0 0.0 0.7 2 0.0 0.0 0.9 0 1 1
26 0.1 179 0.0782122905027933 0.0 0.4 7 0.14285714285714285 0.0 0.5 4 0.25 0.0 0.6 0 1 1 0.7 0 1 1 0.9 0 1 1
26 0.1 95 0.08421052631578947 0.0 0.4 6 0.0 0.0 0.5 0 1 1 0.6 0 1 1 0.7 0 1 1 0.9 0 1 1
26 0.1 494 0.05060728744939271 0.0 0.4 90 0.14444444444444443 0.0 0.5 56 0.17857142857142858 0.0 0.6 17 0.17647058823529413 0.0 0.7 4 0.0 0.0 0.9 0 1 1
26 0.1 587 0.044293015332197615 0.0 0.4 117 0.15384615384615385 0.0 0.5 63 0.19047619047619047 0.0 0.6 24 0.3333333333333333 0.0 0.7 1 0.0 0.0 0.9 0 1 1
26 0.1 548 0.04562043795620438 0.0 0.4 139 0.15827338129496402 0.0 0.5 93 0.20430107526881722 0.0 0.6 46 0.2826086956521739 0.0 0.7 4 0.0 0.0 0.9 0 1 1
26 0.1 319 0.07210031347962383 0.0 0.4 60 0.2833333333333333 0.0 0.5 27 0.37037037037037035 0.0 0.6 8 0.625 0.0 0.7 0 1 1 0.9 0 1 1
26 0.1 343 0.0728862973760933 0.0 0.4 81 0.2839506172839506 0.0 0.5 28 0.42857142857142855 0.0 0.6 6 0.5 0.0 0.7 1 0.0 0.0 0.9 0 1 1
26 0.1 366 0.06557377049180328 0.0 0.4 70 0.2857142857142857 0.0 0.5 31 0.3870967741935484 0.0 0.6 12 0.5833333333333334 0.0 0.7 2 1.0 0.0 0.9 0 1 1
26 0.1 195 0.10256410256410256 0.0 0.4 8 0.25 0.0 0.5 0 1 1 0.6 0 1 1 0.7 0 1 1 0.9 0 1 1
26 0.1 165 0.1393939393939394 0.0 0.4 32 0.59375 0.0 0.5 12 0.75 0.0 0.6 2 0.5 0.0 0.7 0 1 1 0.9 0 1 1
26 0.1 201 0.12437810945273632 0.0 0.4 63 0.31746031746031744 0.0 0.5 45 0.37777777777777777 0.0 0.6 31 0.45161290322580644 0.0 0.7 16 0.5625 0.0 0.9 0 1 1
26 0.1 262 0.0916030534351145 0.0 0.4 78 0.28205128205128205 0.0 0.5 56 0.35714285714285715 0.0 0.6 39 0.41025641025641024 0.0 0.7 21 0.6190476190476191 0.0 0.9 2 0.5 0.0
26 0.1 219 0.1095890410958904 0.0 0.4 54 0.35185185185185186 0.0 0.5 39 0.4358974358974359 0.0 0.6 21 0.47619047619047616 0.0 0.7 7 0.42857142857142855 0.0 0.9 0 1 1
26 0.1 190 0.12631578947368421 0.0 0.4 85 0.27058823529411763 0.0 0.5 66 0.30303030303030304 0.0 0.6 49 0.3673469387755102 0.0 0.7 25 0.36 0.0 0.9 0 1 1
26 0.1 103 0.21359223300970873 0.0 0.4 17 0.47058823529411764 0.0 0.5 3 1.0 0.0 0.6 0 1 1 0.7 0 1 1 0.9 0 1 1
26 0.1 180 0.13333333333333333 0.0 0.4 46 0.45652173913043476 0.0 0.5 21 0.42857142857142855 0.0 0.6 7 0.42857142857142855 0.0 0.7 1 1.0 0.0 0.9 0 1 1
26 0.1 338 0.07100591715976332 0.0 0.4 138 0.15942028985507245 0.0 0.5 113 0.18584070796460178 0.0 0.6 77 0.2597402597402597 0.0 0.7 57 0.3157894736842105 0.0 0.9 0 1 1
26 0.1 170 0.13529411764705881 0.0 0.4 68 0.27941176470588236 0.0 0.5 52 0.3269230769230769 0.0 0.6 37 0.43243243243243246 0.0 0.7 25 0.52 0.0 0.9 0 1 1
26 0.1 124 0.20161290322580644 0.0 0.4 46 0.5 0.0 0.5 37 0.5675675675675675 0.0 0.6 28 0.6785714285714286 0.0 0.7 17 0.7647058823529411 0.0 0.9 0 1 1
26 0.1 194 0.12886597938144329 0.0 0.4 78 0.3076923076923077 0.0 0.5 46 0.41304347826086957 0.0 0.6 18 0.5555555555555556 0.0 0.7 3 1.0 0.0 0.9 0 1 1
26 0.1 74 0.32432432432432434 0.0 0.4 40 0.475 0.0 0.5 29 0.4827586206896552 0.0 0.6 16 0.6875 0.0 0.7 9 0.5555555555555556 0.0 0.9 0 1 1
26 0.1 30 0.36666666666666664 0.0 0.4 8 0.625 0.0 0.5 3 0.6666666666666666 0.0 0.6 1 1.0 0.0 0.7 0 1 1 0.9 0 1 1
26 0.1 138 0.17391304347826086 0.0 0.4 86 0.2558139534883721 0.0 0.5 73 0.2876712328767123 0.0 0.6 56 0.3392857142857143 0.0 0.7 29 0.4827586206896552 0.0 0.9 0 1 1
26 0.1 147 0.1564625850340136 0.0 0.4 77 0.2727272727272727 0.0 0.5 65 0.3230769230769231 0.0 0.6 47 0.44680851063829785 0.0 0.7 36 0.5833333333333334 0.0 0.9 1 1.0 0.0
26 0.1 104 0.23076923076923078 0.0 0.4 59 0.3220338983050847 0.0 0.5 43 0.3953488372093023 0.0 0.6 29 0.4827586206896552 0.0 0.7 17 0.47058823529411764 0.0 0.9 0 1 1
26 0.1 49 0.42857142857142855 0.0 0.4 18 0.7777777777777778 0.0 0.5 14 0.8571428571428571 0.0 0.6 8 1.0 0.0 0.7 3 1.0 0.0 0.9 0 1 1
26 0.1 49 0.46938775510204084 0.0 0.4 25 0.8 0.0 0.5 19 0.7368421052631579 0.0 0.6 13 0.8461538461538461 0.0 0.7 11 0.8181818181818182 0.0 0.9 0 1 1
26 0.1 53 0.4339622641509434 0.0 0.4 21 0.8571428571428571 0.0 0.5 16 0.9375 0.0 0.6 15 0.9333333333333333 0.0 0.7 8 1.0 0.0 0.9 0 1 1
26 0.1 49 0.4897959183673469 0.0 0.4 30 0.7666666666666667 0.0 0.5 23 0.782608695652174 0.0 0.6 13 0.8461538461538461 0.0 0.7 6 0.8333333333333334 0.0 0.9 0 1 1
26 0.1 35 0.5428571428571428 0.0 0.4 10 0.8 0.0 0.5 6 0.8333333333333334 0.0 0.6 5 1.0 0.0 0.7 1 1.0 0.0 0.9 0 1 1
26 0.1 83 0.30120481927710846 0.0 0.4 41 0.5365853658536586 0.0 0.5 31 0.6451612903225806 0.0 0.6 21 0.7619047619047619 0.0 0.7 13 0.9230769230769231 0.0 0.9 0 1 1
26 0.1 84 0.2857142857142857 0.0 0.4 58 0.41379310344827586 0.0 0.5 42 0.5238095238095238 0.0 0.6 27 0.7037037037037037 0.0 0.7 16 0.875 0.0 0.9 0 1 1
26 0.1 93 0.22580645161290322 0.0 0.4 4 0.5 0.0 0.5 0 1 1 0.6 0 1 1 0.7 0 1 1 0.9 0 1 1
26 0.1 89 0.2696629213483146 0.0 0.4 37 0.5405405405405406 0.0 0.5 28 0.7142857142857143 0.0 0.6 20 0.8 0.0 0.7 13 0.9230769230769231 0.0 0.9 1 1.0 0.0
26 0.1 46 0.45652173913043476 0.0 0.4 25 0.64 0.0 0.5 23 0.6521739130434783 0.0 0.6 15 0.7333333333333333 0.0 0.7 10 0.6 0.0 0.9 0 1 1
26 0.1 57 0.42105263157894735 0.0 0.4 21 0.7619047619047619 0.0 0.5 16 0.8125 0.0 0.6 10 0.9 0.0 0.7 5 0.8 0.0 0.9 0 1 1
26 0.1 8 0.25 0.0 0.4 1 1.0 0.0 0.5 0 1 1 0.6 0 1 1 0.7 0 1 1 0.9 0 1 1
26 0.1 4 0.5 0.0 0.4 0 1 1 0.5 0 1 1 0.6 0 1 1 0.7 0 1 1 0.9 0 1 1
26 0.1 33 0.5151515151515151 0.0 0.4 12 0.8333333333333334 0.0 0.5 9 1.0 0.0 0.6 7 1.0 0.0 0.7 5 1.0 0.0 0.9 0 1 1
26 0.1 44 0.5227272727272727 0.0 0.4 24 0.7916666666666666 0.0 0.5 20 0.85 0.0 0.6 16 0.875 0.0 0.7 13 0.9230769230769231 0.0 0.9 3 1.0 0.0
26 0.1 50 0.44 0.0 0.4 23 0.6956521739130435 0.0 0.5 15 0.9333333333333333 0.0 0.6 14 1.0 0.0 0.7 13 1.0 0.0 0.9 0 1 1
26 0.1 32 0.375 0.0 0.4 6 1.0 0.0 0.5 4 1.0 0.0 0.6 3 1.0 0.0 0.7 0 1 1 0.9 0 1 1
26 0.1 46 0.5 0.0 0.4 15 0.9333333333333333 0.0 0.5 10 1.0 0.0 0.6 8 1.0 0.0 0.7 2 1.0 0.0 0.9 0 1 1
26 0.1 46 0.5217391304347826 0.0 0.4 22 0.8636363636363636 0.0 0.5 20 0.85 0.0 0.6 15 0.9333333333333333 0.0 0.7 11 1.0 0.0 0.9 0 1 1
26 0.1 53 0.4528301886792453 0.0 0.4 31 0.7741935483870968 0.0 0.5 26 0.8461538461538461 0.0 0.6 19 0.8947368421052632 0.0 0.7 15 0.8666666666666667 0.0 0.9 0 1 1
26 0.1 59 0.3898305084745763 0.0 0.4 26 0.7307692307692307 0.0 0.5 23 0.6956521739130435 0.0 0.6 13 0.9230769230769231 0.0 0.7 12 0.9166666666666666 0.0 0.9 0 1 1
26 0.1 55 0.43636363636363634 0.0 0.4 25 0.68 0.0 0.5 16 0.8125 0.0 0.6 8 1.0 0.0 0.7 0 1 1 0.9 0 1 1
26 0.1 51 0.3333333333333333 0.0 0.4 5 0.6 0.0 0.5 1 1.0 0.0 0.6 0 1 1 0.7 0 1 1 0.9 0 1 1
26 0.1 34 0.5294117647058824 0.058823529411764705 0.4 10 1.0 0.0 0.5 8 1.0 0.0 0.6 7 1.0 0.0 0.7 2 1.0 0.0 0.9 0 1 1
26 0.1 46 0.5434782608695652 0.0 0.4 29 0.6896551724137931 0.0 0.5 22 0.7727272727272727 0.0 0.6 16 0.9375 0.0 0.7 11 0.9090909090909091 0.0 0.9 0 1 1
26 0.1 37 0.6486486486486487 0.0 0.4 17 0.7647058823529411 0.0 0.5 12 1.0 0.0 0.6 9 1.0 0.0 0.7 5 1.0 0.0 0.9 0 1 1
26 0.1 48 0.5 0.0 0.4 31 0.7741935483870968 0.0 0.5 29 0.8275862068965517 0.0 0.6 25 0.84 0.0 0.7 18 0.8333333333333334 0.0 0.9 5 1.0 0.0
26 0.1 67 0.3582089552238806 0.0 0.4 35 0.6857142857142857 0.0 0.5 29 0.6896551724137931 0.0 0.6 23 0.782608695652174 0.0 0.7 15 0.8 0.0 0.9 0 1 1
26 0.1 62 0.3709677419354839 0.0 0.4 20 0.8 0.0 0.5 14 0.8571428571428571 0.0 0.6 8 0.875 0.0 0.7 3 1.0 0.0 0.9 0 1 1
26 0.1 50 0.5 0.0 0.4 33 0.7272727272727273 0.0 0.5 30 0.7666666666666667 0.0 0.6 25 0.88 0.0 0.7 15 1.0 0.0 0.9 2 1.0 0.0
26 0.1 84 0.2619047619047619 0.0 0.4 36 0.4444444444444444 0.0 0.5 23 0.6521739130434783 0.0 0.6 10 0.9 0.0 0.7 5 1.0 0.0 0.9 0 1 1
26 0.1 65 0.38461538461538464 0.0 0.4 39 0.5897435897435898 0.0 0.5 34 0.6764705882352942 0.0 0.6 29 0.6551724137931034 0.0 0.7 20 0.9 0.0 0.9 2 1.0 0.0
26 0.1 49 0.42857142857142855 0.0 0.4 21 0.7142857142857143 0.0 0.5 15 0.8 0.0 0.6 6 1.0 0.0 0.7 3 1.0 0.0 0.9 0 1 1
26 0.1 0 1 1 0.4 0 1 1 0.5 0 1 1 0.6 0 1 1 0.7 0 1 1 0.9 0 1 1
26 0.1 3 0.3333333333333333 0.0 0.4 0 1 1 0.5 0 1 1 0.6 0 1 1 0.7 0 1 1 0.9 0 1 1
26 0.1 55 0.0 0.0 0.4 0 1 1 0.5 0 1 1 0.6 0 1 1 0.7 0 1 1 0.9 0 1 1
26 0.1 24 0.16666666666666666 0.0 0.4 3 0.3333333333333333 0.0 0.5 0 1 1 0.6 0 1 1 0.7 0 1 1 0.9 0 1 1
26 0.1 27 0.0 0.0 0.4 0 1 1 0.5 0 1 1 0.6 0 1 1 0.7 0 1 1 0.9 0 1 1
26 0.1 0 1 1 0.4 0 1 1 0.5 0 1 1 0.6 0 1 1 0.7 0 1 1 0.9 0 1 1
26 0.1 0 1 1 0.4 0 1 1 0.5 0 1 1 0.6 0 1 1 0.7 0 1 1 0.9 0 1 1
26 0.1 0 1 1 0.4 0 1 1 0.5 0 1 1 0.6 0 1 1 0.7 0 1 1 0.9 0 1 1
26 0.1 0 1 1 0.4 0 1 1 0.5 0 1 1 0.6 0 1 1 0.7 0 1 1 0.9 0 1 1
26 0.1 25 0.4 0.0 0.4 3 0.6666666666666666 0.0 0.5 0 1 1 0.6 0 1 1 0.7 0 1 1 0.9 0 1 1
26 0.1 79 0.27848101265822783 0.0 0.4 24 0.6666666666666666 0.0 0.5 11 0.9090909090909091 0.0 0.6 6 0.8333333333333334 0.0 0.7 2 1.0 0.0 0.9 0 1 1
26 0.1 61 0.29508196721311475 0.0 0.4 9 0.6666666666666666 0.0 0.5 2 0.5 0.0 0.6 0 1 1 0.7 0 1 1 0.9 0 1 1
26 0.1 59 0.3389830508474576 0.0 0.4 6 0.8333333333333334 0.0 0.5 3 0.6666666666666666 0.0 0.6 2 0.5 0.0 0.7 0 1 1 0.9 0 1 1
26 0.1 36 0.3888888888888889 0.0 0.4 3 0.6666666666666666 0.0 0.5 1 0.0 0.0 0.6 1 0.0 0.0 0.7 1 0.0 0.0 0.9 0 1 1
26 0.1 111 0.1891891891891892 0.0 0.4 10 0.7 0.0 0.5 4 0.75 0.0 0.6 0 1 1 0.7 0 1 1 0.9 0 1 1
26 0.1 126 0.15873015873015872 0.0 0.4 8 0.75 0.0 0.5 2 1.0 0.0 0.6 1 1.0 0.0 0.7 0 1 1 0.9 0 1 1
26 0.1 61 0.32786885245901637 0.0 0.4 7 1.0 0.0 0.5 3 1.0 0.0 0.6 1 1.0 0.0 0.7 1 1.0 0.0 0.9 0 1 1
26 0.1 6 1.0 0.0 0.4 1 1.0 0.0 0.5 1 1.0 0.0 0.6 1 1.0 0.0 0.7 0 1 1 0.9 0 1 1
26 0.1 46 0.45652173913043476 0.0 0.4 10 1.0 0.0 0.5 6 1.0 0.0 0.6 5 1.0 0.0 0.7 0 1 1 0.9 0 1 1
26 0.1 47 0.5106382978723404 0.0 0.4 26 0.7692307692307693 0.0 0.5 19 1.0 0.0 0.6 18 1.0 0.0 0.7 9 1.0 0.0 0.9 0 1 1
26 0.1 17 0.35294117647058826 0.0 0.4 0 1 1 0.5 0 1 1 0.6 0 1 1 0.7 0 1 1 0.9 0 1 1
26 0.1 39 0.41025641025641024 0.0 0.4 4 1.0 0.0 0.5 0 1 1 0.6 0 1 1 0.7 0 1 1 0.9 0 1 1
26 0.1 82 0.2804878048780488 0.0 0.4 22 0.8636363636363636 0.0 0.5 18 1.0 0.0 0.6 13 1.0 0.0 0.7 8 1.0 0.0 0.9 0 1 1
26 0.1 139 0.1510791366906475 0.0 0.4 13 0.7692307692307693 0.0 0.5 3 0.6666666666666666 0.0 0.6 0 1 1 0.7 0 1 1 0.9 0 1 1
26 0.1 140 0.17142857142857143 0.0 0.4 23 0.6956521739130435 0.0 0.5 16 0.875 0.0 0.6 8 1.0 0.0 0.7 6 1.0 0.0 0.9 0 1 1
26 0.1 93 0.24731182795698925 0.0 0.4 9 0.6666666666666666 0.0 0.5 5 0.8 0.0 0.6 1 1.0 0.0 0.7 0 1 1 0.9 0 1 1
26 0.1 2 1.0 0.0 0.4 0 1 1 0.5 0 1 1 0.6 0 1 1 0.7 0 1 1 0.9 0 1 1
26 0.1 53 0.24528301886792453 0.0 0.4 6 0.5 0.0 0.5 5 0.6 0.0 0.6 1 1.0 0.0 0.7 0 1 1 0.9 0 1 1
26 0.1 102 0.21568627450980393 0.0 0.4 27 0.48148148148148145 0.0 0.5 16 0.625 0.0 0.6 7 0.7142857142857143 0.0 0.7 2 1.0 0.0 0.9 0 1 1
26 0.1 41 0.5365853658536586 0.0 0.4 10 0.9 0.0 0.5 7 0.8571428571428571 0.0 0.6 5 1.0 0.0 0.7 1 1.0 0.0 0.9 0 1 1
26 0.1 129 0.1937984496124031 0.0 0.4 21 0.7142857142857143 0.0 0.5 10 1.0 0.0 0.6 4 1.0 0.0 0.7 1 1.0 0.0 0.9 0 1 1
26 0.1 82 0.2682926829268293 0.0 0.4 20 0.85 0.0 0.5 13 0.9230769230769231 0.0 0.6 4 1.0 0.0 0.7 1 1.0 0.0 0.9 0 1 1
26 0.1 71 0.30985915492957744 0.014084507042253521 0.4 21 0.6190476190476191 0.047619047619047616 0.5 14 0.7142857142857143 0.07142857142857142 0.6 5 1.0 0.0 0.7 3 1.0 0.0 0.9 0 1 1
26 0.1 58 0.39655172413793105 0.0 0.4 24 0.75 0.0 0.5 18 0.7777777777777778 0.0 0.6 12 1.0 0.0 0.7 4 1.0 0.0 0.9 0 1 1
26 0.1 33 0.6666666666666666 0.0 0.4 10 1.0 0.0 0.5 4 1.0 0.0 0.6 3 1.0 0.0 0.7 1 1.0 0.0 0.9 0 1 1
26 0.1 28 0.75 0.0 0.4 12 1.0 0.0 0.5 9 1.0 0.0 0.6 6 1.0 0.0 0.7 3 1.0 0.0 0.9 0 1 1
26 0.1 49 0.46938775510204084 0.0 0.4 24 0.9166666666666666 0.0 0.5 20 0.95 0.0 0.6 18 0.9444444444444444 0.0 0.7 14 0.9285714285714286 0.0 0.9 0 1 1
26 0.1 78 0.24358974358974358 0.0 0.4 25 0.6 0.0 0.5 14 0.6428571428571429 0.0 0.6 4 0.75 0.0 0.7 0 1 1 0.9 0 1 1
26 0.1 73 0.1917808219178082 0.0 0.4 19 0.42105263157894735 0.0 0.5 6 0.8333333333333334 0.0 0.6 4 1.0 0.0 0.7 0 1 1 0.9 0 1 1
26 0.1 61 0.26229508196721313 0.0 0.4 27 0.48148148148148145 0.0 0.5 19 0.631578947368421 0.0 0.6 11 0.7272727272727273 0.0 0.7 5 1.0 0.0 0.9 0 1 1
26 0.1 54 0.2222222222222222 0.0 0.4 23 0.43478260869565216 0.0 0.5 18 0.5 0.0 0.6 14 0.5714285714285714 0.0 0.7 8 0.75 0.0 0.9 0 1 1
26 0.1 35 0.37142857142857144 0.0 0.4 18 0.6666666666666666 0.0 0.5 13 0.6153846153846154 0.0 0.6 9 0.6666666666666666 0.0 0.7 5 0.8 0.0 0.9 0 1 1
26 0.1 39 0.48717948717948717 0.0 0.4 11 0.9090909090909091 0.0 0.5 9 0.8888888888888888 0.0 0.6 4 1.0 0.0 0.7 1 1.0 0.0 0.9 0 1 1
26 0.1 7 0.42857142857142855 0.0 0.4 0 1 1 0.5 0 1 1 0.6 0 1 1 0.7 0 1 1 0.9 0 1 1
26 0.1 40 0.475 0.0 0.4 15 0.7333333333333333 0.0 0.5 11 0.9090909090909091 0.0 0.6 5 0.8 0.0 0.7 1 1.0 0.0 0.9 0 1 1
26 0.1 38 0.5789473684210527 0.0 0.4 17 1.0 0.0 0.5 16 1.0 0.0 0.6 14 1.0 0.0 0.7 6 1.0 0.0 0.9 0 1 1
26 0.1 42 0.5476190476190477 0.0 0.4 24 0.875 0.0 0.5 19 0.9473684210526315 0.0 0.6 12 1.0 0.0 0.7 7 1.0 0.0 0.9 0 1 1
26 0.1 43 0.5116279069767442 0.0 0.4 19 0.8947368421052632 0.0 0.5 17 1.0 0.0 0.6 16 1.0 0.0 0.7 9 1.0 0.0 0.9 0 1 1
26 0.1 36 0.6111111111111112 0.05555555555555555 0.4 19 0.9473684210526315 0.10526315789473684 0.5 17 1.0 0.11764705882352941 0.6 14 1.0 0.14285714285714285 0.7 11 1.0 0.18181818181818182 0.9 0 1 1
26 0.1 49 0.46938775510204084 0.0 0.4 21 0.9047619047619048 0.0 0.5 17 1.0 0.0 0.6 14 1.0 0.0 0.7 7 1.0 0.0 0.9 0 1 1
26 0.1 48 0.4583333333333333 0.0 0.4 23 0.8260869565217391 0.0 0.5 18 1.0 0.0 0.6 15 1.0 0.0 0.7 10 1.0 0.0 0.9 0 1 1
26 0.1 37 0.5945945945945946 0.0 0.4 21 0.9047619047619048 0.0 0.5 16 1.0 0.0 0.6 13 1.0 0.0 0.7 9 1.0 0.0 0.9 0 1 1
26 0.1 32 0.71875 0.03125 0.4 16 1.0 0.0625 0.5 16 1.0 0.0625 0.6 10 1.0 0.1 0.7 6 1.0 0.0 0.9 0 1 1
26 0.1 14 0.6428571428571429 0.0 0.4 5 0.8 0.0 0.5 3 1.0 0.0 0.6 0 1 1 0.7 0 1 1 0.9 0 1 1
26 0.1 38 0.6052631578947368 0.0 0.4 21 0.8571428571428571 0.0 0.5 17 1.0 0.0 0.6 14 1.0 0.0 0.7 12 1.0 0.0 0.9 0 1 1
26 0.1 36 0.6388888888888888 0.0 0.4 21 0.9523809523809523 0.0 0.5 20 0.95 0.0 0.6 17 1.0 0.0 0.7 14 1.0 0.0 0.9 0 1 1
26 0.1 34 0.6764705882352942 0.029411764705882353 0.4 23 0.9130434782608695 0.043478260869565216 0.5 20 0.9 0.05 0.6 15 1.0 0.06666666666666667 0.7 12 1.0 0.08333333333333333 0.9 0 1 1
26 0.1 25 0.76 0.0 0.4 17 0.9411764705882353 0.0 0.5 14 1.0 0.0 0.6 12 1.0 0.0 0.7 6 1.0 0.0 0.9 0 1 1
26 0.1 43 0.46511627906976744 0.0 0.4 25 0.64 0.0 0.5 22 0.6818181818181818 0.0 0.6 19 0.7894736842105263 0.0 0.7 15 0.8 0.0 0.9 0 1 1
26 0.1 38 0.631578947368421 0.02631578947368421 0.4 16 1.0 0.0625 0.5 15 1.0 0.06666666666666667 0.6 14 1.0 0.07142857142857142 0.7 12 1.0 0.08333333333333333 0.9 0 1 1
26 0.1 39 0.5897435897435898 0.0 0.4 20 0.9 0.0 0.5 16 1.0 0.0 0.6 15 1.0 0.0 0.7 10 1.0 0.0 0.9 0 1 1
26 0.1 57 0.43859649122807015 0.0 0.4 24 0.7916666666666666 0.0 0.5 16 0.9375 0.0 0.6 12 1.0 0.0 0.7 10 1.0 0.0 0.9 0 1 1
26 0.1 42 0.5714285714285714 0.0 0.4 25 0.84 0.0 0.5 19 0.9473684210526315 0.0 0.6 13 1.0 0.0 0.7 12 1.0 0.0 0.9 0 1 1
26 0.1 34 0.6764705882352942 0.029411764705882353 0.4 23 0.8260869565217391 0.043478260869565216 0.5 18 0.9444444444444444 0.05555555555555555 0.6 17 0.9411764705882353 0.058823529411764705 0.7 9 1.0 0.1111111111111111 0.9 0 1 1
26 0.1 86 0.26744186046511625 0.0 0.4 14 0.7142857142857143 0.0 0.5 9 0.8888888888888888 0.0 0.6 5 1.0 0.0 0.7 2 1.0 0.0 0.9 0 1 1
26 0.1 30 0.6666666666666666 0.0 0.4 13 0.9230769230769231 0.0 0.5 9 1.0 0.0 0.6 7 1.0 0.0 0.7 2 1.0 0.0 0.9 0 1 1
26 0.1 50 0.44 0.0 0.4 26 0.6923076923076923 0.0 0.5 20 0.75 0.0 0.6 12 0.9166666666666666 0.0 0.7 7 1.0 0.0 0.9 0 1 1
26 0.1 48 0.4583333333333333 0.0 0.4 23 0.8260869565217391 0.0 0.5 15 0.9333333333333333 0.0 0.6 14 0.9285714285714286 0.0 0.7 9 1.0 0.0 0.9 0 1 1
26 0.1 65 0.36923076923076925 0.015384615384615385 0.4 36 0.5833333333333334 0.027777777777777776 0.5 29 0.6551724137931034 0.034482758620689655 0.6 16 0.9375 0.0625 0.7 12 1.0 0.08333333333333333 0.9 0 1 1
26 0.1 74 0.33783783783783783 0.0 0.4 24 0.7083333333333334 0.0 0.5 16 0.875 0.0 0.6 12 1.0 0.0 0.7 6 1.0 0.0 0.9 0 1 1
26 0.1 30 0.7333333333333333 0.0 0.4 15 0.9333333333333333 0.0 0.5 13 1.0 0.0 0.6 12 1.0 0.0 0.7 8 1.0 0.0 0.9 0 1 1
26 0.1 36 0.6666666666666666 0.0 0.4 25 0.88 0.0 0.5 20 0.95 0.0 0.6 18 0.9444444444444444 0.0 0.7 15 1.0 0.0 0.9 1 1.0 0.0
26 0.1 35 0.6571428571428571 0.02857142857142857 0.4 23 0.8695652173913043 0.043478260869565216 0.5 21 0.9523809523809523 0.047619047619047616 0.6 20 1.0 0.05 0.7 17 1.0 0.058823529411764705 0.9 0 1 1
26 0.1 31 0.7419354838709677 0.0 0.4 25 0.88 0.0 0.5 23 0.9130434782608695 0.0 0.6 20 1.0 0.0 0.7 17 1.0 0.0 0.9 0 1 1
26 0.1 34 0.6764705882352942 0.0 0.4 25 0.92 0.0 0.5 22 1.0 0.0 0.6 18 1.0 0.0 0.7 17 1.0 0.0 0.9 0 1 1
26 0.1 34 0.6764705882352942 0.0 0.4 25 0.84 0.0 0.5 20 0.95 0.0 0.6 17 1.0 0.0 0.7 14 1.0 0.0 0.9 0 1 1
26 0.1 41 0.5609756097560976 0.024390243902439025 0.4 25 0.84 0.04 0.5 24 0.875 0.041666666666666664 0.6 18 1.0 0.05555555555555555 0.7 14 1.0 0.07142857142857142 0.9 0 1 1
26 0.1 49 0.4897959183673469 0.0 0.4 27 0.8518518518518519 0.0 0.5 24 0.9166666666666666 0.0 0.6 18 1.0 0.0 0.7 18 1.0 0.0 0.9 0 1 1
26 0.1 35 0.6571428571428571 0.02857142857142857 0.4 26 0.8846153846153846 0.038461538461538464 0.5 23 0.9565217391304348 0.043478260869565216 0.6 19 1.0 0.05263157894736842 0.7 17 1.0 0.058823529411764705 0.9 0 1 1
26 0.1 30 0.7666666666666667 0.0 0.4 22 0.9090909090909091 0.0 0.5 20 0.95 0.0 0.6 18 1.0 0.0 0.7 13 1.0 0.0 0.9 0 1 1
26 0.1 30 0.7666666666666667 0.0 0.4 22 0.9090909090909091 0.0 0.5 20 0.9 0.0 0.6 16 1.0 0.0 0.7 14 1.0 0.0 0.9 0 1 1
26 0.1 23 0.9130434782608695 0.0 0.4 15 0.9333333333333333 0.0 0.5 12 1.0 0.0 0.6 11 1.0 0.0 0.7 10 1.0 0.0 0.9 0 1 1
26 0.1 35 0.6285714285714286 0.0 0.4 18 0.9444444444444444 0.0 0.5 17 0.9411764705882353 0.0 0.6 14 1.0 0.0 0.7 11 1.0 0.0 0.9 0 1 1
26 0.1 35 0.6571428571428571 0.02857142857142857 0.4 19 0.8947368421052632 0.05263157894736842 0.5 18 0.9444444444444444 0.05555555555555555 0.6 16 1.0 0.0625 0.7 14 1.0 0.07142857142857142 0.9 0 1 1
26 0.1 30 0.7333333333333333 0.0 0.4 23 0.8695652173913043 0.0 0.5 21 0.9047619047619048 0.0 0.6 18 1.0 0.0 0.7 14 1.0 0.0 0.9 0 1 1
26 0.1 29 0.7586206896551724 0.0 0.4 18 0.9444444444444444 0.0 0.5 15 0.9333333333333333 0.0 0.6 11 1.0 0.0 0.7 10 1.0 0.0 0.9 0 1 1
26 0.1 33 0.696969696969697 0.0 0.4 21 0.8095238095238095 0.0 0.5 19 0.8947368421052632 0.0 0.6 13 1.0 0.0 0.7 12 1.0 0.0 0.9 0 1 1
26 0.1 41 0.5609756097560976 0.0 0.4 27 0.7777777777777778 0.0 0.5 27 0.7777777777777778 0.0 0.6 19 0.9473684210526315 0.0 0.7 15 1.0 0.0 0.9 0 1 1
26 0.1 44 0.5454545454545454 0.022727272727272728 0.4 25 0.8 0.04 0.5 23 0.8695652173913043 0.043478260869565216 0.6 19 1.0 0.05263157894736842 0.7 18 1.0 0.05555555555555555 0.9 0 1 1
26 0.1 38 0.5789473684210527 0.05263157894736842 0.4 22 0.9090909090909091 0.09090909090909091 0.5 19 0.9473684210526315 0.10526315789473684 0.6 18 1.0 0.1111111111111111 0.7 15 1.0 0.13333333333333333 0.9 0 1 1
26 0.1 36 0.6666666666666666 0.0 0.4 28 0.7857142857142857 0.0 0.5 25 0.88 0.0 0.6 21 0.9047619047619048 0.0 0.7 17 1.0 0.0 0.9 1 1.0 0.0
26 0.1 31 0.7096774193548387 0.0 0.4 24 0.7916666666666666 0.0 0.5 21 0.8571428571428571 0.0 0.6 18 0.8888888888888888 0.0 0.7 14 1.0 0.0 0.9 0 1 1
26 0.1 29 0.7586206896551724 0.0 0.4 24 0.8333333333333334 0.0 0.5 17 0.8823529411764706 0.0 0.6 15 1.0 0.0 0.7 13 1.0 0.0 0.9 0 1 1
26 0.1 25 0.84 0.08 0.4 19 0.9473684210526315 0.10526315789473684 0.5 15 1.0 0.13333333333333333 0.6 12 1.0 0.08333333333333333 0.7 11 1.0 0.09090909090909091 0.9 0 1 1
26 0.1 60 0.4166666666666667 0.016666666666666666 0.4 21 0.8095238095238095 0.047619047619047616 0.5 19 0.8947368421052632 0.05263157894736842 0.6 14 1.0 0.07142857142857142 0.7 12 1.0 0.08333333333333333 0.9 0 1 1
26 0.1 30 0.7333333333333333 0.03333333333333333 0.4 21 0.8571428571428571 0.047619047619047616 0.5 16 0.9375 0.0625 0.6 15 1.0 0.06666666666666667 0.7 14 1.0 0.07142857142857142 0.9 0 1 1
26 0.1 30 0.7 0.0 0.4 25 0.8 0.0 0.5 22 0.8636363636363636 0.0 0.6 16 1.0 0.0 0.7 15 1.0 0.0 0.9 0 1 1
26 0.1 31 0.7419354838709677 0.0 0.4 22 0.8181818181818182 0.0 0.5 18 1.0 0.0 0.6 17 1.0 0.0 0.7 12 1.0 0.0 0.9 0 1 1
26 0.1 33 0.6666666666666666 0.0 0.4 24 0.8333333333333334 0.0 0.5 22 0.8181818181818182 0.0 0.6 18 0.9444444444444444 0.0 0.7 14 1.0 0.0 0.9 0 1 1
26 0.1 28 0.75 0.0 0.4 17 0.9411764705882353 0.0 0.5 15 1.0 0.0 0.6 14 1.0 0.0 0.7 11 1.0 0.0 0.9 0 1 1
26 0.1 33 0.696969696969697 0.0 0.4 21 0.9523809523809523 0.0 0.5 19 0.9473684210526315 0.0 0.6 16 1.0 0.0 0.7 16 1.0 0.0 0.9 0 1 1
26 0.1 38 0.6052631578947368 0.0 0.4 25 0.88 0.0 0.5 21 0.9047619047619048 0.0 0.6 19 0.9473684210526315 0.0 0.7 13 1.0 0.0 0.9 0 1 1
26 0.1 36 0.6388888888888888 0.08333333333333333 0.4 20 0.95 0.15 0.5 17 1.0 0.17647058823529413 0.6 15 1.0 0.2 0.7 13 1.0 0.15384615384615385 0.9 0 1 1
26 0.1 33 0.696969696969697 0.030303030303030304 0.4 23 0.8695652173913043 0.043478260869565216 0.5 19 0.9473684210526315 0.05263157894736842 0.6 15 1.0 0.06666666666666667 0.7 14 1.0 0.07142857142857142 0.9 0 1 1
26 0.1 35 0.6571428571428571 0.0 0.4 22 0.8636363636363636 0.0 0.5 18 0.8888888888888888 0.0 0.6 14 1.0 0.0 0.7 13 1.0 0.0 0.9 0 1 1
26 0.1 28 0.8214285714285714 0.0 0.4 19 0.8421052631578947 0.0 0.5 15 0.8666666666666667 0.0 0.6 13 1.0 0.0 0.7 10 1.0 0.0 0.9 0 1 1
26 0.1 30 0.7666666666666667 0.06666666666666667 0.4 22 0.9090909090909091 0.09090909090909091 0.5 19 0.8947368421052632 0.10526315789473684 0.6 14 1.0 0.14285714285714285 0.7 11 1.0 0.18181818181818182 0.9 0 1 1
26 0.1 27 0.7777777777777778 0.0 0.4 20 0.9 0.0 0.5 17 0.9411764705882353 0.0 0.6 13 1.0 0.0 0.7 10 1.0 0.0 0.9 0 1 1
26 0.1 31 0.7419354838709677 0.0 0.4 20 0.9 0.0 0.5 17 0.9411764705882353 0.0 0.6 16 1.0 0.0 0.7 16 1.0 0.0 0.9 0 1 1
26 0.1 30 0.7 0.0 0.4 20 0.8 0.0 0.5 17 0.9411764705882353 0.0 0.6 16 0.9375 0.0 0.7 15 1.0 0.0 0.9 0 1 1
26 0.1 32 0.6875 0.0 0.4 21 0.9047619047619048 0.0 0.5 17 0.9411764705882353 0.0 0.6 17 0.9411764705882353 0.0 0.7 16 1.0 0.0 0.9 0 1 1
26 0.1 31 0.7096774193548387 0.0 0.4 23 0.782608695652174 0.0 0.5 19 0.8421052631578947 0.0 0.6 18 0.8888888888888888 0.0 0.7 16 1.0 0.0 0.9 0 1 1
26 0.1 31 0.7096774193548387 0.0 0.4 24 0.8333333333333334 0.0 0.5 22 0.8636363636363636 0.0 0.6 21 0.9047619047619048 0.0 0.7 18 0.9444444444444444 0.0 0.9 0 1 1
26 0.1 31 0.6774193548387096 0.0 0.4 17 0.9411764705882353 0.0 0.5 17 0.9411764705882353 0.0 0.6 15 1.0 0.0 0.7 15 1.0 0.0 0.9 0 1 1
26 0.1 31 0.7096774193548387 0.0 0.4 19 0.8947368421052632 0.0 0.5 16 0.9375 0.0 0.6 16 0.9375 0.0 0.7 15 0.9333333333333333 0.0 0.9 0 1 1
26 0.1 35 0.6571428571428571 0.0 0.4 22 0.8636363636363636 0.0 0.5 19 0.8947368421052632 0.0 0.6 18 0.9444444444444444 0.0 0.7 15 1.0 0.0 0.9 0 1 1
26 0.1 37 0.6486486486486487 0.02702702702702703 0.4 27 0.7777777777777778 0.037037037037037035 0.5 25 0.8 0.04 0.6 23 0.8260869565217391 0.0 0.7 19 0.8947368421052632 0.0 0.9 2 1.0 0.0
26 0.1 29 0.6896551724137931 0.034482758620689655 0.4 21 0.8571428571428571 0.0 0.5 19 0.8421052631578947 0.0 0.6 18 0.8888888888888888 0.0 0.7 17 0.9411764705882353 0.0 0.9 0 1 1
26 0.1 36 0.6388888888888888 0.027777777777777776 0.4 25 0.8 0.04 0.5 23 0.8260869565217391 0.043478260869565216 0.6 21 0.8571428571428571 0.047619047619047616 0.7 19 0.8947368421052632 0.05263157894736842 0.9 1 1.0 0.0
26 0.1 34 0.6176470588235294 0.029411764705882353 0.4 21 0.8571428571428571 0.047619047619047616 0.5 18 0.8333333333333334 0.05555555555555555 0.6 18 0.8333333333333334 0.05555555555555555 0.7 16 0.9375 0.0625 0.9 1 1.0 0.0
26 0.1 29 0.6896551724137931 0.0 0.4 19 0.8421052631578947 0.0 0.5 19 0.8421052631578947 0.0 0.6 18 0.8888888888888888 0.0 0.7 16 0.9375 0.0 0.9 1 1.0 0.0
26 0.1 31 0.7741935483870968 0.0967741935483871 0.4 21 0.8571428571428571 0.09523809523809523 0.5 21 0.8571428571428571 0.09523809523809523 0.6 21 0.8571428571428571 0.09523809523809523 0.7 19 0.8947368421052632 0.10526315789473684 0.9 0 1 1
26 0.1 32 0.71875 0.0625 0.4 22 0.8636363636363636 0.09090909090909091 0.5 21 0.8571428571428571 0.047619047619047616 0.6 20 0.9 0.05 0.7 17 0.9411764705882353 0.058823529411764705 0.9 0 1 1
26 0.1 27 0.8148148148148148 0.0 0.4 23 0.8695652173913043 0.0 0.5 22 0.8636363636363636 0.0 0.6 22 0.8636363636363636 0.0 0.7 17 1.0 0.0 0.9 0 1 1
26 0.1 30 0.7666666666666667 0.0 0.4 22 0.8636363636363636 0.0 0.5 20 0.85 0.0 0.6 18 0.8333333333333334 0.0 0.7 16 0.9375 0.0 0.9 0 1 1
26 0.1 29 0.7586206896551724 0.0 0.4 21 0.8571428571428571 0.0 0.5 19 0.8421052631578947 0.0 0.6 17 0.9411764705882353 0.0 0.7 16 0.9375 0.0 0.9 0 1 1
26 0.1 32 0.6875 0.0 0.4 23 0.8260869565217391 0.0 0.5 21 0.8571428571428571 0.0 0.6 19 0.8947368421052632 0.0 0.7 17 1.0 0.0 0.9 0 1 1
26 0.1 37 0.6216216216216216 0.02702702702702703 0.4 23 0.8695652173913043 0.043478260869565216 0.5 21 0.9047619047619048 0.047619047619047616 0.6 19 0.9473684210526315 0.05263157894736842 0.7 17 0.9411764705882353 0.058823529411764705 0.9 1 1.0 0.0
26 0.1 35 0.6285714285714286 0.02857142857142857 0.4 21 0.8095238095238095 0.047619047619047616 0.5 19 0.7894736842105263 0.05263157894736842 0.6 17 0.8823529411764706 0.058823529411764705 0.7 15 1.0 0.06666666666666667 0.9 1 1.0 0.0
26 0.1 33 0.696969696969697 0.030303030303030304 0.4 23 0.8260869565217391 0.043478260869565216 0.5 23 0.8260869565217391 0.043478260869565216 0.6 22 0.8636363636363636 0.045454545454545456 0.7 18 0.9444444444444444 0.05555555555555555 0.9 1 1.0 0.0
26 0.1 32 0.6875 0.03125 0.4 23 0.782608695652174 0.043478260869565216 0.5 23 0.782608695652174 0.043478260869565216 0.6 22 0.8181818181818182 0.045454545454545456 0.7 20 0.85 0.05 0.9 1 1.0 0.0
26 0.1 33 0.696969696969697 0.12121212121212122 0.4 25 0.8 0.16 0.5 23 0.782608695652174 0.17391304347826086 0.6 21 0.8571428571428571 0.19047619047619047 0.7 20 0.9 0.2 0.9 1 1.0 0.0
26 0.1 36 0.6388888888888888 0.08333333333333333 0.4 24 0.8333333333333334 0.125 0.5 24 0.8333333333333334 0.125 0.6 21 0.8571428571428571 0.14285714285714285 0.7 19 0.9473684210526315 0.15789473684210525 0.9 3 1.0 0.6666666666666666
26 0.1 31 0.6774193548387096 0.06451612903225806 0.4 22 0.8636363636363636 0.09090909090909091 0.5 20 0.9 0.1 0.6 19 0.8947368421052632 0.10526315789473684 0.7 18 0.9444444444444444 0.1111111111111111 0.9 2 1.0 0.0
26 0.1 30 0.7333333333333333 0.0 0.4 19 0.9473684210526315 0.0 0.5 18 0.9444444444444444 0.0 0.6 16 1.0 0.0 0.7 14 1.0 0.0 0.9 0 1 1
26 0.1 35 0.6 0.0 0.4 22 0.8636363636363636 0.0 0.5 18 0.9444444444444444 0.0 0.6 16 0.9375 0.0 0.7 14 1.0 0.0 0.9 0 1 1
26 0.1 33 0.6363636363636364 0.0 0.4 25 0.8 0.0 0.5 22 0.9090909090909091 0.0 0.6 19 0.9473684210526315 0.0 0.7 15 0.9333333333333333 0.0 0.9 0 1 1
26 0.1 28 0.75 0.0 0.4 26 0.8076923076923077 0.0 0.5 22 0.8636363636363636 0.0 0.6 20 0.9 0.0 0.7 17 0.9411764705882353 0.0 0.9 0 1 1
26 0.1 28 0.7857142857142857 0.0 0.4 24 0.8333333333333334 0.0 0.5 23 0.8260869565217391 0.0 0.6 21 0.9047619047619048 0.0 0.7 20 0.9 0.0 0.9 0 1 1
26 0.1 29 0.7241379310344828 0.0 0.4 23 0.8260869565217391 0.0 0.5 22 0.8636363636363636 0.0 0.6 21 0.8571428571428571 0.0 0.7 19 0.8947368421052632 0.0 0.9 0 1 1
26 0.1 31 0.6774193548387096 0.0 0.4 22 0.8181818181818182 0.0 0.5 21 0.8095238095238095 0.0 0.6 20 0.8 0.0 0.7 18 0.8888888888888888 0.0 0.9 0 1 1
26 0.1 32 0.71875 0.0 0.4 22 0.8636363636363636 0.0 0.5 21 0.8571428571428571 0.0 0.6 20 0.9 0.0 0.7 18 1.0 0.0 0.9 0 1 1
26 0.1 26 0.7307692307692307 0.0 0.4 19 0.8421052631578947 0.0 0.5 19 0.8421052631578947 0.0 0.6 19 0.8421052631578947 0.0 0.7 15 1.0 0.0 0.9 0 1 1
26 0.1 27 0.7777777777777778 0.0 0.4 22 0.7727272727272727 0.0 0.5 20 0.85 0.0 0.6 20 0.85 0.0 0.7 18 0.9444444444444444 0.0 0.9 0 1 1
26 0.1 30 0.7333333333333333 0.0 0.4 25 0.8 0.0 0.5 22 0.8636363636363636 0.0 0.6 21 0.8571428571428571 0.0 0.7 19 0.8947368421052632 0.0 0.9 1 1.0 0.0
26 0.1 27 0.7407407407407407 0.0 0.4 20 0.9 0.0 0.5 20 0.9 0.0 0.6 18 0.9444444444444444 0.0 0.7 17 0.9411764705882353 0.0 0.9 1 1.0 0.0
26 0.1 28 0.6785714285714286 0.0 0.4 16 0.9375 0.0 0.5 15 0.9333333333333333 0.0 0.6 13 1.0 0.0 0.7 10 1.0 0.0 0.9 0 1 1
26 0.1 32 0.6875 0.0 0.4 27 0.8148148148148148 0.0 0.5 25 0.8 0.0 0.6 21 0.8571428571428571 0.0 0.7 21 0.8571428571428571 0.0 0.9 0 1 1
26 0.1 34 0.6764705882352942 0.0 0.4 25 0.84 0.0 0.5 22 0.8636363636363636 0.0 0.6 21 0.9047619047619048 0.0 0.7 16 1.0 0.0 0.9 0 1 1
26 0.1 31 0.7419354838709677 0.0 0.4 25 0.8 0.0 0.5 23 0.8260869565217391 0.0 0.6 21 0.8571428571428571 0.0 0.7 20 0.85 0.0 0.9 0 1 1
26 0.1 27 0.7777777777777778 0.0 0.4 21 0.8571428571428571 0.0 0.5 21 0.8571428571428571 0.0 0.6 19 0.8947368421052632 0.0 0.7 19 0.8947368421052632 0.0 0.9 0 1 1
26 0.1 28 0.75 0.03571428571428571 0.4 26 0.7692307692307693 0.038461538461538464 0.5 21 0.8571428571428571 0.047619047619047616 0.6 20 0.9 0.05 0.7 19 0.9473684210526315 0.05263157894736842 0.9 1 1.0 0.0
26 0.1 30 0.7 0.03333333333333333 0.4 26 0.8076923076923077 0.038461538461538464 0.5 23 0.8695652173913043 0.043478260869565216 0.6 20 0.95 0.05 0.7 18 0.9444444444444444 0.05555555555555555 0.9 1 1.0 0.0
26 0.1 30 0.7 0.0 0.4 21 0.8095238095238095 0.0 0.5 21 0.8095238095238095 0.0 0.6 19 0.8947368421052632 0.0 0.7 18 0.8888888888888888 0.0 0.9 0 1 1
26 0.1 35 0.6571428571428571 0.0 0.4 24 0.8333333333333334 0.0 0.5 21 0.9047619047619048 0.0 0.6 19 0.9473684210526315 0.0 0.7 17 0.9411764705882353 0.0 0.9 0 1 1
26 0.1 31 0.7419354838709677 0.0 0.4 26 0.8461538461538461 0.0 0.5 21 0.8571428571428571 0.0 0.6 20 0.9 0.0 0.7 17 0.9411764705882353 0.0 0.9 0 1 1
26 0.1 30 0.7 0.0 0.4 22 0.8181818181818182 0.0 0.5 20 0.85 0.0 0.6 17 0.8823529411764706 0.0 0.7 16 0.9375 0.0 0.9 0 1 1
26 0.1 33 0.696969696969697 0.030303030303030304 0.4 27 0.7777777777777778 0.037037037037037035 0.5 25 0.84 0.04 0.6 23 0.8260869565217391 0.043478260869565216 0.7 21 0.9047619047619048 0.047619047619047616 0.9 0 1 1
26 0.1 30 0.6666666666666666 0.0 0.4 20 0.85 0.0 0.5 17 0.8823529411764706 0.0 0.6 17 0.8823529411764706 0.0 0.7 14 1.0 0.0 0.9 0 1 1
26 0.1 32 0.71875 0.09375 0.4 27 0.7777777777777778 0.1111111111111111 0.5 25 0.76 0.12 0.6 22 0.7727272727272727 0.13636363636363635 0.7 19 0.8947368421052632 0.15789473684210525 0.9 1 1.0 0.0
26 0.1 31 0.6774193548387096 0.0 0.4 21 0.8095238095238095 0.0 0.5 20 0.85 0.0 0.6 20 0.85 0.0 0.7 18 0.8888888888888888 0.0 0.9 0 1 1
26 0.1 34 0.6764705882352942 0.029411764705882353 0.4 27 0.7407407407407407 0.037037037037037035 0.5 25 0.8 0.04 0.6 21 0.8571428571428571 0.047619047619047616 0.7 19 0.9473684210526315 0.05263157894736842 0.9 0 1 1
26 0.1 32 0.6875 0.0 0.4 22 0.7727272727272727 0.0 0.5 19 0.7894736842105263 0.0 0.6 18 0.7777777777777778 0.0 0.7 17 0.8235294117647058 0.0 0.9 0 1 1
26 0.1 32 0.71875 0.0 0.4 26 0.8076923076923077 0.0 0.5 24 0.8333333333333334 0.0 0.6 20 0.8 0.0 0.7 19 0.8421052631578947 0.0 0.9 0 1 1
26 0.1 31 0.7419354838709677 0.0 0.4 25 0.84 0.0 0.5 25 0.84 0.0 0.6 22 0.8636363636363636 0.0 0.7 20 0.9 0.0 0.9 0 1 1
26 0.1 32 0.65625 0.0 0.4 23 0.8260869565217391 0.0 0.5 22 0.8181818181818182 0.0 0.6 22 0.8181818181818182 0.0 0.7 18 0.9444444444444444 0.0 0.9 0 1 1
26 0.1 30 0.7333333333333333 0.06666666666666667 0.4 26 0.8076923076923077 0.07692307692307693 0.5 23 0.8695652173913043 0.08695652173913043 0.6 21 0.9047619047619048 0.09523809523809523 0.7 19 0.9473684210526315 0.10526315789473684 0.9 0 1 1
26 0.1 33 0.6666666666666666 0.0 0.4 26 0.8076923076923077 0.0 0.5 25 0.84 0.0 0.6 23 0.8695652173913043 0.0 0.7 20 0.9 0.0 0.9 0 1 1
26 0.1 31 0.7419354838709677 0.03225806451612903 0.4 25 0.8 0.04 0.5 22 0.8636363636363636 0.045454545454545456 0.6 19 0.8947368421052632 0.0 0.7 18 0.9444444444444444 0.0 0.9 0 1 1
26 0.1 36 0.5833333333333334 0.0 0.4 25 0.72 0.0 0.5 20 0.85 0.0 0.6 19 0.8421052631578947 0.0 0.7 16 0.875 0.0 0.9 1 1.0 0.0
26 0.1 31 0.6451612903225806 0.0 0.4 21 0.8095238095238095 0.0 0.5 19 0.8421052631578947 0.0 0.6 18 0.8333333333333334 0.0 0.7 15 0.8666666666666667 0.0 0.9 0 1 1
26 0.1 30 0.7 0.0 0.4 19 0.8421052631578947 0.0 0.5 17 0.8823529411764706 0.0 0.6 13 1.0 0.0 0.7 12 1.0 0.0 0.9 0 1 1
26 0.1 32 0.625 0.0 0.4 24 0.75 0.0 0.5 23 0.782608695652174 0.0 0.6 22 0.8181818181818182 0.0 0.7 19 0.8421052631578947 0.0 0.9 0 1 1
26 0.1 31 0.6451612903225806 0.0 0.4 22 0.8181818181818182 0.0 0.5 18 0.8888888888888888 0.0 0.6 14 0.9285714285714286 0.0 0.7 12 1.0 0.0 0.9 0 1 1
26 0.1 26 0.7692307692307693 0.0 0.4 19 0.8421052631578947 0.0 0.5 17 0.8823529411764706 0.0 0.6 16 0.875 0.0 0.7 15 0.9333333333333333 0.0 0.9 0 1 1
26 0.1 32 0.6875 0.0 0.4 22 0.7727272727272727 0.0 0.5 21 0.7619047619047619 0.0 0.6 19 0.7894736842105263 0.0 0.7 18 0.8333333333333334 0.0 0.9 1 1.0 0.0
26 0.1 29 0.7241379310344828 0.0 0.4 21 0.8095238095238095 0.0 0.5 20 0.8 0.0 0.6 18 0.8333333333333334 0.0 0.7 15 0.9333333333333333 0.0 0.9 0 1 1
26 0.1 29 0.7241379310344828 0.0 0.4 18 0.8333333333333334 0.0 0.5 16 0.875 0.0 0.6 13 0.8461538461538461 0.0 0.7 11 1.0 0.0 0.9 0 1 1
26 0.1 32 0.6875 0.0 0.4 26 0.7692307692307693 0.0 0.5 23 0.8260869565217391 0.0 0.6 23 0.8260869565217391 0.0 0.7 18 0.8888888888888888 0.0 0.9 1 1.0 0.0
26 0.1 29 0.7241379310344828 0.034482758620689655 0.4 20 0.9 0.05 0.5 18 0.9444444444444444 0.0 0.6 18 0.9444444444444444 0.0 0.7 16 1.0 0.0 0.9 0 1 1
26 0.1 31 0.6774193548387096 0.0967741935483871 0.4 26 0.7307692307692307 0.11538461538461539 0.5 26 0.7307692307692307 0.11538461538461539 0.6 25 0.72 0.12 0.7 19 0.8947368421052632 0.15789473684210525 0.9 1 1.0 0.0
26 0.1 30 0.7 0.03333333333333333 0.4 24 0.7916666666666666 0.041666666666666664 0.5 22 0.8181818181818182 0.045454545454545456 0.6 20 0.85 0.05 0.7 19 0.8947368421052632 0.05263157894736842 0.9 2 1.0 0.0
26 0.1 28 0.75 0.0 0.4 25 0.8 0.0 0.5 22 0.7727272727272727 0.0 0.6 20 0.8 0.0 0.7 19 0.8421052631578947 0.0 0.9 0 1 1
26 0.1 31 0.7096774193548387 0.03225806451612903 0.4 25 0.8 0.04 0.5 24 0.8333333333333334 0.041666666666666664 0.6 22 0.8636363636363636 0.045454545454545456 0.7 19 0.8947368421052632 0.05263157894736842 0.9 0 1 1
26 0.1 32 0.6875 0.0 0.4 27 0.8148148148148148 0.0 0.5 23 0.8260869565217391 0.0 0.6 23 0.8260869565217391 0.0 0.7 19 0.8947368421052632 0.0 0.9 0 1 1
26 0.1 32 0.6875 0.03125 0.4 26 0.8076923076923077 0.038461538461538464 0.5 24 0.8333333333333334 0.041666666666666664 0.6 23 0.8260869565217391 0.043478260869565216 0.7 20 0.9 0.05 0.9 2 1.0 0.0
26 0.1 34 0.6764705882352942 0.08823529411764706 0.4 24 0.7916666666666666 0.125 0.5 22 0.8181818181818182 0.13636363636363635 0.6 21 0.8095238095238095 0.14285714285714285 0.7 19 0.8421052631578947 0.10526315789473684 0.9 3 1.0 0.3333333333333333
26 0.1 33 0.6666666666666666 0.030303030303030304 0.4 22 0.8181818181818182 0.045454545454545456 0.5 22 0.8181818181818182 0.045454545454545456 0.6 19 0.8421052631578947 0.0 0.7 18 0.8888888888888888 0.0 0.9 3 1.0 0.0
26 0.1 35 0.6285714285714286 0.0 0.4 23 0.782608695652174 0.0 0.5 22 0.8181818181818182 0.0 0.6 22 0.8181818181818182 0.0 0.7 20 0.85 0.0 0.9 0 1 1
26 0.1 30 0.7 0.0 0.4 24 0.7916666666666666 0.0 0.5 22 0.7727272727272727 0.0 0.6 20 0.8 0.0 0.7 18 0.8888888888888888 0.0 0.9 0 1 1
26 0.1 35 0.6571428571428571 0.0 0.4 25 0.8 0.0 0.5 23 0.8260869565217391 0.0 0.6 22 0.8181818181818182 0.0 0.7 19 0.8947368421052632 0.0 0.9 0 1 1
26 0.1 32 0.6875 0.0 0.4 25 0.76 0.0 0.5 22 0.8181818181818182 0.0 0.6 21 0.8571428571428571 0.0 0.7 17 0.9411764705882353 0.0 0.9 0 1 1
26 0.1 34 0.6470588235294118 0.0 0.4 25 0.8 0.0 0.5 24 0.8333333333333334 0.0 0.6 23 0.8695652173913043 0.0 0.7 19 0.9473684210526315 0.0 0.9 0 1 1
26 0.1 34 0.6764705882352942 0.029411764705882353 0.4 26 0.7692307692307693 0.038461538461538464 0.5 25 0.8 0.04 0.6 24 0.8333333333333334 0.041666666666666664 0.7 21 0.9047619047619048 0.047619047619047616 0.9 1 1.0 0.0
26 0.1 32 0.71875 0.03125 0.4 26 0.8076923076923077 0.038461538461538464 0.5 24 0.875 0.041666666666666664 0.6 22 0.8636363636363636 0.045454545454545456 0.7 20 0.85 0.05 0.9 0 1 1
26 0.1 33 0.696969696969697 0.0 0.4 25 0.84 0.0 0.5 25 0.84 0.0 0.6 22 0.9090909090909091 0.0 0.7 20 0.95 0.0 0.9 0 1 1
26 0.1 30 0.7 0.0 0.4 26 0.7307692307692307 0.0 0.5 22 0.8636363636363636 0.0 0.6 18 0.9444444444444444 0.0 0.7 17 1.0 0.0 0.9 0 1 1
26 0.1 30 0.7333333333333333 0.0 0.4 25 0.76 0.0 0.5 21 0.8571428571428571 0.0 0.6 20 0.9 0.0 0.7 18 1.0 0.0 0.9 2 1.0 0.0
26 0.1 31 0.7419354838709677 0.06451612903225806 0.4 26 0.8076923076923077 0.07692307692307693 0.5 24 0.875 0.08333333333333333 0.6 22 0.8636363636363636 0.09090909090909091 0.7 18 1.0 0.1111111111111111 0.9 2 1.0 0.0
26 0.1 35 0.6571428571428571 0.05714285714285714 0.4 25 0.8 0.08 0.5 23 0.8695652173913043 0.08695652173913043 0.6 21 0.9047619047619048 0.09523809523809523 0.7 18 1.0 0.1111111111111111 0.9 1 1.0 0.0
26 0.1 31 0.7419354838709677 0.06451612903225806 0.4 26 0.8461538461538461 0.07692307692307693 0.5 25 0.84 0.08 0.6 22 0.8636363636363636 0.09090909090909091 0.7 19 0.8947368421052632 0.10526315789473684 0.9 3 1.0 0.3333333333333333
26 0.1 33 0.6666666666666666 0.09090909090909091 0.4 24 0.8333333333333334 0.125 0.5 24 0.8333333333333334 0.125 0.6 21 0.8571428571428571 0.14285714285714285 0.7 19 0.8947368421052632 0.15789473684210525 0.9 2 1.0 0.5
26 0.1 38 0.631578947368421 0.02631578947368421 0.4 26 0.7692307692307693 0.038461538461538464 0.5 25 0.8 0.04 0.6 22 0.8636363636363636 0.045454545454545456 0.7 22 0.8636363636363636 0.045454545454545456 0.9 1 1.0 0.0
26 0.1 32 0.71875 0.0 0.4 23 0.8260869565217391 0.0 0.5 21 0.8571428571428571 0.0 0.6 19 0.8947368421052632 0.0 0.7 18 0.9444444444444444 0.0 0.9 2 1.0 0.0
26 0.1 35 0.6 0.02857142857142857 0.4 25 0.76 0.04 0.5 24 0.7916666666666666 0.041666666666666664 0.6 22 0.8181818181818182 0.045454545454545456 0.7 19 0.8421052631578947 0.05263157894736842 0.9 1 1.0 0.0
26 0.1 31 0.6129032258064516 0.06451612903225806 0.4 24 0.75 0.08333333333333333 0.5 24 0.75 0.08333333333333333 0.6 19 0.8947368421052632 0.10526315789473684 0.7 18 0.8888888888888888 0.1111111111111111 0.9 0 1 1
26 0.1 28 0.7142857142857143 0.0 0.4 18 0.8333333333333334 0.0 0.5 17 0.8823529411764706 0.0 0.6 16 0.875 0.0 0.7 15 0.8666666666666667 0.0 0.9 0 1 1
26 0.1 29 0.7241379310344828 0.0 0.4 22 0.8181818181818182 0.0 0.5 21 0.8095238095238095 0.0 0.6 20 0.85 0.0 0.7 19 0.8947368421052632 0.0 0.9 0 1 1
26 0.1 28 0.75 0.0 0.4 23 0.8260869565217391 0.0 0.5 22 0.8636363636363636 0.0 0.6 19 0.8947368421052632 0.0 0.7 15 0.9333333333333333 0.0 0.9 0 1 1
26 0.1 29 0.6551724137931034 0.0 0.4 26 0.7307692307692307 0.0 0.5 26 0.7307692307692307 0.0 0.6 23 0.7391304347826086 0.0 0.7 18 0.8333333333333334 0.0 0.9 2 1.0 0.0
26 0.1 33 0.6666666666666666 0.0 0.4 26 0.7307692307692307 0.0 0.5 25 0.76 0.0 0.6 24 0.75 0.0 0.7 20 0.85 0.0 0.9 2 1.0 0.0
26 0.1 33 0.696969696969697 0.030303030303030304 0.4 25 0.8 0.04 0.5 24 0.7916666666666666 0.041666666666666664 0.6 21 0.8571428571428571 0.0 0.7 20 0.9 0.0 0.9 1 1.0 0.0
26 0.1 33 0.6666666666666666 0.06060606060606061 0.4 22 0.8181818181818182 0.09090909090909091 0.5 22 0.8181818181818182 0.09090909090909091 0.6 21 0.8571428571428571 0.09523809523809523 0.7 18 0.9444444444444444 0.1111111111111111 0.9 1 1.0 0.0
26 0.1 32 0.65625 0.0 0.4 25 0.76 0.0 0.5 22 0.8181818181818182 0.0 0.6 22 0.8181818181818182 0.0 0.7 19 0.8947368421052632 0.0 0.9 1 1.0 0.0
26 0.1 33 0.696969696969697 0.0 0.4 25 0.76 0.0 0.5 22 0.8181818181818182 0.0 0.6 22 0.8181818181818182 0.0 0.7 20 0.9 0.0 0.9 3 1.0 0.0
26 0.1 28 0.6785714285714286 0.0 0.4 22 0.8181818181818182 0.0 0.5 20 0.85 0.0 0.6 19 0.8947368421052632 0.0 0.7 17 0.9411764705882353 0.0 0.9 1 1.0 0.0
26 0.1 30 0.7 0.0 0.4 21 0.8095238095238095 0.0 0.5 20 0.85 0.0 0.6 20 0.85 0.0 0.7 18 0.8888888888888888 0.0 0.9 4 1.0 0.0
26 0.1 31 0.6774193548387096 0.0 0.4 23 0.8695652173913043 0.0 0.5 20 0.9 0.0 0.6 19 0.8947368421052632 0.0 0.7 17 0.9411764705882353 0.0 0.9 2 1.0 0.0
26 0.1 31 0.6129032258064516 0.0 0.4 23 0.782608695652174 0.0 0.5 21 0.8095238095238095 0.0 0.6 19 0.8947368421052632 0.0 0.7 19 0.8947368421052632 0.0 0.9 5 1.0 0.0
26 0.1 30 0.6333333333333333 0.0 0.4 24 0.7916666666666666 0.0 0.5 21 0.8095238095238095 0.0 0.6 20 0.85 0.0 0.7 19 0.8947368421052632 0.0 0.9 2 1.0 0.0
26 0.1 29 0.6896551724137931 0.034482758620689655 0.4 23 0.8260869565217391 0.043478260869565216 0.5 19 0.8947368421052632 0.05263157894736842 0.6 19 0.8947368421052632 0.05263157894736842 0.7 17 0.8823529411764706 0.058823529411764705 0.9 0 1 1
26 0.1 30 0.7 0.0 0.4 21 0.8571428571428571 0.0 0.5 20 0.9 0.0 0.6 18 0.8888888888888888 0.0 0.7 16 0.9375 0.0 0.9 0 1 1
26 0.1 36 0.6111111111111112 0.05555555555555555 0.4 24 0.8333333333333334 0.08333333333333333 0.5 24 0.8333333333333334 0.08333333333333333 0.6 21 0.8571428571428571 0.09523809523809523 0.7 18 0.8888888888888888 0.1111111111111111 0.9 0 1 1
26 0.1 33 0.6666666666666666 0.0 0.4 23 0.8260869565217391 0.0 0.5 22 0.8181818181818182 0.0 0.6 21 0.8571428571428571 0.0 0.7 19 0.8947368421052632 0.0 0.9 1 1.0 0.0
26 0.1 34 0.6470588235294118 0.14705882352941177 0.4 25 0.8 0.2 0.5 23 0.8260869565217391 0.21739130434782608 0.6 21 0.8571428571428571 0.23809523809523808 0.7 20 0.9 0.25 0.9 1 1.0 0.0
26 0.1 34 0.6764705882352942 0.11764705882352941 0.4 25 0.76 0.16 0.5 22 0.8636363636363636 0.18181818181818182 0.6 21 0.8571428571428571 0.19047619047619047 0.7 18 0.8888888888888888 0.2222222222222222 0.9 3 1.0 0.0
26 0.1 36 0.6388888888888888 0.08333333333333333 0.4 27 0.7777777777777778 0.1111111111111111 0.5 27 0.7777777777777778 0.1111111111111111 0.6 24 0.7916666666666666 0.125 0.7 21 0.8095238095238095 0.14285714285714285 0.9 1 1.0 0.0
26 0.1 36 0.6388888888888888 0.1111111111111111 0.4 22 0.8181818181818182 0.18181818181818182 0.5 20 0.85 0.2 0.6 19 0.8947368421052632 0.21052631578947367 0.7 19 0.8947368421052632 0.21052631578947367 0.9 4 1.0 0.25
26 0.1 36 0.6111111111111112 0.08333333333333333 0.4 24 0.7916666666666666 0.08333333333333333 0.5 23 0.8260869565217391 0.08695652173913043 0.6 22 0.8636363636363636 0.09090909090909091 0.7 19 0.8421052631578947 0.10526315789473684 0.9 1 1.0 0.0
26 0.1 35 0.6 0.0 0.4 23 0.782608695652174 0.0 0.5 20 0.85 0.0 0.6 20 0.85 0.0 0.7 18 0.8888888888888888 0.0 0.9 0 1 1
26 0.1 29 0.7241379310344828 0.0 0.4 24 0.7916666666666666 0.0 0.5 21 0.9047619047619048 0.0 0.6 20 0.9 0.0 0.7 20 0.9 0.0 0.9 1 1.0 0.0
26 0.1 26 0.7307692307692307 0.0 0.4 20 0.85 0.0 0.5 20 0.85 0.0 0.6 19 0.8947368421052632 0.0 0.7 18 0.8888888888888888 0.0 0.9 0 1 1
26 0.1 32 0.625 0.0 0.4 23 0.782608695652174 0.0 0.5 21 0.8571428571428571 0.0 0.6 20 0.9 0.0 0.7 17 0.9411764705882353 0.0 0.9 0 1 1
26 0.1 36 0.5833333333333334 0.027777777777777776 0.4 25 0.76 0.04 0.5 22 0.8181818181818182 0.045454545454545456 0.6 20 0.9 0.05 0.7 18 1.0 0.05555555555555555 0.9 0 1 1
26 0.1 32 0.65625 0.0 0.4 22 0.8636363636363636 0.0 0.5 20 0.9 0.0 0.6 20 0.9 0.0 0.7 19 0.8947368421052632 0.0 0.9 1 1.0 0.0
26 0.1 30 0.7 0.03333333333333333 0.4 21 0.8571428571428571 0.047619047619047616 0.5 19 0.8947368421052632 0.05263157894736842 0.6 19 0.8947368421052632 0.05263157894736842 0.7 19 0.8947368421052632 0.05263157894736842 0.9 1 1.0 0.0
