36 0.1 0 1 1 0.4 0 1 1 0.5 0 1 1 0.6 0 1 1 0.7 0 1 1 0.9 0 1 1
36 0.1 0 1 1 0.4 0 1 1 0.5 0 1 1 0.6 0 1 1 0.7 0 1 1 0.9 0 1 1
36 0.1 0 1 1 0.4 0 1 1 0.5 0 1 1 0.6 0 1 1 0.7 0 1 1 0.9 0 1 1
36 0.1 5 0.2 0.0 0.4 0 1 1 0.5 0 1 1 0.6 0 1 1 0.7 0 1 1 0.9 0 1 1
36 0.1 28 0.03571428571428571 0.0 0.4 1 0.0 0.0 0.5 1 0.0 0.0 0.6 0 1 1 0.7 0 1 1 0.9 0 1 1
36 0.1 268 0.06343283582089553 0.0 0.4 17 0.058823529411764705 0.0 0.5 6 0.0 0.0 0.6 2 0.0 0.0 0.7 1 0.0 0.0 0.9 0 1 1
36 0.1 204 0.10784313725490197 0.0 0.4 6 0.0 0.0 0.5 1 0.0 0.0 0.6 0 1 1 0.7 0 1 1 0.9 0 1 1
36 0.1 152 0.09868421052631579 0.0 0.4 6 0.3333333333333333 0.0 0.5 1 1.0 0.0 0.6 0 1 1 0.7 0 1 1 0.9 0 1 1
36 0.1 824 0.0412621359223301 0.0 0.4 179 0.1340782122905028 0.0 0.5 91 0.16483516483516483 0.0 0.6 43 0.18604651162790697 0.0 0.7 15 0.13333333333333333 0.0 0.9 0 1 1
36 0.1 851 0.04230317273795535 0.0 0.4 175 0.14857142857142858 0.0 0.5 92 0.1956521739130435 0.0 0.6 39 0.3333333333333333 0.0 0.7 7 0.5714285714285714 0.0 0.9 0 1 1
36 0.1 913 0.038335158817086525 0.0 0.4 234 0.12393162393162394 0.0 0.5 130 0.18461538461538463 0.0 0.6 58 0.3448275862068966 0.0 0.7 13 0.3076923076923077 0.0 0.9 0 1 1
36 0.1 512 0.064453125 0.0 0.4 95 0.25263157894736843 0.0 0.5 49 0.3469387755102041 0.0 0.6 14 0.5 0.0 0.7 4 0.75 0.0 0.9 0 1 1
36 0.1 629 0.057233704292527825 0.0 0.4 120 0.23333333333333334 0.0 0.5 54 0.35185185185185186 0.0 0.6 16 0.4375 0.0 0.7 5 0.6 0.0 0.9 0 1 1
36 0.1 550 0.06363636363636363 0.0 0.4 99 0.23232323232323232 0.0 0.5 52 0.34615384615384615 0.0 0.6 21 0.6666666666666666 0.0 0.7 9 0.8888888888888888 0.0 0.9 0 1 1
36 0.1 342 0.08187134502923976 0.0 0.4 20 0.5 0.0 0.5 4 0.5 0.0 0.6 1 1.0 0.0 0.7 0 1 1 0.9 0 1 1
36 0.1 299 0.11036789297658862 0.0 0.4 45 0.4666666666666667 0.0 0.5 19 0.7368421052631579 0.0 0.6 6 0.8333333333333334 0.0 0.7 0 1 1 0.9 0 1 1
36 0.1 338 0.09763313609467456 0.0 0.4 75 0.32 0.0 0.5 53 0.37735849056603776 0.0 0.6 26 0.5 0.0 0.7 15 0.4666666666666667 0.0 0.9 1 1.0 0.0
36 0.1 475 0.07368421052631578 0.0 0.4 129 0.24031007751937986 0.0 0.5 83 0.3373493975903614 0.0 0.6 50 0.48 0.0 0.7 19 0.631578947368421 0.0 0.9 0 1 1
36 0.1 358 0.07541899441340782 0.0 0.4 75 0.28 0.0 0.5 39 0.41025641025641024 0.0 0.6 19 0.47368421052631576 0.0 0.7 9 0.4444444444444444 0.0 0.9 0 1 1
36 0.1 356 0.09550561797752809 0.0 0.4 131 0.22900763358778625 0.0 0.5 90 0.2777777777777778 0.0 0.6 58 0.3275862068965517 0.0 0.7 28 0.39285714285714285 0.0 0.9 0 1 1
36 0.1 144 0.20833333333333334 0.0 0.4 23 0.34782608695652173 0.0 0.5 7 0.42857142857142855 0.0 0.6 0 1 1 0.7 0 1 1 0.9 0 1 1
36 0.1 317 0.11041009463722397 0.0 0.4 69 0.34782608695652173 0.0 0.5 32 0.46875 0.0 0.6 15 0.7333333333333333 0.0 0.7 1 1.0 0.0 0.9 0 1 1
36 0.1 642 0.048286604361370715 0.0 0.4 264 0.11363636363636363 0.0 0.5 186 0.15053763440860216 0.0 0.6 136 0.19852941176470587 0.0 0.7 89 0.2696629213483146 0.0 0.9 1 1.0 0.0
36 0.1 358 0.08659217877094973 0.0 0.4 113 0.22123893805309736 0.0 0.5 78 0.3076923076923077 0.0 0.6 49 0.42857142857142855 0.0 0.7 32 0.5625 0.0 0.9 0 1 1
36 0.1 201 0.1691542288557214 0.0 0.4 67 0.4925373134328358 0.0 0.5 49 0.5918367346938775 0.0 0.6 35 0.6857142857142857 0.0 0.7 19 0.9473684210526315 0.0 0.9 0 1 1
36 0.1 354 0.09887005649717515 0.0 0.4 129 0.23255813953488372 0.0 0.5 73 0.3424657534246575 0.0 0.6 28 0.5357142857142857 0.0 0.7 6 0.6666666666666666 0.0 0.9 0 1 1
36 0.1 131 0.2595419847328244 0.0 0.4 52 0.4423076923076923 0.0 0.5 40 0.55 0.0 0.6 30 0.6 0.0 0.7 16 0.6875 0.0 0.9 0 1 1
36 0.1 42 0.35714285714285715 0.0 0.4 16 0.5 0.0 0.5 12 0.6666666666666666 0.0 0.6 5 0.6 0.0 0.7 3 0.6666666666666666 0.0 0.9 0 1 1
36 0.1 226 0.15486725663716813 0.0 0.4 133 0.2556390977443609 0.0 0.5 110 0.3 0.0 0.6 66 0.3939393939393939 0.0 0.7 37 0.5405405405405406 0.0 0.9 0 1 1
36 0.1 316 0.10126582278481013 0.0 0.4 139 0.2014388489208633 0.0 0.5 105 0.26666666666666666 0.0 0.6 73 0.3698630136986301 0.0 0.7 47 0.5106382978723404 0.0 0.9 3 0.6666666666666666 0.0
36 0.1 199 0.1708542713567839 0.0 0.4 95 0.3157894736842105 0.0 0.5 74 0.33783783783783783 0.0 0.6 53 0.4528301886792453 0.0 0.7 25 0.56 0.0 0.9 1 1.0 0.0
36 0.1 91 0.32967032967032966 0.0 0.4 35 0.6 0.0 0.5 24 0.8333333333333334 0.0 0.6 17 0.9411764705882353 0.0 0.7 6 1.0 0.0 0.9 0 1 1
36 0.1 83 0.40963855421686746 0.0 0.4 35 0.8 0.0 0.5 31 0.8064516129032258 0.0 0.6 21 0.9047619047619048 0.0 0.7 16 0.9375 0.0 0.9 0 1 1
36 0.1 80 0.3875 0.0 0.4 37 0.6756756756756757 0.0 0.5 33 0.7575757575757576 0.0 0.6 23 0.8260869565217391 0.0 0.7 16 1.0 0.0 0.9 0 1 1
36 0.1 87 0.39080459770114945 0.0 0.4 42 0.7142857142857143 0.0 0.5 33 0.7272727272727273 0.0 0.6 25 0.8 0.0 0.7 11 1.0 0.0 0.9 0 1 1
36 0.1 63 0.4603174603174603 0.0 0.4 23 0.6956521739130435 0.0 0.5 14 0.9285714285714286 0.0 0.6 8 1.0 0.0 0.7 3 1.0 0.0 0.9 0 1 1
36 0.1 120 0.2833333333333333 0.0 0.4 62 0.46774193548387094 0.0 0.5 51 0.5490196078431373 0.0 0.6 37 0.7297297297297297 0.0 0.7 24 0.875 0.0 0.9 1 1.0 0.0
36 0.1 138 0.2463768115942029 0.0 0.4 80 0.4125 0.0 0.5 62 0.46774193548387094 0.0 0.6 40 0.675 0.0 0.7 22 0.9545454545454546 0.0 0.9 0 1 1
36 0.1 147 0.1836734693877551 0.0 0.4 8 0.625 0.0 0.5 1 1.0 0.0 0.6 0 1 1 0.7 0 1 1 0.9 0 1 1
36 0.1 163 0.2147239263803681 0.0 0.4 61 0.4918032786885246 0.0 0.5 40 0.725 0.0 0.6 29 0.8620689655172413 0.0 0.7 21 0.8571428571428571 0.0 0.9 0 1 1
36 0.1 65 0.47692307692307695 0.0 0.4 33 0.6363636363636364 0.0 0.5 22 0.6818181818181818 0.0 0.6 17 0.8235294117647058 0.0 0.7 13 1.0 0.0 0.9 1 1.0 0.0
36 0.1 80 0.3 0.0 0.4 28 0.5357142857142857 0.0 0.5 19 0.6842105263157895 0.0 0.6 11 0.8181818181818182 0.0 0.7 6 0.8333333333333334 0.0 0.9 0 1 1
36 0.1 22 0.36363636363636365 0.0 0.4 7 0.7142857142857143 0.0 0.5 6 0.8333333333333334 0.0 0.6 5 1.0 0.0 0.7 1 1.0 0.0 0.9 0 1 1
36 0.1 15 0.6 0.0 0.4 6 0.8333333333333334 0.0 0.5 3 1.0 0.0 0.6 1 1.0 0.0 0.7 1 1.0 0.0 0.9 0 1 1
36 0.1 34 0.6176470588235294 0.0 0.4 15 0.8 0.0 0.5 10 1.0 0.0 0.6 9 1.0 0.0 0.7 6 1.0 0.0 0.9 0 1 1
36 0.1 60 0.55 0.0 0.4 35 0.8285714285714286 0.0 0.5 32 0.875 0.0 0.6 25 0.96 0.0 0.7 19 0.9473684210526315 0.0 0.9 3 1.0 0.0
36 0.1 68 0.39705882352941174 0.0 0.4 24 0.7916666666666666 0.0 0.5 22 0.8181818181818182 0.0 0.6 18 0.8888888888888888 0.0 0.7 12 1.0 0.0 0.9 2 1.0 0.0
36 0.1 49 0.4897959183673469 0.0 0.4 16 0.9375 0.0 0.5 14 0.9285714285714286 0.0 0.6 9 0.8888888888888888 0.0 0.7 5 1.0 0.0 0.9 0 1 1
36 0.1 78 0.4358974358974359 0.01282051282051282 0.4 31 0.8387096774193549 0.03225806451612903 0.5 20 0.95 0.05 0.6 13 1.0 0.0 0.7 5 1.0 0.0 0.9 0 1 1
36 0.1 84 0.40476190476190477 0.0 0.4 43 0.6976744186046512 0.0 0.5 33 0.8484848484848485 0.0 0.6 24 0.9583333333333334 0.0 0.7 16 1.0 0.0 0.9 0 1 1
36 0.1 92 0.391304347826087 0.0 0.4 54 0.6111111111111112 0.0 0.5 41 0.7560975609756098 0.0 0.6 38 0.7894736842105263 0.0 0.7 25 0.88 0.0 0.9 0 1 1
36 0.1 103 0.3300970873786408 0.0 0.4 50 0.62 0.0 0.5 42 0.7142857142857143 0.0 0.6 30 0.8666666666666667 0.0 0.7 20 0.9 0.0 0.9 0 1 1
36 0.1 95 0.3473684210526316 0.0 0.4 43 0.627906976744186 0.0 0.5 27 0.7037037037037037 0.0 0.6 10 1.0 0.0 0.7 4 1.0 0.0 0.9 0 1 1
36 0.1 63 0.3492063492063492 0.0 0.4 10 0.9 0.0 0.5 3 1.0 0.0 0.6 0 1 1 0.7 0 1 1 0.9 0 1 1
36 0.1 58 0.43103448275862066 0.0 0.4 16 0.875 0.0 0.5 11 1.0 0.0 0.6 7 1.0 0.0 0.7 3 1.0 0.0 0.9 0 1 1
36 0.1 84 0.39285714285714285 0.0 0.4 47 0.6382978723404256 0.0 0.5 34 0.7647058823529411 0.0 0.6 29 0.8275862068965517 0.0 0.7 19 1.0 0.0 0.9 0 1 1
36 0.1 55 0.6181818181818182 0.0 0.4 26 0.8076923076923077 0.0 0.5 20 0.9 0.0 0.6 16 0.9375 0.0 0.7 11 1.0 0.0 0.9 0 1 1
36 0.1 114 0.2543859649122807 0.0 0.4 57 0.5087719298245614 0.0 0.5 50 0.58 0.0 0.6 43 0.6511627906976745 0.0 0.7 34 0.7941176470588235 0.0 0.9 6 1.0 0.0
36 0.1 125 0.28 0.0 0.4 61 0.4918032786885246 0.0 0.5 47 0.574468085106383 0.0 0.6 34 0.6764705882352942 0.0 0.7 14 1.0 0.0 0.9 1 1.0 0.0
36 0.1 114 0.2631578947368421 0.0 0.4 30 0.7333333333333333 0.0 0.5 22 0.8181818181818182 0.0 0.6 10 1.0 0.0 0.7 6 1.0 0.0 0.9 0 1 1
36 0.1 93 0.3870967741935484 0.010752688172043012 0.4 49 0.6530612244897959 0.02040816326530612 0.5 44 0.7272727272727273 0.022727272727272728 0.6 35 0.8 0.0 0.7 22 0.9090909090909091 0.0 0.9 1 1.0 0.0
36 0.1 162 0.19135802469135801 0.0 0.4 64 0.359375 0.0 0.5 38 0.5526315789473685 0.0 0.6 16 0.8125 0.0 0.7 6 0.8333333333333334 0.0 0.9 0 1 1
36 0.1 140 0.2571428571428571 0.0 0.4 70 0.4857142857142857 0.0 0.5 59 0.559322033898305 0.0 0.6 46 0.6304347826086957 0.0 0.7 31 0.8064516129032258 0.0 0.9 5 1.0 0.0
36 0.1 72 0.4166666666666667 0.0 0.4 31 0.7419354838709677 0.0 0.5 20 0.85 0.0 0.6 16 0.875 0.0 0.7 7 0.8571428571428571 0.0 0.9 0 1 1
36 0.1 6 0.8333333333333334 0.0 0.4 0 1 1 0.5 0 1 1 0.6 0 1 1 0.7 0 1 1 0.9 0 1 1
36 0.1 3 0.3333333333333333 0.0 0.4 0 1 1 0.5 0 1 1 0.6 0 1 1 0.7 0 1 1 0.9 0 1 1
36 0.1 57 0.03508771929824561 0.0 0.4 0 1 1 0.5 0 1 1 0.6 0 1 1 0.7 0 1 1 0.9 0 1 1
36 0.1 40 0.225 0.0 0.4 2 1.0 0.0 0.5 1 1.0 0.0 0.6 0 1 1 0.7 0 1 1 0.9 0 1 1
36 0.1 38 0.10526315789473684 0.0 0.4 0 1 1 0.5 0 1 1 0.6 0 1 1 0.7 0 1 1 0.9 0 1 1
36 0.1 0 1 1 0.4 0 1 1 0.5 0 1 1 0.6 0 1 1 0.7 0 1 1 0.9 0 1 1
36 0.1 0 1 1 0.4 0 1 1 0.5 0 1 1 0.6 0 1 1 0.7 0 1 1 0.9 0 1 1
36 0.1 3 0.6666666666666666 0.0 0.4 0 1 1 0.5 0 1 1 0.6 0 1 1 0.7 0 1 1 0.9 0 1 1
36 0.1 0 1 1 0.4 0 1 1 0.5 0 1 1 0.6 0 1 1 0.7 0 1 1 0.9 0 1 1
36 0.1 25 0.48 0.04 0.4 0 1 1 0.5 0 1 1 0.6 0 1 1 0.7 0 1 1 0.9 0 1 1
36 0.1 101 0.3069306930693069 0.0 0.4 28 0.7142857142857143 0.0 0.5 13 0.8461538461538461 0.0 0.6 5 1.0 0.0 0.7 1 1.0 0.0 0.9 0 1 1
36 0.1 71 0.36619718309859156 0.0 0.4 8 0.75 0.0 0.5 5 0.8 0.0 0.6 2 1.0 0.0 0.7 0 1 1 0.9 0 1 1
36 0.1 93 0.24731182795698925 0.0 0.4 9 0.7777777777777778 0.0 0.5 2 1.0 0.0 0.6 1 1.0 0.0 0.7 0 1 1 0.9 0 1 1
36 0.1 63 0.30158730158730157 0.0 0.4 7 0.5714285714285714 0.0 0.5 3 1.0 0.0 0.6 1 1.0 0.0 0.7 0 1 1 0.9 0 1 1
36 0.1 140 0.22857142857142856 0.0 0.4 14 0.6428571428571429 0.0 0.5 6 1.0 0.0 0.6 0 1 1 0.7 0 1 1 0.9 0 1 1
36 0.1 168 0.18452380952380953 0.0 0.4 10 0.9 0.0 0.5 2 1.0 0.0 0.6 1 1.0 0.0 0.7 0 1 1 0.9 0 1 1
36 0.1 122 0.2459016393442623 0.0 0.4 15 0.8666666666666667 0.0 0.5 7 1.0 0.0 0.6 1 1.0 0.0 0.7 0 1 1 0.9 0 1 1
36 0.1 12 0.5833333333333334 0.0 0.4 0 1 1 0.5 0 1 1 0.6 0 1 1 0.7 0 1 1 0.9 0 1 1
36 0.1 59 0.4745762711864407 0.0 0.4 24 0.6666666666666666 0.0 0.5 17 0.8823529411764706 0.0 0.6 12 0.9166666666666666 0.0 0.7 5 1.0 0.0 0.9 0 1 1
36 0.1 75 0.4533333333333333 0.0 0.4 37 0.7297297297297297 0.0 0.5 33 0.7575757575757576 0.0 0.6 25 0.84 0.0 0.7 13 1.0 0.0 0.9 1 1.0 0.0
36 0.1 32 0.40625 0.0 0.4 6 1.0 0.0 0.5 1 1.0 0.0 0.6 0 1 1 0.7 0 1 1 0.9 0 1 1
36 0.1 65 0.3384615384615385 0.0 0.4 14 0.6428571428571429 0.0 0.5 6 0.8333333333333334 0.0 0.6 3 1.0 0.0 0.7 0 1 1 0.9 0 1 1
36 0.1 139 0.2517985611510791 0.0 0.4 49 0.6122448979591837 0.0 0.5 32 0.71875 0.0 0.6 21 0.8571428571428571 0.0 0.7 10 1.0 0.0 0.9 0 1 1
36 0.1 280 0.09642857142857143 0.0 0.4 21 0.5238095238095238 0.0 0.5 11 0.7272727272727273 0.0 0.6 2 1.0 0.0 0.7 0 1 1 0.9 0 1 1
36 0.1 235 0.14042553191489363 0.0 0.4 41 0.6341463414634146 0.0 0.5 27 0.6666666666666666 0.0 0.6 17 0.8235294117647058 0.0 0.7 5 0.8 0.0 0.9 0 1 1
36 0.1 165 0.19393939393939394 0.006060606060606061 0.4 20 0.7 0.05 0.5 9 0.5555555555555556 0.0 0.6 2 1.0 0.0 0.7 1 1.0 0.0 0.9 0 1 1
36 0.1 4 0.5 0.0 0.4 1 0.0 0.0 0.5 0 1 1 0.6 0 1 1 0.7 0 1 1 0.9 0 1 1
36 0.1 58 0.25862068965517243 0.0 0.4 7 0.5714285714285714 0.0 0.5 3 0.6666666666666666 0.0 0.6 0 1 1 0.7 0 1 1 0.9 0 1 1
36 0.1 139 0.20863309352517986 0.0 0.4 29 0.5172413793103449 0.0 0.5 14 0.5 0.0 0.6 7 0.5714285714285714 0.0 0.7 3 0.6666666666666666 0.0 0.9 0 1 1
36 0.1 84 0.36904761904761907 0.0 0.4 16 0.8125 0.0 0.5 11 0.9090909090909091 0.0 0.6 8 0.875 0.0 0.7 3 1.0 0.0 0.9 0 1 1
36 0.1 160 0.2125 0.0 0.4 33 0.5454545454545454 0.0 0.5 17 0.7058823529411765 0.0 0.6 6 1.0 0.0 0.7 0 1 1 0.9 0 1 1
36 0.1 105 0.3238095238095238 0.0 0.4 36 0.5833333333333334 0.0 0.5 21 0.6190476190476191 0.0 0.6 10 1.0 0.0 0.7 4 1.0 0.0 0.9 0 1 1
36 0.1 107 0.2897196261682243 0.0 0.4 33 0.6060606060606061 0.0 0.5 19 0.6842105263157895 0.0 0.6 13 0.7692307692307693 0.0 0.7 4 1.0 0.0 0.9 0 1 1
36 0.1 87 0.3793103448275862 0.0 0.4 35 0.6285714285714286 0.0 0.5 26 0.7307692307692307 0.0 0.6 15 0.8 0.0 0.7 6 1.0 0.0 0.9 0 1 1
36 0.1 60 0.5166666666666667 0.0 0.4 22 0.8181818181818182 0.0 0.5 16 0.8125 0.0 0.6 12 0.9166666666666666 0.0 0.7 3 1.0 0.0 0.9 0 1 1
36 0.1 44 0.6590909090909091 0.0 0.4 23 0.8695652173913043 0.0 0.5 17 0.9411764705882353 0.0 0.6 12 0.9166666666666666 0.0 0.7 5 1.0 0.0 0.9 0 1 1
36 0.1 92 0.3804347826086957 0.0 0.4 47 0.5957446808510638 0.0 0.5 39 0.6923076923076923 0.0 0.6 32 0.78125 0.0 0.7 21 0.8571428571428571 0.0 0.9 1 1.0 0.0
36 0.1 96 0.23958333333333334 0.0 0.4 29 0.5172413793103449 0.0 0.5 19 0.631578947368421 0.0 0.6 8 0.75 0.0 0.7 0 1 1 0.9 0 1 1
36 0.1 88 0.26136363636363635 0.0 0.4 24 0.4583333333333333 0.0 0.5 15 0.5333333333333333 0.0 0.6 7 0.5714285714285714 0.0 0.7 2 1.0 0.0 0.9 0 1 1
36 0.1 80 0.2125 0.0 0.4 33 0.3939393939393939 0.0 0.5 24 0.5416666666666666 0.0 0.6 14 0.6428571428571429 0.0 0.7 7 0.7142857142857143 0.0 0.9 0 1 1
36 0.1 86 0.1744186046511628 0.0 0.4 35 0.2857142857142857 0.0 0.5 29 0.3103448275862069 0.0 0.6 18 0.3888888888888889 0.0 0.7 8 0.5 0.0 0.9 0 1 1
36 0.1 50 0.32 0.0 0.4 19 0.42105263157894735 0.0 0.5 11 0.6363636363636364 0.0 0.6 6 0.6666666666666666 0.0 0.7 2 0.5 0.0 0.9 0 1 1
36 0.1 55 0.4727272727272727 0.0 0.4 18 0.7222222222222222 0.0 0.5 12 0.8333333333333334 0.0 0.6 7 0.8571428571428571 0.0 0.7 2 1.0 0.0 0.9 0 1 1
36 0.1 8 0.625 0.0 0.4 1 1.0 0.0 0.5 1 1.0 0.0 0.6 0 1 1 0.7 0 1 1 0.9 0 1 1
36 0.1 46 0.5 0.0 0.4 15 1.0 0.0 0.5 11 1.0 0.0 0.6 6 1.0 0.0 0.7 1 1.0 0.0 0.9 0 1 1
36 0.1 82 0.4146341463414634 0.0 0.4 42 0.6428571428571429 0.0 0.5 35 0.7142857142857143 0.0 0.6 25 0.8 0.0 0.7 12 0.9166666666666666 0.0 0.9 0 1 1
36 0.1 77 0.4155844155844156 0.012987012987012988 0.4 43 0.627906976744186 0.023255813953488372 0.5 38 0.6842105263157895 0.02631578947368421 0.6 30 0.7333333333333333 0.0 0.7 19 0.8947368421052632 0.0 0.9 0 1 1
36 0.1 74 0.47297297297297297 0.0 0.4 38 0.7368421052631579 0.0 0.5 33 0.7878787878787878 0.0 0.6 22 0.8181818181818182 0.0 0.7 13 0.9230769230769231 0.0 0.9 0 1 1
36 0.1 60 0.55 0.0 0.4 34 0.8529411764705882 0.0 0.5 28 0.8928571428571429 0.0 0.6 19 0.9473684210526315 0.0 0.7 14 0.9285714285714286 0.0 0.9 0 1 1
36 0.1 82 0.4268292682926829 0.0 0.4 37 0.7567567567567568 0.0 0.5 30 0.8 0.0 0.6 24 0.8333333333333334 0.0 0.7 13 0.9230769230769231 0.0 0.9 0 1 1
36 0.1 101 0.3564356435643564 0.009900990099009901 0.4 45 0.7111111111111111 0.022222222222222223 0.5 36 0.7222222222222222 0.0 0.6 26 0.8461538461538461 0.0 0.7 14 0.8571428571428571 0.0 0.9 0 1 1
36 0.1 74 0.4594594594594595 0.0 0.4 40 0.75 0.0 0.5 30 0.8333333333333334 0.0 0.6 22 0.9090909090909091 0.0 0.7 15 0.8666666666666667 0.0 0.9 0 1 1
36 0.1 49 0.673469387755102 0.061224489795918366 0.4 27 0.7407407407407407 0.07407407407407407 0.5 20 0.8 0.1 0.6 16 0.9375 0.125 0.7 11 0.9090909090909091 0.18181818181818182 0.9 0 1 1
36 0.1 23 0.6521739130434783 0.0 0.4 7 0.7142857142857143 0.0 0.5 6 0.8333333333333334 0.0 0.6 5 0.8 0.0 0.7 2 1.0 0.0 0.9 0 1 1
36 0.1 70 0.5 0.0 0.4 40 0.75 0.0 0.5 29 0.7931034482758621 0.0 0.6 25 0.88 0.0 0.7 15 1.0 0.0 0.9 0 1 1
36 0.1 65 0.5230769230769231 0.015384615384615385 0.4 36 0.75 0.027777777777777776 0.5 31 0.7741935483870968 0.03225806451612903 0.6 24 0.7916666666666666 0.041666666666666664 0.7 13 1.0 0.07692307692307693 0.9 0 1 1
36 0.1 61 0.5573770491803278 0.0 0.4 34 0.7647058823529411 0.0 0.5 27 0.7407407407407407 0.0 0.6 25 0.8 0.0 0.7 18 0.8333333333333334 0.0 0.9 1 1.0 0.0
36 0.1 59 0.5254237288135594 0.03389830508474576 0.4 29 0.7931034482758621 0.06896551724137931 0.5 24 0.875 0.08333333333333333 0.6 15 0.9333333333333333 0.06666666666666667 0.7 8 1.0 0.125 0.9 0 1 1
36 0.1 91 0.38461538461538464 0.0 0.4 49 0.6122448979591837 0.0 0.5 42 0.6428571428571429 0.0 0.6 31 0.7419354838709677 0.0 0.7 24 0.9166666666666666 0.0 0.9 0 1 1
36 0.1 65 0.5076923076923077 0.03076923076923077 0.4 38 0.7631578947368421 0.05263157894736842 0.5 30 0.8 0.06666666666666667 0.6 23 0.9565217391304348 0.043478260869565216 0.7 18 1.0 0.05555555555555555 0.9 0 1 1
36 0.1 91 0.37362637362637363 0.01098901098901099 0.4 40 0.675 0.025 0.5 30 0.7333333333333333 0.03333333333333333 0.6 27 0.7777777777777778 0.037037037037037035 0.7 20 0.85 0.05 0.9 0 1 1
36 0.1 110 0.32727272727272727 0.01818181818181818 0.4 38 0.631578947368421 0.05263157894736842 0.5 29 0.6896551724137931 0.06896551724137931 0.6 21 0.8095238095238095 0.09523809523809523 0.7 15 0.9333333333333333 0.13333333333333333 0.9 0 1 1
36 0.1 85 0.3764705882352941 0.011764705882352941 0.4 38 0.6578947368421053 0.02631578947368421 0.5 32 0.71875 0.03125 0.6 27 0.8148148148148148 0.037037037037037035 0.7 22 0.8636363636363636 0.045454545454545456 0.9 0 1 1
36 0.1 60 0.5333333333333333 0.03333333333333333 0.4 33 0.7878787878787878 0.030303030303030304 0.5 29 0.8620689655172413 0.034482758620689655 0.6 24 0.9166666666666666 0.041666666666666664 0.7 19 0.9473684210526315 0.05263157894736842 0.9 0 1 1
36 0.1 168 0.18452380952380953 0.0 0.4 37 0.4864864864864865 0.0 0.5 21 0.5238095238095238 0.0 0.6 6 0.8333333333333334 0.0 0.7 1 1.0 0.0 0.9 0 1 1
36 0.1 60 0.5333333333333333 0.016666666666666666 0.4 24 0.75 0.0 0.5 17 0.8235294117647058 0.0 0.6 14 0.8571428571428571 0.0 0.7 5 1.0 0.0 0.9 0 1 1
36 0.1 109 0.30275229357798167 0.0 0.4 42 0.6190476190476191 0.0 0.5 33 0.696969696969697 0.0 0.6 19 0.7368421052631579 0.0 0.7 7 1.0 0.0 0.9 0 1 1
36 0.1 86 0.38372093023255816 0.0 0.4 34 0.6470588235294118 0.0 0.5 20 0.8 0.0 0.6 17 0.8823529411764706 0.0 0.7 10 0.9 0.0 0.9 0 1 1
36 0.1 131 0.26717557251908397 0.007633587786259542 0.4 50 0.54 0.02 0.5 41 0.6341463414634146 0.024390243902439025 0.6 31 0.6774193548387096 0.03225806451612903 0.7 17 0.8235294117647058 0.058823529411764705 0.9 0 1 1
36 0.1 128 0.234375 0.0078125 0.4 44 0.5227272727272727 0.0 0.5 32 0.59375 0.0 0.6 19 0.7368421052631579 0.0 0.7 9 0.7777777777777778 0.0 0.9 0 1 1
36 0.1 60 0.5 0.0 0.4 28 0.8214285714285714 0.0 0.5 23 0.8695652173913043 0.0 0.6 20 0.9 0.0 0.7 13 0.9230769230769231 0.0 0.9 0 1 1
36 0.1 76 0.4473684210526316 0.0 0.4 44 0.6818181818181818 0.0 0.5 40 0.725 0.0 0.6 34 0.7647058823529411 0.0 0.7 23 0.8695652173913043 0.0 0.9 2 1.0 0.0
36 0.1 70 0.5 0.0 0.4 45 0.6444444444444445 0.0 0.5 38 0.7368421052631579 0.0 0.6 36 0.7777777777777778 0.0 0.7 24 0.8333333333333334 0.0 0.9 1 1.0 0.0
36 0.1 78 0.44871794871794873 0.0 0.4 52 0.6153846153846154 0.0 0.5 46 0.6521739130434783 0.0 0.6 40 0.7 0.0 0.7 33 0.7575757575757576 0.0 0.9 1 1.0 0.0
36 0.1 71 0.4788732394366197 0.014084507042253521 0.4 42 0.7142857142857143 0.0 0.5 39 0.7692307692307693 0.0 0.6 31 0.7741935483870968 0.0 0.7 21 0.9523809523809523 0.0 0.9 0 1 1
36 0.1 68 0.5 0.014705882352941176 0.4 39 0.717948717948718 0.02564102564102564 0.5 35 0.7428571428571429 0.02857142857142857 0.6 30 0.8333333333333334 0.03333333333333333 0.7 20 0.9 0.05 0.9 0 1 1
36 0.1 89 0.38202247191011235 0.011235955056179775 0.4 44 0.6818181818181818 0.022727272727272728 0.5 39 0.7435897435897436 0.02564102564102564 0.6 32 0.78125 0.03125 0.7 26 0.8846153846153846 0.038461538461538464 0.9 0 1 1
36 0.1 83 0.40963855421686746 0.024096385542168676 0.4 48 0.6666666666666666 0.041666666666666664 0.5 41 0.7073170731707317 0.024390243902439025 0.6 36 0.75 0.027777777777777776 0.7 27 0.8518518518518519 0.037037037037037035 0.9 0 1 1
36 0.1 61 0.5245901639344263 0.0 0.4 41 0.7073170731707317 0.0 0.5 36 0.75 0.0 0.6 31 0.8064516129032258 0.0 0.7 27 0.8518518518518519 0.0 0.9 0 1 1
36 0.1 51 0.6274509803921569 0.0 0.4 31 0.8387096774193549 0.0 0.5 26 0.8076923076923077 0.0 0.6 24 0.8333333333333334 0.0 0.7 21 0.8571428571428571 0.0 0.9 0 1 1
36 0.1 60 0.5333333333333333 0.0 0.4 42 0.7142857142857143 0.0 0.5 36 0.7222222222222222 0.0 0.6 29 0.7241379310344828 0.0 0.7 21 0.9047619047619048 0.0 0.9 0 1 1
36 0.1 44 0.6363636363636364 0.0 0.4 28 0.7857142857142857 0.0 0.5 23 0.8260869565217391 0.0 0.6 18 0.8333333333333334 0.0 0.7 14 0.9285714285714286 0.0 0.9 0 1 1
36 0.1 87 0.3563218390804598 0.0 0.4 36 0.6944444444444444 0.0 0.5 30 0.7666666666666667 0.0 0.6 24 0.75 0.0 0.7 13 0.7692307692307693 0.0 0.9 0 1 1
36 0.1 72 0.4722222222222222 0.013888888888888888 0.4 48 0.625 0.020833333333333332 0.5 45 0.6666666666666666 0.022222222222222223 0.6 36 0.6388888888888888 0.0 0.7 24 0.8333333333333334 0.0 0.9 0 1 1
36 0.1 72 0.4583333333333333 0.027777777777777776 0.4 44 0.7045454545454546 0.045454545454545456 0.5 38 0.7631578947368421 0.05263157894736842 0.6 38 0.7631578947368421 0.05263157894736842 0.7 31 0.7741935483870968 0.03225806451612903 0.9 0 1 1
36 0.1 72 0.4583333333333333 0.0 0.4 40 0.675 0.0 0.5 34 0.7058823529411765 0.0 0.6 27 0.7037037037037037 0.0 0.7 21 0.7619047619047619 0.0 0.9 0 1 1
36 0.1 61 0.5573770491803278 0.0 0.4 39 0.717948717948718 0.0 0.5 35 0.7428571428571429 0.0 0.6 29 0.7931034482758621 0.0 0.7 26 0.8461538461538461 0.0 0.9 0 1 1
36 0.1 77 0.42857142857142855 0.0 0.4 52 0.5961538461538461 0.0 0.5 44 0.6136363636363636 0.0 0.6 35 0.7142857142857143 0.0 0.7 28 0.8214285714285714 0.0 0.9 0 1 1
36 0.1 88 0.3977272727272727 0.03409090909090909 0.4 53 0.5849056603773585 0.05660377358490566 0.5 46 0.6304347826086957 0.06521739130434782 0.6 38 0.7105263157894737 0.07894736842105263 0.7 36 0.75 0.08333333333333333 0.9 0 1 1
36 0.1 73 0.4794520547945205 0.0273972602739726 0.4 45 0.6444444444444445 0.044444444444444446 0.5 38 0.7105263157894737 0.05263157894736842 0.6 34 0.7647058823529411 0.058823529411764705 0.7 30 0.8 0.03333333333333333 0.9 0 1 1
36 0.1 72 0.4861111111111111 0.0 0.4 48 0.6458333333333334 0.0 0.5 43 0.6976744186046512 0.0 0.6 41 0.7073170731707317 0.0 0.7 30 0.7666666666666667 0.0 0.9 1 1.0 0.0
36 0.1 56 0.5535714285714286 0.017857142857142856 0.4 34 0.7058823529411765 0.029411764705882353 0.5 29 0.7586206896551724 0.034482758620689655 0.6 24 0.8333333333333334 0.041666666666666664 0.7 20 0.9 0.05 0.9 0 1 1
36 0.1 64 0.515625 0.0 0.4 40 0.725 0.0 0.5 35 0.7428571428571429 0.0 0.6 29 0.7586206896551724 0.0 0.7 25 0.84 0.0 0.9 0 1 1
36 0.1 56 0.5357142857142857 0.017857142857142856 0.4 32 0.75 0.03125 0.5 28 0.8214285714285714 0.03571428571428571 0.6 24 0.875 0.041666666666666664 0.7 19 0.8947368421052632 0.05263157894736842 0.9 0 1 1
36 0.1 120 0.2916666666666667 0.016666666666666666 0.4 56 0.5535714285714286 0.03571428571428571 0.5 40 0.625 0.025 0.6 29 0.7241379310344828 0.034482758620689655 0.7 22 0.7727272727272727 0.045454545454545456 0.9 0 1 1
36 0.1 65 0.5076923076923077 0.0 0.4 40 0.725 0.0 0.5 37 0.7567567567567568 0.0 0.6 35 0.7714285714285715 0.0 0.7 27 0.8148148148148148 0.0 0.9 0 1 1
36 0.1 74 0.44594594594594594 0.0 0.4 49 0.6326530612244898 0.0 0.5 45 0.6444444444444445 0.0 0.6 39 0.6923076923076923 0.0 0.7 34 0.7352941176470589 0.0 0.9 1 1.0 0.0
36 0.1 87 0.41379310344827586 0.0 0.4 52 0.6153846153846154 0.0 0.5 45 0.6666666666666666 0.0 0.6 40 0.675 0.0 0.7 31 0.7419354838709677 0.0 0.9 0 1 1
36 0.1 75 0.4533333333333333 0.013333333333333334 0.4 48 0.6666666666666666 0.020833333333333332 0.5 44 0.6590909090909091 0.022727272727272728 0.6 39 0.717948717948718 0.02564102564102564 0.7 31 0.8064516129032258 0.03225806451612903 0.9 0 1 1
36 0.1 68 0.45588235294117646 0.014705882352941176 0.4 37 0.7567567567567568 0.02702702702702703 0.5 35 0.7428571428571429 0.02857142857142857 0.6 31 0.8064516129032258 0.03225806451612903 0.7 24 0.7916666666666666 0.041666666666666664 0.9 0 1 1
36 0.1 83 0.42168674698795183 0.012048192771084338 0.4 43 0.6976744186046512 0.023255813953488372 0.5 39 0.717948717948718 0.02564102564102564 0.6 36 0.75 0.027777777777777776 0.7 32 0.78125 0.03125 0.9 1 1.0 0.0
36 0.1 75 0.48 0.0 0.4 45 0.6888888888888889 0.0 0.5 40 0.7 0.0 0.6 37 0.7297297297297297 0.0 0.7 32 0.71875 0.0 0.9 0 1 1
36 0.1 74 0.47297297297297297 0.02702702702702703 0.4 37 0.7027027027027027 0.02702702702702703 0.5 31 0.7741935483870968 0.03225806451612903 0.6 26 0.8846153846153846 0.038461538461538464 0.7 23 0.8695652173913043 0.043478260869565216 0.9 0 1 1
36 0.1 89 0.4044943820224719 0.02247191011235955 0.4 43 0.6744186046511628 0.046511627906976744 0.5 38 0.7368421052631579 0.05263157894736842 0.6 36 0.7222222222222222 0.05555555555555555 0.7 27 0.8148148148148148 0.07407407407407407 0.9 0 1 1
36 0.1 64 0.546875 0.0625 0.4 44 0.6818181818181818 0.06818181818181818 0.5 41 0.7073170731707317 0.07317073170731707 0.6 38 0.7368421052631579 0.07894736842105263 0.7 27 0.8148148148148148 0.07407407407407407 0.9 0 1 1
36 0.1 56 0.5714285714285714 0.017857142857142856 0.4 34 0.7941176470588235 0.029411764705882353 0.5 31 0.7741935483870968 0.03225806451612903 0.6 29 0.7586206896551724 0.034482758620689655 0.7 27 0.7777777777777778 0.037037037037037035 0.9 0 1 1
36 0.1 59 0.559322033898305 0.03389830508474576 0.4 41 0.7317073170731707 0.04878048780487805 0.5 36 0.8055555555555556 0.05555555555555555 0.6 32 0.8125 0.0625 0.7 27 0.7777777777777778 0.037037037037037035 0.9 0 1 1
36 0.1 58 0.5517241379310345 0.0 0.4 35 0.7714285714285715 0.0 0.5 32 0.8125 0.0 0.6 27 0.7777777777777778 0.0 0.7 21 0.8571428571428571 0.0 0.9 0 1 1
36 0.1 64 0.53125 0.0 0.4 44 0.6818181818181818 0.0 0.5 38 0.6842105263157895 0.0 0.6 35 0.7142857142857143 0.0 0.7 27 0.7777777777777778 0.0 0.9 0 1 1
36 0.1 63 0.5238095238095238 0.015873015873015872 0.4 43 0.6976744186046512 0.023255813953488372 0.5 38 0.7368421052631579 0.02631578947368421 0.6 32 0.8125 0.03125 0.7 27 0.8148148148148148 0.037037037037037035 0.9 0 1 1
36 0.1 69 0.4927536231884058 0.014492753623188406 0.4 46 0.6956521739130435 0.021739130434782608 0.5 41 0.7317073170731707 0.024390243902439025 0.6 37 0.7837837837837838 0.02702702702702703 0.7 32 0.78125 0.03125 0.9 0 1 1
36 0.1 65 0.5384615384615384 0.015384615384615385 0.4 46 0.6739130434782609 0.021739130434782608 0.5 41 0.7560975609756098 0.024390243902439025 0.6 36 0.75 0.027777777777777776 0.7 30 0.8333333333333334 0.03333333333333333 0.9 0 1 1
36 0.1 68 0.5 0.014705882352941176 0.4 47 0.7021276595744681 0.02127659574468085 0.5 42 0.7380952380952381 0.023809523809523808 0.6 40 0.775 0.025 0.7 35 0.8 0.02857142857142857 0.9 0 1 1
36 0.1 62 0.532258064516129 0.0 0.4 43 0.7209302325581395 0.0 0.5 38 0.8157894736842105 0.0 0.6 32 0.84375 0.0 0.7 26 0.8846153846153846 0.0 0.9 0 1 1
36 0.1 62 0.5483870967741935 0.016129032258064516 0.4 42 0.7142857142857143 0.023809523809523808 0.5 35 0.8 0.02857142857142857 0.6 31 0.8387096774193549 0.03225806451612903 0.7 23 0.8260869565217391 0.043478260869565216 0.9 0 1 1
36 0.1 64 0.515625 0.0 0.4 46 0.717391304347826 0.0 0.5 41 0.7317073170731707 0.0 0.6 35 0.7714285714285715 0.0 0.7 30 0.8 0.0 0.9 0 1 1
36 0.1 78 0.44871794871794873 0.038461538461538464 0.4 55 0.6 0.03636363636363636 0.5 51 0.6470588235294118 0.0392156862745098 0.6 46 0.6739130434782609 0.021739130434782608 0.7 38 0.7105263157894737 0.02631578947368421 0.9 2 1.0 0.0
36 0.1 64 0.515625 0.03125 0.4 45 0.6888888888888889 0.022222222222222223 0.5 38 0.7368421052631579 0.02631578947368421 0.6 37 0.7567567567567568 0.02702702702702703 0.7 30 0.8 0.03333333333333333 0.9 0 1 1
36 0.1 74 0.44594594594594594 0.0 0.4 52 0.6346153846153846 0.0 0.5 45 0.6444444444444445 0.0 0.6 41 0.6585365853658537 0.0 0.7 34 0.7352941176470589 0.0 0.9 2 1.0 0.0
36 0.1 66 0.5151515151515151 0.015151515151515152 0.4 45 0.6666666666666666 0.022222222222222223 0.5 40 0.675 0.025 0.6 34 0.7058823529411765 0.029411764705882353 0.7 31 0.7741935483870968 0.03225806451612903 0.9 4 1.0 0.0
36 0.1 67 0.5074626865671642 0.014925373134328358 0.4 48 0.6458333333333334 0.020833333333333332 0.5 37 0.7297297297297297 0.02702702702702703 0.6 36 0.7222222222222222 0.027777777777777776 0.7 30 0.8 0.03333333333333333 0.9 2 1.0 0.0
36 0.1 67 0.5074626865671642 0.0 0.4 49 0.6122448979591837 0.0 0.5 47 0.6382978723404256 0.0 0.6 44 0.6363636363636364 0.0 0.7 34 0.7058823529411765 0.0 0.9 3 1.0 0.0
36 0.1 71 0.4788732394366197 0.014084507042253521 0.4 47 0.6170212765957447 0.02127659574468085 0.5 42 0.6190476190476191 0.023809523809523808 0.6 40 0.625 0.025 0.7 33 0.7272727272727273 0.030303030303030304 0.9 0 1 1
36 0.1 77 0.44155844155844154 0.012987012987012988 0.4 48 0.6458333333333334 0.020833333333333332 0.5 42 0.6904761904761905 0.023809523809523808 0.6 36 0.7222222222222222 0.027777777777777776 0.7 30 0.7333333333333333 0.03333333333333333 0.9 1 1.0 0.0
36 0.1 70 0.4714285714285714 0.014285714285714285 0.4 49 0.6530612244897959 0.02040816326530612 0.5 42 0.7142857142857143 0.023809523809523808 0.6 35 0.7142857142857143 0.02857142857142857 0.7 30 0.7666666666666667 0.03333333333333333 0.9 0 1 1
36 0.1 64 0.515625 0.0 0.4 44 0.6818181818181818 0.0 0.5 38 0.7368421052631579 0.0 0.6 31 0.8064516129032258 0.0 0.7 27 0.8518518518518519 0.0 0.9 0 1 1
36 0.1 73 0.4520547945205479 0.0 0.4 52 0.6153846153846154 0.0 0.5 46 0.6739130434782609 0.0 0.6 42 0.7142857142857143 0.0 0.7 37 0.7297297297297297 0.0 0.9 1 1.0 0.0
36 0.1 71 0.49295774647887325 0.014084507042253521 0.4 46 0.6956521739130435 0.021739130434782608 0.5 39 0.7948717948717948 0.02564102564102564 0.6 34 0.7941176470588235 0.029411764705882353 0.7 30 0.8 0.03333333333333333 0.9 0 1 1
36 0.1 74 0.43243243243243246 0.0 0.4 54 0.5555555555555556 0.0 0.5 48 0.6041666666666666 0.0 0.6 42 0.6666666666666666 0.0 0.7 36 0.7222222222222222 0.0 0.9 3 1.0 0.0
36 0.1 67 0.4925373134328358 0.029850746268656716 0.4 52 0.6346153846153846 0.038461538461538464 0.5 48 0.6666666666666666 0.041666666666666664 0.6 43 0.6744186046511628 0.046511627906976744 0.7 35 0.7428571428571429 0.05714285714285714 0.9 4 1.0 0.0
36 0.1 73 0.4657534246575342 0.0136986301369863 0.4 50 0.66 0.02 0.5 44 0.7045454545454546 0.022727272727272728 0.6 42 0.7142857142857143 0.023809523809523808 0.7 38 0.7105263157894737 0.02631578947368421 0.9 3 1.0 0.0
36 0.1 73 0.4657534246575342 0.0273972602739726 0.4 56 0.5892857142857143 0.03571428571428571 0.5 49 0.673469387755102 0.04081632653061224 0.6 45 0.6888888888888889 0.044444444444444446 0.7 38 0.7105263157894737 0.02631578947368421 0.9 3 1.0 0.0
36 0.1 78 0.4358974358974359 0.038461538461538464 0.4 57 0.543859649122807 0.05263157894736842 0.5 49 0.6326530612244898 0.061224489795918366 0.6 47 0.6595744680851063 0.06382978723404255 0.7 40 0.675 0.075 0.9 5 1.0 0.2
36 0.1 59 0.576271186440678 0.05084745762711865 0.4 43 0.7209302325581395 0.06976744186046512 0.5 38 0.7631578947368421 0.07894736842105263 0.6 35 0.7714285714285715 0.08571428571428572 0.7 32 0.75 0.0625 0.9 3 1.0 0.0
36 0.1 59 0.559322033898305 0.01694915254237288 0.4 45 0.6888888888888889 0.022222222222222223 0.5 39 0.7435897435897436 0.02564102564102564 0.6 31 0.7741935483870968 0.03225806451612903 0.7 30 0.8 0.03333333333333333 0.9 1 1.0 0.0
36 0.1 77 0.42857142857142855 0.012987012987012988 0.4 47 0.6170212765957447 0.02127659574468085 0.5 43 0.6744186046511628 0.023255813953488372 0.6 37 0.7297297297297297 0.02702702702702703 0.7 30 0.8 0.03333333333333333 0.9 0 1 1
36 0.1 71 0.4647887323943662 0.0 0.4 47 0.6170212765957447 0.0 0.5 39 0.717948717948718 0.0 0.6 34 0.7941176470588235 0.0 0.7 32 0.78125 0.0 0.9 1 1.0 0.0
36 0.1 70 0.5 0.0 0.4 50 0.64 0.0 0.5 43 0.6976744186046512 0.0 0.6 39 0.717948717948718 0.0 0.7 34 0.7647058823529411 0.0 0.9 1 1.0 0.0
36 0.1 68 0.5147058823529411 0.029411764705882353 0.4 52 0.6346153846153846 0.038461538461538464 0.5 49 0.6530612244897959 0.04081632653061224 0.6 43 0.6976744186046512 0.046511627906976744 0.7 36 0.75 0.05555555555555555 0.9 1 1.0 0.0
36 0.1 62 0.532258064516129 0.016129032258064516 0.4 47 0.6808510638297872 0.02127659574468085 0.5 41 0.7073170731707317 0.024390243902439025 0.6 35 0.7428571428571429 0.02857142857142857 0.7 32 0.8125 0.03125 0.9 1 1.0 0.0
36 0.1 53 0.6037735849056604 0.0 0.4 39 0.7435897435897436 0.0 0.5 35 0.7714285714285715 0.0 0.6 31 0.7741935483870968 0.0 0.7 25 0.84 0.0 0.9 0 1 1
36 0.1 60 0.5666666666666667 0.0 0.4 43 0.627906976744186 0.0 0.5 39 0.6666666666666666 0.0 0.6 34 0.7352941176470589 0.0 0.7 27 0.7777777777777778 0.0 0.9 0 1 1
36 0.1 53 0.6415094339622641 0.018867924528301886 0.4 41 0.7073170731707317 0.024390243902439025 0.5 38 0.7368421052631579 0.02631578947368421 0.6 32 0.78125 0.0 0.7 28 0.8214285714285714 0.0 0.9 0 1 1
36 0.1 65 0.5230769230769231 0.0 0.4 50 0.62 0.0 0.5 46 0.6521739130434783 0.0 0.6 38 0.7105263157894737 0.0 0.7 37 0.7027027027027027 0.0 0.9 1 1.0 0.0
36 0.1 66 0.5 0.015151515151515152 0.4 51 0.6078431372549019 0.0196078431372549 0.5 47 0.6170212765957447 0.02127659574468085 0.6 42 0.6666666666666666 0.023809523809523808 0.7 36 0.7222222222222222 0.027777777777777776 0.9 2 1.0 0.0
36 0.1 50 0.64 0.04 0.4 39 0.6923076923076923 0.05128205128205128 0.5 38 0.6842105263157895 0.05263157894736842 0.6 34 0.7352941176470589 0.058823529411764705 0.7 27 0.8888888888888888 0.07407407407407407 0.9 3 1.0 0.0
36 0.1 60 0.5333333333333333 0.016666666666666666 0.4 34 0.7647058823529411 0.029411764705882353 0.5 31 0.8064516129032258 0.03225806451612903 0.6 29 0.8275862068965517 0.034482758620689655 0.7 25 0.8 0.04 0.9 0 1 1
36 0.1 79 0.43037974683544306 0.0 0.4 57 0.5263157894736842 0.0 0.5 49 0.5918367346938775 0.0 0.6 45 0.6222222222222222 0.0 0.7 43 0.627906976744186 0.0 0.9 1 1.0 0.0
36 0.1 73 0.4657534246575342 0.0410958904109589 0.4 48 0.6041666666666666 0.0625 0.5 42 0.6666666666666666 0.07142857142857142 0.6 38 0.7105263157894737 0.07894736842105263 0.7 35 0.7142857142857143 0.08571428571428572 0.9 1 1.0 0.0
36 0.1 72 0.4444444444444444 0.05555555555555555 0.4 50 0.58 0.08 0.5 46 0.6304347826086957 0.08695652173913043 0.6 44 0.6590909090909091 0.09090909090909091 0.7 40 0.675 0.1 0.9 1 1.0 0.0
36 0.1 61 0.5573770491803278 0.03278688524590164 0.4 42 0.6428571428571429 0.047619047619047616 0.5 40 0.675 0.05 0.6 35 0.7142857142857143 0.05714285714285714 0.7 33 0.7575757575757576 0.06060606060606061 0.9 0 1 1
36 0.1 57 0.5614035087719298 0.03508771929824561 0.4 48 0.625 0.041666666666666664 0.5 47 0.6170212765957447 0.02127659574468085 0.6 43 0.6511627906976745 0.023255813953488372 0.7 40 0.7 0.025 0.9 1 1.0 0.0
36 0.1 62 0.532258064516129 0.04838709677419355 0.4 50 0.6 0.06 0.5 46 0.6304347826086957 0.06521739130434782 0.6 44 0.6363636363636364 0.06818181818181818 0.7 40 0.675 0.075 0.9 1 1.0 0.0
36 0.1 61 0.5081967213114754 0.03278688524590164 0.4 45 0.6 0.044444444444444446 0.5 40 0.65 0.05 0.6 38 0.6578947368421053 0.05263157894736842 0.7 32 0.71875 0.0625 0.9 0 1 1
36 0.1 63 0.5079365079365079 0.031746031746031744 0.4 49 0.6122448979591837 0.04081632653061224 0.5 45 0.6 0.044444444444444446 0.6 44 0.6136363636363636 0.045454545454545456 0.7 40 0.65 0.05 0.9 1 1.0 0.0
36 0.1 64 0.515625 0.03125 0.4 48 0.625 0.041666666666666664 0.5 44 0.6590909090909091 0.045454545454545456 0.6 43 0.6511627906976745 0.046511627906976744 0.7 41 0.6585365853658537 0.024390243902439025 0.9 1 1.0 0.0
36 0.1 60 0.55 0.016666666666666666 0.4 44 0.5909090909090909 0.022727272727272728 0.5 41 0.6341463414634146 0.024390243902439025 0.6 41 0.6341463414634146 0.024390243902439025 0.7 37 0.6756756756756757 0.02702702702702703 0.9 1 1.0 0.0
36 0.1 66 0.48484848484848486 0.015151515151515152 0.4 49 0.6122448979591837 0.02040816326530612 0.5 46 0.6304347826086957 0.021739130434782608 0.6 45 0.6222222222222222 0.022222222222222223 0.7 39 0.6666666666666666 0.02564102564102564 0.9 1 1.0 0.0
36 0.1 55 0.5636363636363636 0.07272727272727272 0.4 40 0.625 0.1 0.5 36 0.6666666666666666 0.1111111111111111 0.6 35 0.6857142857142857 0.11428571428571428 0.7 29 0.7586206896551724 0.13793103448275862 0.9 1 1.0 0.0
36 0.1 66 0.48484848484848486 0.015151515151515152 0.4 46 0.6304347826086957 0.021739130434782608 0.5 46 0.6304347826086957 0.021739130434782608 0.6 43 0.6511627906976745 0.023255813953488372 0.7 41 0.6585365853658537 0.024390243902439025 0.9 4 1.0 0.0
36 0.1 59 0.5423728813559322 0.03389830508474576 0.4 44 0.6363636363636364 0.045454545454545456 0.5 39 0.6666666666666666 0.05128205128205128 0.6 37 0.7027027027027027 0.05405405405405406 0.7 33 0.7575757575757576 0.06060606060606061 0.9 1 1.0 0.0
36 0.1 61 0.5245901639344263 0.0 0.4 46 0.6086956521739131 0.0 0.5 43 0.627906976744186 0.0 0.6 43 0.627906976744186 0.0 0.7 40 0.675 0.0 0.9 2 1.0 0.0
36 0.1 58 0.5172413793103449 0.017241379310344827 0.4 43 0.627906976744186 0.023255813953488372 0.5 38 0.6578947368421053 0.02631578947368421 0.6 36 0.6944444444444444 0.027777777777777776 0.7 36 0.6944444444444444 0.027777777777777776 0.9 2 1.0 0.0
36 0.1 62 0.5161290322580645 0.03225806451612903 0.4 45 0.6 0.044444444444444446 0.5 44 0.6136363636363636 0.045454545454545456 0.6 43 0.627906976744186 0.046511627906976744 0.7 38 0.6842105263157895 0.05263157894736842 0.9 3 1.0 0.0
36 0.1 61 0.5573770491803278 0.03278688524590164 0.4 48 0.625 0.041666666666666664 0.5 43 0.627906976744186 0.046511627906976744 0.6 40 0.625 0.05 0.7 35 0.7142857142857143 0.05714285714285714 0.9 2 1.0 0.0
36 0.1 60 0.5333333333333333 0.03333333333333333 0.4 46 0.6086956521739131 0.043478260869565216 0.5 43 0.627906976744186 0.046511627906976744 0.6 42 0.6190476190476191 0.047619047619047616 0.7 38 0.6842105263157895 0.05263157894736842 0.9 3 1.0 0.0
36 0.1 64 0.53125 0.046875 0.4 44 0.6363636363636364 0.06818181818181818 0.5 43 0.6511627906976745 0.06976744186046512 0.6 41 0.6585365853658537 0.07317073170731707 0.7 38 0.6842105263157895 0.07894736842105263 0.9 2 1.0 0.0
36 0.1 65 0.5076923076923077 0.03076923076923077 0.4 51 0.6078431372549019 0.0392156862745098 0.5 48 0.6458333333333334 0.041666666666666664 0.6 46 0.6304347826086957 0.043478260869565216 0.7 40 0.675 0.05 0.9 2 1.0 0.0
36 0.1 69 0.4927536231884058 0.028985507246376812 0.4 50 0.58 0.04 0.5 45 0.6 0.044444444444444446 0.6 41 0.6341463414634146 0.04878048780487805 0.7 37 0.6756756756756757 0.05405405405405406 0.9 1 1.0 0.0
36 0.1 63 0.5238095238095238 0.031746031746031744 0.4 47 0.6382978723404256 0.0425531914893617 0.5 40 0.675 0.05 0.6 37 0.7027027027027027 0.05405405405405406 0.7 31 0.7419354838709677 0.06451612903225806 0.9 2 1.0 0.0
36 0.1 61 0.5573770491803278 0.0 0.4 38 0.7105263157894737 0.0 0.5 36 0.6944444444444444 0.0 0.6 32 0.75 0.0 0.7 27 0.8148148148148148 0.0 0.9 1 1.0 0.0
36 0.1 51 0.5686274509803921 0.058823529411764705 0.4 31 0.8064516129032258 0.0967741935483871 0.5 30 0.8333333333333334 0.1 0.6 28 0.8214285714285714 0.10714285714285714 0.7 25 0.84 0.12 0.9 0 1 1
36 0.1 60 0.5166666666666667 0.03333333333333333 0.4 49 0.6122448979591837 0.04081632653061224 0.5 45 0.6222222222222222 0.044444444444444446 0.6 44 0.6363636363636364 0.045454545454545456 0.7 38 0.6842105263157895 0.05263157894736842 0.9 1 1.0 0.0
36 0.1 58 0.5517241379310345 0.034482758620689655 0.4 39 0.6666666666666666 0.05128205128205128 0.5 35 0.7142857142857143 0.05714285714285714 0.6 34 0.7058823529411765 0.058823529411764705 0.7 27 0.8148148148148148 0.07407407407407407 0.9 0 1 1
36 0.1 63 0.47619047619047616 0.0 0.4 41 0.6097560975609756 0.0 0.5 36 0.6944444444444444 0.0 0.6 34 0.7058823529411765 0.0 0.7 29 0.7931034482758621 0.0 0.9 1 1.0 0.0
36 0.1 62 0.5161290322580645 0.04838709677419355 0.4 46 0.6521739130434783 0.06521739130434782 0.5 42 0.6428571428571429 0.047619047619047616 0.6 39 0.6666666666666666 0.05128205128205128 0.7 35 0.7142857142857143 0.05714285714285714 0.9 1 1.0 0.0
36 0.1 60 0.5 0.03333333333333333 0.4 40 0.65 0.05 0.5 39 0.6666666666666666 0.05128205128205128 0.6 37 0.6756756756756757 0.05405405405405406 0.7 32 0.75 0.0625 0.9 0 1 1
36 0.1 60 0.4666666666666667 0.03333333333333333 0.4 40 0.625 0.05 0.5 39 0.6410256410256411 0.05128205128205128 0.6 34 0.7058823529411765 0.058823529411764705 0.7 31 0.7419354838709677 0.06451612903225806 0.9 0 1 1
36 0.1 63 0.5238095238095238 0.031746031746031744 0.4 49 0.6122448979591837 0.04081632653061224 0.5 44 0.6136363636363636 0.045454545454545456 0.6 44 0.6136363636363636 0.045454545454545456 0.7 40 0.675 0.05 0.9 3 0.6666666666666666 0.0
36 0.1 56 0.5714285714285714 0.05357142857142857 0.4 44 0.6590909090909091 0.06818181818181818 0.5 42 0.6666666666666666 0.07142857142857142 0.6 38 0.6578947368421053 0.07894736842105263 0.7 35 0.6857142857142857 0.08571428571428572 0.9 1 1.0 0.0
36 0.1 72 0.4861111111111111 0.041666666666666664 0.4 56 0.5357142857142857 0.05357142857142857 0.5 51 0.5882352941176471 0.058823529411764705 0.6 45 0.6 0.06666666666666667 0.7 41 0.6341463414634146 0.07317073170731707 0.9 4 1.0 0.0
36 0.1 69 0.463768115942029 0.014492753623188406 0.4 55 0.5454545454545454 0.01818181818181818 0.5 48 0.5833333333333334 0.020833333333333332 0.6 44 0.6363636363636364 0.022727272727272728 0.7 41 0.6097560975609756 0.024390243902439025 0.9 4 1.0 0.0
36 0.1 65 0.5076923076923077 0.03076923076923077 0.4 49 0.6122448979591837 0.04081632653061224 0.5 46 0.6086956521739131 0.043478260869565216 0.6 42 0.6190476190476191 0.047619047619047616 0.7 37 0.6756756756756757 0.05405405405405406 0.9 1 1.0 0.0
36 0.1 69 0.4927536231884058 0.057971014492753624 0.4 51 0.6078431372549019 0.0784313725490196 0.5 48 0.625 0.08333333333333333 0.6 44 0.6363636363636364 0.09090909090909091 0.7 36 0.6944444444444444 0.1111111111111111 0.9 1 1.0 0.0
36 0.1 68 0.47058823529411764 0.014705882352941176 0.4 51 0.5882352941176471 0.0196078431372549 0.5 48 0.625 0.020833333333333332 0.6 43 0.6744186046511628 0.0 0.7 36 0.7222222222222222 0.0 0.9 2 1.0 0.0
36 0.1 65 0.49230769230769234 0.046153846153846156 0.4 49 0.5918367346938775 0.061224489795918366 0.5 43 0.627906976744186 0.06976744186046512 0.6 39 0.6923076923076923 0.07692307692307693 0.7 33 0.7272727272727273 0.09090909090909091 0.9 2 1.0 0.0
36 0.1 63 0.5238095238095238 0.047619047619047616 0.4 43 0.6511627906976745 0.06976744186046512 0.5 42 0.6428571428571429 0.07142857142857142 0.6 40 0.675 0.075 0.7 35 0.7142857142857143 0.08571428571428572 0.9 4 1.0 0.0
36 0.1 59 0.5423728813559322 0.0 0.4 40 0.7 0.0 0.5 38 0.7105263157894737 0.0 0.6 37 0.7027027027027027 0.0 0.7 33 0.696969696969697 0.0 0.9 3 1.0 0.0
36 0.1 62 0.532258064516129 0.0 0.4 48 0.6458333333333334 0.0 0.5 40 0.675 0.0 0.6 37 0.6486486486486487 0.0 0.7 33 0.696969696969697 0.0 0.9 1 1.0 0.0
36 0.1 59 0.5423728813559322 0.01694915254237288 0.4 42 0.5952380952380952 0.023809523809523808 0.5 40 0.6 0.025 0.6 39 0.6153846153846154 0.02564102564102564 0.7 33 0.7272727272727273 0.030303030303030304 0.9 1 1.0 0.0
36 0.1 62 0.5161290322580645 0.016129032258064516 0.4 50 0.62 0.02 0.5 45 0.6222222222222222 0.022222222222222223 0.6 41 0.6585365853658537 0.024390243902439025 0.7 33 0.696969696969697 0.030303030303030304 0.9 2 1.0 0.0
36 0.1 61 0.5245901639344263 0.01639344262295082 0.4 49 0.6122448979591837 0.02040816326530612 0.5 44 0.6590909090909091 0.022727272727272728 0.6 37 0.7027027027027027 0.02702702702702703 0.7 33 0.696969696969697 0.030303030303030304 0.9 2 1.0 0.0
36 0.1 64 0.515625 0.0 0.4 47 0.5957446808510638 0.0 0.5 39 0.6666666666666666 0.0 0.6 37 0.6756756756756757 0.0 0.7 33 0.7272727272727273 0.0 0.9 2 1.0 0.0
36 0.1 59 0.5423728813559322 0.01694915254237288 0.4 50 0.6 0.02 0.5 45 0.6222222222222222 0.022222222222222223 0.6 38 0.6578947368421053 0.02631578947368421 0.7 33 0.7272727272727273 0.030303030303030304 0.9 3 1.0 0.0
36 0.1 61 0.5245901639344263 0.0 0.4 42 0.6428571428571429 0.0 0.5 38 0.6842105263157895 0.0 0.6 35 0.7142857142857143 0.0 0.7 31 0.7419354838709677 0.0 0.9 0 1 1
36 0.1 62 0.532258064516129 0.016129032258064516 0.4 44 0.6590909090909091 0.022727272727272728 0.5 40 0.65 0.025 0.6 37 0.7027027027027027 0.02702702702702703 0.7 34 0.6764705882352942 0.029411764705882353 0.9 3 1.0 0.0
36 0.1 61 0.5573770491803278 0.04918032786885246 0.4 45 0.6444444444444445 0.06666666666666667 0.5 42 0.6190476190476191 0.07142857142857142 0.6 38 0.6578947368421053 0.07894736842105263 0.7 33 0.696969696969697 0.09090909090909091 0.9 5 1.0 0.4
36 0.1 60 0.55 0.08333333333333333 0.4 46 0.6304347826086957 0.10869565217391304 0.5 44 0.6363636363636364 0.11363636363636363 0.6 38 0.6578947368421053 0.13157894736842105 0.7 35 0.6857142857142857 0.14285714285714285 0.9 5 1.0 0.2
36 0.1 68 0.4852941176470588 0.04411764705882353 0.4 48 0.6041666666666666 0.041666666666666664 0.5 44 0.6136363636363636 0.045454545454545456 0.6 40 0.65 0.05 0.7 37 0.6756756756756757 0.05405405405405406 0.9 3 1.0 0.0
36 0.1 65 0.5076923076923077 0.046153846153846156 0.4 49 0.6122448979591837 0.061224489795918366 0.5 44 0.6136363636363636 0.06818181818181818 0.6 43 0.627906976744186 0.06976744186046512 0.7 37 0.6486486486486487 0.08108108108108109 0.9 2 1.0 0.0
36 0.1 68 0.4852941176470588 0.08823529411764706 0.4 47 0.6382978723404256 0.1276595744680851 0.5 45 0.6444444444444445 0.13333333333333333 0.6 42 0.6904761904761905 0.14285714285714285 0.7 39 0.6666666666666666 0.10256410256410256 0.9 6 1.0 0.3333333333333333
36 0.1 68 0.47058823529411764 0.058823529411764705 0.4 47 0.6170212765957447 0.0851063829787234 0.5 45 0.6222222222222222 0.08888888888888889 0.6 42 0.6666666666666666 0.09523809523809523 0.7 39 0.6666666666666666 0.10256410256410256 0.9 2 1.0 0.0
36 0.1 61 0.5409836065573771 0.03278688524590164 0.4 50 0.64 0.04 0.5 44 0.6363636363636364 0.045454545454545456 0.6 42 0.6428571428571429 0.047619047619047616 0.7 37 0.6756756756756757 0.05405405405405406 0.9 5 1.0 0.0
36 0.1 59 0.559322033898305 0.01694915254237288 0.4 46 0.6739130434782609 0.021739130434782608 0.5 44 0.6590909090909091 0.022727272727272728 0.6 37 0.6756756756756757 0.02702702702702703 0.7 33 0.6666666666666666 0.030303030303030304 0.9 3 1.0 0.0
36 0.1 70 0.45714285714285713 0.02857142857142857 0.4 51 0.5882352941176471 0.0392156862745098 0.5 50 0.58 0.04 0.6 42 0.6666666666666666 0.047619047619047616 0.7 36 0.6944444444444444 0.05555555555555555 0.9 2 1.0 0.0
36 0.1 63 0.49206349206349204 0.047619047619047616 0.4 52 0.5576923076923077 0.057692307692307696 0.5 46 0.6086956521739131 0.06521739130434782 0.6 43 0.627906976744186 0.06976744186046512 0.7 39 0.6666666666666666 0.07692307692307693 0.9 0 1 1
36 0.1 52 0.5769230769230769 0.019230769230769232 0.4 41 0.6585365853658537 0.024390243902439025 0.5 37 0.6756756756756757 0.02702702702702703 0.6 31 0.7419354838709677 0.03225806451612903 0.7 29 0.7586206896551724 0.034482758620689655 0.9 0 1 1
36 0.1 62 0.532258064516129 0.03225806451612903 0.4 46 0.6304347826086957 0.043478260869565216 0.5 43 0.6511627906976745 0.046511627906976744 0.6 39 0.6923076923076923 0.05128205128205128 0.7 33 0.696969696969697 0.06060606060606061 0.9 0 1 1
36 0.1 59 0.5423728813559322 0.0 0.4 46 0.6304347826086957 0.0 0.5 40 0.625 0.0 0.6 34 0.6470588235294118 0.0 0.7 32 0.65625 0.0 0.9 0 1 1
36 0.1 61 0.5409836065573771 0.0 0.4 46 0.6521739130434783 0.0 0.5 43 0.6511627906976745 0.0 0.6 39 0.6666666666666666 0.0 0.7 35 0.6571428571428571 0.0 0.9 1 1.0 0.0
36 0.1 58 0.5517241379310345 0.0 0.4 50 0.62 0.0 0.5 48 0.6458333333333334 0.0 0.6 45 0.6444444444444445 0.0 0.7 39 0.6153846153846154 0.0 0.9 4 1.0 0.0
36 0.1 64 0.515625 0.015625 0.4 50 0.64 0.02 0.5 49 0.6326530612244898 0.02040816326530612 0.6 44 0.6363636363636364 0.022727272727272728 0.7 41 0.6341463414634146 0.024390243902439025 0.9 2 1.0 0.0
36 0.1 61 0.5409836065573771 0.06557377049180328 0.4 48 0.625 0.0625 0.5 44 0.6363636363636364 0.06818181818181818 0.6 42 0.6190476190476191 0.07142857142857142 0.7 36 0.6666666666666666 0.08333333333333333 0.9 0 1 1
36 0.1 61 0.5081967213114754 0.04918032786885246 0.4 52 0.5961538461538461 0.057692307692307696 0.5 50 0.62 0.06 0.6 42 0.6428571428571429 0.07142857142857142 0.7 37 0.6486486486486487 0.08108108108108109 0.9 2 1.0 0.0
36 0.1 61 0.5245901639344263 0.06557377049180328 0.4 47 0.6382978723404256 0.0851063829787234 0.5 46 0.6521739130434783 0.08695652173913043 0.6 45 0.6444444444444445 0.06666666666666667 0.7 35 0.6857142857142857 0.08571428571428572 0.9 3 1.0 0.0
36 0.1 61 0.5245901639344263 0.04918032786885246 0.4 50 0.58 0.06 0.5 48 0.5625 0.0625 0.6 45 0.6 0.06666666666666667 0.7 36 0.6944444444444444 0.08333333333333333 0.9 1 1.0 0.0
36 0.1 62 0.5 0.04838709677419355 0.4 49 0.6122448979591837 0.061224489795918366 0.5 47 0.6382978723404256 0.06382978723404255 0.6 44 0.6363636363636364 0.06818181818181818 0.7 41 0.6341463414634146 0.07317073170731707 0.9 4 1.0 0.0
36 0.1 57 0.543859649122807 0.03508771929824561 0.4 51 0.6078431372549019 0.0392156862745098 0.5 45 0.6 0.044444444444444446 0.6 43 0.627906976744186 0.046511627906976744 0.7 39 0.6666666666666666 0.05128205128205128 0.9 5 1.0 0.0
36 0.1 63 0.5079365079365079 0.015873015873015872 0.4 51 0.5882352941176471 0.0196078431372549 0.5 47 0.5957446808510638 0.02127659574468085 0.6 47 0.5957446808510638 0.02127659574468085 0.7 38 0.6578947368421053 0.02631578947368421 0.9 6 1.0 0.0
36 0.1 64 0.515625 0.0 0.4 51 0.6078431372549019 0.0 0.5 47 0.6170212765957447 0.0 0.6 45 0.6222222222222222 0.0 0.7 39 0.6410256410256411 0.0 0.9 4 1.0 0.0
36 0.1 70 0.4714285714285714 0.04285714285714286 0.4 51 0.5882352941176471 0.058823529411764705 0.5 48 0.6041666666666666 0.0625 0.6 43 0.6046511627906976 0.06976744186046512 0.7 36 0.6666666666666666 0.08333333333333333 0.9 0 1 1
36 0.1 65 0.47692307692307695 0.046153846153846156 0.4 51 0.6078431372549019 0.058823529411764705 0.5 46 0.6304347826086957 0.06521739130434782 0.6 38 0.6578947368421053 0.07894736842105263 0.7 34 0.6764705882352942 0.08823529411764706 0.9 0 1 1
36 0.1 67 0.47761194029850745 0.04477611940298507 0.4 52 0.6153846153846154 0.057692307692307696 0.5 50 0.62 0.06 0.6 46 0.6739130434782609 0.06521739130434782 0.7 40 0.65 0.075 0.9 1 1.0 0.0
36 0.1 63 0.5238095238095238 0.015873015873015872 0.4 51 0.6274509803921569 0.0196078431372549 0.5 48 0.6458333333333334 0.020833333333333332 0.6 44 0.6363636363636364 0.022727272727272728 0.7 39 0.6666666666666666 0.02564102564102564 0.9 2 1.0 0.0
36 0.1 65 0.5076923076923077 0.046153846153846156 0.4 53 0.6037735849056604 0.05660377358490566 0.5 49 0.6122448979591837 0.061224489795918366 0.6 44 0.6363636363636364 0.06818181818181818 0.7 41 0.6585365853658537 0.07317073170731707 0.9 3 1.0 0.0
36 0.1 63 0.5079365079365079 0.06349206349206349 0.4 52 0.5961538461538461 0.07692307692307693 0.5 50 0.6 0.08 0.6 46 0.6086956521739131 0.08695652173913043 0.7 42 0.6428571428571429 0.09523809523809523 0.9 2 1.0 0.0
36 0.1 67 0.47761194029850745 0.07462686567164178 0.4 51 0.6078431372549019 0.09803921568627451 0.5 49 0.6122448979591837 0.10204081632653061 0.6 48 0.625 0.10416666666666667 0.7 44 0.6363636363636364 0.11363636363636363 0.9 2 1.0 0.0
36 0.1 61 0.5245901639344263 0.06557377049180328 0.4 48 0.6666666666666666 0.08333333333333333 0.5 48 0.6666666666666666 0.08333333333333333 0.6 44 0.6590909090909091 0.09090909090909091 0.7 41 0.6829268292682927 0.0975609756097561 0.9 4 1.0 0.0
36 0.1 68 0.47058823529411764 0.04411764705882353 0.4 52 0.5961538461538461 0.057692307692307696 0.5 50 0.6 0.06 0.6 48 0.625 0.0625 0.7 45 0.6222222222222222 0.06666666666666667 0.9 4 1.0 0.0
36 0.1 70 0.4714285714285714 0.0 0.4 52 0.5769230769230769 0.0 0.5 46 0.6304347826086957 0.0 0.6 42 0.6428571428571429 0.0 0.7 38 0.6578947368421053 0.0 0.9 3 1.0 0.0
36 0.1 67 0.47761194029850745 0.014925373134328358 0.4 50 0.62 0.02 0.5 49 0.6326530612244898 0.02040816326530612 0.6 47 0.6382978723404256 0.02127659574468085 0.7 40 0.675 0.025 0.9 4 1.0 0.0
36 0.1 56 0.5892857142857143 0.017857142857142856 0.4 44 0.6363636363636364 0.022727272727272728 0.5 41 0.6585365853658537 0.024390243902439025 0.6 38 0.6842105263157895 0.02631578947368421 0.7 30 0.7333333333333333 0.03333333333333333 0.9 2 1.0 0.0
36 0.1 63 0.5238095238095238 0.015873015873015872 0.4 49 0.5918367346938775 0.02040816326530612 0.5 42 0.6428571428571429 0.023809523809523808 0.6 39 0.6666666666666666 0.02564102564102564 0.7 35 0.6857142857142857 0.02857142857142857 0.9 1 0.0 0.0
36 0.1 62 0.5161290322580645 0.016129032258064516 0.4 46 0.6304347826086957 0.021739130434782608 0.5 43 0.6511627906976745 0.023255813953488372 0.6 37 0.6756756756756757 0.02702702702702703 0.7 35 0.7142857142857143 0.02857142857142857 0.9 0 1 1
36 0.1 59 0.576271186440678 0.0 0.4 50 0.62 0.0 0.5 45 0.6666666666666666 0.0 0.6 41 0.6829268292682927 0.0 0.7 37 0.7027027027027027 0.0 0.9 2 1.0 0.0
36 0.1 58 0.5689655172413793 0.0 0.4 47 0.6170212765957447 0.0 0.5 40 0.65 0.0 0.6 39 0.6666666666666666 0.0 0.7 38 0.6842105263157895 0.0 0.9 1 1.0 0.0
