38 0.1 0 1 1 0.4 0 1 1 0.5 0 1 1 0.6 0 1 1 0.7 0 1 1 0.9 0 1 1
38 0.1 0 1 1 0.4 0 1 1 0.5 0 1 1 0.6 0 1 1 0.7 0 1 1 0.9 0 1 1
38 0.1 0 1 1 0.4 0 1 1 0.5 0 1 1 0.6 0 1 1 0.7 0 1 1 0.9 0 1 1
38 0.1 0 1 1 0.4 0 1 1 0.5 0 1 1 0.6 0 1 1 0.7 0 1 1 0.9 0 1 1
38 0.1 1 0.0 0.0 0.4 0 1 1 0.5 0 1 1 0.6 0 1 1 0.7 0 1 1 0.9 0 1 1
38 0.1 151 0.06622516556291391 0.0 0.4 3 0.0 0.0 0.5 1 0.0 0.0 0.6 1 0.0 0.0 0.7 0 1 1 0.9 0 1 1
38 0.1 273 0.08791208791208792 0.0 0.4 5 0.0 0.0 0.5 2 0.0 0.0 0.6 1 0.0 0.0 0.7 0 1 1 0.9 0 1 1
38 0.1 146 0.0958904109589041 0.0 0.4 6 0.3333333333333333 0.0 0.5 1 0.0 0.0 0.6 1 0.0 0.0 0.7 0 1 1 0.9 0 1 1
38 0.1 640 0.053125 0.0 0.4 129 0.18604651162790697 0.0 0.5 62 0.22580645161290322 0.0 0.6 19 0.3157894736842105 0.0 0.7 2 0.5 0.0 0.9 0 1 1
38 0.1 809 0.04573547589616811 0.0 0.4 198 0.14646464646464646 0.0 0.5 114 0.21052631578947367 0.0 0.6 52 0.28846153846153844 0.0 0.7 5 0.4 0.0 0.9 0 1 1
38 0.1 738 0.051490514905149054 0.0 0.4 178 0.16292134831460675 0.0 0.5 104 0.21153846153846154 0.0 0.6 62 0.3064516129032258 0.0 0.7 17 0.5882352941176471 0.0 0.9 0 1 1
38 0.1 466 0.07939914163090128 0.002145922746781116 0.4 99 0.30303030303030304 0.010101010101010102 0.5 54 0.46296296296296297 0.018518518518518517 0.6 24 0.5833333333333334 0.0 0.7 1 1.0 0.0 0.9 0 1 1
38 0.1 503 0.073558648111332 0.0 0.4 106 0.2830188679245283 0.0 0.5 50 0.36 0.0 0.6 9 0.4444444444444444 0.0 0.7 1 1.0 0.0 0.9 0 1 1
38 0.1 513 0.07407407407407407 0.0 0.4 115 0.24347826086956523 0.0 0.5 59 0.4067796610169492 0.0 0.6 29 0.5862068965517241 0.0 0.7 8 0.75 0.0 0.9 0 1 1
38 0.1 309 0.11326860841423948 0.0 0.4 23 0.391304347826087 0.0 0.5 6 0.3333333333333333 0.0 0.6 0 1 1 0.7 0 1 1 0.9 0 1 1
38 0.1 247 0.14979757085020243 0.0 0.4 43 0.5348837209302325 0.0 0.5 19 0.7894736842105263 0.0 0.6 0 1 1 0.7 0 1 1 0.9 0 1 1
38 0.1 284 0.1267605633802817 0.0 0.4 107 0.2897196261682243 0.0 0.5 66 0.36363636363636365 0.0 0.6 41 0.4634146341463415 0.0 0.7 15 0.4 0.0 0.9 0 1 1
38 0.1 377 0.10079575596816977 0.0 0.4 125 0.28 0.0 0.5 89 0.33707865168539325 0.0 0.6 57 0.43859649122807015 0.0 0.7 30 0.5666666666666667 0.0 0.9 0 1 1
38 0.1 303 0.10561056105610561 0.0 0.4 73 0.3013698630136986 0.0 0.5 46 0.3695652173913043 0.0 0.6 16 0.4375 0.0 0.7 5 0.2 0.0 0.9 0 1 1
38 0.1 322 0.11490683229813664 0.0 0.4 131 0.22137404580152673 0.0 0.5 96 0.2604166666666667 0.0 0.6 67 0.26865671641791045 0.0 0.7 27 0.25925925925925924 0.0 0.9 0 1 1
38 0.1 151 0.23178807947019867 0.0 0.4 26 0.5 0.0 0.5 5 0.6 0.0 0.6 0 1 1 0.7 0 1 1 0.9 0 1 1
38 0.1 307 0.11726384364820847 0.0 0.4 88 0.36363636363636365 0.0 0.5 47 0.48936170212765956 0.0 0.6 8 0.75 0.0 0.7 0 1 1 0.9 0 1 1
38 0.1 536 0.06902985074626866 0.0 0.4 230 0.1565217391304348 0.0 0.5 170 0.20588235294117646 0.0 0.6 122 0.26229508196721313 0.0 0.7 91 0.32967032967032966 0.0 0.9 0 1 1
38 0.1 288 0.13194444444444445 0.0 0.4 107 0.2897196261682243 0.0 0.5 77 0.38961038961038963 0.0 0.6 58 0.4482758620689655 0.0 0.7 31 0.7419354838709677 0.0 0.9 0 1 1
38 0.1 189 0.20105820105820105 0.0 0.4 67 0.5223880597014925 0.0 0.5 50 0.64 0.0 0.6 38 0.7368421052631579 0.0 0.7 25 0.92 0.0 0.9 0 1 1
38 0.1 308 0.12337662337662338 0.0 0.4 142 0.23943661971830985 0.0 0.5 89 0.33707865168539325 0.0 0.6 29 0.5517241379310345 0.0 0.7 1 1.0 0.0 0.9 0 1 1
38 0.1 137 0.26277372262773724 0.0 0.4 58 0.46551724137931033 0.0 0.5 42 0.5 0.0 0.6 34 0.5294117647058824 0.0 0.7 14 0.7857142857142857 0.0 0.9 0 1 1
38 0.1 39 0.38461538461538464 0.0 0.4 9 0.5555555555555556 0.0 0.5 5 0.6 0.0 0.6 3 0.6666666666666666 0.0 0.7 0 1 1 0.9 0 1 1
38 0.1 232 0.15948275862068967 0.0 0.4 137 0.24087591240875914 0.0 0.5 113 0.2831858407079646 0.0 0.6 85 0.3411764705882353 0.0 0.7 46 0.5434782608695652 0.0 0.9 0 1 1
38 0.1 254 0.11811023622047244 0.0 0.4 126 0.23809523809523808 0.0 0.5 103 0.2815533980582524 0.0 0.6 65 0.38461538461538464 0.0 0.7 49 0.5102040816326531 0.0 0.9 1 1.0 0.0
38 0.1 188 0.18617021276595744 0.0 0.4 103 0.3106796116504854 0.0 0.5 82 0.34146341463414637 0.0 0.6 61 0.39344262295081966 0.0 0.7 28 0.6785714285714286 0.0 0.9 0 1 1
38 0.1 81 0.3950617283950617 0.0 0.4 26 0.8076923076923077 0.0 0.5 21 0.8571428571428571 0.0 0.6 14 0.8571428571428571 0.0 0.7 4 1.0 0.0 0.9 0 1 1
38 0.1 90 0.4111111111111111 0.0 0.4 39 0.7435897435897436 0.0 0.5 36 0.7777777777777778 0.0 0.6 28 0.8571428571428571 0.0 0.7 10 0.9 0.0 0.9 0 1 1
38 0.1 71 0.4647887323943662 0.0 0.4 35 0.7714285714285715 0.0 0.5 30 0.8666666666666667 0.0 0.6 21 0.9523809523809523 0.0 0.7 12 1.0 0.0 0.9 0 1 1
38 0.1 70 0.5142857142857142 0.0 0.4 41 0.7317073170731707 0.0 0.5 33 0.8484848484848485 0.0 0.6 26 0.8846153846153846 0.0 0.7 13 0.9230769230769231 0.0 0.9 0 1 1
38 0.1 75 0.44 0.0 0.4 23 0.782608695652174 0.0 0.5 16 0.9375 0.0 0.6 3 1.0 0.0 0.7 0 1 1 0.9 0 1 1
38 0.1 121 0.30578512396694213 0.0 0.4 61 0.4918032786885246 0.0 0.5 45 0.6222222222222222 0.0 0.6 36 0.75 0.0 0.7 25 0.88 0.0 0.9 1 1.0 0.0
38 0.1 130 0.2923076923076923 0.0 0.4 80 0.4125 0.0 0.5 64 0.5 0.0 0.6 37 0.8378378378378378 0.0 0.7 29 0.9310344827586207 0.0 0.9 0 1 1
38 0.1 155 0.2064516129032258 0.0 0.4 7 0.42857142857142855 0.0 0.5 0 1 1 0.6 0 1 1 0.7 0 1 1 0.9 0 1 1
38 0.1 146 0.2534246575342466 0.0 0.4 65 0.5076923076923077 0.0 0.5 48 0.6666666666666666 0.0 0.6 34 0.8235294117647058 0.0 0.7 22 0.9545454545454546 0.0 0.9 0 1 1
38 0.1 81 0.3950617283950617 0.0 0.4 42 0.7380952380952381 0.0 0.5 35 0.8 0.0 0.6 26 0.8461538461538461 0.0 0.7 16 0.9375 0.0 0.9 0 1 1
38 0.1 104 0.3269230769230769 0.0 0.4 40 0.675 0.0 0.5 28 0.7857142857142857 0.0 0.6 18 0.8333333333333334 0.0 0.7 4 1.0 0.0 0.9 0 1 1
38 0.1 23 0.43478260869565216 0.0 0.4 6 0.6666666666666666 0.0 0.5 3 1.0 0.0 0.6 2 1.0 0.0 0.7 0 1 1 0.9 0 1 1
38 0.1 13 0.8461538461538461 0.0 0.4 2 1.0 0.0 0.5 0 1 1 0.6 0 1 1 0.7 0 1 1 0.9 0 1 1
38 0.1 46 0.6086956521739131 0.0 0.4 18 0.9444444444444444 0.0 0.5 14 1.0 0.0 0.6 10 1.0 0.0 0.7 2 1.0 0.0 0.9 0 1 1
38 0.1 69 0.5217391304347826 0.0 0.4 40 0.775 0.0 0.5 38 0.8157894736842105 0.0 0.6 32 0.90625 0.0 0.7 20 0.95 0.0 0.9 2 1.0 0.0
38 0.1 81 0.38271604938271603 0.0 0.4 39 0.717948717948718 0.0 0.5 33 0.8484848484848485 0.0 0.6 29 0.896551724137931 0.0 0.7 23 0.9130434782608695 0.0 0.9 0 1 1
38 0.1 45 0.5111111111111111 0.0 0.4 8 0.875 0.0 0.5 5 1.0 0.0 0.6 3 1.0 0.0 0.7 2 1.0 0.0 0.9 0 1 1
38 0.1 68 0.5 0.0 0.4 30 0.8 0.0 0.5 23 0.8260869565217391 0.0 0.6 10 0.9 0.0 0.7 2 1.0 0.0 0.9 0 1 1
38 0.1 68 0.5294117647058824 0.014705882352941176 0.4 36 0.8055555555555556 0.0 0.5 32 0.8125 0.0 0.6 24 0.9583333333333334 0.0 0.7 14 1.0 0.0 0.9 0 1 1
38 0.1 91 0.4175824175824176 0.0 0.4 46 0.6956521739130435 0.0 0.5 40 0.775 0.0 0.6 34 0.8235294117647058 0.0 0.7 26 0.8461538461538461 0.0 0.9 0 1 1
38 0.1 103 0.34951456310679613 0.0 0.4 43 0.6744186046511628 0.0 0.5 38 0.7368421052631579 0.0 0.6 30 0.8 0.0 0.7 20 0.9 0.0 0.9 0 1 1
38 0.1 105 0.3523809523809524 0.0 0.4 45 0.7111111111111111 0.0 0.5 31 0.8709677419354839 0.0 0.6 17 0.9411764705882353 0.0 0.7 1 1.0 0.0 0.9 0 1 1
38 0.1 85 0.3176470588235294 0.0 0.4 14 0.7857142857142857 0.0 0.5 4 1.0 0.0 0.6 0 1 1 0.7 0 1 1 0.9 0 1 1
38 0.1 52 0.5192307692307693 0.019230769230769232 0.4 14 0.8571428571428571 0.07142857142857142 0.5 7 0.8571428571428571 0.0 0.6 6 0.8333333333333334 0.0 0.7 5 1.0 0.0 0.9 0 1 1
38 0.1 65 0.5384615384615384 0.0 0.4 43 0.6744186046511628 0.0 0.5 39 0.717948717948718 0.0 0.6 31 0.8064516129032258 0.0 0.7 17 0.9411764705882353 0.0 0.9 0 1 1
38 0.1 46 0.6521739130434783 0.021739130434782608 0.4 29 0.9310344827586207 0.034482758620689655 0.5 19 1.0 0.0 0.6 14 1.0 0.0 0.7 8 1.0 0.0 0.9 0 1 1
38 0.1 88 0.36363636363636365 0.0 0.4 50 0.62 0.0 0.5 45 0.6666666666666666 0.0 0.6 39 0.7692307692307693 0.0 0.7 35 0.7714285714285715 0.0 0.9 8 1.0 0.0
38 0.1 120 0.3 0.0 0.4 60 0.5666666666666667 0.0 0.5 47 0.6808510638297872 0.0 0.6 35 0.7714285714285715 0.0 0.7 25 0.88 0.0 0.9 0 1 1
38 0.1 100 0.32 0.0 0.4 33 0.7272727272727273 0.0 0.5 26 0.8846153846153846 0.0 0.6 16 1.0 0.0 0.7 6 1.0 0.0 0.9 0 1 1
38 0.1 75 0.48 0.013333333333333334 0.4 44 0.75 0.022727272727272728 0.5 38 0.7894736842105263 0.02631578947368421 0.6 33 0.8787878787878788 0.030303030303030304 0.7 29 0.8620689655172413 0.0 0.9 1 1.0 0.0
38 0.1 155 0.22580645161290322 0.0 0.4 77 0.33766233766233766 0.0 0.5 45 0.4444444444444444 0.0 0.6 26 0.5769230769230769 0.0 0.7 10 0.8 0.0 0.9 0 1 1
38 0.1 122 0.2786885245901639 0.0 0.4 66 0.5 0.0 0.5 55 0.5818181818181818 0.0 0.6 53 0.6037735849056604 0.0 0.7 41 0.6585365853658537 0.0 0.9 4 1.0 0.0
38 0.1 66 0.48484848484848486 0.0 0.4 28 0.8214285714285714 0.0 0.5 18 0.9444444444444444 0.0 0.6 11 0.9090909090909091 0.0 0.7 6 1.0 0.0 0.9 0 1 1
38 0.1 2 1.0 0.0 0.4 0 1 1 0.5 0 1 1 0.6 0 1 1 0.7 0 1 1 0.9 0 1 1
38 0.1 5 0.8 0.0 0.4 0 1 1 0.5 0 1 1 0.6 0 1 1 0.7 0 1 1 0.9 0 1 1
38 0.1 61 0.09836065573770492 0.0 0.4 0 1 1 0.5 0 1 1 0.6 0 1 1 0.7 0 1 1 0.9 0 1 1
38 0.1 39 0.41025641025641024 0.0 0.4 3 0.3333333333333333 0.0 0.5 1 1.0 0.0 0.6 0 1 1 0.7 0 1 1 0.9 0 1 1
38 0.1 35 0.2 0.0 0.4 0 1 1 0.5 0 1 1 0.6 0 1 1 0.7 0 1 1 0.9 0 1 1
38 0.1 0 1 1 0.4 0 1 1 0.5 0 1 1 0.6 0 1 1 0.7 0 1 1 0.9 0 1 1
38 0.1 1 1.0 0.0 0.4 0 1 1 0.5 0 1 1 0.6 0 1 1 0.7 0 1 1 0.9 0 1 1
38 0.1 3 0.6666666666666666 0.0 0.4 0 1 1 0.5 0 1 1 0.6 0 1 1 0.7 0 1 1 0.9 0 1 1
38 0.1 1 1.0 0.0 0.4 0 1 1 0.5 0 1 1 0.6 0 1 1 0.7 0 1 1 0.9 0 1 1
38 0.1 42 0.5 0.0 0.4 2 0.5 0.0 0.5 1 1.0 0.0 0.6 0 1 1 0.7 0 1 1 0.9 0 1 1
38 0.1 109 0.3211009174311927 0.0 0.4 25 0.84 0.0 0.5 16 0.8125 0.0 0.6 7 1.0 0.0 0.7 0 1 1 0.9 0 1 1
38 0.1 83 0.3614457831325301 0.0 0.4 14 0.8571428571428571 0.0 0.5 6 1.0 0.0 0.6 4 1.0 0.0 0.7 0 1 1 0.9 0 1 1
38 0.1 90 0.34444444444444444 0.0 0.4 19 0.7894736842105263 0.0 0.5 6 0.8333333333333334 0.0 0.6 1 1.0 0.0 0.7 0 1 1 0.9 0 1 1
38 0.1 59 0.4576271186440678 0.0 0.4 13 0.9230769230769231 0.0 0.5 4 1.0 0.0 0.6 2 1.0 0.0 0.7 0 1 1 0.9 0 1 1
38 0.1 145 0.2482758620689655 0.0 0.4 18 0.8333333333333334 0.0 0.5 5 0.8 0.0 0.6 1 1.0 0.0 0.7 0 1 1 0.9 0 1 1
38 0.1 172 0.1744186046511628 0.0 0.4 17 0.7058823529411765 0.0 0.5 2 1.0 0.0 0.6 2 1.0 0.0 0.7 0 1 1 0.9 0 1 1
38 0.1 129 0.2558139534883721 0.007751937984496124 0.4 18 0.7222222222222222 0.0 0.5 6 0.8333333333333334 0.0 0.6 3 0.6666666666666666 0.0 0.7 0 1 1 0.9 0 1 1
38 0.1 35 0.4 0.0 0.4 5 1.0 0.0 0.5 1 1.0 0.0 0.6 0 1 1 0.7 0 1 1 0.9 0 1 1
38 0.1 79 0.45569620253164556 0.0 0.4 19 0.8421052631578947 0.0 0.5 13 1.0 0.0 0.6 7 1.0 0.0 0.7 1 1.0 0.0 0.9 0 1 1
38 0.1 79 0.4050632911392405 0.0 0.4 37 0.7837837837837838 0.0 0.5 30 0.8 0.0 0.6 25 0.84 0.0 0.7 15 1.0 0.0 0.9 0 1 1
38 0.1 27 0.48148148148148145 0.0 0.4 6 0.8333333333333334 0.0 0.5 3 0.6666666666666666 0.0 0.6 1 0.0 0.0 0.7 0 1 1 0.9 0 1 1
38 0.1 43 0.5116279069767442 0.023255813953488372 0.4 16 0.75 0.0 0.5 8 0.75 0.0 0.6 2 0.5 0.0 0.7 1 0.0 0.0 0.9 0 1 1
38 0.1 134 0.2537313432835821 0.007462686567164179 0.4 37 0.7837837837837838 0.02702702702702703 0.5 28 0.7857142857142857 0.03571428571428571 0.6 17 0.8823529411764706 0.058823529411764705 0.7 6 0.8333333333333334 0.0 0.9 0 1 1
38 0.1 222 0.10810810810810811 0.0 0.4 20 0.65 0.0 0.5 8 0.875 0.0 0.6 2 1.0 0.0 0.7 0 1 1 0.9 0 1 1
38 0.1 205 0.17560975609756097 0.00975609756097561 0.4 39 0.717948717948718 0.05128205128205128 0.5 29 0.6896551724137931 0.06896551724137931 0.6 14 0.7857142857142857 0.14285714285714285 0.7 5 0.8 0.4 0.9 0 1 1
38 0.1 149 0.2483221476510067 0.006711409395973154 0.4 13 0.9230769230769231 0.0 0.5 5 1.0 0.0 0.6 1 1.0 0.0 0.7 0 1 1 0.9 0 1 1
38 0.1 12 0.4166666666666667 0.0 0.4 1 0.0 0.0 0.5 0 1 1 0.6 0 1 1 0.7 0 1 1 0.9 0 1 1
38 0.1 62 0.3870967741935484 0.0 0.4 12 0.6666666666666666 0.0 0.5 6 1.0 0.0 0.6 3 1.0 0.0 0.7 0 1 1 0.9 0 1 1
38 0.1 116 0.29310344827586204 0.008620689655172414 0.4 35 0.6857142857142857 0.02857142857142857 0.5 25 0.8 0.04 0.6 16 0.9375 0.0625 0.7 9 1.0 0.1111111111111111 0.9 0 1 1
38 0.1 86 0.37209302325581395 0.023255813953488372 0.4 31 0.7096774193548387 0.06451612903225806 0.5 22 0.8636363636363636 0.09090909090909091 0.6 12 1.0 0.16666666666666666 0.7 7 1.0 0.2857142857142857 0.9 0 1 1
38 0.1 152 0.24342105263157895 0.013157894736842105 0.4 38 0.6578947368421053 0.05263157894736842 0.5 22 0.9090909090909091 0.09090909090909091 0.6 9 1.0 0.2222222222222222 0.7 2 1.0 0.0 0.9 0 1 1
38 0.1 117 0.3162393162393162 0.0 0.4 31 0.8064516129032258 0.0 0.5 20 0.9 0.0 0.6 12 1.0 0.0 0.7 6 1.0 0.0 0.9 0 1 1
38 0.1 84 0.40476190476190477 0.0 0.4 33 0.7878787878787878 0.0 0.5 24 0.8333333333333334 0.0 0.6 14 0.8571428571428571 0.0 0.7 8 1.0 0.0 0.9 0 1 1
38 0.1 74 0.5 0.0 0.4 31 0.8064516129032258 0.0 0.5 24 0.9166666666666666 0.0 0.6 16 0.9375 0.0 0.7 10 1.0 0.0 0.9 0 1 1
38 0.1 53 0.5849056603773585 0.0 0.4 20 0.8 0.0 0.5 10 0.9 0.0 0.6 6 1.0 0.0 0.7 1 1.0 0.0 0.9 0 1 1
38 0.1 41 0.6585365853658537 0.024390243902439025 0.4 19 0.9473684210526315 0.0 0.5 12 0.9166666666666666 0.0 0.6 7 0.8571428571428571 0.0 0.7 3 1.0 0.0 0.9 0 1 1
38 0.1 80 0.45 0.0 0.4 38 0.7368421052631579 0.0 0.5 33 0.8484848484848485 0.0 0.6 26 0.8846153846153846 0.0 0.7 22 0.8636363636363636 0.0 0.9 0 1 1
38 0.1 101 0.297029702970297 0.0 0.4 39 0.5128205128205128 0.0 0.5 23 0.7391304347826086 0.0 0.6 8 1.0 0.0 0.7 1 1.0 0.0 0.9 0 1 1
38 0.1 92 0.2391304347826087 0.0 0.4 29 0.5517241379310345 0.0 0.5 25 0.64 0.0 0.6 10 0.9 0.0 0.7 3 1.0 0.0 0.9 0 1 1
38 0.1 99 0.29292929292929293 0.0 0.4 35 0.6285714285714286 0.0 0.5 26 0.6923076923076923 0.0 0.6 16 0.875 0.0 0.7 6 1.0 0.0 0.9 0 1 1
38 0.1 69 0.2463768115942029 0.0 0.4 29 0.41379310344827586 0.0 0.5 25 0.44 0.0 0.6 17 0.5294117647058824 0.0 0.7 6 1.0 0.0 0.9 0 1 1
38 0.1 45 0.37777777777777777 0.0 0.4 19 0.47368421052631576 0.0 0.5 15 0.3333333333333333 0.0 0.6 6 0.6666666666666666 0.0 0.7 2 0.5 0.0 0.9 0 1 1
38 0.1 62 0.5161290322580645 0.0 0.4 21 0.9047619047619048 0.0 0.5 14 0.9285714285714286 0.0 0.6 9 0.8888888888888888 0.0 0.7 6 1.0 0.0 0.9 0 1 1
38 0.1 16 0.6875 0.0 0.4 4 1.0 0.0 0.5 1 1.0 0.0 0.6 1 1.0 0.0 0.7 0 1 1 0.9 0 1 1
38 0.1 64 0.5 0.0 0.4 25 0.84 0.0 0.5 16 0.875 0.0 0.6 11 0.9090909090909091 0.0 0.7 7 1.0 0.0 0.9 0 1 1
38 0.1 65 0.5076923076923077 0.03076923076923077 0.4 34 0.7941176470588235 0.058823529411764705 0.5 23 0.9130434782608695 0.08695652173913043 0.6 17 0.9411764705882353 0.11764705882352941 0.7 11 0.9090909090909091 0.09090909090909091 0.9 0 1 1
38 0.1 70 0.5142857142857142 0.04285714285714286 0.4 40 0.725 0.075 0.5 32 0.8125 0.09375 0.6 26 0.8461538461538461 0.11538461538461539 0.7 16 0.9375 0.1875 0.9 0 1 1
38 0.1 61 0.5573770491803278 0.08196721311475409 0.4 32 0.84375 0.15625 0.5 28 0.8928571428571429 0.17857142857142858 0.6 25 0.88 0.16 0.7 10 1.0 0.0 0.9 0 1 1
38 0.1 56 0.5892857142857143 0.03571428571428571 0.4 30 0.8666666666666667 0.03333333333333333 0.5 28 0.8571428571428571 0.03571428571428571 0.6 20 0.9 0.05 0.7 14 1.0 0.07142857142857142 0.9 0 1 1
38 0.1 67 0.4626865671641791 0.014925373134328358 0.4 33 0.8484848484848485 0.030303030303030304 0.5 25 0.96 0.04 0.6 22 0.9545454545454546 0.045454545454545456 0.7 15 1.0 0.06666666666666667 0.9 0 1 1
38 0.1 79 0.4430379746835443 0.02531645569620253 0.4 34 0.8235294117647058 0.058823529411764705 0.5 32 0.875 0.0625 0.6 25 0.92 0.08 0.7 14 0.8571428571428571 0.07142857142857142 0.9 0 1 1
38 0.1 60 0.5666666666666667 0.03333333333333333 0.4 32 0.84375 0.0625 0.5 25 0.88 0.08 0.6 21 0.9047619047619048 0.09523809523809523 0.7 18 1.0 0.1111111111111111 0.9 0 1 1
38 0.1 47 0.6382978723404256 0.0425531914893617 0.4 24 0.875 0.08333333333333333 0.5 19 0.8947368421052632 0.10526315789473684 0.6 14 1.0 0.14285714285714285 0.7 10 1.0 0.2 0.9 0 1 1
38 0.1 28 0.6428571428571429 0.0 0.4 14 0.7857142857142857 0.0 0.5 9 0.7777777777777778 0.0 0.6 4 0.75 0.0 0.7 2 1.0 0.0 0.9 0 1 1
38 0.1 60 0.5833333333333334 0.0 0.4 33 0.7575757575757576 0.0 0.5 29 0.8275862068965517 0.0 0.6 23 0.9130434782608695 0.0 0.7 16 0.9375 0.0 0.9 0 1 1
38 0.1 54 0.6111111111111112 0.037037037037037035 0.4 34 0.7941176470588235 0.058823529411764705 0.5 30 0.8333333333333334 0.06666666666666667 0.6 25 0.92 0.08 0.7 14 1.0 0.14285714285714285 0.9 0 1 1
38 0.1 47 0.6382978723404256 0.0 0.4 33 0.7878787878787878 0.0 0.5 31 0.8387096774193549 0.0 0.6 25 0.96 0.0 0.7 19 1.0 0.0 0.9 0 1 1
38 0.1 53 0.6226415094339622 0.0 0.4 30 0.8333333333333334 0.0 0.5 26 0.8846153846153846 0.0 0.6 22 0.9545454545454546 0.0 0.7 10 0.9 0.0 0.9 0 1 1
38 0.1 85 0.38823529411764707 0.0 0.4 42 0.6190476190476191 0.0 0.5 38 0.6578947368421053 0.0 0.6 33 0.7272727272727273 0.0 0.7 27 0.7777777777777778 0.0 0.9 0 1 1
38 0.1 52 0.6730769230769231 0.038461538461538464 0.4 28 0.8214285714285714 0.07142857142857142 0.5 22 0.9090909090909091 0.09090909090909091 0.6 21 0.9523809523809523 0.09523809523809523 0.7 15 1.0 0.13333333333333333 0.9 0 1 1
38 0.1 56 0.5714285714285714 0.017857142857142856 0.4 30 0.8333333333333334 0.03333333333333333 0.5 26 0.9230769230769231 0.038461538461538464 0.6 23 0.9565217391304348 0.043478260869565216 0.7 14 1.0 0.07142857142857142 0.9 0 1 1
38 0.1 85 0.38823529411764707 0.023529411764705882 0.4 32 0.84375 0.0625 0.5 27 0.8888888888888888 0.037037037037037035 0.6 23 0.8695652173913043 0.043478260869565216 0.7 14 1.0 0.0 0.9 0 1 1
38 0.1 66 0.5151515151515151 0.06060606060606061 0.4 32 0.8125 0.125 0.5 27 0.8888888888888888 0.14814814814814814 0.6 21 0.9523809523809523 0.19047619047619047 0.7 15 0.9333333333333333 0.26666666666666666 0.9 0 1 1
38 0.1 49 0.6326530612244898 0.02040816326530612 0.4 31 0.8064516129032258 0.03225806451612903 0.5 28 0.8214285714285714 0.03571428571428571 0.6 21 0.8571428571428571 0.047619047619047616 0.7 15 0.9333333333333333 0.06666666666666667 0.9 0 1 1
38 0.1 165 0.21818181818181817 0.0 0.4 29 0.7586206896551724 0.0 0.5 19 0.8421052631578947 0.0 0.6 13 0.9230769230769231 0.0 0.7 7 1.0 0.0 0.9 0 1 1
38 0.1 53 0.6415094339622641 0.018867924528301886 0.4 25 0.92 0.04 0.5 20 0.95 0.05 0.6 16 1.0 0.0625 0.7 11 1.0 0.09090909090909091 0.9 0 1 1
38 0.1 104 0.33653846153846156 0.0 0.4 37 0.7297297297297297 0.0 0.5 28 0.8214285714285714 0.0 0.6 21 0.8571428571428571 0.0 0.7 14 0.9285714285714286 0.0 0.9 0 1 1
38 0.1 95 0.3684210526315789 0.0 0.4 28 0.8214285714285714 0.0 0.5 26 0.8461538461538461 0.0 0.6 23 0.9130434782608695 0.0 0.7 13 1.0 0.0 0.9 0 1 1
38 0.1 125 0.288 0.008 0.4 43 0.6744186046511628 0.023255813953488372 0.5 34 0.7941176470588235 0.029411764705882353 0.6 26 0.9230769230769231 0.038461538461538464 0.7 22 0.9090909090909091 0.0 0.9 0 1 1
38 0.1 113 0.3185840707964602 0.0 0.4 37 0.7297297297297297 0.0 0.5 30 0.7333333333333333 0.0 0.6 22 0.8181818181818182 0.0 0.7 14 0.9285714285714286 0.0 0.9 0 1 1
38 0.1 43 0.7209302325581395 0.0 0.4 26 0.9230769230769231 0.0 0.5 20 0.9 0.0 0.6 15 0.8666666666666667 0.0 0.7 10 0.8 0.0 0.9 0 1 1
38 0.1 57 0.6140350877192983 0.0 0.4 36 0.7777777777777778 0.0 0.5 34 0.7941176470588235 0.0 0.6 32 0.8125 0.0 0.7 24 0.9166666666666666 0.0 0.9 1 1.0 0.0
38 0.1 56 0.625 0.017857142857142856 0.4 36 0.8333333333333334 0.027777777777777776 0.5 32 0.875 0.03125 0.6 27 0.8888888888888888 0.037037037037037035 0.7 23 0.9130434782608695 0.043478260869565216 0.9 0 1 1
38 0.1 54 0.6666666666666666 0.0 0.4 38 0.8157894736842105 0.0 0.5 33 0.8787878787878788 0.0 0.6 32 0.875 0.0 0.7 26 0.9230769230769231 0.0 0.9 0 1 1
38 0.1 46 0.7391304347826086 0.0 0.4 34 0.8529411764705882 0.0 0.5 32 0.875 0.0 0.6 26 0.9230769230769231 0.0 0.7 22 0.9545454545454546 0.0 0.9 0 1 1
38 0.1 49 0.6530612244897959 0.02040816326530612 0.4 34 0.7941176470588235 0.029411764705882353 0.5 30 0.8666666666666667 0.03333333333333333 0.6 27 0.8888888888888888 0.037037037037037035 0.7 24 0.9166666666666666 0.041666666666666664 0.9 0 1 1
38 0.1 58 0.5689655172413793 0.06896551724137931 0.4 35 0.8 0.11428571428571428 0.5 31 0.8387096774193549 0.12903225806451613 0.6 26 0.9230769230769231 0.15384615384615385 0.7 19 0.9473684210526315 0.21052631578947367 0.9 0 1 1
38 0.1 64 0.5625 0.03125 0.4 37 0.8108108108108109 0.05405405405405406 0.5 33 0.8484848484848485 0.06060606060606061 0.6 28 0.8571428571428571 0.07142857142857142 0.7 22 0.9090909090909091 0.09090909090909091 0.9 0 1 1
38 0.1 46 0.717391304347826 0.021739130434782608 0.4 33 0.8484848484848485 0.030303030303030304 0.5 30 0.8666666666666667 0.03333333333333333 0.6 27 0.8888888888888888 0.037037037037037035 0.7 21 0.9523809523809523 0.047619047619047616 0.9 0 1 1
38 0.1 42 0.7380952380952381 0.0 0.4 27 0.8888888888888888 0.0 0.5 25 0.88 0.0 0.6 22 0.9545454545454546 0.0 0.7 20 0.95 0.0 0.9 0 1 1
38 0.1 60 0.5833333333333334 0.016666666666666666 0.4 35 0.8285714285714286 0.02857142857142857 0.5 29 0.8275862068965517 0.034482758620689655 0.6 25 0.88 0.04 0.7 24 0.875 0.041666666666666664 0.9 0 1 1
38 0.1 35 0.7142857142857143 0.05714285714285714 0.4 24 0.7916666666666666 0.08333333333333333 0.5 20 0.9 0.1 0.6 15 0.8666666666666667 0.13333333333333333 0.7 14 0.8571428571428571 0.14285714285714285 0.9 0 1 1
38 0.1 57 0.5789473684210527 0.0 0.4 29 0.8275862068965517 0.0 0.5 26 0.8461538461538461 0.0 0.6 20 0.9 0.0 0.7 10 0.9 0.0 0.9 0 1 1
38 0.1 58 0.6206896551724138 0.0 0.4 36 0.8055555555555556 0.0 0.5 30 0.8666666666666667 0.0 0.6 28 0.8571428571428571 0.0 0.7 24 0.875 0.0 0.9 0 1 1
38 0.1 54 0.6296296296296297 0.037037037037037035 0.4 36 0.8333333333333334 0.05555555555555555 0.5 33 0.8484848484848485 0.06060606060606061 0.6 28 0.9285714285714286 0.07142857142857142 0.7 23 0.9130434782608695 0.043478260869565216 0.9 0 1 1
38 0.1 38 0.8157894736842105 0.0 0.4 27 0.9259259259259259 0.0 0.5 24 0.9166666666666666 0.0 0.6 21 0.9047619047619048 0.0 0.7 16 0.9375 0.0 0.9 0 1 1
38 0.1 47 0.6808510638297872 0.0 0.4 28 0.9642857142857143 0.0 0.5 28 0.9642857142857143 0.0 0.6 24 0.9583333333333334 0.0 0.7 19 0.9473684210526315 0.0 0.9 0 1 1
38 0.1 54 0.6111111111111112 0.0 0.4 37 0.8108108108108109 0.0 0.5 33 0.8787878787878788 0.0 0.6 31 0.9032258064516129 0.0 0.7 26 0.9230769230769231 0.0 0.9 0 1 1
38 0.1 66 0.5454545454545454 0.06060606060606061 0.4 43 0.7441860465116279 0.06976744186046512 0.5 38 0.7631578947368421 0.07894736842105263 0.6 32 0.8125 0.0625 0.7 27 0.8888888888888888 0.07407407407407407 0.9 0 1 1
38 0.1 56 0.5892857142857143 0.03571428571428571 0.4 35 0.7714285714285715 0.05714285714285714 0.5 33 0.8181818181818182 0.06060606060606061 0.6 30 0.8666666666666667 0.06666666666666667 0.7 23 0.9565217391304348 0.08695652173913043 0.9 0 1 1
38 0.1 51 0.6470588235294118 0.0 0.4 36 0.8333333333333334 0.0 0.5 32 0.875 0.0 0.6 32 0.875 0.0 0.7 25 0.96 0.0 0.9 1 1.0 0.0
38 0.1 38 0.7631578947368421 0.02631578947368421 0.4 27 0.9259259259259259 0.037037037037037035 0.5 26 0.9230769230769231 0.038461538461538464 0.6 20 0.95 0.0 0.7 16 0.9375 0.0 0.9 0 1 1
38 0.1 40 0.775 0.0 0.4 31 0.9032258064516129 0.0 0.5 26 0.9230769230769231 0.0 0.6 23 0.9130434782608695 0.0 0.7 19 0.9473684210526315 0.0 0.9 1 1.0 0.0
38 0.1 39 0.7435897435897436 0.0 0.4 24 0.875 0.0 0.5 20 0.9 0.0 0.6 15 1.0 0.0 0.7 11 1.0 0.0 0.9 0 1 1
38 0.1 86 0.4186046511627907 0.03488372093023256 0.4 39 0.7435897435897436 0.07692307692307693 0.5 34 0.7941176470588235 0.08823529411764706 0.6 26 0.8846153846153846 0.11538461538461539 0.7 19 0.9473684210526315 0.10526315789473684 0.9 0 1 1
38 0.1 52 0.6538461538461539 0.019230769230769232 0.4 33 0.7878787878787878 0.030303030303030304 0.5 30 0.8666666666666667 0.03333333333333333 0.6 28 0.8928571428571429 0.03571428571428571 0.7 23 0.9130434782608695 0.043478260869565216 0.9 0 1 1
38 0.1 66 0.5303030303030303 0.015151515151515152 0.4 40 0.725 0.025 0.5 35 0.8285714285714286 0.02857142857142857 0.6 32 0.875 0.03125 0.7 29 0.8620689655172413 0.034482758620689655 0.9 0 1 1
38 0.1 66 0.5606060606060606 0.015151515151515152 0.4 42 0.7380952380952381 0.023809523809523808 0.5 37 0.8108108108108109 0.02702702702702703 0.6 33 0.8484848484848485 0.030303030303030304 0.7 28 0.8571428571428571 0.03571428571428571 0.9 0 1 1
38 0.1 55 0.6 0.0 0.4 39 0.7435897435897436 0.0 0.5 36 0.75 0.0 0.6 32 0.84375 0.0 0.7 28 0.8571428571428571 0.0 0.9 0 1 1
38 0.1 47 0.5957446808510638 0.0425531914893617 0.4 27 0.8148148148148148 0.07407407407407407 0.5 22 0.8636363636363636 0.045454545454545456 0.6 20 0.9 0.05 0.7 19 0.8947368421052632 0.05263157894736842 0.9 0 1 1
38 0.1 57 0.5964912280701754 0.017543859649122806 0.4 34 0.7647058823529411 0.029411764705882353 0.5 29 0.7931034482758621 0.034482758620689655 0.6 28 0.7857142857142857 0.03571428571428571 0.7 22 0.9090909090909091 0.045454545454545456 0.9 2 1.0 0.0
38 0.1 55 0.5818181818181818 0.0 0.4 35 0.7714285714285715 0.0 0.5 31 0.8064516129032258 0.0 0.6 29 0.7931034482758621 0.0 0.7 23 0.7391304347826086 0.0 0.9 0 1 1
38 0.1 48 0.625 0.0 0.4 27 0.8148148148148148 0.0 0.5 24 0.875 0.0 0.6 20 0.9 0.0 0.7 14 0.9285714285714286 0.0 0.9 0 1 1
38 0.1 52 0.6346153846153846 0.038461538461538464 0.4 32 0.84375 0.0625 0.5 29 0.8620689655172413 0.06896551724137931 0.6 25 0.88 0.08 0.7 21 0.8571428571428571 0.09523809523809523 0.9 0 1 1
38 0.1 45 0.6888888888888889 0.06666666666666667 0.4 33 0.8181818181818182 0.09090909090909091 0.5 28 0.8571428571428571 0.10714285714285714 0.6 23 0.8260869565217391 0.13043478260869565 0.7 21 0.8571428571428571 0.14285714285714285 0.9 0 1 1
38 0.1 37 0.7837837837837838 0.0 0.4 29 0.8275862068965517 0.0 0.5 27 0.8888888888888888 0.0 0.6 25 0.88 0.0 0.7 19 0.8947368421052632 0.0 0.9 0 1 1
38 0.1 45 0.7111111111111111 0.022222222222222223 0.4 29 0.8620689655172413 0.034482758620689655 0.5 27 0.8518518518518519 0.037037037037037035 0.6 24 0.8333333333333334 0.041666666666666664 0.7 19 0.8421052631578947 0.05263157894736842 0.9 0 1 1
38 0.1 42 0.7857142857142857 0.047619047619047616 0.4 27 0.8148148148148148 0.037037037037037035 0.5 26 0.8461538461538461 0.038461538461538464 0.6 26 0.8461538461538461 0.038461538461538464 0.7 16 0.875 0.0625 0.9 0 1 1
38 0.1 42 0.7619047619047619 0.023809523809523808 0.4 32 0.84375 0.03125 0.5 27 0.8518518518518519 0.0 0.6 24 0.875 0.0 0.7 21 0.9047619047619048 0.0 0.9 0 1 1
38 0.1 54 0.6481481481481481 0.0 0.4 37 0.8108108108108109 0.0 0.5 34 0.8529411764705882 0.0 0.6 30 0.8666666666666667 0.0 0.7 23 0.9130434782608695 0.0 0.9 0 1 1
38 0.1 51 0.6666666666666666 0.0 0.4 35 0.8285714285714286 0.0 0.5 33 0.8787878787878788 0.0 0.6 31 0.8709677419354839 0.0 0.7 25 0.88 0.0 0.9 0 1 1
38 0.1 52 0.6346153846153846 0.019230769230769232 0.4 35 0.8285714285714286 0.02857142857142857 0.5 34 0.8529411764705882 0.029411764705882353 0.6 30 0.8666666666666667 0.03333333333333333 0.7 27 0.8518518518518519 0.037037037037037035 0.9 1 1.0 0.0
38 0.1 50 0.68 0.02 0.4 38 0.7894736842105263 0.02631578947368421 0.5 35 0.8285714285714286 0.02857142857142857 0.6 33 0.8484848484848485 0.030303030303030304 0.7 30 0.9 0.03333333333333333 0.9 1 1.0 0.0
38 0.1 46 0.717391304347826 0.021739130434782608 0.4 36 0.8333333333333334 0.027777777777777776 0.5 33 0.8787878787878788 0.030303030303030304 0.6 30 0.9333333333333333 0.03333333333333333 0.7 23 0.9130434782608695 0.043478260869565216 0.9 0 1 1
38 0.1 45 0.7333333333333333 0.0 0.4 33 0.8484848484848485 0.0 0.5 31 0.8709677419354839 0.0 0.6 26 0.8461538461538461 0.0 0.7 24 0.875 0.0 0.9 0 1 1
38 0.1 48 0.7083333333333334 0.0625 0.4 38 0.8157894736842105 0.05263157894736842 0.5 35 0.8285714285714286 0.05714285714285714 0.6 35 0.8285714285714286 0.05714285714285714 0.7 28 0.8928571428571429 0.07142857142857142 0.9 1 1.0 0.0
38 0.1 59 0.6101694915254238 0.03389830508474576 0.4 44 0.7272727272727273 0.045454545454545456 0.5 43 0.7441860465116279 0.046511627906976744 0.6 38 0.8157894736842105 0.05263157894736842 0.7 36 0.8333333333333334 0.05555555555555555 0.9 5 1.0 0.0
38 0.1 51 0.6470588235294118 0.058823529411764705 0.4 38 0.8157894736842105 0.07894736842105263 0.5 35 0.8571428571428571 0.08571428571428572 0.6 29 0.8620689655172413 0.10344827586206896 0.7 24 0.9166666666666666 0.125 0.9 0 1 1
38 0.1 54 0.6481481481481481 0.0 0.4 39 0.8205128205128205 0.0 0.5 36 0.8333333333333334 0.0 0.6 34 0.8529411764705882 0.0 0.7 30 0.8666666666666667 0.0 0.9 1 1.0 0.0
38 0.1 43 0.7441860465116279 0.0 0.4 37 0.8378378378378378 0.0 0.5 35 0.8285714285714286 0.0 0.6 33 0.8484848484848485 0.0 0.7 27 0.8888888888888888 0.0 0.9 3 1.0 0.0
38 0.1 44 0.7272727272727273 0.022727272727272728 0.4 38 0.7894736842105263 0.02631578947368421 0.5 37 0.8108108108108109 0.02702702702702703 0.6 33 0.8484848484848485 0.030303030303030304 0.7 26 0.9230769230769231 0.038461538461538464 0.9 3 1.0 0.0
38 0.1 55 0.6181818181818182 0.03636363636363636 0.4 39 0.7948717948717948 0.05128205128205128 0.5 38 0.7894736842105263 0.05263157894736842 0.6 35 0.8 0.05714285714285714 0.7 33 0.8181818181818182 0.06060606060606061 0.9 1 1.0 0.0
38 0.1 52 0.6730769230769231 0.057692307692307696 0.4 37 0.7297297297297297 0.05405405405405406 0.5 33 0.7878787878787878 0.06060606060606061 0.6 32 0.8125 0.0625 0.7 30 0.8333333333333334 0.06666666666666667 0.9 0 1 1
38 0.1 50 0.68 0.02 0.4 35 0.8285714285714286 0.02857142857142857 0.5 34 0.8235294117647058 0.029411764705882353 0.6 33 0.8181818181818182 0.030303030303030304 0.7 27 0.8148148148148148 0.037037037037037035 0.9 0 1 1
38 0.1 49 0.673469387755102 0.02040816326530612 0.4 35 0.8571428571428571 0.02857142857142857 0.5 33 0.8484848484848485 0.030303030303030304 0.6 30 0.8333333333333334 0.03333333333333333 0.7 28 0.8214285714285714 0.03571428571428571 0.9 0 1 1
38 0.1 45 0.7333333333333333 0.0 0.4 33 0.8181818181818182 0.0 0.5 29 0.8275862068965517 0.0 0.6 28 0.8571428571428571 0.0 0.7 24 0.8333333333333334 0.0 0.9 0 1 1
38 0.1 47 0.723404255319149 0.0 0.4 36 0.8611111111111112 0.0 0.5 36 0.8611111111111112 0.0 0.6 32 0.84375 0.0 0.7 30 0.8333333333333334 0.0 0.9 0 1 1
38 0.1 58 0.5862068965517241 0.05172413793103448 0.4 35 0.8 0.08571428571428572 0.5 30 0.8333333333333334 0.1 0.6 27 0.8518518518518519 0.1111111111111111 0.7 23 0.8695652173913043 0.08695652173913043 0.9 0 1 1
38 0.1 58 0.603448275862069 0.05172413793103448 0.4 41 0.7560975609756098 0.07317073170731707 0.5 35 0.8285714285714286 0.08571428571428572 0.6 32 0.84375 0.09375 0.7 29 0.8275862068965517 0.10344827586206896 0.9 1 1.0 0.0
38 0.1 49 0.7142857142857143 0.061224489795918366 0.4 37 0.7567567567567568 0.08108108108108109 0.5 31 0.8064516129032258 0.0967741935483871 0.6 29 0.7931034482758621 0.10344827586206896 0.7 23 0.8260869565217391 0.08695652173913043 0.9 2 1.0 0.0
38 0.1 48 0.6041666666666666 0.0 0.4 38 0.7631578947368421 0.0 0.5 34 0.7941176470588235 0.0 0.6 30 0.8 0.0 0.7 29 0.8275862068965517 0.0 0.9 3 1.0 0.0
38 0.1 47 0.6808510638297872 0.06382978723404255 0.4 37 0.8108108108108109 0.08108108108108109 0.5 34 0.8235294117647058 0.08823529411764706 0.6 31 0.8064516129032258 0.0967741935483871 0.7 28 0.7857142857142857 0.10714285714285714 0.9 0 1 1
38 0.1 52 0.6346153846153846 0.057692307692307696 0.4 41 0.7560975609756098 0.07317073170731707 0.5 37 0.8108108108108109 0.08108108108108109 0.6 32 0.8125 0.09375 0.7 31 0.8064516129032258 0.0967741935483871 0.9 3 1.0 0.3333333333333333
38 0.1 40 0.75 0.025 0.4 32 0.84375 0.03125 0.5 30 0.8333333333333334 0.03333333333333333 0.6 24 0.8333333333333334 0.041666666666666664 0.7 23 0.8695652173913043 0.043478260869565216 0.9 3 1.0 0.0
38 0.1 40 0.775 0.0 0.4 31 0.8064516129032258 0.0 0.5 29 0.7931034482758621 0.0 0.6 27 0.8518518518518519 0.0 0.7 22 0.8636363636363636 0.0 0.9 0 1 1
38 0.1 51 0.6666666666666666 0.0196078431372549 0.4 28 0.7857142857142857 0.03571428571428571 0.5 26 0.7692307692307693 0.0 0.6 25 0.8 0.0 0.7 23 0.782608695652174 0.0 0.9 0 1 1
38 0.1 51 0.6666666666666666 0.0 0.4 35 0.8285714285714286 0.0 0.5 30 0.8333333333333334 0.0 0.6 26 0.8461538461538461 0.0 0.7 24 0.8333333333333334 0.0 0.9 1 1.0 0.0
38 0.1 44 0.75 0.022727272727272728 0.4 32 0.8125 0.03125 0.5 30 0.8 0.03333333333333333 0.6 27 0.8148148148148148 0.037037037037037035 0.7 22 0.7727272727272727 0.0 0.9 1 1.0 0.0
38 0.1 49 0.7142857142857143 0.04081632653061224 0.4 37 0.7837837837837838 0.02702702702702703 0.5 36 0.8055555555555556 0.027777777777777776 0.6 32 0.8125 0.03125 0.7 30 0.8333333333333334 0.03333333333333333 0.9 1 1.0 0.0
38 0.1 45 0.7555555555555555 0.0 0.4 32 0.8125 0.0 0.5 30 0.8 0.0 0.6 29 0.7931034482758621 0.0 0.7 26 0.8461538461538461 0.0 0.9 1 1.0 0.0
38 0.1 39 0.7692307692307693 0.02564102564102564 0.4 31 0.8064516129032258 0.03225806451612903 0.5 26 0.8461538461538461 0.038461538461538464 0.6 23 0.8695652173913043 0.043478260869565216 0.7 21 0.8571428571428571 0.0 0.9 0 1 1
38 0.1 45 0.7111111111111111 0.0 0.4 33 0.7878787878787878 0.0 0.5 31 0.8387096774193549 0.0 0.6 29 0.8275862068965517 0.0 0.7 24 0.8333333333333334 0.0 0.9 0 1 1
38 0.1 42 0.7619047619047619 0.023809523809523808 0.4 30 0.8333333333333334 0.03333333333333333 0.5 28 0.8571428571428571 0.03571428571428571 0.6 27 0.8518518518518519 0.037037037037037035 0.7 25 0.84 0.04 0.9 1 1.0 0.0
38 0.1 47 0.7021276595744681 0.0425531914893617 0.4 34 0.7941176470588235 0.058823529411764705 0.5 32 0.8125 0.0625 0.6 31 0.8387096774193549 0.06451612903225806 0.7 27 0.8148148148148148 0.07407407407407407 0.9 1 1.0 0.0
38 0.1 48 0.7291666666666666 0.020833333333333332 0.4 37 0.8648648648648649 0.02702702702702703 0.5 35 0.8571428571428571 0.02857142857142857 0.6 35 0.8571428571428571 0.02857142857142857 0.7 32 0.84375 0.03125 0.9 4 1.0 0.0
38 0.1 41 0.7560975609756098 0.024390243902439025 0.4 31 0.8387096774193549 0.03225806451612903 0.5 31 0.8387096774193549 0.03225806451612903 0.6 27 0.8148148148148148 0.037037037037037035 0.7 25 0.88 0.04 0.9 1 1.0 0.0
38 0.1 39 0.7435897435897436 0.0 0.4 26 0.8461538461538461 0.0 0.5 24 0.8333333333333334 0.0 0.6 22 0.8636363636363636 0.0 0.7 16 0.8125 0.0 0.9 0 1 1
38 0.1 56 0.6071428571428571 0.03571428571428571 0.4 40 0.8 0.05 0.5 37 0.8378378378378378 0.05405405405405406 0.6 35 0.8285714285714286 0.05714285714285714 0.7 29 0.8275862068965517 0.06896551724137931 0.9 0 1 1
38 0.1 47 0.6808510638297872 0.0425531914893617 0.4 35 0.8285714285714286 0.05714285714285714 0.5 32 0.84375 0.0625 0.6 29 0.8275862068965517 0.06896551724137931 0.7 27 0.8148148148148148 0.07407407407407407 0.9 0 1 1
38 0.1 53 0.660377358490566 0.05660377358490566 0.4 37 0.7567567567567568 0.05405405405405406 0.5 35 0.8 0.05714285714285714 0.6 30 0.8333333333333334 0.06666666666666667 0.7 28 0.8214285714285714 0.03571428571428571 0.9 0 1 1
38 0.1 40 0.775 0.025 0.4 31 0.8709677419354839 0.03225806451612903 0.5 27 0.8888888888888888 0.037037037037037035 0.6 26 0.8846153846153846 0.038461538461538464 0.7 23 0.8695652173913043 0.043478260869565216 0.9 0 1 1
38 0.1 44 0.7272727272727273 0.045454545454545456 0.4 36 0.8055555555555556 0.05555555555555555 0.5 30 0.8333333333333334 0.06666666666666667 0.6 29 0.8275862068965517 0.06896551724137931 0.7 27 0.8148148148148148 0.037037037037037035 0.9 3 1.0 0.3333333333333333
38 0.1 47 0.7021276595744681 0.06382978723404255 0.4 38 0.7894736842105263 0.07894736842105263 0.5 37 0.7837837837837838 0.08108108108108109 0.6 35 0.8 0.08571428571428572 0.7 28 0.7857142857142857 0.07142857142857142 0.9 3 1.0 0.3333333333333333
38 0.1 48 0.6666666666666666 0.0 0.4 33 0.8181818181818182 0.0 0.5 30 0.8 0.0 0.6 27 0.8518518518518519 0.0 0.7 23 0.9130434782608695 0.0 0.9 0 1 1
38 0.1 52 0.6346153846153846 0.0 0.4 38 0.7894736842105263 0.0 0.5 35 0.8285714285714286 0.0 0.6 32 0.84375 0.0 0.7 28 0.8571428571428571 0.0 0.9 3 1.0 0.0
38 0.1 44 0.7727272727272727 0.022727272727272728 0.4 35 0.8 0.02857142857142857 0.5 32 0.84375 0.03125 0.6 30 0.8666666666666667 0.03333333333333333 0.7 29 0.8620689655172413 0.034482758620689655 0.9 1 1.0 0.0
38 0.1 46 0.6956521739130435 0.0 0.4 33 0.8484848484848485 0.0 0.5 32 0.84375 0.0 0.6 31 0.8387096774193549 0.0 0.7 27 0.8518518518518519 0.0 0.9 1 1.0 0.0
38 0.1 49 0.7142857142857143 0.0 0.4 35 0.8 0.0 0.5 35 0.8 0.0 0.6 34 0.8235294117647058 0.0 0.7 31 0.8064516129032258 0.0 0.9 2 1.0 0.0
38 0.1 35 0.7714285714285715 0.05714285714285714 0.4 29 0.8275862068965517 0.06896551724137931 0.5 27 0.8148148148148148 0.07407407407407407 0.6 21 0.8571428571428571 0.047619047619047616 0.7 20 0.9 0.05 0.9 2 1.0 0.0
38 0.1 49 0.6938775510204082 0.061224489795918366 0.4 36 0.8055555555555556 0.08333333333333333 0.5 33 0.8484848484848485 0.09090909090909091 0.6 32 0.84375 0.09375 0.7 31 0.8387096774193549 0.0967741935483871 0.9 3 1.0 0.3333333333333333
38 0.1 38 0.7894736842105263 0.05263157894736842 0.4 32 0.84375 0.0625 0.5 28 0.8928571428571429 0.07142857142857142 0.6 23 0.8695652173913043 0.08695652173913043 0.7 20 0.85 0.05 0.9 3 1.0 0.0
38 0.1 48 0.7291666666666666 0.0 0.4 35 0.8 0.0 0.5 32 0.84375 0.0 0.6 32 0.84375 0.0 0.7 28 0.8571428571428571 0.0 0.9 1 1.0 0.0
38 0.1 47 0.723404255319149 0.0 0.4 34 0.7941176470588235 0.0 0.5 33 0.7878787878787878 0.0 0.6 29 0.7931034482758621 0.0 0.7 26 0.8076923076923077 0.0 0.9 1 1.0 0.0
38 0.1 44 0.7272727272727273 0.022727272727272728 0.4 35 0.8 0.02857142857142857 0.5 32 0.78125 0.03125 0.6 30 0.8333333333333334 0.03333333333333333 0.7 29 0.8275862068965517 0.034482758620689655 0.9 4 1.0 0.0
38 0.1 48 0.7083333333333334 0.020833333333333332 0.4 35 0.8 0.02857142857142857 0.5 32 0.84375 0.03125 0.6 31 0.8387096774193549 0.03225806451612903 0.7 31 0.8387096774193549 0.03225806451612903 0.9 2 1.0 0.0
38 0.1 49 0.6938775510204082 0.0 0.4 37 0.7837837837837838 0.0 0.5 34 0.7941176470588235 0.0 0.6 33 0.7878787878787878 0.0 0.7 28 0.8928571428571429 0.0 0.9 3 1.0 0.0
38 0.1 47 0.7446808510638298 0.0 0.4 38 0.7894736842105263 0.0 0.5 34 0.8235294117647058 0.0 0.6 29 0.8275862068965517 0.0 0.7 29 0.8275862068965517 0.0 0.9 1 1.0 0.0
38 0.1 48 0.7291666666666666 0.0625 0.4 38 0.7894736842105263 0.07894736842105263 0.5 38 0.7894736842105263 0.07894736842105263 0.6 35 0.8 0.08571428571428572 0.7 32 0.8125 0.0625 0.9 2 1.0 0.0
38 0.1 46 0.6956521739130435 0.043478260869565216 0.4 32 0.84375 0.0625 0.5 31 0.8387096774193549 0.06451612903225806 0.6 30 0.8333333333333334 0.06666666666666667 0.7 28 0.8214285714285714 0.07142857142857142 0.9 0 1 1
38 0.1 45 0.7111111111111111 0.022222222222222223 0.4 34 0.7941176470588235 0.029411764705882353 0.5 30 0.8333333333333334 0.03333333333333333 0.6 29 0.8275862068965517 0.034482758620689655 0.7 28 0.8214285714285714 0.03571428571428571 0.9 1 1.0 0.0
38 0.1 35 0.8 0.0 0.4 28 0.8571428571428571 0.0 0.5 28 0.8571428571428571 0.0 0.6 27 0.8518518518518519 0.0 0.7 26 0.8461538461538461 0.0 0.9 1 1.0 0.0
38 0.1 35 0.7714285714285715 0.02857142857142857 0.4 25 0.88 0.04 0.5 23 0.8695652173913043 0.043478260869565216 0.6 22 0.8636363636363636 0.045454545454545456 0.7 19 0.8421052631578947 0.05263157894736842 0.9 0 1 1
38 0.1 47 0.7446808510638298 0.06382978723404255 0.4 36 0.7777777777777778 0.08333333333333333 0.5 36 0.7777777777777778 0.08333333333333333 0.6 33 0.7878787878787878 0.09090909090909091 0.7 31 0.8064516129032258 0.0967741935483871 0.9 0 1 1
38 0.1 35 0.8285714285714286 0.08571428571428572 0.4 28 0.8571428571428571 0.10714285714285714 0.5 26 0.8461538461538461 0.11538461538461539 0.6 25 0.84 0.12 0.7 21 0.8571428571428571 0.09523809523809523 0.9 0 1 1
38 0.1 44 0.7272727272727273 0.0 0.4 31 0.8387096774193549 0.0 0.5 29 0.8275862068965517 0.0 0.6 27 0.8148148148148148 0.0 0.7 25 0.88 0.0 0.9 1 1.0 0.0
38 0.1 39 0.8205128205128205 0.02564102564102564 0.4 33 0.8787878787878788 0.030303030303030304 0.5 31 0.8709677419354839 0.03225806451612903 0.6 31 0.8709677419354839 0.03225806451612903 0.7 28 0.8928571428571429 0.03571428571428571 0.9 3 1.0 0.0
38 0.1 38 0.8157894736842105 0.0 0.4 31 0.8709677419354839 0.0 0.5 30 0.8666666666666667 0.0 0.6 28 0.8928571428571429 0.0 0.7 26 0.9230769230769231 0.0 0.9 2 1.0 0.0
38 0.1 39 0.717948717948718 0.02564102564102564 0.4 28 0.7857142857142857 0.03571428571428571 0.5 26 0.8461538461538461 0.038461538461538464 0.6 22 0.8636363636363636 0.0 0.7 18 0.8333333333333334 0.0 0.9 1 1.0 0.0
38 0.1 41 0.7804878048780488 0.024390243902439025 0.4 36 0.8055555555555556 0.027777777777777776 0.5 34 0.8235294117647058 0.029411764705882353 0.6 34 0.8235294117647058 0.029411764705882353 0.7 30 0.8333333333333334 0.03333333333333333 0.9 5 1.0 0.0
38 0.1 39 0.7692307692307693 0.05128205128205128 0.4 31 0.8064516129032258 0.06451612903225806 0.5 31 0.8064516129032258 0.06451612903225806 0.6 29 0.8275862068965517 0.06896551724137931 0.7 24 0.8333333333333334 0.041666666666666664 0.9 2 1.0 0.0
38 0.1 47 0.723404255319149 0.0425531914893617 0.4 39 0.7948717948717948 0.05128205128205128 0.5 38 0.7894736842105263 0.05263157894736842 0.6 36 0.7777777777777778 0.05555555555555555 0.7 32 0.8125 0.0625 0.9 6 1.0 0.0
38 0.1 49 0.6938775510204082 0.10204081632653061 0.4 40 0.75 0.125 0.5 36 0.75 0.1388888888888889 0.6 33 0.8181818181818182 0.15151515151515152 0.7 30 0.8 0.13333333333333333 0.9 5 0.8 0.6
38 0.1 42 0.7619047619047619 0.023809523809523808 0.4 35 0.8571428571428571 0.02857142857142857 0.5 34 0.8529411764705882 0.029411764705882353 0.6 33 0.8484848484848485 0.030303030303030304 0.7 31 0.8709677419354839 0.03225806451612903 0.9 3 1.0 0.0
38 0.1 44 0.75 0.0 0.4 36 0.8333333333333334 0.0 0.5 34 0.8529411764705882 0.0 0.6 31 0.8387096774193549 0.0 0.7 30 0.8333333333333334 0.0 0.9 2 1.0 0.0
38 0.1 45 0.7555555555555555 0.0 0.4 37 0.8108108108108109 0.0 0.5 35 0.8285714285714286 0.0 0.6 34 0.8529411764705882 0.0 0.7 33 0.8484848484848485 0.0 0.9 2 1.0 0.0
38 0.1 44 0.75 0.022727272727272728 0.4 37 0.8108108108108109 0.02702702702702703 0.5 36 0.8333333333333334 0.027777777777777776 0.6 34 0.8529411764705882 0.029411764705882353 0.7 32 0.84375 0.03125 0.9 4 1.0 0.0
38 0.1 45 0.7777777777777778 0.08888888888888889 0.4 37 0.8108108108108109 0.08108108108108109 0.5 33 0.8484848484848485 0.06060606060606061 0.6 33 0.8484848484848485 0.06060606060606061 0.7 32 0.84375 0.0625 0.9 5 1.0 0.0
38 0.1 42 0.7857142857142857 0.047619047619047616 0.4 34 0.8529411764705882 0.058823529411764705 0.5 33 0.8484848484848485 0.030303030303030304 0.6 33 0.8484848484848485 0.030303030303030304 0.7 30 0.8333333333333334 0.03333333333333333 0.9 5 1.0 0.0
38 0.1 48 0.7291666666666666 0.0 0.4 40 0.8 0.0 0.5 37 0.8108108108108109 0.0 0.6 34 0.8235294117647058 0.0 0.7 31 0.8387096774193549 0.0 0.9 4 1.0 0.0
38 0.1 45 0.7333333333333333 0.044444444444444446 0.4 36 0.8611111111111112 0.05555555555555555 0.5 36 0.8611111111111112 0.05555555555555555 0.6 32 0.84375 0.0625 0.7 29 0.8275862068965517 0.034482758620689655 0.9 2 1.0 0.0
38 0.1 43 0.7906976744186046 0.023255813953488372 0.4 35 0.8571428571428571 0.02857142857142857 0.5 33 0.8484848484848485 0.030303030303030304 0.6 33 0.8484848484848485 0.030303030303030304 0.7 30 0.8333333333333334 0.03333333333333333 0.9 2 1.0 0.0
38 0.1 44 0.7727272727272727 0.045454545454545456 0.4 35 0.8285714285714286 0.05714285714285714 0.5 34 0.8529411764705882 0.058823529411764705 0.6 34 0.8529411764705882 0.058823529411764705 0.7 32 0.84375 0.0625 0.9 2 1.0 0.0
38 0.1 47 0.723404255319149 0.02127659574468085 0.4 31 0.8387096774193549 0.03225806451612903 0.5 30 0.8333333333333334 0.03333333333333333 0.6 30 0.8333333333333334 0.03333333333333333 0.7 28 0.8214285714285714 0.0 0.9 2 1.0 0.0
38 0.1 42 0.7857142857142857 0.0 0.4 37 0.7837837837837838 0.0 0.5 37 0.7837837837837838 0.0 0.6 34 0.8235294117647058 0.0 0.7 32 0.84375 0.0 0.9 3 1.0 0.0
38 0.1 37 0.8108108108108109 0.08108108108108109 0.4 34 0.7941176470588235 0.08823529411764706 0.5 30 0.8666666666666667 0.1 0.6 29 0.8620689655172413 0.10344827586206896 0.7 26 0.8461538461538461 0.11538461538461539 0.9 2 1.0 0.0
38 0.1 41 0.7560975609756098 0.04878048780487805 0.4 34 0.8235294117647058 0.058823529411764705 0.5 34 0.8235294117647058 0.058823529411764705 0.6 32 0.84375 0.0625 0.7 30 0.8333333333333334 0.06666666666666667 0.9 4 1.0 0.0
38 0.1 43 0.7674418604651163 0.06976744186046512 0.4 38 0.7894736842105263 0.07894736842105263 0.5 35 0.8 0.08571428571428572 0.6 35 0.8 0.08571428571428572 0.7 30 0.8 0.06666666666666667 0.9 5 1.0 0.0
38 0.1 42 0.7857142857142857 0.07142857142857142 0.4 34 0.8235294117647058 0.08823529411764706 0.5 32 0.84375 0.09375 0.6 31 0.8387096774193549 0.0967741935483871 0.7 27 0.8148148148148148 0.037037037037037035 0.9 5 1.0 0.0
38 0.1 44 0.7272727272727273 0.022727272727272728 0.4 40 0.75 0.025 0.5 37 0.7567567567567568 0.02702702702702703 0.6 36 0.75 0.027777777777777776 0.7 31 0.8064516129032258 0.03225806451612903 0.9 7 1.0 0.0
38 0.1 46 0.717391304347826 0.021739130434782608 0.4 37 0.7567567567567568 0.02702702702702703 0.5 35 0.8 0.02857142857142857 0.6 32 0.8125 0.03125 0.7 31 0.8064516129032258 0.03225806451612903 0.9 2 1.0 0.0
38 0.1 42 0.7380952380952381 0.047619047619047616 0.4 34 0.7352941176470589 0.058823529411764705 0.5 30 0.8333333333333334 0.06666666666666667 0.6 30 0.8333333333333334 0.06666666666666667 0.7 28 0.8214285714285714 0.07142857142857142 0.9 8 1.0 0.0
38 0.1 48 0.6875 0.08333333333333333 0.4 37 0.7567567567567568 0.10810810810810811 0.5 36 0.75 0.1111111111111111 0.6 32 0.78125 0.125 0.7 29 0.8275862068965517 0.10344827586206896 0.9 6 1.0 0.3333333333333333
38 0.1 49 0.6938775510204082 0.02040816326530612 0.4 40 0.75 0.025 0.5 36 0.7777777777777778 0.027777777777777776 0.6 33 0.8181818181818182 0.030303030303030304 0.7 31 0.8387096774193549 0.03225806451612903 0.9 7 1.0 0.0
38 0.1 43 0.7441860465116279 0.046511627906976744 0.4 34 0.8235294117647058 0.058823529411764705 0.5 33 0.8181818181818182 0.06060606060606061 0.6 32 0.84375 0.0625 0.7 28 0.8571428571428571 0.07142857142857142 0.9 6 1.0 0.0
38 0.1 47 0.723404255319149 0.0425531914893617 0.4 38 0.7894736842105263 0.05263157894736842 0.5 35 0.8285714285714286 0.05714285714285714 0.6 35 0.8285714285714286 0.05714285714285714 0.7 31 0.8387096774193549 0.06451612903225806 0.9 2 1.0 0.5
38 0.1 47 0.7021276595744681 0.06382978723404255 0.4 43 0.7674418604651163 0.06976744186046512 0.5 40 0.775 0.075 0.6 36 0.7777777777777778 0.08333333333333333 0.7 33 0.8181818181818182 0.09090909090909091 0.9 3 1.0 0.0
38 0.1 36 0.8055555555555556 0.05555555555555555 0.4 29 0.8620689655172413 0.034482758620689655 0.5 28 0.8928571428571429 0.03571428571428571 0.6 28 0.8928571428571429 0.03571428571428571 0.7 26 0.8846153846153846 0.0 0.9 2 1.0 0.0
38 0.1 41 0.8048780487804879 0.07317073170731707 0.4 35 0.8285714285714286 0.08571428571428572 0.5 33 0.8181818181818182 0.09090909090909091 0.6 32 0.84375 0.09375 0.7 30 0.8333333333333334 0.06666666666666667 0.9 4 1.0 0.0
38 0.1 39 0.8205128205128205 0.02564102564102564 0.4 32 0.84375 0.03125 0.5 31 0.8387096774193549 0.03225806451612903 0.6 29 0.8620689655172413 0.034482758620689655 0.7 25 0.88 0.04 0.9 4 1.0 0.0
38 0.1 45 0.7333333333333333 0.0 0.4 38 0.7894736842105263 0.0 0.5 36 0.8055555555555556 0.0 0.6 34 0.8235294117647058 0.0 0.7 33 0.8181818181818182 0.0 0.9 3 1.0 0.0
38 0.1 43 0.7674418604651163 0.0 0.4 38 0.7894736842105263 0.0 0.5 37 0.8108108108108109 0.0 0.6 35 0.8571428571428571 0.0 0.7 33 0.8484848484848485 0.0 0.9 7 1.0 0.0
38 0.1 43 0.7674418604651163 0.046511627906976744 0.4 36 0.8333333333333334 0.05555555555555555 0.5 36 0.8333333333333334 0.05555555555555555 0.6 35 0.8571428571428571 0.05714285714285714 0.7 34 0.8529411764705882 0.058823529411764705 0.9 7 1.0 0.0
38 0.1 43 0.7674418604651163 0.06976744186046512 0.4 36 0.8055555555555556 0.08333333333333333 0.5 32 0.84375 0.09375 0.6 30 0.8666666666666667 0.1 0.7 29 0.8620689655172413 0.10344827586206896 0.9 1 1.0 0.0
38 0.1 43 0.7674418604651163 0.023255813953488372 0.4 34 0.8529411764705882 0.029411764705882353 0.5 34 0.8529411764705882 0.029411764705882353 0.6 31 0.8387096774193549 0.03225806451612903 0.7 28 0.8571428571428571 0.03571428571428571 0.9 5 1.0 0.0
38 0.1 44 0.75 0.045454545454545456 0.4 33 0.8484848484848485 0.06060606060606061 0.5 33 0.8484848484848485 0.06060606060606061 0.6 31 0.8387096774193549 0.06451612903225806 0.7 27 0.8518518518518519 0.07407407407407407 0.9 4 1.0 0.0
38 0.1 39 0.8205128205128205 0.05128205128205128 0.4 33 0.8484848484848485 0.06060606060606061 0.5 31 0.8709677419354839 0.06451612903225806 0.6 29 0.896551724137931 0.06896551724137931 0.7 27 0.8888888888888888 0.07407407407407407 0.9 3 1.0 0.0
38 0.1 44 0.7045454545454546 0.09090909090909091 0.4 37 0.7837837837837838 0.08108108108108109 0.5 34 0.8235294117647058 0.08823529411764706 0.6 33 0.8484848484848485 0.09090909090909091 0.7 31 0.8387096774193549 0.0967741935483871 0.9 8 1.0 0.0
38 0.1 47 0.723404255319149 0.02127659574468085 0.4 34 0.8529411764705882 0.029411764705882353 0.5 33 0.8484848484848485 0.030303030303030304 0.6 31 0.8709677419354839 0.03225806451612903 0.7 28 0.8928571428571429 0.03571428571428571 0.9 7 1.0 0.14285714285714285
38 0.1 42 0.7857142857142857 0.0 0.4 34 0.8529411764705882 0.0 0.5 32 0.84375 0.0 0.6 30 0.8333333333333334 0.0 0.7 29 0.8275862068965517 0.0 0.9 10 1.0 0.0
38 0.1 40 0.775 0.0 0.4 33 0.8484848484848485 0.0 0.5 31 0.8387096774193549 0.0 0.6 31 0.8387096774193549 0.0 0.7 30 0.8333333333333334 0.0 0.9 7 1.0 0.0
38 0.1 41 0.7317073170731707 0.04878048780487805 0.4 31 0.8387096774193549 0.06451612903225806 0.5 30 0.8666666666666667 0.06666666666666667 0.6 30 0.8666666666666667 0.06666666666666667 0.7 26 0.8461538461538461 0.07692307692307693 0.9 0 1 1
38 0.1 38 0.7631578947368421 0.0 0.4 27 0.8518518518518519 0.0 0.5 27 0.8518518518518519 0.0 0.6 26 0.8461538461538461 0.0 0.7 25 0.84 0.0 0.9 0 1 1
38 0.1 46 0.717391304347826 0.043478260869565216 0.4 38 0.7368421052631579 0.05263157894736842 0.5 37 0.7297297297297297 0.02702702702702703 0.6 34 0.7647058823529411 0.029411764705882353 0.7 32 0.8125 0.03125 0.9 3 0.6666666666666666 0.0
38 0.1 43 0.7674418604651163 0.0 0.4 38 0.7631578947368421 0.0 0.5 37 0.7567567567567568 0.0 0.6 34 0.7941176470588235 0.0 0.7 30 0.8666666666666667 0.0 0.9 5 0.8 0.0
38 0.1 49 0.6938775510204082 0.04081632653061224 0.4 38 0.7631578947368421 0.05263157894736842 0.5 37 0.7837837837837838 0.05405405405405406 0.6 36 0.7777777777777778 0.05555555555555555 0.7 32 0.8125 0.0625 0.9 10 0.9 0.1
38 0.1 47 0.7021276595744681 0.06382978723404255 0.4 37 0.7837837837837838 0.08108108108108109 0.5 36 0.7777777777777778 0.08333333333333333 0.6 33 0.7878787878787878 0.09090909090909091 0.7 30 0.8333333333333334 0.1 0.9 8 0.875 0.25
38 0.1 50 0.7 0.06 0.4 38 0.7631578947368421 0.07894736842105263 0.5 38 0.7631578947368421 0.07894736842105263 0.6 35 0.8 0.08571428571428572 0.7 32 0.8125 0.09375 0.9 7 0.8571428571428571 0.14285714285714285
38 0.1 41 0.7560975609756098 0.07317073170731707 0.4 39 0.7692307692307693 0.07692307692307693 0.5 36 0.7777777777777778 0.08333333333333333 0.6 36 0.7777777777777778 0.08333333333333333 0.7 32 0.8125 0.09375 0.9 7 1.0 0.0
38 0.1 46 0.717391304347826 0.08695652173913043 0.4 42 0.7380952380952381 0.09523809523809523 0.5 40 0.775 0.1 0.6 38 0.7894736842105263 0.10526315789473684 0.7 35 0.7714285714285715 0.11428571428571428 0.9 9 1.0 0.0
38 0.1 49 0.6530612244897959 0.04081632653061224 0.4 37 0.7837837837837838 0.05405405405405406 0.5 36 0.7777777777777778 0.05555555555555555 0.6 34 0.7647058823529411 0.058823529411764705 0.7 32 0.78125 0.0625 0.9 3 1.0 0.0
38 0.1 44 0.7272727272727273 0.09090909090909091 0.4 37 0.7837837837837838 0.10810810810810811 0.5 36 0.8055555555555556 0.1111111111111111 0.6 35 0.8 0.11428571428571428 0.7 33 0.7878787878787878 0.12121212121212122 0.9 7 1.0 0.14285714285714285
38 0.1 39 0.7435897435897436 0.02564102564102564 0.4 31 0.8064516129032258 0.03225806451612903 0.5 29 0.8275862068965517 0.034482758620689655 0.6 28 0.8214285714285714 0.03571428571428571 0.7 28 0.8214285714285714 0.03571428571428571 0.9 3 1.0 0.3333333333333333
38 0.1 40 0.775 0.075 0.4 32 0.8125 0.09375 0.5 32 0.8125 0.09375 0.6 31 0.8387096774193549 0.0967741935483871 0.7 29 0.8275862068965517 0.10344827586206896 0.9 4 0.75 0.25
38 0.1 44 0.7272727272727273 0.06818181818181818 0.4 36 0.7777777777777778 0.08333333333333333 0.5 34 0.7647058823529411 0.08823529411764706 0.6 33 0.7575757575757576 0.09090909090909091 0.7 30 0.8 0.1 0.9 2 0.5 0.0
38 0.1 43 0.7674418604651163 0.023255813953488372 0.4 31 0.8387096774193549 0.03225806451612903 0.5 30 0.8666666666666667 0.03333333333333333 0.6 30 0.8666666666666667 0.03333333333333333 0.7 28 0.8571428571428571 0.03571428571428571 0.9 4 0.75 0.0
38 0.1 37 0.8108108108108109 0.0 0.4 29 0.8620689655172413 0.0 0.5 29 0.8620689655172413 0.0 0.6 29 0.8620689655172413 0.0 0.7 28 0.8571428571428571 0.0 0.9 2 1.0 0.0
