5 0.1 0 1 1 0.4 0 1 1 0.5 0 1 1 0.6 0 1 1 0.7 0 1 1 0.9 0 1 1
5 0.1 0 1 1 0.4 0 1 1 0.5 0 1 1 0.6 0 1 1 0.7 0 1 1 0.9 0 1 1
5 0.1 0 1 1 0.4 0 1 1 0.5 0 1 1 0.6 0 1 1 0.7 0 1 1 0.9 0 1 1
5 0.1 0 1 1 0.4 0 1 1 0.5 0 1 1 0.6 0 1 1 0.7 0 1 1 0.9 0 1 1
5 0.1 6 0.0 0.0 0.4 0 1 1 0.5 0 1 1 0.6 0 1 1 0.7 0 1 1 0.9 0 1 1
5 0.1 32 0.03125 0.0 0.4 2 0.0 0.0 0.5 2 0.0 0.0 0.6 0 1 1 0.7 0 1 1 0.9 0 1 1
5 0.1 43 0.06976744186046512 0.0 0.4 0 1 1 0.5 0 1 1 0.6 0 1 1 0.7 0 1 1 0.9 0 1 1
5 0.1 29 0.06896551724137931 0.0 0.4 1 0.0 0.0 0.5 1 0.0 0.0 0.6 0 1 1 0.7 0 1 1 0.9 0 1 1
5 0.1 149 0.03355704697986577 0.0 0.4 21 0.23809523809523808 0.0 0.5 11 0.36363636363636365 0.0 0.6 2 0.5 0.0 0.7 1 0.0 0.0 0.9 0 1 1
5 0.1 149 0.03355704697986577 0.0 0.4 20 0.2 0.0 0.5 9 0.3333333333333333 0.0 0.6 1 0.0 0.0 0.7 0 1 1 0.9 0 1 1
5 0.1 143 0.03496503496503497 0.0 0.4 21 0.19047619047619047 0.0 0.5 9 0.3333333333333333 0.0 0.6 6 0.3333333333333333 0.0 0.7 1 0.0 0.0 0.9 0 1 1
5 0.1 84 0.05952380952380952 0.0 0.4 8 0.25 0.0 0.5 4 0.0 0.0 0.6 0 1 1 0.7 0 1 1 0.9 0 1 1
5 0.1 109 0.045871559633027525 0.0 0.4 15 0.26666666666666666 0.0 0.5 5 0.6 0.0 0.6 1 1.0 0.0 0.7 0 1 1 0.9 0 1 1
5 0.1 79 0.06329113924050633 0.0 0.4 6 0.16666666666666666 0.0 0.5 2 0.5 0.0 0.6 0 1 1 0.7 0 1 1 0.9 0 1 1
5 0.1 36 0.1111111111111111 0.0 0.4 0 1 1 0.5 0 1 1 0.6 0 1 1 0.7 0 1 1 0.9 0 1 1
5 0.1 41 0.12195121951219512 0.0 0.4 2 1.0 0.0 0.5 0 1 1 0.6 0 1 1 0.7 0 1 1 0.9 0 1 1
5 0.1 44 0.06818181818181818 0.0 0.4 4 0.5 0.0 0.5 1 1.0 0.0 0.6 1 1.0 0.0 0.7 0 1 1 0.9 0 1 1
5 0.1 66 0.06060606060606061 0.0 0.4 15 0.26666666666666666 0.0 0.5 9 0.4444444444444444 0.0 0.6 2 1.0 0.0 0.7 0 1 1 0.9 0 1 1
5 0.1 49 0.10204081632653061 0.0 0.4 5 0.6 0.0 0.5 3 0.3333333333333333 0.0 0.6 2 0.5 0.0 0.7 0 1 1 0.9 0 1 1
5 0.1 45 0.08888888888888889 0.0 0.4 10 0.3 0.0 0.5 7 0.42857142857142855 0.0 0.6 5 0.6 0.0 0.7 1 1.0 0.0 0.9 0 1 1
5 0.1 24 0.16666666666666666 0.0 0.4 0 1 1 0.5 0 1 1 0.6 0 1 1 0.7 0 1 1 0.9 0 1 1
5 0.1 85 0.058823529411764705 0.0 0.4 10 0.3 0.0 0.5 3 0.6666666666666666 0.0 0.6 0 1 1 0.7 0 1 1 0.9 0 1 1
5 0.1 95 0.031578947368421054 0.0 0.4 28 0.10714285714285714 0.0 0.5 21 0.14285714285714285 0.0 0.6 12 0.16666666666666666 0.0 0.7 5 0.4 0.0 0.9 0 1 1
5 0.1 37 0.10810810810810811 0.0 0.4 3 0.6666666666666666 0.0 0.5 1 1.0 0.0 0.6 1 1.0 0.0 0.7 0 1 1 0.9 0 1 1
5 0.1 42 0.11904761904761904 0.0 0.4 10 0.4 0.0 0.5 5 0.6 0.0 0.6 3 1.0 0.0 0.7 1 1.0 0.0 0.9 0 1 1
5 0.1 55 0.09090909090909091 0.0 0.4 11 0.45454545454545453 0.0 0.5 6 0.5 0.0 0.6 2 0.5 0.0 0.7 0 1 1 0.9 0 1 1
5 0.1 15 0.2 0.0 0.4 5 0.6 0.0 0.5 2 1.0 0.0 0.6 1 1.0 0.0 0.7 0 1 1 0.9 0 1 1
5 0.1 3 1.0 0.0 0.4 0 1 1 0.5 0 1 1 0.6 0 1 1 0.7 0 1 1 0.9 0 1 1
5 0.1 25 0.2 0.0 0.4 9 0.3333333333333333 0.0 0.5 8 0.375 0.0 0.6 4 0.75 0.0 0.7 1 1.0 0.0 0.9 0 1 1
5 0.1 30 0.16666666666666666 0.0 0.4 10 0.4 0.0 0.5 8 0.5 0.0 0.6 4 0.75 0.0 0.7 3 1.0 0.0 0.9 0 1 1
5 0.1 25 0.2 0.0 0.4 4 0.75 0.0 0.5 1 1.0 0.0 0.6 0 1 1 0.7 0 1 1 0.9 0 1 1
5 0.1 10 0.3 0.0 0.4 1 1.0 0.0 0.5 0 1 1 0.6 0 1 1 0.7 0 1 1 0.9 0 1 1
5 0.1 12 0.3333333333333333 0.0 0.4 5 0.6 0.0 0.5 4 0.5 0.0 0.6 2 0.5 0.0 0.7 1 1.0 0.0 0.9 0 1 1
5 0.1 8 0.5 0.0 0.4 3 0.6666666666666666 0.0 0.5 2 0.5 0.0 0.6 1 1.0 0.0 0.7 0 1 1 0.9 0 1 1
5 0.1 8 0.625 0.0 0.4 3 1.0 0.0 0.5 3 1.0 0.0 0.6 2 1.0 0.0 0.7 0 1 1 0.9 0 1 1
5 0.1 5 0.4 0.0 0.4 0 1 1 0.5 0 1 1 0.6 0 1 1 0.7 0 1 1 0.9 0 1 1
5 0.1 14 0.2857142857142857 0.0 0.4 5 0.6 0.0 0.5 5 0.6 0.0 0.6 2 1.0 0.0 0.7 2 1.0 0.0 0.9 0 1 1
5 0.1 28 0.17857142857142858 0.0 0.4 9 0.3333333333333333 0.0 0.5 6 0.5 0.0 0.6 3 1.0 0.0 0.7 3 1.0 0.0 0.9 0 1 1
5 0.1 34 0.11764705882352941 0.0 0.4 2 0.5 0.0 0.5 0 1 1 0.6 0 1 1 0.7 0 1 1 0.9 0 1 1
5 0.1 16 0.25 0.0 0.4 6 0.5 0.0 0.5 4 0.75 0.0 0.6 4 0.75 0.0 0.7 3 1.0 0.0 0.9 0 1 1
5 0.1 13 0.23076923076923078 0.0 0.4 4 0.75 0.0 0.5 2 1.0 0.0 0.6 1 1.0 0.0 0.7 1 1.0 0.0 0.9 0 1 1
5 0.1 11 0.2727272727272727 0.0 0.4 1 1.0 0.0 0.5 0 1 1 0.6 0 1 1 0.7 0 1 1 0.9 0 1 1
5 0.1 2 0.0 0.0 0.4 0 1 1 0.5 0 1 1 0.6 0 1 1 0.7 0 1 1 0.9 0 1 1
5 0.1 0 1 1 0.4 0 1 1 0.5 0 1 1 0.6 0 1 1 0.7 0 1 1 0.9 0 1 1
5 0.1 3 0.3333333333333333 0.0 0.4 1 1.0 0.0 0.5 1 1.0 0.0 0.6 0 1 1 0.7 0 1 1 0.9 0 1 1
5 0.1 7 0.42857142857142855 0.0 0.4 3 1.0 0.0 0.5 3 1.0 0.0 0.6 3 1.0 0.0 0.7 2 1.0 0.0 0.9 0 1 1
5 0.1 10 0.4 0.0 0.4 1 1.0 0.0 0.5 0 1 1 0.6 0 1 1 0.7 0 1 1 0.9 0 1 1
5 0.1 3 0.3333333333333333 0.0 0.4 0 1 1 0.5 0 1 1 0.6 0 1 1 0.7 0 1 1 0.9 0 1 1
5 0.1 14 0.2857142857142857 0.0 0.4 1 1.0 0.0 0.5 1 1.0 0.0 0.6 1 1.0 0.0 0.7 0 1 1 0.9 0 1 1
5 0.1 12 0.4166666666666667 0.0 0.4 3 1.0 0.0 0.5 3 1.0 0.0 0.6 3 1.0 0.0 0.7 1 1.0 0.0 0.9 0 1 1
5 0.1 14 0.35714285714285715 0.0 0.4 4 0.75 0.0 0.5 3 1.0 0.0 0.6 3 1.0 0.0 0.7 3 1.0 0.0 0.9 0 1 1
5 0.1 13 0.38461538461538464 0.07692307692307693 0.4 3 1.0 0.3333333333333333 0.5 3 1.0 0.3333333333333333 0.6 3 1.0 0.3333333333333333 0.7 2 1.0 0.0 0.9 0 1 1
5 0.1 23 0.17391304347826086 0.0 0.4 6 0.16666666666666666 0.0 0.5 2 0.5 0.0 0.6 1 0.0 0.0 0.7 0 1 1 0.9 0 1 1
5 0.1 17 0.17647058823529413 0.0 0.4 0 1 1 0.5 0 1 1 0.6 0 1 1 0.7 0 1 1 0.9 0 1 1
5 0.1 10 0.2 0.0 0.4 1 1.0 0.0 0.5 1 1.0 0.0 0.6 1 1.0 0.0 0.7 1 1.0 0.0 0.9 0 1 1
5 0.1 8 0.375 0.0 0.4 4 0.75 0.0 0.5 4 0.75 0.0 0.6 3 1.0 0.0 0.7 1 1.0 0.0 0.9 0 1 1
5 0.1 7 0.42857142857142855 0.0 0.4 2 1.0 0.0 0.5 2 1.0 0.0 0.6 1 1.0 0.0 0.7 1 1.0 0.0 0.9 0 1 1
5 0.1 14 0.2857142857142857 0.0 0.4 6 0.6666666666666666 0.0 0.5 6 0.6666666666666666 0.0 0.6 6 0.6666666666666666 0.0 0.7 5 0.8 0.0 0.9 0 1 1
5 0.1 33 0.12121212121212122 0.0 0.4 15 0.2 0.0 0.5 10 0.3 0.0 0.6 3 0.6666666666666666 0.0 0.7 2 0.5 0.0 0.9 0 1 1
5 0.1 26 0.15384615384615385 0.0 0.4 4 0.5 0.0 0.5 2 1.0 0.0 0.6 0 1 1 0.7 0 1 1 0.9 0 1 1
5 0.1 15 0.3333333333333333 0.0 0.4 6 0.6666666666666666 0.0 0.5 4 0.75 0.0 0.6 2 1.0 0.0 0.7 1 1.0 0.0 0.9 0 1 1
5 0.1 20 0.2 0.0 0.4 7 0.42857142857142855 0.0 0.5 4 0.5 0.0 0.6 2 1.0 0.0 0.7 0 1 1 0.9 0 1 1
5 0.1 27 0.18518518518518517 0.0 0.4 8 0.625 0.0 0.5 4 1.0 0.0 0.6 3 1.0 0.0 0.7 3 1.0 0.0 0.9 0 1 1
5 0.1 9 0.4444444444444444 0.0 0.4 3 0.6666666666666666 0.0 0.5 1 1.0 0.0 0.6 1 1.0 0.0 0.7 1 1.0 0.0 0.9 0 1 1
5 0.1 0 1 1 0.4 0 1 1 0.5 0 1 1 0.6 0 1 1 0.7 0 1 1 0.9 0 1 1
5 0.1 1 1.0 0.0 0.4 0 1 1 0.5 0 1 1 0.6 0 1 1 0.7 0 1 1 0.9 0 1 1
5 0.1 55 0.0 0.0 0.4 0 1 1 0.5 0 1 1 0.6 0 1 1 0.7 0 1 1 0.9 0 1 1
5 0.1 23 0.043478260869565216 0.0 0.4 0 1 1 0.5 0 1 1 0.6 0 1 1 0.7 0 1 1 0.9 0 1 1
5 0.1 47 0.0 0.0 0.4 0 1 1 0.5 0 1 1 0.6 0 1 1 0.7 0 1 1 0.9 0 1 1
5 0.1 1 0.0 0.0 0.4 0 1 1 0.5 0 1 1 0.6 0 1 1 0.7 0 1 1 0.9 0 1 1
5 0.1 0 1 1 0.4 0 1 1 0.5 0 1 1 0.6 0 1 1 0.7 0 1 1 0.9 0 1 1
5 0.1 0 1 1 0.4 0 1 1 0.5 0 1 1 0.6 0 1 1 0.7 0 1 1 0.9 0 1 1
5 0.1 0 1 1 0.4 0 1 1 0.5 0 1 1 0.6 0 1 1 0.7 0 1 1 0.9 0 1 1
5 0.1 2 0.0 0.0 0.4 0 1 1 0.5 0 1 1 0.6 0 1 1 0.7 0 1 1 0.9 0 1 1
5 0.1 23 0.17391304347826086 0.0 0.4 3 0.3333333333333333 0.0 0.5 2 0.0 0.0 0.6 0 1 1 0.7 0 1 1 0.9 0 1 1
5 0.1 21 0.19047619047619047 0.0 0.4 1 0.0 0.0 0.5 0 1 1 0.6 0 1 1 0.7 0 1 1 0.9 0 1 1
5 0.1 22 0.18181818181818182 0.0 0.4 0 1 1 0.5 0 1 1 0.6 0 1 1 0.7 0 1 1 0.9 0 1 1
5 0.1 10 0.3 0.0 0.4 0 1 1 0.5 0 1 1 0.6 0 1 1 0.7 0 1 1 0.9 0 1 1
5 0.1 19 0.15789473684210525 0.0 0.4 2 0.5 0.0 0.5 0 1 1 0.6 0 1 1 0.7 0 1 1 0.9 0 1 1
5 0.1 55 0.07272727272727272 0.0 0.4 3 0.3333333333333333 0.0 0.5 0 1 1 0.6 0 1 1 0.7 0 1 1 0.9 0 1 1
5 0.1 15 0.26666666666666666 0.0 0.4 1 1.0 0.0 0.5 0 1 1 0.6 0 1 1 0.7 0 1 1 0.9 0 1 1
5 0.1 0 1 1 0.4 0 1 1 0.5 0 1 1 0.6 0 1 1 0.7 0 1 1 0.9 0 1 1
5 0.1 10 0.3 0.0 0.4 0 1 1 0.5 0 1 1 0.6 0 1 1 0.7 0 1 1 0.9 0 1 1
5 0.1 9 0.4444444444444444 0.0 0.4 4 0.75 0.0 0.5 2 1.0 0.0 0.6 1 1.0 0.0 0.7 0 1 1 0.9 0 1 1
5 0.1 4 0.5 0.0 0.4 1 1.0 0.0 0.5 1 1.0 0.0 0.6 0 1 1 0.7 0 1 1 0.9 0 1 1
5 0.1 8 0.5 0.0 0.4 1 1.0 0.0 0.5 0 1 1 0.6 0 1 1 0.7 0 1 1 0.9 0 1 1
5 0.1 31 0.16129032258064516 0.0 0.4 5 0.8 0.0 0.5 5 0.8 0.0 0.6 2 1.0 0.0 0.7 1 1.0 0.0 0.9 0 1 1
5 0.1 75 0.05333333333333334 0.0 0.4 4 0.75 0.0 0.5 0 1 1 0.6 0 1 1 0.7 0 1 1 0.9 0 1 1
5 0.1 72 0.06944444444444445 0.0 0.4 6 0.6666666666666666 0.0 0.5 4 1.0 0.0 0.6 1 1.0 0.0 0.7 0 1 1 0.9 0 1 1
5 0.1 34 0.08823529411764706 0.0 0.4 1 0.0 0.0 0.5 0 1 1 0.6 0 1 1 0.7 0 1 1 0.9 0 1 1
5 0.1 0 1 1 0.4 0 1 1 0.5 0 1 1 0.6 0 1 1 0.7 0 1 1 0.9 0 1 1
5 0.1 3 0.6666666666666666 0.0 0.4 0 1 1 0.5 0 1 1 0.6 0 1 1 0.7 0 1 1 0.9 0 1 1
5 0.1 38 0.13157894736842105 0.0 0.4 3 0.3333333333333333 0.0 0.5 1 0.0 0.0 0.6 0 1 1 0.7 0 1 1 0.9 0 1 1
5 0.1 13 0.3076923076923077 0.0 0.4 2 0.5 0.0 0.5 1 1.0 0.0 0.6 0 1 1 0.7 0 1 1 0.9 0 1 1
5 0.1 50 0.1 0.0 0.4 4 0.5 0.0 0.5 2 1.0 0.0 0.6 1 1.0 0.0 0.7 0 1 1 0.9 0 1 1
5 0.1 30 0.16666666666666666 0.0 0.4 3 0.6666666666666666 0.0 0.5 2 1.0 0.0 0.6 1 1.0 0.0 0.7 0 1 1 0.9 0 1 1
5 0.1 22 0.22727272727272727 0.0 0.4 5 0.4 0.0 0.5 3 0.6666666666666666 0.0 0.6 1 1.0 0.0 0.7 0 1 1 0.9 0 1 1
5 0.1 22 0.22727272727272727 0.0 0.4 3 1.0 0.0 0.5 2 1.0 0.0 0.6 2 1.0 0.0 0.7 1 1.0 0.0 0.9 0 1 1
5 0.1 11 0.36363636363636365 0.0 0.4 1 1.0 0.0 0.5 0 1 1 0.6 0 1 1 0.7 0 1 1 0.9 0 1 1
5 0.1 5 0.6 0.0 0.4 2 1.0 0.0 0.5 1 1.0 0.0 0.6 1 1.0 0.0 0.7 1 1.0 0.0 0.9 0 1 1
5 0.1 13 0.38461538461538464 0.0 0.4 5 0.8 0.0 0.5 5 0.8 0.0 0.6 3 1.0 0.0 0.7 2 1.0 0.0 0.9 0 1 1
5 0.1 32 0.0625 0.0 0.4 8 0.125 0.0 0.5 4 0.0 0.0 0.6 0 1 1 0.7 0 1 1 0.9 0 1 1
5 0.1 26 0.0 0.0 0.4 4 0.0 0.0 0.5 1 0.0 0.0 0.6 0 1 1 0.7 0 1 1 0.9 0 1 1
5 0.1 22 0.0 0.0 0.4 3 0.0 0.0 0.5 2 0.0 0.0 0.6 1 0.0 0.0 0.7 0 1 1 0.9 0 1 1
5 0.1 12 0.08333333333333333 0.0 0.4 3 0.3333333333333333 0.0 0.5 2 0.5 0.0 0.6 1 0.0 0.0 0.7 1 0.0 0.0 0.9 0 1 1
5 0.1 10 0.0 0.0 0.4 1 0.0 0.0 0.5 1 0.0 0.0 0.6 1 0.0 0.0 0.7 1 0.0 0.0 0.9 0 1 1
5 0.1 9 0.4444444444444444 0.0 0.4 2 1.0 0.0 0.5 1 1.0 0.0 0.6 1 1.0 0.0 0.7 1 1.0 0.0 0.9 0 1 1
5 0.1 3 0.3333333333333333 0.0 0.4 0 1 1 0.5 0 1 1 0.6 0 1 1 0.7 0 1 1 0.9 0 1 1
5 0.1 7 0.5714285714285714 0.0 0.4 3 0.6666666666666666 0.0 0.5 1 1.0 0.0 0.6 1 1.0 0.0 0.7 1 1.0 0.0 0.9 0 1 1
5 0.1 9 0.5555555555555556 0.0 0.4 4 0.75 0.0 0.5 4 0.75 0.0 0.6 4 0.75 0.0 0.7 3 1.0 0.0 0.9 0 1 1
5 0.1 10 0.5 0.0 0.4 4 1.0 0.0 0.5 4 1.0 0.0 0.6 3 1.0 0.0 0.7 2 1.0 0.0 0.9 0 1 1
5 0.1 10 0.5 0.1 0.4 5 0.8 0.2 0.5 4 1.0 0.25 0.6 3 1.0 0.3333333333333333 0.7 3 1.0 0.3333333333333333 0.9 0 1 1
5 0.1 11 0.45454545454545453 0.0 0.4 5 0.8 0.0 0.5 4 1.0 0.0 0.6 4 1.0 0.0 0.7 3 1.0 0.0 0.9 0 1 1
5 0.1 10 0.5 0.0 0.4 3 1.0 0.0 0.5 3 1.0 0.0 0.6 2 1.0 0.0 0.7 2 1.0 0.0 0.9 0 1 1
5 0.1 11 0.45454545454545453 0.09090909090909091 0.4 5 0.8 0.2 0.5 4 1.0 0.25 0.6 3 1.0 0.3333333333333333 0.7 2 1.0 0.0 0.9 0 1 1
5 0.1 11 0.45454545454545453 0.0 0.4 4 1.0 0.0 0.5 4 1.0 0.0 0.6 4 1.0 0.0 0.7 2 1.0 0.0 0.9 0 1 1
5 0.1 6 0.5 0.0 0.4 1 1.0 0.0 0.5 0 1 1 0.6 0 1 1 0.7 0 1 1 0.9 0 1 1
5 0.1 2 0.5 0.0 0.4 1 1.0 0.0 0.5 0 1 1 0.6 0 1 1 0.7 0 1 1 0.9 0 1 1
5 0.1 8 0.5 0.0 0.4 4 1.0 0.0 0.5 4 1.0 0.0 0.6 4 1.0 0.0 0.7 3 1.0 0.0 0.9 0 1 1
5 0.1 6 0.5 0.0 0.4 3 1.0 0.0 0.5 3 1.0 0.0 0.6 3 1.0 0.0 0.7 1 1.0 0.0 0.9 0 1 1
5 0.1 7 0.5714285714285714 0.0 0.4 6 0.6666666666666666 0.0 0.5 3 1.0 0.0 0.6 3 1.0 0.0 0.7 1 1.0 0.0 0.9 0 1 1
5 0.1 6 0.6666666666666666 0.16666666666666666 0.4 3 1.0 0.3333333333333333 0.5 3 1.0 0.3333333333333333 0.6 1 1.0 0.0 0.7 1 1.0 0.0 0.9 0 1 1
5 0.1 13 0.38461538461538464 0.0 0.4 4 1.0 0.0 0.5 4 1.0 0.0 0.6 4 1.0 0.0 0.7 3 1.0 0.0 0.9 0 1 1
5 0.1 6 0.6666666666666666 0.0 0.4 3 1.0 0.0 0.5 3 1.0 0.0 0.6 3 1.0 0.0 0.7 1 1.0 0.0 0.9 0 1 1
5 0.1 8 0.5 0.0 0.4 4 1.0 0.0 0.5 3 1.0 0.0 0.6 3 1.0 0.0 0.7 2 1.0 0.0 0.9 0 1 1
5 0.1 19 0.2631578947368421 0.0 0.4 5 0.8 0.0 0.5 4 1.0 0.0 0.6 2 1.0 0.0 0.7 1 1.0 0.0 0.9 0 1 1
5 0.1 9 0.4444444444444444 0.0 0.4 5 0.8 0.0 0.5 4 1.0 0.0 0.6 1 1.0 0.0 0.7 0 1 1 0.9 0 1 1
5 0.1 6 0.6666666666666666 0.0 0.4 3 1.0 0.0 0.5 1 1.0 0.0 0.6 0 1 1 0.7 0 1 1 0.9 0 1 1
5 0.1 34 0.08823529411764706 0.0 0.4 4 0.5 0.0 0.5 3 0.6666666666666666 0.0 0.6 1 1.0 0.0 0.7 0 1 1 0.9 0 1 1
5 0.1 7 0.5714285714285714 0.0 0.4 3 1.0 0.0 0.5 3 1.0 0.0 0.6 3 1.0 0.0 0.7 0 1 1 0.9 0 1 1
5 0.1 24 0.16666666666666666 0.0 0.4 6 0.6666666666666666 0.0 0.5 4 0.75 0.0 0.6 1 1.0 0.0 0.7 1 1.0 0.0 0.9 0 1 1
5 0.1 16 0.3125 0.0 0.4 4 0.75 0.0 0.5 4 0.75 0.0 0.6 1 1.0 0.0 0.7 0 1 1 0.9 0 1 1
5 0.1 16 0.3125 0.0 0.4 6 0.6666666666666666 0.0 0.5 5 0.8 0.0 0.6 4 0.75 0.0 0.7 2 1.0 0.0 0.9 0 1 1
5 0.1 14 0.35714285714285715 0.0 0.4 4 0.75 0.0 0.5 4 0.75 0.0 0.6 3 1.0 0.0 0.7 2 1.0 0.0 0.9 0 1 1
5 0.1 8 0.5 0.0 0.4 5 0.8 0.0 0.5 5 0.8 0.0 0.6 2 1.0 0.0 0.7 1 1.0 0.0 0.9 0 1 1
5 0.1 8 0.625 0.0 0.4 4 1.0 0.0 0.5 4 1.0 0.0 0.6 4 1.0 0.0 0.7 4 1.0 0.0 0.9 0 1 1
5 0.1 9 0.5555555555555556 0.0 0.4 4 1.0 0.0 0.5 4 1.0 0.0 0.6 4 1.0 0.0 0.7 4 1.0 0.0 0.9 0 1 1
5 0.1 8 0.625 0.0 0.4 4 1.0 0.0 0.5 4 1.0 0.0 0.6 4 1.0 0.0 0.7 3 1.0 0.0 0.9 0 1 1
5 0.1 10 0.5 0.0 0.4 5 0.8 0.0 0.5 4 1.0 0.0 0.6 4 1.0 0.0 0.7 2 1.0 0.0 0.9 0 1 1
5 0.1 8 0.5 0.0 0.4 5 0.8 0.0 0.5 4 1.0 0.0 0.6 4 1.0 0.0 0.7 4 1.0 0.0 0.9 0 1 1
5 0.1 11 0.45454545454545453 0.0 0.4 6 0.6666666666666666 0.0 0.5 4 0.75 0.0 0.6 3 1.0 0.0 0.7 3 1.0 0.0 0.9 0 1 1
5 0.1 10 0.5 0.0 0.4 7 0.5714285714285714 0.0 0.5 6 0.6666666666666666 0.0 0.6 5 0.8 0.0 0.7 4 1.0 0.0 0.9 0 1 1
5 0.1 12 0.3333333333333333 0.0 0.4 4 1.0 0.0 0.5 4 1.0 0.0 0.6 3 1.0 0.0 0.7 2 1.0 0.0 0.9 0 1 1
5 0.1 8 0.5 0.0 0.4 1 1.0 0.0 0.5 1 1.0 0.0 0.6 1 1.0 0.0 0.7 1 1.0 0.0 0.9 0 1 1
5 0.1 11 0.36363636363636365 0.0 0.4 5 0.8 0.0 0.5 4 1.0 0.0 0.6 4 1.0 0.0 0.7 4 1.0 0.0 0.9 0 1 1
5 0.1 5 0.6 0.0 0.4 3 1.0 0.0 0.5 3 1.0 0.0 0.6 2 1.0 0.0 0.7 2 1.0 0.0 0.9 0 1 1
5 0.1 12 0.3333333333333333 0.0 0.4 4 1.0 0.0 0.5 3 1.0 0.0 0.6 3 1.0 0.0 0.7 3 1.0 0.0 0.9 0 1 1
5 0.1 7 0.5714285714285714 0.0 0.4 3 1.0 0.0 0.5 3 1.0 0.0 0.6 2 1.0 0.0 0.7 1 1.0 0.0 0.9 0 1 1
5 0.1 8 0.625 0.0 0.4 4 1.0 0.0 0.5 4 1.0 0.0 0.6 4 1.0 0.0 0.7 3 1.0 0.0 0.9 0 1 1
5 0.1 8 0.5 0.0 0.4 4 1.0 0.0 0.5 4 1.0 0.0 0.6 3 1.0 0.0 0.7 3 1.0 0.0 0.9 0 1 1
5 0.1 8 0.5 0.0 0.4 4 1.0 0.0 0.5 4 1.0 0.0 0.6 3 1.0 0.0 0.7 3 1.0 0.0 0.9 0 1 1
5 0.1 9 0.4444444444444444 0.0 0.4 4 1.0 0.0 0.5 4 1.0 0.0 0.6 4 1.0 0.0 0.7 3 1.0 0.0 0.9 0 1 1
5 0.1 12 0.4166666666666667 0.0 0.4 6 0.6666666666666666 0.0 0.5 5 0.8 0.0 0.6 4 1.0 0.0 0.7 4 1.0 0.0 0.9 0 1 1
5 0.1 10 0.4 0.0 0.4 5 0.8 0.0 0.5 5 0.8 0.0 0.6 4 1.0 0.0 0.7 4 1.0 0.0 0.9 0 1 1
5 0.1 11 0.36363636363636365 0.0 0.4 5 0.8 0.0 0.5 5 0.8 0.0 0.6 3 1.0 0.0 0.7 2 1.0 0.0 0.9 0 1 1
5 0.1 11 0.36363636363636365 0.0 0.4 2 1.0 0.0 0.5 2 1.0 0.0 0.6 2 1.0 0.0 0.7 1 1.0 0.0 0.9 0 1 1
5 0.1 11 0.36363636363636365 0.0 0.4 3 1.0 0.0 0.5 3 1.0 0.0 0.6 3 1.0 0.0 0.7 2 1.0 0.0 0.9 0 1 1
5 0.1 7 0.5714285714285714 0.14285714285714285 0.4 3 1.0 0.3333333333333333 0.5 3 1.0 0.3333333333333333 0.6 2 1.0 0.5 0.7 2 1.0 0.5 0.9 0 1 1
5 0.1 16 0.25 0.0 0.4 6 0.6666666666666666 0.0 0.5 4 1.0 0.0 0.6 3 1.0 0.0 0.7 2 1.0 0.0 0.9 0 1 1
5 0.1 8 0.5 0.0 0.4 5 0.8 0.0 0.5 4 1.0 0.0 0.6 4 1.0 0.0 0.7 3 1.0 0.0 0.9 0 1 1
5 0.1 9 0.4444444444444444 0.0 0.4 4 1.0 0.0 0.5 4 1.0 0.0 0.6 4 1.0 0.0 0.7 4 1.0 0.0 0.9 0 1 1
5 0.1 10 0.4 0.0 0.4 4 1.0 0.0 0.5 4 1.0 0.0 0.6 4 1.0 0.0 0.7 3 1.0 0.0 0.9 0 1 1
5 0.1 9 0.5555555555555556 0.0 0.4 4 1.0 0.0 0.5 4 1.0 0.0 0.6 4 1.0 0.0 0.7 3 1.0 0.0 0.9 0 1 1
5 0.1 8 0.5 0.0 0.4 4 0.75 0.0 0.5 4 0.75 0.0 0.6 3 1.0 0.0 0.7 3 1.0 0.0 0.9 0 1 1
5 0.1 8 0.5 0.0 0.4 5 0.8 0.0 0.5 4 1.0 0.0 0.6 3 1.0 0.0 0.7 3 1.0 0.0 0.9 0 1 1
5 0.1 8 0.5 0.0 0.4 5 0.8 0.0 0.5 3 1.0 0.0 0.6 3 1.0 0.0 0.7 3 1.0 0.0 0.9 0 1 1
5 0.1 8 0.5 0.0 0.4 5 0.8 0.0 0.5 4 0.75 0.0 0.6 2 1.0 0.0 0.7 1 1.0 0.0 0.9 0 1 1
5 0.1 8 0.5 0.0 0.4 4 1.0 0.0 0.5 4 1.0 0.0 0.6 4 1.0 0.0 0.7 3 1.0 0.0 0.9 0 1 1
5 0.1 8 0.5 0.0 0.4 4 1.0 0.0 0.5 3 1.0 0.0 0.6 3 1.0 0.0 0.7 3 1.0 0.0 0.9 0 1 1
5 0.1 7 0.5714285714285714 0.0 0.4 3 1.0 0.0 0.5 2 1.0 0.0 0.6 1 1.0 0.0 0.7 1 1.0 0.0 0.9 0 1 1
5 0.1 7 0.5714285714285714 0.0 0.4 4 1.0 0.0 0.5 4 1.0 0.0 0.6 4 1.0 0.0 0.7 2 1.0 0.0 0.9 0 1 1
5 0.1 6 0.6666666666666666 0.0 0.4 3 1.0 0.0 0.5 2 1.0 0.0 0.6 2 1.0 0.0 0.7 2 1.0 0.0 0.9 0 1 1
5 0.1 9 0.4444444444444444 0.0 0.4 3 1.0 0.0 0.5 3 1.0 0.0 0.6 3 1.0 0.0 0.7 1 1.0 0.0 0.9 0 1 1
5 0.1 9 0.4444444444444444 0.0 0.4 4 1.0 0.0 0.5 4 1.0 0.0 0.6 4 1.0 0.0 0.7 4 1.0 0.0 0.9 0 1 1
5 0.1 9 0.4444444444444444 0.0 0.4 4 1.0 0.0 0.5 4 1.0 0.0 0.6 4 1.0 0.0 0.7 4 1.0 0.0 0.9 0 1 1
5 0.1 11 0.36363636363636365 0.0 0.4 4 1.0 0.0 0.5 4 1.0 0.0 0.6 4 1.0 0.0 0.7 3 1.0 0.0 0.9 0 1 1
5 0.1 6 0.6666666666666666 0.0 0.4 5 0.8 0.0 0.5 4 1.0 0.0 0.6 4 1.0 0.0 0.7 4 1.0 0.0 0.9 0 1 1
5 0.1 5 0.8 0.0 0.4 4 1.0 0.0 0.5 4 1.0 0.0 0.6 4 1.0 0.0 0.7 4 1.0 0.0 0.9 0 1 1
5 0.1 8 0.5 0.0 0.4 4 1.0 0.0 0.5 4 1.0 0.0 0.6 4 1.0 0.0 0.7 4 1.0 0.0 0.9 0 1 1
5 0.1 7 0.5714285714285714 0.0 0.4 4 1.0 0.0 0.5 4 1.0 0.0 0.6 4 1.0 0.0 0.7 4 1.0 0.0 0.9 0 1 1
5 0.1 9 0.4444444444444444 0.1111111111111111 0.4 5 0.8 0.2 0.5 4 1.0 0.25 0.6 4 1.0 0.25 0.7 4 1.0 0.25 0.9 0 1 1
5 0.1 7 0.5714285714285714 0.0 0.4 4 1.0 0.0 0.5 4 1.0 0.0 0.6 4 1.0 0.0 0.7 4 1.0 0.0 0.9 0 1 1
5 0.1 8 0.5 0.0 0.4 4 1.0 0.0 0.5 4 1.0 0.0 0.6 4 1.0 0.0 0.7 4 1.0 0.0 0.9 0 1 1
5 0.1 6 0.6666666666666666 0.0 0.4 4 1.0 0.0 0.5 4 1.0 0.0 0.6 4 1.0 0.0 0.7 4 1.0 0.0 0.9 0 1 1
5 0.1 8 0.5 0.125 0.4 5 0.8 0.2 0.5 5 0.8 0.2 0.6 4 1.0 0.25 0.7 4 1.0 0.25 0.9 0 1 1
5 0.1 10 0.4 0.0 0.4 6 0.6666666666666666 0.0 0.5 5 0.8 0.0 0.6 5 0.8 0.0 0.7 4 1.0 0.0 0.9 0 1 1
5 0.1 8 0.5 0.0 0.4 5 0.8 0.0 0.5 5 0.8 0.0 0.6 5 0.8 0.0 0.7 5 0.8 0.0 0.9 0 1 1
5 0.1 9 0.4444444444444444 0.0 0.4 6 0.6666666666666666 0.0 0.5 5 0.8 0.0 0.6 4 1.0 0.0 0.7 4 1.0 0.0 0.9 0 1 1
5 0.1 8 0.5 0.0 0.4 5 0.8 0.0 0.5 5 0.8 0.0 0.6 5 0.8 0.0 0.7 5 0.8 0.0 0.9 0 1 1
5 0.1 9 0.4444444444444444 0.0 0.4 4 1.0 0.0 0.5 4 1.0 0.0 0.6 4 1.0 0.0 0.7 4 1.0 0.0 0.9 0 1 1
5 0.1 9 0.4444444444444444 0.0 0.4 6 0.6666666666666666 0.0 0.5 5 0.8 0.0 0.6 5 0.8 0.0 0.7 4 1.0 0.0 0.9 0 1 1
5 0.1 13 0.38461538461538464 0.0 0.4 6 0.6666666666666666 0.0 0.5 6 0.6666666666666666 0.0 0.6 6 0.6666666666666666 0.0 0.7 5 0.8 0.0 0.9 0 1 1
5 0.1 9 0.4444444444444444 0.0 0.4 6 0.6666666666666666 0.0 0.5 6 0.6666666666666666 0.0 0.6 5 0.8 0.0 0.7 5 0.8 0.0 0.9 0 1 1
5 0.1 9 0.5555555555555556 0.0 0.4 5 0.8 0.0 0.5 4 1.0 0.0 0.6 4 1.0 0.0 0.7 4 1.0 0.0 0.9 0 1 1
5 0.1 8 0.5 0.0 0.4 5 0.8 0.0 0.5 4 1.0 0.0 0.6 4 1.0 0.0 0.7 4 1.0 0.0 0.9 0 1 1
5 0.1 10 0.4 0.0 0.4 7 0.5714285714285714 0.0 0.5 7 0.5714285714285714 0.0 0.6 6 0.6666666666666666 0.0 0.7 4 1.0 0.0 0.9 0 1 1
5 0.1 10 0.4 0.0 0.4 7 0.5714285714285714 0.0 0.5 6 0.6666666666666666 0.0 0.6 4 1.0 0.0 0.7 4 1.0 0.0 0.9 0 1 1
5 0.1 8 0.5 0.0 0.4 5 0.8 0.0 0.5 4 1.0 0.0 0.6 4 1.0 0.0 0.7 4 1.0 0.0 0.9 0 1 1
5 0.1 8 0.5 0.0 0.4 4 1.0 0.0 0.5 4 1.0 0.0 0.6 4 1.0 0.0 0.7 4 1.0 0.0 0.9 0 1 1
5 0.1 11 0.36363636363636365 0.0 0.4 5 0.8 0.0 0.5 5 0.8 0.0 0.6 5 0.8 0.0 0.7 5 0.8 0.0 0.9 0 1 1
5 0.1 9 0.4444444444444444 0.0 0.4 5 0.8 0.0 0.5 5 0.8 0.0 0.6 5 0.8 0.0 0.7 4 0.75 0.0 0.9 0 1 1
5 0.1 7 0.5714285714285714 0.0 0.4 4 1.0 0.0 0.5 4 1.0 0.0 0.6 4 1.0 0.0 0.7 4 1.0 0.0 0.9 0 1 1
5 0.1 8 0.5 0.0 0.4 5 0.8 0.0 0.5 4 1.0 0.0 0.6 4 1.0 0.0 0.7 4 1.0 0.0 0.9 0 1 1
5 0.1 7 0.5714285714285714 0.0 0.4 4 1.0 0.0 0.5 3 1.0 0.0 0.6 3 1.0 0.0 0.7 2 1.0 0.0 0.9 0 1 1
5 0.1 7 0.5714285714285714 0.0 0.4 4 0.75 0.0 0.5 4 0.75 0.0 0.6 3 1.0 0.0 0.7 2 1.0 0.0 0.9 0 1 1
5 0.1 6 0.6666666666666666 0.0 0.4 4 1.0 0.0 0.5 4 1.0 0.0 0.6 3 1.0 0.0 0.7 2 1.0 0.0 0.9 0 1 1
5 0.1 7 0.5714285714285714 0.0 0.4 5 0.8 0.0 0.5 4 1.0 0.0 0.6 4 1.0 0.0 0.7 3 1.0 0.0 0.9 0 1 1
5 0.1 8 0.5 0.0 0.4 5 0.8 0.0 0.5 5 0.8 0.0 0.6 5 0.8 0.0 0.7 5 0.8 0.0 0.9 0 1 1
5 0.1 8 0.5 0.0 0.4 5 0.8 0.0 0.5 5 0.8 0.0 0.6 4 1.0 0.0 0.7 4 1.0 0.0 0.9 0 1 1
5 0.1 5 0.8 0.0 0.4 4 1.0 0.0 0.5 3 1.0 0.0 0.6 3 1.0 0.0 0.7 3 1.0 0.0 0.9 0 1 1
5 0.1 7 0.5714285714285714 0.0 0.4 3 1.0 0.0 0.5 3 1.0 0.0 0.6 3 1.0 0.0 0.7 3 1.0 0.0 0.9 0 1 1
5 0.1 8 0.5 0.0 0.4 5 0.8 0.0 0.5 5 0.8 0.0 0.6 5 0.8 0.0 0.7 5 0.8 0.0 0.9 0 1 1
5 0.1 8 0.5 0.0 0.4 4 1.0 0.0 0.5 4 1.0 0.0 0.6 4 1.0 0.0 0.7 4 1.0 0.0 0.9 0 1 1
5 0.1 7 0.5714285714285714 0.0 0.4 5 0.8 0.0 0.5 5 0.8 0.0 0.6 5 0.8 0.0 0.7 5 0.8 0.0 0.9 0 1 1
5 0.1 7 0.5714285714285714 0.0 0.4 5 0.8 0.0 0.5 4 1.0 0.0 0.6 4 1.0 0.0 0.7 4 1.0 0.0 0.9 0 1 1
5 0.1 7 0.5714285714285714 0.0 0.4 4 1.0 0.0 0.5 4 1.0 0.0 0.6 4 1.0 0.0 0.7 4 1.0 0.0 0.9 0 1 1
5 0.1 9 0.4444444444444444 0.0 0.4 4 1.0 0.0 0.5 4 1.0 0.0 0.6 4 1.0 0.0 0.7 4 1.0 0.0 0.9 0 1 1
5 0.1 8 0.5 0.0 0.4 4 1.0 0.0 0.5 4 1.0 0.0 0.6 4 1.0 0.0 0.7 4 1.0 0.0 0.9 0 1 1
5 0.1 10 0.4 0.0 0.4 5 0.8 0.0 0.5 4 1.0 0.0 0.6 4 1.0 0.0 0.7 4 1.0 0.0 0.9 0 1 1
5 0.1 9 0.4444444444444444 0.0 0.4 5 0.8 0.0 0.5 5 0.8 0.0 0.6 4 1.0 0.0 0.7 4 1.0 0.0 0.9 0 1 1
5 0.1 9 0.4444444444444444 0.0 0.4 5 0.8 0.0 0.5 4 1.0 0.0 0.6 4 1.0 0.0 0.7 4 1.0 0.0 0.9 0 1 1
5 0.1 7 0.5714285714285714 0.0 0.4 5 0.8 0.0 0.5 5 0.8 0.0 0.6 4 1.0 0.0 0.7 4 1.0 0.0 0.9 0 1 1
5 0.1 7 0.5714285714285714 0.0 0.4 4 1.0 0.0 0.5 3 1.0 0.0 0.6 2 1.0 0.0 0.7 2 1.0 0.0 0.9 0 1 1
5 0.1 9 0.4444444444444444 0.0 0.4 5 0.8 0.0 0.5 4 1.0 0.0 0.6 4 1.0 0.0 0.7 4 1.0 0.0 0.9 0 1 1
5 0.1 8 0.5 0.0 0.4 4 1.0 0.0 0.5 4 1.0 0.0 0.6 4 1.0 0.0 0.7 4 1.0 0.0 0.9 0 1 1
5 0.1 8 0.5 0.0 0.4 5 0.8 0.0 0.5 5 0.8 0.0 0.6 4 1.0 0.0 0.7 4 1.0 0.0 0.9 0 1 1
5 0.1 7 0.5714285714285714 0.0 0.4 4 1.0 0.0 0.5 4 1.0 0.0 0.6 4 1.0 0.0 0.7 4 1.0 0.0 0.9 0 1 1
5 0.1 7 0.5714285714285714 0.0 0.4 5 0.8 0.0 0.5 5 0.8 0.0 0.6 4 1.0 0.0 0.7 4 1.0 0.0 0.9 0 1 1
5 0.1 7 0.5714285714285714 0.0 0.4 5 0.8 0.0 0.5 4 1.0 0.0 0.6 4 1.0 0.0 0.7 4 1.0 0.0 0.9 0 1 1
5 0.1 7 0.5714285714285714 0.0 0.4 5 0.8 0.0 0.5 5 0.8 0.0 0.6 4 1.0 0.0 0.7 4 1.0 0.0 0.9 0 1 1
5 0.1 6 0.6666666666666666 0.0 0.4 4 1.0 0.0 0.5 4 1.0 0.0 0.6 4 1.0 0.0 0.7 4 1.0 0.0 0.9 0 1 1
5 0.1 7 0.5714285714285714 0.0 0.4 5 0.8 0.0 0.5 4 1.0 0.0 0.6 4 1.0 0.0 0.7 4 1.0 0.0 0.9 0 1 1
5 0.1 7 0.5714285714285714 0.0 0.4 4 1.0 0.0 0.5 3 1.0 0.0 0.6 3 1.0 0.0 0.7 3 1.0 0.0 0.9 0 1 1
5 0.1 9 0.4444444444444444 0.0 0.4 6 0.6666666666666666 0.0 0.5 5 0.8 0.0 0.6 4 1.0 0.0 0.7 3 1.0 0.0 0.9 0 1 1
5 0.1 8 0.375 0.0 0.4 3 0.6666666666666666 0.0 0.5 2 1.0 0.0 0.6 2 1.0 0.0 0.7 2 1.0 0.0 0.9 0 1 1
5 0.1 9 0.4444444444444444 0.0 0.4 3 0.6666666666666666 0.0 0.5 3 0.6666666666666666 0.0 0.6 3 0.6666666666666666 0.0 0.7 2 1.0 0.0 0.9 0 1 1
5 0.1 8 0.5 0.0 0.4 6 0.6666666666666666 0.0 0.5 5 0.8 0.0 0.6 5 0.8 0.0 0.7 5 0.8 0.0 0.9 0 1 1
5 0.1 8 0.375 0.0 0.4 3 1.0 0.0 0.5 3 1.0 0.0 0.6 3 1.0 0.0 0.7 2 1.0 0.0 0.9 0 1 1
5 0.1 8 0.5 0.0 0.4 4 0.75 0.0 0.5 4 0.75 0.0 0.6 2 1.0 0.0 0.7 2 1.0 0.0 0.9 0 1 1
5 0.1 9 0.4444444444444444 0.0 0.4 7 0.5714285714285714 0.0 0.5 5 0.8 0.0 0.6 4 1.0 0.0 0.7 3 1.0 0.0 0.9 0 1 1
5 0.1 9 0.4444444444444444 0.0 0.4 6 0.6666666666666666 0.0 0.5 6 0.6666666666666666 0.0 0.6 4 1.0 0.0 0.7 3 1.0 0.0 0.9 0 1 1
5 0.1 9 0.4444444444444444 0.0 0.4 3 1.0 0.0 0.5 2 1.0 0.0 0.6 2 1.0 0.0 0.7 2 1.0 0.0 0.9 0 1 1
5 0.1 10 0.5 0.0 0.4 7 0.5714285714285714 0.0 0.5 7 0.5714285714285714 0.0 0.6 5 0.8 0.0 0.7 5 0.8 0.0 0.9 1 1.0 0.0
5 0.1 8 0.625 0.0 0.4 6 0.6666666666666666 0.0 0.5 4 1.0 0.0 0.6 4 1.0 0.0 0.7 4 1.0 0.0 0.9 0 1 1
5 0.1 10 0.5 0.1 0.4 5 0.8 0.2 0.5 5 0.8 0.2 0.6 4 1.0 0.25 0.7 4 1.0 0.25 0.9 2 1.0 0.5
5 0.1 10 0.4 0.0 0.4 4 0.75 0.0 0.5 3 1.0 0.0 0.6 3 1.0 0.0 0.7 3 1.0 0.0 0.9 0 1 1
5 0.1 9 0.4444444444444444 0.0 0.4 4 1.0 0.0 0.5 4 1.0 0.0 0.6 4 1.0 0.0 0.7 3 1.0 0.0 0.9 0 1 1
5 0.1 8 0.5 0.0 0.4 5 0.8 0.0 0.5 4 1.0 0.0 0.6 4 1.0 0.0 0.7 3 1.0 0.0 0.9 0 1 1
5 0.1 7 0.5714285714285714 0.0 0.4 4 1.0 0.0 0.5 4 1.0 0.0 0.6 4 1.0 0.0 0.7 3 1.0 0.0 0.9 0 1 1
5 0.1 7 0.5714285714285714 0.0 0.4 4 1.0 0.0 0.5 4 1.0 0.0 0.6 4 1.0 0.0 0.7 3 1.0 0.0 0.9 0 1 1
5 0.1 7 0.5714285714285714 0.0 0.4 4 1.0 0.0 0.5 4 1.0 0.0 0.6 4 1.0 0.0 0.7 3 1.0 0.0 0.9 0 1 1
5 0.1 7 0.5714285714285714 0.0 0.4 4 1.0 0.0 0.5 4 1.0 0.0 0.6 4 1.0 0.0 0.7 3 1.0 0.0 0.9 0 1 1
5 0.1 7 0.5714285714285714 0.0 0.4 5 0.8 0.0 0.5 5 0.8 0.0 0.6 4 1.0 0.0 0.7 3 1.0 0.0 0.9 0 1 1
5 0.1 7 0.5714285714285714 0.0 0.4 4 1.0 0.0 0.5 4 1.0 0.0 0.6 3 1.0 0.0 0.7 3 1.0 0.0 0.9 0 1 1
5 0.1 7 0.5714285714285714 0.0 0.4 5 0.8 0.0 0.5 4 1.0 0.0 0.6 3 1.0 0.0 0.7 3 1.0 0.0 0.9 0 1 1
5 0.1 7 0.5714285714285714 0.0 0.4 4 1.0 0.0 0.5 4 1.0 0.0 0.6 2 1.0 0.0 0.7 2 1.0 0.0 0.9 0 1 1
5 0.1 8 0.5 0.0 0.4 4 1.0 0.0 0.5 3 1.0 0.0 0.6 3 1.0 0.0 0.7 2 1.0 0.0 0.9 0 1 1
5 0.1 6 0.6666666666666666 0.0 0.4 4 1.0 0.0 0.5 3 1.0 0.0 0.6 3 1.0 0.0 0.7 3 1.0 0.0 0.9 0 1 1
5 0.1 8 0.5 0.0 0.4 3 1.0 0.0 0.5 3 1.0 0.0 0.6 3 1.0 0.0 0.7 2 1.0 0.0 0.9 0 1 1
5 0.1 8 0.5 0.0 0.4 4 1.0 0.0 0.5 4 1.0 0.0 0.6 4 1.0 0.0 0.7 4 1.0 0.0 0.9 0 1 1
5 0.1 6 0.6666666666666666 0.0 0.4 4 1.0 0.0 0.5 4 1.0 0.0 0.6 4 1.0 0.0 0.7 4 1.0 0.0 0.9 0 1 1
5 0.1 8 0.5 0.0 0.4 5 0.8 0.0 0.5 4 1.0 0.0 0.6 4 1.0 0.0 0.7 3 1.0 0.0 0.9 0 1 1
5 0.1 7 0.5714285714285714 0.0 0.4 5 0.8 0.0 0.5 4 1.0 0.0 0.6 4 1.0 0.0 0.7 4 1.0 0.0 0.9 0 1 1
5 0.1 8 0.5 0.0 0.4 4 1.0 0.0 0.5 4 1.0 0.0 0.6 4 1.0 0.0 0.7 3 1.0 0.0 0.9 0 1 1
5 0.1 10 0.4 0.0 0.4 5 0.8 0.0 0.5 5 0.8 0.0 0.6 4 1.0 0.0 0.7 4 1.0 0.0 0.9 0 1 1
5 0.1 11 0.36363636363636365 0.0 0.4 6 0.6666666666666666 0.0 0.5 4 1.0 0.0 0.6 4 1.0 0.0 0.7 4 1.0 0.0 0.9 0 1 1
5 0.1 7 0.5714285714285714 0.0 0.4 5 0.8 0.0 0.5 5 0.8 0.0 0.6 4 1.0 0.0 0.7 4 1.0 0.0 0.9 0 1 1
5 0.1 7 0.5714285714285714 0.0 0.4 4 1.0 0.0 0.5 4 1.0 0.0 0.6 4 1.0 0.0 0.7 2 1.0 0.0 0.9 0 1 1
5 0.1 9 0.4444444444444444 0.0 0.4 6 0.6666666666666666 0.0 0.5 4 1.0 0.0 0.6 4 1.0 0.0 0.7 4 1.0 0.0 0.9 0 1 1
5 0.1 10 0.4 0.0 0.4 6 0.6666666666666666 0.0 0.5 5 0.8 0.0 0.6 5 0.8 0.0 0.7 5 0.8 0.0 0.9 0 1 1
5 0.1 6 0.6666666666666666 0.0 0.4 4 1.0 0.0 0.5 3 1.0 0.0 0.6 3 1.0 0.0 0.7 3 1.0 0.0 0.9 0 1 1
5 0.1 8 0.5 0.0 0.4 5 0.8 0.0 0.5 4 1.0 0.0 0.6 4 1.0 0.0 0.7 4 1.0 0.0 0.9 0 1 1
5 0.1 7 0.42857142857142855 0.0 0.4 4 0.75 0.0 0.5 4 0.75 0.0 0.6 4 0.75 0.0 0.7 3 0.6666666666666666 0.0 0.9 0 1 1
5 0.1 8 0.5 0.0 0.4 6 0.6666666666666666 0.0 0.5 6 0.6666666666666666 0.0 0.6 5 0.8 0.0 0.7 5 0.8 0.0 0.9 0 1 1
5 0.1 8 0.5 0.0 0.4 5 0.8 0.0 0.5 5 0.8 0.0 0.6 5 0.8 0.0 0.7 4 1.0 0.0 0.9 0 1 1
5 0.1 7 0.5714285714285714 0.0 0.4 5 0.8 0.0 0.5 5 0.8 0.0 0.6 5 0.8 0.0 0.7 4 1.0 0.0 0.9 0 1 1
5 0.1 7 0.5714285714285714 0.0 0.4 5 0.8 0.0 0.5 4 1.0 0.0 0.6 4 1.0 0.0 0.7 4 1.0 0.0 0.9 0 1 1
5 0.1 6 0.6666666666666666 0.0 0.4 5 0.8 0.0 0.5 5 0.8 0.0 0.6 4 1.0 0.0 0.7 4 1.0 0.0 0.9 0 1 1
5 0.1 6 0.6666666666666666 0.0 0.4 5 0.8 0.0 0.5 4 1.0 0.0 0.6 4 1.0 0.0 0.7 4 1.0 0.0 0.9 0 1 1
5 0.1 7 0.5714285714285714 0.0 0.4 5 0.8 0.0 0.5 5 0.8 0.0 0.6 5 0.8 0.0 0.7 3 1.0 0.0 0.9 0 1 1
5 0.1 6 0.6666666666666666 0.0 0.4 5 0.8 0.0 0.5 4 1.0 0.0 0.6 4 1.0 0.0 0.7 3 1.0 0.0 0.9 0 1 1
5 0.1 7 0.5714285714285714 0.0 0.4 4 1.0 0.0 0.5 4 1.0 0.0 0.6 4 1.0 0.0 0.7 4 1.0 0.0 0.9 0 1 1
5 0.1 7 0.5714285714285714 0.0 0.4 4 1.0 0.0 0.5 4 1.0 0.0 0.6 4 1.0 0.0 0.7 3 1.0 0.0 0.9 0 1 1
5 0.1 6 0.6666666666666666 0.0 0.4 4 1.0 0.0 0.5 4 1.0 0.0 0.6 3 1.0 0.0 0.7 3 1.0 0.0 0.9 0 1 1
5 0.1 8 0.5 0.0 0.4 5 0.8 0.0 0.5 4 1.0 0.0 0.6 4 1.0 0.0 0.7 3 1.0 0.0 0.9 0 1 1
5 0.1 7 0.5714285714285714 0.0 0.4 3 1.0 0.0 0.5 3 1.0 0.0 0.6 2 1.0 0.0 0.7 2 1.0 0.0 0.9 0 1 1
5 0.1 8 0.5 0.0 0.4 5 0.8 0.0 0.5 4 1.0 0.0 0.6 4 1.0 0.0 0.7 4 1.0 0.0 0.9 0 1 1
5 0.1 6 0.6666666666666666 0.0 0.4 5 0.8 0.0 0.5 4 1.0 0.0 0.6 4 1.0 0.0 0.7 4 1.0 0.0 0.9 0 1 1
5 0.1 6 0.6666666666666666 0.0 0.4 5 0.8 0.0 0.5 5 0.8 0.0 0.6 4 1.0 0.0 0.7 4 1.0 0.0 0.9 0 1 1
5 0.1 6 0.6666666666666666 0.0 0.4 5 0.8 0.0 0.5 5 0.8 0.0 0.6 4 1.0 0.0 0.7 4 1.0 0.0 0.9 0 1 1
5 0.1 9 0.4444444444444444 0.0 0.4 5 0.8 0.0 0.5 4 1.0 0.0 0.6 4 1.0 0.0 0.7 4 1.0 0.0 0.9 0 1 1
5 0.1 8 0.5 0.0 0.4 5 0.8 0.0 0.5 4 1.0 0.0 0.6 4 1.0 0.0 0.7 4 1.0 0.0 0.9 0 1 1
5 0.1 7 0.5714285714285714 0.0 0.4 5 0.8 0.0 0.5 5 0.8 0.0 0.6 5 0.8 0.0 0.7 5 0.8 0.0 0.9 0 1 1
5 0.1 8 0.5 0.0 0.4 4 0.75 0.0 0.5 4 0.75 0.0 0.6 4 0.75 0.0 0.7 3 1.0 0.0 0.9 1 1.0 0.0
5 0.1 6 0.6666666666666666 0.0 0.4 5 0.8 0.0 0.5 5 0.8 0.0 0.6 4 1.0 0.0 0.7 3 1.0 0.0 0.9 1 1.0 0.0
5 0.1 6 0.6666666666666666 0.0 0.4 4 1.0 0.0 0.5 4 1.0 0.0 0.6 3 1.0 0.0 0.7 3 1.0 0.0 0.9 0 1 1
5 0.1 8 0.5 0.0 0.4 5 0.8 0.0 0.5 5 0.8 0.0 0.6 4 0.75 0.0 0.7 3 1.0 0.0 0.9 0 1 1
5 0.1 10 0.4 0.0 0.4 5 0.8 0.0 0.5 5 0.8 0.0 0.6 4 0.75 0.0 0.7 4 0.75 0.0 0.9 0 1 1
5 0.1 8 0.5 0.0 0.4 4 1.0 0.0 0.5 4 1.0 0.0 0.6 4 1.0 0.0 0.7 3 1.0 0.0 0.9 0 1 1
5 0.1 8 0.5 0.0 0.4 4 1.0 0.0 0.5 4 1.0 0.0 0.6 4 1.0 0.0 0.7 3 1.0 0.0 0.9 0 1 1
