9 0.1 0 1 1 0.4 0 1 1 0.5 0 1 1 0.6 0 1 1 0.7 0 1 1 0.9 0 1 1
9 0.1 1 0.0 0.0 0.4 0 1 1 0.5 0 1 1 0.6 0 1 1 0.7 0 1 1 0.9 0 1 1
9 0.1 0 1 1 0.4 0 1 1 0.5 0 1 1 0.6 0 1 1 0.7 0 1 1 0.9 0 1 1
9 0.1 7 0.14285714285714285 0.0 0.4 0 1 1 0.5 0 1 1 0.6 0 1 1 0.7 0 1 1 0.9 0 1 1
9 0.1 12 0.08333333333333333 0.0 0.4 0 1 1 0.5 0 1 1 0.6 0 1 1 0.7 0 1 1 0.9 0 1 1
9 0.1 59 0.06779661016949153 0.0 0.4 2 0.5 0.0 0.5 1 0.0 0.0 0.6 1 0.0 0.0 0.7 0 1 1 0.9 0 1 1
9 0.1 61 0.08196721311475409 0.0 0.4 3 0.3333333333333333 0.0 0.5 0 1 1 0.6 0 1 1 0.7 0 1 1 0.9 0 1 1
9 0.1 24 0.125 0.0 0.4 4 0.25 0.0 0.5 0 1 1 0.6 0 1 1 0.7 0 1 1 0.9 0 1 1
9 0.1 138 0.057971014492753624 0.0 0.4 9 0.1111111111111111 0.0 0.5 2 0.0 0.0 0.6 0 1 1 0.7 0 1 1 0.9 0 1 1
9 0.1 163 0.05521472392638037 0.0 0.4 32 0.21875 0.0 0.5 17 0.29411764705882354 0.0 0.6 2 0.5 0.0 0.7 0 1 1 0.9 0 1 1
9 0.1 191 0.04712041884816754 0.0 0.4 38 0.15789473684210525 0.0 0.5 18 0.2777777777777778 0.0 0.6 9 0.5555555555555556 0.0 0.7 0 1 1 0.9 0 1 1
9 0.1 86 0.09302325581395349 0.0 0.4 22 0.3181818181818182 0.0 0.5 11 0.18181818181818182 0.0 0.6 2 0.5 0.0 0.7 0 1 1 0.9 0 1 1
9 0.1 121 0.06611570247933884 0.0 0.4 13 0.3076923076923077 0.0 0.5 7 0.42857142857142855 0.0 0.6 1 1.0 0.0 0.7 0 1 1 0.9 0 1 1
9 0.1 98 0.09183673469387756 0.0 0.4 16 0.25 0.0 0.5 8 0.375 0.0 0.6 4 0.5 0.0 0.7 1 1.0 0.0 0.9 0 1 1
9 0.1 63 0.12698412698412698 0.0 0.4 3 0.6666666666666666 0.0 0.5 2 1.0 0.0 0.6 0 1 1 0.7 0 1 1 0.9 0 1 1
9 0.1 47 0.19148936170212766 0.0 0.4 9 0.4444444444444444 0.0 0.5 3 0.6666666666666666 0.0 0.6 2 1.0 0.0 0.7 0 1 1 0.9 0 1 1
9 0.1 46 0.15217391304347827 0.0 0.4 17 0.35294117647058826 0.0 0.5 10 0.5 0.0 0.6 6 0.5 0.0 0.7 4 0.5 0.0 0.9 0 1 1
9 0.1 95 0.08421052631578947 0.0 0.4 26 0.23076923076923078 0.0 0.5 18 0.3333333333333333 0.0 0.6 8 0.5 0.0 0.7 5 0.4 0.0 0.9 0 1 1
9 0.1 63 0.14285714285714285 0.0 0.4 16 0.3125 0.0 0.5 8 0.25 0.0 0.6 4 0.5 0.0 0.7 4 0.5 0.0 0.9 0 1 1
9 0.1 66 0.12121212121212122 0.0 0.4 27 0.25925925925925924 0.0 0.5 19 0.3157894736842105 0.0 0.6 10 0.4 0.0 0.7 5 0.4 0.0 0.9 0 1 1
9 0.1 23 0.30434782608695654 0.0 0.4 3 1.0 0.0 0.5 2 1.0 0.0 0.6 0 1 1 0.7 0 1 1 0.9 0 1 1
9 0.1 78 0.11538461538461539 0.0 0.4 12 0.3333333333333333 0.0 0.5 5 0.4 0.0 0.6 4 0.5 0.0 0.7 2 1.0 0.0 0.9 0 1 1
9 0.1 102 0.0784313725490196 0.0 0.4 48 0.16666666666666666 0.0 0.5 36 0.2222222222222222 0.0 0.6 29 0.27586206896551724 0.0 0.7 14 0.35714285714285715 0.0 0.9 0 1 1
9 0.1 60 0.13333333333333333 0.0 0.4 17 0.35294117647058826 0.0 0.5 13 0.38461538461538464 0.0 0.6 11 0.45454545454545453 0.0 0.7 3 1.0 0.0 0.9 0 1 1
9 0.1 45 0.17777777777777778 0.0 0.4 13 0.5384615384615384 0.0 0.5 11 0.5454545454545454 0.0 0.6 8 0.625 0.0 0.7 4 0.75 0.0 0.9 0 1 1
9 0.1 82 0.10975609756097561 0.012195121951219513 0.4 30 0.26666666666666666 0.03333333333333333 0.5 16 0.375 0.0625 0.6 4 0.75 0.25 0.7 3 0.6666666666666666 0.3333333333333333 0.9 0 1 1
9 0.1 23 0.34782608695652173 0.0 0.4 11 0.45454545454545453 0.0 0.5 10 0.5 0.0 0.6 5 0.6 0.0 0.7 3 0.6666666666666666 0.0 0.9 0 1 1
9 0.1 11 0.36363636363636365 0.0 0.4 4 0.5 0.0 0.5 3 0.6666666666666666 0.0 0.6 0 1 1 0.7 0 1 1 0.9 0 1 1
9 0.1 50 0.18 0.0 0.4 28 0.2857142857142857 0.0 0.5 22 0.3181818181818182 0.0 0.6 14 0.42857142857142855 0.0 0.7 6 0.6666666666666666 0.0 0.9 0 1 1
9 0.1 44 0.18181818181818182 0.0 0.4 24 0.3333333333333333 0.0 0.5 17 0.47058823529411764 0.0 0.6 13 0.6153846153846154 0.0 0.7 8 0.625 0.0 0.9 2 1.0 0.0
9 0.1 36 0.25 0.0 0.4 11 0.45454545454545453 0.0 0.5 9 0.4444444444444444 0.0 0.6 9 0.4444444444444444 0.0 0.7 5 0.6 0.0 0.9 0 1 1
9 0.1 19 0.3684210526315789 0.0 0.4 7 0.7142857142857143 0.0 0.5 4 0.75 0.0 0.6 4 0.75 0.0 0.7 2 1.0 0.0 0.9 0 1 1
9 0.1 17 0.5294117647058824 0.0 0.4 10 0.8 0.0 0.5 7 0.8571428571428571 0.0 0.6 4 1.0 0.0 0.7 3 1.0 0.0 0.9 0 1 1
9 0.1 18 0.4444444444444444 0.0 0.4 10 0.8 0.0 0.5 6 1.0 0.0 0.6 5 1.0 0.0 0.7 4 1.0 0.0 0.9 0 1 1
9 0.1 15 0.5333333333333333 0.0 0.4 9 0.7777777777777778 0.0 0.5 7 0.7142857142857143 0.0 0.6 6 0.6666666666666666 0.0 0.7 2 1.0 0.0 0.9 0 1 1
9 0.1 9 0.5555555555555556 0.0 0.4 3 1.0 0.0 0.5 3 1.0 0.0 0.6 1 1.0 0.0 0.7 1 1.0 0.0 0.9 0 1 1
9 0.1 24 0.3333333333333333 0.0 0.4 15 0.4 0.0 0.5 10 0.5 0.0 0.6 6 0.8333333333333334 0.0 0.7 4 1.0 0.0 0.9 0 1 1
9 0.1 36 0.25 0.0 0.4 20 0.45 0.0 0.5 15 0.5333333333333333 0.0 0.6 10 0.6 0.0 0.7 6 0.8333333333333334 0.0 0.9 1 0.0 0.0
9 0.1 38 0.18421052631578946 0.0 0.4 1 1.0 0.0 0.5 0 1 1 0.6 0 1 1 0.7 0 1 1 0.9 0 1 1
9 0.1 25 0.36 0.0 0.4 13 0.5384615384615384 0.0 0.5 10 0.6 0.0 0.6 5 0.8 0.0 0.7 4 0.75 0.0 0.9 1 1.0 0.0
9 0.1 15 0.4 0.0 0.4 6 0.6666666666666666 0.0 0.5 5 0.8 0.0 0.6 3 1.0 0.0 0.7 3 1.0 0.0 0.9 0 1 1
9 0.1 15 0.4666666666666667 0.0 0.4 6 0.6666666666666666 0.0 0.5 6 0.6666666666666666 0.0 0.6 4 1.0 0.0 0.7 3 1.0 0.0 0.9 0 1 1
9 0.1 2 0.0 0.0 0.4 0 1 1 0.5 0 1 1 0.6 0 1 1 0.7 0 1 1 0.9 0 1 1
9 0.1 0 1 1 0.4 0 1 1 0.5 0 1 1 0.6 0 1 1 0.7 0 1 1 0.9 0 1 1
9 0.1 12 0.5 0.0 0.4 3 1.0 0.0 0.5 2 1.0 0.0 0.6 2 1.0 0.0 0.7 0 1 1 0.9 0 1 1
9 0.1 14 0.5714285714285714 0.0 0.4 10 0.7 0.0 0.5 8 0.75 0.0 0.6 7 0.8571428571428571 0.0 0.7 5 1.0 0.0 0.9 2 1.0 0.0
9 0.1 16 0.375 0.0 0.4 9 0.5555555555555556 0.0 0.5 6 0.6666666666666666 0.0 0.6 5 0.8 0.0 0.7 3 1.0 0.0 0.9 1 1.0 0.0
9 0.1 12 0.5 0.0 0.4 2 1.0 0.0 0.5 1 1.0 0.0 0.6 1 1.0 0.0 0.7 1 1.0 0.0 0.9 0 1 1
9 0.1 20 0.45 0.0 0.4 3 1.0 0.0 0.5 2 1.0 0.0 0.6 2 1.0 0.0 0.7 1 1.0 0.0 0.9 0 1 1
9 0.1 17 0.5294117647058824 0.0 0.4 8 0.875 0.0 0.5 8 0.875 0.0 0.6 8 0.875 0.0 0.7 4 1.0 0.0 0.9 0 1 1
9 0.1 19 0.47368421052631576 0.0 0.4 10 0.9 0.0 0.5 9 0.8888888888888888 0.0 0.6 7 1.0 0.0 0.7 6 1.0 0.0 0.9 1 1.0 0.0
9 0.1 13 0.6923076923076923 0.0 0.4 6 1.0 0.0 0.5 6 1.0 0.0 0.6 6 1.0 0.0 0.7 5 1.0 0.0 0.9 2 1.0 0.0
9 0.1 19 0.3684210526315789 0.0 0.4 5 0.6 0.0 0.5 3 1.0 0.0 0.6 2 1.0 0.0 0.7 2 1.0 0.0 0.9 0 1 1
9 0.1 13 0.38461538461538464 0.0 0.4 2 1.0 0.0 0.5 0 1 1 0.6 0 1 1 0.7 0 1 1 0.9 0 1 1
9 0.1 12 0.5833333333333334 0.0 0.4 5 1.0 0.0 0.5 4 1.0 0.0 0.6 2 1.0 0.0 0.7 2 1.0 0.0 0.9 0 1 1
9 0.1 15 0.5333333333333333 0.0 0.4 8 0.875 0.0 0.5 6 1.0 0.0 0.6 5 1.0 0.0 0.7 5 1.0 0.0 0.9 1 1.0 0.0
9 0.1 11 0.7272727272727273 0.0 0.4 7 1.0 0.0 0.5 6 1.0 0.0 0.6 3 1.0 0.0 0.7 2 1.0 0.0 0.9 0 1 1
9 0.1 20 0.45 0.0 0.4 11 0.7272727272727273 0.0 0.5 11 0.7272727272727273 0.0 0.6 9 0.8888888888888888 0.0 0.7 8 1.0 0.0 0.9 2 1.0 0.0
9 0.1 30 0.26666666666666666 0.0 0.4 11 0.5454545454545454 0.0 0.5 8 0.75 0.0 0.6 6 0.8333333333333334 0.0 0.7 2 0.5 0.0 0.9 0 1 1
9 0.1 41 0.1951219512195122 0.0 0.4 7 0.7142857142857143 0.0 0.5 5 0.8 0.0 0.6 3 1.0 0.0 0.7 1 1.0 0.0 0.9 0 1 1
9 0.1 19 0.42105263157894735 0.0 0.4 14 0.5 0.0 0.5 10 0.7 0.0 0.6 6 1.0 0.0 0.7 5 1.0 0.0 0.9 1 1.0 0.0
9 0.1 27 0.25925925925925924 0.0 0.4 18 0.3333333333333333 0.0 0.5 11 0.5454545454545454 0.0 0.6 5 1.0 0.0 0.7 1 1.0 0.0 0.9 0 1 1
9 0.1 27 0.2962962962962963 0.0 0.4 12 0.5833333333333334 0.0 0.5 11 0.6363636363636364 0.0 0.6 6 1.0 0.0 0.7 5 1.0 0.0 0.9 1 1.0 0.0
9 0.1 8 0.625 0.0 0.4 4 1.0 0.0 0.5 3 1.0 0.0 0.6 2 1.0 0.0 0.7 1 1.0 0.0 0.9 0 1 1
9 0.1 0 1 1 0.4 0 1 1 0.5 0 1 1 0.6 0 1 1 0.7 0 1 1 0.9 0 1 1
9 0.1 1 0.0 0.0 0.4 0 1 1 0.5 0 1 1 0.6 0 1 1 0.7 0 1 1 0.9 0 1 1
9 0.1 54 0.0 0.0 0.4 0 1 1 0.5 0 1 1 0.6 0 1 1 0.7 0 1 1 0.9 0 1 1
9 0.1 10 0.0 0.0 0.4 0 1 1 0.5 0 1 1 0.6 0 1 1 0.7 0 1 1 0.9 0 1 1
9 0.1 16 0.125 0.0 0.4 1 1.0 0.0 0.5 0 1 1 0.6 0 1 1 0.7 0 1 1 0.9 0 1 1
9 0.1 0 1 1 0.4 0 1 1 0.5 0 1 1 0.6 0 1 1 0.7 0 1 1 0.9 0 1 1
9 0.1 0 1 1 0.4 0 1 1 0.5 0 1 1 0.6 0 1 1 0.7 0 1 1 0.9 0 1 1
9 0.1 0 1 1 0.4 0 1 1 0.5 0 1 1 0.6 0 1 1 0.7 0 1 1 0.9 0 1 1
9 0.1 0 1 1 0.4 0 1 1 0.5 0 1 1 0.6 0 1 1 0.7 0 1 1 0.9 0 1 1
9 0.1 1 0.0 0.0 0.4 0 1 1 0.5 0 1 1 0.6 0 1 1 0.7 0 1 1 0.9 0 1 1
9 0.1 23 0.2608695652173913 0.0 0.4 3 0.6666666666666666 0.0 0.5 3 0.6666666666666666 0.0 0.6 1 1.0 0.0 0.7 1 1.0 0.0 0.9 0 1 1
9 0.1 13 0.3076923076923077 0.0 0.4 2 1.0 0.0 0.5 1 1.0 0.0 0.6 0 1 1 0.7 0 1 1 0.9 0 1 1
9 0.1 15 0.26666666666666666 0.0 0.4 5 0.4 0.0 0.5 3 0.6666666666666666 0.0 0.6 0 1 1 0.7 0 1 1 0.9 0 1 1
9 0.1 7 0.42857142857142855 0.0 0.4 2 0.0 0.0 0.5 1 0.0 0.0 0.6 1 0.0 0.0 0.7 0 1 1 0.9 0 1 1
9 0.1 29 0.1724137931034483 0.0 0.4 3 1.0 0.0 0.5 2 1.0 0.0 0.6 1 1.0 0.0 0.7 0 1 1 0.9 0 1 1
9 0.1 39 0.15384615384615385 0.0 0.4 6 0.6666666666666666 0.0 0.5 3 1.0 0.0 0.6 2 1.0 0.0 0.7 0 1 1 0.9 0 1 1
9 0.1 16 0.4375 0.0 0.4 4 0.75 0.0 0.5 3 0.6666666666666666 0.0 0.6 2 1.0 0.0 0.7 0 1 1 0.9 0 1 1
9 0.1 2 0.5 0.0 0.4 0 1 1 0.5 0 1 1 0.6 0 1 1 0.7 0 1 1 0.9 0 1 1
9 0.1 10 0.6 0.0 0.4 5 0.6 0.0 0.5 3 0.6666666666666666 0.0 0.6 2 1.0 0.0 0.7 1 1.0 0.0 0.9 0 1 1
9 0.1 13 0.5384615384615384 0.0 0.4 7 1.0 0.0 0.5 6 1.0 0.0 0.6 3 1.0 0.0 0.7 3 1.0 0.0 0.9 0 1 1
9 0.1 5 0.4 0.0 0.4 0 1 1 0.5 0 1 1 0.6 0 1 1 0.7 0 1 1 0.9 0 1 1
9 0.1 9 0.5555555555555556 0.0 0.4 2 1.0 0.0 0.5 1 1.0 0.0 0.6 0 1 1 0.7 0 1 1 0.9 0 1 1
9 0.1 57 0.15789473684210525 0.0 0.4 8 0.875 0.0 0.5 5 1.0 0.0 0.6 2 1.0 0.0 0.7 2 1.0 0.0 0.9 0 1 1
9 0.1 62 0.12903225806451613 0.0 0.4 4 0.75 0.0 0.5 1 1.0 0.0 0.6 1 1.0 0.0 0.7 0 1 1 0.9 0 1 1
9 0.1 76 0.11842105263157894 0.0 0.4 11 0.6363636363636364 0.0 0.5 4 1.0 0.0 0.6 3 1.0 0.0 0.7 0 1 1 0.9 0 1 1
9 0.1 36 0.16666666666666666 0.0 0.4 3 0.6666666666666666 0.0 0.5 1 1.0 0.0 0.6 0 1 1 0.7 0 1 1 0.9 0 1 1
9 0.1 2 0.0 0.0 0.4 0 1 1 0.5 0 1 1 0.6 0 1 1 0.7 0 1 1 0.9 0 1 1
9 0.1 16 0.375 0.0 0.4 4 0.5 0.0 0.5 2 1.0 0.0 0.6 0 1 1 0.7 0 1 1 0.9 0 1 1
9 0.1 49 0.16326530612244897 0.0 0.4 9 0.5555555555555556 0.0 0.5 6 0.8333333333333334 0.0 0.6 2 1.0 0.0 0.7 1 1.0 0.0 0.9 0 1 1
9 0.1 23 0.2608695652173913 0.0 0.4 4 1.0 0.0 0.5 3 1.0 0.0 0.6 3 1.0 0.0 0.7 2 1.0 0.0 0.9 0 1 1
9 0.1 53 0.1509433962264151 0.0 0.4 10 0.5 0.0 0.5 5 0.6 0.0 0.6 3 0.6666666666666666 0.0 0.7 1 1.0 0.0 0.9 0 1 1
9 0.1 33 0.24242424242424243 0.0 0.4 8 0.625 0.0 0.5 6 0.6666666666666666 0.0 0.6 3 0.6666666666666666 0.0 0.7 2 1.0 0.0 0.9 0 1 1
9 0.1 21 0.3333333333333333 0.0 0.4 6 0.8333333333333334 0.0 0.5 5 0.8 0.0 0.6 0 1 1 0.7 0 1 1 0.9 0 1 1
9 0.1 22 0.2727272727272727 0.0 0.4 6 0.6666666666666666 0.0 0.5 4 0.75 0.0 0.6 3 0.6666666666666666 0.0 0.7 2 1.0 0.0 0.9 0 1 1
9 0.1 14 0.5 0.0 0.4 5 0.8 0.0 0.5 3 1.0 0.0 0.6 2 1.0 0.0 0.7 0 1 1 0.9 0 1 1
9 0.1 8 0.875 0.0 0.4 8 0.875 0.0 0.5 6 1.0 0.0 0.6 4 1.0 0.0 0.7 4 1.0 0.0 0.9 0 1 1
9 0.1 22 0.36363636363636365 0.0 0.4 11 0.7272727272727273 0.0 0.5 8 1.0 0.0 0.6 7 1.0 0.0 0.7 6 1.0 0.0 0.9 1 1.0 0.0
9 0.1 22 0.045454545454545456 0.0 0.4 7 0.14285714285714285 0.0 0.5 2 0.0 0.0 0.6 0 1 1 0.7 0 1 1 0.9 0 1 1
9 0.1 17 0.058823529411764705 0.0 0.4 5 0.2 0.0 0.5 4 0.25 0.0 0.6 1 1.0 0.0 0.7 0 1 1 0.9 0 1 1
9 0.1 29 0.10344827586206896 0.0 0.4 8 0.25 0.0 0.5 6 0.3333333333333333 0.0 0.6 4 0.5 0.0 0.7 0 1 1 0.9 0 1 1
9 0.1 14 0.14285714285714285 0.0 0.4 6 0.16666666666666666 0.0 0.5 5 0.2 0.0 0.6 5 0.2 0.0 0.7 3 0.3333333333333333 0.0 0.9 0 1 1
9 0.1 7 0.14285714285714285 0.0 0.4 4 0.25 0.0 0.5 3 0.3333333333333333 0.0 0.6 1 1.0 0.0 0.7 1 1.0 0.0 0.9 0 1 1
9 0.1 10 0.5 0.0 0.4 5 0.8 0.0 0.5 3 1.0 0.0 0.6 2 1.0 0.0 0.7 1 1.0 0.0 0.9 0 1 1
9 0.1 4 0.25 0.0 0.4 0 1 1 0.5 0 1 1 0.6 0 1 1 0.7 0 1 1 0.9 0 1 1
9 0.1 14 0.42857142857142855 0.0 0.4 6 0.6666666666666666 0.0 0.5 2 1.0 0.0 0.6 2 1.0 0.0 0.7 0 1 1 0.9 0 1 1
9 0.1 12 0.6666666666666666 0.0 0.4 7 1.0 0.0 0.5 7 1.0 0.0 0.6 6 1.0 0.0 0.7 4 1.0 0.0 0.9 0 1 1
9 0.1 15 0.5333333333333333 0.0 0.4 9 0.8888888888888888 0.0 0.5 7 1.0 0.0 0.6 7 1.0 0.0 0.7 3 1.0 0.0 0.9 0 1 1
9 0.1 11 0.7272727272727273 0.0 0.4 8 1.0 0.0 0.5 7 1.0 0.0 0.6 6 1.0 0.0 0.7 5 1.0 0.0 0.9 0 1 1
9 0.1 9 0.8888888888888888 0.0 0.4 8 1.0 0.0 0.5 7 1.0 0.0 0.6 6 1.0 0.0 0.7 3 1.0 0.0 0.9 0 1 1
9 0.1 15 0.5333333333333333 0.0 0.4 7 1.0 0.0 0.5 5 1.0 0.0 0.6 4 1.0 0.0 0.7 4 1.0 0.0 0.9 0 1 1
9 0.1 15 0.6 0.0 0.4 8 0.875 0.0 0.5 6 1.0 0.0 0.6 4 1.0 0.0 0.7 4 1.0 0.0 0.9 0 1 1
9 0.1 10 0.9 0.0 0.4 5 1.0 0.0 0.5 5 1.0 0.0 0.6 4 1.0 0.0 0.7 3 1.0 0.0 0.9 0 1 1
9 0.1 10 0.8 0.0 0.4 5 1.0 0.0 0.5 4 1.0 0.0 0.6 3 1.0 0.0 0.7 3 1.0 0.0 0.9 0 1 1
9 0.1 9 0.6666666666666666 0.0 0.4 2 1.0 0.0 0.5 2 1.0 0.0 0.6 0 1 1 0.7 0 1 1 0.9 0 1 1
9 0.1 9 0.8888888888888888 0.0 0.4 7 1.0 0.0 0.5 5 1.0 0.0 0.6 5 1.0 0.0 0.7 4 1.0 0.0 0.9 0 1 1
9 0.1 10 0.8 0.0 0.4 7 1.0 0.0 0.5 7 1.0 0.0 0.6 5 1.0 0.0 0.7 4 1.0 0.0 0.9 0 1 1
9 0.1 8 0.875 0.0 0.4 5 1.0 0.0 0.5 5 1.0 0.0 0.6 5 1.0 0.0 0.7 4 1.0 0.0 0.9 0 1 1
9 0.1 9 0.8888888888888888 0.0 0.4 3 1.0 0.0 0.5 3 1.0 0.0 0.6 2 1.0 0.0 0.7 2 1.0 0.0 0.9 0 1 1
9 0.1 17 0.47058823529411764 0.0 0.4 7 1.0 0.0 0.5 7 1.0 0.0 0.6 4 1.0 0.0 0.7 2 1.0 0.0 0.9 0 1 1
9 0.1 8 0.875 0.0 0.4 6 1.0 0.0 0.5 4 1.0 0.0 0.6 3 1.0 0.0 0.7 3 1.0 0.0 0.9 0 1 1
9 0.1 16 0.5 0.0 0.4 6 1.0 0.0 0.5 4 1.0 0.0 0.6 4 1.0 0.0 0.7 3 1.0 0.0 0.9 0 1 1
9 0.1 20 0.45 0.0 0.4 8 0.875 0.0 0.5 6 1.0 0.0 0.6 5 1.0 0.0 0.7 1 1.0 0.0 0.9 0 1 1
9 0.1 18 0.5 0.0 0.4 6 0.8333333333333334 0.0 0.5 5 1.0 0.0 0.6 3 1.0 0.0 0.7 3 1.0 0.0 0.9 0 1 1
9 0.1 9 0.7777777777777778 0.1111111111111111 0.4 5 1.0 0.2 0.5 5 1.0 0.2 0.6 5 1.0 0.2 0.7 4 1.0 0.25 0.9 0 1 1
9 0.1 31 0.22580645161290322 0.0 0.4 5 0.8 0.0 0.5 4 0.75 0.0 0.6 2 0.5 0.0 0.7 0 1 1 0.9 0 1 1
9 0.1 7 0.7142857142857143 0.0 0.4 3 1.0 0.0 0.5 2 1.0 0.0 0.6 2 1.0 0.0 0.7 1 1.0 0.0 0.9 0 1 1
9 0.1 19 0.3684210526315789 0.0 0.4 8 0.625 0.0 0.5 6 0.8333333333333334 0.0 0.6 6 0.8333333333333334 0.0 0.7 3 1.0 0.0 0.9 0 1 1
9 0.1 19 0.3684210526315789 0.0 0.4 5 0.8 0.0 0.5 4 1.0 0.0 0.6 4 1.0 0.0 0.7 2 1.0 0.0 0.9 0 1 1
9 0.1 17 0.47058823529411764 0.0 0.4 10 0.7 0.0 0.5 8 0.875 0.0 0.6 5 1.0 0.0 0.7 4 1.0 0.0 0.9 0 1 1
9 0.1 20 0.35 0.0 0.4 6 0.6666666666666666 0.0 0.5 5 0.6 0.0 0.6 5 0.6 0.0 0.7 2 1.0 0.0 0.9 0 1 1
9 0.1 15 0.5333333333333333 0.0 0.4 8 1.0 0.0 0.5 7 1.0 0.0 0.6 4 1.0 0.0 0.7 2 1.0 0.0 0.9 0 1 1
9 0.1 10 0.8 0.0 0.4 7 1.0 0.0 0.5 7 1.0 0.0 0.6 6 1.0 0.0 0.7 6 1.0 0.0 0.9 1 1.0 0.0
9 0.1 9 0.8888888888888888 0.0 0.4 7 1.0 0.0 0.5 7 1.0 0.0 0.6 6 1.0 0.0 0.7 4 1.0 0.0 0.9 0 1 1
9 0.1 8 1.0 0.0 0.4 7 1.0 0.0 0.5 7 1.0 0.0 0.6 6 1.0 0.0 0.7 5 1.0 0.0 0.9 1 1.0 0.0
9 0.1 9 0.8888888888888888 0.1111111111111111 0.4 7 1.0 0.14285714285714285 0.5 7 1.0 0.14285714285714285 0.6 7 1.0 0.14285714285714285 0.7 6 1.0 0.16666666666666666 0.9 1 1.0 0.0
9 0.1 8 1.0 0.0 0.4 6 1.0 0.0 0.5 6 1.0 0.0 0.6 5 1.0 0.0 0.7 5 1.0 0.0 0.9 1 1.0 0.0
9 0.1 12 0.5833333333333334 0.0 0.4 7 1.0 0.0 0.5 7 1.0 0.0 0.6 5 1.0 0.0 0.7 4 1.0 0.0 0.9 0 1 1
9 0.1 11 0.8181818181818182 0.0 0.4 7 0.8571428571428571 0.0 0.5 6 1.0 0.0 0.6 6 1.0 0.0 0.7 5 1.0 0.0 0.9 1 1.0 0.0
9 0.1 9 0.8888888888888888 0.0 0.4 8 1.0 0.0 0.5 8 1.0 0.0 0.6 8 1.0 0.0 0.7 8 1.0 0.0 0.9 0 1 1
9 0.1 10 0.8 0.1 0.4 8 1.0 0.125 0.5 7 1.0 0.14285714285714285 0.6 7 1.0 0.14285714285714285 0.7 6 1.0 0.16666666666666666 0.9 0 1 1
9 0.1 11 0.7272727272727273 0.0 0.4 7 1.0 0.0 0.5 7 1.0 0.0 0.6 7 1.0 0.0 0.7 6 1.0 0.0 0.9 0 1 1
9 0.1 10 0.8 0.1 0.4 8 1.0 0.125 0.5 4 1.0 0.25 0.6 4 1.0 0.25 0.7 4 1.0 0.25 0.9 0 1 1
9 0.1 28 0.32142857142857145 0.03571428571428571 0.4 9 0.7777777777777778 0.1111111111111111 0.5 7 1.0 0.14285714285714285 0.6 5 1.0 0.2 0.7 2 1.0 0.5 0.9 0 1 1
9 0.1 8 1.0 0.0 0.4 7 1.0 0.0 0.5 6 1.0 0.0 0.6 6 1.0 0.0 0.7 4 1.0 0.0 0.9 0 1 1
9 0.1 12 0.6666666666666666 0.0 0.4 9 0.8888888888888888 0.0 0.5 7 1.0 0.0 0.6 7 1.0 0.0 0.7 7 1.0 0.0 0.9 0 1 1
9 0.1 13 0.6153846153846154 0.0 0.4 7 1.0 0.0 0.5 6 1.0 0.0 0.6 6 1.0 0.0 0.7 5 1.0 0.0 0.9 0 1 1
9 0.1 9 0.8888888888888888 0.0 0.4 9 0.8888888888888888 0.0 0.5 8 1.0 0.0 0.6 8 1.0 0.0 0.7 8 1.0 0.0 0.9 0 1 1
9 0.1 10 0.8 0.1 0.4 8 1.0 0.125 0.5 8 1.0 0.125 0.6 7 1.0 0.14285714285714285 0.7 7 1.0 0.14285714285714285 0.9 0 1 1
9 0.1 11 0.8181818181818182 0.0 0.4 8 0.875 0.0 0.5 8 0.875 0.0 0.6 8 0.875 0.0 0.7 7 1.0 0.0 0.9 0 1 1
9 0.1 12 0.75 0.0 0.4 8 0.875 0.0 0.5 7 1.0 0.0 0.6 7 1.0 0.0 0.7 7 1.0 0.0 0.9 0 1 1
9 0.1 14 0.6428571428571429 0.0 0.4 8 1.0 0.0 0.5 8 1.0 0.0 0.6 8 1.0 0.0 0.7 8 1.0 0.0 0.9 0 1 1
9 0.1 13 0.6923076923076923 0.07692307692307693 0.4 10 0.8 0.1 0.5 9 0.8888888888888888 0.1111111111111111 0.6 8 1.0 0.125 0.7 8 1.0 0.125 0.9 0 1 1
9 0.1 11 0.8181818181818182 0.09090909090909091 0.4 9 0.8888888888888888 0.1111111111111111 0.5 8 1.0 0.125 0.6 7 1.0 0.14285714285714285 0.7 6 1.0 0.0 0.9 0 1 1
9 0.1 9 0.8888888888888888 0.0 0.4 6 1.0 0.0 0.5 6 1.0 0.0 0.6 5 1.0 0.0 0.7 4 1.0 0.0 0.9 0 1 1
9 0.1 24 0.3333333333333333 0.0 0.4 8 0.875 0.0 0.5 6 1.0 0.0 0.6 5 1.0 0.0 0.7 2 1.0 0.0 0.9 0 1 1
9 0.1 8 1.0 0.0 0.4 8 1.0 0.0 0.5 8 1.0 0.0 0.6 8 1.0 0.0 0.7 5 1.0 0.0 0.9 1 1.0 0.0
9 0.1 10 0.8 0.0 0.4 8 1.0 0.0 0.5 8 1.0 0.0 0.6 7 1.0 0.0 0.7 6 1.0 0.0 0.9 1 1.0 0.0
9 0.1 8 1.0 0.0 0.4 8 1.0 0.0 0.5 7 1.0 0.0 0.6 7 1.0 0.0 0.7 7 1.0 0.0 0.9 0 1 1
9 0.1 9 0.8888888888888888 0.0 0.4 8 1.0 0.0 0.5 8 1.0 0.0 0.6 7 1.0 0.0 0.7 7 1.0 0.0 0.9 0 1 1
9 0.1 8 1.0 0.0 0.4 7 1.0 0.0 0.5 7 1.0 0.0 0.6 7 1.0 0.0 0.7 6 1.0 0.0 0.9 0 1 1
9 0.1 12 0.6666666666666666 0.08333333333333333 0.4 8 1.0 0.125 0.5 8 1.0 0.125 0.6 8 1.0 0.125 0.7 7 1.0 0.14285714285714285 0.9 0 1 1
9 0.1 13 0.6153846153846154 0.07692307692307693 0.4 8 1.0 0.125 0.5 8 1.0 0.125 0.6 7 1.0 0.14285714285714285 0.7 6 1.0 0.16666666666666666 0.9 0 1 1
9 0.1 10 0.8 0.0 0.4 8 1.0 0.0 0.5 7 1.0 0.0 0.6 6 1.0 0.0 0.7 4 1.0 0.0 0.9 0 1 1
9 0.1 11 0.7272727272727273 0.09090909090909091 0.4 7 1.0 0.14285714285714285 0.5 7 1.0 0.14285714285714285 0.6 7 1.0 0.14285714285714285 0.7 5 1.0 0.0 0.9 0 1 1
9 0.1 9 0.8888888888888888 0.1111111111111111 0.4 7 1.0 0.14285714285714285 0.5 7 1.0 0.14285714285714285 0.6 7 1.0 0.14285714285714285 0.7 5 1.0 0.2 0.9 1 1.0 0.0
9 0.1 10 0.8 0.0 0.4 8 1.0 0.0 0.5 7 1.0 0.0 0.6 6 1.0 0.0 0.7 5 1.0 0.0 0.9 0 1 1
9 0.1 10 0.8 0.0 0.4 9 0.8888888888888888 0.0 0.5 7 1.0 0.0 0.6 7 1.0 0.0 0.7 7 1.0 0.0 0.9 0 1 1
9 0.1 10 0.8 0.1 0.4 7 1.0 0.14285714285714285 0.5 7 1.0 0.14285714285714285 0.6 7 1.0 0.14285714285714285 0.7 5 1.0 0.2 0.9 0 1 1
9 0.1 8 1.0 0.0 0.4 8 1.0 0.0 0.5 8 1.0 0.0 0.6 7 1.0 0.0 0.7 7 1.0 0.0 0.9 0 1 1
9 0.1 9 0.8888888888888888 0.0 0.4 7 1.0 0.0 0.5 7 1.0 0.0 0.6 7 1.0 0.0 0.7 7 1.0 0.0 0.9 1 1.0 0.0
9 0.1 9 0.8888888888888888 0.0 0.4 7 1.0 0.0 0.5 7 1.0 0.0 0.6 7 1.0 0.0 0.7 7 1.0 0.0 0.9 1 1.0 0.0
9 0.1 12 0.6666666666666666 0.0 0.4 9 0.8888888888888888 0.0 0.5 9 0.8888888888888888 0.0 0.6 9 0.8888888888888888 0.0 0.7 7 1.0 0.0 0.9 0 1 1
9 0.1 10 0.8 0.1 0.4 8 1.0 0.125 0.5 7 1.0 0.14285714285714285 0.6 7 1.0 0.14285714285714285 0.7 7 1.0 0.14285714285714285 0.9 0 1 1
9 0.1 10 0.8 0.1 0.4 7 1.0 0.14285714285714285 0.5 7 1.0 0.14285714285714285 0.6 7 1.0 0.14285714285714285 0.7 6 1.0 0.16666666666666666 0.9 0 1 1
9 0.1 8 1.0 0.25 0.4 8 1.0 0.25 0.5 8 1.0 0.25 0.6 8 1.0 0.25 0.7 8 1.0 0.25 0.9 0 1 1
9 0.1 9 0.8888888888888888 0.1111111111111111 0.4 8 1.0 0.125 0.5 7 1.0 0.14285714285714285 0.6 7 1.0 0.14285714285714285 0.7 7 1.0 0.14285714285714285 0.9 0 1 1
9 0.1 9 0.8888888888888888 0.1111111111111111 0.4 9 0.8888888888888888 0.1111111111111111 0.5 9 0.8888888888888888 0.1111111111111111 0.6 9 0.8888888888888888 0.1111111111111111 0.7 8 1.0 0.125 0.9 1 1.0 0.0
9 0.1 9 0.8888888888888888 0.2222222222222222 0.4 8 1.0 0.25 0.5 8 1.0 0.25 0.6 8 1.0 0.25 0.7 8 1.0 0.25 0.9 1 1.0 0.0
9 0.1 10 0.8 0.0 0.4 8 1.0 0.0 0.5 8 1.0 0.0 0.6 8 1.0 0.0 0.7 6 1.0 0.0 0.9 0 1 1
9 0.1 10 0.8 0.1 0.4 8 1.0 0.125 0.5 8 1.0 0.125 0.6 8 1.0 0.125 0.7 7 1.0 0.14285714285714285 0.9 1 1.0 0.0
9 0.1 9 0.8888888888888888 0.1111111111111111 0.4 8 1.0 0.125 0.5 8 1.0 0.125 0.6 8 1.0 0.125 0.7 7 1.0 0.14285714285714285 0.9 1 1.0 0.0
9 0.1 11 0.7272727272727273 0.0 0.4 8 0.875 0.0 0.5 8 0.875 0.0 0.6 8 0.875 0.0 0.7 7 1.0 0.0 0.9 1 1.0 0.0
9 0.1 9 0.7777777777777778 0.1111111111111111 0.4 8 0.875 0.125 0.5 8 0.875 0.125 0.6 7 1.0 0.14285714285714285 0.7 7 1.0 0.14285714285714285 0.9 0 1 1
9 0.1 11 0.7272727272727273 0.0 0.4 8 1.0 0.0 0.5 8 1.0 0.0 0.6 8 1.0 0.0 0.7 7 1.0 0.0 0.9 0 1 1
9 0.1 8 1.0 0.0 0.4 8 1.0 0.0 0.5 8 1.0 0.0 0.6 8 1.0 0.0 0.7 7 1.0 0.0 0.9 0 1 1
9 0.1 9 0.8888888888888888 0.0 0.4 9 0.8888888888888888 0.0 0.5 8 1.0 0.0 0.6 8 1.0 0.0 0.7 8 1.0 0.0 0.9 0 1 1
9 0.1 10 0.8 0.0 0.4 8 1.0 0.0 0.5 8 1.0 0.0 0.6 8 1.0 0.0 0.7 8 1.0 0.0 0.9 1 1.0 0.0
9 0.1 12 0.6666666666666666 0.08333333333333333 0.4 9 0.8888888888888888 0.1111111111111111 0.5 8 1.0 0.125 0.6 8 1.0 0.125 0.7 8 1.0 0.125 0.9 1 1.0 0.0
9 0.1 11 0.7272727272727273 0.0 0.4 7 1.0 0.0 0.5 7 1.0 0.0 0.6 7 1.0 0.0 0.7 7 1.0 0.0 0.9 1 1.0 0.0
9 0.1 10 0.8 0.1 0.4 9 0.8888888888888888 0.1111111111111111 0.5 8 1.0 0.125 0.6 8 1.0 0.125 0.7 8 1.0 0.125 0.9 1 1.0 0.0
9 0.1 9 0.8888888888888888 0.2222222222222222 0.4 8 1.0 0.25 0.5 8 1.0 0.25 0.6 8 1.0 0.25 0.7 8 1.0 0.25 0.9 1 1.0 0.0
9 0.1 10 0.8 0.0 0.4 8 1.0 0.0 0.5 8 1.0 0.0 0.6 8 1.0 0.0 0.7 8 1.0 0.0 0.9 1 1.0 0.0
9 0.1 10 0.8 0.1 0.4 9 0.8888888888888888 0.1111111111111111 0.5 8 1.0 0.125 0.6 8 1.0 0.125 0.7 8 1.0 0.125 0.9 1 1.0 0.0
9 0.1 9 0.8888888888888888 0.1111111111111111 0.4 9 0.8888888888888888 0.1111111111111111 0.5 8 1.0 0.125 0.6 8 1.0 0.125 0.7 8 1.0 0.125 0.9 1 1.0 0.0
9 0.1 9 0.8888888888888888 0.1111111111111111 0.4 8 1.0 0.125 0.5 8 1.0 0.125 0.6 7 1.0 0.0 0.7 7 1.0 0.0 0.9 0 1 1
9 0.1 8 0.875 0.125 0.4 7 1.0 0.14285714285714285 0.5 7 1.0 0.14285714285714285 0.6 7 1.0 0.14285714285714285 0.7 6 1.0 0.16666666666666666 0.9 0 1 1
9 0.1 11 0.7272727272727273 0.0 0.4 7 1.0 0.0 0.5 7 1.0 0.0 0.6 7 1.0 0.0 0.7 6 1.0 0.0 0.9 0 1 1
9 0.1 8 0.875 0.0 0.4 7 1.0 0.0 0.5 7 1.0 0.0 0.6 7 1.0 0.0 0.7 6 1.0 0.0 0.9 0 1 1
9 0.1 9 0.8888888888888888 0.1111111111111111 0.4 8 1.0 0.125 0.5 8 1.0 0.125 0.6 8 1.0 0.125 0.7 7 1.0 0.0 0.9 0 1 1
9 0.1 8 1.0 0.0 0.4 8 1.0 0.0 0.5 8 1.0 0.0 0.6 8 1.0 0.0 0.7 8 1.0 0.0 0.9 0 1 1
9 0.1 8 1.0 0.125 0.4 8 1.0 0.125 0.5 7 1.0 0.14285714285714285 0.6 7 1.0 0.14285714285714285 0.7 6 1.0 0.16666666666666666 0.9 0 1 1
9 0.1 8 1.0 0.0 0.4 8 1.0 0.0 0.5 7 1.0 0.0 0.6 7 1.0 0.0 0.7 5 1.0 0.0 0.9 1 1.0 0.0
9 0.1 8 1.0 0.25 0.4 8 1.0 0.25 0.5 8 1.0 0.25 0.6 8 1.0 0.25 0.7 8 1.0 0.25 0.9 0 1 1
9 0.1 9 0.8888888888888888 0.0 0.4 7 1.0 0.0 0.5 7 1.0 0.0 0.6 7 1.0 0.0 0.7 7 1.0 0.0 0.9 0 1 1
9 0.1 9 0.8888888888888888 0.0 0.4 8 1.0 0.0 0.5 8 1.0 0.0 0.6 8 1.0 0.0 0.7 8 1.0 0.0 0.9 1 1.0 0.0
9 0.1 9 0.8888888888888888 0.2222222222222222 0.4 8 1.0 0.25 0.5 8 1.0 0.25 0.6 7 1.0 0.2857142857142857 0.7 7 1.0 0.2857142857142857 0.9 2 1.0 0.0
9 0.1 12 0.6666666666666666 0.08333333333333333 0.4 7 1.0 0.14285714285714285 0.5 7 1.0 0.14285714285714285 0.6 7 1.0 0.14285714285714285 0.7 6 1.0 0.16666666666666666 0.9 0 1 1
9 0.1 9 0.8888888888888888 0.1111111111111111 0.4 8 0.875 0.125 0.5 7 1.0 0.14285714285714285 0.6 7 1.0 0.14285714285714285 0.7 7 1.0 0.14285714285714285 0.9 1 1.0 0.0
9 0.1 9 0.8888888888888888 0.1111111111111111 0.4 8 1.0 0.125 0.5 8 1.0 0.125 0.6 8 1.0 0.125 0.7 8 1.0 0.125 0.9 0 1 1
9 0.1 10 0.8 0.1 0.4 7 1.0 0.14285714285714285 0.5 7 1.0 0.14285714285714285 0.6 7 1.0 0.14285714285714285 0.7 7 1.0 0.14285714285714285 0.9 1 1.0 0.0
9 0.1 10 0.8 0.1 0.4 8 1.0 0.125 0.5 8 1.0 0.125 0.6 8 1.0 0.125 0.7 8 1.0 0.125 0.9 0 1 1
9 0.1 11 0.7272727272727273 0.09090909090909091 0.4 8 1.0 0.125 0.5 8 1.0 0.125 0.6 8 1.0 0.125 0.7 8 1.0 0.125 0.9 0 1 1
9 0.1 10 0.8 0.0 0.4 8 1.0 0.0 0.5 8 1.0 0.0 0.6 8 1.0 0.0 0.7 8 1.0 0.0 0.9 1 1.0 0.0
9 0.1 8 1.0 0.0 0.4 8 1.0 0.0 0.5 8 1.0 0.0 0.6 7 1.0 0.0 0.7 7 1.0 0.0 0.9 0 1 1
9 0.1 8 1.0 0.0 0.4 8 1.0 0.0 0.5 8 1.0 0.0 0.6 8 1.0 0.0 0.7 8 1.0 0.0 0.9 0 1 1
9 0.1 8 1.0 0.0 0.4 8 1.0 0.0 0.5 8 1.0 0.0 0.6 8 1.0 0.0 0.7 8 1.0 0.0 0.9 0 1 1
9 0.1 11 0.7272727272727273 0.0 0.4 8 0.875 0.0 0.5 8 0.875 0.0 0.6 8 0.875 0.0 0.7 8 0.875 0.0 0.9 0 1 1
9 0.1 9 0.8888888888888888 0.0 0.4 8 1.0 0.0 0.5 8 1.0 0.0 0.6 8 1.0 0.0 0.7 8 1.0 0.0 0.9 0 1 1
9 0.1 10 0.8 0.0 0.4 8 1.0 0.0 0.5 8 1.0 0.0 0.6 8 1.0 0.0 0.7 8 1.0 0.0 0.9 0 1 1
9 0.1 11 0.7272727272727273 0.09090909090909091 0.4 9 0.8888888888888888 0.1111111111111111 0.5 8 1.0 0.125 0.6 8 1.0 0.125 0.7 8 1.0 0.125 0.9 0 1 1
9 0.1 9 0.8888888888888888 0.2222222222222222 0.4 9 0.8888888888888888 0.2222222222222222 0.5 8 1.0 0.25 0.6 8 1.0 0.25 0.7 8 1.0 0.25 0.9 0 1 1
9 0.1 9 0.8888888888888888 0.2222222222222222 0.4 8 1.0 0.25 0.5 8 1.0 0.25 0.6 8 1.0 0.25 0.7 8 1.0 0.25 0.9 0 1 1
9 0.1 7 1.0 0.14285714285714285 0.4 7 1.0 0.14285714285714285 0.5 7 1.0 0.14285714285714285 0.6 7 1.0 0.14285714285714285 0.7 7 1.0 0.14285714285714285 0.9 0 1 1
9 0.1 11 0.7272727272727273 0.0 0.4 8 0.875 0.0 0.5 7 1.0 0.0 0.6 7 1.0 0.0 0.7 7 1.0 0.0 0.9 0 1 1
9 0.1 9 0.8888888888888888 0.2222222222222222 0.4 8 1.0 0.25 0.5 8 1.0 0.25 0.6 8 1.0 0.25 0.7 8 1.0 0.25 0.9 0 1 1
9 0.1 9 0.8888888888888888 0.0 0.4 8 1.0 0.0 0.5 8 1.0 0.0 0.6 8 1.0 0.0 0.7 7 1.0 0.0 0.9 0 1 1
9 0.1 8 1.0 0.125 0.4 7 1.0 0.0 0.5 7 1.0 0.0 0.6 6 1.0 0.0 0.7 6 1.0 0.0 0.9 0 1 1
9 0.1 8 1.0 0.0 0.4 8 1.0 0.0 0.5 8 1.0 0.0 0.6 8 1.0 0.0 0.7 8 1.0 0.0 0.9 0 1 1
9 0.1 8 1.0 0.0 0.4 8 1.0 0.0 0.5 8 1.0 0.0 0.6 8 1.0 0.0 0.7 7 1.0 0.0 0.9 0 1 1
9 0.1 9 0.8888888888888888 0.0 0.4 7 1.0 0.0 0.5 7 1.0 0.0 0.6 7 1.0 0.0 0.7 7 1.0 0.0 0.9 0 1 1
9 0.1 8 1.0 0.0 0.4 7 1.0 0.0 0.5 7 1.0 0.0 0.6 7 1.0 0.0 0.7 7 1.0 0.0 0.9 0 1 1
9 0.1 8 1.0 0.25 0.4 8 1.0 0.25 0.5 8 1.0 0.25 0.6 8 1.0 0.25 0.7 8 1.0 0.25 0.9 0 1 1
9 0.1 8 1.0 0.0 0.4 8 1.0 0.0 0.5 8 1.0 0.0 0.6 8 1.0 0.0 0.7 8 1.0 0.0 0.9 0 1 1
9 0.1 9 0.8888888888888888 0.1111111111111111 0.4 8 1.0 0.125 0.5 8 1.0 0.125 0.6 7 1.0 0.0 0.7 7 1.0 0.0 0.9 0 1 1
9 0.1 9 0.8888888888888888 0.0 0.4 7 1.0 0.0 0.5 7 1.0 0.0 0.6 7 1.0 0.0 0.7 7 1.0 0.0 0.9 0 1 1
9 0.1 10 0.8 0.1 0.4 8 1.0 0.125 0.5 8 1.0 0.125 0.6 8 1.0 0.125 0.7 8 1.0 0.125 0.9 1 1.0 0.0
9 0.1 9 0.8888888888888888 0.1111111111111111 0.4 8 1.0 0.125 0.5 8 1.0 0.125 0.6 7 1.0 0.14285714285714285 0.7 7 1.0 0.14285714285714285 0.9 0 1 1
9 0.1 9 0.7777777777777778 0.0 0.4 7 1.0 0.0 0.5 7 1.0 0.0 0.6 7 1.0 0.0 0.7 5 1.0 0.0 0.9 0 1 1
9 0.1 9 0.8888888888888888 0.0 0.4 8 1.0 0.0 0.5 8 1.0 0.0 0.6 8 1.0 0.0 0.7 8 1.0 0.0 0.9 1 1.0 0.0
9 0.1 10 0.8 0.1 0.4 8 1.0 0.125 0.5 8 1.0 0.125 0.6 8 1.0 0.125 0.7 7 1.0 0.14285714285714285 0.9 0 1 1
9 0.1 10 0.8 0.1 0.4 7 1.0 0.14285714285714285 0.5 7 1.0 0.14285714285714285 0.6 7 1.0 0.14285714285714285 0.7 7 1.0 0.14285714285714285 0.9 1 1.0 0.0
9 0.1 10 0.7 0.1 0.4 8 0.875 0.125 0.5 8 0.875 0.125 0.6 7 1.0 0.14285714285714285 0.7 7 1.0 0.14285714285714285 0.9 0 1 1
9 0.1 9 0.8888888888888888 0.0 0.4 8 1.0 0.0 0.5 8 1.0 0.0 0.6 8 1.0 0.0 0.7 8 1.0 0.0 0.9 1 1.0 0.0
9 0.1 9 0.8888888888888888 0.0 0.4 8 1.0 0.0 0.5 8 1.0 0.0 0.6 8 1.0 0.0 0.7 8 1.0 0.0 0.9 1 1.0 0.0
9 0.1 9 0.8888888888888888 0.0 0.4 8 1.0 0.0 0.5 8 1.0 0.0 0.6 8 1.0 0.0 0.7 8 1.0 0.0 0.9 0 1 1
9 0.1 9 0.8888888888888888 0.2222222222222222 0.4 8 1.0 0.25 0.5 8 1.0 0.25 0.6 8 1.0 0.25 0.7 8 1.0 0.25 0.9 1 1.0 0.0
9 0.1 9 0.8888888888888888 0.1111111111111111 0.4 8 1.0 0.125 0.5 8 1.0 0.125 0.6 8 1.0 0.125 0.7 8 1.0 0.125 0.9 3 1.0 0.0
9 0.1 9 0.8888888888888888 0.2222222222222222 0.4 9 0.8888888888888888 0.2222222222222222 0.5 8 1.0 0.25 0.6 8 1.0 0.25 0.7 8 1.0 0.25 0.9 1 1.0 0.0
9 0.1 8 1.0 0.0 0.4 8 1.0 0.0 0.5 7 1.0 0.0 0.6 7 1.0 0.0 0.7 7 1.0 0.0 0.9 1 1.0 0.0
9 0.1 8 1.0 0.125 0.4 7 1.0 0.0 0.5 7 1.0 0.0 0.6 7 1.0 0.0 0.7 7 1.0 0.0 0.9 1 1.0 0.0
9 0.1 8 1.0 0.125 0.4 8 1.0 0.125 0.5 8 1.0 0.125 0.6 8 1.0 0.125 0.7 8 1.0 0.125 0.9 1 1.0 0.0
9 0.1 8 1.0 0.0 0.4 7 1.0 0.0 0.5 7 1.0 0.0 0.6 7 1.0 0.0 0.7 6 1.0 0.0 0.9 0 1 1
9 0.1 8 1.0 0.25 0.4 8 1.0 0.25 0.5 8 1.0 0.25 0.6 8 1.0 0.25 0.7 7 1.0 0.2857142857142857 0.9 1 1.0 0.0
9 0.1 8 1.0 0.0 0.4 8 1.0 0.0 0.5 8 1.0 0.0 0.6 8 1.0 0.0 0.7 8 1.0 0.0 0.9 0 1 1
9 0.1 8 1.0 0.125 0.4 8 1.0 0.125 0.5 8 1.0 0.125 0.6 8 1.0 0.125 0.7 8 1.0 0.125 0.9 0 1 1
9 0.1 8 1.0 0.0 0.4 8 1.0 0.0 0.5 8 1.0 0.0 0.6 8 1.0 0.0 0.7 8 1.0 0.0 0.9 1 1.0 0.0
9 0.1 8 1.0 0.125 0.4 8 1.0 0.125 0.5 8 1.0 0.125 0.6 8 1.0 0.125 0.7 8 1.0 0.125 0.9 1 1.0 0.0
9 0.1 8 1.0 0.125 0.4 8 1.0 0.125 0.5 8 1.0 0.125 0.6 8 1.0 0.125 0.7 8 1.0 0.125 0.9 1 1.0 0.0
9 0.1 8 1.0 0.125 0.4 8 1.0 0.125 0.5 8 1.0 0.125 0.6 8 1.0 0.125 0.7 8 1.0 0.125 0.9 0 1 1
9 0.1 8 1.0 0.125 0.4 8 1.0 0.125 0.5 8 1.0 0.125 0.6 8 1.0 0.125 0.7 8 1.0 0.125 0.9 0 1 1
9 0.1 8 1.0 0.0 0.4 8 1.0 0.0 0.5 8 1.0 0.0 0.6 8 1.0 0.0 0.7 7 1.0 0.0 0.9 1 1.0 0.0
9 0.1 9 0.8888888888888888 0.1111111111111111 0.4 8 1.0 0.125 0.5 7 1.0 0.0 0.6 7 1.0 0.0 0.7 6 1.0 0.0 0.9 1 1.0 0.0
9 0.1 8 1.0 0.125 0.4 7 1.0 0.14285714285714285 0.5 7 1.0 0.14285714285714285 0.6 7 1.0 0.14285714285714285 0.7 7 1.0 0.14285714285714285 0.9 0 1 1
9 0.1 8 1.0 0.0 0.4 8 1.0 0.0 0.5 8 1.0 0.0 0.6 8 1.0 0.0 0.7 7 1.0 0.0 0.9 1 1.0 0.0
9 0.1 8 1.0 0.125 0.4 8 1.0 0.125 0.5 8 1.0 0.125 0.6 8 1.0 0.125 0.7 8 1.0 0.125 0.9 1 1.0 0.0
9 0.1 9 0.8888888888888888 0.2222222222222222 0.4 8 1.0 0.25 0.5 8 1.0 0.25 0.6 8 1.0 0.25 0.7 7 1.0 0.14285714285714285 0.9 0 1 1
9 0.1 8 1.0 0.0 0.4 7 1.0 0.0 0.5 7 1.0 0.0 0.6 7 1.0 0.0 0.7 6 1.0 0.0 0.9 0 1 1
9 0.1 8 1.0 0.25 0.4 8 1.0 0.25 0.5 8 1.0 0.25 0.6 8 1.0 0.25 0.7 7 1.0 0.2857142857142857 0.9 0 1 1
9 0.1 8 1.0 0.0 0.4 6 1.0 0.0 0.5 6 1.0 0.0 0.6 6 1.0 0.0 0.7 6 1.0 0.0 0.9 0 1 1
9 0.1 8 1.0 0.125 0.4 8 1.0 0.125 0.5 8 1.0 0.125 0.6 8 1.0 0.125 0.7 8 1.0 0.125 0.9 1 1.0 0.0
9 0.1 8 1.0 0.125 0.4 8 1.0 0.125 0.5 8 1.0 0.125 0.6 8 1.0 0.125 0.7 8 1.0 0.125 0.9 0 1 1
9 0.1 8 1.0 0.0 0.4 8 1.0 0.0 0.5 8 1.0 0.0 0.6 8 1.0 0.0 0.7 8 1.0 0.0 0.9 0 1 1
9 0.1 8 1.0 0.125 0.4 8 1.0 0.125 0.5 8 1.0 0.125 0.6 8 1.0 0.125 0.7 7 1.0 0.14285714285714285 0.9 0 1 1
9 0.1 8 1.0 0.0 0.4 8 1.0 0.0 0.5 8 1.0 0.0 0.6 8 1.0 0.0 0.7 8 1.0 0.0 0.9 0 1 1
9 0.1 8 1.0 0.125 0.4 8 1.0 0.125 0.5 8 1.0 0.125 0.6 8 1.0 0.125 0.7 8 1.0 0.125 0.9 0 1 1
9 0.1 8 1.0 0.0 0.4 8 1.0 0.0 0.5 8 1.0 0.0 0.6 8 1.0 0.0 0.7 6 1.0 0.0 0.9 1 1.0 0.0
9 0.1 9 0.8888888888888888 0.1111111111111111 0.4 8 1.0 0.125 0.5 7 1.0 0.14285714285714285 0.6 7 1.0 0.14285714285714285 0.7 6 1.0 0.16666666666666666 0.9 1 1.0 0.0
9 0.1 7 1.0 0.0 0.4 5 1.0 0.0 0.5 5 1.0 0.0 0.6 5 1.0 0.0 0.7 5 1.0 0.0 0.9 1 1.0 0.0
9 0.1 9 0.8888888888888888 0.0 0.4 8 1.0 0.0 0.5 8 1.0 0.0 0.6 8 1.0 0.0 0.7 8 1.0 0.0 0.9 1 1.0 0.0
9 0.1 9 0.8888888888888888 0.1111111111111111 0.4 8 1.0 0.125 0.5 8 1.0 0.125 0.6 8 1.0 0.125 0.7 8 1.0 0.125 0.9 1 1.0 0.0
9 0.1 8 1.0 0.25 0.4 8 1.0 0.25 0.5 8 1.0 0.25 0.6 8 1.0 0.25 0.7 8 1.0 0.25 0.9 0 1 1
9 0.1 8 1.0 0.25 0.4 7 1.0 0.2857142857142857 0.5 7 1.0 0.2857142857142857 0.6 7 1.0 0.2857142857142857 0.7 7 1.0 0.2857142857142857 0.9 0 1 1
9 0.1 9 0.8888888888888888 0.2222222222222222 0.4 8 1.0 0.25 0.5 8 1.0 0.25 0.6 8 1.0 0.25 0.7 8 1.0 0.25 0.9 0 1 1
9 0.1 9 0.8888888888888888 0.2222222222222222 0.4 8 1.0 0.25 0.5 8 1.0 0.25 0.6 8 1.0 0.25 0.7 8 1.0 0.25 0.9 0 1 1
9 0.1 10 0.8 0.1 0.4 9 0.8888888888888888 0.1111111111111111 0.5 8 1.0 0.125 0.6 8 1.0 0.125 0.7 8 1.0 0.125 0.9 0 1 1
9 0.1 9 0.8888888888888888 0.1111111111111111 0.4 8 1.0 0.125 0.5 8 1.0 0.125 0.6 8 1.0 0.125 0.7 8 1.0 0.125 0.9 2 1.0 0.0
9 0.1 10 0.8 0.1 0.4 9 0.8888888888888888 0.1111111111111111 0.5 8 1.0 0.125 0.6 8 1.0 0.125 0.7 8 1.0 0.125 0.9 1 1.0 0.0
9 0.1 9 0.8888888888888888 0.2222222222222222 0.4 8 1.0 0.25 0.5 8 1.0 0.25 0.6 8 1.0 0.25 0.7 8 1.0 0.25 0.9 2 1.0 0.5
9 0.1 9 0.8888888888888888 0.1111111111111111 0.4 8 1.0 0.125 0.5 8 1.0 0.125 0.6 8 1.0 0.125 0.7 8 1.0 0.125 0.9 1 1.0 0.0
9 0.1 11 0.7272727272727273 0.0 0.4 8 0.875 0.0 0.5 7 1.0 0.0 0.6 7 1.0 0.0 0.7 6 1.0 0.0 0.9 1 1.0 0.0
9 0.1 8 1.0 0.375 0.4 8 1.0 0.375 0.5 8 1.0 0.375 0.6 8 1.0 0.375 0.7 8 1.0 0.375 0.9 2 1.0 0.0
9 0.1 8 1.0 0.375 0.4 8 1.0 0.375 0.5 8 1.0 0.375 0.6 8 1.0 0.375 0.7 8 1.0 0.375 0.9 1 1.0 1.0
9 0.1 8 1.0 0.25 0.4 8 1.0 0.25 0.5 8 1.0 0.25 0.6 8 1.0 0.25 0.7 8 1.0 0.25 0.9 1 1.0 1.0
9 0.1 8 1.0 0.125 0.4 8 1.0 0.125 0.5 8 1.0 0.125 0.6 8 1.0 0.125 0.7 8 1.0 0.125 0.9 0 1 1
9 0.1 9 0.8888888888888888 0.0 0.4 8 1.0 0.0 0.5 8 1.0 0.0 0.6 8 1.0 0.0 0.7 8 1.0 0.0 0.9 1 1.0 0.0
9 0.1 9 0.8888888888888888 0.2222222222222222 0.4 8 1.0 0.25 0.5 8 1.0 0.25 0.6 8 1.0 0.25 0.7 8 1.0 0.25 0.9 0 1 1
