59 0.1 0 1 1 0.4 0 1 1 0.5 0 1 1 0.6 0 1 1 0.7 0 1 1 0.9 0 1 1
59 0.1 0 1 1 0.4 0 1 1 0.5 0 1 1 0.6 0 1 1 0.7 0 1 1 0.9 0 1 1
59 0.1 1 0.0 0.0 0.4 0 1 1 0.5 0 1 1 0.6 0 1 1 0.7 0 1 1 0.9 0 1 1
59 0.1 6 0.0 0.0 0.4 0 1 1 0.5 0 1 1 0.6 0 1 1 0.7 0 1 1 0.9 0 1 1
59 0.1 19 0.15789473684210525 0.0 0.4 2 0.0 0.0 0.5 1 0.0 0.0 0.6 0 1 1 0.7 0 1 1 0.9 0 1 1
59 0.1 289 0.06920415224913495 0.0 0.4 14 0.14285714285714285 0.0 0.5 6 0.3333333333333333 0.0 0.6 1 0.0 0.0 0.7 1 0.0 0.0 0.9 0 1 1
59 0.1 251 0.10756972111553785 0.0 0.4 4 0.0 0.0 0.5 1 0.0 0.0 0.6 0 1 1 0.7 0 1 1 0.9 0 1 1
59 0.1 256 0.078125 0.0 0.4 12 0.16666666666666666 0.0 0.5 2 0.0 0.0 0.6 0 1 1 0.7 0 1 1 0.9 0 1 1
59 0.1 1000 0.057 0.0 0.4 256 0.125 0.0 0.5 146 0.14383561643835616 0.0 0.6 53 0.20754716981132076 0.0 0.7 13 0.07692307692307693 0.0 0.9 0 1 1
59 0.1 1000 0.056 0.0 0.4 284 0.1443661971830986 0.0 0.5 156 0.22435897435897437 0.0 0.6 69 0.3188405797101449 0.0 0.7 9 0.2222222222222222 0.0 0.9 0 1 1
59 0.1 1000 0.056 0.0 0.4 255 0.12941176470588237 0.0 0.5 137 0.1897810218978102 0.0 0.6 51 0.27450980392156865 0.0 0.7 10 0.3 0.0 0.9 0 1 1
59 0.1 705 0.07659574468085106 0.0 0.4 136 0.27941176470588236 0.0 0.5 66 0.42424242424242425 0.0 0.6 20 0.45 0.0 0.7 5 0.0 0.0 0.9 0 1 1
59 0.1 824 0.0691747572815534 0.0 0.4 170 0.2647058823529412 0.0 0.5 66 0.3787878787878788 0.0 0.6 21 0.5238095238095238 0.0 0.7 3 0.3333333333333333 0.0 0.9 0 1 1
59 0.1 748 0.0748663101604278 0.0 0.4 127 0.29133858267716534 0.0 0.5 67 0.40298507462686567 0.0 0.6 30 0.4666666666666667 0.0 0.7 11 0.7272727272727273 0.0 0.9 0 1 1
59 0.1 464 0.09698275862068965 0.0 0.4 24 0.2916666666666667 0.0 0.5 5 0.2 0.0 0.6 0 1 1 0.7 0 1 1 0.9 0 1 1
59 0.1 429 0.11888111888111888 0.0 0.4 65 0.4 0.0 0.5 23 0.4782608695652174 0.0 0.6 2 0.0 0.0 0.7 0 1 1 0.9 0 1 1
59 0.1 496 0.10483870967741936 0.0020161290322580645 0.4 124 0.29838709677419356 0.0 0.5 83 0.37349397590361444 0.0 0.6 43 0.4418604651162791 0.0 0.7 16 0.5 0.0 0.9 0 1 1
59 0.1 607 0.09225700164744646 0.0 0.4 167 0.2874251497005988 0.0 0.5 107 0.34579439252336447 0.0 0.6 65 0.4461538461538462 0.0 0.7 32 0.46875 0.0 0.9 0 1 1
59 0.1 448 0.10491071428571429 0.0 0.4 69 0.2898550724637681 0.0 0.5 45 0.35555555555555557 0.0 0.6 14 0.2857142857142857 0.0 0.7 2 0.5 0.0 0.9 0 1 1
59 0.1 515 0.10485436893203884 0.0 0.4 180 0.2222222222222222 0.0 0.5 129 0.26356589147286824 0.0 0.6 84 0.32142857142857145 0.0 0.7 34 0.3235294117647059 0.0 0.9 0 1 1
59 0.1 150 0.3 0.0 0.4 13 0.7692307692307693 0.0 0.5 1 0.0 0.0 0.6 0 1 1 0.7 0 1 1 0.9 0 1 1
59 0.1 402 0.13930348258706468 0.0 0.4 78 0.4358974358974359 0.0 0.5 38 0.5 0.0 0.6 8 0.75 0.0 0.7 0 1 1 0.9 0 1 1
59 0.1 854 0.05737704918032787 0.0 0.4 376 0.12234042553191489 0.0 0.5 269 0.16356877323420074 0.0 0.6 193 0.22797927461139897 0.0 0.7 131 0.2824427480916031 0.0 0.9 0 1 1
59 0.1 462 0.11471861471861472 0.0 0.4 149 0.28859060402684567 0.0 0.5 102 0.39215686274509803 0.0 0.6 68 0.47058823529411764 0.0 0.7 36 0.7777777777777778 0.0 0.9 0 1 1
59 0.1 275 0.2109090909090909 0.0 0.4 94 0.48936170212765956 0.0 0.5 73 0.589041095890411 0.0 0.6 49 0.673469387755102 0.0 0.7 28 0.8214285714285714 0.0 0.9 0 1 1
59 0.1 472 0.11864406779661017 0.0 0.4 188 0.24468085106382978 0.0 0.5 89 0.4044943820224719 0.0 0.6 33 0.5151515151515151 0.0 0.7 2 0.5 0.0 0.9 0 1 1
59 0.1 215 0.2372093023255814 0.0 0.4 73 0.4383561643835616 0.0 0.5 45 0.5111111111111111 0.0 0.6 30 0.6 0.0 0.7 14 0.5714285714285714 0.0 0.9 0 1 1
59 0.1 56 0.375 0.0 0.4 10 0.6 0.0 0.5 3 0.6666666666666666 0.0 0.6 2 0.5 0.0 0.7 1 1.0 0.0 0.9 0 1 1
59 0.1 336 0.16666666666666666 0.0 0.4 188 0.25 0.0 0.5 149 0.2953020134228188 0.0 0.6 95 0.4105263157894737 0.0 0.7 45 0.5555555555555556 0.0 0.9 0 1 1
59 0.1 428 0.10514018691588785 0.0 0.4 195 0.21025641025641026 0.0 0.5 146 0.2808219178082192 0.0 0.6 94 0.39361702127659576 0.0 0.7 61 0.5245901639344263 0.0 0.9 0 1 1
59 0.1 297 0.18855218855218855 0.0 0.4 136 0.29411764705882354 0.0 0.5 96 0.34375 0.0 0.6 63 0.4444444444444444 0.0 0.7 26 0.6153846153846154 0.0 0.9 0 1 1
59 0.1 137 0.3284671532846715 0.0 0.4 41 0.6829268292682927 0.0 0.5 29 0.8275862068965517 0.0 0.6 16 0.9375 0.0 0.7 8 0.875 0.0 0.9 0 1 1
59 0.1 124 0.4112903225806452 0.008064516129032258 0.4 60 0.6666666666666666 0.0 0.5 45 0.7777777777777778 0.0 0.6 35 0.7714285714285715 0.0 0.7 11 0.9090909090909091 0.0 0.9 0 1 1
59 0.1 138 0.37681159420289856 0.0 0.4 60 0.6833333333333333 0.0 0.5 36 0.8055555555555556 0.0 0.6 28 0.8214285714285714 0.0 0.7 15 0.8666666666666667 0.0 0.9 0 1 1
59 0.1 132 0.38636363636363635 0.0 0.4 65 0.6153846153846154 0.0 0.5 48 0.7083333333333334 0.0 0.6 29 0.8620689655172413 0.0 0.7 12 0.9166666666666666 0.0 0.9 0 1 1
59 0.1 98 0.42857142857142855 0.0 0.4 24 0.75 0.0 0.5 15 0.7333333333333333 0.0 0.6 7 0.8571428571428571 0.0 0.7 4 1.0 0.0 0.9 0 1 1
59 0.1 189 0.291005291005291 0.0 0.4 90 0.4888888888888889 0.0 0.5 62 0.6612903225806451 0.0 0.6 41 0.8780487804878049 0.0 0.7 29 0.9310344827586207 0.0 0.9 1 1.0 0.0
59 0.1 188 0.30851063829787234 0.0 0.4 101 0.46534653465346537 0.0 0.5 76 0.5789473684210527 0.0 0.6 43 0.8372093023255814 0.0 0.7 26 0.9230769230769231 0.0 0.9 0 1 1
59 0.1 169 0.2485207100591716 0.0 0.4 0 1 1 0.5 0 1 1 0.6 0 1 1 0.7 0 1 1 0.9 0 1 1
59 0.1 256 0.19921875 0.0 0.4 89 0.449438202247191 0.0 0.5 62 0.5967741935483871 0.0 0.6 39 0.717948717948718 0.0 0.7 24 0.875 0.0 0.9 0 1 1
59 0.1 99 0.41414141414141414 0.0 0.4 44 0.7045454545454546 0.0 0.5 36 0.75 0.0 0.6 27 0.7777777777777778 0.0 0.7 16 0.8125 0.0 0.9 1 1.0 0.0
59 0.1 115 0.33043478260869563 0.0 0.4 38 0.6578947368421053 0.0 0.5 25 0.8 0.0 0.6 15 0.8666666666666667 0.0 0.7 8 0.875 0.0 0.9 0 1 1
59 0.1 19 0.3157894736842105 0.0 0.4 5 0.6 0.0 0.5 4 0.75 0.0 0.6 2 1.0 0.0 0.7 0 1 1 0.9 0 1 1
59 0.1 11 0.5454545454545454 0.0 0.4 1 1.0 0.0 0.5 1 1.0 0.0 0.6 1 1.0 0.0 0.7 0 1 1 0.9 0 1 1
59 0.1 58 0.5344827586206896 0.0 0.4 15 0.8 0.0 0.5 9 0.8888888888888888 0.0 0.6 6 1.0 0.0 0.7 2 1.0 0.0 0.9 0 1 1
59 0.1 99 0.5050505050505051 0.0 0.4 52 0.7884615384615384 0.0 0.5 44 0.8181818181818182 0.0 0.6 40 0.825 0.0 0.7 26 0.9230769230769231 0.0 0.9 1 1.0 0.0
59 0.1 89 0.48314606741573035 0.0 0.4 34 0.7941176470588235 0.0 0.5 31 0.8064516129032258 0.0 0.6 23 0.8695652173913043 0.0 0.7 8 1.0 0.0 0.9 0 1 1
59 0.1 75 0.41333333333333333 0.0 0.4 16 0.875 0.0 0.5 11 1.0 0.0 0.6 8 1.0 0.0 0.7 4 1.0 0.0 0.9 0 1 1
59 0.1 120 0.44166666666666665 0.0 0.4 44 0.7727272727272727 0.0 0.5 30 0.8666666666666667 0.0 0.6 14 0.9285714285714286 0.0 0.7 1 1.0 0.0 0.9 0 1 1
59 0.1 120 0.4583333333333333 0.0 0.4 65 0.6923076923076923 0.0 0.5 51 0.803921568627451 0.0 0.6 38 0.8421052631578947 0.0 0.7 25 0.88 0.0 0.9 0 1 1
59 0.1 156 0.3782051282051282 0.0 0.4 80 0.6375 0.0 0.5 69 0.6956521739130435 0.0 0.6 54 0.7407407407407407 0.0 0.7 31 0.9354838709677419 0.0 0.9 0 1 1
59 0.1 159 0.33962264150943394 0.0 0.4 75 0.6 0.0 0.5 61 0.639344262295082 0.0 0.6 46 0.717391304347826 0.0 0.7 24 0.9166666666666666 0.0 0.9 1 1.0 0.0
59 0.1 144 0.3402777777777778 0.0 0.4 42 0.7857142857142857 0.0 0.5 26 0.7307692307692307 0.0 0.6 15 0.8666666666666667 0.0 0.7 2 1.0 0.0 0.9 0 1 1
59 0.1 88 0.3977272727272727 0.0 0.4 5 0.8 0.0 0.5 2 1.0 0.0 0.6 0 1 1 0.7 0 1 1 0.9 0 1 1
59 0.1 87 0.45977011494252873 0.0 0.4 31 0.7096774193548387 0.0 0.5 18 0.7777777777777778 0.0 0.6 10 0.9 0.0 0.7 4 1.0 0.0 0.9 0 1 1
59 0.1 120 0.425 0.0 0.4 65 0.6615384615384615 0.0 0.5 49 0.7755102040816326 0.0 0.6 37 0.8108108108108109 0.0 0.7 30 0.8333333333333334 0.0 0.9 0 1 1
59 0.1 81 0.5555555555555556 0.0 0.4 37 0.8108108108108109 0.0 0.5 26 0.8461538461538461 0.0 0.6 17 0.8823529411764706 0.0 0.7 8 1.0 0.0 0.9 0 1 1
59 0.1 148 0.35135135135135137 0.0 0.4 85 0.5647058823529412 0.0 0.5 71 0.647887323943662 0.0 0.6 65 0.7076923076923077 0.0 0.7 48 0.75 0.0 0.9 4 1.0 0.0
59 0.1 178 0.30337078651685395 0.0 0.4 79 0.4936708860759494 0.0 0.5 57 0.6140350877192983 0.0 0.6 37 0.7567567567567568 0.0 0.7 26 0.8461538461538461 0.0 0.9 0 1 1
59 0.1 148 0.2905405405405405 0.0 0.4 43 0.627906976744186 0.0 0.5 26 0.8076923076923077 0.0 0.6 14 1.0 0.0 0.7 3 1.0 0.0 0.9 0 1 1
59 0.1 128 0.4375 0.0078125 0.4 76 0.6578947368421053 0.013157894736842105 0.5 66 0.7121212121212122 0.015151515151515152 0.6 49 0.7959183673469388 0.02040816326530612 0.7 39 0.8461538461538461 0.02564102564102564 0.9 0 1 1
59 0.1 262 0.20610687022900764 0.0 0.4 105 0.3523809523809524 0.0 0.5 58 0.4482758620689655 0.0 0.6 20 0.5 0.0 0.7 2 1.0 0.0 0.9 0 1 1
59 0.1 190 0.29473684210526313 0.0 0.4 103 0.49514563106796117 0.0 0.5 86 0.5697674418604651 0.0 0.6 67 0.6268656716417911 0.0 0.7 46 0.717391304347826 0.0 0.9 1 1.0 0.0
59 0.1 100 0.43 0.0 0.4 35 0.8 0.0 0.5 29 0.8275862068965517 0.0 0.6 13 0.8461538461538461 0.0 0.7 1 1.0 0.0 0.9 0 1 1
59 0.1 0 1 1 0.4 0 1 1 0.5 0 1 1 0.6 0 1 1 0.7 0 1 1 0.9 0 1 1
59 0.1 3 0.0 0.0 0.4 0 1 1 0.5 0 1 1 0.6 0 1 1 0.7 0 1 1 0.9 0 1 1
59 0.1 57 0.03508771929824561 0.0 0.4 0 1 1 0.5 0 1 1 0.6 0 1 1 0.7 0 1 1 0.9 0 1 1
59 0.1 33 0.30303030303030304 0.0 0.4 1 0.0 0.0 0.5 0 1 1 0.6 0 1 1 0.7 0 1 1 0.9 0 1 1
59 0.1 26 0.11538461538461539 0.0 0.4 0 1 1 0.5 0 1 1 0.6 0 1 1 0.7 0 1 1 0.9 0 1 1
59 0.1 0 1 1 0.4 0 1 1 0.5 0 1 1 0.6 0 1 1 0.7 0 1 1 0.9 0 1 1
59 0.1 0 1 1 0.4 0 1 1 0.5 0 1 1 0.6 0 1 1 0.7 0 1 1 0.9 0 1 1
59 0.1 1 0.0 0.0 0.4 0 1 1 0.5 0 1 1 0.6 0 1 1 0.7 0 1 1 0.9 0 1 1
59 0.1 0 1 1 0.4 0 1 1 0.5 0 1 1 0.6 0 1 1 0.7 0 1 1 0.9 0 1 1
59 0.1 52 0.36538461538461536 0.0 0.4 2 0.5 0.0 0.5 0 1 1 0.6 0 1 1 0.7 0 1 1 0.9 0 1 1
59 0.1 129 0.3643410852713178 0.0 0.4 28 0.5714285714285714 0.0 0.5 13 0.7692307692307693 0.0 0.6 3 1.0 0.0 0.7 0 1 1 0.9 0 1 1
59 0.1 101 0.3465346534653465 0.0 0.4 3 0.6666666666666666 0.0 0.5 0 1 1 0.6 0 1 1 0.7 0 1 1 0.9 0 1 1
59 0.1 116 0.3103448275862069 0.0 0.4 14 0.5 0.0 0.5 3 1.0 0.0 0.6 1 1.0 0.0 0.7 0 1 1 0.9 0 1 1
59 0.1 88 0.4090909090909091 0.0 0.4 10 0.5 0.0 0.5 3 0.6666666666666666 0.0 0.6 1 1.0 0.0 0.7 0 1 1 0.9 0 1 1
59 0.1 236 0.211864406779661 0.0 0.4 16 0.5 0.0 0.5 3 0.3333333333333333 0.0 0.6 0 1 1 0.7 0 1 1 0.9 0 1 1
59 0.1 228 0.19736842105263158 0.0 0.4 6 0.8333333333333334 0.0 0.5 2 1.0 0.0 0.6 0 1 1 0.7 0 1 1 0.9 0 1 1
59 0.1 213 0.22065727699530516 0.0 0.4 28 0.5 0.0 0.5 10 0.7 0.0 0.6 1 1.0 0.0 0.7 0 1 1 0.9 0 1 1
59 0.1 22 0.5454545454545454 0.0 0.4 2 1.0 0.0 0.5 0 1 1 0.6 0 1 1 0.7 0 1 1 0.9 0 1 1
59 0.1 95 0.4421052631578947 0.0 0.4 26 0.7692307692307693 0.0 0.5 16 0.9375 0.0 0.6 7 1.0 0.0 0.7 3 1.0 0.0 0.9 0 1 1
59 0.1 118 0.423728813559322 0.0 0.4 50 0.7 0.0 0.5 38 0.7631578947368421 0.0 0.6 28 0.8214285714285714 0.0 0.7 12 0.9166666666666666 0.0 0.9 0 1 1
59 0.1 39 0.358974358974359 0.0 0.4 3 1.0 0.0 0.5 1 1.0 0.0 0.6 1 1.0 0.0 0.7 0 1 1 0.9 0 1 1
59 0.1 61 0.3114754098360656 0.0 0.4 9 0.6666666666666666 0.0 0.5 4 0.75 0.0 0.6 1 1.0 0.0 0.7 0 1 1 0.9 0 1 1
59 0.1 175 0.32 0.005714285714285714 0.4 54 0.7222222222222222 0.018518518518518517 0.5 38 0.7894736842105263 0.0 0.6 23 0.9130434782608695 0.0 0.7 5 1.0 0.0 0.9 0 1 1
59 0.1 252 0.15079365079365079 0.0 0.4 21 0.6190476190476191 0.0 0.5 6 0.8333333333333334 0.0 0.6 2 1.0 0.0 0.7 0 1 1 0.9 0 1 1
59 0.1 288 0.19791666666666666 0.0 0.4 66 0.5606060606060606 0.0 0.5 40 0.7 0.0 0.6 17 0.8235294117647058 0.0 0.7 3 1.0 0.0 0.9 0 1 1
59 0.1 199 0.271356783919598 0.0 0.4 24 0.5833333333333334 0.0 0.5 6 0.8333333333333334 0.0 0.6 0 1 1 0.7 0 1 1 0.9 0 1 1
59 0.1 4 0.25 0.0 0.4 0 1 1 0.5 0 1 1 0.6 0 1 1 0.7 0 1 1 0.9 0 1 1
59 0.1 67 0.34328358208955223 0.0 0.4 3 1.0 0.0 0.5 1 1.0 0.0 0.6 0 1 1 0.7 0 1 1 0.9 0 1 1
59 0.1 169 0.30177514792899407 0.0 0.4 35 0.6285714285714286 0.0 0.5 18 0.6666666666666666 0.0 0.6 7 0.7142857142857143 0.0 0.7 0 1 1 0.9 0 1 1
59 0.1 109 0.42201834862385323 0.0 0.4 26 0.7692307692307693 0.0 0.5 17 0.7647058823529411 0.0 0.6 6 0.8333333333333334 0.0 0.7 3 1.0 0.0 0.9 0 1 1
59 0.1 198 0.2727272727272727 0.005050505050505051 0.4 44 0.5909090909090909 0.022727272727272728 0.5 23 0.7391304347826086 0.0 0.6 10 0.9 0.0 0.7 2 0.5 0.0 0.9 0 1 1
59 0.1 144 0.3472222222222222 0.0 0.4 38 0.6578947368421053 0.0 0.5 23 0.782608695652174 0.0 0.6 10 0.9 0.0 0.7 2 0.5 0.0 0.9 0 1 1
59 0.1 129 0.3643410852713178 0.0 0.4 32 0.5625 0.0 0.5 20 0.65 0.0 0.6 6 0.6666666666666666 0.0 0.7 3 1.0 0.0 0.9 0 1 1
59 0.1 119 0.42016806722689076 0.0 0.4 44 0.6136363636363636 0.0 0.5 31 0.6451612903225806 0.0 0.6 16 0.6875 0.0 0.7 6 1.0 0.0 0.9 0 1 1
59 0.1 96 0.4895833333333333 0.010416666666666666 0.4 31 0.8064516129032258 0.0 0.5 15 0.9333333333333333 0.0 0.6 8 1.0 0.0 0.7 1 1.0 0.0 0.9 0 1 1
59 0.1 66 0.6060606060606061 0.0 0.4 22 0.8636363636363636 0.0 0.5 14 1.0 0.0 0.6 8 1.0 0.0 0.7 5 1.0 0.0 0.9 0 1 1
59 0.1 125 0.44 0.0 0.4 68 0.6470588235294118 0.0 0.5 50 0.74 0.0 0.6 37 0.8918918918918919 0.0 0.7 20 0.95 0.0 0.9 0 1 1
59 0.1 145 0.32413793103448274 0.0 0.4 38 0.5 0.0 0.5 17 0.6470588235294118 0.0 0.6 6 0.8333333333333334 0.0 0.7 0 1 1 0.9 0 1 1
59 0.1 116 0.2413793103448276 0.0 0.4 23 0.391304347826087 0.0 0.5 11 0.5454545454545454 0.0 0.6 5 0.6 0.0 0.7 1 0.0 0.0 0.9 0 1 1
59 0.1 92 0.2608695652173913 0.0 0.4 36 0.4444444444444444 0.0 0.5 21 0.6190476190476191 0.0 0.6 14 0.5714285714285714 0.0 0.7 3 0.6666666666666666 0.0 0.9 0 1 1
59 0.1 93 0.23655913978494625 0.0 0.4 45 0.3333333333333333 0.0 0.5 30 0.3 0.0 0.6 20 0.35 0.0 0.7 8 0.25 0.0 0.9 0 1 1
59 0.1 61 0.2786885245901639 0.0 0.4 23 0.2608695652173913 0.0 0.5 15 0.3333333333333333 0.0 0.6 9 0.3333333333333333 0.0 0.7 2 1.0 0.0 0.9 0 1 1
59 0.1 67 0.4925373134328358 0.0 0.4 21 0.6190476190476191 0.0 0.5 15 0.6666666666666666 0.0 0.6 8 0.75 0.0 0.7 2 1.0 0.0 0.9 0 1 1
59 0.1 11 0.45454545454545453 0.0 0.4 1 1.0 0.0 0.5 0 1 1 0.6 0 1 1 0.7 0 1 1 0.9 0 1 1
59 0.1 56 0.5178571428571429 0.0 0.4 18 0.6111111111111112 0.0 0.5 13 0.6153846153846154 0.0 0.6 10 0.6 0.0 0.7 3 0.6666666666666666 0.0 0.9 0 1 1
59 0.1 125 0.432 0.008 0.4 59 0.6949152542372882 0.01694915254237288 0.5 45 0.7555555555555555 0.022222222222222223 0.6 30 0.8 0.03333333333333333 0.7 13 0.8461538461538461 0.0 0.9 0 1 1
59 0.1 109 0.46788990825688076 0.0 0.4 60 0.65 0.0 0.5 44 0.7272727272727273 0.0 0.6 36 0.8055555555555556 0.0 0.7 24 0.9166666666666666 0.0 0.9 0 1 1
59 0.1 106 0.4811320754716981 0.0 0.4 58 0.7068965517241379 0.0 0.5 43 0.813953488372093 0.0 0.6 32 0.84375 0.0 0.7 16 0.9375 0.0 0.9 0 1 1
59 0.1 102 0.5196078431372549 0.0 0.4 50 0.72 0.0 0.5 38 0.7894736842105263 0.0 0.6 30 0.8333333333333334 0.0 0.7 16 1.0 0.0 0.9 0 1 1
59 0.1 110 0.4909090909090909 0.02727272727272727 0.4 47 0.7021276595744681 0.0425531914893617 0.5 36 0.75 0.05555555555555555 0.6 28 0.8214285714285714 0.07142857142857142 0.7 14 1.0 0.07142857142857142 0.9 0 1 1
59 0.1 136 0.4117647058823529 0.022058823529411766 0.4 58 0.6724137931034483 0.017241379310344827 0.5 43 0.7441860465116279 0.023255813953488372 0.6 32 0.71875 0.0 0.7 21 0.8571428571428571 0.0 0.9 0 1 1
59 0.1 104 0.49038461538461536 0.0 0.4 43 0.7441860465116279 0.0 0.5 36 0.75 0.0 0.6 30 0.7333333333333333 0.0 0.7 17 0.9411764705882353 0.0 0.9 0 1 1
59 0.1 77 0.6233766233766234 0.0 0.4 36 0.7777777777777778 0.0 0.5 29 0.8275862068965517 0.0 0.6 20 0.95 0.0 0.7 12 1.0 0.0 0.9 0 1 1
59 0.1 31 0.6451612903225806 0.0 0.4 8 0.75 0.0 0.5 5 0.6 0.0 0.6 1 1.0 0.0 0.7 0 1 1 0.9 0 1 1
59 0.1 110 0.5 0.0 0.4 54 0.7407407407407407 0.0 0.5 47 0.8297872340425532 0.0 0.6 33 0.8484848484848485 0.0 0.7 22 0.8636363636363636 0.0 0.9 0 1 1
59 0.1 88 0.6136363636363636 0.011363636363636364 0.4 52 0.7692307692307693 0.019230769230769232 0.5 45 0.8 0.022222222222222223 0.6 35 0.8857142857142857 0.02857142857142857 0.7 22 0.9545454545454546 0.045454545454545456 0.9 0 1 1
59 0.1 82 0.573170731707317 0.012195121951219513 0.4 47 0.723404255319149 0.02127659574468085 0.5 37 0.8378378378378378 0.02702702702702703 0.6 31 0.8387096774193549 0.03225806451612903 0.7 22 0.9545454545454546 0.0 0.9 0 1 1
59 0.1 71 0.6056338028169014 0.0 0.4 31 0.8064516129032258 0.0 0.5 24 0.8333333333333334 0.0 0.6 19 0.7894736842105263 0.0 0.7 7 1.0 0.0 0.9 0 1 1
59 0.1 115 0.43478260869565216 0.0 0.4 64 0.640625 0.0 0.5 47 0.6808510638297872 0.0 0.6 38 0.7105263157894737 0.0 0.7 31 0.7419354838709677 0.0 0.9 0 1 1
59 0.1 100 0.53 0.02 0.4 44 0.8181818181818182 0.022727272727272728 0.5 40 0.85 0.025 0.6 30 0.8666666666666667 0.03333333333333333 0.7 14 1.0 0.0 0.9 0 1 1
59 0.1 107 0.4953271028037383 0.0 0.4 53 0.7735849056603774 0.0 0.5 40 0.8 0.0 0.6 32 0.8125 0.0 0.7 17 0.9411764705882353 0.0 0.9 0 1 1
59 0.1 164 0.3231707317073171 0.0 0.4 53 0.6792452830188679 0.0 0.5 34 0.7352941176470589 0.0 0.6 27 0.8148148148148148 0.0 0.7 16 0.875 0.0 0.9 0 1 1
59 0.1 111 0.4774774774774775 0.018018018018018018 0.4 56 0.75 0.03571428571428571 0.5 45 0.7555555555555555 0.044444444444444446 0.6 32 0.875 0.03125 0.7 20 0.95 0.0 0.9 0 1 1
59 0.1 96 0.53125 0.010416666666666666 0.4 49 0.7551020408163265 0.02040816326530612 0.5 42 0.8333333333333334 0.023809523809523808 0.6 34 0.8529411764705882 0.029411764705882353 0.7 26 0.9615384615384616 0.038461538461538464 0.9 0 1 1
59 0.1 151 0.2582781456953642 0.006622516556291391 0.4 31 0.5806451612903226 0.03225806451612903 0.5 18 0.7222222222222222 0.05555555555555555 0.6 9 1.0 0.0 0.7 2 1.0 0.0 0.9 0 1 1
59 0.1 90 0.5222222222222223 0.0 0.4 36 0.8055555555555556 0.0 0.5 25 0.84 0.0 0.6 19 0.8421052631578947 0.0 0.7 8 1.0 0.0 0.9 0 1 1
59 0.1 133 0.39097744360902253 0.0 0.4 53 0.6226415094339622 0.0 0.5 33 0.696969696969697 0.0 0.6 23 0.7391304347826086 0.0 0.7 11 1.0 0.0 0.9 0 1 1
59 0.1 104 0.41346153846153844 0.0 0.4 39 0.6153846153846154 0.0 0.5 32 0.6875 0.0 0.6 23 0.782608695652174 0.0 0.7 8 1.0 0.0 0.9 0 1 1
59 0.1 154 0.35064935064935066 0.0 0.4 55 0.6727272727272727 0.0 0.5 44 0.7727272727272727 0.0 0.6 36 0.8333333333333334 0.0 0.7 19 0.8421052631578947 0.0 0.9 0 1 1
59 0.1 110 0.4090909090909091 0.0 0.4 46 0.6086956521739131 0.0 0.5 34 0.6176470588235294 0.0 0.6 17 0.8235294117647058 0.0 0.7 9 0.8888888888888888 0.0 0.9 0 1 1
59 0.1 77 0.5714285714285714 0.0 0.4 38 0.7894736842105263 0.0 0.5 32 0.8125 0.0 0.6 24 0.8333333333333334 0.0 0.7 18 0.8888888888888888 0.0 0.9 0 1 1
59 0.1 104 0.4807692307692308 0.0 0.4 63 0.6666666666666666 0.0 0.5 55 0.7636363636363637 0.0 0.6 48 0.8333333333333334 0.0 0.7 38 0.868421052631579 0.0 0.9 2 1.0 0.0
59 0.1 110 0.4909090909090909 0.0 0.4 67 0.6865671641791045 0.0 0.5 60 0.7333333333333333 0.0 0.6 49 0.7959183673469388 0.0 0.7 42 0.8809523809523809 0.0 0.9 1 1.0 0.0
59 0.1 107 0.5046728971962616 0.0 0.4 70 0.7 0.0 0.5 64 0.71875 0.0 0.6 57 0.7368421052631579 0.0 0.7 45 0.8444444444444444 0.0 0.9 1 1.0 0.0
59 0.1 89 0.5730337078651685 0.0 0.4 65 0.676923076923077 0.0 0.5 52 0.75 0.0 0.6 47 0.8085106382978723 0.0 0.7 38 0.8947368421052632 0.0 0.9 0 1 1
59 0.1 98 0.5408163265306123 0.01020408163265306 0.4 60 0.7 0.016666666666666666 0.5 53 0.7547169811320755 0.018867924528301886 0.6 44 0.8181818181818182 0.022727272727272728 0.7 31 0.9032258064516129 0.03225806451612903 0.9 0 1 1
59 0.1 121 0.4462809917355372 0.008264462809917356 0.4 67 0.6716417910447762 0.014925373134328358 0.5 54 0.7037037037037037 0.018518518518518517 0.6 36 0.8611111111111112 0.027777777777777776 0.7 28 0.9285714285714286 0.03571428571428571 0.9 1 1.0 0.0
59 0.1 129 0.4263565891472868 0.007751937984496124 0.4 65 0.676923076923077 0.015384615384615385 0.5 58 0.7068965517241379 0.017241379310344827 0.6 48 0.7708333333333334 0.020833333333333332 0.7 37 0.8648648648648649 0.02702702702702703 0.9 0 1 1
59 0.1 84 0.5952380952380952 0.011904761904761904 0.4 64 0.703125 0.015625 0.5 52 0.7307692307692307 0.019230769230769232 0.6 45 0.7777777777777778 0.022222222222222223 0.7 38 0.7894736842105263 0.02631578947368421 0.9 0 1 1
59 0.1 80 0.5875 0.0 0.4 48 0.7708333333333334 0.0 0.5 41 0.8048780487804879 0.0 0.6 37 0.8648648648648649 0.0 0.7 26 0.9230769230769231 0.0 0.9 0 1 1
59 0.1 91 0.5824175824175825 0.02197802197802198 0.4 59 0.7288135593220338 0.03389830508474576 0.5 52 0.8076923076923077 0.038461538461538464 0.6 42 0.8333333333333334 0.047619047619047616 0.7 27 0.9629629629629629 0.07407407407407407 0.9 0 1 1
59 0.1 62 0.6129032258064516 0.016129032258064516 0.4 39 0.7948717948717948 0.02564102564102564 0.5 33 0.9090909090909091 0.0 0.6 25 0.92 0.0 0.7 13 0.9230769230769231 0.0 0.9 0 1 1
59 0.1 91 0.5164835164835165 0.0 0.4 49 0.7346938775510204 0.0 0.5 41 0.7804878048780488 0.0 0.6 34 0.8529411764705882 0.0 0.7 21 0.9523809523809523 0.0 0.9 0 1 1
59 0.1 108 0.5092592592592593 0.009259259259259259 0.4 67 0.6567164179104478 0.014925373134328358 0.5 58 0.6896551724137931 0.017241379310344827 0.6 50 0.78 0.02 0.7 33 0.8787878787878788 0.030303030303030304 0.9 0 1 1
59 0.1 108 0.5 0.018518518518518517 0.4 68 0.7058823529411765 0.014705882352941176 0.5 62 0.7258064516129032 0.016129032258064516 0.6 56 0.75 0.017857142857142856 0.7 44 0.8636363636363636 0.022727272727272728 0.9 0 1 1
59 0.1 85 0.5647058823529412 0.011764705882352941 0.4 48 0.75 0.020833333333333332 0.5 44 0.7954545454545454 0.022727272727272728 0.6 41 0.8292682926829268 0.024390243902439025 0.7 30 0.9333333333333333 0.03333333333333333 0.9 0 1 1
59 0.1 85 0.5882352941176471 0.0 0.4 56 0.7321428571428571 0.0 0.5 52 0.75 0.0 0.6 43 0.7906976744186046 0.0 0.7 31 0.8709677419354839 0.0 0.9 1 1.0 0.0
59 0.1 111 0.5045045045045045 0.018018018018018018 0.4 69 0.6521739130434783 0.014492753623188406 0.5 61 0.7049180327868853 0.01639344262295082 0.6 55 0.7454545454545455 0.01818181818181818 0.7 43 0.8604651162790697 0.023255813953488372 0.9 0 1 1
59 0.1 125 0.456 0.016 0.4 71 0.6338028169014085 0.028169014084507043 0.5 64 0.6875 0.03125 0.6 57 0.7017543859649122 0.03508771929824561 0.7 42 0.8333333333333334 0.047619047619047616 0.9 1 1.0 0.0
59 0.1 108 0.49074074074074076 0.018518518518518517 0.4 73 0.6575342465753424 0.0273972602739726 0.5 60 0.75 0.03333333333333333 0.6 53 0.7547169811320755 0.03773584905660377 0.7 41 0.8536585365853658 0.04878048780487805 0.9 1 1.0 0.0
59 0.1 90 0.5555555555555556 0.03333333333333333 0.4 66 0.6666666666666666 0.045454545454545456 0.5 62 0.6774193548387096 0.04838709677419355 0.6 55 0.7272727272727273 0.05454545454545454 0.7 41 0.9024390243902439 0.07317073170731707 0.9 2 1.0 0.0
59 0.1 88 0.5568181818181818 0.056818181818181816 0.4 61 0.6885245901639344 0.04918032786885246 0.5 52 0.7884615384615384 0.057692307692307696 0.6 46 0.8260869565217391 0.06521739130434782 0.7 34 0.9117647058823529 0.029411764705882353 0.9 0 1 1
59 0.1 92 0.5217391304347826 0.010869565217391304 0.4 60 0.6666666666666666 0.016666666666666666 0.5 49 0.7142857142857143 0.02040816326530612 0.6 43 0.7906976744186046 0.023255813953488372 0.7 36 0.8333333333333334 0.027777777777777776 0.9 0 1 1
59 0.1 85 0.5647058823529412 0.023529411764705882 0.4 51 0.7647058823529411 0.0392156862745098 0.5 46 0.782608695652174 0.043478260869565216 0.6 33 0.8787878787878788 0.030303030303030304 0.7 22 0.9545454545454546 0.0 0.9 0 1 1
59 0.1 145 0.36551724137931035 0.020689655172413793 0.4 62 0.6774193548387096 0.03225806451612903 0.5 45 0.7333333333333333 0.044444444444444446 0.6 33 0.7878787878787878 0.06060606060606061 0.7 18 0.8333333333333334 0.1111111111111111 0.9 0 1 1
59 0.1 108 0.5 0.0 0.4 64 0.71875 0.0 0.5 58 0.7241379310344828 0.0 0.6 52 0.7692307692307693 0.0 0.7 42 0.8333333333333334 0.0 0.9 1 1.0 0.0
59 0.1 117 0.4700854700854701 0.008547008547008548 0.4 74 0.6756756756756757 0.013513513513513514 0.5 70 0.6857142857142857 0.014285714285714285 0.6 60 0.7166666666666667 0.016666666666666666 0.7 47 0.7872340425531915 0.02127659574468085 0.9 1 1.0 0.0
59 0.1 122 0.45901639344262296 0.00819672131147541 0.4 73 0.6712328767123288 0.0136986301369863 0.5 67 0.7014925373134329 0.014925373134328358 0.6 60 0.7166666666666667 0.016666666666666666 0.7 45 0.8444444444444444 0.022222222222222223 0.9 1 1.0 0.0
59 0.1 108 0.5092592592592593 0.009259259259259259 0.4 74 0.6486486486486487 0.013513513513513514 0.5 65 0.7230769230769231 0.015384615384615385 0.6 61 0.7377049180327869 0.01639344262295082 0.7 48 0.8125 0.020833333333333332 0.9 1 1.0 0.0
59 0.1 98 0.4897959183673469 0.01020408163265306 0.4 59 0.7288135593220338 0.01694915254237288 0.5 51 0.7647058823529411 0.0196078431372549 0.6 43 0.8372093023255814 0.023255813953488372 0.7 29 0.896551724137931 0.034482758620689655 0.9 0 1 1
59 0.1 112 0.45535714285714285 0.017857142857142856 0.4 72 0.6666666666666666 0.027777777777777776 0.5 67 0.6865671641791045 0.029850746268656716 0.6 61 0.7049180327868853 0.03278688524590164 0.7 46 0.7608695652173914 0.043478260869565216 0.9 2 1.0 0.0
59 0.1 106 0.49056603773584906 0.009433962264150943 0.4 67 0.6716417910447762 0.014925373134328358 0.5 60 0.6833333333333333 0.016666666666666666 0.6 51 0.7254901960784313 0.0196078431372549 0.7 35 0.8285714285714286 0.02857142857142857 0.9 0 1 1
59 0.1 101 0.5247524752475248 0.0 0.4 59 0.711864406779661 0.0 0.5 47 0.7446808510638298 0.0 0.6 40 0.8 0.0 0.7 26 0.9230769230769231 0.0 0.9 0 1 1
59 0.1 115 0.4434782608695652 0.008695652173913044 0.4 65 0.676923076923077 0.015384615384615385 0.5 60 0.6833333333333333 0.016666666666666666 0.6 46 0.8043478260869565 0.021739130434782608 0.7 35 0.8857142857142857 0.02857142857142857 0.9 0 1 1
59 0.1 95 0.5263157894736842 0.010526315789473684 0.4 66 0.6515151515151515 0.0 0.5 55 0.7272727272727273 0.0 0.6 48 0.7916666666666666 0.0 0.7 39 0.8461538461538461 0.0 0.9 1 1.0 0.0
59 0.1 89 0.5168539325842697 0.033707865168539325 0.4 49 0.7551020408163265 0.061224489795918366 0.5 42 0.8333333333333334 0.07142857142857142 0.6 36 0.9444444444444444 0.08333333333333333 0.7 32 0.9375 0.09375 0.9 0 1 1
59 0.1 93 0.5591397849462365 0.021505376344086023 0.4 54 0.7592592592592593 0.018518518518518517 0.5 46 0.8043478260869565 0.021739130434782608 0.6 43 0.813953488372093 0.023255813953488372 0.7 35 0.9142857142857143 0.02857142857142857 0.9 0 1 1
59 0.1 89 0.5617977528089888 0.011235955056179775 0.4 54 0.7407407407407407 0.018518518518518517 0.5 44 0.8181818181818182 0.022727272727272728 0.6 39 0.8717948717948718 0.02564102564102564 0.7 32 0.96875 0.03125 0.9 0 1 1
59 0.1 96 0.53125 0.010416666666666666 0.4 59 0.7288135593220338 0.01694915254237288 0.5 52 0.7692307692307693 0.019230769230769232 0.6 47 0.7872340425531915 0.02127659574468085 0.7 36 0.8888888888888888 0.027777777777777776 0.9 1 1.0 0.0
59 0.1 102 0.5 0.0 0.4 64 0.703125 0.0 0.5 58 0.7413793103448276 0.0 0.6 51 0.7647058823529411 0.0 0.7 41 0.8292682926829268 0.0 0.9 1 1.0 0.0
59 0.1 106 0.46226415094339623 0.018867924528301886 0.4 67 0.6865671641791045 0.029850746268656716 0.5 62 0.7096774193548387 0.03225806451612903 0.6 55 0.7818181818181819 0.03636363636363636 0.7 43 0.8604651162790697 0.046511627906976744 0.9 2 1.0 0.0
59 0.1 101 0.49504950495049505 0.009900990099009901 0.4 69 0.6811594202898551 0.014492753623188406 0.5 62 0.7419354838709677 0.016129032258064516 0.6 55 0.7636363636363637 0.01818181818181818 0.7 48 0.8125 0.0 0.9 2 1.0 0.0
59 0.1 97 0.5360824742268041 0.0 0.4 68 0.6911764705882353 0.0 0.5 61 0.7213114754098361 0.0 0.6 54 0.7962962962962963 0.0 0.7 47 0.851063829787234 0.0 0.9 2 1.0 0.0
59 0.1 80 0.6 0.0125 0.4 59 0.7627118644067796 0.01694915254237288 0.5 54 0.7962962962962963 0.018518518518518517 0.6 44 0.8636363636363636 0.022727272727272728 0.7 39 0.8974358974358975 0.0 0.9 0 1 1
59 0.1 95 0.5368421052631579 0.031578947368421054 0.4 61 0.7377049180327869 0.04918032786885246 0.5 54 0.7777777777777778 0.05555555555555555 0.6 49 0.8163265306122449 0.061224489795918366 0.7 42 0.8571428571428571 0.07142857142857142 0.9 1 1.0 0.0
59 0.1 100 0.5 0.02 0.4 68 0.6764705882352942 0.029411764705882353 0.5 61 0.7213114754098361 0.03278688524590164 0.6 54 0.7777777777777778 0.037037037037037035 0.7 47 0.8297872340425532 0.0425531914893617 0.9 2 1.0 0.0
59 0.1 107 0.514018691588785 0.009345794392523364 0.4 82 0.6097560975609756 0.012195121951219513 0.5 75 0.64 0.013333333333333334 0.6 65 0.7076923076923077 0.015384615384615385 0.7 57 0.7719298245614035 0.017543859649122806 0.9 3 1.0 0.0
59 0.1 91 0.6043956043956044 0.03296703296703297 0.4 66 0.6818181818181818 0.045454545454545456 0.5 63 0.7142857142857143 0.047619047619047616 0.6 57 0.7543859649122807 0.05263157894736842 0.7 49 0.8367346938775511 0.061224489795918366 0.9 0 1 1
59 0.1 110 0.5 0.01818181818181818 0.4 78 0.6282051282051282 0.01282051282051282 0.5 65 0.7076923076923077 0.015384615384615385 0.6 60 0.7333333333333333 0.016666666666666666 0.7 54 0.7777777777777778 0.018518518518518517 0.9 3 1.0 0.0
59 0.1 92 0.532608695652174 0.021739130434782608 0.4 65 0.7230769230769231 0.015384615384615385 0.5 60 0.7333333333333333 0.016666666666666666 0.6 54 0.7777777777777778 0.018518518518518517 0.7 45 0.8666666666666667 0.022222222222222223 0.9 5 1.0 0.0
59 0.1 89 0.5842696629213483 0.0 0.4 66 0.696969696969697 0.0 0.5 64 0.71875 0.0 0.6 58 0.7586206896551724 0.0 0.7 48 0.8541666666666666 0.0 0.9 1 1.0 0.0
59 0.1 100 0.56 0.02 0.4 68 0.7058823529411765 0.029411764705882353 0.5 64 0.703125 0.03125 0.6 56 0.7678571428571429 0.03571428571428571 0.7 52 0.7884615384615384 0.038461538461538464 0.9 2 1.0 0.0
59 0.1 106 0.5094339622641509 0.02830188679245283 0.4 68 0.6911764705882353 0.029411764705882353 0.5 59 0.7627118644067796 0.03389830508474576 0.6 56 0.7857142857142857 0.03571428571428571 0.7 50 0.82 0.04 0.9 1 1.0 0.0
59 0.1 104 0.5 0.0 0.4 65 0.6923076923076923 0.0 0.5 61 0.7213114754098361 0.0 0.6 52 0.7307692307692307 0.0 0.7 46 0.8043478260869565 0.0 0.9 0 1 1
59 0.1 98 0.5510204081632653 0.01020408163265306 0.4 63 0.6984126984126984 0.015873015873015872 0.5 58 0.7413793103448276 0.017241379310344827 0.6 48 0.8125 0.020833333333333332 0.7 45 0.8444444444444444 0.022222222222222223 0.9 0 1 1
59 0.1 92 0.5760869565217391 0.021739130434782608 0.4 60 0.7 0.03333333333333333 0.5 52 0.7692307692307693 0.038461538461538464 0.6 48 0.7916666666666666 0.041666666666666664 0.7 44 0.8636363636363636 0.045454545454545456 0.9 0 1 1
59 0.1 106 0.5188679245283019 0.02830188679245283 0.4 67 0.7014925373134329 0.014925373134328358 0.5 63 0.7142857142857143 0.015873015873015872 0.6 51 0.8431372549019608 0.0196078431372549 0.7 48 0.8541666666666666 0.020833333333333332 0.9 1 1.0 0.0
59 0.1 96 0.5625 0.03125 0.4 68 0.7205882352941176 0.04411764705882353 0.5 60 0.7333333333333333 0.03333333333333333 0.6 53 0.7735849056603774 0.03773584905660377 0.7 46 0.8260869565217391 0.043478260869565216 0.9 1 1.0 0.0
59 0.1 104 0.5096153846153846 0.009615384615384616 0.4 74 0.6756756756756757 0.013513513513513514 0.5 69 0.7101449275362319 0.014492753623188406 0.6 58 0.7586206896551724 0.017241379310344827 0.7 52 0.7884615384615384 0.019230769230769232 0.9 3 1.0 0.0
59 0.1 99 0.5353535353535354 0.010101010101010102 0.4 76 0.6447368421052632 0.013157894736842105 0.5 68 0.6764705882352942 0.014705882352941176 0.6 58 0.7241379310344828 0.017241379310344827 0.7 53 0.7924528301886793 0.018867924528301886 0.9 2 1.0 0.0
59 0.1 96 0.5416666666666666 0.010416666666666666 0.4 67 0.6716417910447762 0.014925373134328358 0.5 63 0.6984126984126984 0.015873015873015872 0.6 52 0.7884615384615384 0.019230769230769232 0.7 48 0.8125 0.020833333333333332 0.9 1 1.0 0.0
59 0.1 106 0.5 0.0 0.4 74 0.6756756756756757 0.0 0.5 61 0.7377049180327869 0.0 0.6 54 0.7962962962962963 0.0 0.7 48 0.8125 0.0 0.9 0 1 1
59 0.1 103 0.5242718446601942 0.009708737864077669 0.4 77 0.6623376623376623 0.012987012987012988 0.5 66 0.7424242424242424 0.015151515151515152 0.6 59 0.7627118644067796 0.0 0.7 54 0.7962962962962963 0.0 0.9 4 1.0 0.0
59 0.1 82 0.5975609756097561 0.012195121951219513 0.4 58 0.7586206896551724 0.017241379310344827 0.5 54 0.7777777777777778 0.018518518518518517 0.6 50 0.8 0.02 0.7 42 0.9285714285714286 0.023809523809523808 0.9 2 1.0 0.0
59 0.1 88 0.5795454545454546 0.022727272727272728 0.4 54 0.7962962962962963 0.037037037037037035 0.5 49 0.8163265306122449 0.04081632653061224 0.6 45 0.8666666666666667 0.044444444444444446 0.7 37 0.9459459459459459 0.02702702702702703 0.9 0 1 1
59 0.1 107 0.4766355140186916 0.018691588785046728 0.4 57 0.7894736842105263 0.03508771929824561 0.5 53 0.8113207547169812 0.03773584905660377 0.6 48 0.7916666666666666 0.041666666666666664 0.7 37 0.8918918918918919 0.05405405405405406 0.9 1 1.0 0.0
59 0.1 100 0.52 0.01 0.4 64 0.6875 0.015625 0.5 56 0.75 0.017857142857142856 0.6 53 0.7735849056603774 0.018867924528301886 0.7 44 0.8409090909090909 0.022727272727272728 0.9 1 1.0 0.0
59 0.1 97 0.5360824742268041 0.020618556701030927 0.4 61 0.7213114754098361 0.03278688524590164 0.5 55 0.7818181818181819 0.03636363636363636 0.6 50 0.84 0.04 0.7 45 0.8666666666666667 0.044444444444444446 0.9 0 1 1
59 0.1 99 0.5454545454545454 0.030303030303030304 0.4 74 0.6756756756756757 0.04054054054054054 0.5 67 0.7164179104477612 0.04477611940298507 0.6 60 0.75 0.03333333333333333 0.7 52 0.8076923076923077 0.038461538461538464 0.9 1 1.0 0.0
59 0.1 84 0.6190476190476191 0.011904761904761904 0.4 66 0.6818181818181818 0.015151515151515152 0.5 59 0.7457627118644068 0.01694915254237288 0.6 55 0.7636363636363637 0.01818181818181818 0.7 48 0.8333333333333334 0.020833333333333332 0.9 1 1.0 0.0
59 0.1 80 0.625 0.0 0.4 63 0.7301587301587301 0.0 0.5 57 0.7543859649122807 0.0 0.6 47 0.7872340425531915 0.0 0.7 42 0.8333333333333334 0.0 0.9 1 1.0 0.0
59 0.1 102 0.5392156862745098 0.0 0.4 68 0.6617647058823529 0.0 0.5 62 0.7258064516129032 0.0 0.6 53 0.7735849056603774 0.0 0.7 46 0.8043478260869565 0.0 0.9 0 1 1
59 0.1 85 0.6 0.0 0.4 59 0.7288135593220338 0.0 0.5 55 0.7454545454545455 0.0 0.6 49 0.7755102040816326 0.0 0.7 41 0.9024390243902439 0.0 0.9 0 1 1
59 0.1 99 0.5454545454545454 0.010101010101010102 0.4 65 0.6923076923076923 0.015384615384615385 0.5 59 0.7457627118644068 0.01694915254237288 0.6 52 0.8076923076923077 0.019230769230769232 0.7 48 0.8333333333333334 0.020833333333333332 0.9 2 1.0 0.0
59 0.1 90 0.6 0.011111111111111112 0.4 68 0.6911764705882353 0.014705882352941176 0.5 64 0.703125 0.015625 0.6 58 0.7586206896551724 0.017241379310344827 0.7 52 0.8269230769230769 0.019230769230769232 0.9 3 1.0 0.0
59 0.1 82 0.5853658536585366 0.012195121951219513 0.4 60 0.7166666666666667 0.016666666666666666 0.5 55 0.7818181818181819 0.01818181818181818 0.6 50 0.84 0.02 0.7 45 0.8666666666666667 0.022222222222222223 0.9 2 1.0 0.0
59 0.1 74 0.6081081081081081 0.02702702702702703 0.4 56 0.7321428571428571 0.03571428571428571 0.5 52 0.7692307692307693 0.038461538461538464 0.6 43 0.9069767441860465 0.046511627906976744 0.7 35 0.9142857142857143 0.05714285714285714 0.9 0 1 1
59 0.1 109 0.4954128440366973 0.01834862385321101 0.4 75 0.64 0.02666666666666667 0.5 67 0.6865671641791045 0.029850746268656716 0.6 62 0.7096774193548387 0.03225806451612903 0.7 54 0.7962962962962963 0.037037037037037035 0.9 2 1.0 0.0
59 0.1 102 0.5294117647058824 0.029411764705882353 0.4 75 0.68 0.04 0.5 68 0.7058823529411765 0.04411764705882353 0.6 59 0.7288135593220338 0.05084745762711865 0.7 53 0.7924528301886793 0.05660377358490566 0.9 2 1.0 0.0
59 0.1 105 0.5142857142857142 0.02857142857142857 0.4 75 0.64 0.04 0.5 71 0.676056338028169 0.04225352112676056 0.6 64 0.703125 0.046875 0.7 53 0.7924528301886793 0.05660377358490566 0.9 2 1.0 0.0
59 0.1 92 0.5652173913043478 0.010869565217391304 0.4 64 0.71875 0.015625 0.5 61 0.7540983606557377 0.01639344262295082 0.6 55 0.8181818181818182 0.01818181818181818 0.7 42 0.8809523809523809 0.023809523809523808 0.9 1 1.0 0.0
59 0.1 93 0.5591397849462365 0.021505376344086023 0.4 71 0.6619718309859155 0.028169014084507043 0.5 62 0.7096774193548387 0.03225806451612903 0.6 58 0.7586206896551724 0.034482758620689655 0.7 50 0.82 0.04 0.9 2 1.0 0.0
59 0.1 100 0.53 0.0 0.4 70 0.6714285714285714 0.0 0.5 66 0.7121212121212122 0.0 0.6 60 0.75 0.0 0.7 54 0.7962962962962963 0.0 0.9 3 1.0 0.0
59 0.1 105 0.49523809523809526 0.0 0.4 65 0.6923076923076923 0.0 0.5 58 0.7758620689655172 0.0 0.6 52 0.8076923076923077 0.0 0.7 48 0.8541666666666666 0.0 0.9 0 1 1
59 0.1 99 0.5252525252525253 0.020202020202020204 0.4 71 0.676056338028169 0.028169014084507043 0.5 65 0.7384615384615385 0.03076923076923077 0.6 56 0.8035714285714286 0.03571428571428571 0.7 49 0.8367346938775511 0.04081632653061224 0.9 1 1.0 0.0
59 0.1 94 0.5531914893617021 0.031914893617021274 0.4 74 0.6621621621621622 0.04054054054054054 0.5 63 0.746031746031746 0.047619047619047616 0.6 55 0.8 0.05454545454545454 0.7 51 0.8235294117647058 0.058823529411764705 0.9 1 1.0 0.0
59 0.1 101 0.5148514851485149 0.019801980198019802 0.4 64 0.734375 0.03125 0.5 61 0.7704918032786885 0.03278688524590164 0.6 57 0.8070175438596491 0.03508771929824561 0.7 48 0.875 0.041666666666666664 0.9 2 1.0 0.0
59 0.1 102 0.5098039215686274 0.0196078431372549 0.4 80 0.625 0.025 0.5 72 0.6805555555555556 0.027777777777777776 0.6 61 0.7868852459016393 0.03278688524590164 0.7 57 0.8070175438596491 0.03508771929824561 0.9 2 1.0 0.5
59 0.1 88 0.5681818181818182 0.022727272727272728 0.4 57 0.7543859649122807 0.03508771929824561 0.5 53 0.7735849056603774 0.03773584905660377 0.6 47 0.8297872340425532 0.0425531914893617 0.7 40 0.925 0.05 0.9 1 1.0 0.0
59 0.1 101 0.5247524752475248 0.019801980198019802 0.4 78 0.6410256410256411 0.01282051282051282 0.5 69 0.6956521739130435 0.014492753623188406 0.6 63 0.7301587301587301 0.015873015873015872 0.7 59 0.7627118644067796 0.01694915254237288 0.9 2 1.0 0.0
59 0.1 78 0.6153846153846154 0.0 0.4 61 0.6885245901639344 0.0 0.5 54 0.7407407407407407 0.0 0.6 48 0.8333333333333334 0.0 0.7 44 0.9090909090909091 0.0 0.9 1 1.0 0.0
59 0.1 98 0.5306122448979592 0.01020408163265306 0.4 71 0.6619718309859155 0.014084507042253521 0.5 67 0.6865671641791045 0.014925373134328358 0.6 64 0.71875 0.015625 0.7 54 0.8333333333333334 0.018518518518518517 0.9 1 1.0 0.0
59 0.1 102 0.5294117647058824 0.0 0.4 72 0.6666666666666666 0.0 0.5 67 0.6865671641791045 0.0 0.6 59 0.7288135593220338 0.0 0.7 51 0.803921568627451 0.0 0.9 2 1.0 0.0
59 0.1 97 0.5154639175257731 0.020618556701030927 0.4 68 0.6764705882352942 0.029411764705882353 0.5 63 0.6984126984126984 0.031746031746031744 0.6 58 0.7413793103448276 0.034482758620689655 0.7 54 0.7777777777777778 0.037037037037037035 0.9 3 1.0 0.0
59 0.1 102 0.5294117647058824 0.00980392156862745 0.4 72 0.6944444444444444 0.013888888888888888 0.5 68 0.7058823529411765 0.014705882352941176 0.6 63 0.746031746031746 0.015873015873015872 0.7 59 0.7796610169491526 0.01694915254237288 0.9 2 1.0 0.0
59 0.1 97 0.5360824742268041 0.010309278350515464 0.4 69 0.6811594202898551 0.014492753623188406 0.5 65 0.6923076923076923 0.015384615384615385 0.6 57 0.7719298245614035 0.017543859649122806 0.7 55 0.7818181818181819 0.01818181818181818 0.9 3 1.0 0.0
59 0.1 97 0.5360824742268041 0.020618556701030927 0.4 68 0.6911764705882353 0.029411764705882353 0.5 67 0.7014925373134329 0.029850746268656716 0.6 63 0.7301587301587301 0.031746031746031744 0.7 54 0.8333333333333334 0.037037037037037035 0.9 1 1.0 0.0
59 0.1 101 0.5247524752475248 0.0297029702970297 0.4 73 0.6712328767123288 0.0410958904109589 0.5 67 0.7164179104477612 0.04477611940298507 0.6 63 0.746031746031746 0.047619047619047616 0.7 62 0.7580645161290323 0.04838709677419355 0.9 2 1.0 0.0
59 0.1 96 0.53125 0.020833333333333332 0.4 69 0.6956521739130435 0.028985507246376812 0.5 64 0.734375 0.03125 0.6 55 0.7818181818181819 0.03636363636363636 0.7 49 0.8367346938775511 0.04081632653061224 0.9 1 1.0 0.0
59 0.1 97 0.5360824742268041 0.020618556701030927 0.4 67 0.6716417910447762 0.014925373134328358 0.5 64 0.6875 0.015625 0.6 55 0.7636363636363637 0.01818181818181818 0.7 50 0.8 0.02 0.9 1 1.0 0.0
59 0.1 90 0.5333333333333333 0.011111111111111112 0.4 59 0.7288135593220338 0.01694915254237288 0.5 53 0.7735849056603774 0.018867924528301886 0.6 46 0.8695652173913043 0.021739130434782608 0.7 41 0.926829268292683 0.024390243902439025 0.9 2 1.0 0.0
59 0.1 81 0.6049382716049383 0.024691358024691357 0.4 55 0.7454545454545455 0.03636363636363636 0.5 50 0.8 0.04 0.6 42 0.8809523809523809 0.047619047619047616 0.7 35 0.9428571428571428 0.05714285714285714 0.9 0 1 1
59 0.1 94 0.5531914893617021 0.010638297872340425 0.4 76 0.6578947368421053 0.013157894736842105 0.5 68 0.6617647058823529 0.014705882352941176 0.6 60 0.7333333333333333 0.016666666666666666 0.7 54 0.7777777777777778 0.018518518518518517 0.9 2 1.0 0.0
59 0.1 94 0.5531914893617021 0.010638297872340425 0.4 57 0.7719298245614035 0.017543859649122806 0.5 52 0.7884615384615384 0.019230769230769232 0.6 45 0.8222222222222222 0.022222222222222223 0.7 36 0.9444444444444444 0.027777777777777776 0.9 1 1.0 0.0
59 0.1 101 0.4752475247524752 0.019801980198019802 0.4 54 0.7592592592592593 0.037037037037037035 0.5 51 0.803921568627451 0.0392156862745098 0.6 46 0.8913043478260869 0.043478260869565216 0.7 38 0.9210526315789473 0.02631578947368421 0.9 1 1.0 0.0
59 0.1 83 0.6024096385542169 0.024096385542168676 0.4 61 0.7377049180327869 0.03278688524590164 0.5 57 0.7543859649122807 0.03508771929824561 0.6 47 0.8297872340425532 0.0425531914893617 0.7 39 0.9230769230769231 0.05128205128205128 0.9 1 1.0 0.0
59 0.1 81 0.5925925925925926 0.0 0.4 58 0.7241379310344828 0.0 0.5 50 0.82 0.0 0.6 41 0.9024390243902439 0.0 0.7 36 0.9444444444444444 0.0 0.9 0 1 1
59 0.1 86 0.5581395348837209 0.023255813953488372 0.4 56 0.7678571428571429 0.03571428571428571 0.5 52 0.8076923076923077 0.038461538461538464 0.6 45 0.8222222222222222 0.022222222222222223 0.7 36 0.9166666666666666 0.027777777777777776 0.9 0 1 1
59 0.1 92 0.5434782608695652 0.03260869565217391 0.4 69 0.6811594202898551 0.028985507246376812 0.5 62 0.7580645161290323 0.03225806451612903 0.6 56 0.7678571428571429 0.03571428571428571 0.7 50 0.84 0.04 0.9 1 1.0 0.0
59 0.1 89 0.550561797752809 0.033707865168539325 0.4 60 0.7666666666666667 0.05 0.5 53 0.7924528301886793 0.05660377358490566 0.6 47 0.851063829787234 0.06382978723404255 0.7 39 0.8974358974358975 0.05128205128205128 0.9 1 1.0 0.0
59 0.1 97 0.5463917525773195 0.020618556701030927 0.4 74 0.6351351351351351 0.02702702702702703 0.5 66 0.696969696969697 0.030303030303030304 0.6 61 0.7540983606557377 0.03278688524590164 0.7 49 0.7959183673469388 0.04081632653061224 0.9 4 1.0 0.0
59 0.1 104 0.4807692307692308 0.019230769230769232 0.4 71 0.6619718309859155 0.014084507042253521 0.5 66 0.696969696969697 0.015151515151515152 0.6 59 0.7288135593220338 0.01694915254237288 0.7 55 0.7818181818181819 0.01818181818181818 0.9 2 1.0 0.0
59 0.1 91 0.5494505494505495 0.04395604395604396 0.4 69 0.6666666666666666 0.057971014492753624 0.5 65 0.7076923076923077 0.06153846153846154 0.6 55 0.8 0.07272727272727272 0.7 46 0.9130434782608695 0.08695652173913043 0.9 2 1.0 0.0
59 0.1 94 0.5319148936170213 0.02127659574468085 0.4 65 0.7230769230769231 0.03076923076923077 0.5 63 0.746031746031746 0.031746031746031744 0.6 57 0.7719298245614035 0.03508771929824561 0.7 48 0.8541666666666666 0.041666666666666664 0.9 1 1.0 0.0
59 0.1 101 0.5148514851485149 0.04950495049504951 0.4 73 0.6575342465753424 0.0410958904109589 0.5 64 0.734375 0.046875 0.6 63 0.746031746031746 0.047619047619047616 0.7 55 0.8363636363636363 0.05454545454545454 0.9 2 1.0 0.0
59 0.1 100 0.52 0.04 0.4 73 0.6575342465753424 0.0410958904109589 0.5 67 0.7164179104477612 0.04477611940298507 0.6 63 0.746031746031746 0.047619047619047616 0.7 56 0.8392857142857143 0.05357142857142857 0.9 2 1.0 0.0
59 0.1 96 0.5520833333333334 0.03125 0.4 72 0.6944444444444444 0.041666666666666664 0.5 68 0.7205882352941176 0.04411764705882353 0.6 63 0.7619047619047619 0.047619047619047616 0.7 56 0.8214285714285714 0.05357142857142857 0.9 5 1.0 0.0
59 0.1 94 0.5638297872340425 0.02127659574468085 0.4 75 0.6666666666666666 0.02666666666666667 0.5 69 0.7101449275362319 0.028985507246376812 0.6 59 0.7627118644067796 0.03389830508474576 0.7 52 0.8076923076923077 0.038461538461538464 0.9 4 1.0 0.0
59 0.1 104 0.5096153846153846 0.028846153846153848 0.4 72 0.6666666666666666 0.041666666666666664 0.5 67 0.7014925373134329 0.04477611940298507 0.6 61 0.7540983606557377 0.04918032786885246 0.7 54 0.8148148148148148 0.05555555555555555 0.9 4 1.0 0.0
59 0.1 88 0.5795454545454546 0.03409090909090909 0.4 62 0.7580645161290323 0.04838709677419355 0.5 59 0.7966101694915254 0.05084745762711865 0.6 52 0.8076923076923077 0.057692307692307696 0.7 40 0.875 0.075 0.9 2 1.0 0.0
59 0.1 99 0.5353535353535354 0.04040404040404041 0.4 72 0.6666666666666666 0.05555555555555555 0.5 65 0.7076923076923077 0.06153846153846154 0.6 60 0.7333333333333333 0.06666666666666667 0.7 53 0.7735849056603774 0.07547169811320754 0.9 1 1.0 0.0
59 0.1 93 0.5376344086021505 0.043010752688172046 0.4 65 0.6615384615384615 0.06153846153846154 0.5 63 0.6825396825396826 0.06349206349206349 0.6 56 0.75 0.07142857142857142 0.7 53 0.7924528301886793 0.07547169811320754 0.9 2 1.0 0.0
59 0.1 91 0.5274725274725275 0.054945054945054944 0.4 67 0.6716417910447762 0.07462686567164178 0.5 60 0.7333333333333333 0.08333333333333333 0.6 58 0.7586206896551724 0.08620689655172414 0.7 48 0.8333333333333334 0.10416666666666667 0.9 1 1.0 0.0
59 0.1 100 0.52 0.04 0.4 77 0.6103896103896104 0.05194805194805195 0.5 72 0.6388888888888888 0.05555555555555555 0.6 67 0.6865671641791045 0.05970149253731343 0.7 57 0.7543859649122807 0.07017543859649122 0.9 5 1.0 0.0
59 0.1 85 0.5882352941176471 0.023529411764705882 0.4 59 0.7288135593220338 0.03389830508474576 0.5 57 0.7543859649122807 0.03508771929824561 0.6 53 0.7924528301886793 0.03773584905660377 0.7 45 0.8666666666666667 0.044444444444444446 0.9 2 1.0 0.0
59 0.1 84 0.5952380952380952 0.03571428571428571 0.4 64 0.703125 0.046875 0.5 62 0.7258064516129032 0.04838709677419355 0.6 56 0.75 0.05357142857142857 0.7 47 0.851063829787234 0.06382978723404255 0.9 3 1.0 0.0
59 0.1 86 0.5813953488372093 0.03488372093023256 0.4 64 0.71875 0.046875 0.5 61 0.7540983606557377 0.04918032786885246 0.6 60 0.7666666666666667 0.05 0.7 50 0.82 0.06 0.9 3 1.0 0.0
59 0.1 90 0.5777777777777777 0.03333333333333333 0.4 68 0.6764705882352942 0.04411764705882353 0.5 64 0.703125 0.046875 0.6 60 0.7333333333333333 0.05 0.7 53 0.7924528301886793 0.05660377358490566 0.9 5 1.0 0.2
59 0.1 95 0.5684210526315789 0.031578947368421054 0.4 68 0.6764705882352942 0.04411764705882353 0.5 66 0.696969696969697 0.045454545454545456 0.6 60 0.75 0.05 0.7 54 0.7962962962962963 0.05555555555555555 0.9 6 1.0 0.0
59 0.1 100 0.54 0.04 0.4 74 0.6621621621621622 0.05405405405405406 0.5 71 0.676056338028169 0.056338028169014086 0.6 63 0.7301587301587301 0.06349206349206349 0.7 54 0.8333333333333334 0.07407407407407407 0.9 3 1.0 0.0
59 0.1 86 0.5930232558139535 0.023255813953488372 0.4 66 0.7272727272727273 0.030303030303030304 0.5 63 0.746031746031746 0.031746031746031744 0.6 59 0.7966101694915254 0.03389830508474576 0.7 57 0.8070175438596491 0.03508771929824561 0.9 6 1.0 0.0
59 0.1 101 0.504950495049505 0.039603960396039604 0.4 66 0.6818181818181818 0.045454545454545456 0.5 64 0.703125 0.046875 0.6 63 0.7142857142857143 0.047619047619047616 0.7 56 0.7678571428571429 0.05357142857142857 0.9 3 1.0 0.0
59 0.1 99 0.5454545454545454 0.030303030303030304 0.4 73 0.6712328767123288 0.0410958904109589 0.5 68 0.6911764705882353 0.04411764705882353 0.6 65 0.6923076923076923 0.046153846153846156 0.7 61 0.7377049180327869 0.04918032786885246 0.9 5 1.0 0.2
59 0.1 90 0.5555555555555556 0.05555555555555555 0.4 67 0.6865671641791045 0.07462686567164178 0.5 61 0.7377049180327869 0.08196721311475409 0.6 58 0.7758620689655172 0.08620689655172414 0.7 52 0.8461538461538461 0.09615384615384616 0.9 5 1.0 0.0
59 0.1 103 0.5048543689320388 0.02912621359223301 0.4 76 0.6447368421052632 0.039473684210526314 0.5 69 0.6956521739130435 0.043478260869565216 0.6 66 0.7121212121212122 0.045454545454545456 0.7 59 0.7627118644067796 0.05084745762711865 0.9 2 1.0 0.0
59 0.1 100 0.52 0.03 0.4 71 0.6901408450704225 0.04225352112676056 0.5 68 0.7205882352941176 0.04411764705882353 0.6 66 0.7272727272727273 0.045454545454545456 0.7 61 0.7540983606557377 0.04918032786885246 0.9 2 1.0 0.0
59 0.1 81 0.5679012345679012 0.04938271604938271 0.4 57 0.7543859649122807 0.07017543859649122 0.5 54 0.7777777777777778 0.07407407407407407 0.6 50 0.84 0.08 0.7 44 0.8863636363636364 0.09090909090909091 0.9 1 1.0 0.0
59 0.1 83 0.5783132530120482 0.060240963855421686 0.4 63 0.7142857142857143 0.07936507936507936 0.5 60 0.75 0.08333333333333333 0.6 55 0.8181818181818182 0.09090909090909091 0.7 48 0.875 0.10416666666666667 0.9 2 1.0 0.0
59 0.1 89 0.550561797752809 0.033707865168539325 0.4 63 0.7142857142857143 0.047619047619047616 0.5 59 0.7627118644067796 0.05084745762711865 0.6 57 0.7719298245614035 0.05263157894736842 0.7 49 0.8367346938775511 0.061224489795918366 0.9 2 1.0 0.5
59 0.1 90 0.5555555555555556 0.022222222222222223 0.4 70 0.6714285714285714 0.02857142857142857 0.5 67 0.6865671641791045 0.029850746268656716 0.6 60 0.75 0.03333333333333333 0.7 55 0.8 0.03636363636363636 0.9 3 1.0 0.3333333333333333
59 0.1 94 0.5531914893617021 0.031914893617021274 0.4 75 0.6533333333333333 0.04 0.5 64 0.703125 0.046875 0.6 63 0.7142857142857143 0.047619047619047616 0.7 53 0.8113207547169812 0.05660377358490566 0.9 3 1.0 0.3333333333333333
59 0.1 90 0.5777777777777777 0.044444444444444446 0.4 65 0.6923076923076923 0.06153846153846154 0.5 63 0.7142857142857143 0.06349206349206349 0.6 59 0.7627118644067796 0.06779661016949153 0.7 53 0.8113207547169812 0.07547169811320754 0.9 2 1.0 0.5
59 0.1 95 0.5578947368421052 0.031578947368421054 0.4 65 0.7076923076923077 0.046153846153846156 0.5 60 0.7333333333333333 0.05 0.6 58 0.7413793103448276 0.05172413793103448 0.7 53 0.7924528301886793 0.05660377358490566 0.9 1 1.0 0.0
59 0.1 93 0.5483870967741935 0.010752688172043012 0.4 67 0.7164179104477612 0.014925373134328358 0.5 62 0.7419354838709677 0.016129032258064516 0.6 59 0.7627118644067796 0.01694915254237288 0.7 53 0.8113207547169812 0.018867924528301886 0.9 1 1.0 0.0
59 0.1 90 0.5666666666666667 0.011111111111111112 0.4 71 0.676056338028169 0.014084507042253521 0.5 62 0.7096774193548387 0.016129032258064516 0.6 60 0.7333333333333333 0.016666666666666666 0.7 52 0.8269230769230769 0.019230769230769232 0.9 4 1.0 0.0
59 0.1 87 0.5747126436781609 0.022988505747126436 0.4 64 0.703125 0.03125 0.5 60 0.7333333333333333 0.03333333333333333 0.6 59 0.7457627118644068 0.03389830508474576 0.7 52 0.8076923076923077 0.038461538461538464 0.9 1 1.0 0.0
59 0.1 103 0.5242718446601942 0.009708737864077669 0.4 68 0.6764705882352942 0.014705882352941176 0.5 63 0.7301587301587301 0.015873015873015872 0.6 62 0.7258064516129032 0.016129032258064516 0.7 58 0.7586206896551724 0.017241379310344827 0.9 3 1.0 0.0
59 0.1 98 0.5510204081632653 0.030612244897959183 0.4 73 0.6712328767123288 0.0410958904109589 0.5 68 0.7205882352941176 0.04411764705882353 0.6 63 0.746031746031746 0.047619047619047616 0.7 56 0.7857142857142857 0.05357142857142857 0.9 3 1.0 0.0
59 0.1 92 0.5543478260869565 0.043478260869565216 0.4 74 0.6621621621621622 0.05405405405405406 0.5 63 0.746031746031746 0.06349206349206349 0.6 62 0.7419354838709677 0.06451612903225806 0.7 56 0.7857142857142857 0.07142857142857142 0.9 4 1.0 0.25
59 0.1 94 0.5425531914893617 0.010638297872340425 0.4 72 0.6805555555555556 0.013888888888888888 0.5 65 0.7076923076923077 0.015384615384615385 0.6 62 0.7096774193548387 0.016129032258064516 0.7 57 0.7719298245614035 0.017543859649122806 0.9 5 1.0 0.0
59 0.1 93 0.5483870967741935 0.021505376344086023 0.4 68 0.7205882352941176 0.029411764705882353 0.5 62 0.7580645161290323 0.03225806451612903 0.6 59 0.7796610169491526 0.03389830508474576 0.7 55 0.8 0.03636363636363636 0.9 1 1.0 0.0
59 0.1 100 0.51 0.03 0.4 69 0.6956521739130435 0.043478260869565216 0.5 66 0.7272727272727273 0.045454545454545456 0.6 59 0.7796610169491526 0.05084745762711865 0.7 54 0.7962962962962963 0.05555555555555555 0.9 1 1.0 0.0
59 0.1 106 0.5094339622641509 0.009433962264150943 0.4 73 0.6712328767123288 0.0136986301369863 0.5 66 0.7272727272727273 0.015151515151515152 0.6 62 0.7580645161290323 0.016129032258064516 0.7 58 0.7931034482758621 0.017241379310344827 0.9 1 1.0 0.0
59 0.1 99 0.5353535353535354 0.030303030303030304 0.4 68 0.6911764705882353 0.04411764705882353 0.5 61 0.7540983606557377 0.04918032786885246 0.6 60 0.7666666666666667 0.05 0.7 55 0.8363636363636363 0.05454545454545454 0.9 2 1.0 0.0
59 0.1 93 0.5591397849462365 0.010752688172043012 0.4 70 0.6857142857142857 0.014285714285714285 0.5 65 0.7384615384615385 0.015384615384615385 0.6 62 0.7419354838709677 0.016129032258064516 0.7 57 0.7894736842105263 0.017543859649122806 0.9 4 1.0 0.25
59 0.1 95 0.5473684210526316 0.031578947368421054 0.4 75 0.6533333333333333 0.04 0.5 67 0.7014925373134329 0.04477611940298507 0.6 61 0.7540983606557377 0.04918032786885246 0.7 57 0.7894736842105263 0.05263157894736842 0.9 4 1.0 0.25
59 0.1 96 0.5416666666666666 0.020833333333333332 0.4 77 0.6363636363636364 0.025974025974025976 0.5 69 0.6956521739130435 0.028985507246376812 0.6 63 0.7619047619047619 0.031746031746031744 0.7 59 0.7966101694915254 0.03389830508474576 0.9 4 1.0 0.0
59 0.1 92 0.5760869565217391 0.043478260869565216 0.4 73 0.6712328767123288 0.0547945205479452 0.5 66 0.696969696969697 0.06060606060606061 0.6 60 0.7666666666666667 0.06666666666666667 0.7 56 0.7857142857142857 0.07142857142857142 0.9 6 1.0 0.16666666666666666
59 0.1 101 0.5445544554455446 0.0297029702970297 0.4 77 0.6623376623376623 0.03896103896103896 0.5 70 0.7 0.04285714285714286 0.6 67 0.7313432835820896 0.04477611940298507 0.7 60 0.7666666666666667 0.05 0.9 6 1.0 0.16666666666666666
59 0.1 96 0.53125 0.03125 0.4 71 0.676056338028169 0.04225352112676056 0.5 71 0.676056338028169 0.04225352112676056 0.6 65 0.7076923076923077 0.046153846153846156 0.7 58 0.7586206896551724 0.05172413793103448 0.9 4 1.0 0.0
59 0.1 92 0.5543478260869565 0.021739130434782608 0.4 75 0.64 0.02666666666666667 0.5 70 0.6714285714285714 0.02857142857142857 0.6 64 0.71875 0.03125 0.7 58 0.7758620689655172 0.034482758620689655 0.9 6 1.0 0.16666666666666666
59 0.1 82 0.5853658536585366 0.04878048780487805 0.4 64 0.71875 0.0625 0.5 59 0.7288135593220338 0.06779661016949153 0.6 54 0.7592592592592593 0.07407407407407407 0.7 51 0.7843137254901961 0.0784313725490196 0.9 3 1.0 0.3333333333333333
59 0.1 90 0.5555555555555556 0.022222222222222223 0.4 67 0.6865671641791045 0.029850746268656716 0.5 64 0.703125 0.03125 0.6 59 0.7457627118644068 0.03389830508474576 0.7 53 0.7924528301886793 0.03773584905660377 0.9 3 1.0 0.3333333333333333
59 0.1 100 0.52 0.03 0.4 73 0.6712328767123288 0.0410958904109589 0.5 63 0.7301587301587301 0.047619047619047616 0.6 60 0.75 0.05 0.7 55 0.7818181818181819 0.05454545454545454 0.9 3 1.0 0.3333333333333333
59 0.1 88 0.6022727272727273 0.03409090909090909 0.4 72 0.6666666666666666 0.041666666666666664 0.5 65 0.7230769230769231 0.046153846153846156 0.6 60 0.7666666666666667 0.05 0.7 55 0.8181818181818182 0.05454545454545454 0.9 3 1.0 0.0
59 0.1 84 0.6071428571428571 0.047619047619047616 0.4 68 0.6911764705882353 0.058823529411764705 0.5 63 0.7301587301587301 0.06349206349206349 0.6 58 0.7758620689655172 0.06896551724137931 0.7 54 0.8148148148148148 0.07407407407407407 0.9 3 1.0 0.0
