27 0.1 0 1 1 0.4 0 1 1 0.5 0 1 1 0.6 0 1 1 0.7 0 1 1 0.9 0 1 1
27 0.1 0 1 1 0.4 0 1 1 0.5 0 1 1 0.6 0 1 1 0.7 0 1 1 0.9 0 1 1
27 0.1 0 1 1 0.4 0 1 1 0.5 0 1 1 0.6 0 1 1 0.7 0 1 1 0.9 0 1 1
27 0.1 1 0.0 0.0 0.4 0 1 1 0.5 0 1 1 0.6 0 1 1 0.7 0 1 1 0.9 0 1 1
27 0.1 13 0.07692307692307693 0.0 0.4 0 1 1 0.5 0 1 1 0.6 0 1 1 0.7 0 1 1 0.9 0 1 1
27 0.1 128 0.0859375 0.0 0.4 9 0.1111111111111111 0.0 0.5 3 0.0 0.0 0.6 3 0.0 0.0 0.7 1 0.0 0.0 0.9 0 1 1
27 0.1 107 0.102803738317757 0.0 0.4 1 0.0 0.0 0.5 0 1 1 0.6 0 1 1 0.7 0 1 1 0.9 0 1 1
27 0.1 119 0.08403361344537816 0.0 0.4 7 0.14285714285714285 0.0 0.5 3 0.0 0.0 0.6 1 0.0 0.0 0.7 1 0.0 0.0 0.9 0 1 1
27 0.1 321 0.08099688473520249 0.0 0.4 51 0.23529411764705882 0.0 0.5 25 0.4 0.0 0.6 5 0.8 0.0 0.7 2 0.5 0.0 0.9 0 1 1
27 0.1 335 0.07761194029850746 0.0 0.4 77 0.22077922077922077 0.0 0.5 42 0.30952380952380953 0.0 0.6 13 0.46153846153846156 0.0 0.7 1 0.0 0.0 0.9 0 1 1
27 0.1 379 0.0633245382585752 0.0 0.4 100 0.23 0.0 0.5 53 0.32075471698113206 0.0 0.6 29 0.3793103448275862 0.0 0.7 5 1.0 0.0 0.9 0 1 1
27 0.1 211 0.11848341232227488 0.0 0.4 63 0.3492063492063492 0.0 0.5 37 0.43243243243243246 0.0 0.6 16 0.4375 0.0 0.7 3 0.3333333333333333 0.0 0.9 0 1 1
27 0.1 274 0.09854014598540146 0.0 0.4 57 0.3508771929824561 0.0 0.5 28 0.5 0.0 0.6 8 0.75 0.0 0.7 2 1.0 0.0 0.9 0 1 1
27 0.1 274 0.09854014598540146 0.0 0.4 72 0.2916666666666667 0.0 0.5 35 0.4857142857142857 0.0 0.6 17 0.6470588235294118 0.0 0.7 4 0.5 0.0 0.9 0 1 1
27 0.1 154 0.16233766233766234 0.0 0.4 12 0.5 0.0 0.5 4 1.0 0.0 0.6 0 1 1 0.7 0 1 1 0.9 0 1 1
27 0.1 127 0.1968503937007874 0.0 0.4 32 0.59375 0.0 0.5 12 0.75 0.0 0.6 1 1.0 0.0 0.7 0 1 1 0.9 0 1 1
27 0.1 165 0.16363636363636364 0.0 0.4 62 0.3709677419354839 0.0 0.5 37 0.4864864864864865 0.0 0.6 21 0.6666666666666666 0.0 0.7 8 0.625 0.0 0.9 0 1 1
27 0.1 205 0.12195121951219512 0.0 0.4 58 0.3793103448275862 0.0 0.5 46 0.45652173913043476 0.0 0.6 30 0.6 0.0 0.7 18 0.5555555555555556 0.0 0.9 0 1 1
27 0.1 173 0.14450867052023122 0.0 0.4 51 0.4117647058823529 0.0 0.5 34 0.5294117647058824 0.0 0.6 21 0.6666666666666666 0.0 0.7 9 0.7777777777777778 0.0 0.9 0 1 1
27 0.1 163 0.15950920245398773 0.0 0.4 73 0.3013698630136986 0.0 0.5 57 0.3684210526315789 0.0 0.6 42 0.4523809523809524 0.0 0.7 21 0.42857142857142855 0.0 0.9 0 1 1
27 0.1 83 0.2891566265060241 0.0 0.4 20 0.45 0.0 0.5 6 0.3333333333333333 0.0 0.6 3 0.3333333333333333 0.0 0.7 0 1 1 0.9 0 1 1
27 0.1 146 0.1780821917808219 0.0 0.4 45 0.4666666666666667 0.0 0.5 22 0.6363636363636364 0.0 0.6 9 1.0 0.0 0.7 1 1.0 0.0 0.9 0 1 1
27 0.1 272 0.09926470588235294 0.0 0.4 137 0.1897810218978102 0.0 0.5 99 0.26262626262626265 0.0 0.6 73 0.3287671232876712 0.0 0.7 64 0.359375 0.0 0.9 1 0.0 0.0
27 0.1 163 0.15950920245398773 0.0 0.4 68 0.3235294117647059 0.0 0.5 54 0.4074074074074074 0.0 0.6 42 0.42857142857142855 0.0 0.7 25 0.72 0.0 0.9 0 1 1
27 0.1 91 0.2857142857142857 0.0 0.4 33 0.7575757575757576 0.0 0.5 28 0.8214285714285714 0.0 0.6 20 0.95 0.0 0.7 17 0.9411764705882353 0.0 0.9 0 1 1
27 0.1 155 0.17419354838709677 0.0 0.4 76 0.3157894736842105 0.0 0.5 58 0.3793103448275862 0.0 0.6 36 0.5277777777777778 0.0 0.7 7 0.8571428571428571 0.0 0.9 0 1 1
27 0.1 90 0.28888888888888886 0.0 0.4 45 0.5111111111111111 0.0 0.5 40 0.475 0.0 0.6 31 0.5806451612903226 0.0 0.7 18 0.6666666666666666 0.0 0.9 0 1 1
27 0.1 32 0.4375 0.0 0.4 12 0.5 0.0 0.5 8 0.75 0.0 0.6 2 1.0 0.0 0.7 0 1 1 0.9 0 1 1
27 0.1 115 0.23478260869565218 0.0 0.4 76 0.3026315789473684 0.0 0.5 71 0.323943661971831 0.0 0.6 59 0.3728813559322034 0.0 0.7 41 0.4878048780487805 0.0 0.9 0 1 1
27 0.1 120 0.21666666666666667 0.0 0.4 57 0.45614035087719296 0.0 0.5 49 0.5102040816326531 0.0 0.6 39 0.6153846153846154 0.0 0.7 28 0.8571428571428571 0.0 0.9 5 1.0 0.0
27 0.1 85 0.3176470588235294 0.0 0.4 50 0.42 0.0 0.5 43 0.46511627906976744 0.0 0.6 35 0.42857142857142855 0.0 0.7 25 0.56 0.0 0.9 0 1 1
27 0.1 53 0.4339622641509434 0.0 0.4 22 0.6818181818181818 0.0 0.5 16 0.8125 0.0 0.6 14 0.8571428571428571 0.0 0.7 9 0.7777777777777778 0.0 0.9 0 1 1
27 0.1 41 0.6341463414634146 0.0 0.4 26 0.8076923076923077 0.0 0.5 23 0.782608695652174 0.0 0.6 18 0.8888888888888888 0.0 0.7 15 0.8666666666666667 0.0 0.9 0 1 1
27 0.1 42 0.5714285714285714 0.0 0.4 27 0.8518518518518519 0.0 0.5 24 0.875 0.0 0.6 20 0.95 0.0 0.7 14 1.0 0.0 0.9 0 1 1
27 0.1 45 0.5777777777777777 0.0 0.4 26 0.8461538461538461 0.0 0.5 22 0.9090909090909091 0.0 0.6 17 1.0 0.0 0.7 11 1.0 0.0 0.9 0 1 1
27 0.1 35 0.6571428571428571 0.0 0.4 17 0.9411764705882353 0.0 0.5 13 1.0 0.0 0.6 10 1.0 0.0 0.7 3 1.0 0.0 0.9 0 1 1
27 0.1 70 0.37142857142857144 0.0 0.4 50 0.44 0.0 0.5 39 0.5384615384615384 0.0 0.6 25 0.84 0.0 0.7 20 0.95 0.0 0.9 0 1 1
27 0.1 78 0.34615384615384615 0.0 0.4 61 0.4098360655737705 0.0 0.5 53 0.4716981132075472 0.0 0.6 37 0.6486486486486487 0.0 0.7 22 1.0 0.0 0.9 1 1.0 0.0
27 0.1 81 0.2839506172839506 0.0 0.4 6 0.6666666666666666 0.0 0.5 0 1 1 0.6 0 1 1 0.7 0 1 1 0.9 0 1 1
27 0.1 73 0.3561643835616438 0.0 0.4 45 0.5111111111111111 0.0 0.5 35 0.6571428571428571 0.0 0.6 24 0.8333333333333334 0.0 0.7 20 0.9 0.0 0.9 1 1.0 0.0
27 0.1 40 0.625 0.0 0.4 23 0.9565217391304348 0.0 0.5 21 1.0 0.0 0.6 21 1.0 0.0 0.7 18 1.0 0.0 0.9 1 1.0 0.0
27 0.1 60 0.36666666666666664 0.0 0.4 23 0.7391304347826086 0.0 0.5 14 0.8571428571428571 0.0 0.6 11 0.9090909090909091 0.0 0.7 3 1.0 0.0 0.9 0 1 1
27 0.1 5 0.6 0.0 0.4 2 1.0 0.0 0.5 1 1.0 0.0 0.6 1 1.0 0.0 0.7 0 1 1 0.9 0 1 1
27 0.1 2 1.0 0.0 0.4 0 1 1 0.5 0 1 1 0.6 0 1 1 0.7 0 1 1 0.9 0 1 1
27 0.1 27 0.7037037037037037 0.0 0.4 14 1.0 0.0 0.5 12 1.0 0.0 0.6 8 1.0 0.0 0.7 4 1.0 0.0 0.9 0 1 1
27 0.1 40 0.625 0.0 0.4 25 0.96 0.0 0.5 25 0.96 0.0 0.6 24 1.0 0.0 0.7 22 1.0 0.0 0.9 3 1.0 0.0
27 0.1 53 0.4528301886792453 0.0 0.4 25 0.92 0.0 0.5 23 0.9565217391304348 0.0 0.6 19 0.9473684210526315 0.0 0.7 18 0.9444444444444444 0.0 0.9 1 1.0 0.0
27 0.1 32 0.5625 0.0 0.4 11 0.9090909090909091 0.0 0.5 11 0.9090909090909091 0.0 0.6 8 0.875 0.0 0.7 5 1.0 0.0 0.9 0 1 1
27 0.1 35 0.6857142857142857 0.02857142857142857 0.4 23 1.0 0.043478260869565216 0.5 18 1.0 0.0 0.6 12 1.0 0.0 0.7 6 1.0 0.0 0.9 0 1 1
27 0.1 33 0.7878787878787878 0.0 0.4 25 0.96 0.0 0.5 23 0.9565217391304348 0.0 0.6 21 1.0 0.0 0.7 18 1.0 0.0 0.9 1 1.0 0.0
27 0.1 40 0.675 0.0 0.4 27 0.9259259259259259 0.0 0.5 25 0.96 0.0 0.6 24 0.9583333333333334 0.0 0.7 20 1.0 0.0 0.9 1 1.0 0.0
27 0.1 44 0.5909090909090909 0.0 0.4 29 0.8620689655172413 0.0 0.5 25 0.96 0.0 0.6 24 1.0 0.0 0.7 18 1.0 0.0 0.9 1 1.0 0.0
27 0.1 49 0.5102040816326531 0.0 0.4 24 0.875 0.0 0.5 19 0.8421052631578947 0.0 0.6 13 0.9230769230769231 0.0 0.7 7 1.0 0.0 0.9 0 1 1
27 0.1 44 0.4318181818181818 0.0 0.4 9 0.6666666666666666 0.0 0.5 5 1.0 0.0 0.6 0 1 1 0.7 0 1 1 0.9 0 1 1
27 0.1 32 0.78125 0.0 0.4 18 0.9444444444444444 0.0 0.5 15 1.0 0.0 0.6 13 1.0 0.0 0.7 7 1.0 0.0 0.9 0 1 1
27 0.1 35 0.7428571428571429 0.0 0.4 29 0.8275862068965517 0.0 0.5 27 0.8888888888888888 0.0 0.6 23 0.9565217391304348 0.0 0.7 18 1.0 0.0 0.9 1 1.0 0.0
27 0.1 33 0.7575757575757576 0.0 0.4 22 0.9545454545454546 0.0 0.5 18 1.0 0.0 0.6 16 1.0 0.0 0.7 12 1.0 0.0 0.9 0 1 1
27 0.1 45 0.5777777777777777 0.0 0.4 29 0.8620689655172413 0.0 0.5 27 0.9259259259259259 0.0 0.6 25 0.96 0.0 0.7 23 1.0 0.0 0.9 7 1.0 0.0
27 0.1 62 0.41935483870967744 0.0 0.4 30 0.7666666666666667 0.0 0.5 29 0.7931034482758621 0.0 0.6 24 0.875 0.0 0.7 17 0.9411764705882353 0.0 0.9 0 1 1
27 0.1 72 0.3472222222222222 0.0 0.4 27 0.8518518518518519 0.0 0.5 21 0.9523809523809523 0.0 0.6 14 1.0 0.0 0.7 4 1.0 0.0 0.9 0 1 1
27 0.1 46 0.5869565217391305 0.0 0.4 29 0.896551724137931 0.0 0.5 28 0.9285714285714286 0.0 0.6 26 0.9230769230769231 0.0 0.7 24 1.0 0.0 0.9 2 1.0 0.0
27 0.1 83 0.3132530120481928 0.0 0.4 50 0.42 0.0 0.5 42 0.5 0.0 0.6 21 0.8095238095238095 0.0 0.7 10 1.0 0.0 0.9 0 1 1
27 0.1 54 0.5 0.0 0.4 35 0.7142857142857143 0.0 0.5 29 0.8275862068965517 0.0 0.6 27 0.8518518518518519 0.0 0.7 24 0.9166666666666666 0.0 0.9 5 0.8 0.0
27 0.1 42 0.5476190476190477 0.0 0.4 20 1.0 0.0 0.5 14 1.0 0.0 0.6 10 1.0 0.0 0.7 7 1.0 0.0 0.9 0 1 1
27 0.1 2 1.0 0.0 0.4 0 1 1 0.5 0 1 1 0.6 0 1 1 0.7 0 1 1 0.9 0 1 1
27 0.1 1 1.0 0.0 0.4 0 1 1 0.5 0 1 1 0.6 0 1 1 0.7 0 1 1 0.9 0 1 1
27 0.1 55 0.01818181818181818 0.0 0.4 0 1 1 0.5 0 1 1 0.6 0 1 1 0.7 0 1 1 0.9 0 1 1
27 0.1 29 0.3103448275862069 0.0 0.4 3 0.6666666666666666 0.0 0.5 0 1 1 0.6 0 1 1 0.7 0 1 1 0.9 0 1 1
27 0.1 39 0.07692307692307693 0.0 0.4 0 1 1 0.5 0 1 1 0.6 0 1 1 0.7 0 1 1 0.9 0 1 1
27 0.1 0 1 1 0.4 0 1 1 0.5 0 1 1 0.6 0 1 1 0.7 0 1 1 0.9 0 1 1
27 0.1 0 1 1 0.4 0 1 1 0.5 0 1 1 0.6 0 1 1 0.7 0 1 1 0.9 0 1 1
27 0.1 0 1 1 0.4 0 1 1 0.5 0 1 1 0.6 0 1 1 0.7 0 1 1 0.9 0 1 1
27 0.1 0 1 1 0.4 0 1 1 0.5 0 1 1 0.6 0 1 1 0.7 0 1 1 0.9 0 1 1
27 0.1 11 0.9090909090909091 0.0 0.4 0 1 1 0.5 0 1 1 0.6 0 1 1 0.7 0 1 1 0.9 0 1 1
27 0.1 46 0.5434782608695652 0.0 0.4 22 0.8181818181818182 0.0 0.5 15 0.9333333333333333 0.0 0.6 8 1.0 0.0 0.7 3 1.0 0.0 0.9 0 1 1
27 0.1 37 0.6486486486486487 0.0 0.4 11 1.0 0.0 0.5 4 1.0 0.0 0.6 1 1.0 0.0 0.7 0 1 1 0.9 0 1 1
27 0.1 42 0.5238095238095238 0.0 0.4 8 0.875 0.0 0.5 4 1.0 0.0 0.6 1 1.0 0.0 0.7 0 1 1 0.9 0 1 1
27 0.1 27 0.6666666666666666 0.0 0.4 7 1.0 0.0 0.5 4 1.0 0.0 0.6 1 1.0 0.0 0.7 0 1 1 0.9 0 1 1
27 0.1 68 0.36764705882352944 0.0 0.4 14 1.0 0.0 0.5 9 1.0 0.0 0.6 3 1.0 0.0 0.7 0 1 1 0.9 0 1 1
27 0.1 81 0.32098765432098764 0.0 0.4 15 0.9333333333333333 0.0 0.5 4 1.0 0.0 0.6 1 1.0 0.0 0.7 0 1 1 0.9 0 1 1
27 0.1 54 0.48148148148148145 0.018518518518518517 0.4 20 0.95 0.05 0.5 9 1.0 0.1111111111111111 0.6 3 1.0 0.0 0.7 0 1 1 0.9 0 1 1
27 0.1 8 0.75 0.0 0.4 0 1 1 0.5 0 1 1 0.6 0 1 1 0.7 0 1 1 0.9 0 1 1
27 0.1 34 0.7058823529411765 0.0 0.4 17 0.8235294117647058 0.0 0.5 13 0.9230769230769231 0.0 0.6 6 1.0 0.0 0.7 3 1.0 0.0 0.9 0 1 1
27 0.1 32 0.84375 0.0 0.4 25 0.96 0.0 0.5 22 1.0 0.0 0.6 18 1.0 0.0 0.7 15 1.0 0.0 0.9 2 1.0 0.0
27 0.1 24 0.7083333333333334 0.0 0.4 8 1.0 0.0 0.5 3 1.0 0.0 0.6 3 1.0 0.0 0.7 1 1.0 0.0 0.9 0 1 1
27 0.1 39 0.5641025641025641 0.02564102564102564 0.4 16 0.9375 0.0 0.5 9 1.0 0.0 0.6 5 1.0 0.0 0.7 0 1 1 0.9 0 1 1
27 0.1 41 0.6341463414634146 0.0 0.4 23 0.9565217391304348 0.0 0.5 22 1.0 0.0 0.6 22 1.0 0.0 0.7 13 1.0 0.0 0.9 0 1 1
27 0.1 98 0.24489795918367346 0.0 0.4 18 1.0 0.0 0.5 10 1.0 0.0 0.6 3 1.0 0.0 0.7 1 1.0 0.0 0.9 0 1 1
27 0.1 99 0.2727272727272727 0.010101010101010102 0.4 24 0.9583333333333334 0.041666666666666664 0.5 22 1.0 0.045454545454545456 0.6 16 1.0 0.0625 0.7 12 1.0 0.0 0.9 0 1 1
27 0.1 64 0.390625 0.0 0.4 15 1.0 0.0 0.5 8 1.0 0.0 0.6 4 1.0 0.0 0.7 1 1.0 0.0 0.9 0 1 1
27 0.1 5 0.4 0.0 0.4 0 1 1 0.5 0 1 1 0.6 0 1 1 0.7 0 1 1 0.9 0 1 1
27 0.1 42 0.5 0.0 0.4 12 0.9166666666666666 0.0 0.5 8 1.0 0.0 0.6 5 1.0 0.0 0.7 0 1 1 0.9 0 1 1
27 0.1 69 0.37681159420289856 0.0 0.4 25 0.84 0.0 0.5 20 0.95 0.0 0.6 14 1.0 0.0 0.7 7 1.0 0.0 0.9 0 1 1
27 0.1 37 0.6486486486486487 0.0 0.4 19 0.9473684210526315 0.0 0.5 15 1.0 0.0 0.6 14 1.0 0.0 0.7 6 1.0 0.0 0.9 0 1 1
27 0.1 78 0.32051282051282054 0.01282051282051282 0.4 24 0.8333333333333334 0.041666666666666664 0.5 18 1.0 0.05555555555555555 0.6 11 1.0 0.09090909090909091 0.7 2 1.0 0.0 0.9 0 1 1
27 0.1 57 0.43859649122807015 0.0 0.4 24 0.875 0.0 0.5 17 1.0 0.0 0.6 14 1.0 0.0 0.7 7 1.0 0.0 0.9 0 1 1
27 0.1 51 0.49019607843137253 0.0 0.4 22 0.9545454545454546 0.0 0.5 18 1.0 0.0 0.6 15 1.0 0.0 0.7 9 1.0 0.0 0.9 0 1 1
27 0.1 36 0.6666666666666666 0.0 0.4 24 0.9166666666666666 0.0 0.5 20 1.0 0.0 0.6 17 1.0 0.0 0.7 12 1.0 0.0 0.9 0 1 1
27 0.1 28 0.8571428571428571 0.0 0.4 17 1.0 0.0 0.5 13 1.0 0.0 0.6 9 1.0 0.0 0.7 5 1.0 0.0 0.9 0 1 1
27 0.1 26 0.9615384615384616 0.0 0.4 18 1.0 0.0 0.5 17 1.0 0.0 0.6 14 1.0 0.0 0.7 11 1.0 0.0 0.9 0 1 1
27 0.1 40 0.675 0.0 0.4 26 0.9615384615384616 0.0 0.5 25 1.0 0.0 0.6 22 1.0 0.0 0.7 18 1.0 0.0 0.9 0 1 1
27 0.1 53 0.41509433962264153 0.0 0.4 21 0.8095238095238095 0.0 0.5 12 0.9166666666666666 0.0 0.6 4 0.75 0.0 0.7 0 1 1 0.9 0 1 1
27 0.1 49 0.2653061224489796 0.0 0.4 20 0.5 0.0 0.5 12 0.5833333333333334 0.0 0.6 5 1.0 0.0 0.7 2 1.0 0.0 0.9 0 1 1
27 0.1 43 0.4186046511627907 0.0 0.4 22 0.6363636363636364 0.0 0.5 17 0.7647058823529411 0.0 0.6 12 0.8333333333333334 0.0 0.7 8 0.875 0.0 0.9 0 1 1
27 0.1 31 0.6129032258064516 0.0 0.4 22 0.8181818181818182 0.0 0.5 20 0.9 0.0 0.6 16 0.9375 0.0 0.7 10 0.9 0.0 0.9 0 1 1
27 0.1 24 0.3333333333333333 0.0 0.4 17 0.4117647058823529 0.0 0.5 12 0.5 0.0 0.6 9 0.5555555555555556 0.0 0.7 7 0.42857142857142855 0.0 0.9 0 1 1
27 0.1 27 0.8518518518518519 0.0 0.4 18 0.9444444444444444 0.0 0.5 14 1.0 0.0 0.6 11 1.0 0.0 0.7 4 1.0 0.0 0.9 0 1 1
27 0.1 11 0.9090909090909091 0.0 0.4 1 1.0 0.0 0.5 1 1.0 0.0 0.6 0 1 1 0.7 0 1 1 0.9 0 1 1
27 0.1 29 0.8275862068965517 0.0 0.4 18 1.0 0.0 0.5 17 1.0 0.0 0.6 14 1.0 0.0 0.7 7 1.0 0.0 0.9 0 1 1
27 0.1 31 0.8387096774193549 0.0 0.4 25 1.0 0.0 0.5 25 1.0 0.0 0.6 24 1.0 0.0 0.7 16 1.0 0.0 0.9 0 1 1
27 0.1 32 0.8125 0.03125 0.4 25 1.0 0.04 0.5 25 1.0 0.04 0.6 24 1.0 0.041666666666666664 0.7 22 1.0 0.045454545454545456 0.9 1 1.0 0.0
27 0.1 29 0.9310344827586207 0.10344827586206896 0.4 26 1.0 0.11538461538461539 0.5 24 1.0 0.125 0.6 20 1.0 0.1 0.7 19 1.0 0.10526315789473684 0.9 1 1.0 0.0
27 0.1 28 0.9642857142857143 0.03571428571428571 0.4 25 1.0 0.04 0.5 21 1.0 0.047619047619047616 0.6 21 1.0 0.047619047619047616 0.7 19 1.0 0.05263157894736842 0.9 0 1 1
27 0.1 30 0.8666666666666667 0.1 0.4 22 1.0 0.09090909090909091 0.5 21 1.0 0.047619047619047616 0.6 20 1.0 0.05 0.7 17 1.0 0.058823529411764705 0.9 0 1 1
27 0.1 34 0.7941176470588235 0.058823529411764705 0.4 25 1.0 0.08 0.5 22 1.0 0.045454545454545456 0.6 22 1.0 0.045454545454545456 0.7 19 1.0 0.05263157894736842 0.9 0 1 1
27 0.1 28 0.8928571428571429 0.07142857142857142 0.4 24 1.0 0.08333333333333333 0.5 22 1.0 0.09090909090909091 0.6 22 1.0 0.09090909090909091 0.7 19 1.0 0.05263157894736842 0.9 0 1 1
27 0.1 24 1.0 0.0 0.4 19 1.0 0.0 0.5 17 1.0 0.0 0.6 14 1.0 0.0 0.7 14 1.0 0.0 0.9 0 1 1
27 0.1 24 0.8333333333333334 0.0 0.4 10 0.9 0.0 0.5 8 1.0 0.0 0.6 7 1.0 0.0 0.7 3 1.0 0.0 0.9 0 1 1
27 0.1 29 0.9310344827586207 0.0 0.4 23 1.0 0.0 0.5 23 1.0 0.0 0.6 21 1.0 0.0 0.7 19 1.0 0.0 0.9 0 1 1
27 0.1 30 0.8666666666666667 0.0 0.4 25 1.0 0.0 0.5 24 1.0 0.0 0.6 21 1.0 0.0 0.7 17 1.0 0.0 0.9 0 1 1
27 0.1 30 0.8666666666666667 0.06666666666666667 0.4 22 1.0 0.09090909090909091 0.5 22 1.0 0.09090909090909091 0.6 19 1.0 0.10526315789473684 0.7 17 1.0 0.11764705882352941 0.9 0 1 1
27 0.1 28 0.9285714285714286 0.07142857142857142 0.4 21 1.0 0.09523809523809523 0.5 20 1.0 0.1 0.6 20 1.0 0.1 0.7 15 1.0 0.13333333333333333 0.9 0 1 1
27 0.1 37 0.7027027027027027 0.0 0.4 26 0.9230769230769231 0.0 0.5 24 0.9583333333333334 0.0 0.6 22 1.0 0.0 0.7 21 1.0 0.0 0.9 0 1 1
27 0.1 30 0.9 0.0 0.4 23 1.0 0.0 0.5 20 1.0 0.0 0.6 19 1.0 0.0 0.7 17 1.0 0.0 0.9 0 1 1
27 0.1 43 0.627906976744186 0.0 0.4 27 0.8888888888888888 0.0 0.5 25 0.92 0.0 0.6 23 1.0 0.0 0.7 19 1.0 0.0 0.9 0 1 1
27 0.1 55 0.4909090909090909 0.03636363636363636 0.4 26 0.8846153846153846 0.07692307692307693 0.5 22 1.0 0.09090909090909091 0.6 22 1.0 0.09090909090909091 0.7 20 1.0 0.1 0.9 0 1 1
27 0.1 34 0.7941176470588235 0.029411764705882353 0.4 26 0.9615384615384616 0.038461538461538464 0.5 21 1.0 0.047619047619047616 0.6 20 1.0 0.05 0.7 15 1.0 0.0 0.9 0 1 1
27 0.1 30 0.8666666666666667 0.0 0.4 19 1.0 0.0 0.5 15 1.0 0.0 0.6 14 1.0 0.0 0.7 14 1.0 0.0 0.9 0 1 1
27 0.1 74 0.32432432432432434 0.0 0.4 20 0.95 0.0 0.5 14 1.0 0.0 0.6 11 1.0 0.0 0.7 4 1.0 0.0 0.9 0 1 1
27 0.1 27 0.8148148148148148 0.037037037037037035 0.4 20 1.0 0.05 0.5 16 1.0 0.0 0.6 15 1.0 0.0 0.7 9 1.0 0.0 0.9 0 1 1
27 0.1 47 0.5319148936170213 0.0 0.4 26 0.8846153846153846 0.0 0.5 23 0.9130434782608695 0.0 0.6 19 0.9473684210526315 0.0 0.7 15 1.0 0.0 0.9 0 1 1
27 0.1 33 0.7575757575757576 0.0 0.4 25 0.96 0.0 0.5 21 1.0 0.0 0.6 18 1.0 0.0 0.7 13 1.0 0.0 0.9 0 1 1
27 0.1 45 0.5555555555555556 0.044444444444444446 0.4 27 0.9259259259259259 0.07407407407407407 0.5 27 0.9259259259259259 0.07407407407407407 0.6 25 0.96 0.08 0.7 23 0.9565217391304348 0.043478260869565216 0.9 0 1 1
27 0.1 61 0.4262295081967213 0.0 0.4 26 0.8846153846153846 0.0 0.5 23 0.9130434782608695 0.0 0.6 19 0.9473684210526315 0.0 0.7 14 0.9285714285714286 0.0 0.9 0 1 1
27 0.1 34 0.7647058823529411 0.029411764705882353 0.4 22 0.9545454545454546 0.045454545454545456 0.5 19 1.0 0.05263157894736842 0.6 17 1.0 0.058823529411764705 0.7 15 1.0 0.0 0.9 0 1 1
27 0.1 32 0.8125 0.0 0.4 26 1.0 0.0 0.5 26 1.0 0.0 0.6 26 1.0 0.0 0.7 23 1.0 0.0 0.9 1 1.0 0.0
27 0.1 33 0.7878787878787878 0.030303030303030304 0.4 25 1.0 0.04 0.5 25 1.0 0.04 0.6 25 1.0 0.04 0.7 24 1.0 0.041666666666666664 0.9 1 1.0 0.0
27 0.1 31 0.8387096774193549 0.0 0.4 26 1.0 0.0 0.5 26 1.0 0.0 0.6 25 1.0 0.0 0.7 23 1.0 0.0 0.9 2 1.0 0.0
27 0.1 29 0.9310344827586207 0.0 0.4 25 1.0 0.0 0.5 24 1.0 0.0 0.6 24 1.0 0.0 0.7 22 1.0 0.0 0.9 0 1 1
27 0.1 30 0.8666666666666667 0.03333333333333333 0.4 24 1.0 0.041666666666666664 0.5 24 1.0 0.041666666666666664 0.6 24 1.0 0.041666666666666664 0.7 22 1.0 0.045454545454545456 0.9 0 1 1
27 0.1 32 0.8125 0.03125 0.4 25 1.0 0.04 0.5 25 1.0 0.04 0.6 25 1.0 0.04 0.7 22 1.0 0.045454545454545456 0.9 0 1 1
27 0.1 34 0.7941176470588235 0.08823529411764706 0.4 25 1.0 0.12 0.5 24 1.0 0.125 0.6 24 1.0 0.125 0.7 23 1.0 0.13043478260869565 0.9 0 1 1
27 0.1 28 0.9642857142857143 0.10714285714285714 0.4 25 1.0 0.08 0.5 25 1.0 0.08 0.6 25 1.0 0.08 0.7 20 1.0 0.1 0.9 0 1 1
27 0.1 28 0.9285714285714286 0.0 0.4 24 1.0 0.0 0.5 23 1.0 0.0 0.6 21 1.0 0.0 0.7 16 1.0 0.0 0.9 0 1 1
27 0.1 30 0.9 0.06666666666666667 0.4 26 1.0 0.07692307692307693 0.5 25 1.0 0.08 0.6 24 1.0 0.08333333333333333 0.7 20 1.0 0.1 0.9 0 1 1
27 0.1 27 1.0 0.07407407407407407 0.4 21 1.0 0.09523809523809523 0.5 20 1.0 0.1 0.6 18 1.0 0.1111111111111111 0.7 15 1.0 0.13333333333333333 0.9 0 1 1
27 0.1 45 0.6 0.0 0.4 28 0.8928571428571429 0.0 0.5 23 0.9565217391304348 0.0 0.6 20 0.95 0.0 0.7 18 1.0 0.0 0.9 0 1 1
27 0.1 32 0.84375 0.0 0.4 26 1.0 0.0 0.5 25 1.0 0.0 0.6 24 1.0 0.0 0.7 24 1.0 0.0 0.9 0 1 1
27 0.1 31 0.8709677419354839 0.03225806451612903 0.4 27 1.0 0.037037037037037035 0.5 27 1.0 0.037037037037037035 0.6 25 1.0 0.04 0.7 24 1.0 0.041666666666666664 0.9 0 1 1
27 0.1 34 0.7941176470588235 0.058823529411764705 0.4 24 1.0 0.08333333333333333 0.5 22 1.0 0.09090909090909091 0.6 20 1.0 0.1 0.7 17 1.0 0.058823529411764705 0.9 0 1 1
27 0.1 28 0.9642857142857143 0.10714285714285714 0.4 25 1.0 0.12 0.5 25 1.0 0.12 0.6 23 1.0 0.13043478260869565 0.7 19 1.0 0.10526315789473684 0.9 1 1.0 1.0
27 0.1 30 0.9 0.0 0.4 27 1.0 0.0 0.5 25 1.0 0.0 0.6 25 1.0 0.0 0.7 23 1.0 0.0 0.9 0 1 1
27 0.1 32 0.84375 0.0625 0.4 27 1.0 0.07407407407407407 0.5 27 1.0 0.07407407407407407 0.6 27 1.0 0.07407407407407407 0.7 26 1.0 0.07692307692307693 0.9 0 1 1
27 0.1 29 0.9310344827586207 0.10344827586206896 0.4 27 1.0 0.1111111111111111 0.5 27 1.0 0.1111111111111111 0.6 27 1.0 0.1111111111111111 0.7 24 1.0 0.125 0.9 0 1 1
27 0.1 33 0.8181818181818182 0.030303030303030304 0.4 26 1.0 0.0 0.5 26 1.0 0.0 0.6 25 1.0 0.0 0.7 23 1.0 0.0 0.9 2 1.0 0.0
27 0.1 28 0.9285714285714286 0.0 0.4 23 1.0 0.0 0.5 23 1.0 0.0 0.6 21 1.0 0.0 0.7 20 1.0 0.0 0.9 0 1 1
27 0.1 32 0.84375 0.0625 0.4 25 1.0 0.08 0.5 23 1.0 0.08695652173913043 0.6 23 1.0 0.08695652173913043 0.7 21 1.0 0.09523809523809523 0.9 0 1 1
27 0.1 27 0.9629629629629629 0.0 0.4 23 1.0 0.0 0.5 22 1.0 0.0 0.6 21 1.0 0.0 0.7 18 1.0 0.0 0.9 0 1 1
27 0.1 37 0.7297297297297297 0.02702702702702703 0.4 26 1.0 0.038461538461538464 0.5 26 1.0 0.038461538461538464 0.6 24 1.0 0.041666666666666664 0.7 20 1.0 0.05 0.9 0 1 1
27 0.1 31 0.8709677419354839 0.03225806451612903 0.4 28 0.9642857142857143 0.03571428571428571 0.5 28 0.9642857142857143 0.03571428571428571 0.6 27 1.0 0.037037037037037035 0.7 22 1.0 0.045454545454545456 0.9 0 1 1
27 0.1 29 0.9310344827586207 0.034482758620689655 0.4 27 1.0 0.037037037037037035 0.5 27 1.0 0.037037037037037035 0.6 26 1.0 0.038461538461538464 0.7 25 1.0 0.04 0.9 0 1 1
27 0.1 29 0.9310344827586207 0.0 0.4 27 1.0 0.0 0.5 27 1.0 0.0 0.6 25 1.0 0.0 0.7 22 1.0 0.0 0.9 0 1 1
27 0.1 29 0.9310344827586207 0.0 0.4 27 1.0 0.0 0.5 27 1.0 0.0 0.6 26 1.0 0.0 0.7 22 1.0 0.0 0.9 0 1 1
27 0.1 30 0.8666666666666667 0.0 0.4 22 1.0 0.0 0.5 21 1.0 0.0 0.6 20 1.0 0.0 0.7 19 1.0 0.0 0.9 0 1 1
27 0.1 33 0.8181818181818182 0.0 0.4 27 0.9259259259259259 0.0 0.5 26 0.9615384615384616 0.0 0.6 24 1.0 0.0 0.7 22 1.0 0.0 0.9 1 1.0 0.0
27 0.1 31 0.8709677419354839 0.06451612903225806 0.4 28 0.9642857142857143 0.07142857142857142 0.5 27 0.9629629629629629 0.07407407407407407 0.6 25 1.0 0.08 0.7 23 1.0 0.08695652173913043 0.9 0 1 1
27 0.1 35 0.7714285714285715 0.0 0.4 24 1.0 0.0 0.5 23 1.0 0.0 0.6 23 1.0 0.0 0.7 19 1.0 0.0 0.9 0 1 1
27 0.1 35 0.7714285714285715 0.02857142857142857 0.4 25 1.0 0.04 0.5 24 1.0 0.041666666666666664 0.6 23 1.0 0.043478260869565216 0.7 22 1.0 0.045454545454545456 0.9 0 1 1
27 0.1 29 0.9310344827586207 0.10344827586206896 0.4 26 1.0 0.11538461538461539 0.5 25 1.0 0.12 0.6 24 1.0 0.125 0.7 22 1.0 0.13636363636363635 0.9 0 1 1
27 0.1 27 1.0 0.037037037037037035 0.4 23 1.0 0.043478260869565216 0.5 22 1.0 0.045454545454545456 0.6 21 1.0 0.047619047619047616 0.7 20 1.0 0.05 0.9 0 1 1
27 0.1 28 0.9285714285714286 0.14285714285714285 0.4 23 1.0 0.13043478260869565 0.5 22 1.0 0.13636363636363635 0.6 21 1.0 0.14285714285714285 0.7 19 1.0 0.15789473684210525 0.9 0 1 1
27 0.1 27 0.9629629629629629 0.07407407407407407 0.4 22 1.0 0.09090909090909091 0.5 22 1.0 0.09090909090909091 0.6 22 1.0 0.09090909090909091 0.7 19 1.0 0.10526315789473684 0.9 0 1 1
27 0.1 30 0.9 0.0 0.4 25 1.0 0.0 0.5 24 1.0 0.0 0.6 23 1.0 0.0 0.7 21 1.0 0.0 0.9 0 1 1
27 0.1 29 0.9310344827586207 0.034482758620689655 0.4 25 1.0 0.04 0.5 24 1.0 0.041666666666666664 0.6 23 1.0 0.043478260869565216 0.7 22 1.0 0.045454545454545456 0.9 0 1 1
27 0.1 28 0.9642857142857143 0.03571428571428571 0.4 26 1.0 0.038461538461538464 0.5 24 1.0 0.041666666666666664 0.6 23 1.0 0.043478260869565216 0.7 23 1.0 0.043478260869565216 0.9 0 1 1
27 0.1 28 0.9642857142857143 0.03571428571428571 0.4 25 1.0 0.04 0.5 24 1.0 0.041666666666666664 0.6 24 1.0 0.041666666666666664 0.7 24 1.0 0.041666666666666664 0.9 1 1.0 0.0
27 0.1 28 0.9642857142857143 0.03571428571428571 0.4 26 1.0 0.038461538461538464 0.5 26 1.0 0.038461538461538464 0.6 24 1.0 0.041666666666666664 0.7 22 1.0 0.045454545454545456 0.9 0 1 1
27 0.1 29 0.9310344827586207 0.0 0.4 26 1.0 0.0 0.5 26 1.0 0.0 0.6 23 1.0 0.0 0.7 20 1.0 0.0 0.9 0 1 1
27 0.1 27 1.0 0.037037037037037035 0.4 26 1.0 0.038461538461538464 0.5 25 1.0 0.04 0.6 25 1.0 0.04 0.7 22 1.0 0.045454545454545456 0.9 0 1 1
27 0.1 29 0.9310344827586207 0.0 0.4 26 1.0 0.0 0.5 26 1.0 0.0 0.6 25 1.0 0.0 0.7 22 1.0 0.0 0.9 1 1.0 0.0
27 0.1 30 0.9 0.03333333333333333 0.4 27 0.9629629629629629 0.037037037037037035 0.5 26 1.0 0.038461538461538464 0.6 26 1.0 0.038461538461538464 0.7 25 1.0 0.04 0.9 6 1.0 0.0
27 0.1 27 1.0 0.14814814814814814 0.4 26 1.0 0.15384615384615385 0.5 25 1.0 0.16 0.6 25 1.0 0.16 0.7 25 1.0 0.16 0.9 0 1 1
27 0.1 30 0.9 0.03333333333333333 0.4 28 0.9642857142857143 0.03571428571428571 0.5 27 1.0 0.037037037037037035 0.6 27 1.0 0.037037037037037035 0.7 26 1.0 0.038461538461538464 0.9 0 1 1
27 0.1 31 0.8709677419354839 0.03225806451612903 0.4 27 1.0 0.037037037037037035 0.5 26 1.0 0.038461538461538464 0.6 26 1.0 0.038461538461538464 0.7 24 1.0 0.041666666666666664 0.9 4 1.0 0.0
27 0.1 26 1.0 0.07692307692307693 0.4 25 1.0 0.08 0.5 25 1.0 0.08 0.6 25 1.0 0.08 0.7 25 1.0 0.08 0.9 3 1.0 0.0
27 0.1 30 0.9 0.1 0.4 26 0.9615384615384616 0.11538461538461539 0.5 25 1.0 0.12 0.6 25 1.0 0.12 0.7 25 1.0 0.12 0.9 2 1.0 0.0
27 0.1 30 0.9 0.0 0.4 26 1.0 0.0 0.5 25 1.0 0.0 0.6 25 1.0 0.0 0.7 22 1.0 0.0 0.9 0 1 1
27 0.1 30 0.9 0.0 0.4 27 1.0 0.0 0.5 26 1.0 0.0 0.6 24 1.0 0.0 0.7 23 1.0 0.0 0.9 0 1 1
27 0.1 28 0.9642857142857143 0.07142857142857142 0.4 26 1.0 0.07692307692307693 0.5 25 1.0 0.08 0.6 24 1.0 0.08333333333333333 0.7 22 1.0 0.09090909090909091 0.9 0 1 1
27 0.1 28 0.9642857142857143 0.03571428571428571 0.4 28 0.9642857142857143 0.03571428571428571 0.5 24 1.0 0.041666666666666664 0.6 24 1.0 0.041666666666666664 0.7 21 1.0 0.047619047619047616 0.9 0 1 1
27 0.1 30 0.9 0.03333333333333333 0.4 26 1.0 0.038461538461538464 0.5 26 1.0 0.038461538461538464 0.6 25 1.0 0.04 0.7 25 1.0 0.04 0.9 0 1 1
27 0.1 30 0.9 0.03333333333333333 0.4 27 1.0 0.037037037037037035 0.5 27 1.0 0.037037037037037035 0.6 26 1.0 0.038461538461538464 0.7 23 1.0 0.043478260869565216 0.9 0 1 1
27 0.1 31 0.8709677419354839 0.0 0.4 28 0.9285714285714286 0.0 0.5 26 1.0 0.0 0.6 25 1.0 0.0 0.7 25 1.0 0.0 0.9 2 1.0 0.0
27 0.1 31 0.8709677419354839 0.0 0.4 28 0.9642857142857143 0.0 0.5 26 1.0 0.0 0.6 26 1.0 0.0 0.7 26 1.0 0.0 0.9 2 1.0 0.0
27 0.1 32 0.84375 0.0 0.4 26 1.0 0.0 0.5 26 1.0 0.0 0.6 25 1.0 0.0 0.7 25 1.0 0.0 0.9 1 1.0 0.0
27 0.1 29 0.9310344827586207 0.06896551724137931 0.4 26 1.0 0.07692307692307693 0.5 26 1.0 0.07692307692307693 0.6 25 1.0 0.08 0.7 24 1.0 0.08333333333333333 0.9 1 1.0 0.0
27 0.1 30 0.9 0.06666666666666667 0.4 26 1.0 0.07692307692307693 0.5 25 1.0 0.08 0.6 25 1.0 0.08 0.7 24 1.0 0.08333333333333333 0.9 2 1.0 0.0
27 0.1 26 0.9230769230769231 0.15384615384615385 0.4 25 0.96 0.16 0.5 23 1.0 0.17391304347826086 0.6 22 1.0 0.18181818181818182 0.7 22 1.0 0.18181818181818182 0.9 3 1.0 0.3333333333333333
27 0.1 30 0.9 0.03333333333333333 0.4 24 1.0 0.041666666666666664 0.5 23 1.0 0.043478260869565216 0.6 23 1.0 0.043478260869565216 0.7 23 1.0 0.043478260869565216 0.9 0 1 1
27 0.1 31 0.8709677419354839 0.03225806451612903 0.4 26 0.9615384615384616 0.038461538461538464 0.5 25 0.96 0.04 0.6 23 1.0 0.043478260869565216 0.7 23 1.0 0.043478260869565216 0.9 1 1.0 0.0
27 0.1 29 0.896551724137931 0.0 0.4 25 1.0 0.0 0.5 24 1.0 0.0 0.6 23 1.0 0.0 0.7 22 1.0 0.0 0.9 0 1 1
27 0.1 31 0.8709677419354839 0.0 0.4 24 1.0 0.0 0.5 23 1.0 0.0 0.6 23 1.0 0.0 0.7 23 1.0 0.0 0.9 0 1 1
27 0.1 30 0.9 0.03333333333333333 0.4 26 0.9615384615384616 0.038461538461538464 0.5 25 1.0 0.04 0.6 25 1.0 0.04 0.7 25 1.0 0.04 0.9 0 1 1
27 0.1 25 1.0 0.04 0.4 25 1.0 0.04 0.5 24 1.0 0.041666666666666664 0.6 23 1.0 0.043478260869565216 0.7 22 1.0 0.045454545454545456 0.9 1 1.0 0.0
27 0.1 27 0.9259259259259259 0.037037037037037035 0.4 22 1.0 0.045454545454545456 0.5 21 1.0 0.047619047619047616 0.6 21 1.0 0.047619047619047616 0.7 19 1.0 0.05263157894736842 0.9 0 1 1
27 0.1 27 0.9629629629629629 0.037037037037037035 0.4 23 1.0 0.043478260869565216 0.5 23 1.0 0.043478260869565216 0.6 23 1.0 0.043478260869565216 0.7 22 1.0 0.045454545454545456 0.9 0 1 1
27 0.1 26 1.0 0.07692307692307693 0.4 24 1.0 0.08333333333333333 0.5 24 1.0 0.08333333333333333 0.6 23 1.0 0.08695652173913043 0.7 20 1.0 0.1 0.9 0 1 1
27 0.1 28 0.9285714285714286 0.07142857142857142 0.4 24 1.0 0.08333333333333333 0.5 24 1.0 0.08333333333333333 0.6 24 1.0 0.08333333333333333 0.7 23 1.0 0.08695652173913043 0.9 0 1 1
27 0.1 29 0.9310344827586207 0.034482758620689655 0.4 26 1.0 0.038461538461538464 0.5 26 1.0 0.038461538461538464 0.6 24 1.0 0.041666666666666664 0.7 24 1.0 0.041666666666666664 0.9 2 1.0 0.0
27 0.1 28 0.9285714285714286 0.0 0.4 23 1.0 0.0 0.5 23 1.0 0.0 0.6 22 1.0 0.0 0.7 21 1.0 0.0 0.9 0 1 1
27 0.1 30 0.8333333333333334 0.0 0.4 24 1.0 0.0 0.5 24 1.0 0.0 0.6 21 1.0 0.0 0.7 19 1.0 0.0 0.9 0 1 1
27 0.1 31 0.8709677419354839 0.03225806451612903 0.4 27 0.9629629629629629 0.037037037037037035 0.5 27 0.9629629629629629 0.037037037037037035 0.6 25 0.96 0.04 0.7 24 1.0 0.041666666666666664 0.9 0 1 1
27 0.1 29 0.9310344827586207 0.0 0.4 26 0.9615384615384616 0.0 0.5 26 0.9615384615384616 0.0 0.6 25 1.0 0.0 0.7 24 1.0 0.0 0.9 0 1 1
27 0.1 31 0.8709677419354839 0.0967741935483871 0.4 25 0.96 0.04 0.5 24 1.0 0.041666666666666664 0.6 24 1.0 0.041666666666666664 0.7 23 1.0 0.043478260869565216 0.9 1 1.0 0.0
27 0.1 25 0.88 0.04 0.4 22 1.0 0.045454545454545456 0.5 22 1.0 0.045454545454545456 0.6 22 1.0 0.045454545454545456 0.7 21 1.0 0.047619047619047616 0.9 0 1 1
27 0.1 28 0.8928571428571429 0.03571428571428571 0.4 25 1.0 0.04 0.5 24 1.0 0.041666666666666664 0.6 24 1.0 0.041666666666666664 0.7 24 1.0 0.041666666666666664 0.9 2 1.0 0.0
27 0.1 28 0.9285714285714286 0.03571428571428571 0.4 26 0.9615384615384616 0.038461538461538464 0.5 24 1.0 0.041666666666666664 0.6 24 1.0 0.041666666666666664 0.7 24 1.0 0.041666666666666664 0.9 3 1.0 0.0
27 0.1 30 0.8333333333333334 0.0 0.4 24 1.0 0.0 0.5 24 1.0 0.0 0.6 24 1.0 0.0 0.7 24 1.0 0.0 0.9 0 1 1
27 0.1 28 0.8928571428571429 0.0 0.4 26 0.9615384615384616 0.0 0.5 24 1.0 0.0 0.6 24 1.0 0.0 0.7 24 1.0 0.0 0.9 1 1.0 0.0
27 0.1 27 0.9629629629629629 0.037037037037037035 0.4 25 1.0 0.04 0.5 25 1.0 0.04 0.6 24 1.0 0.041666666666666664 0.7 23 1.0 0.043478260869565216 0.9 0 1 1
27 0.1 26 0.9230769230769231 0.0 0.4 22 1.0 0.0 0.5 21 1.0 0.0 0.6 21 1.0 0.0 0.7 20 1.0 0.0 0.9 0 1 1
27 0.1 27 0.9629629629629629 0.037037037037037035 0.4 25 1.0 0.04 0.5 24 1.0 0.0 0.6 22 1.0 0.0 0.7 22 1.0 0.0 0.9 2 1.0 0.0
27 0.1 29 0.8275862068965517 0.034482758620689655 0.4 23 0.9565217391304348 0.043478260869565216 0.5 20 1.0 0.05 0.6 19 1.0 0.05263157894736842 0.7 19 1.0 0.05263157894736842 0.9 0 1 1
27 0.1 27 0.9629629629629629 0.07407407407407407 0.4 24 0.9583333333333334 0.08333333333333333 0.5 23 0.9565217391304348 0.08695652173913043 0.6 23 0.9565217391304348 0.08695652173913043 0.7 23 0.9565217391304348 0.08695652173913043 0.9 5 1.0 0.2
27 0.1 25 0.92 0.0 0.4 22 1.0 0.0 0.5 22 1.0 0.0 0.6 22 1.0 0.0 0.7 20 1.0 0.0 0.9 1 1.0 0.0
27 0.1 26 0.9615384615384616 0.038461538461538464 0.4 24 0.9583333333333334 0.041666666666666664 0.5 24 0.9583333333333334 0.041666666666666664 0.6 23 1.0 0.043478260869565216 0.7 22 1.0 0.045454545454545456 0.9 1 1.0 0.0
27 0.1 29 0.896551724137931 0.06896551724137931 0.4 25 0.96 0.08 0.5 24 1.0 0.08333333333333333 0.6 24 1.0 0.08333333333333333 0.7 23 1.0 0.08695652173913043 0.9 1 1.0 0.0
27 0.1 26 0.9615384615384616 0.038461538461538464 0.4 24 1.0 0.041666666666666664 0.5 24 1.0 0.041666666666666664 0.6 24 1.0 0.041666666666666664 0.7 23 1.0 0.043478260869565216 0.9 3 1.0 0.0
27 0.1 28 0.9285714285714286 0.03571428571428571 0.4 27 0.9629629629629629 0.037037037037037035 0.5 27 0.9629629629629629 0.037037037037037035 0.6 25 1.0 0.04 0.7 23 1.0 0.0 0.9 3 1.0 0.0
27 0.1 28 0.9285714285714286 0.03571428571428571 0.4 25 1.0 0.04 0.5 25 1.0 0.04 0.6 24 1.0 0.041666666666666664 0.7 23 1.0 0.043478260869565216 0.9 2 1.0 0.5
27 0.1 29 0.9310344827586207 0.034482758620689655 0.4 27 0.9629629629629629 0.037037037037037035 0.5 27 0.9629629629629629 0.037037037037037035 0.6 26 1.0 0.038461538461538464 0.7 22 1.0 0.045454545454545456 0.9 0 1 1
27 0.1 29 0.9310344827586207 0.06896551724137931 0.4 27 0.9629629629629629 0.07407407407407407 0.5 26 0.9615384615384616 0.07692307692307693 0.6 25 1.0 0.08 0.7 24 1.0 0.08333333333333333 0.9 3 1.0 0.3333333333333333
27 0.1 30 0.9 0.1 0.4 27 0.9629629629629629 0.1111111111111111 0.5 24 1.0 0.125 0.6 24 1.0 0.125 0.7 23 1.0 0.13043478260869565 0.9 1 1.0 1.0
27 0.1 30 0.8666666666666667 0.2 0.4 25 1.0 0.24 0.5 23 1.0 0.21739130434782608 0.6 23 1.0 0.21739130434782608 0.7 22 1.0 0.22727272727272727 0.9 3 1.0 0.3333333333333333
27 0.1 27 0.8888888888888888 0.0 0.4 21 1.0 0.0 0.5 20 1.0 0.0 0.6 20 1.0 0.0 0.7 20 1.0 0.0 0.9 0 1 1
27 0.1 29 0.8620689655172413 0.06896551724137931 0.4 23 1.0 0.08695652173913043 0.5 22 1.0 0.09090909090909091 0.6 22 1.0 0.09090909090909091 0.7 21 1.0 0.09523809523809523 0.9 0 1 1
27 0.1 30 0.9 0.1 0.4 26 1.0 0.11538461538461539 0.5 24 1.0 0.125 0.6 23 1.0 0.13043478260869565 0.7 23 1.0 0.13043478260869565 0.9 1 1.0 0.0
27 0.1 29 0.896551724137931 0.06896551724137931 0.4 24 0.9583333333333334 0.08333333333333333 0.5 24 0.9583333333333334 0.08333333333333333 0.6 23 1.0 0.08695652173913043 0.7 22 1.0 0.09090909090909091 0.9 0 1 1
27 0.1 26 0.8846153846153846 0.0 0.4 22 1.0 0.0 0.5 22 1.0 0.0 0.6 22 1.0 0.0 0.7 22 1.0 0.0 0.9 1 1.0 0.0
27 0.1 25 0.96 0.0 0.4 23 1.0 0.0 0.5 23 1.0 0.0 0.6 23 1.0 0.0 0.7 23 1.0 0.0 0.9 3 1.0 0.0
27 0.1 25 0.96 0.0 0.4 22 1.0 0.0 0.5 22 1.0 0.0 0.6 22 1.0 0.0 0.7 22 1.0 0.0 0.9 1 1.0 0.0
27 0.1 28 0.8571428571428571 0.17857142857142858 0.4 22 1.0 0.22727272727272727 0.5 20 1.0 0.25 0.6 20 1.0 0.25 0.7 20 1.0 0.25 0.9 0 1 1
27 0.1 28 0.8928571428571429 0.03571428571428571 0.4 24 0.9583333333333334 0.041666666666666664 0.5 24 0.9583333333333334 0.041666666666666664 0.6 24 0.9583333333333334 0.041666666666666664 0.7 23 1.0 0.043478260869565216 0.9 2 1.0 0.0
27 0.1 27 0.9259259259259259 0.037037037037037035 0.4 24 0.9583333333333334 0.041666666666666664 0.5 24 0.9583333333333334 0.041666666666666664 0.6 23 1.0 0.043478260869565216 0.7 23 1.0 0.043478260869565216 0.9 1 1.0 0.0
27 0.1 30 0.9 0.1 0.4 25 0.96 0.12 0.5 25 0.96 0.12 0.6 24 1.0 0.125 0.7 24 1.0 0.125 0.9 9 1.0 0.1111111111111111
27 0.1 28 0.8571428571428571 0.07142857142857142 0.4 25 0.96 0.08 0.5 24 0.9583333333333334 0.08333333333333333 0.6 23 1.0 0.08695652173913043 0.7 23 1.0 0.08695652173913043 0.9 7 1.0 0.0
27 0.1 26 0.9230769230769231 0.038461538461538464 0.4 23 1.0 0.043478260869565216 0.5 23 1.0 0.043478260869565216 0.6 22 1.0 0.045454545454545456 0.7 22 1.0 0.045454545454545456 0.9 3 1.0 0.3333333333333333
27 0.1 30 0.9 0.1 0.4 25 0.96 0.12 0.5 25 0.96 0.12 0.6 24 1.0 0.125 0.7 23 1.0 0.08695652173913043 0.9 0 1 1
27 0.1 26 0.9230769230769231 0.038461538461538464 0.4 25 0.96 0.04 0.5 25 0.96 0.04 0.6 24 0.9583333333333334 0.041666666666666664 0.7 23 1.0 0.043478260869565216 0.9 0 1 1
27 0.1 27 0.9259259259259259 0.1111111111111111 0.4 25 0.96 0.12 0.5 24 1.0 0.125 0.6 24 1.0 0.125 0.7 24 1.0 0.125 0.9 1 1.0 0.0
27 0.1 28 0.9285714285714286 0.10714285714285714 0.4 25 1.0 0.12 0.5 25 1.0 0.12 0.6 25 1.0 0.12 0.7 25 1.0 0.12 0.9 5 1.0 0.0
27 0.1 28 0.8928571428571429 0.07142857142857142 0.4 26 0.9615384615384616 0.07692307692307693 0.5 25 1.0 0.08 0.6 25 1.0 0.08 0.7 23 1.0 0.08695652173913043 0.9 4 1.0 0.0
27 0.1 28 0.8928571428571429 0.0 0.4 26 0.9615384615384616 0.0 0.5 25 1.0 0.0 0.6 25 1.0 0.0 0.7 24 1.0 0.0 0.9 4 1.0 0.0
27 0.1 28 0.8928571428571429 0.10714285714285714 0.4 24 1.0 0.125 0.5 23 1.0 0.13043478260869565 0.6 23 1.0 0.13043478260869565 0.7 23 1.0 0.13043478260869565 0.9 0 1 1
27 0.1 27 0.9259259259259259 0.07407407407407407 0.4 26 0.9615384615384616 0.07692307692307693 0.5 25 1.0 0.08 0.6 24 1.0 0.08333333333333333 0.7 24 1.0 0.08333333333333333 0.9 0 1 1
27 0.1 28 0.9285714285714286 0.07142857142857142 0.4 24 1.0 0.08333333333333333 0.5 23 1.0 0.08695652173913043 0.6 23 1.0 0.08695652173913043 0.7 22 1.0 0.09090909090909091 0.9 1 1.0 1.0
27 0.1 28 0.8928571428571429 0.0 0.4 23 1.0 0.0 0.5 22 1.0 0.0 0.6 22 1.0 0.0 0.7 22 1.0 0.0 0.9 1 1.0 0.0
27 0.1 29 0.896551724137931 0.06896551724137931 0.4 27 0.9629629629629629 0.07407407407407407 0.5 26 1.0 0.07692307692307693 0.6 26 1.0 0.07692307692307693 0.7 25 1.0 0.08 0.9 6 1.0 0.0
27 0.1 28 0.9285714285714286 0.03571428571428571 0.4 23 1.0 0.043478260869565216 0.5 22 1.0 0.045454545454545456 0.6 22 1.0 0.045454545454545456 0.7 22 1.0 0.045454545454545456 0.9 0 1 1
27 0.1 27 0.9259259259259259 0.1111111111111111 0.4 25 1.0 0.12 0.5 25 1.0 0.12 0.6 24 1.0 0.125 0.7 24 1.0 0.125 0.9 2 1.0 0.5
27 0.1 29 0.896551724137931 0.06896551724137931 0.4 25 1.0 0.08 0.5 25 1.0 0.08 0.6 25 1.0 0.08 0.7 25 1.0 0.08 0.9 3 1.0 0.0
27 0.1 27 0.9259259259259259 0.1111111111111111 0.4 25 1.0 0.12 0.5 25 1.0 0.12 0.6 25 1.0 0.12 0.7 25 1.0 0.12 0.9 3 1.0 0.3333333333333333
27 0.1 32 0.84375 0.09375 0.4 25 1.0 0.12 0.5 25 1.0 0.12 0.6 25 1.0 0.12 0.7 25 1.0 0.12 0.9 3 1.0 0.3333333333333333
27 0.1 28 0.9285714285714286 0.07142857142857142 0.4 26 0.9615384615384616 0.07692307692307693 0.5 25 1.0 0.08 0.6 25 1.0 0.08 0.7 25 1.0 0.08 0.9 2 1.0 0.5
27 0.1 30 0.8666666666666667 0.03333333333333333 0.4 25 0.96 0.04 0.5 24 1.0 0.041666666666666664 0.6 24 1.0 0.041666666666666664 0.7 24 1.0 0.041666666666666664 0.9 7 1.0 0.0
27 0.1 31 0.8709677419354839 0.06451612903225806 0.4 26 0.9615384615384616 0.07692307692307693 0.5 26 0.9615384615384616 0.07692307692307693 0.6 24 0.9583333333333334 0.08333333333333333 0.7 23 1.0 0.08695652173913043 0.9 5 1.0 0.2
27 0.1 30 0.9 0.03333333333333333 0.4 27 0.9629629629629629 0.037037037037037035 0.5 25 0.96 0.04 0.6 25 0.96 0.04 0.7 24 1.0 0.041666666666666664 0.9 6 1.0 0.0
27 0.1 28 0.9285714285714286 0.0 0.4 26 0.9615384615384616 0.0 0.5 26 0.9615384615384616 0.0 0.6 25 0.96 0.0 0.7 24 1.0 0.0 0.9 2 1.0 0.0
27 0.1 29 0.896551724137931 0.0 0.4 26 0.9615384615384616 0.0 0.5 26 0.9615384615384616 0.0 0.6 26 0.9615384615384616 0.0 0.7 25 1.0 0.0 0.9 2 1.0 0.0
27 0.1 31 0.8709677419354839 0.06451612903225806 0.4 27 0.9629629629629629 0.07407407407407407 0.5 25 1.0 0.08 0.6 25 1.0 0.08 0.7 25 1.0 0.08 0.9 2 1.0 0.5
27 0.1 29 0.8275862068965517 0.034482758620689655 0.4 21 1.0 0.047619047619047616 0.5 21 1.0 0.047619047619047616 0.6 21 1.0 0.047619047619047616 0.7 21 1.0 0.047619047619047616 0.9 0 1 1
27 0.1 27 0.8888888888888888 0.0 0.4 24 1.0 0.0 0.5 23 1.0 0.0 0.6 23 1.0 0.0 0.7 22 1.0 0.0 0.9 1 1.0 0.0
27 0.1 27 0.8888888888888888 0.037037037037037035 0.4 22 1.0 0.045454545454545456 0.5 22 1.0 0.045454545454545456 0.6 21 1.0 0.047619047619047616 0.7 20 1.0 0.05 0.9 1 1.0 1.0
27 0.1 28 0.8928571428571429 0.03571428571428571 0.4 24 1.0 0.041666666666666664 0.5 24 1.0 0.041666666666666664 0.6 24 1.0 0.041666666666666664 0.7 24 1.0 0.041666666666666664 0.9 5 1.0 0.0
27 0.1 29 0.896551724137931 0.034482758620689655 0.4 25 0.96 0.04 0.5 24 1.0 0.041666666666666664 0.6 24 1.0 0.041666666666666664 0.7 23 1.0 0.043478260869565216 0.9 5 1.0 0.0
27 0.1 29 0.896551724137931 0.034482758620689655 0.4 26 0.9615384615384616 0.038461538461538464 0.5 25 1.0 0.04 0.6 23 1.0 0.043478260869565216 0.7 23 1.0 0.043478260869565216 0.9 3 1.0 0.0
27 0.1 30 0.8666666666666667 0.06666666666666667 0.4 24 1.0 0.08333333333333333 0.5 24 1.0 0.08333333333333333 0.6 24 1.0 0.08333333333333333 0.7 23 1.0 0.08695652173913043 0.9 2 1.0 0.0
27 0.1 27 0.9259259259259259 0.07407407407407407 0.4 25 0.96 0.08 0.5 24 0.9583333333333334 0.08333333333333333 0.6 23 1.0 0.08695652173913043 0.7 23 1.0 0.08695652173913043 0.9 0 1 1
27 0.1 25 0.96 0.04 0.4 24 1.0 0.041666666666666664 0.5 24 1.0 0.041666666666666664 0.6 23 1.0 0.043478260869565216 0.7 23 1.0 0.043478260869565216 0.9 7 1.0 0.0
27 0.1 27 0.9259259259259259 0.0 0.4 23 1.0 0.0 0.5 23 1.0 0.0 0.6 23 1.0 0.0 0.7 23 1.0 0.0 0.9 4 1.0 0.0
27 0.1 28 0.9642857142857143 0.14285714285714285 0.4 26 0.9615384615384616 0.15384615384615385 0.5 25 0.96 0.16 0.6 24 0.9583333333333334 0.16666666666666666 0.7 22 1.0 0.18181818181818182 0.9 7 1.0 0.2857142857142857
27 0.1 29 0.896551724137931 0.0 0.4 26 0.9615384615384616 0.0 0.5 25 1.0 0.0 0.6 24 1.0 0.0 0.7 23 1.0 0.0 0.9 6 1.0 0.0
27 0.1 26 0.9615384615384616 0.038461538461538464 0.4 24 0.9583333333333334 0.041666666666666664 0.5 23 1.0 0.043478260869565216 0.6 21 1.0 0.047619047619047616 0.7 21 1.0 0.047619047619047616 0.9 8 1.0 0.125
27 0.1 27 0.9629629629629629 0.0 0.4 25 0.96 0.0 0.5 23 1.0 0.0 0.6 22 1.0 0.0 0.7 21 1.0 0.0 0.9 4 1.0 0.0
27 0.1 28 0.8928571428571429 0.07142857142857142 0.4 23 1.0 0.08695652173913043 0.5 22 1.0 0.09090909090909091 0.6 22 1.0 0.09090909090909091 0.7 20 1.0 0.1 0.9 0 1 1
27 0.1 28 0.8928571428571429 0.07142857142857142 0.4 23 0.9565217391304348 0.08695652173913043 0.5 22 0.9545454545454546 0.09090909090909091 0.6 20 1.0 0.1 0.7 20 1.0 0.1 0.9 0 1 1
27 0.1 31 0.8709677419354839 0.06451612903225806 0.4 26 0.9615384615384616 0.07692307692307693 0.5 25 0.96 0.08 0.6 24 1.0 0.08333333333333333 0.7 22 1.0 0.09090909090909091 0.9 0 1 1
27 0.1 30 0.9 0.0 0.4 25 0.96 0.0 0.5 22 1.0 0.0 0.6 22 1.0 0.0 0.7 22 1.0 0.0 0.9 1 1.0 0.0
27 0.1 30 0.9 0.03333333333333333 0.4 26 0.9230769230769231 0.038461538461538464 0.5 24 1.0 0.041666666666666664 0.6 24 1.0 0.041666666666666664 0.7 24 1.0 0.041666666666666664 0.9 7 1.0 0.14285714285714285
27 0.1 29 0.896551724137931 0.10344827586206896 0.4 25 0.96 0.12 0.5 24 1.0 0.125 0.6 24 1.0 0.125 0.7 24 1.0 0.125 0.9 4 1.0 0.25
27 0.1 29 0.896551724137931 0.10344827586206896 0.4 25 1.0 0.12 0.5 25 1.0 0.12 0.6 24 1.0 0.125 0.7 23 1.0 0.13043478260869565 0.9 3 1.0 0.0
27 0.1 29 0.896551724137931 0.06896551724137931 0.4 25 1.0 0.08 0.5 24 1.0 0.08333333333333333 0.6 23 1.0 0.08695652173913043 0.7 23 1.0 0.08695652173913043 0.9 7 1.0 0.14285714285714285
27 0.1 28 0.9285714285714286 0.21428571428571427 0.4 25 1.0 0.24 0.5 25 1.0 0.24 0.6 24 1.0 0.25 0.7 23 1.0 0.21739130434782608 0.9 7 1.0 0.2857142857142857
27 0.1 31 0.8387096774193549 0.03225806451612903 0.4 23 1.0 0.043478260869565216 0.5 22 1.0 0.045454545454545456 0.6 22 1.0 0.045454545454545456 0.7 21 1.0 0.047619047619047616 0.9 1 1.0 1.0
27 0.1 27 0.9629629629629629 0.07407407407407407 0.4 24 1.0 0.08333333333333333 0.5 24 1.0 0.08333333333333333 0.6 23 1.0 0.08695652173913043 0.7 22 1.0 0.09090909090909091 0.9 3 1.0 0.6666666666666666
27 0.1 26 0.9615384615384616 0.0 0.4 23 1.0 0.0 0.5 23 1.0 0.0 0.6 21 1.0 0.0 0.7 21 1.0 0.0 0.9 2 1.0 0.0
27 0.1 27 0.9259259259259259 0.037037037037037035 0.4 23 0.9565217391304348 0.043478260869565216 0.5 22 1.0 0.045454545454545456 0.6 22 1.0 0.045454545454545456 0.7 22 1.0 0.045454545454545456 0.9 1 1.0 0.0
27 0.1 28 0.8928571428571429 0.14285714285714285 0.4 26 0.9615384615384616 0.15384615384615385 0.5 25 0.96 0.16 0.6 22 1.0 0.18181818181818182 0.7 22 1.0 0.18181818181818182 0.9 1 1.0 0.0
27 0.1 27 0.9629629629629629 0.037037037037037035 0.4 27 0.9629629629629629 0.037037037037037035 0.5 26 1.0 0.038461538461538464 0.6 24 1.0 0.041666666666666664 0.7 22 1.0 0.045454545454545456 0.9 2 1.0 0.0
27 0.1 27 0.9629629629629629 0.037037037037037035 0.4 25 1.0 0.04 0.5 23 1.0 0.043478260869565216 0.6 22 1.0 0.045454545454545456 0.7 22 1.0 0.045454545454545456 0.9 1 1.0 0.0
