9 0.1 0 1 1 0.4 0 1 1 0.5 0 1 1 0.6 0 1 1 0.7 0 1 1 0.9 0 1 1
9 0.1 0 1 1 0.4 0 1 1 0.5 0 1 1 0.6 0 1 1 0.7 0 1 1 0.9 0 1 1
9 0.1 0 1 1 0.4 0 1 1 0.5 0 1 1 0.6 0 1 1 0.7 0 1 1 0.9 0 1 1
9 0.1 0 1 1 0.4 0 1 1 0.5 0 1 1 0.6 0 1 1 0.7 0 1 1 0.9 0 1 1
9 0.1 1 0.0 0.0 0.4 0 1 1 0.5 0 1 1 0.6 0 1 1 0.7 0 1 1 0.9 0 1 1
9 0.1 49 0.04081632653061224 0.0 0.4 0 1 1 0.5 0 1 1 0.6 0 1 1 0.7 0 1 1 0.9 0 1 1
9 0.1 58 0.08620689655172414 0.0 0.4 0 1 1 0.5 0 1 1 0.6 0 1 1 0.7 0 1 1 0.9 0 1 1
9 0.1 34 0.0 0.0 0.4 1 0.0 0.0 0.5 0 1 1 0.6 0 1 1 0.7 0 1 1 0.9 0 1 1
9 0.1 104 0.0673076923076923 0.0 0.4 3 0.3333333333333333 0.0 0.5 0 1 1 0.6 0 1 1 0.7 0 1 1 0.9 0 1 1
9 0.1 233 0.034334763948497854 0.0 0.4 28 0.14285714285714285 0.0 0.5 11 0.18181818181818182 0.0 0.6 1 0.0 0.0 0.7 0 1 1 0.9 0 1 1
9 0.1 210 0.04285714285714286 0.0 0.4 10 0.4 0.0 0.5 4 0.75 0.0 0.6 0 1 1 0.7 0 1 1 0.9 0 1 1
9 0.1 160 0.05625 0.0 0.4 9 0.3333333333333333 0.0 0.5 5 0.2 0.0 0.6 0 1 1 0.7 0 1 1 0.9 0 1 1
9 0.1 203 0.04433497536945813 0.0 0.4 12 0.25 0.0 0.5 1 0.0 0.0 0.6 0 1 1 0.7 0 1 1 0.9 0 1 1
9 0.1 162 0.04938271604938271 0.0 0.4 10 0.2 0.0 0.5 3 0.0 0.0 0.6 2 0.0 0.0 0.7 0 1 1 0.9 0 1 1
9 0.1 91 0.06593406593406594 0.0 0.4 1 0.0 0.0 0.5 0 1 1 0.6 0 1 1 0.7 0 1 1 0.9 0 1 1
9 0.1 55 0.09090909090909091 0.0 0.4 4 0.5 0.0 0.5 0 1 1 0.6 0 1 1 0.7 0 1 1 0.9 0 1 1
9 0.1 70 0.08571428571428572 0.0 0.4 4 0.25 0.0 0.5 2 0.0 0.0 0.6 0 1 1 0.7 0 1 1 0.9 0 1 1
9 0.1 169 0.047337278106508875 0.0 0.4 17 0.17647058823529413 0.0 0.5 9 0.2222222222222222 0.0 0.6 3 0.0 0.0 0.7 0 1 1 0.9 0 1 1
9 0.1 77 0.07792207792207792 0.0 0.4 5 0.2 0.0 0.5 4 0.0 0.0 0.6 0 1 1 0.7 0 1 1 0.9 0 1 1
9 0.1 104 0.057692307692307696 0.0 0.4 18 0.16666666666666666 0.0 0.5 11 0.2727272727272727 0.0 0.6 5 0.4 0.0 0.7 2 0.0 0.0 0.9 0 1 1
9 0.1 46 0.13043478260869565 0.0 0.4 2 0.5 0.0 0.5 0 1 1 0.6 0 1 1 0.7 0 1 1 0.9 0 1 1
9 0.1 185 0.03783783783783784 0.0 0.4 22 0.18181818181818182 0.0 0.5 6 0.16666666666666666 0.0 0.6 1 0.0 0.0 0.7 0 1 1 0.9 0 1 1
9 0.1 251 0.03187250996015936 0.0 0.4 57 0.10526315789473684 0.0 0.5 33 0.15151515151515152 0.0 0.6 18 0.2777777777777778 0.0 0.7 6 0.5 0.0 0.9 0 1 1
9 0.1 81 0.08641975308641975 0.0 0.4 14 0.2857142857142857 0.0 0.5 6 0.5 0.0 0.6 3 0.6666666666666666 0.0 0.7 1 0.0 0.0 0.9 0 1 1
9 0.1 120 0.075 0.0 0.4 13 0.38461538461538464 0.0 0.5 9 0.5555555555555556 0.0 0.6 4 0.75 0.0 0.7 2 0.5 0.0 0.9 0 1 1
9 0.1 231 0.03896103896103896 0.0 0.4 22 0.18181818181818182 0.0 0.5 5 0.4 0.0 0.6 1 1.0 0.0 0.7 0 1 1 0.9 0 1 1
9 0.1 40 0.175 0.0 0.4 12 0.4166666666666667 0.0 0.5 4 0.5 0.0 0.6 0 1 1 0.7 0 1 1 0.9 0 1 1
9 0.1 12 0.25 0.0 0.4 0 1 1 0.5 0 1 1 0.6 0 1 1 0.7 0 1 1 0.9 0 1 1
9 0.1 76 0.10526315789473684 0.0 0.4 24 0.16666666666666666 0.0 0.5 17 0.23529411764705882 0.0 0.6 11 0.36363636363636365 0.0 0.7 2 1.0 0.0 0.9 0 1 1
9 0.1 120 0.05 0.0 0.4 31 0.16129032258064516 0.0 0.5 18 0.2777777777777778 0.0 0.6 14 0.35714285714285715 0.0 0.7 7 0.5714285714285714 0.0 0.9 0 1 1
9 0.1 48 0.14583333333333334 0.0 0.4 13 0.3076923076923077 0.0 0.5 9 0.3333333333333333 0.0 0.6 2 0.5 0.0 0.7 0 1 1 0.9 0 1 1
9 0.1 32 0.1875 0.0 0.4 5 0.6 0.0 0.5 5 0.6 0.0 0.6 4 0.75 0.0 0.7 0 1 1 0.9 0 1 1
9 0.1 27 0.18518518518518517 0.0 0.4 8 0.375 0.0 0.5 6 0.3333333333333333 0.0 0.6 3 0.6666666666666666 0.0 0.7 0 1 1 0.9 0 1 1
9 0.1 32 0.25 0.0 0.4 9 0.3333333333333333 0.0 0.5 8 0.375 0.0 0.6 5 0.4 0.0 0.7 1 1.0 0.0 0.9 0 1 1
9 0.1 27 0.25925925925925924 0.0 0.4 5 0.6 0.0 0.5 4 0.75 0.0 0.6 2 1.0 0.0 0.7 1 1.0 0.0 0.9 0 1 1
9 0.1 5 0.2 0.0 0.4 0 1 1 0.5 0 1 1 0.6 0 1 1 0.7 0 1 1 0.9 0 1 1
9 0.1 27 0.2222222222222222 0.0 0.4 10 0.4 0.0 0.5 7 0.5714285714285714 0.0 0.6 3 1.0 0.0 0.7 2 1.0 0.0 0.9 0 1 1
9 0.1 51 0.13725490196078433 0.0 0.4 17 0.29411764705882354 0.0 0.5 11 0.45454545454545453 0.0 0.6 5 0.8 0.0 0.7 2 1.0 0.0 0.9 0 1 1
9 0.1 54 0.09259259259259259 0.0 0.4 0 1 1 0.5 0 1 1 0.6 0 1 1 0.7 0 1 1 0.9 0 1 1
9 0.1 44 0.1590909090909091 0.0 0.4 8 0.375 0.0 0.5 5 0.6 0.0 0.6 4 0.75 0.0 0.7 2 1.0 0.0 0.9 0 1 1
9 0.1 27 0.18518518518518517 0.0 0.4 5 0.6 0.0 0.5 4 0.75 0.0 0.6 3 1.0 0.0 0.7 2 1.0 0.0 0.9 0 1 1
9 0.1 12 0.25 0.0 0.4 1 1.0 0.0 0.5 0 1 1 0.6 0 1 1 0.7 0 1 1 0.9 0 1 1
9 0.1 2 0.0 0.0 0.4 2 0.0 0.0 0.5 1 0.0 0.0 0.6 1 0.0 0.0 0.7 0 1 1 0.9 0 1 1
9 0.1 4 0.0 0.0 0.4 1 0.0 0.0 0.5 1 0.0 0.0 0.6 1 0.0 0.0 0.7 0 1 1 0.9 0 1 1
9 0.1 11 0.2727272727272727 0.0 0.4 4 0.5 0.0 0.5 1 1.0 0.0 0.6 0 1 1 0.7 0 1 1 0.9 0 1 1
9 0.1 25 0.28 0.0 0.4 8 0.5 0.0 0.5 7 0.5714285714285714 0.0 0.6 5 0.8 0.0 0.7 2 1.0 0.0 0.9 0 1 1
9 0.1 22 0.18181818181818182 0.0 0.4 7 0.2857142857142857 0.0 0.5 4 0.5 0.0 0.6 2 0.5 0.0 0.7 0 1 1 0.9 0 1 1
9 0.1 8 0.625 0.0 0.4 2 0.5 0.0 0.5 1 1.0 0.0 0.6 0 1 1 0.7 0 1 1 0.9 0 1 1
9 0.1 13 0.38461538461538464 0.0 0.4 1 1.0 0.0 0.5 1 1.0 0.0 0.6 0 1 1 0.7 0 1 1 0.9 0 1 1
9 0.1 17 0.4117647058823529 0.0 0.4 5 0.6 0.0 0.5 2 1.0 0.0 0.6 1 1.0 0.0 0.7 0 1 1 0.9 0 1 1
9 0.1 35 0.2 0.0 0.4 8 0.625 0.0 0.5 4 0.75 0.0 0.6 1 1.0 0.0 0.7 1 1.0 0.0 0.9 0 1 1
9 0.1 21 0.2857142857142857 0.0 0.4 5 0.6 0.0 0.5 3 0.6666666666666666 0.0 0.6 1 1.0 0.0 0.7 1 1.0 0.0 0.9 0 1 1
9 0.1 35 0.17142857142857143 0.0 0.4 6 0.5 0.0 0.5 4 0.5 0.0 0.6 0 1 1 0.7 0 1 1 0.9 0 1 1
9 0.1 10 0.3 0.0 0.4 1 0.0 0.0 0.5 0 1 1 0.6 0 1 1 0.7 0 1 1 0.9 0 1 1
9 0.1 11 0.2727272727272727 0.0 0.4 4 0.75 0.0 0.5 2 0.5 0.0 0.6 1 1.0 0.0 0.7 0 1 1 0.9 0 1 1
9 0.1 16 0.375 0.0 0.4 4 0.75 0.0 0.5 3 0.6666666666666666 0.0 0.6 2 0.5 0.0 0.7 1 1.0 0.0 0.9 0 1 1
9 0.1 10 0.6 0.0 0.4 3 1.0 0.0 0.5 2 1.0 0.0 0.6 1 1.0 0.0 0.7 0 1 1 0.9 0 1 1
9 0.1 41 0.14634146341463414 0.0 0.4 15 0.26666666666666666 0.0 0.5 12 0.25 0.0 0.6 7 0.42857142857142855 0.0 0.7 4 0.5 0.0 0.9 0 1 1
9 0.1 58 0.1206896551724138 0.0 0.4 22 0.22727272727272727 0.0 0.5 12 0.4166666666666667 0.0 0.6 7 0.42857142857142855 0.0 0.7 0 1 1 0.9 0 1 1
9 0.1 32 0.21875 0.0 0.4 4 0.5 0.0 0.5 1 1.0 0.0 0.6 0 1 1 0.7 0 1 1 0.9 0 1 1
9 0.1 25 0.24 0.0 0.4 9 0.6666666666666666 0.0 0.5 7 0.8571428571428571 0.0 0.6 4 1.0 0.0 0.7 2 1.0 0.0 0.9 0 1 1
9 0.1 56 0.08928571428571429 0.0 0.4 14 0.21428571428571427 0.0 0.5 7 0.42857142857142855 0.0 0.6 3 0.6666666666666666 0.0 0.7 0 1 1 0.9 0 1 1
9 0.1 58 0.1206896551724138 0.0 0.4 16 0.375 0.0 0.5 12 0.5 0.0 0.6 6 0.6666666666666666 0.0 0.7 3 0.3333333333333333 0.0 0.9 0 1 1
9 0.1 9 0.4444444444444444 0.0 0.4 1 1.0 0.0 0.5 1 1.0 0.0 0.6 0 1 1 0.7 0 1 1 0.9 0 1 1
9 0.1 0 1 1 0.4 0 1 1 0.5 0 1 1 0.6 0 1 1 0.7 0 1 1 0.9 0 1 1
9 0.1 3 0.0 0.0 0.4 0 1 1 0.5 0 1 1 0.6 0 1 1 0.7 0 1 1 0.9 0 1 1
9 0.1 54 0.0 0.0 0.4 0 1 1 0.5 0 1 1 0.6 0 1 1 0.7 0 1 1 0.9 0 1 1
9 0.1 30 0.06666666666666667 0.0 0.4 0 1 1 0.5 0 1 1 0.6 0 1 1 0.7 0 1 1 0.9 0 1 1
9 0.1 51 0.0 0.0 0.4 0 1 1 0.5 0 1 1 0.6 0 1 1 0.7 0 1 1 0.9 0 1 1
9 0.1 1 0.0 0.0 0.4 0 1 1 0.5 0 1 1 0.6 0 1 1 0.7 0 1 1 0.9 0 1 1
9 0.1 0 1 1 0.4 0 1 1 0.5 0 1 1 0.6 0 1 1 0.7 0 1 1 0.9 0 1 1
9 0.1 1 0.0 0.0 0.4 0 1 1 0.5 0 1 1 0.6 0 1 1 0.7 0 1 1 0.9 0 1 1
9 0.1 0 1 1 0.4 0 1 1 0.5 0 1 1 0.6 0 1 1 0.7 0 1 1 0.9 0 1 1
9 0.1 3 0.0 0.0 0.4 0 1 1 0.5 0 1 1 0.6 0 1 1 0.7 0 1 1 0.9 0 1 1
9 0.1 41 0.14634146341463414 0.0 0.4 3 0.6666666666666666 0.0 0.5 1 0.0 0.0 0.6 0 1 1 0.7 0 1 1 0.9 0 1 1
9 0.1 28 0.10714285714285714 0.0 0.4 2 0.0 0.0 0.5 1 0.0 0.0 0.6 0 1 1 0.7 0 1 1 0.9 0 1 1
9 0.1 46 0.13043478260869565 0.0 0.4 0 1 1 0.5 0 1 1 0.6 0 1 1 0.7 0 1 1 0.9 0 1 1
9 0.1 4 0.25 0.0 0.4 0 1 1 0.5 0 1 1 0.6 0 1 1 0.7 0 1 1 0.9 0 1 1
9 0.1 36 0.16666666666666666 0.0 0.4 1 0.0 0.0 0.5 1 0.0 0.0 0.6 0 1 1 0.7 0 1 1 0.9 0 1 1
9 0.1 66 0.09090909090909091 0.0 0.4 1 0.0 0.0 0.5 0 1 1 0.6 0 1 1 0.7 0 1 1 0.9 0 1 1
9 0.1 19 0.21052631578947367 0.0 0.4 1 1.0 0.0 0.5 0 1 1 0.6 0 1 1 0.7 0 1 1 0.9 0 1 1
9 0.1 2 0.0 0.0 0.4 0 1 1 0.5 0 1 1 0.6 0 1 1 0.7 0 1 1 0.9 0 1 1
9 0.1 23 0.2608695652173913 0.0 0.4 6 0.5 0.0 0.5 1 1.0 0.0 0.6 0 1 1 0.7 0 1 1 0.9 0 1 1
9 0.1 30 0.2 0.0 0.4 6 0.5 0.0 0.5 3 0.6666666666666666 0.0 0.6 2 1.0 0.0 0.7 0 1 1 0.9 0 1 1
9 0.1 5 0.2 0.0 0.4 0 1 1 0.5 0 1 1 0.6 0 1 1 0.7 0 1 1 0.9 0 1 1
9 0.1 6 0.16666666666666666 0.0 0.4 0 1 1 0.5 0 1 1 0.6 0 1 1 0.7 0 1 1 0.9 0 1 1
9 0.1 172 0.03488372093023256 0.0 0.4 5 0.4 0.0 0.5 1 1.0 0.0 0.6 1 1.0 0.0 0.7 0 1 1 0.9 0 1 1
9 0.1 195 0.020512820512820513 0.0 0.4 4 0.25 0.0 0.5 0 1 1 0.6 0 1 1 0.7 0 1 1 0.9 0 1 1
9 0.1 230 0.030434782608695653 0.0 0.4 3 0.6666666666666666 0.0 0.5 1 1.0 0.0 0.6 0 1 1 0.7 0 1 1 0.9 0 1 1
9 0.1 38 0.15789473684210525 0.0 0.4 1 1.0 0.0 0.5 1 1.0 0.0 0.6 0 1 1 0.7 0 1 1 0.9 0 1 1
9 0.1 0 1 1 0.4 0 1 1 0.5 0 1 1 0.6 0 1 1 0.7 0 1 1 0.9 0 1 1
9 0.1 10 0.2 0.0 0.4 1 1.0 0.0 0.5 0 1 1 0.6 0 1 1 0.7 0 1 1 0.9 0 1 1
9 0.1 38 0.10526315789473684 0.0 0.4 5 0.4 0.0 0.5 2 0.5 0.0 0.6 0 1 1 0.7 0 1 1 0.9 0 1 1
9 0.1 26 0.19230769230769232 0.0 0.4 4 0.75 0.0 0.5 1 1.0 0.0 0.6 1 1.0 0.0 0.7 0 1 1 0.9 0 1 1
9 0.1 90 0.07777777777777778 0.0 0.4 6 0.3333333333333333 0.0 0.5 0 1 1 0.6 0 1 1 0.7 0 1 1 0.9 0 1 1
9 0.1 64 0.09375 0.0 0.4 6 0.3333333333333333 0.0 0.5 2 0.5 0.0 0.6 0 1 1 0.7 0 1 1 0.9 0 1 1
9 0.1 12 0.3333333333333333 0.0 0.4 1 1.0 0.0 0.5 1 1.0 0.0 0.6 0 1 1 0.7 0 1 1 0.9 0 1 1
9 0.1 33 0.15151515151515152 0.0 0.4 6 0.3333333333333333 0.0 0.5 2 0.5 0.0 0.6 1 1.0 0.0 0.7 0 1 1 0.9 0 1 1
9 0.1 20 0.3 0.0 0.4 2 0.5 0.0 0.5 1 0.0 0.0 0.6 0 1 1 0.7 0 1 1 0.9 0 1 1
9 0.1 8 0.5 0.0 0.4 2 1.0 0.0 0.5 1 1.0 0.0 0.6 0 1 1 0.7 0 1 1 0.9 0 1 1
9 0.1 80 0.075 0.0 0.4 8 0.5 0.0 0.5 5 0.8 0.0 0.6 2 0.5 0.0 0.7 0 1 1 0.9 0 1 1
9 0.1 50 0.1 0.0 0.4 11 0.18181818181818182 0.0 0.5 2 0.0 0.0 0.6 0 1 1 0.7 0 1 1 0.9 0 1 1
9 0.1 36 0.05555555555555555 0.0 0.4 7 0.0 0.0 0.5 2 0.0 0.0 0.6 0 1 1 0.7 0 1 1 0.9 0 1 1
9 0.1 26 0.07692307692307693 0.0 0.4 11 0.09090909090909091 0.0 0.5 3 0.3333333333333333 0.0 0.6 1 0.0 0.0 0.7 0 1 1 0.9 0 1 1
9 0.1 11 0.2727272727272727 0.0 0.4 3 0.6666666666666666 0.0 0.5 1 1.0 0.0 0.6 1 1.0 0.0 0.7 1 1.0 0.0 0.9 0 1 1
9 0.1 5 0.6 0.0 0.4 1 1.0 0.0 0.5 1 1.0 0.0 0.6 1 1.0 0.0 0.7 1 1.0 0.0 0.9 0 1 1
9 0.1 7 0.42857142857142855 0.0 0.4 1 1.0 0.0 0.5 0 1 1 0.6 0 1 1 0.7 0 1 1 0.9 0 1 1
9 0.1 2 0.0 0.0 0.4 0 1 1 0.5 0 1 1 0.6 0 1 1 0.7 0 1 1 0.9 0 1 1
9 0.1 7 0.7142857142857143 0.0 0.4 0 1 1 0.5 0 1 1 0.6 0 1 1 0.7 0 1 1 0.9 0 1 1
9 0.1 41 0.1951219512195122 0.0 0.4 5 0.6 0.0 0.5 3 1.0 0.0 0.6 1 1.0 0.0 0.7 0 1 1 0.9 0 1 1
9 0.1 26 0.3076923076923077 0.0 0.4 6 0.6666666666666666 0.0 0.5 3 1.0 0.0 0.6 3 1.0 0.0 0.7 1 1.0 0.0 0.9 0 1 1
9 0.1 23 0.30434782608695654 0.0 0.4 7 0.2857142857142857 0.0 0.5 2 1.0 0.0 0.6 2 1.0 0.0 0.7 1 1.0 0.0 0.9 0 1 1
9 0.1 15 0.4666666666666667 0.0 0.4 2 1.0 0.0 0.5 2 1.0 0.0 0.6 2 1.0 0.0 0.7 1 1.0 0.0 0.9 0 1 1
9 0.1 22 0.22727272727272727 0.0 0.4 4 0.75 0.0 0.5 2 1.0 0.0 0.6 1 1.0 0.0 0.7 0 1 1 0.9 0 1 1
9 0.1 30 0.26666666666666666 0.0 0.4 9 0.4444444444444444 0.0 0.5 6 0.5 0.0 0.6 3 0.6666666666666666 0.0 0.7 1 1.0 0.0 0.9 0 1 1
9 0.1 15 0.4666666666666667 0.0 0.4 7 0.2857142857142857 0.0 0.5 4 0.5 0.0 0.6 2 1.0 0.0 0.7 2 1.0 0.0 0.9 0 1 1
9 0.1 12 0.4166666666666667 0.08333333333333333 0.4 2 1.0 0.0 0.5 1 1.0 0.0 0.6 1 1.0 0.0 0.7 0 1 1 0.9 0 1 1
9 0.1 0 1 1 0.4 0 1 1 0.5 0 1 1 0.6 0 1 1 0.7 0 1 1 0.9 0 1 1
9 0.1 12 0.5833333333333334 0.0 0.4 3 0.6666666666666666 0.0 0.5 3 0.6666666666666666 0.0 0.6 1 1.0 0.0 0.7 0 1 1 0.9 0 1 1
9 0.1 14 0.35714285714285715 0.0 0.4 4 0.75 0.0 0.5 1 1.0 0.0 0.6 1 1.0 0.0 0.7 0 1 1 0.9 0 1 1
9 0.1 20 0.35 0.0 0.4 3 0.6666666666666666 0.0 0.5 2 1.0 0.0 0.6 2 1.0 0.0 0.7 1 1.0 0.0 0.9 0 1 1
9 0.1 12 0.5 0.0 0.4 2 1.0 0.0 0.5 1 1.0 0.0 0.6 1 1.0 0.0 0.7 0 1 1 0.9 0 1 1
9 0.1 33 0.24242424242424243 0.0 0.4 8 0.5 0.0 0.5 8 0.5 0.0 0.6 4 0.75 0.0 0.7 2 1.0 0.0 0.9 0 1 1
9 0.1 21 0.3333333333333333 0.0 0.4 5 0.8 0.0 0.5 2 1.0 0.0 0.6 1 1.0 0.0 0.7 1 1.0 0.0 0.9 0 1 1
9 0.1 35 0.14285714285714285 0.0 0.4 5 0.8 0.0 0.5 4 1.0 0.0 0.6 2 1.0 0.0 0.7 2 1.0 0.0 0.9 0 1 1
9 0.1 93 0.08602150537634409 0.010752688172043012 0.4 13 0.23076923076923078 0.0 0.5 6 0.3333333333333333 0.0 0.6 4 0.5 0.0 0.7 1 1.0 0.0 0.9 0 1 1
9 0.1 30 0.23333333333333334 0.0 0.4 4 1.0 0.0 0.5 3 1.0 0.0 0.6 2 1.0 0.0 0.7 1 1.0 0.0 0.9 0 1 1
9 0.1 18 0.3888888888888889 0.0 0.4 2 0.5 0.0 0.5 0 1 1 0.6 0 1 1 0.7 0 1 1 0.9 0 1 1
9 0.1 35 0.14285714285714285 0.0 0.4 3 0.3333333333333333 0.0 0.5 2 0.5 0.0 0.6 0 1 1 0.7 0 1 1 0.9 0 1 1
9 0.1 7 0.42857142857142855 0.0 0.4 3 0.3333333333333333 0.0 0.5 2 0.5 0.0 0.6 0 1 1 0.7 0 1 1 0.9 0 1 1
9 0.1 37 0.13513513513513514 0.0 0.4 8 0.5 0.0 0.5 5 0.4 0.0 0.6 1 1.0 0.0 0.7 1 1.0 0.0 0.9 0 1 1
9 0.1 90 0.06666666666666667 0.0 0.4 9 0.3333333333333333 0.0 0.5 4 0.5 0.0 0.6 0 1 1 0.7 0 1 1 0.9 0 1 1
9 0.1 90 0.06666666666666667 0.0 0.4 14 0.21428571428571427 0.0 0.5 10 0.3 0.0 0.6 5 0.4 0.0 0.7 3 0.6666666666666666 0.0 0.9 0 1 1
9 0.1 25 0.2 0.0 0.4 7 0.42857142857142855 0.0 0.5 3 0.6666666666666666 0.0 0.6 2 0.5 0.0 0.7 0 1 1 0.9 0 1 1
9 0.1 22 0.22727272727272727 0.0 0.4 2 1.0 0.0 0.5 2 1.0 0.0 0.6 2 1.0 0.0 0.7 1 1.0 0.0 0.9 0 1 1
9 0.1 20 0.15 0.0 0.4 9 0.3333333333333333 0.0 0.5 7 0.42857142857142855 0.0 0.6 5 0.6 0.0 0.7 2 0.5 0.0 0.9 0 1 1
9 0.1 16 0.375 0.0 0.4 6 0.6666666666666666 0.0 0.5 6 0.6666666666666666 0.0 0.6 5 0.6 0.0 0.7 2 1.0 0.0 0.9 0 1 1
9 0.1 15 0.4 0.0 0.4 7 0.5714285714285714 0.0 0.5 6 0.6666666666666666 0.0 0.6 5 0.6 0.0 0.7 3 0.6666666666666666 0.0 0.9 0 1 1
9 0.1 15 0.3333333333333333 0.0 0.4 9 0.4444444444444444 0.0 0.5 5 0.6 0.0 0.6 4 0.75 0.0 0.7 2 1.0 0.0 0.9 0 1 1
9 0.1 16 0.375 0.0 0.4 8 0.375 0.0 0.5 6 0.5 0.0 0.6 3 1.0 0.0 0.7 1 1.0 0.0 0.9 0 1 1
9 0.1 40 0.15 0.0 0.4 8 0.375 0.0 0.5 5 0.6 0.0 0.6 2 1.0 0.0 0.7 1 1.0 0.0 0.9 0 1 1
9 0.1 26 0.2692307692307692 0.0 0.4 9 0.3333333333333333 0.0 0.5 6 0.5 0.0 0.6 3 1.0 0.0 0.7 1 1.0 0.0 0.9 0 1 1
9 0.1 17 0.23529411764705882 0.0 0.4 6 0.5 0.0 0.5 3 0.6666666666666666 0.0 0.6 3 0.6666666666666666 0.0 0.7 2 1.0 0.0 0.9 0 1 1
9 0.1 11 0.36363636363636365 0.0 0.4 3 1.0 0.0 0.5 2 1.0 0.0 0.6 2 1.0 0.0 0.7 1 1.0 0.0 0.9 0 1 1
9 0.1 14 0.35714285714285715 0.0 0.4 6 0.6666666666666666 0.0 0.5 4 0.75 0.0 0.6 3 0.6666666666666666 0.0 0.7 2 1.0 0.0 0.9 0 1 1
9 0.1 7 0.5714285714285714 0.0 0.4 3 0.6666666666666666 0.0 0.5 2 1.0 0.0 0.6 2 1.0 0.0 0.7 1 1.0 0.0 0.9 0 1 1
9 0.1 48 0.14583333333333334 0.0 0.4 7 0.42857142857142855 0.0 0.5 3 1.0 0.0 0.6 1 1.0 0.0 0.7 0 1 1 0.9 0 1 1
9 0.1 16 0.375 0.0 0.4 7 0.7142857142857143 0.0 0.5 6 0.6666666666666666 0.0 0.6 5 0.8 0.0 0.7 2 1.0 0.0 0.9 0 1 1
9 0.1 22 0.36363636363636365 0.0 0.4 8 0.625 0.0 0.5 7 0.7142857142857143 0.0 0.6 6 0.8333333333333334 0.0 0.7 4 1.0 0.0 0.9 0 1 1
9 0.1 43 0.16279069767441862 0.0 0.4 8 0.375 0.0 0.5 5 0.6 0.0 0.6 3 0.6666666666666666 0.0 0.7 1 1.0 0.0 0.9 0 1 1
9 0.1 17 0.35294117647058826 0.0 0.4 5 0.8 0.0 0.5 5 0.8 0.0 0.6 3 1.0 0.0 0.7 2 1.0 0.0 0.9 0 1 1
9 0.1 16 0.375 0.0 0.4 7 0.7142857142857143 0.0 0.5 7 0.7142857142857143 0.0 0.6 5 1.0 0.0 0.7 1 1.0 0.0 0.9 0 1 1
9 0.1 19 0.3157894736842105 0.0 0.4 11 0.5454545454545454 0.0 0.5 9 0.5555555555555556 0.0 0.6 7 0.5714285714285714 0.0 0.7 3 0.6666666666666666 0.0 0.9 0 1 1
9 0.1 19 0.3684210526315789 0.0 0.4 8 0.5 0.0 0.5 7 0.5714285714285714 0.0 0.6 6 0.6666666666666666 0.0 0.7 4 0.75 0.0 0.9 0 1 1
9 0.1 29 0.20689655172413793 0.0 0.4 5 0.6 0.0 0.5 4 0.75 0.0 0.6 4 0.75 0.0 0.7 2 1.0 0.0 0.9 0 1 1
9 0.1 15 0.4666666666666667 0.0 0.4 5 0.8 0.0 0.5 3 0.6666666666666666 0.0 0.6 3 0.6666666666666666 0.0 0.7 2 1.0 0.0 0.9 0 1 1
9 0.1 31 0.1935483870967742 0.0 0.4 9 0.6666666666666666 0.0 0.5 5 0.8 0.0 0.6 2 1.0 0.0 0.7 2 1.0 0.0 0.9 0 1 1
9 0.1 18 0.3333333333333333 0.0 0.4 6 0.8333333333333334 0.0 0.5 3 1.0 0.0 0.6 2 1.0 0.0 0.7 1 1.0 0.0 0.9 0 1 1
9 0.1 63 0.12698412698412698 0.0 0.4 12 0.4166666666666667 0.0 0.5 7 0.42857142857142855 0.0 0.6 4 0.5 0.0 0.7 1 1.0 0.0 0.9 0 1 1
9 0.1 21 0.23809523809523808 0.0 0.4 8 0.5 0.0 0.5 7 0.5714285714285714 0.0 0.6 5 0.6 0.0 0.7 4 0.75 0.0 0.9 0 1 1
9 0.1 17 0.4117647058823529 0.0 0.4 8 0.625 0.0 0.5 8 0.625 0.0 0.6 6 0.5 0.0 0.7 4 0.5 0.0 0.9 0 1 1
9 0.1 19 0.2631578947368421 0.0 0.4 8 0.375 0.0 0.5 5 0.2 0.0 0.6 3 0.3333333333333333 0.0 0.7 1 0.0 0.0 0.9 0 1 1
9 0.1 18 0.3888888888888889 0.0 0.4 8 0.5 0.0 0.5 8 0.5 0.0 0.6 5 0.4 0.0 0.7 4 0.5 0.0 0.9 0 1 1
9 0.1 26 0.2692307692307692 0.0 0.4 9 0.2222222222222222 0.0 0.5 5 0.4 0.0 0.6 3 0.6666666666666666 0.0 0.7 1 0.0 0.0 0.9 0 1 1
9 0.1 35 0.2 0.0 0.4 9 0.4444444444444444 0.0 0.5 8 0.375 0.0 0.6 5 0.6 0.0 0.7 3 0.6666666666666666 0.0 0.9 0 1 1
9 0.1 19 0.3157894736842105 0.0 0.4 8 0.5 0.0 0.5 4 0.5 0.0 0.6 4 0.5 0.0 0.7 1 0.0 0.0 0.9 0 1 1
9 0.1 31 0.22580645161290322 0.0 0.4 4 0.5 0.0 0.5 3 0.6666666666666666 0.0 0.6 3 0.6666666666666666 0.0 0.7 1 1.0 0.0 0.9 0 1 1
9 0.1 34 0.17647058823529413 0.0 0.4 7 0.7142857142857143 0.0 0.5 4 0.75 0.0 0.6 3 0.6666666666666666 0.0 0.7 2 0.5 0.0 0.9 0 1 1
9 0.1 17 0.29411764705882354 0.0 0.4 10 0.5 0.0 0.5 9 0.5555555555555556 0.0 0.6 4 0.75 0.0 0.7 3 0.6666666666666666 0.0 0.9 0 1 1
9 0.1 13 0.38461538461538464 0.0 0.4 4 0.5 0.0 0.5 3 0.6666666666666666 0.0 0.6 3 0.6666666666666666 0.0 0.7 1 1.0 0.0 0.9 0 1 1
9 0.1 22 0.2727272727272727 0.0 0.4 7 0.5714285714285714 0.0 0.5 5 0.6 0.0 0.6 5 0.6 0.0 0.7 1 1.0 0.0 0.9 0 1 1
9 0.1 22 0.2727272727272727 0.0 0.4 8 0.75 0.0 0.5 6 0.6666666666666666 0.0 0.6 3 0.6666666666666666 0.0 0.7 2 1.0 0.0 0.9 0 1 1
9 0.1 13 0.46153846153846156 0.0 0.4 7 0.5714285714285714 0.0 0.5 6 0.6666666666666666 0.0 0.6 4 0.75 0.0 0.7 2 0.5 0.0 0.9 0 1 1
9 0.1 12 0.4166666666666667 0.0 0.4 8 0.5 0.0 0.5 6 0.5 0.0 0.6 3 0.6666666666666666 0.0 0.7 2 0.5 0.0 0.9 0 1 1
9 0.1 13 0.46153846153846156 0.0 0.4 8 0.625 0.0 0.5 7 0.7142857142857143 0.0 0.6 7 0.7142857142857143 0.0 0.7 3 0.6666666666666666 0.0 0.9 0 1 1
9 0.1 17 0.4117647058823529 0.0 0.4 8 0.625 0.0 0.5 7 0.5714285714285714 0.0 0.6 6 0.6666666666666666 0.0 0.7 4 0.5 0.0 0.9 0 1 1
9 0.1 13 0.5384615384615384 0.0 0.4 8 0.625 0.0 0.5 7 0.7142857142857143 0.0 0.6 7 0.7142857142857143 0.0 0.7 6 0.6666666666666666 0.0 0.9 0 1 1
9 0.1 10 0.5 0.0 0.4 7 0.7142857142857143 0.0 0.5 7 0.7142857142857143 0.0 0.6 6 0.6666666666666666 0.0 0.7 3 0.6666666666666666 0.0 0.9 0 1 1
9 0.1 11 0.45454545454545453 0.0 0.4 7 0.7142857142857143 0.0 0.5 5 0.6 0.0 0.6 4 0.5 0.0 0.7 3 0.3333333333333333 0.0 0.9 0 1 1
9 0.1 13 0.38461538461538464 0.0 0.4 8 0.625 0.0 0.5 6 0.6666666666666666 0.0 0.6 5 0.6 0.0 0.7 5 0.6 0.0 0.9 0 1 1
9 0.1 14 0.35714285714285715 0.0 0.4 10 0.4 0.0 0.5 10 0.4 0.0 0.6 8 0.5 0.0 0.7 6 0.6666666666666666 0.0 0.9 0 1 1
9 0.1 9 0.6666666666666666 0.0 0.4 8 0.625 0.0 0.5 6 0.6666666666666666 0.0 0.6 3 0.6666666666666666 0.0 0.7 3 0.6666666666666666 0.0 0.9 0 1 1
9 0.1 13 0.38461538461538464 0.0 0.4 9 0.5555555555555556 0.0 0.5 8 0.625 0.0 0.6 7 0.5714285714285714 0.0 0.7 7 0.5714285714285714 0.0 0.9 0 1 1
9 0.1 13 0.38461538461538464 0.0 0.4 7 0.7142857142857143 0.0 0.5 6 0.6666666666666666 0.0 0.6 6 0.6666666666666666 0.0 0.7 5 0.6 0.0 0.9 0 1 1
9 0.1 14 0.42857142857142855 0.0 0.4 6 0.6666666666666666 0.0 0.5 5 0.6 0.0 0.6 5 0.6 0.0 0.7 3 0.6666666666666666 0.0 0.9 0 1 1
9 0.1 14 0.35714285714285715 0.0 0.4 7 0.5714285714285714 0.0 0.5 7 0.5714285714285714 0.0 0.6 6 0.6666666666666666 0.0 0.7 5 0.6 0.0 0.9 0 1 1
9 0.1 13 0.38461538461538464 0.0 0.4 9 0.5555555555555556 0.0 0.5 8 0.625 0.0 0.6 6 0.6666666666666666 0.0 0.7 4 0.75 0.0 0.9 0 1 1
9 0.1 21 0.23809523809523808 0.0 0.4 11 0.45454545454545453 0.0 0.5 8 0.625 0.0 0.6 4 0.75 0.0 0.7 4 0.75 0.0 0.9 0 1 1
9 0.1 20 0.25 0.0 0.4 10 0.5 0.0 0.5 6 0.8333333333333334 0.0 0.6 5 0.8 0.0 0.7 3 1.0 0.0 0.9 0 1 1
9 0.1 17 0.35294117647058826 0.0 0.4 7 0.7142857142857143 0.0 0.5 6 0.6666666666666666 0.0 0.6 3 1.0 0.0 0.7 2 1.0 0.0 0.9 0 1 1
9 0.1 16 0.3125 0.0 0.4 9 0.5555555555555556 0.0 0.5 9 0.5555555555555556 0.0 0.6 7 0.7142857142857143 0.0 0.7 6 0.8333333333333334 0.0 0.9 0 1 1
9 0.1 25 0.24 0.0 0.4 12 0.5 0.0 0.5 9 0.4444444444444444 0.0 0.6 4 0.5 0.0 0.7 3 0.6666666666666666 0.0 0.9 0 1 1
9 0.1 22 0.2727272727272727 0.0 0.4 12 0.5 0.0 0.5 10 0.5 0.0 0.6 8 0.625 0.0 0.7 7 0.7142857142857143 0.0 0.9 0 1 1
9 0.1 15 0.4 0.0 0.4 10 0.6 0.0 0.5 8 0.625 0.0 0.6 8 0.625 0.0 0.7 6 0.8333333333333334 0.0 0.9 0 1 1
9 0.1 14 0.42857142857142855 0.0 0.4 7 0.7142857142857143 0.0 0.5 6 0.6666666666666666 0.0 0.6 6 0.6666666666666666 0.0 0.7 5 0.8 0.0 0.9 0 1 1
9 0.1 14 0.42857142857142855 0.0 0.4 8 0.625 0.0 0.5 7 0.7142857142857143 0.0 0.6 7 0.7142857142857143 0.0 0.7 6 0.8333333333333334 0.0 0.9 0 1 1
9 0.1 15 0.4 0.0 0.4 9 0.6666666666666666 0.0 0.5 8 0.75 0.0 0.6 7 0.7142857142857143 0.0 0.7 7 0.7142857142857143 0.0 0.9 0 1 1
9 0.1 11 0.36363636363636365 0.0 0.4 6 0.6666666666666666 0.0 0.5 5 0.6 0.0 0.6 5 0.6 0.0 0.7 4 0.75 0.0 0.9 0 1 1
9 0.1 18 0.2777777777777778 0.0 0.4 7 0.7142857142857143 0.0 0.5 6 0.6666666666666666 0.0 0.6 5 0.8 0.0 0.7 3 0.6666666666666666 0.0 0.9 0 1 1
9 0.1 29 0.20689655172413793 0.0 0.4 9 0.5555555555555556 0.0 0.5 8 0.5 0.0 0.6 8 0.5 0.0 0.7 2 0.5 0.0 0.9 0 1 1
9 0.1 16 0.25 0.0 0.4 9 0.3333333333333333 0.0 0.5 8 0.375 0.0 0.6 5 0.4 0.0 0.7 1 1.0 0.0 0.9 0 1 1
9 0.1 12 0.4166666666666667 0.0 0.4 6 0.6666666666666666 0.0 0.5 4 0.75 0.0 0.6 4 0.75 0.0 0.7 3 1.0 0.0 0.9 0 1 1
9 0.1 15 0.4 0.0 0.4 10 0.6 0.0 0.5 10 0.6 0.0 0.6 8 0.5 0.0 0.7 6 0.5 0.0 0.9 0 1 1
9 0.1 13 0.46153846153846156 0.0 0.4 9 0.5555555555555556 0.0 0.5 9 0.5555555555555556 0.0 0.6 8 0.625 0.0 0.7 4 1.0 0.0 0.9 0 1 1
9 0.1 8 0.625 0.0 0.4 5 0.8 0.0 0.5 3 0.6666666666666666 0.0 0.6 3 0.6666666666666666 0.0 0.7 1 1.0 0.0 0.9 0 1 1
9 0.1 12 0.4166666666666667 0.0 0.4 7 0.5714285714285714 0.0 0.5 6 0.5 0.0 0.6 2 0.5 0.0 0.7 1 1.0 0.0 0.9 0 1 1
9 0.1 10 0.5 0.0 0.4 6 0.6666666666666666 0.0 0.5 6 0.6666666666666666 0.0 0.6 5 0.8 0.0 0.7 2 1.0 0.0 0.9 0 1 1
9 0.1 13 0.46153846153846156 0.0 0.4 8 0.625 0.0 0.5 7 0.7142857142857143 0.0 0.6 6 0.6666666666666666 0.0 0.7 5 0.8 0.0 0.9 0 1 1
9 0.1 12 0.5 0.0 0.4 7 0.7142857142857143 0.0 0.5 7 0.7142857142857143 0.0 0.6 7 0.7142857142857143 0.0 0.7 6 0.6666666666666666 0.0 0.9 0 1 1
9 0.1 12 0.4166666666666667 0.0 0.4 8 0.625 0.0 0.5 6 0.5 0.0 0.6 2 1.0 0.0 0.7 2 1.0 0.0 0.9 0 1 1
9 0.1 18 0.2777777777777778 0.0 0.4 7 0.5714285714285714 0.0 0.5 2 0.5 0.0 0.6 1 1.0 0.0 0.7 1 1.0 0.0 0.9 0 1 1
9 0.1 16 0.3125 0.0 0.4 7 0.5714285714285714 0.0 0.5 6 0.6666666666666666 0.0 0.6 5 0.8 0.0 0.7 5 0.8 0.0 0.9 0 1 1
9 0.1 14 0.2857142857142857 0.0 0.4 6 0.6666666666666666 0.0 0.5 6 0.6666666666666666 0.0 0.6 5 0.8 0.0 0.7 5 0.8 0.0 0.9 0 1 1
9 0.1 13 0.38461538461538464 0.0 0.4 6 0.6666666666666666 0.0 0.5 6 0.6666666666666666 0.0 0.6 5 0.8 0.0 0.7 5 0.8 0.0 0.9 0 1 1
9 0.1 11 0.5454545454545454 0.0 0.4 7 0.5714285714285714 0.0 0.5 6 0.6666666666666666 0.0 0.6 4 0.75 0.0 0.7 2 1.0 0.0 0.9 0 1 1
9 0.1 13 0.5384615384615384 0.0 0.4 7 0.7142857142857143 0.0 0.5 6 0.6666666666666666 0.0 0.6 6 0.6666666666666666 0.0 0.7 6 0.6666666666666666 0.0 0.9 0 1 1
9 0.1 14 0.5 0.0 0.4 8 0.625 0.0 0.5 7 0.7142857142857143 0.0 0.6 7 0.7142857142857143 0.0 0.7 6 0.8333333333333334 0.0 0.9 0 1 1
9 0.1 17 0.29411764705882354 0.0 0.4 7 0.5714285714285714 0.0 0.5 7 0.5714285714285714 0.0 0.6 7 0.5714285714285714 0.0 0.7 5 0.6 0.0 0.9 0 1 1
9 0.1 15 0.4 0.0 0.4 9 0.6666666666666666 0.0 0.5 8 0.625 0.0 0.6 8 0.625 0.0 0.7 7 0.7142857142857143 0.0 0.9 0 1 1
9 0.1 13 0.46153846153846156 0.0 0.4 8 0.625 0.0 0.5 8 0.625 0.0 0.6 7 0.7142857142857143 0.0 0.7 7 0.7142857142857143 0.0 0.9 0 1 1
9 0.1 13 0.46153846153846156 0.0 0.4 8 0.625 0.0 0.5 7 0.5714285714285714 0.0 0.6 6 0.6666666666666666 0.0 0.7 5 0.6 0.0 0.9 0 1 1
9 0.1 12 0.5 0.0 0.4 7 0.7142857142857143 0.0 0.5 7 0.7142857142857143 0.0 0.6 5 0.8 0.0 0.7 4 0.75 0.0 0.9 0 1 1
9 0.1 11 0.36363636363636365 0.0 0.4 4 0.5 0.0 0.5 4 0.5 0.0 0.6 3 0.6666666666666666 0.0 0.7 3 0.6666666666666666 0.0 0.9 0 1 1
9 0.1 16 0.375 0.0 0.4 10 0.5 0.0 0.5 8 0.625 0.0 0.6 6 0.8333333333333334 0.0 0.7 5 0.8 0.0 0.9 0 1 1
9 0.1 10 0.5 0.0 0.4 6 0.6666666666666666 0.0 0.5 5 0.6 0.0 0.6 3 0.6666666666666666 0.0 0.7 3 0.6666666666666666 0.0 0.9 0 1 1
9 0.1 14 0.42857142857142855 0.0 0.4 9 0.6666666666666666 0.0 0.5 9 0.6666666666666666 0.0 0.6 9 0.6666666666666666 0.0 0.7 6 0.6666666666666666 0.0 0.9 0 1 1
9 0.1 13 0.46153846153846156 0.0 0.4 8 0.625 0.0 0.5 8 0.625 0.0 0.6 6 0.5 0.0 0.7 6 0.5 0.0 0.9 0 1 1
9 0.1 15 0.4 0.0 0.4 11 0.45454545454545453 0.0 0.5 9 0.5555555555555556 0.0 0.6 7 0.5714285714285714 0.0 0.7 5 0.6 0.0 0.9 0 1 1
9 0.1 16 0.375 0.0 0.4 8 0.625 0.0 0.5 8 0.625 0.0 0.6 7 0.5714285714285714 0.0 0.7 5 0.8 0.0 0.9 0 1 1
9 0.1 13 0.5384615384615384 0.0 0.4 7 0.5714285714285714 0.0 0.5 5 0.6 0.0 0.6 5 0.6 0.0 0.7 5 0.6 0.0 0.9 0 1 1
9 0.1 10 0.5 0.0 0.4 8 0.625 0.0 0.5 8 0.625 0.0 0.6 7 0.7142857142857143 0.0 0.7 5 0.8 0.0 0.9 0 1 1
9 0.1 13 0.46153846153846156 0.0 0.4 8 0.5 0.0 0.5 6 0.6666666666666666 0.0 0.6 5 0.6 0.0 0.7 4 0.5 0.0 0.9 0 1 1
9 0.1 11 0.45454545454545453 0.0 0.4 6 0.6666666666666666 0.0 0.5 5 0.8 0.0 0.6 5 0.8 0.0 0.7 4 0.75 0.0 0.9 0 1 1
9 0.1 11 0.45454545454545453 0.0 0.4 9 0.5555555555555556 0.0 0.5 7 0.5714285714285714 0.0 0.6 5 0.4 0.0 0.7 3 0.6666666666666666 0.0 0.9 0 1 1
9 0.1 9 0.4444444444444444 0.0 0.4 5 0.8 0.0 0.5 4 0.75 0.0 0.6 4 0.75 0.0 0.7 3 0.6666666666666666 0.0 0.9 0 1 1
9 0.1 15 0.26666666666666666 0.0 0.4 5 0.6 0.0 0.5 4 0.75 0.0 0.6 4 0.75 0.0 0.7 4 0.75 0.0 0.9 0 1 1
9 0.1 11 0.45454545454545453 0.0 0.4 7 0.7142857142857143 0.0 0.5 7 0.7142857142857143 0.0 0.6 6 0.6666666666666666 0.0 0.7 5 0.6 0.0 0.9 0 1 1
9 0.1 13 0.38461538461538464 0.0 0.4 4 0.75 0.0 0.5 4 0.75 0.0 0.6 4 0.75 0.0 0.7 4 0.75 0.0 0.9 0 1 1
9 0.1 13 0.38461538461538464 0.0 0.4 10 0.5 0.0 0.5 6 0.6666666666666666 0.0 0.6 6 0.6666666666666666 0.0 0.7 4 0.75 0.0 0.9 0 1 1
9 0.1 9 0.5555555555555556 0.0 0.4 7 0.7142857142857143 0.0 0.5 7 0.7142857142857143 0.0 0.6 6 0.6666666666666666 0.0 0.7 4 0.5 0.0 0.9 0 1 1
9 0.1 10 0.6 0.0 0.4 7 0.7142857142857143 0.0 0.5 7 0.7142857142857143 0.0 0.6 6 0.6666666666666666 0.0 0.7 4 0.75 0.0 0.9 0 1 1
9 0.1 13 0.38461538461538464 0.07692307692307693 0.4 6 0.5 0.16666666666666666 0.5 4 0.5 0.25 0.6 4 0.5 0.25 0.7 3 0.6666666666666666 0.3333333333333333 0.9 0 1 1
9 0.1 15 0.4 0.0 0.4 10 0.6 0.0 0.5 10 0.6 0.0 0.6 9 0.6666666666666666 0.0 0.7 7 0.7142857142857143 0.0 0.9 0 1 1
9 0.1 14 0.42857142857142855 0.0 0.4 7 0.7142857142857143 0.0 0.5 7 0.7142857142857143 0.0 0.6 7 0.7142857142857143 0.0 0.7 6 0.8333333333333334 0.0 0.9 0 1 1
9 0.1 14 0.42857142857142855 0.0 0.4 10 0.6 0.0 0.5 9 0.5555555555555556 0.0 0.6 8 0.625 0.0 0.7 7 0.7142857142857143 0.0 0.9 0 1 1
9 0.1 13 0.46153846153846156 0.0 0.4 8 0.625 0.0 0.5 8 0.625 0.0 0.6 7 0.5714285714285714 0.0 0.7 7 0.5714285714285714 0.0 0.9 0 1 1
9 0.1 10 0.4 0.0 0.4 6 0.6666666666666666 0.0 0.5 6 0.6666666666666666 0.0 0.6 6 0.6666666666666666 0.0 0.7 5 0.6 0.0 0.9 0 1 1
9 0.1 11 0.45454545454545453 0.0 0.4 7 0.7142857142857143 0.0 0.5 7 0.7142857142857143 0.0 0.6 7 0.7142857142857143 0.0 0.7 5 0.6 0.0 0.9 0 1 1
9 0.1 12 0.5 0.0 0.4 8 0.625 0.0 0.5 7 0.7142857142857143 0.0 0.6 7 0.7142857142857143 0.0 0.7 6 0.6666666666666666 0.0 0.9 0 1 1
9 0.1 12 0.5 0.0 0.4 8 0.625 0.0 0.5 7 0.7142857142857143 0.0 0.6 7 0.7142857142857143 0.0 0.7 6 0.6666666666666666 0.0 0.9 0 1 1
9 0.1 11 0.5454545454545454 0.0 0.4 7 0.7142857142857143 0.0 0.5 7 0.7142857142857143 0.0 0.6 7 0.7142857142857143 0.0 0.7 5 0.6 0.0 0.9 0 1 1
9 0.1 9 0.5555555555555556 0.0 0.4 7 0.7142857142857143 0.0 0.5 7 0.7142857142857143 0.0 0.6 7 0.7142857142857143 0.0 0.7 6 0.6666666666666666 0.0 0.9 0 1 1
9 0.1 14 0.42857142857142855 0.0 0.4 8 0.625 0.0 0.5 8 0.625 0.0 0.6 8 0.625 0.0 0.7 7 0.7142857142857143 0.0 0.9 0 1 1
9 0.1 9 0.5555555555555556 0.0 0.4 7 0.5714285714285714 0.0 0.5 6 0.6666666666666666 0.0 0.6 5 0.6 0.0 0.7 5 0.6 0.0 0.9 0 1 1
9 0.1 13 0.38461538461538464 0.0 0.4 7 0.7142857142857143 0.0 0.5 7 0.7142857142857143 0.0 0.6 7 0.7142857142857143 0.0 0.7 6 0.6666666666666666 0.0 0.9 0 1 1
9 0.1 13 0.46153846153846156 0.0 0.4 7 0.7142857142857143 0.0 0.5 7 0.7142857142857143 0.0 0.6 7 0.7142857142857143 0.0 0.7 6 0.6666666666666666 0.0 0.9 0 1 1
9 0.1 16 0.375 0.0 0.4 7 0.7142857142857143 0.0 0.5 7 0.7142857142857143 0.0 0.6 6 0.6666666666666666 0.0 0.7 6 0.6666666666666666 0.0 0.9 0 1 1
9 0.1 13 0.46153846153846156 0.0 0.4 8 0.625 0.0 0.5 7 0.7142857142857143 0.0 0.6 7 0.7142857142857143 0.0 0.7 6 0.6666666666666666 0.0 0.9 0 1 1
9 0.1 11 0.36363636363636365 0.0 0.4 7 0.5714285714285714 0.0 0.5 5 0.6 0.0 0.6 4 0.75 0.0 0.7 3 1.0 0.0 0.9 0 1 1
9 0.1 11 0.45454545454545453 0.0 0.4 7 0.5714285714285714 0.0 0.5 6 0.6666666666666666 0.0 0.6 6 0.6666666666666666 0.0 0.7 4 0.5 0.0 0.9 0 1 1
9 0.1 11 0.5454545454545454 0.0 0.4 7 0.7142857142857143 0.0 0.5 7 0.7142857142857143 0.0 0.6 6 0.6666666666666666 0.0 0.7 5 0.6 0.0 0.9 0 1 1
9 0.1 12 0.5 0.0 0.4 7 0.7142857142857143 0.0 0.5 7 0.7142857142857143 0.0 0.6 5 0.6 0.0 0.7 5 0.6 0.0 0.9 0 1 1
9 0.1 12 0.5 0.0 0.4 7 0.7142857142857143 0.0 0.5 7 0.7142857142857143 0.0 0.6 7 0.7142857142857143 0.0 0.7 7 0.7142857142857143 0.0 0.9 0 1 1
9 0.1 8 0.625 0.0 0.4 8 0.625 0.0 0.5 6 0.6666666666666666 0.0 0.6 6 0.6666666666666666 0.0 0.7 6 0.6666666666666666 0.0 0.9 0 1 1
9 0.1 10 0.6 0.0 0.4 7 0.7142857142857143 0.0 0.5 6 0.6666666666666666 0.0 0.6 6 0.6666666666666666 0.0 0.7 6 0.6666666666666666 0.0 0.9 0 1 1
9 0.1 11 0.45454545454545453 0.0 0.4 8 0.625 0.0 0.5 8 0.625 0.0 0.6 7 0.7142857142857143 0.0 0.7 6 0.6666666666666666 0.0 0.9 0 1 1
9 0.1 14 0.42857142857142855 0.0 0.4 9 0.5555555555555556 0.0 0.5 8 0.625 0.0 0.6 6 0.6666666666666666 0.0 0.7 6 0.6666666666666666 0.0 0.9 1 1.0 0.0
9 0.1 10 0.5 0.0 0.4 7 0.7142857142857143 0.0 0.5 6 0.6666666666666666 0.0 0.6 5 0.6 0.0 0.7 3 0.6666666666666666 0.0 0.9 0 1 1
9 0.1 11 0.45454545454545453 0.0 0.4 8 0.5 0.0 0.5 7 0.5714285714285714 0.0 0.6 6 0.6666666666666666 0.0 0.7 6 0.6666666666666666 0.0 0.9 0 1 1
9 0.1 12 0.4166666666666667 0.0 0.4 8 0.625 0.0 0.5 7 0.7142857142857143 0.0 0.6 7 0.7142857142857143 0.0 0.7 6 0.6666666666666666 0.0 0.9 0 1 1
9 0.1 8 0.625 0.0 0.4 4 0.5 0.0 0.5 4 0.5 0.0 0.6 3 0.6666666666666666 0.0 0.7 3 0.6666666666666666 0.0 0.9 0 1 1
9 0.1 10 0.5 0.0 0.4 7 0.7142857142857143 0.0 0.5 7 0.7142857142857143 0.0 0.6 6 0.6666666666666666 0.0 0.7 5 0.8 0.0 0.9 0 1 1
9 0.1 7 0.7142857142857143 0.0 0.4 6 0.6666666666666666 0.0 0.5 6 0.6666666666666666 0.0 0.6 6 0.6666666666666666 0.0 0.7 4 0.75 0.0 0.9 0 1 1
9 0.1 9 0.5555555555555556 0.0 0.4 7 0.7142857142857143 0.0 0.5 7 0.7142857142857143 0.0 0.6 7 0.7142857142857143 0.0 0.7 6 0.6666666666666666 0.0 0.9 0 1 1
9 0.1 11 0.5454545454545454 0.0 0.4 8 0.625 0.0 0.5 8 0.625 0.0 0.6 7 0.7142857142857143 0.0 0.7 7 0.7142857142857143 0.0 0.9 1 1.0 0.0
9 0.1 10 0.5 0.0 0.4 7 0.7142857142857143 0.0 0.5 7 0.7142857142857143 0.0 0.6 7 0.7142857142857143 0.0 0.7 7 0.7142857142857143 0.0 0.9 0 1 1
9 0.1 9 0.5555555555555556 0.0 0.4 7 0.7142857142857143 0.0 0.5 7 0.7142857142857143 0.0 0.6 7 0.7142857142857143 0.0 0.7 7 0.7142857142857143 0.0 0.9 0 1 1
9 0.1 11 0.45454545454545453 0.0 0.4 7 0.7142857142857143 0.0 0.5 7 0.7142857142857143 0.0 0.6 7 0.7142857142857143 0.0 0.7 7 0.7142857142857143 0.0 0.9 0 1 1
9 0.1 10 0.5 0.0 0.4 7 0.7142857142857143 0.0 0.5 7 0.7142857142857143 0.0 0.6 7 0.7142857142857143 0.0 0.7 6 0.6666666666666666 0.0 0.9 0 1 1
9 0.1 9 0.4444444444444444 0.0 0.4 6 0.6666666666666666 0.0 0.5 6 0.6666666666666666 0.0 0.6 5 0.8 0.0 0.7 5 0.8 0.0 0.9 0 1 1
9 0.1 10 0.5 0.0 0.4 8 0.625 0.0 0.5 7 0.7142857142857143 0.0 0.6 7 0.7142857142857143 0.0 0.7 7 0.7142857142857143 0.0 0.9 0 1 1
9 0.1 11 0.45454545454545453 0.0 0.4 9 0.5555555555555556 0.0 0.5 7 0.7142857142857143 0.0 0.6 7 0.7142857142857143 0.0 0.7 7 0.7142857142857143 0.0 0.9 0 1 1
9 0.1 13 0.46153846153846156 0.0 0.4 7 0.7142857142857143 0.0 0.5 7 0.7142857142857143 0.0 0.6 6 0.6666666666666666 0.0 0.7 5 0.8 0.0 0.9 1 1.0 0.0
9 0.1 12 0.5 0.0 0.4 7 0.7142857142857143 0.0 0.5 7 0.7142857142857143 0.0 0.6 7 0.7142857142857143 0.0 0.7 6 0.8333333333333334 0.0 0.9 0 1 1
9 0.1 10 0.4 0.0 0.4 6 0.6666666666666666 0.0 0.5 6 0.6666666666666666 0.0 0.6 6 0.6666666666666666 0.0 0.7 3 0.6666666666666666 0.0 0.9 0 1 1
9 0.1 11 0.45454545454545453 0.0 0.4 6 0.6666666666666666 0.0 0.5 6 0.6666666666666666 0.0 0.6 5 0.6 0.0 0.7 3 0.6666666666666666 0.0 0.9 0 1 1
9 0.1 13 0.46153846153846156 0.0 0.4 9 0.5555555555555556 0.0 0.5 8 0.625 0.0 0.6 7 0.7142857142857143 0.0 0.7 7 0.7142857142857143 0.0 0.9 0 1 1
9 0.1 13 0.46153846153846156 0.0 0.4 9 0.5555555555555556 0.0 0.5 7 0.7142857142857143 0.0 0.6 6 0.6666666666666666 0.0 0.7 6 0.6666666666666666 0.0 0.9 0 1 1
9 0.1 13 0.46153846153846156 0.0 0.4 8 0.625 0.0 0.5 7 0.7142857142857143 0.0 0.6 7 0.7142857142857143 0.0 0.7 7 0.7142857142857143 0.0 0.9 0 1 1
9 0.1 13 0.46153846153846156 0.0 0.4 7 0.7142857142857143 0.0 0.5 7 0.7142857142857143 0.0 0.6 7 0.7142857142857143 0.0 0.7 7 0.7142857142857143 0.0 0.9 0 1 1
9 0.1 13 0.46153846153846156 0.0 0.4 8 0.625 0.0 0.5 8 0.625 0.0 0.6 7 0.7142857142857143 0.0 0.7 7 0.7142857142857143 0.0 0.9 0 1 1
9 0.1 12 0.5 0.0 0.4 7 0.7142857142857143 0.0 0.5 7 0.7142857142857143 0.0 0.6 7 0.7142857142857143 0.0 0.7 7 0.7142857142857143 0.0 0.9 0 1 1
9 0.1 12 0.5 0.0 0.4 9 0.6666666666666666 0.0 0.5 8 0.75 0.0 0.6 7 0.7142857142857143 0.0 0.7 7 0.7142857142857143 0.0 0.9 0 1 1
9 0.1 11 0.45454545454545453 0.0 0.4 8 0.5 0.0 0.5 6 0.6666666666666666 0.0 0.6 6 0.6666666666666666 0.0 0.7 5 0.6 0.0 0.9 0 1 1
9 0.1 10 0.6 0.0 0.4 7 0.7142857142857143 0.0 0.5 7 0.7142857142857143 0.0 0.6 7 0.7142857142857143 0.0 0.7 7 0.7142857142857143 0.0 0.9 0 1 1
9 0.1 8 0.625 0.0 0.4 7 0.7142857142857143 0.0 0.5 6 0.6666666666666666 0.0 0.6 6 0.6666666666666666 0.0 0.7 5 0.6 0.0 0.9 0 1 1
9 0.1 11 0.5454545454545454 0.0 0.4 7 0.7142857142857143 0.0 0.5 7 0.7142857142857143 0.0 0.6 7 0.7142857142857143 0.0 0.7 7 0.7142857142857143 0.0 0.9 0 1 1
9 0.1 11 0.5454545454545454 0.0 0.4 7 0.7142857142857143 0.0 0.5 7 0.7142857142857143 0.0 0.6 7 0.7142857142857143 0.0 0.7 7 0.7142857142857143 0.0 0.9 0 1 1
9 0.1 10 0.5 0.0 0.4 7 0.7142857142857143 0.0 0.5 7 0.7142857142857143 0.0 0.6 7 0.7142857142857143 0.0 0.7 7 0.7142857142857143 0.0 0.9 0 1 1
9 0.1 8 0.75 0.0 0.4 7 0.7142857142857143 0.0 0.5 7 0.7142857142857143 0.0 0.6 7 0.7142857142857143 0.0 0.7 5 0.6 0.0 0.9 0 1 1
