6 0.1 0 1 1 0.4 0 1 1 0.5 0 1 1 0.6 0 1 1 0.7 0 1 1 0.9 0 1 1
6 0.1 2 0.0 0.0 0.4 0 1 1 0.5 0 1 1 0.6 0 1 1 0.7 0 1 1 0.9 0 1 1
6 0.1 2 0.0 0.0 0.4 0 1 1 0.5 0 1 1 0.6 0 1 1 0.7 0 1 1 0.9 0 1 1
6 0.1 1 0.0 0.0 0.4 0 1 1 0.5 0 1 1 0.6 0 1 1 0.7 0 1 1 0.9 0 1 1
6 0.1 4 0.25 0.0 0.4 0 1 1 0.5 0 1 1 0.6 0 1 1 0.7 0 1 1 0.9 0 1 1
6 0.1 39 0.1282051282051282 0.0 0.4 1 0.0 0.0 0.5 1 0.0 0.0 0.6 1 0.0 0.0 0.7 0 1 1 0.9 0 1 1
6 0.1 36 0.1111111111111111 0.0 0.4 0 1 1 0.5 0 1 1 0.6 0 1 1 0.7 0 1 1 0.9 0 1 1
6 0.1 56 0.07142857142857142 0.0 0.4 6 0.16666666666666666 0.0 0.5 4 0.0 0.0 0.6 0 1 1 0.7 0 1 1 0.9 0 1 1
6 0.1 139 0.04316546762589928 0.0 0.4 13 0.3076923076923077 0.0 0.5 3 0.3333333333333333 0.0 0.6 1 0.0 0.0 0.7 0 1 1 0.9 0 1 1
6 0.1 178 0.033707865168539325 0.0 0.4 32 0.1875 0.0 0.5 17 0.23529411764705882 0.0 0.6 5 0.8 0.0 0.7 1 1.0 0.0 0.9 0 1 1
6 0.1 173 0.03468208092485549 0.0 0.4 29 0.13793103448275862 0.0 0.5 13 0.23076923076923078 0.0 0.6 2 0.0 0.0 0.7 0 1 1 0.9 0 1 1
6 0.1 89 0.06741573033707865 0.0 0.4 22 0.2727272727272727 0.0 0.5 10 0.4 0.0 0.6 3 0.6666666666666666 0.0 0.7 0 1 1 0.9 0 1 1
6 0.1 96 0.0625 0.0 0.4 17 0.29411764705882354 0.0 0.5 8 0.375 0.0 0.6 4 0.25 0.0 0.7 0 1 1 0.9 0 1 1
6 0.1 68 0.08823529411764706 0.0 0.4 15 0.3333333333333333 0.0 0.5 6 0.5 0.0 0.6 4 0.5 0.0 0.7 1 1.0 0.0 0.9 0 1 1
6 0.1 45 0.1111111111111111 0.0 0.4 4 0.5 0.0 0.5 1 1.0 0.0 0.6 0 1 1 0.7 0 1 1 0.9 0 1 1
6 0.1 29 0.1724137931034483 0.0 0.4 6 0.3333333333333333 0.0 0.5 2 0.5 0.0 0.6 1 1.0 0.0 0.7 0 1 1 0.9 0 1 1
6 0.1 48 0.10416666666666667 0.0 0.4 10 0.4 0.0 0.5 9 0.4444444444444444 0.0 0.6 6 0.3333333333333333 0.0 0.7 2 0.5 0.0 0.9 0 1 1
6 0.1 72 0.06944444444444445 0.0 0.4 17 0.29411764705882354 0.0 0.5 7 0.5714285714285714 0.0 0.6 7 0.5714285714285714 0.0 0.7 3 0.6666666666666666 0.0 0.9 0 1 1
6 0.1 48 0.10416666666666667 0.0 0.4 13 0.3076923076923077 0.0 0.5 8 0.375 0.0 0.6 5 0.4 0.0 0.7 1 1.0 0.0 0.9 0 1 1
6 0.1 62 0.08064516129032258 0.0 0.4 16 0.25 0.0 0.5 12 0.3333333333333333 0.0 0.6 11 0.36363636363636365 0.0 0.7 6 0.5 0.0 0.9 0 1 1
6 0.1 33 0.18181818181818182 0.0 0.4 5 0.4 0.0 0.5 2 0.5 0.0 0.6 0 1 1 0.7 0 1 1 0.9 0 1 1
6 0.1 64 0.09375 0.0 0.4 15 0.3333333333333333 0.0 0.5 6 0.6666666666666666 0.0 0.6 2 1.0 0.0 0.7 0 1 1 0.9 0 1 1
6 0.1 114 0.03508771929824561 0.0 0.4 33 0.12121212121212122 0.0 0.5 26 0.15384615384615385 0.0 0.6 19 0.21052631578947367 0.0 0.7 14 0.21428571428571427 0.0 0.9 0 1 1
6 0.1 48 0.125 0.0 0.4 11 0.36363636363636365 0.0 0.5 10 0.4 0.0 0.6 7 0.42857142857142855 0.0 0.7 5 0.6 0.0 0.9 0 1 1
6 0.1 33 0.15151515151515152 0.0 0.4 9 0.5555555555555556 0.0 0.5 8 0.625 0.0 0.6 7 0.7142857142857143 0.0 0.7 4 0.75 0.0 0.9 0 1 1
6 0.1 66 0.09090909090909091 0.0 0.4 21 0.23809523809523808 0.0 0.5 15 0.3333333333333333 0.0 0.6 8 0.5 0.0 0.7 0 1 1 0.9 0 1 1
6 0.1 22 0.2727272727272727 0.0 0.4 12 0.3333333333333333 0.0 0.5 7 0.5714285714285714 0.0 0.6 5 0.8 0.0 0.7 3 0.6666666666666666 0.0 0.9 0 1 1
6 0.1 8 0.25 0.0 0.4 1 1.0 0.0 0.5 0 1 1 0.6 0 1 1 0.7 0 1 1 0.9 0 1 1
6 0.1 40 0.15 0.0 0.4 23 0.21739130434782608 0.0 0.5 19 0.21052631578947367 0.0 0.6 16 0.25 0.0 0.7 10 0.4 0.0 0.9 0 1 1
6 0.1 52 0.11538461538461539 0.0 0.4 18 0.2777777777777778 0.0 0.5 16 0.25 0.0 0.6 11 0.36363636363636365 0.0 0.7 10 0.4 0.0 0.9 1 1.0 0.0
6 0.1 30 0.2 0.0 0.4 15 0.26666666666666666 0.0 0.5 10 0.4 0.0 0.6 5 0.4 0.0 0.7 3 0.6666666666666666 0.0 0.9 0 1 1
6 0.1 20 0.25 0.0 0.4 7 0.42857142857142855 0.0 0.5 5 0.6 0.0 0.6 2 1.0 0.0 0.7 1 1.0 0.0 0.9 0 1 1
6 0.1 16 0.375 0.0 0.4 10 0.4 0.0 0.5 5 0.6 0.0 0.6 4 0.75 0.0 0.7 1 1.0 0.0 0.9 0 1 1
6 0.1 20 0.25 0.0 0.4 9 0.5555555555555556 0.0 0.5 7 0.5714285714285714 0.0 0.6 3 0.6666666666666666 0.0 0.7 2 1.0 0.0 0.9 0 1 1
6 0.1 17 0.35294117647058826 0.0 0.4 9 0.5555555555555556 0.0 0.5 6 0.6666666666666666 0.0 0.6 4 1.0 0.0 0.7 1 1.0 0.0 0.9 0 1 1
6 0.1 6 0.6666666666666666 0.0 0.4 4 0.75 0.0 0.5 3 1.0 0.0 0.6 2 1.0 0.0 0.7 1 1.0 0.0 0.9 0 1 1
6 0.1 18 0.3333333333333333 0.0 0.4 10 0.4 0.0 0.5 9 0.4444444444444444 0.0 0.6 6 0.6666666666666666 0.0 0.7 4 0.75 0.0 0.9 0 1 1
6 0.1 31 0.1935483870967742 0.0 0.4 16 0.3125 0.0 0.5 11 0.36363636363636365 0.0 0.6 7 0.5714285714285714 0.0 0.7 6 0.6666666666666666 0.0 0.9 0 1 1
6 0.1 34 0.17647058823529413 0.0 0.4 0 1 1 0.5 0 1 1 0.6 0 1 1 0.7 0 1 1 0.9 0 1 1
6 0.1 24 0.25 0.0 0.4 11 0.36363636363636365 0.0 0.5 6 0.6666666666666666 0.0 0.6 4 0.75 0.0 0.7 3 1.0 0.0 0.9 0 1 1
6 0.1 11 0.45454545454545453 0.0 0.4 6 0.8333333333333334 0.0 0.5 4 1.0 0.0 0.6 4 1.0 0.0 0.7 3 1.0 0.0 0.9 0 1 1
6 0.1 18 0.2777777777777778 0.0 0.4 5 0.8 0.0 0.5 5 0.8 0.0 0.6 3 1.0 0.0 0.7 2 1.0 0.0 0.9 0 1 1
6 0.1 3 0.6666666666666666 0.0 0.4 1 1.0 0.0 0.5 1 1.0 0.0 0.6 1 1.0 0.0 0.7 0 1 1 0.9 0 1 1
6 0.1 3 0.6666666666666666 0.0 0.4 1 1.0 0.0 0.5 1 1.0 0.0 0.6 1 1.0 0.0 0.7 0 1 1 0.9 0 1 1
6 0.1 6 0.6666666666666666 0.0 0.4 2 1.0 0.0 0.5 1 1.0 0.0 0.6 1 1.0 0.0 0.7 1 1.0 0.0 0.9 0 1 1
6 0.1 20 0.3 0.0 0.4 8 0.5 0.0 0.5 7 0.5714285714285714 0.0 0.6 7 0.5714285714285714 0.0 0.7 4 1.0 0.0 0.9 0 1 1
6 0.1 18 0.2777777777777778 0.0 0.4 7 0.5714285714285714 0.0 0.5 6 0.6666666666666666 0.0 0.6 6 0.6666666666666666 0.0 0.7 4 0.75 0.0 0.9 0 1 1
6 0.1 11 0.36363636363636365 0.0 0.4 2 1.0 0.0 0.5 1 1.0 0.0 0.6 1 1.0 0.0 0.7 1 1.0 0.0 0.9 0 1 1
6 0.1 20 0.25 0.0 0.4 7 0.5714285714285714 0.0 0.5 4 1.0 0.0 0.6 3 1.0 0.0 0.7 2 1.0 0.0 0.9 0 1 1
6 0.1 17 0.35294117647058826 0.0 0.4 10 0.5 0.0 0.5 7 0.7142857142857143 0.0 0.6 5 0.8 0.0 0.7 2 1.0 0.0 0.9 0 1 1
6 0.1 16 0.3125 0.0 0.4 8 0.625 0.0 0.5 7 0.7142857142857143 0.0 0.6 6 0.8333333333333334 0.0 0.7 4 0.75 0.0 0.9 0 1 1
6 0.1 17 0.29411764705882354 0.058823529411764705 0.4 7 0.7142857142857143 0.14285714285714285 0.5 6 0.8333333333333334 0.16666666666666666 0.6 5 0.8 0.2 0.7 3 1.0 0.3333333333333333 0.9 0 1 1
6 0.1 18 0.2777777777777778 0.05555555555555555 0.4 8 0.5 0.125 0.5 5 0.8 0.2 0.6 3 0.6666666666666666 0.3333333333333333 0.7 2 1.0 0.5 0.9 0 1 1
6 0.1 16 0.3125 0.0 0.4 4 0.75 0.0 0.5 1 1.0 0.0 0.6 0 1 1 0.7 0 1 1 0.9 0 1 1
6 0.1 6 0.6666666666666666 0.0 0.4 1 1.0 0.0 0.5 1 1.0 0.0 0.6 1 1.0 0.0 0.7 1 1.0 0.0 0.9 0 1 1
6 0.1 12 0.5 0.0 0.4 5 0.8 0.0 0.5 3 0.6666666666666666 0.0 0.6 3 0.6666666666666666 0.0 0.7 2 1.0 0.0 0.9 0 1 1
6 0.1 10 0.5 0.0 0.4 3 1.0 0.0 0.5 2 1.0 0.0 0.6 2 1.0 0.0 0.7 2 1.0 0.0 0.9 0 1 1
6 0.1 13 0.46153846153846156 0.0 0.4 8 0.625 0.0 0.5 7 0.7142857142857143 0.0 0.6 7 0.7142857142857143 0.0 0.7 4 1.0 0.0 0.9 1 1.0 0.0
6 0.1 35 0.17142857142857143 0.0 0.4 9 0.5555555555555556 0.0 0.5 9 0.5555555555555556 0.0 0.6 7 0.5714285714285714 0.0 0.7 5 0.8 0.0 0.9 0 1 1
6 0.1 33 0.18181818181818182 0.0 0.4 10 0.5 0.0 0.5 8 0.5 0.0 0.6 4 1.0 0.0 0.7 2 1.0 0.0 0.9 0 1 1
6 0.1 21 0.2857142857142857 0.0 0.4 10 0.6 0.0 0.5 8 0.75 0.0 0.6 7 0.7142857142857143 0.0 0.7 4 1.0 0.0 0.9 1 1.0 0.0
6 0.1 41 0.14634146341463414 0.0 0.4 11 0.36363636363636365 0.0 0.5 6 0.5 0.0 0.6 4 0.75 0.0 0.7 1 1.0 0.0 0.9 0 1 1
6 0.1 31 0.1935483870967742 0.0 0.4 15 0.4 0.0 0.5 13 0.46153846153846156 0.0 0.6 10 0.6 0.0 0.7 7 0.7142857142857143 0.0 0.9 1 1.0 0.0
6 0.1 10 0.5 0.0 0.4 4 0.75 0.0 0.5 3 1.0 0.0 0.6 3 1.0 0.0 0.7 1 1.0 0.0 0.9 0 1 1
6 0.1 1 1.0 0.0 0.4 0 1 1 0.5 0 1 1 0.6 0 1 1 0.7 0 1 1 0.9 0 1 1
6 0.1 0 1 1 0.4 0 1 1 0.5 0 1 1 0.6 0 1 1 0.7 0 1 1 0.9 0 1 1
6 0.1 54 0.0 0.0 0.4 0 1 1 0.5 0 1 1 0.6 0 1 1 0.7 0 1 1 0.9 0 1 1
6 0.1 7 0.0 0.0 0.4 2 0.0 0.0 0.5 0 1 1 0.6 0 1 1 0.7 0 1 1 0.9 0 1 1
6 0.1 14 0.0 0.0 0.4 0 1 1 0.5 0 1 1 0.6 0 1 1 0.7 0 1 1 0.9 0 1 1
6 0.1 0 1 1 0.4 0 1 1 0.5 0 1 1 0.6 0 1 1 0.7 0 1 1 0.9 0 1 1
6 0.1 0 1 1 0.4 0 1 1 0.5 0 1 1 0.6 0 1 1 0.7 0 1 1 0.9 0 1 1
6 0.1 0 1 1 0.4 0 1 1 0.5 0 1 1 0.6 0 1 1 0.7 0 1 1 0.9 0 1 1
6 0.1 0 1 1 0.4 0 1 1 0.5 0 1 1 0.6 0 1 1 0.7 0 1 1 0.9 0 1 1
6 0.1 2 1.0 0.0 0.4 0 1 1 0.5 0 1 1 0.6 0 1 1 0.7 0 1 1 0.9 0 1 1
6 0.1 17 0.29411764705882354 0.0 0.4 6 0.6666666666666666 0.0 0.5 2 0.5 0.0 0.6 1 0.0 0.0 0.7 0 1 1 0.9 0 1 1
6 0.1 17 0.29411764705882354 0.0 0.4 0 1 1 0.5 0 1 1 0.6 0 1 1 0.7 0 1 1 0.9 0 1 1
6 0.1 7 0.42857142857142855 0.0 0.4 1 0.0 0.0 0.5 1 0.0 0.0 0.6 0 1 1 0.7 0 1 1 0.9 0 1 1
6 0.1 2 1.0 0.0 0.4 0 1 1 0.5 0 1 1 0.6 0 1 1 0.7 0 1 1 0.9 0 1 1
6 0.1 31 0.16129032258064516 0.0 0.4 3 1.0 0.0 0.5 0 1 1 0.6 0 1 1 0.7 0 1 1 0.9 0 1 1
6 0.1 27 0.14814814814814814 0.0 0.4 1 0.0 0.0 0.5 0 1 1 0.6 0 1 1 0.7 0 1 1 0.9 0 1 1
6 0.1 18 0.2777777777777778 0.0 0.4 2 1.0 0.0 0.5 1 1.0 0.0 0.6 1 1.0 0.0 0.7 0 1 1 0.9 0 1 1
6 0.1 2 1.0 0.0 0.4 0 1 1 0.5 0 1 1 0.6 0 1 1 0.7 0 1 1 0.9 0 1 1
6 0.1 13 0.46153846153846156 0.0 0.4 5 0.8 0.0 0.5 4 0.75 0.0 0.6 3 1.0 0.0 0.7 1 1.0 0.0 0.9 0 1 1
6 0.1 16 0.3125 0.0625 0.4 8 0.625 0.125 0.5 7 0.7142857142857143 0.14285714285714285 0.6 5 0.8 0.2 0.7 2 1.0 0.5 0.9 0 1 1
6 0.1 2 0.0 0.0 0.4 0 1 1 0.5 0 1 1 0.6 0 1 1 0.7 0 1 1 0.9 0 1 1
6 0.1 4 0.5 0.0 0.4 0 1 1 0.5 0 1 1 0.6 0 1 1 0.7 0 1 1 0.9 0 1 1
6 0.1 36 0.16666666666666666 0.0 0.4 5 0.8 0.0 0.5 3 1.0 0.0 0.6 3 1.0 0.0 0.7 1 1.0 0.0 0.9 0 1 1
6 0.1 64 0.09375 0.0 0.4 4 0.5 0.0 0.5 2 1.0 0.0 0.6 1 1.0 0.0 0.7 1 1.0 0.0 0.9 0 1 1
6 0.1 64 0.09375 0.0 0.4 8 0.625 0.0 0.5 6 0.6666666666666666 0.0 0.6 3 1.0 0.0 0.7 1 1.0 0.0 0.9 0 1 1
6 0.1 33 0.18181818181818182 0.0 0.4 4 1.0 0.0 0.5 4 1.0 0.0 0.6 0 1 1 0.7 0 1 1 0.9 0 1 1
6 0.1 0 1 1 0.4 0 1 1 0.5 0 1 1 0.6 0 1 1 0.7 0 1 1 0.9 0 1 1
6 0.1 11 0.45454545454545453 0.0 0.4 1 1.0 0.0 0.5 0 1 1 0.6 0 1 1 0.7 0 1 1 0.9 0 1 1
6 0.1 27 0.2222222222222222 0.0 0.4 5 0.4 0.0 0.5 1 0.0 0.0 0.6 0 1 1 0.7 0 1 1 0.9 0 1 1
6 0.1 15 0.4 0.0 0.4 4 0.75 0.0 0.5 4 0.75 0.0 0.6 2 1.0 0.0 0.7 0 1 1 0.9 0 1 1
6 0.1 35 0.17142857142857143 0.0 0.4 7 0.7142857142857143 0.0 0.5 4 1.0 0.0 0.6 3 1.0 0.0 0.7 2 1.0 0.0 0.9 0 1 1
6 0.1 23 0.2608695652173913 0.0 0.4 7 0.8571428571428571 0.0 0.5 4 0.75 0.0 0.6 3 1.0 0.0 0.7 2 1.0 0.0 0.9 0 1 1
6 0.1 12 0.5 0.0 0.4 5 0.6 0.0 0.5 2 1.0 0.0 0.6 0 1 1 0.7 0 1 1 0.9 0 1 1
6 0.1 16 0.375 0.0 0.4 7 0.8571428571428571 0.0 0.5 4 0.75 0.0 0.6 2 1.0 0.0 0.7 1 1.0 0.0 0.9 0 1 1
6 0.1 13 0.46153846153846156 0.0 0.4 6 0.8333333333333334 0.0 0.5 3 1.0 0.0 0.6 2 1.0 0.0 0.7 0 1 1 0.9 0 1 1
6 0.1 8 0.75 0.0 0.4 3 1.0 0.0 0.5 3 1.0 0.0 0.6 1 1.0 0.0 0.7 1 1.0 0.0 0.9 0 1 1
6 0.1 21 0.2857142857142857 0.0 0.4 7 0.7142857142857143 0.0 0.5 7 0.7142857142857143 0.0 0.6 4 0.75 0.0 0.7 2 1.0 0.0 0.9 0 1 1
6 0.1 27 0.18518518518518517 0.0 0.4 9 0.4444444444444444 0.0 0.5 5 0.4 0.0 0.6 2 0.0 0.0 0.7 0 1 1 0.9 0 1 1
6 0.1 14 0.14285714285714285 0.0 0.4 6 0.3333333333333333 0.0 0.5 3 0.6666666666666666 0.0 0.6 1 1.0 0.0 0.7 0 1 1 0.9 0 1 1
6 0.1 24 0.20833333333333334 0.0 0.4 6 0.8333333333333334 0.0 0.5 5 0.8 0.0 0.6 4 0.75 0.0 0.7 1 1.0 0.0 0.9 0 1 1
6 0.1 8 0.125 0.0 0.4 5 0.2 0.0 0.5 4 0.25 0.0 0.6 3 0.3333333333333333 0.0 0.7 2 0.0 0.0 0.9 0 1 1
6 0.1 6 0.3333333333333333 0.0 0.4 3 0.6666666666666666 0.0 0.5 2 0.5 0.0 0.6 1 1.0 0.0 0.7 0 1 1 0.9 0 1 1
6 0.1 8 0.5 0.0 0.4 3 0.6666666666666666 0.0 0.5 2 1.0 0.0 0.6 1 1.0 0.0 0.7 0 1 1 0.9 0 1 1
6 0.1 1 0.0 0.0 0.4 0 1 1 0.5 0 1 1 0.6 0 1 1 0.7 0 1 1 0.9 0 1 1
6 0.1 8 0.5 0.0 0.4 5 0.8 0.0 0.5 3 1.0 0.0 0.6 2 1.0 0.0 0.7 0 1 1 0.9 0 1 1
6 0.1 11 0.5454545454545454 0.0 0.4 6 0.6666666666666666 0.0 0.5 4 1.0 0.0 0.6 4 1.0 0.0 0.7 2 1.0 0.0 0.9 0 1 1
6 0.1 13 0.46153846153846156 0.0 0.4 7 0.7142857142857143 0.0 0.5 7 0.7142857142857143 0.0 0.6 4 1.0 0.0 0.7 4 1.0 0.0 0.9 0 1 1
6 0.1 15 0.4 0.0 0.4 7 0.7142857142857143 0.0 0.5 7 0.7142857142857143 0.0 0.6 4 0.75 0.0 0.7 3 1.0 0.0 0.9 0 1 1
6 0.1 13 0.38461538461538464 0.0 0.4 7 0.7142857142857143 0.0 0.5 4 1.0 0.0 0.6 3 1.0 0.0 0.7 3 1.0 0.0 0.9 0 1 1
6 0.1 15 0.4 0.0 0.4 8 0.625 0.0 0.5 7 0.7142857142857143 0.0 0.6 4 0.75 0.0 0.7 3 1.0 0.0 0.9 0 1 1
6 0.1 18 0.3333333333333333 0.0 0.4 6 0.8333333333333334 0.0 0.5 6 0.8333333333333334 0.0 0.6 4 1.0 0.0 0.7 3 1.0 0.0 0.9 0 1 1
6 0.1 10 0.6 0.0 0.4 6 0.6666666666666666 0.0 0.5 5 0.8 0.0 0.6 4 1.0 0.0 0.7 3 1.0 0.0 0.9 0 1 1
6 0.1 9 0.6666666666666666 0.0 0.4 4 1.0 0.0 0.5 4 1.0 0.0 0.6 3 1.0 0.0 0.7 3 1.0 0.0 0.9 0 1 1
6 0.1 3 1.0 0.0 0.4 2 1.0 0.0 0.5 2 1.0 0.0 0.6 2 1.0 0.0 0.7 1 1.0 0.0 0.9 0 1 1
6 0.1 10 0.6 0.0 0.4 7 0.5714285714285714 0.0 0.5 5 0.6 0.0 0.6 3 1.0 0.0 0.7 2 1.0 0.0 0.9 1 1.0 0.0
6 0.1 11 0.5454545454545454 0.0 0.4 6 0.8333333333333334 0.0 0.5 4 1.0 0.0 0.6 3 1.0 0.0 0.7 3 1.0 0.0 0.9 0 1 1
6 0.1 9 0.6666666666666666 0.1111111111111111 0.4 5 0.8 0.2 0.5 4 1.0 0.25 0.6 3 1.0 0.3333333333333333 0.7 3 1.0 0.3333333333333333 0.9 0 1 1
6 0.1 10 0.6 0.0 0.4 6 0.8333333333333334 0.0 0.5 3 1.0 0.0 0.6 2 1.0 0.0 0.7 2 1.0 0.0 0.9 0 1 1
6 0.1 14 0.35714285714285715 0.0 0.4 9 0.5555555555555556 0.0 0.5 7 0.5714285714285714 0.0 0.6 6 0.5 0.0 0.7 4 0.5 0.0 0.9 0 1 1
6 0.1 10 0.5 0.0 0.4 6 0.6666666666666666 0.0 0.5 5 0.8 0.0 0.6 5 0.8 0.0 0.7 3 1.0 0.0 0.9 0 1 1
6 0.1 13 0.46153846153846156 0.0 0.4 6 0.6666666666666666 0.0 0.5 4 1.0 0.0 0.6 4 1.0 0.0 0.7 4 1.0 0.0 0.9 0 1 1
6 0.1 25 0.24 0.0 0.4 8 0.75 0.0 0.5 6 0.8333333333333334 0.0 0.6 4 1.0 0.0 0.7 4 1.0 0.0 0.9 0 1 1
6 0.1 18 0.3333333333333333 0.0 0.4 7 0.8571428571428571 0.0 0.5 5 0.8 0.0 0.6 4 1.0 0.0 0.7 4 1.0 0.0 0.9 0 1 1
6 0.1 10 0.5 0.0 0.4 4 1.0 0.0 0.5 4 1.0 0.0 0.6 3 1.0 0.0 0.7 3 1.0 0.0 0.9 0 1 1
6 0.1 23 0.2608695652173913 0.0 0.4 4 0.5 0.0 0.5 1 1.0 0.0 0.6 1 1.0 0.0 0.7 1 1.0 0.0 0.9 0 1 1
6 0.1 10 0.5 0.0 0.4 5 0.8 0.0 0.5 4 1.0 0.0 0.6 4 1.0 0.0 0.7 2 1.0 0.0 0.9 0 1 1
6 0.1 19 0.3157894736842105 0.0 0.4 10 0.6 0.0 0.5 9 0.6666666666666666 0.0 0.6 4 0.75 0.0 0.7 1 1.0 0.0 0.9 0 1 1
6 0.1 11 0.45454545454545453 0.0 0.4 8 0.625 0.0 0.5 5 0.8 0.0 0.6 4 0.75 0.0 0.7 3 1.0 0.0 0.9 0 1 1
6 0.1 13 0.46153846153846156 0.0 0.4 9 0.6666666666666666 0.0 0.5 7 0.7142857142857143 0.0 0.6 7 0.7142857142857143 0.0 0.7 6 0.8333333333333334 0.0 0.9 0 1 1
6 0.1 9 0.5555555555555556 0.0 0.4 6 0.6666666666666666 0.0 0.5 4 0.75 0.0 0.6 3 1.0 0.0 0.7 2 1.0 0.0 0.9 0 1 1
6 0.1 10 0.6 0.0 0.4 3 1.0 0.0 0.5 3 1.0 0.0 0.6 2 1.0 0.0 0.7 1 1.0 0.0 0.9 0 1 1
6 0.1 9 0.6666666666666666 0.1111111111111111 0.4 8 0.625 0.125 0.5 6 0.6666666666666666 0.16666666666666666 0.6 5 0.8 0.2 0.7 5 0.8 0.2 0.9 0 1 1
6 0.1 10 0.6 0.2 0.4 8 0.625 0.25 0.5 7 0.7142857142857143 0.2857142857142857 0.6 6 0.6666666666666666 0.3333333333333333 0.7 3 1.0 0.6666666666666666 0.9 0 1 1
6 0.1 11 0.45454545454545453 0.0 0.4 8 0.625 0.0 0.5 8 0.625 0.0 0.6 8 0.625 0.0 0.7 4 0.75 0.0 0.9 1 1.0 0.0
6 0.1 9 0.6666666666666666 0.0 0.4 7 0.5714285714285714 0.0 0.5 5 0.8 0.0 0.6 4 1.0 0.0 0.7 3 1.0 0.0 0.9 0 1 1
6 0.1 9 0.6666666666666666 0.1111111111111111 0.4 5 0.8 0.2 0.5 5 0.8 0.2 0.6 4 1.0 0.25 0.7 3 1.0 0.3333333333333333 0.9 0 1 1
6 0.1 10 0.5 0.0 0.4 6 0.6666666666666666 0.0 0.5 5 0.8 0.0 0.6 4 1.0 0.0 0.7 3 1.0 0.0 0.9 0 1 1
6 0.1 13 0.46153846153846156 0.15384615384615385 0.4 7 0.5714285714285714 0.2857142857142857 0.5 7 0.5714285714285714 0.2857142857142857 0.6 6 0.6666666666666666 0.3333333333333333 0.7 3 1.0 0.6666666666666666 0.9 0 1 1
6 0.1 12 0.5 0.08333333333333333 0.4 7 0.7142857142857143 0.14285714285714285 0.5 6 0.8333333333333334 0.16666666666666666 0.6 5 1.0 0.2 0.7 3 1.0 0.3333333333333333 0.9 0 1 1
6 0.1 10 0.6 0.0 0.4 4 1.0 0.0 0.5 4 1.0 0.0 0.6 4 1.0 0.0 0.7 3 1.0 0.0 0.9 0 1 1
6 0.1 9 0.5555555555555556 0.1111111111111111 0.4 5 0.8 0.2 0.5 5 0.8 0.2 0.6 4 1.0 0.25 0.7 2 1.0 0.5 0.9 0 1 1
6 0.1 5 1.0 0.2 0.4 4 1.0 0.25 0.5 4 1.0 0.25 0.6 3 1.0 0.3333333333333333 0.7 2 1.0 0.5 0.9 0 1 1
6 0.1 21 0.23809523809523808 0.047619047619047616 0.4 5 0.8 0.2 0.5 4 1.0 0.25 0.6 4 1.0 0.25 0.7 2 1.0 0.5 0.9 0 1 1
6 0.1 10 0.6 0.1 0.4 6 1.0 0.16666666666666666 0.5 5 1.0 0.2 0.6 2 1.0 0.0 0.7 2 1.0 0.0 0.9 0 1 1
6 0.1 10 0.5 0.1 0.4 7 0.7142857142857143 0.14285714285714285 0.5 5 1.0 0.2 0.6 5 1.0 0.2 0.7 5 1.0 0.2 0.9 1 1.0 0.0
6 0.1 8 0.625 0.0 0.4 5 0.8 0.0 0.5 5 0.8 0.0 0.6 4 1.0 0.0 0.7 3 1.0 0.0 0.9 0 1 1
6 0.1 9 0.6666666666666666 0.0 0.4 7 0.8571428571428571 0.0 0.5 5 0.8 0.0 0.6 5 0.8 0.0 0.7 2 1.0 0.0 0.9 0 1 1
6 0.1 10 0.6 0.1 0.4 8 0.75 0.125 0.5 8 0.75 0.125 0.6 6 1.0 0.16666666666666666 0.7 4 1.0 0.25 0.9 0 1 1
6 0.1 9 0.6666666666666666 0.1111111111111111 0.4 9 0.6666666666666666 0.1111111111111111 0.5 8 0.75 0.125 0.6 7 0.8571428571428571 0.14285714285714285 0.7 5 1.0 0.2 0.9 0 1 1
6 0.1 9 0.6666666666666666 0.2222222222222222 0.4 9 0.6666666666666666 0.2222222222222222 0.5 9 0.6666666666666666 0.2222222222222222 0.6 6 0.8333333333333334 0.3333333333333333 0.7 4 1.0 0.5 0.9 0 1 1
6 0.1 11 0.5454545454545454 0.0 0.4 7 0.7142857142857143 0.0 0.5 7 0.7142857142857143 0.0 0.6 5 0.8 0.0 0.7 5 0.8 0.0 0.9 0 1 1
6 0.1 11 0.5454545454545454 0.0 0.4 6 0.6666666666666666 0.0 0.5 6 0.6666666666666666 0.0 0.6 5 0.8 0.0 0.7 4 1.0 0.0 0.9 0 1 1
6 0.1 13 0.46153846153846156 0.0 0.4 9 0.5555555555555556 0.0 0.5 6 0.6666666666666666 0.0 0.6 5 0.8 0.0 0.7 4 1.0 0.0 0.9 0 1 1
6 0.1 11 0.45454545454545453 0.0 0.4 4 1.0 0.0 0.5 4 1.0 0.0 0.6 4 1.0 0.0 0.7 3 1.0 0.0 0.9 0 1 1
6 0.1 14 0.42857142857142855 0.0 0.4 8 0.75 0.0 0.5 7 0.8571428571428571 0.0 0.6 3 1.0 0.0 0.7 2 1.0 0.0 0.9 0 1 1
6 0.1 12 0.5 0.08333333333333333 0.4 7 0.7142857142857143 0.14285714285714285 0.5 5 1.0 0.2 0.6 5 1.0 0.2 0.7 5 1.0 0.2 0.9 0 1 1
6 0.1 9 0.6666666666666666 0.1111111111111111 0.4 8 0.75 0.125 0.5 6 0.8333333333333334 0.16666666666666666 0.6 6 0.8333333333333334 0.16666666666666666 0.7 5 1.0 0.2 0.9 0 1 1
6 0.1 9 0.6666666666666666 0.0 0.4 7 0.8571428571428571 0.0 0.5 6 1.0 0.0 0.6 5 1.0 0.0 0.7 4 1.0 0.0 0.9 0 1 1
6 0.1 9 0.6666666666666666 0.0 0.4 7 0.8571428571428571 0.0 0.5 7 0.8571428571428571 0.0 0.6 5 1.0 0.0 0.7 4 1.0 0.0 0.9 0 1 1
6 0.1 8 0.625 0.125 0.4 4 1.0 0.25 0.5 4 1.0 0.25 0.6 4 1.0 0.25 0.7 4 1.0 0.25 0.9 0 1 1
6 0.1 7 0.7142857142857143 0.14285714285714285 0.4 5 1.0 0.2 0.5 5 1.0 0.2 0.6 4 1.0 0.25 0.7 4 1.0 0.25 0.9 0 1 1
6 0.1 9 0.6666666666666666 0.0 0.4 6 0.6666666666666666 0.0 0.5 6 0.6666666666666666 0.0 0.6 4 1.0 0.0 0.7 4 1.0 0.0 0.9 0 1 1
6 0.1 9 0.5555555555555556 0.0 0.4 4 1.0 0.0 0.5 4 1.0 0.0 0.6 4 1.0 0.0 0.7 4 1.0 0.0 0.9 0 1 1
6 0.1 8 0.75 0.125 0.4 6 0.8333333333333334 0.16666666666666666 0.5 6 0.8333333333333334 0.16666666666666666 0.6 5 1.0 0.2 0.7 4 1.0 0.25 0.9 0 1 1
6 0.1 7 0.7142857142857143 0.42857142857142855 0.4 4 1.0 0.5 0.5 4 1.0 0.5 0.6 4 1.0 0.5 0.7 4 1.0 0.5 0.9 0 1 1
6 0.1 8 0.625 0.25 0.4 6 0.8333333333333334 0.3333333333333333 0.5 5 1.0 0.4 0.6 4 1.0 0.5 0.7 4 1.0 0.5 0.9 0 1 1
6 0.1 10 0.6 0.1 0.4 5 0.8 0.2 0.5 5 0.8 0.2 0.6 4 1.0 0.25 0.7 4 1.0 0.25 0.9 0 1 1
6 0.1 9 0.6666666666666666 0.2222222222222222 0.4 5 1.0 0.4 0.5 4 1.0 0.5 0.6 4 1.0 0.5 0.7 4 1.0 0.5 0.9 0 1 1
6 0.1 9 0.5555555555555556 0.2222222222222222 0.4 7 0.7142857142857143 0.2857142857142857 0.5 6 0.8333333333333334 0.3333333333333333 0.6 5 1.0 0.4 0.7 4 1.0 0.5 0.9 0 1 1
6 0.1 9 0.6666666666666666 0.0 0.4 9 0.6666666666666666 0.0 0.5 9 0.6666666666666666 0.0 0.6 7 0.8571428571428571 0.0 0.7 4 1.0 0.0 0.9 0 1 1
6 0.1 10 0.6 0.1 0.4 10 0.6 0.1 0.5 10 0.6 0.1 0.6 9 0.6666666666666666 0.1111111111111111 0.7 7 0.8571428571428571 0.14285714285714285 0.9 0 1 1
6 0.1 9 0.6666666666666666 0.0 0.4 9 0.6666666666666666 0.0 0.5 9 0.6666666666666666 0.0 0.6 7 0.8571428571428571 0.0 0.7 6 1.0 0.0 0.9 0 1 1
6 0.1 11 0.5454545454545454 0.09090909090909091 0.4 9 0.6666666666666666 0.1111111111111111 0.5 8 0.75 0.125 0.6 8 0.75 0.125 0.7 6 1.0 0.16666666666666666 0.9 0 1 1
6 0.1 11 0.5454545454545454 0.09090909090909091 0.4 9 0.6666666666666666 0.1111111111111111 0.5 7 0.8571428571428571 0.14285714285714285 0.6 7 0.8571428571428571 0.14285714285714285 0.7 6 1.0 0.16666666666666666 0.9 0 1 1
6 0.1 11 0.5454545454545454 0.18181818181818182 0.4 7 0.7142857142857143 0.2857142857142857 0.5 6 0.8333333333333334 0.3333333333333333 0.6 6 0.8333333333333334 0.3333333333333333 0.7 5 1.0 0.4 0.9 0 1 1
6 0.1 11 0.5454545454545454 0.0 0.4 9 0.6666666666666666 0.0 0.5 9 0.6666666666666666 0.0 0.6 9 0.6666666666666666 0.0 0.7 6 0.8333333333333334 0.0 0.9 0 1 1
6 0.1 10 0.6 0.0 0.4 9 0.6666666666666666 0.0 0.5 9 0.6666666666666666 0.0 0.6 8 0.75 0.0 0.7 6 0.8333333333333334 0.0 0.9 1 1.0 0.0
6 0.1 8 0.625 0.0 0.4 6 0.8333333333333334 0.0 0.5 6 0.8333333333333334 0.0 0.6 6 0.8333333333333334 0.0 0.7 5 1.0 0.0 0.9 0 1 1
6 0.1 11 0.5454545454545454 0.09090909090909091 0.4 9 0.6666666666666666 0.1111111111111111 0.5 8 0.625 0.125 0.6 6 0.8333333333333334 0.16666666666666666 0.7 5 1.0 0.2 0.9 0 1 1
6 0.1 10 0.6 0.2 0.4 7 0.7142857142857143 0.2857142857142857 0.5 7 0.7142857142857143 0.2857142857142857 0.6 6 0.8333333333333334 0.3333333333333333 0.7 5 1.0 0.4 0.9 0 1 1
6 0.1 7 0.7142857142857143 0.2857142857142857 0.4 6 0.8333333333333334 0.3333333333333333 0.5 6 0.8333333333333334 0.3333333333333333 0.6 6 0.8333333333333334 0.3333333333333333 0.7 5 0.8 0.4 0.9 0 1 1
6 0.1 8 0.625 0.125 0.4 8 0.625 0.125 0.5 6 0.8333333333333334 0.16666666666666666 0.6 6 0.8333333333333334 0.16666666666666666 0.7 6 0.8333333333333334 0.16666666666666666 0.9 0 1 1
6 0.1 9 0.6666666666666666 0.1111111111111111 0.4 9 0.6666666666666666 0.1111111111111111 0.5 9 0.6666666666666666 0.1111111111111111 0.6 8 0.75 0.125 0.7 5 1.0 0.2 0.9 0 1 1
6 0.1 10 0.6 0.1 0.4 9 0.6666666666666666 0.1111111111111111 0.5 8 0.75 0.125 0.6 7 0.7142857142857143 0.14285714285714285 0.7 6 0.8333333333333334 0.16666666666666666 0.9 0 1 1
6 0.1 9 0.6666666666666666 0.0 0.4 7 0.7142857142857143 0.0 0.5 7 0.7142857142857143 0.0 0.6 7 0.7142857142857143 0.0 0.7 4 1.0 0.0 0.9 0 1 1
6 0.1 8 0.625 0.125 0.4 7 0.7142857142857143 0.14285714285714285 0.5 7 0.7142857142857143 0.14285714285714285 0.6 7 0.7142857142857143 0.14285714285714285 0.7 5 1.0 0.2 0.9 0 1 1
6 0.1 11 0.45454545454545453 0.09090909090909091 0.4 8 0.625 0.125 0.5 7 0.7142857142857143 0.14285714285714285 0.6 6 0.8333333333333334 0.16666666666666666 0.7 6 0.8333333333333334 0.16666666666666666 0.9 0 1 1
6 0.1 10 0.6 0.1 0.4 6 0.8333333333333334 0.16666666666666666 0.5 5 0.8 0.2 0.6 5 0.8 0.2 0.7 5 0.8 0.2 0.9 0 1 1
6 0.1 9 0.6666666666666666 0.1111111111111111 0.4 8 0.625 0.125 0.5 7 0.7142857142857143 0.14285714285714285 0.6 6 0.8333333333333334 0.16666666666666666 0.7 6 0.8333333333333334 0.16666666666666666 0.9 0 1 1
6 0.1 9 0.6666666666666666 0.1111111111111111 0.4 9 0.6666666666666666 0.1111111111111111 0.5 8 0.75 0.125 0.6 7 0.8571428571428571 0.14285714285714285 0.7 7 0.8571428571428571 0.14285714285714285 0.9 1 1.0 0.0
6 0.1 9 0.6666666666666666 0.2222222222222222 0.4 7 0.7142857142857143 0.2857142857142857 0.5 7 0.7142857142857143 0.2857142857142857 0.6 7 0.7142857142857143 0.2857142857142857 0.7 5 1.0 0.4 0.9 1 1.0 0.0
6 0.1 10 0.6 0.1 0.4 9 0.6666666666666666 0.1111111111111111 0.5 9 0.6666666666666666 0.1111111111111111 0.6 8 0.75 0.125 0.7 6 0.8333333333333334 0.16666666666666666 0.9 1 1.0 0.0
6 0.1 9 0.6666666666666666 0.0 0.4 9 0.6666666666666666 0.0 0.5 9 0.6666666666666666 0.0 0.6 9 0.6666666666666666 0.0 0.7 6 1.0 0.0 0.9 1 1.0 0.0
6 0.1 8 0.625 0.0 0.4 6 0.8333333333333334 0.0 0.5 5 1.0 0.0 0.6 5 1.0 0.0 0.7 5 1.0 0.0 0.9 0 1 1
6 0.1 10 0.6 0.0 0.4 6 0.8333333333333334 0.0 0.5 6 0.8333333333333334 0.0 0.6 5 1.0 0.0 0.7 4 1.0 0.0 0.9 0 1 1
6 0.1 7 0.7142857142857143 0.2857142857142857 0.4 6 0.8333333333333334 0.3333333333333333 0.5 6 0.8333333333333334 0.3333333333333333 0.6 5 0.8 0.4 0.7 5 0.8 0.4 0.9 0 1 1
6 0.1 9 0.5555555555555556 0.0 0.4 6 0.8333333333333334 0.0 0.5 6 0.8333333333333334 0.0 0.6 6 0.8333333333333334 0.0 0.7 6 0.8333333333333334 0.0 0.9 0 1 1
6 0.1 9 0.5555555555555556 0.1111111111111111 0.4 7 0.7142857142857143 0.14285714285714285 0.5 6 0.8333333333333334 0.16666666666666666 0.6 6 0.8333333333333334 0.16666666666666666 0.7 4 1.0 0.25 0.9 0 1 1
6 0.1 9 0.6666666666666666 0.1111111111111111 0.4 8 0.75 0.125 0.5 8 0.75 0.125 0.6 7 0.8571428571428571 0.14285714285714285 0.7 7 0.8571428571428571 0.14285714285714285 0.9 0 1 1
6 0.1 9 0.6666666666666666 0.3333333333333333 0.4 5 1.0 0.6 0.5 5 1.0 0.6 0.6 5 1.0 0.6 0.7 5 1.0 0.6 0.9 0 1 1
6 0.1 5 1.0 0.0 0.4 5 1.0 0.0 0.5 5 1.0 0.0 0.6 4 1.0 0.0 0.7 4 1.0 0.0 0.9 0 1 1
6 0.1 10 0.6 0.0 0.4 7 0.8571428571428571 0.0 0.5 5 1.0 0.0 0.6 5 1.0 0.0 0.7 5 1.0 0.0 0.9 0 1 1
6 0.1 8 0.625 0.125 0.4 6 0.6666666666666666 0.16666666666666666 0.5 5 0.8 0.2 0.6 5 0.8 0.2 0.7 4 0.75 0.25 0.9 0 1 1
6 0.1 8 0.625 0.375 0.4 7 0.7142857142857143 0.42857142857142855 0.5 7 0.7142857142857143 0.42857142857142855 0.6 6 0.8333333333333334 0.5 0.7 5 1.0 0.6 0.9 0 1 1
6 0.1 10 0.5 0.1 0.4 7 0.7142857142857143 0.14285714285714285 0.5 6 0.8333333333333334 0.16666666666666666 0.6 6 0.8333333333333334 0.16666666666666666 0.7 5 1.0 0.2 0.9 0 1 1
6 0.1 7 0.7142857142857143 0.0 0.4 7 0.7142857142857143 0.0 0.5 6 0.8333333333333334 0.0 0.6 5 1.0 0.0 0.7 5 1.0 0.0 0.9 0 1 1
6 0.1 8 0.625 0.0 0.4 6 0.6666666666666666 0.0 0.5 6 0.6666666666666666 0.0 0.6 6 0.6666666666666666 0.0 0.7 4 1.0 0.0 0.9 0 1 1
6 0.1 9 0.6666666666666666 0.1111111111111111 0.4 8 0.75 0.125 0.5 7 0.7142857142857143 0.14285714285714285 0.6 7 0.7142857142857143 0.14285714285714285 0.7 5 0.8 0.2 0.9 0 1 1
6 0.1 9 0.6666666666666666 0.0 0.4 7 0.7142857142857143 0.0 0.5 7 0.7142857142857143 0.0 0.6 7 0.7142857142857143 0.0 0.7 5 0.8 0.0 0.9 0 1 1
6 0.1 8 0.625 0.125 0.4 7 0.7142857142857143 0.14285714285714285 0.5 7 0.7142857142857143 0.14285714285714285 0.6 7 0.7142857142857143 0.14285714285714285 0.7 6 0.8333333333333334 0.16666666666666666 0.9 0 1 1
6 0.1 7 0.7142857142857143 0.2857142857142857 0.4 5 1.0 0.4 0.5 5 1.0 0.4 0.6 5 1.0 0.4 0.7 5 1.0 0.4 0.9 0 1 1
6 0.1 8 0.75 0.0 0.4 6 0.8333333333333334 0.0 0.5 6 0.8333333333333334 0.0 0.6 6 0.8333333333333334 0.0 0.7 6 0.8333333333333334 0.0 0.9 0 1 1
6 0.1 8 0.625 0.0 0.4 7 0.7142857142857143 0.0 0.5 7 0.7142857142857143 0.0 0.6 7 0.7142857142857143 0.0 0.7 6 0.8333333333333334 0.0 0.9 0 1 1
6 0.1 8 0.625 0.25 0.4 7 0.7142857142857143 0.2857142857142857 0.5 6 0.8333333333333334 0.3333333333333333 0.6 6 0.8333333333333334 0.3333333333333333 0.7 6 0.8333333333333334 0.3333333333333333 0.9 0 1 1
6 0.1 8 0.75 0.0 0.4 8 0.75 0.0 0.5 8 0.75 0.0 0.6 7 0.8571428571428571 0.0 0.7 7 0.8571428571428571 0.0 0.9 0 1 1
6 0.1 10 0.6 0.0 0.4 8 0.75 0.0 0.5 8 0.75 0.0 0.6 7 0.8571428571428571 0.0 0.7 7 0.8571428571428571 0.0 0.9 1 1.0 0.0
6 0.1 8 0.625 0.25 0.4 7 0.7142857142857143 0.2857142857142857 0.5 7 0.7142857142857143 0.2857142857142857 0.6 7 0.7142857142857143 0.2857142857142857 0.7 5 1.0 0.4 0.9 0 1 1
6 0.1 10 0.6 0.0 0.4 8 0.75 0.0 0.5 7 0.7142857142857143 0.0 0.6 7 0.7142857142857143 0.0 0.7 6 0.8333333333333334 0.0 0.9 2 1.0 0.0
6 0.1 7 0.7142857142857143 0.0 0.4 6 0.8333333333333334 0.0 0.5 5 1.0 0.0 0.6 5 1.0 0.0 0.7 4 1.0 0.0 0.9 1 1.0 0.0
6 0.1 9 0.6666666666666666 0.0 0.4 7 0.7142857142857143 0.0 0.5 7 0.7142857142857143 0.0 0.6 7 0.7142857142857143 0.0 0.7 7 0.7142857142857143 0.0 0.9 2 1.0 0.0
6 0.1 7 0.7142857142857143 0.0 0.4 6 0.8333333333333334 0.0 0.5 6 0.8333333333333334 0.0 0.6 6 0.8333333333333334 0.0 0.7 5 0.8 0.0 0.9 0 1 1
6 0.1 8 0.75 0.25 0.4 7 0.8571428571428571 0.2857142857142857 0.5 7 0.8571428571428571 0.2857142857142857 0.6 6 1.0 0.3333333333333333 0.7 6 1.0 0.3333333333333333 0.9 0 1 1
6 0.1 9 0.6666666666666666 0.0 0.4 7 0.7142857142857143 0.0 0.5 7 0.7142857142857143 0.0 0.6 6 0.8333333333333334 0.0 0.7 5 1.0 0.0 0.9 1 1.0 0.0
6 0.1 8 0.75 0.375 0.4 7 0.7142857142857143 0.42857142857142855 0.5 7 0.7142857142857143 0.42857142857142855 0.6 6 0.8333333333333334 0.5 0.7 6 0.8333333333333334 0.5 0.9 2 1.0 1.0
6 0.1 9 0.6666666666666666 0.1111111111111111 0.4 8 0.75 0.125 0.5 8 0.75 0.125 0.6 8 0.75 0.125 0.7 7 0.8571428571428571 0.14285714285714285 0.9 2 1.0 0.5
6 0.1 8 0.75 0.0 0.4 7 0.8571428571428571 0.0 0.5 7 0.8571428571428571 0.0 0.6 7 0.8571428571428571 0.0 0.7 6 1.0 0.0 0.9 1 1.0 0.0
6 0.1 8 0.625 0.0 0.4 7 0.7142857142857143 0.0 0.5 6 0.8333333333333334 0.0 0.6 6 0.8333333333333334 0.0 0.7 5 1.0 0.0 0.9 1 1.0 0.0
6 0.1 9 0.6666666666666666 0.1111111111111111 0.4 7 0.8571428571428571 0.14285714285714285 0.5 7 0.8571428571428571 0.14285714285714285 0.6 7 0.8571428571428571 0.14285714285714285 0.7 6 1.0 0.16666666666666666 0.9 1 1.0 0.0
6 0.1 9 0.6666666666666666 0.0 0.4 7 0.7142857142857143 0.0 0.5 7 0.7142857142857143 0.0 0.6 6 0.8333333333333334 0.0 0.7 6 0.8333333333333334 0.0 0.9 1 1.0 0.0
6 0.1 9 0.6666666666666666 0.2222222222222222 0.4 8 0.75 0.25 0.5 7 0.8571428571428571 0.2857142857142857 0.6 7 0.8571428571428571 0.2857142857142857 0.7 7 0.8571428571428571 0.2857142857142857 0.9 0 1 1
6 0.1 8 0.625 0.0 0.4 6 0.8333333333333334 0.0 0.5 6 0.8333333333333334 0.0 0.6 6 0.8333333333333334 0.0 0.7 4 1.0 0.0 0.9 0 1 1
6 0.1 7 0.7142857142857143 0.42857142857142855 0.4 6 0.8333333333333334 0.5 0.5 6 0.8333333333333334 0.5 0.6 5 1.0 0.6 0.7 4 1.0 0.75 0.9 1 1.0 1.0
6 0.1 9 0.6666666666666666 0.3333333333333333 0.4 8 0.75 0.375 0.5 8 0.75 0.375 0.6 8 0.75 0.375 0.7 8 0.75 0.375 0.9 0 1 1
6 0.1 7 0.7142857142857143 0.14285714285714285 0.4 7 0.7142857142857143 0.14285714285714285 0.5 5 1.0 0.2 0.6 5 1.0 0.2 0.7 5 1.0 0.2 0.9 0 1 1
6 0.1 7 0.7142857142857143 0.0 0.4 7 0.7142857142857143 0.0 0.5 6 0.8333333333333334 0.0 0.6 6 0.8333333333333334 0.0 0.7 5 1.0 0.0 0.9 0 1 1
6 0.1 8 0.625 0.25 0.4 7 0.7142857142857143 0.2857142857142857 0.5 7 0.7142857142857143 0.2857142857142857 0.6 7 0.7142857142857143 0.2857142857142857 0.7 6 0.8333333333333334 0.3333333333333333 0.9 0 1 1
6 0.1 7 0.7142857142857143 0.2857142857142857 0.4 7 0.7142857142857143 0.2857142857142857 0.5 7 0.7142857142857143 0.2857142857142857 0.6 7 0.7142857142857143 0.2857142857142857 0.7 5 1.0 0.4 0.9 0 1 1
6 0.1 8 0.625 0.375 0.4 6 0.8333333333333334 0.5 0.5 5 0.8 0.4 0.6 4 1.0 0.5 0.7 4 1.0 0.5 0.9 0 1 1
6 0.1 9 0.6666666666666666 0.1111111111111111 0.4 8 0.75 0.125 0.5 7 0.7142857142857143 0.14285714285714285 0.6 7 0.7142857142857143 0.14285714285714285 0.7 6 0.8333333333333334 0.16666666666666666 0.9 1 1.0 0.0
6 0.1 7 0.7142857142857143 0.14285714285714285 0.4 7 0.7142857142857143 0.14285714285714285 0.5 6 0.8333333333333334 0.16666666666666666 0.6 6 0.8333333333333334 0.16666666666666666 0.7 5 0.8 0.2 0.9 1 1.0 1.0
6 0.1 10 0.6 0.1 0.4 9 0.6666666666666666 0.1111111111111111 0.5 9 0.6666666666666666 0.1111111111111111 0.6 8 0.75 0.125 0.7 7 0.8571428571428571 0.14285714285714285 0.9 1 1.0 0.0
6 0.1 9 0.6666666666666666 0.0 0.4 7 0.7142857142857143 0.0 0.5 7 0.7142857142857143 0.0 0.6 7 0.7142857142857143 0.0 0.7 7 0.7142857142857143 0.0 0.9 2 1.0 0.0
6 0.1 8 0.625 0.125 0.4 7 0.7142857142857143 0.14285714285714285 0.5 7 0.7142857142857143 0.14285714285714285 0.6 7 0.7142857142857143 0.14285714285714285 0.7 6 0.8333333333333334 0.16666666666666666 0.9 1 1.0 0.0
6 0.1 9 0.6666666666666666 0.0 0.4 8 0.75 0.0 0.5 8 0.75 0.0 0.6 7 0.7142857142857143 0.0 0.7 7 0.7142857142857143 0.0 0.9 1 1.0 0.0
6 0.1 9 0.6666666666666666 0.1111111111111111 0.4 8 0.75 0.125 0.5 8 0.75 0.125 0.6 7 0.8571428571428571 0.14285714285714285 0.7 6 0.8333333333333334 0.16666666666666666 0.9 1 1.0 1.0
6 0.1 9 0.6666666666666666 0.2222222222222222 0.4 8 0.75 0.25 0.5 8 0.75 0.25 0.6 8 0.75 0.25 0.7 8 0.75 0.25 0.9 1 1.0 1.0
6 0.1 9 0.6666666666666666 0.2222222222222222 0.4 9 0.6666666666666666 0.2222222222222222 0.5 8 0.75 0.25 0.6 8 0.75 0.25 0.7 8 0.75 0.25 0.9 2 1.0 1.0
6 0.1 9 0.6666666666666666 0.3333333333333333 0.4 8 0.75 0.375 0.5 8 0.75 0.375 0.6 8 0.75 0.375 0.7 8 0.75 0.375 0.9 2 1.0 1.0
6 0.1 10 0.6 0.0 0.4 10 0.6 0.0 0.5 9 0.6666666666666666 0.0 0.6 8 0.75 0.0 0.7 8 0.75 0.0 0.9 1 1.0 0.0
6 0.1 9 0.6666666666666666 0.1111111111111111 0.4 7 0.7142857142857143 0.14285714285714285 0.5 7 0.7142857142857143 0.14285714285714285 0.6 7 0.7142857142857143 0.14285714285714285 0.7 7 0.7142857142857143 0.14285714285714285 0.9 1 1.0 0.0
6 0.1 9 0.6666666666666666 0.3333333333333333 0.4 8 0.75 0.375 0.5 8 0.75 0.375 0.6 8 0.75 0.375 0.7 8 0.75 0.375 0.9 1 1.0 0.0
6 0.1 10 0.6 0.2 0.4 9 0.6666666666666666 0.2222222222222222 0.5 7 0.7142857142857143 0.2857142857142857 0.6 6 0.8333333333333334 0.3333333333333333 0.7 6 0.8333333333333334 0.3333333333333333 0.9 1 1.0 0.0
6 0.1 8 0.625 0.0 0.4 7 0.7142857142857143 0.0 0.5 7 0.7142857142857143 0.0 0.6 7 0.7142857142857143 0.0 0.7 7 0.7142857142857143 0.0 0.9 1 1.0 0.0
6 0.1 9 0.6666666666666666 0.3333333333333333 0.4 8 0.75 0.375 0.5 8 0.75 0.375 0.6 8 0.75 0.375 0.7 8 0.75 0.375 0.9 1 1.0 0.0
6 0.1 8 0.625 0.0 0.4 7 0.7142857142857143 0.0 0.5 6 0.8333333333333334 0.0 0.6 6 0.8333333333333334 0.0 0.7 6 0.8333333333333334 0.0 0.9 1 1.0 0.0
6 0.1 9 0.6666666666666666 0.3333333333333333 0.4 7 0.8571428571428571 0.42857142857142855 0.5 7 0.8571428571428571 0.42857142857142855 0.6 7 0.8571428571428571 0.42857142857142855 0.7 7 0.8571428571428571 0.42857142857142855 0.9 1 1.0 0.0
6 0.1 9 0.6666666666666666 0.3333333333333333 0.4 8 0.75 0.375 0.5 7 0.8571428571428571 0.42857142857142855 0.6 7 0.8571428571428571 0.42857142857142855 0.7 7 0.8571428571428571 0.42857142857142855 0.9 1 1.0 1.0
6 0.1 9 0.6666666666666666 0.2222222222222222 0.4 8 0.75 0.25 0.5 8 0.75 0.25 0.6 8 0.75 0.25 0.7 8 0.75 0.25 0.9 1 1.0 0.0
6 0.1 9 0.6666666666666666 0.1111111111111111 0.4 8 0.75 0.125 0.5 8 0.75 0.125 0.6 8 0.75 0.125 0.7 8 0.75 0.125 0.9 1 1.0 0.0
6 0.1 9 0.6666666666666666 0.1111111111111111 0.4 8 0.75 0.125 0.5 8 0.75 0.125 0.6 8 0.75 0.125 0.7 7 0.8571428571428571 0.14285714285714285 0.9 1 1.0 0.0
6 0.1 10 0.6 0.1 0.4 8 0.75 0.125 0.5 8 0.75 0.125 0.6 8 0.75 0.125 0.7 8 0.75 0.125 0.9 1 1.0 1.0
6 0.1 9 0.6666666666666666 0.0 0.4 8 0.75 0.0 0.5 7 0.7142857142857143 0.0 0.6 7 0.7142857142857143 0.0 0.7 7 0.7142857142857143 0.0 0.9 1 1.0 0.0
6 0.1 9 0.6666666666666666 0.1111111111111111 0.4 8 0.75 0.125 0.5 7 0.8571428571428571 0.14285714285714285 0.6 7 0.8571428571428571 0.14285714285714285 0.7 7 0.8571428571428571 0.14285714285714285 0.9 1 1.0 0.0
6 0.1 8 0.75 0.125 0.4 8 0.75 0.125 0.5 6 1.0 0.16666666666666666 0.6 6 1.0 0.16666666666666666 0.7 5 1.0 0.2 0.9 1 1.0 0.0
6 0.1 9 0.6666666666666666 0.3333333333333333 0.4 8 0.75 0.375 0.5 8 0.75 0.375 0.6 8 0.75 0.375 0.7 8 0.75 0.375 0.9 1 1.0 1.0
6 0.1 9 0.6666666666666666 0.3333333333333333 0.4 8 0.75 0.375 0.5 8 0.75 0.375 0.6 8 0.75 0.375 0.7 7 0.8571428571428571 0.42857142857142855 0.9 1 1.0 1.0
6 0.1 8 0.625 0.25 0.4 4 1.0 0.5 0.5 4 1.0 0.5 0.6 4 1.0 0.5 0.7 4 1.0 0.5 0.9 1 1.0 0.0
6 0.1 9 0.6666666666666666 0.2222222222222222 0.4 7 0.7142857142857143 0.2857142857142857 0.5 7 0.7142857142857143 0.2857142857142857 0.6 7 0.7142857142857143 0.2857142857142857 0.7 6 0.8333333333333334 0.3333333333333333 0.9 1 1.0 1.0
6 0.1 6 0.8333333333333334 0.0 0.4 6 0.8333333333333334 0.0 0.5 6 0.8333333333333334 0.0 0.6 6 0.8333333333333334 0.0 0.7 5 0.8 0.0 0.9 1 1.0 0.0
6 0.1 10 0.6 0.1 0.4 8 0.75 0.125 0.5 8 0.75 0.125 0.6 7 0.8571428571428571 0.14285714285714285 0.7 7 0.8571428571428571 0.14285714285714285 0.9 1 1.0 0.0
6 0.1 9 0.6666666666666666 0.0 0.4 9 0.6666666666666666 0.0 0.5 9 0.6666666666666666 0.0 0.6 8 0.75 0.0 0.7 7 0.8571428571428571 0.0 0.9 1 1.0 0.0
6 0.1 9 0.6666666666666666 0.0 0.4 8 0.75 0.0 0.5 8 0.75 0.0 0.6 8 0.75 0.0 0.7 6 0.8333333333333334 0.0 0.9 1 1.0 0.0
6 0.1 9 0.6666666666666666 0.1111111111111111 0.4 7 0.7142857142857143 0.14285714285714285 0.5 7 0.7142857142857143 0.14285714285714285 0.6 6 0.8333333333333334 0.16666666666666666 0.7 6 0.8333333333333334 0.16666666666666666 0.9 1 1.0 0.0
6 0.1 9 0.6666666666666666 0.2222222222222222 0.4 8 0.75 0.25 0.5 8 0.75 0.25 0.6 7 0.8571428571428571 0.2857142857142857 0.7 6 1.0 0.3333333333333333 0.9 1 1.0 0.0
6 0.1 9 0.6666666666666666 0.0 0.4 8 0.75 0.0 0.5 8 0.75 0.0 0.6 8 0.75 0.0 0.7 8 0.75 0.0 0.9 2 1.0 0.0
6 0.1 7 0.7142857142857143 0.0 0.4 7 0.7142857142857143 0.0 0.5 7 0.7142857142857143 0.0 0.6 7 0.7142857142857143 0.0 0.7 5 1.0 0.0 0.9 1 1.0 0.0
6 0.1 9 0.6666666666666666 0.2222222222222222 0.4 8 0.75 0.25 0.5 7 0.8571428571428571 0.2857142857142857 0.6 7 0.8571428571428571 0.2857142857142857 0.7 6 1.0 0.3333333333333333 0.9 2 1.0 0.5
6 0.1 10 0.6 0.2 0.4 7 0.7142857142857143 0.2857142857142857 0.5 7 0.7142857142857143 0.2857142857142857 0.6 6 0.8333333333333334 0.3333333333333333 0.7 6 0.8333333333333334 0.3333333333333333 0.9 2 1.0 0.5
6 0.1 8 0.75 0.25 0.4 8 0.75 0.25 0.5 8 0.75 0.25 0.6 8 0.75 0.25 0.7 7 0.8571428571428571 0.2857142857142857 0.9 2 1.0 0.5
6 0.1 9 0.6666666666666666 0.3333333333333333 0.4 8 0.75 0.375 0.5 7 0.8571428571428571 0.42857142857142855 0.6 6 1.0 0.5 0.7 6 1.0 0.5 0.9 2 1.0 0.5
6 0.1 7 0.7142857142857143 0.2857142857142857 0.4 6 0.8333333333333334 0.3333333333333333 0.5 6 0.8333333333333334 0.3333333333333333 0.6 6 0.8333333333333334 0.3333333333333333 0.7 5 1.0 0.4 0.9 1 1.0 0.0
6 0.1 7 0.7142857142857143 0.14285714285714285 0.4 6 0.8333333333333334 0.16666666666666666 0.5 6 0.8333333333333334 0.16666666666666666 0.6 5 1.0 0.2 0.7 5 1.0 0.2 0.9 0 1 1
6 0.1 9 0.6666666666666666 0.3333333333333333 0.4 8 0.75 0.375 0.5 7 0.8571428571428571 0.42857142857142855 0.6 7 0.8571428571428571 0.42857142857142855 0.7 6 1.0 0.5 0.9 1 1.0 1.0
6 0.1 9 0.6666666666666666 0.2222222222222222 0.4 7 0.8571428571428571 0.2857142857142857 0.5 7 0.8571428571428571 0.2857142857142857 0.6 6 1.0 0.3333333333333333 0.7 6 1.0 0.3333333333333333 0.9 1 1.0 0.0
6 0.1 9 0.6666666666666666 0.1111111111111111 0.4 7 0.8571428571428571 0.14285714285714285 0.5 7 0.8571428571428571 0.14285714285714285 0.6 7 0.8571428571428571 0.14285714285714285 0.7 7 0.8571428571428571 0.14285714285714285 0.9 2 1.0 0.0
6 0.1 9 0.6666666666666666 0.0 0.4 8 0.75 0.0 0.5 8 0.75 0.0 0.6 7 0.8571428571428571 0.0 0.7 7 0.8571428571428571 0.0 0.9 2 1.0 0.0
6 0.1 10 0.6 0.0 0.4 8 0.75 0.0 0.5 8 0.75 0.0 0.6 8 0.75 0.0 0.7 8 0.75 0.0 0.9 2 1.0 0.0
6 0.1 9 0.6666666666666666 0.0 0.4 8 0.75 0.0 0.5 8 0.75 0.0 0.6 8 0.75 0.0 0.7 7 0.8571428571428571 0.0 0.9 2 1.0 0.0
6 0.1 9 0.6666666666666666 0.2222222222222222 0.4 8 0.75 0.25 0.5 8 0.75 0.25 0.6 8 0.75 0.25 0.7 8 0.75 0.25 0.9 1 1.0 0.0
6 0.1 7 0.7142857142857143 0.14285714285714285 0.4 7 0.7142857142857143 0.14285714285714285 0.5 6 0.8333333333333334 0.16666666666666666 0.6 6 0.8333333333333334 0.16666666666666666 0.7 6 0.8333333333333334 0.16666666666666666 0.9 1 1.0 0.0
6 0.1 8 0.75 0.25 0.4 7 0.7142857142857143 0.2857142857142857 0.5 7 0.7142857142857143 0.2857142857142857 0.6 7 0.7142857142857143 0.2857142857142857 0.7 6 0.8333333333333334 0.3333333333333333 0.9 1 1.0 0.0
6 0.1 8 0.625 0.125 0.4 6 0.8333333333333334 0.16666666666666666 0.5 5 0.8 0.2 0.6 5 0.8 0.2 0.7 5 0.8 0.2 0.9 1 1.0 0.0
6 0.1 9 0.6666666666666666 0.1111111111111111 0.4 7 0.7142857142857143 0.14285714285714285 0.5 7 0.7142857142857143 0.14285714285714285 0.6 6 0.8333333333333334 0.16666666666666666 0.7 5 1.0 0.2 0.9 0 1 1
6 0.1 9 0.6666666666666666 0.2222222222222222 0.4 8 0.75 0.25 0.5 8 0.75 0.25 0.6 8 0.75 0.25 0.7 8 0.75 0.25 0.9 0 1 1
6 0.1 9 0.6666666666666666 0.0 0.4 8 0.75 0.0 0.5 8 0.75 0.0 0.6 8 0.75 0.0 0.7 6 0.8333333333333334 0.0 0.9 1 1.0 0.0
6 0.1 9 0.6666666666666666 0.0 0.4 8 0.75 0.0 0.5 8 0.75 0.0 0.6 6 0.8333333333333334 0.0 0.7 6 0.8333333333333334 0.0 0.9 1 1.0 0.0
