8 0.1 1 0.0 0.0 0.4 0 1 1 0.5 0 1 1 0.6 0 1 1 0.7 0 1 1 0.9 0 1 1
8 0.1 0 1 1 0.4 0 1 1 0.5 0 1 1 0.6 0 1 1 0.7 0 1 1 0.9 0 1 1
8 0.1 0 1 1 0.4 0 1 1 0.5 0 1 1 0.6 0 1 1 0.7 0 1 1 0.9 0 1 1
8 0.1 0 1 1 0.4 0 1 1 0.5 0 1 1 0.6 0 1 1 0.7 0 1 1 0.9 0 1 1
8 0.1 13 0.07692307692307693 0.0 0.4 0 1 1 0.5 0 1 1 0.6 0 1 1 0.7 0 1 1 0.9 0 1 1
8 0.1 67 0.1044776119402985 0.0 0.4 7 0.2857142857142857 0.0 0.5 2 0.5 0.0 0.6 0 1 1 0.7 0 1 1 0.9 0 1 1
8 0.1 61 0.06557377049180328 0.0 0.4 2 0.0 0.0 0.5 1 0.0 0.0 0.6 0 1 1 0.7 0 1 1 0.9 0 1 1
8 0.1 61 0.06557377049180328 0.0 0.4 3 0.0 0.0 0.5 1 0.0 0.0 0.6 0 1 1 0.7 0 1 1 0.9 0 1 1
8 0.1 141 0.05673758865248227 0.0 0.4 16 0.125 0.0 0.5 5 0.2 0.0 0.6 0 1 1 0.7 0 1 1 0.9 0 1 1
8 0.1 164 0.04878048780487805 0.0 0.4 36 0.1388888888888889 0.0 0.5 13 0.23076923076923078 0.0 0.6 2 0.5 0.0 0.7 0 1 1 0.9 0 1 1
8 0.1 190 0.042105263157894736 0.0 0.4 27 0.14814814814814814 0.0 0.5 12 0.16666666666666666 0.0 0.6 2 0.0 0.0 0.7 0 1 1 0.9 0 1 1
8 0.1 106 0.07547169811320754 0.0 0.4 42 0.16666666666666666 0.0 0.5 25 0.2 0.0 0.6 9 0.3333333333333333 0.0 0.7 1 0.0 0.0 0.9 0 1 1
8 0.1 104 0.07692307692307693 0.0 0.4 23 0.2608695652173913 0.0 0.5 7 0.14285714285714285 0.0 0.6 3 0.3333333333333333 0.0 0.7 0 1 1 0.9 0 1 1
8 0.1 129 0.05426356589147287 0.0 0.4 44 0.13636363636363635 0.0 0.5 17 0.23529411764705882 0.0 0.6 9 0.3333333333333333 0.0 0.7 2 0.5 0.0 0.9 0 1 1
8 0.1 70 0.11428571428571428 0.0 0.4 7 0.14285714285714285 0.0 0.5 0 1 1 0.6 0 1 1 0.7 0 1 1 0.9 0 1 1
8 0.1 60 0.13333333333333333 0.0 0.4 13 0.23076923076923078 0.0 0.5 4 0.25 0.0 0.6 1 0.0 0.0 0.7 0 1 1 0.9 0 1 1
8 0.1 59 0.11864406779661017 0.0 0.4 21 0.19047619047619047 0.0 0.5 11 0.2727272727272727 0.0 0.6 7 0.42857142857142855 0.0 0.7 5 0.4 0.0 0.9 0 1 1
8 0.1 81 0.08641975308641975 0.0 0.4 19 0.3157894736842105 0.0 0.5 13 0.46153846153846156 0.0 0.6 5 0.4 0.0 0.7 1 1.0 0.0 0.9 0 1 1
8 0.1 78 0.07692307692307693 0.0 0.4 15 0.2 0.0 0.5 6 0.0 0.0 0.6 1 0.0 0.0 0.7 0 1 1 0.9 0 1 1
8 0.1 84 0.08333333333333333 0.0 0.4 27 0.18518518518518517 0.0 0.5 19 0.21052631578947367 0.0 0.6 8 0.25 0.0 0.7 3 0.0 0.0 0.9 0 1 1
8 0.1 37 0.16216216216216217 0.0 0.4 4 0.25 0.0 0.5 0 1 1 0.6 0 1 1 0.7 0 1 1 0.9 0 1 1
8 0.1 105 0.0761904761904762 0.0 0.4 23 0.2608695652173913 0.0 0.5 7 0.2857142857142857 0.0 0.6 1 1.0 0.0 0.7 0 1 1 0.9 0 1 1
8 0.1 122 0.06557377049180328 0.0 0.4 53 0.1320754716981132 0.0 0.5 38 0.15789473684210525 0.0 0.6 27 0.2222222222222222 0.0 0.7 20 0.3 0.0 0.9 0 1 1
8 0.1 66 0.10606060606060606 0.0 0.4 24 0.25 0.0 0.5 14 0.42857142857142855 0.0 0.6 12 0.5 0.0 0.7 5 0.6 0.0 0.9 0 1 1
8 0.1 46 0.17391304347826086 0.0 0.4 16 0.4375 0.0 0.5 9 0.7777777777777778 0.0 0.6 8 0.75 0.0 0.7 6 0.8333333333333334 0.0 0.9 0 1 1
8 0.1 81 0.08641975308641975 0.0 0.4 31 0.22580645161290322 0.0 0.5 18 0.2777777777777778 0.0 0.6 8 0.375 0.0 0.7 1 0.0 0.0 0.9 0 1 1
8 0.1 36 0.19444444444444445 0.0 0.4 16 0.3125 0.0 0.5 10 0.5 0.0 0.6 6 0.6666666666666666 0.0 0.7 0 1 1 0.9 0 1 1
8 0.1 18 0.16666666666666666 0.0 0.4 4 0.5 0.0 0.5 2 0.0 0.0 0.6 0 1 1 0.7 0 1 1 0.9 0 1 1
8 0.1 45 0.17777777777777778 0.0 0.4 27 0.25925925925925924 0.0 0.5 25 0.28 0.0 0.6 21 0.2857142857142857 0.0 0.7 11 0.36363636363636365 0.0 0.9 0 1 1
8 0.1 67 0.1044776119402985 0.0 0.4 29 0.20689655172413793 0.0 0.5 24 0.25 0.0 0.6 14 0.35714285714285715 0.0 0.7 11 0.45454545454545453 0.0 0.9 0 1 1
8 0.1 41 0.1951219512195122 0.0 0.4 19 0.3157894736842105 0.0 0.5 14 0.2857142857142857 0.0 0.6 7 0.42857142857142855 0.0 0.7 3 0.6666666666666666 0.0 0.9 0 1 1
8 0.1 23 0.2608695652173913 0.0 0.4 11 0.5454545454545454 0.0 0.5 5 0.4 0.0 0.6 2 1.0 0.0 0.7 0 1 1 0.9 0 1 1
8 0.1 16 0.4375 0.0 0.4 12 0.5833333333333334 0.0 0.5 10 0.6 0.0 0.6 6 0.5 0.0 0.7 2 0.5 0.0 0.9 0 1 1
8 0.1 19 0.42105263157894735 0.0 0.4 10 0.5 0.0 0.5 9 0.5555555555555556 0.0 0.6 6 0.5 0.0 0.7 2 0.0 0.0 0.9 0 1 1
8 0.1 19 0.2631578947368421 0.0 0.4 6 0.6666666666666666 0.0 0.5 6 0.6666666666666666 0.0 0.6 4 0.75 0.0 0.7 1 1.0 0.0 0.9 0 1 1
8 0.1 15 0.4 0.06666666666666667 0.4 5 0.8 0.2 0.5 4 0.75 0.25 0.6 1 1.0 1.0 0.7 0 1 1 0.9 0 1 1
8 0.1 28 0.25 0.0 0.4 16 0.375 0.0 0.5 10 0.5 0.0 0.6 7 0.7142857142857143 0.0 0.7 6 0.8333333333333334 0.0 0.9 0 1 1
8 0.1 32 0.1875 0.0 0.4 21 0.2857142857142857 0.0 0.5 16 0.3125 0.0 0.6 11 0.45454545454545453 0.0 0.7 7 0.5714285714285714 0.0 0.9 0 1 1
8 0.1 40 0.175 0.0 0.4 2 0.0 0.0 0.5 0 1 1 0.6 0 1 1 0.7 0 1 1 0.9 0 1 1
8 0.1 28 0.2857142857142857 0.0 0.4 14 0.42857142857142855 0.0 0.5 11 0.45454545454545453 0.0 0.6 7 0.5714285714285714 0.0 0.7 5 0.8 0.0 0.9 0 1 1
8 0.1 23 0.30434782608695654 0.0 0.4 14 0.5 0.0 0.5 11 0.5454545454545454 0.0 0.6 8 0.5 0.0 0.7 3 0.6666666666666666 0.0 0.9 0 1 1
8 0.1 23 0.21739130434782608 0.0 0.4 8 0.625 0.0 0.5 7 0.7142857142857143 0.0 0.6 5 0.6 0.0 0.7 0 1 1 0.9 0 1 1
8 0.1 5 0.2 0.0 0.4 1 0.0 0.0 0.5 1 0.0 0.0 0.6 0 1 1 0.7 0 1 1 0.9 0 1 1
8 0.1 7 0.5714285714285714 0.0 0.4 1 1.0 0.0 0.5 1 1.0 0.0 0.6 0 1 1 0.7 0 1 1 0.9 0 1 1
8 0.1 16 0.4375 0.0 0.4 6 0.8333333333333334 0.0 0.5 5 0.8 0.0 0.6 3 0.6666666666666666 0.0 0.7 1 0.0 0.0 0.9 0 1 1
8 0.1 16 0.4375 0.0 0.4 10 0.6 0.0 0.5 8 0.75 0.0 0.6 8 0.75 0.0 0.7 6 0.6666666666666666 0.0 0.9 0 1 1
8 0.1 23 0.30434782608695654 0.0 0.4 12 0.5833333333333334 0.0 0.5 10 0.6 0.0 0.6 6 0.8333333333333334 0.0 0.7 4 0.75 0.0 0.9 0 1 1
8 0.1 16 0.375 0.0 0.4 5 0.8 0.0 0.5 5 0.8 0.0 0.6 1 1.0 0.0 0.7 1 1.0 0.0 0.9 0 1 1
8 0.1 17 0.47058823529411764 0.0 0.4 5 0.8 0.0 0.5 2 1.0 0.0 0.6 1 1.0 0.0 0.7 0 1 1 0.9 0 1 1
8 0.1 14 0.5 0.0 0.4 7 0.7142857142857143 0.0 0.5 7 0.7142857142857143 0.0 0.6 5 0.8 0.0 0.7 1 1.0 0.0 0.9 0 1 1
8 0.1 19 0.3684210526315789 0.0 0.4 9 0.5555555555555556 0.0 0.5 6 0.6666666666666666 0.0 0.6 5 0.8 0.0 0.7 2 1.0 0.0 0.9 0 1 1
8 0.1 20 0.35 0.0 0.4 7 0.7142857142857143 0.0 0.5 6 0.6666666666666666 0.0 0.6 5 0.6 0.0 0.7 2 1.0 0.0 0.9 0 1 1
8 0.1 27 0.18518518518518517 0.0 0.4 12 0.4166666666666667 0.0 0.5 9 0.5555555555555556 0.0 0.6 2 1.0 0.0 0.7 1 1.0 0.0 0.9 0 1 1
8 0.1 19 0.3157894736842105 0.0 0.4 3 0.6666666666666666 0.0 0.5 1 0.0 0.0 0.6 0 1 1 0.7 0 1 1 0.9 0 1 1
8 0.1 14 0.5 0.0 0.4 2 1.0 0.0 0.5 1 1.0 0.0 0.6 1 1.0 0.0 0.7 0 1 1 0.9 0 1 1
8 0.1 12 0.5 0.0 0.4 8 0.5 0.0 0.5 7 0.5714285714285714 0.0 0.6 6 0.6666666666666666 0.0 0.7 1 1.0 0.0 0.9 0 1 1
8 0.1 10 0.4 0.0 0.4 6 0.6666666666666666 0.0 0.5 4 0.75 0.0 0.6 4 0.75 0.0 0.7 1 1.0 0.0 0.9 0 1 1
8 0.1 25 0.32 0.0 0.4 13 0.5384615384615384 0.0 0.5 10 0.7 0.0 0.6 9 0.6666666666666666 0.0 0.7 5 0.8 0.0 0.9 0 1 1
8 0.1 28 0.25 0.0 0.4 17 0.4117647058823529 0.0 0.5 10 0.5 0.0 0.6 8 0.625 0.0 0.7 4 0.75 0.0 0.9 0 1 1
8 0.1 36 0.2222222222222222 0.0 0.4 12 0.4166666666666667 0.0 0.5 5 0.6 0.0 0.6 3 0.6666666666666666 0.0 0.7 0 1 1 0.9 0 1 1
8 0.1 17 0.47058823529411764 0.0 0.4 11 0.5454545454545454 0.0 0.5 10 0.6 0.0 0.6 9 0.5555555555555556 0.0 0.7 7 0.7142857142857143 0.0 0.9 0 1 1
8 0.1 28 0.2857142857142857 0.0 0.4 8 0.625 0.0 0.5 4 0.75 0.0 0.6 2 1.0 0.0 0.7 0 1 1 0.9 0 1 1
8 0.1 28 0.2857142857142857 0.0 0.4 17 0.4117647058823529 0.0 0.5 13 0.46153846153846156 0.0 0.6 9 0.6666666666666666 0.0 0.7 4 0.75 0.0 0.9 0 1 1
8 0.1 13 0.5384615384615384 0.0 0.4 4 0.75 0.0 0.5 2 1.0 0.0 0.6 0 1 1 0.7 0 1 1 0.9 0 1 1
8 0.1 3 0.3333333333333333 0.0 0.4 0 1 1 0.5 0 1 1 0.6 0 1 1 0.7 0 1 1 0.9 0 1 1
8 0.1 1 1.0 0.0 0.4 0 1 1 0.5 0 1 1 0.6 0 1 1 0.7 0 1 1 0.9 0 1 1
8 0.1 57 0.017543859649122806 0.0 0.4 0 1 1 0.5 0 1 1 0.6 0 1 1 0.7 0 1 1 0.9 0 1 1
8 0.1 25 0.12 0.0 0.4 1 0.0 0.0 0.5 0 1 1 0.6 0 1 1 0.7 0 1 1 0.9 0 1 1
8 0.1 32 0.0625 0.0 0.4 0 1 1 0.5 0 1 1 0.6 0 1 1 0.7 0 1 1 0.9 0 1 1
8 0.1 0 1 1 0.4 0 1 1 0.5 0 1 1 0.6 0 1 1 0.7 0 1 1 0.9 0 1 1
8 0.1 0 1 1 0.4 0 1 1 0.5 0 1 1 0.6 0 1 1 0.7 0 1 1 0.9 0 1 1
8 0.1 0 1 1 0.4 0 1 1 0.5 0 1 1 0.6 0 1 1 0.7 0 1 1 0.9 0 1 1
8 0.1 1 1.0 0.0 0.4 0 1 1 0.5 0 1 1 0.6 0 1 1 0.7 0 1 1 0.9 0 1 1
8 0.1 5 0.6 0.0 0.4 0 1 1 0.5 0 1 1 0.6 0 1 1 0.7 0 1 1 0.9 0 1 1
8 0.1 26 0.19230769230769232 0.0 0.4 5 0.8 0.0 0.5 4 0.75 0.0 0.6 3 0.6666666666666666 0.0 0.7 0 1 1 0.9 0 1 1
8 0.1 18 0.2222222222222222 0.0 0.4 4 0.25 0.0 0.5 1 0.0 0.0 0.6 0 1 1 0.7 0 1 1 0.9 0 1 1
8 0.1 10 0.5 0.0 0.4 2 1.0 0.0 0.5 1 1.0 0.0 0.6 0 1 1 0.7 0 1 1 0.9 0 1 1
8 0.1 2 0.0 0.0 0.4 0 1 1 0.5 0 1 1 0.6 0 1 1 0.7 0 1 1 0.9 0 1 1
8 0.1 24 0.2916666666666667 0.0 0.4 1 0.0 0.0 0.5 0 1 1 0.6 0 1 1 0.7 0 1 1 0.9 0 1 1
8 0.1 26 0.23076923076923078 0.0 0.4 1 1.0 0.0 0.5 0 1 1 0.6 0 1 1 0.7 0 1 1 0.9 0 1 1
8 0.1 18 0.3333333333333333 0.0 0.4 2 0.0 0.0 0.5 0 1 1 0.6 0 1 1 0.7 0 1 1 0.9 0 1 1
8 0.1 5 0.4 0.0 0.4 0 1 1 0.5 0 1 1 0.6 0 1 1 0.7 0 1 1 0.9 0 1 1
8 0.1 19 0.2631578947368421 0.0 0.4 6 0.6666666666666666 0.0 0.5 5 0.8 0.0 0.6 2 0.5 0.0 0.7 2 0.5 0.0 0.9 0 1 1
8 0.1 15 0.4 0.0 0.4 6 1.0 0.0 0.5 6 1.0 0.0 0.6 5 1.0 0.0 0.7 1 1.0 0.0 0.9 0 1 1
8 0.1 2 0.5 0.0 0.4 0 1 1 0.5 0 1 1 0.6 0 1 1 0.7 0 1 1 0.9 0 1 1
8 0.1 5 0.8 0.0 0.4 0 1 1 0.5 0 1 1 0.6 0 1 1 0.7 0 1 1 0.9 0 1 1
8 0.1 66 0.09090909090909091 0.0 0.4 6 0.8333333333333334 0.0 0.5 3 0.6666666666666666 0.0 0.6 1 1.0 0.0 0.7 0 1 1 0.9 0 1 1
8 0.1 93 0.053763440860215055 0.0 0.4 2 0.5 0.0 0.5 1 1.0 0.0 0.6 0 1 1 0.7 0 1 1 0.9 0 1 1
8 0.1 74 0.06756756756756757 0.013513513513513514 0.4 4 0.5 0.0 0.5 2 1.0 0.0 0.6 1 1.0 0.0 0.7 0 1 1 0.9 0 1 1
8 0.1 36 0.2222222222222222 0.0 0.4 4 0.75 0.0 0.5 1 1.0 0.0 0.6 0 1 1 0.7 0 1 1 0.9 0 1 1
8 0.1 1 1.0 0.0 0.4 0 1 1 0.5 0 1 1 0.6 0 1 1 0.7 0 1 1 0.9 0 1 1
8 0.1 7 0.2857142857142857 0.0 0.4 1 0.0 0.0 0.5 0 1 1 0.6 0 1 1 0.7 0 1 1 0.9 0 1 1
8 0.1 25 0.28 0.0 0.4 6 0.5 0.0 0.5 1 1.0 0.0 0.6 0 1 1 0.7 0 1 1 0.9 0 1 1
8 0.1 23 0.21739130434782608 0.0 0.4 4 0.75 0.0 0.5 2 1.0 0.0 0.6 1 1.0 0.0 0.7 0 1 1 0.9 0 1 1
8 0.1 47 0.1702127659574468 0.0 0.4 5 0.8 0.0 0.5 1 1.0 0.0 0.6 1 1.0 0.0 0.7 0 1 1 0.9 0 1 1
8 0.1 22 0.3181818181818182 0.0 0.4 7 0.7142857142857143 0.0 0.5 3 1.0 0.0 0.6 0 1 1 0.7 0 1 1 0.9 0 1 1
8 0.1 15 0.4 0.0 0.4 4 0.5 0.0 0.5 1 1.0 0.0 0.6 0 1 1 0.7 0 1 1 0.9 0 1 1
8 0.1 16 0.5 0.0 0.4 6 0.6666666666666666 0.0 0.5 6 0.6666666666666666 0.0 0.6 0 1 1 0.7 0 1 1 0.9 0 1 1
8 0.1 13 0.5384615384615384 0.0 0.4 5 1.0 0.0 0.5 4 1.0 0.0 0.6 2 1.0 0.0 0.7 1 1.0 0.0 0.9 0 1 1
8 0.1 11 0.6363636363636364 0.0 0.4 6 0.6666666666666666 0.0 0.5 4 0.75 0.0 0.6 0 1 1 0.7 0 1 1 0.9 0 1 1
8 0.1 29 0.2413793103448276 0.0 0.4 8 0.625 0.0 0.5 8 0.625 0.0 0.6 5 0.4 0.0 0.7 2 0.0 0.0 0.9 0 1 1
8 0.1 27 0.2222222222222222 0.0 0.4 8 0.5 0.0 0.5 6 0.5 0.0 0.6 2 0.5 0.0 0.7 0 1 1 0.9 0 1 1
8 0.1 21 0.14285714285714285 0.0 0.4 7 0.14285714285714285 0.0 0.5 5 0.2 0.0 0.6 3 0.0 0.0 0.7 1 0.0 0.0 0.9 0 1 1
8 0.1 20 0.2 0.0 0.4 7 0.5714285714285714 0.0 0.5 5 0.6 0.0 0.6 3 0.6666666666666666 0.0 0.7 0 1 1 0.9 0 1 1
8 0.1 10 0.2 0.0 0.4 3 0.3333333333333333 0.0 0.5 2 0.5 0.0 0.6 0 1 1 0.7 0 1 1 0.9 0 1 1
8 0.1 7 0.2857142857142857 0.0 0.4 1 0.0 0.0 0.5 0 1 1 0.6 0 1 1 0.7 0 1 1 0.9 0 1 1
8 0.1 6 0.6666666666666666 0.0 0.4 2 0.5 0.0 0.5 2 0.5 0.0 0.6 2 0.5 0.0 0.7 0 1 1 0.9 0 1 1
8 0.1 3 0.3333333333333333 0.0 0.4 1 1.0 0.0 0.5 0 1 1 0.6 0 1 1 0.7 0 1 1 0.9 0 1 1
8 0.1 13 0.46153846153846156 0.0 0.4 4 0.5 0.0 0.5 2 0.5 0.0 0.6 0 1 1 0.7 0 1 1 0.9 0 1 1
8 0.1 18 0.3888888888888889 0.0 0.4 8 0.875 0.0 0.5 6 1.0 0.0 0.6 1 1.0 0.0 0.7 0 1 1 0.9 0 1 1
8 0.1 16 0.4375 0.0 0.4 8 0.875 0.0 0.5 6 0.8333333333333334 0.0 0.6 4 0.75 0.0 0.7 1 1.0 0.0 0.9 0 1 1
8 0.1 11 0.6363636363636364 0.0 0.4 5 1.0 0.0 0.5 5 1.0 0.0 0.6 4 1.0 0.0 0.7 1 1.0 0.0 0.9 0 1 1
8 0.1 12 0.6666666666666666 0.0 0.4 6 1.0 0.0 0.5 5 1.0 0.0 0.6 4 1.0 0.0 0.7 0 1 1 0.9 0 1 1
8 0.1 17 0.47058823529411764 0.0 0.4 7 0.7142857142857143 0.0 0.5 5 1.0 0.0 0.6 4 1.0 0.0 0.7 3 1.0 0.0 0.9 0 1 1
8 0.1 15 0.4666666666666667 0.0 0.4 9 0.6666666666666666 0.0 0.5 6 0.8333333333333334 0.0 0.6 4 1.0 0.0 0.7 0 1 1 0.9 0 1 1
8 0.1 12 0.5 0.0 0.4 7 0.8571428571428571 0.0 0.5 4 1.0 0.0 0.6 4 1.0 0.0 0.7 1 1.0 0.0 0.9 0 1 1
8 0.1 10 0.6 0.0 0.4 6 0.8333333333333334 0.0 0.5 6 0.8333333333333334 0.0 0.6 4 1.0 0.0 0.7 2 1.0 0.0 0.9 0 1 1
8 0.1 5 0.8 0.0 0.4 1 1.0 0.0 0.5 0 1 1 0.6 0 1 1 0.7 0 1 1 0.9 0 1 1
8 0.1 11 0.6363636363636364 0.0 0.4 7 0.7142857142857143 0.0 0.5 5 0.8 0.0 0.6 3 1.0 0.0 0.7 0 1 1 0.9 0 1 1
8 0.1 10 0.7 0.0 0.4 8 0.75 0.0 0.5 7 0.8571428571428571 0.0 0.6 6 0.8333333333333334 0.0 0.7 1 1.0 0.0 0.9 0 1 1
8 0.1 10 0.6 0.1 0.4 8 0.75 0.125 0.5 7 0.7142857142857143 0.14285714285714285 0.6 6 0.8333333333333334 0.16666666666666666 0.7 2 1.0 0.5 0.9 0 1 1
8 0.1 9 0.6666666666666666 0.0 0.4 4 1.0 0.0 0.5 3 1.0 0.0 0.6 3 1.0 0.0 0.7 0 1 1 0.9 0 1 1
8 0.1 14 0.5 0.0 0.4 8 0.625 0.0 0.5 8 0.625 0.0 0.6 5 0.8 0.0 0.7 3 1.0 0.0 0.9 0 1 1
8 0.1 10 0.7 0.0 0.4 6 0.8333333333333334 0.0 0.5 6 0.8333333333333334 0.0 0.6 5 1.0 0.0 0.7 4 1.0 0.0 0.9 0 1 1
8 0.1 16 0.4375 0.0 0.4 8 0.75 0.0 0.5 8 0.75 0.0 0.6 5 0.8 0.0 0.7 5 0.8 0.0 0.9 0 1 1
8 0.1 23 0.30434782608695654 0.0 0.4 8 0.75 0.0 0.5 8 0.75 0.0 0.6 7 0.7142857142857143 0.0 0.7 4 1.0 0.0 0.9 0 1 1
8 0.1 12 0.5833333333333334 0.0 0.4 9 0.7777777777777778 0.0 0.5 7 0.7142857142857143 0.0 0.6 7 0.7142857142857143 0.0 0.7 5 0.8 0.0 0.9 0 1 1
8 0.1 11 0.6363636363636364 0.0 0.4 7 0.5714285714285714 0.0 0.5 6 0.6666666666666666 0.0 0.6 5 0.8 0.0 0.7 3 1.0 0.0 0.9 0 1 1
8 0.1 43 0.16279069767441862 0.0 0.4 2 0.5 0.0 0.5 2 0.5 0.0 0.6 1 1.0 0.0 0.7 0 1 1 0.9 0 1 1
8 0.1 10 0.5 0.0 0.4 3 1.0 0.0 0.5 3 1.0 0.0 0.6 2 1.0 0.0 0.7 0 1 1 0.9 0 1 1
8 0.1 22 0.3181818181818182 0.0 0.4 6 0.6666666666666666 0.0 0.5 4 0.75 0.0 0.6 3 0.6666666666666666 0.0 0.7 0 1 1 0.9 0 1 1
8 0.1 13 0.38461538461538464 0.0 0.4 3 1.0 0.0 0.5 2 1.0 0.0 0.6 1 1.0 0.0 0.7 0 1 1 0.9 0 1 1
8 0.1 29 0.2413793103448276 0.0 0.4 6 0.8333333333333334 0.0 0.5 6 0.8333333333333334 0.0 0.6 5 0.8 0.0 0.7 3 1.0 0.0 0.9 0 1 1
8 0.1 20 0.3 0.0 0.4 3 0.6666666666666666 0.0 0.5 1 1.0 0.0 0.6 1 1.0 0.0 0.7 0 1 1 0.9 0 1 1
8 0.1 14 0.5 0.0 0.4 5 1.0 0.0 0.5 5 1.0 0.0 0.6 3 1.0 0.0 0.7 2 1.0 0.0 0.9 0 1 1
8 0.1 12 0.5 0.0 0.4 9 0.6666666666666666 0.0 0.5 8 0.75 0.0 0.6 7 0.8571428571428571 0.0 0.7 5 0.8 0.0 0.9 0 1 1
8 0.1 10 0.6 0.1 0.4 9 0.6666666666666666 0.1111111111111111 0.5 7 0.7142857142857143 0.0 0.6 6 0.8333333333333334 0.0 0.7 4 1.0 0.0 0.9 0 1 1
8 0.1 11 0.6363636363636364 0.0 0.4 9 0.6666666666666666 0.0 0.5 8 0.625 0.0 0.6 7 0.7142857142857143 0.0 0.7 6 0.8333333333333334 0.0 0.9 0 1 1
8 0.1 10 0.7 0.0 0.4 8 0.75 0.0 0.5 7 0.7142857142857143 0.0 0.6 6 0.8333333333333334 0.0 0.7 6 0.8333333333333334 0.0 0.9 0 1 1
8 0.1 9 0.6666666666666666 0.1111111111111111 0.4 6 0.8333333333333334 0.0 0.5 6 0.8333333333333334 0.0 0.6 5 1.0 0.0 0.7 3 1.0 0.0 0.9 0 1 1
8 0.1 15 0.4666666666666667 0.0 0.4 7 0.7142857142857143 0.0 0.5 7 0.7142857142857143 0.0 0.6 6 0.8333333333333334 0.0 0.7 3 1.0 0.0 0.9 0 1 1
8 0.1 9 0.6666666666666666 0.0 0.4 6 0.8333333333333334 0.0 0.5 6 0.8333333333333334 0.0 0.6 6 0.8333333333333334 0.0 0.7 5 0.8 0.0 0.9 0 1 1
8 0.1 10 0.7 0.1 0.4 9 0.7777777777777778 0.1111111111111111 0.5 9 0.7777777777777778 0.1111111111111111 0.6 7 0.7142857142857143 0.14285714285714285 0.7 6 0.8333333333333334 0.16666666666666666 0.9 0 1 1
8 0.1 10 0.6 0.0 0.4 8 0.75 0.0 0.5 6 0.6666666666666666 0.0 0.6 5 0.8 0.0 0.7 3 1.0 0.0 0.9 0 1 1
8 0.1 8 0.75 0.0 0.4 7 0.7142857142857143 0.0 0.5 7 0.7142857142857143 0.0 0.6 7 0.7142857142857143 0.0 0.7 4 0.75 0.0 0.9 0 1 1
8 0.1 7 0.7142857142857143 0.0 0.4 4 0.75 0.0 0.5 4 0.75 0.0 0.6 3 1.0 0.0 0.7 1 1.0 0.0 0.9 0 1 1
8 0.1 33 0.21212121212121213 0.030303030303030304 0.4 8 0.625 0.125 0.5 5 0.6 0.0 0.6 4 0.75 0.0 0.7 2 1.0 0.0 0.9 0 1 1
8 0.1 9 0.6666666666666666 0.0 0.4 7 0.7142857142857143 0.0 0.5 7 0.7142857142857143 0.0 0.6 5 0.8 0.0 0.7 2 1.0 0.0 0.9 0 1 1
8 0.1 9 0.7777777777777778 0.0 0.4 7 0.7142857142857143 0.0 0.5 7 0.7142857142857143 0.0 0.6 7 0.7142857142857143 0.0 0.7 5 0.8 0.0 0.9 0 1 1
8 0.1 13 0.5384615384615384 0.0 0.4 8 0.75 0.0 0.5 6 0.6666666666666666 0.0 0.6 6 0.6666666666666666 0.0 0.7 3 1.0 0.0 0.9 0 1 1
8 0.1 9 0.6666666666666666 0.0 0.4 7 0.8571428571428571 0.0 0.5 6 0.8333333333333334 0.0 0.6 6 0.8333333333333334 0.0 0.7 4 1.0 0.0 0.9 0 1 1
8 0.1 9 0.6666666666666666 0.1111111111111111 0.4 7 0.8571428571428571 0.14285714285714285 0.5 5 0.8 0.0 0.6 5 0.8 0.0 0.7 5 0.8 0.0 0.9 0 1 1
8 0.1 10 0.6 0.0 0.4 7 0.7142857142857143 0.0 0.5 7 0.7142857142857143 0.0 0.6 6 0.8333333333333334 0.0 0.7 4 1.0 0.0 0.9 0 1 1
8 0.1 10 0.6 0.0 0.4 7 0.7142857142857143 0.0 0.5 7 0.7142857142857143 0.0 0.6 7 0.7142857142857143 0.0 0.7 5 0.8 0.0 0.9 0 1 1
8 0.1 14 0.5 0.0 0.4 9 0.7777777777777778 0.0 0.5 9 0.7777777777777778 0.0 0.6 9 0.7777777777777778 0.0 0.7 5 0.8 0.0 0.9 0 1 1
8 0.1 12 0.5833333333333334 0.0 0.4 10 0.7 0.0 0.5 9 0.6666666666666666 0.0 0.6 6 1.0 0.0 0.7 5 1.0 0.0 0.9 0 1 1
8 0.1 11 0.6363636363636364 0.0 0.4 10 0.7 0.0 0.5 10 0.7 0.0 0.6 9 0.6666666666666666 0.0 0.7 4 1.0 0.0 0.9 0 1 1
8 0.1 10 0.7 0.0 0.4 7 0.7142857142857143 0.0 0.5 6 0.8333333333333334 0.0 0.6 4 1.0 0.0 0.7 2 1.0 0.0 0.9 0 1 1
8 0.1 22 0.36363636363636365 0.0 0.4 7 0.7142857142857143 0.0 0.5 5 1.0 0.0 0.6 3 1.0 0.0 0.7 2 1.0 0.0 0.9 0 1 1
8 0.1 11 0.6363636363636364 0.0 0.4 9 0.6666666666666666 0.0 0.5 6 0.6666666666666666 0.0 0.6 6 0.6666666666666666 0.0 0.7 5 0.6 0.0 0.9 0 1 1
8 0.1 12 0.5833333333333334 0.08333333333333333 0.4 8 0.75 0.125 0.5 7 0.7142857142857143 0.14285714285714285 0.6 7 0.7142857142857143 0.14285714285714285 0.7 5 0.8 0.2 0.9 0 1 1
8 0.1 12 0.5833333333333334 0.0 0.4 7 0.7142857142857143 0.0 0.5 5 0.8 0.0 0.6 4 0.75 0.0 0.7 4 0.75 0.0 0.9 0 1 1
8 0.1 9 0.6666666666666666 0.1111111111111111 0.4 7 0.7142857142857143 0.14285714285714285 0.5 6 0.6666666666666666 0.16666666666666666 0.6 6 0.6666666666666666 0.16666666666666666 0.7 5 0.6 0.2 0.9 0 1 1
8 0.1 9 0.6666666666666666 0.0 0.4 3 1.0 0.0 0.5 3 1.0 0.0 0.6 3 1.0 0.0 0.7 3 1.0 0.0 0.9 0 1 1
8 0.1 9 0.6666666666666666 0.1111111111111111 0.4 5 0.8 0.2 0.5 5 0.8 0.2 0.6 4 0.75 0.25 0.7 4 0.75 0.25 0.9 0 1 1
8 0.1 11 0.6363636363636364 0.0 0.4 7 0.8571428571428571 0.0 0.5 6 0.8333333333333334 0.0 0.6 6 0.8333333333333334 0.0 0.7 4 0.75 0.0 0.9 0 1 1
8 0.1 9 0.6666666666666666 0.0 0.4 6 0.8333333333333334 0.0 0.5 6 0.8333333333333334 0.0 0.6 4 0.75 0.0 0.7 2 1.0 0.0 0.9 0 1 1
8 0.1 15 0.4666666666666667 0.06666666666666667 0.4 7 0.8571428571428571 0.14285714285714285 0.5 7 0.8571428571428571 0.14285714285714285 0.6 4 0.75 0.25 0.7 4 0.75 0.25 0.9 0 1 1
8 0.1 9 0.7777777777777778 0.0 0.4 6 0.8333333333333334 0.0 0.5 5 0.8 0.0 0.6 5 0.8 0.0 0.7 4 0.75 0.0 0.9 0 1 1
8 0.1 12 0.5833333333333334 0.08333333333333333 0.4 7 0.8571428571428571 0.14285714285714285 0.5 7 0.8571428571428571 0.14285714285714285 0.6 5 1.0 0.2 0.7 4 1.0 0.25 0.9 0 1 1
8 0.1 10 0.7 0.0 0.4 8 0.875 0.0 0.5 7 0.8571428571428571 0.0 0.6 5 0.8 0.0 0.7 5 0.8 0.0 0.9 0 1 1
8 0.1 10 0.7 0.1 0.4 5 0.8 0.2 0.5 5 0.8 0.2 0.6 5 0.8 0.2 0.7 5 0.8 0.2 0.9 0 1 1
8 0.1 10 0.7 0.0 0.4 7 0.8571428571428571 0.0 0.5 6 0.8333333333333334 0.0 0.6 5 0.8 0.0 0.7 5 0.8 0.0 0.9 0 1 1
8 0.1 10 0.7 0.0 0.4 7 0.8571428571428571 0.0 0.5 6 0.8333333333333334 0.0 0.6 6 0.8333333333333334 0.0 0.7 6 0.8333333333333334 0.0 0.9 0 1 1
8 0.1 12 0.6666666666666666 0.0 0.4 9 0.7777777777777778 0.0 0.5 7 0.8571428571428571 0.0 0.6 7 0.8571428571428571 0.0 0.7 6 0.8333333333333334 0.0 0.9 0 1 1
8 0.1 12 0.5833333333333334 0.0 0.4 10 0.7 0.0 0.5 10 0.7 0.0 0.6 7 0.8571428571428571 0.0 0.7 7 0.8571428571428571 0.0 0.9 0 1 1
8 0.1 11 0.6363636363636364 0.0 0.4 9 0.6666666666666666 0.0 0.5 7 0.8571428571428571 0.0 0.6 7 0.8571428571428571 0.0 0.7 6 0.8333333333333334 0.0 0.9 0 1 1
8 0.1 11 0.6363636363636364 0.0 0.4 8 0.875 0.0 0.5 8 0.875 0.0 0.6 7 0.8571428571428571 0.0 0.7 6 0.8333333333333334 0.0 0.9 0 1 1
8 0.1 10 0.7 0.1 0.4 7 0.8571428571428571 0.14285714285714285 0.5 7 0.8571428571428571 0.14285714285714285 0.6 6 0.8333333333333334 0.16666666666666666 0.7 6 0.8333333333333334 0.16666666666666666 0.9 0 1 1
8 0.1 10 0.6 0.0 0.4 8 0.75 0.0 0.5 7 0.8571428571428571 0.0 0.6 6 0.8333333333333334 0.0 0.7 6 0.8333333333333334 0.0 0.9 0 1 1
8 0.1 11 0.6363636363636364 0.09090909090909091 0.4 9 0.7777777777777778 0.1111111111111111 0.5 8 0.875 0.125 0.6 6 0.8333333333333334 0.16666666666666666 0.7 6 0.8333333333333334 0.16666666666666666 0.9 0 1 1
8 0.1 10 0.7 0.1 0.4 7 0.8571428571428571 0.14285714285714285 0.5 7 0.8571428571428571 0.14285714285714285 0.6 7 0.8571428571428571 0.14285714285714285 0.7 5 0.8 0.2 0.9 0 1 1
8 0.1 11 0.6363636363636364 0.0 0.4 9 0.7777777777777778 0.0 0.5 9 0.7777777777777778 0.0 0.6 6 0.8333333333333334 0.0 0.7 6 0.8333333333333334 0.0 0.9 0 1 1
8 0.1 11 0.6363636363636364 0.0 0.4 9 0.7777777777777778 0.0 0.5 9 0.7777777777777778 0.0 0.6 8 0.75 0.0 0.7 8 0.75 0.0 0.9 0 1 1
8 0.1 10 0.7 0.0 0.4 10 0.7 0.0 0.5 9 0.7777777777777778 0.0 0.6 8 0.75 0.0 0.7 8 0.75 0.0 0.9 0 1 1
8 0.1 11 0.6363636363636364 0.09090909090909091 0.4 10 0.7 0.1 0.5 8 0.75 0.125 0.6 8 0.75 0.125 0.7 8 0.75 0.125 0.9 0 1 1
8 0.1 8 0.75 0.125 0.4 6 0.8333333333333334 0.16666666666666666 0.5 6 0.8333333333333334 0.16666666666666666 0.6 6 0.8333333333333334 0.16666666666666666 0.7 6 0.8333333333333334 0.16666666666666666 0.9 0 1 1
8 0.1 10 0.7 0.0 0.4 8 0.75 0.0 0.5 7 0.8571428571428571 0.0 0.6 7 0.8571428571428571 0.0 0.7 6 0.8333333333333334 0.0 0.9 0 1 1
8 0.1 8 0.75 0.0 0.4 8 0.75 0.0 0.5 8 0.75 0.0 0.6 8 0.75 0.0 0.7 8 0.75 0.0 0.9 0 1 1
8 0.1 9 0.7777777777777778 0.1111111111111111 0.4 8 0.75 0.125 0.5 8 0.75 0.125 0.6 8 0.75 0.125 0.7 8 0.75 0.125 0.9 0 1 1
8 0.1 10 0.7 0.0 0.4 8 0.75 0.0 0.5 8 0.75 0.0 0.6 8 0.75 0.0 0.7 7 0.8571428571428571 0.0 0.9 0 1 1
8 0.1 9 0.7777777777777778 0.0 0.4 9 0.7777777777777778 0.0 0.5 8 0.75 0.0 0.6 8 0.75 0.0 0.7 8 0.75 0.0 0.9 0 1 1
8 0.1 9 0.6666666666666666 0.1111111111111111 0.4 8 0.75 0.125 0.5 7 0.7142857142857143 0.14285714285714285 0.6 7 0.7142857142857143 0.14285714285714285 0.7 6 0.8333333333333334 0.16666666666666666 0.9 0 1 1
8 0.1 8 0.75 0.0 0.4 8 0.75 0.0 0.5 7 0.7142857142857143 0.0 0.6 7 0.7142857142857143 0.0 0.7 7 0.7142857142857143 0.0 0.9 0 1 1
8 0.1 11 0.6363636363636364 0.09090909090909091 0.4 9 0.7777777777777778 0.1111111111111111 0.5 9 0.7777777777777778 0.1111111111111111 0.6 8 0.75 0.125 0.7 7 0.7142857142857143 0.14285714285714285 0.9 0 1 1
8 0.1 12 0.5833333333333334 0.08333333333333333 0.4 11 0.6363636363636364 0.09090909090909091 0.5 9 0.7777777777777778 0.1111111111111111 0.6 8 0.75 0.125 0.7 8 0.75 0.125 0.9 0 1 1
8 0.1 12 0.5833333333333334 0.08333333333333333 0.4 11 0.6363636363636364 0.09090909090909091 0.5 10 0.7 0.1 0.6 8 0.75 0.125 0.7 8 0.75 0.125 0.9 0 1 1
8 0.1 10 0.7 0.0 0.4 8 0.75 0.0 0.5 8 0.75 0.0 0.6 8 0.75 0.0 0.7 6 0.6666666666666666 0.0 0.9 0 1 1
8 0.1 11 0.7272727272727273 0.0 0.4 9 0.7777777777777778 0.0 0.5 9 0.7777777777777778 0.0 0.6 7 0.7142857142857143 0.0 0.7 4 0.75 0.0 0.9 0 1 1
8 0.1 12 0.5833333333333334 0.0 0.4 7 0.8571428571428571 0.0 0.5 6 0.8333333333333334 0.0 0.6 6 0.8333333333333334 0.0 0.7 5 0.8 0.0 0.9 0 1 1
8 0.1 10 0.7 0.0 0.4 8 0.875 0.0 0.5 8 0.875 0.0 0.6 8 0.875 0.0 0.7 7 0.8571428571428571 0.0 0.9 0 1 1
8 0.1 9 0.6666666666666666 0.0 0.4 8 0.75 0.0 0.5 8 0.75 0.0 0.6 8 0.75 0.0 0.7 6 0.8333333333333334 0.0 0.9 0 1 1
8 0.1 10 0.7 0.0 0.4 10 0.7 0.0 0.5 9 0.7777777777777778 0.0 0.6 8 0.75 0.0 0.7 6 0.8333333333333334 0.0 0.9 0 1 1
8 0.1 10 0.7 0.0 0.4 8 0.75 0.0 0.5 7 0.8571428571428571 0.0 0.6 6 1.0 0.0 0.7 4 1.0 0.0 0.9 0 1 1
8 0.1 9 0.7777777777777778 0.1111111111111111 0.4 6 0.8333333333333334 0.0 0.5 6 0.8333333333333334 0.0 0.6 5 1.0 0.0 0.7 4 1.0 0.0 0.9 0 1 1
8 0.1 8 0.75 0.0 0.4 6 0.8333333333333334 0.0 0.5 6 0.8333333333333334 0.0 0.6 5 0.8 0.0 0.7 2 1.0 0.0 0.9 0 1 1
8 0.1 9 0.7777777777777778 0.0 0.4 8 0.75 0.0 0.5 7 0.7142857142857143 0.0 0.6 7 0.7142857142857143 0.0 0.7 5 1.0 0.0 0.9 0 1 1
8 0.1 12 0.5833333333333334 0.0 0.4 8 0.75 0.0 0.5 8 0.75 0.0 0.6 7 0.7142857142857143 0.0 0.7 7 0.7142857142857143 0.0 0.9 0 1 1
8 0.1 10 0.7 0.1 0.4 9 0.7777777777777778 0.1111111111111111 0.5 8 0.75 0.125 0.6 8 0.75 0.125 0.7 7 0.7142857142857143 0.14285714285714285 0.9 0 1 1
8 0.1 8 0.75 0.0 0.4 7 0.7142857142857143 0.0 0.5 7 0.7142857142857143 0.0 0.6 6 0.8333333333333334 0.0 0.7 6 0.8333333333333334 0.0 0.9 0 1 1
8 0.1 10 0.7 0.0 0.4 8 0.75 0.0 0.5 7 0.8571428571428571 0.0 0.6 7 0.8571428571428571 0.0 0.7 5 1.0 0.0 0.9 0 1 1
8 0.1 9 0.7777777777777778 0.1111111111111111 0.4 9 0.7777777777777778 0.1111111111111111 0.5 8 0.75 0.125 0.6 7 0.7142857142857143 0.14285714285714285 0.7 6 0.8333333333333334 0.16666666666666666 0.9 0 1 1
8 0.1 9 0.7777777777777778 0.0 0.4 8 0.75 0.0 0.5 8 0.75 0.0 0.6 7 0.7142857142857143 0.0 0.7 6 0.8333333333333334 0.0 0.9 0 1 1
8 0.1 9 0.7777777777777778 0.1111111111111111 0.4 8 0.75 0.125 0.5 7 0.7142857142857143 0.14285714285714285 0.6 7 0.7142857142857143 0.14285714285714285 0.7 7 0.7142857142857143 0.14285714285714285 0.9 0 1 1
8 0.1 12 0.5833333333333334 0.0 0.4 9 0.7777777777777778 0.0 0.5 8 0.75 0.0 0.6 7 0.8571428571428571 0.0 0.7 7 0.8571428571428571 0.0 0.9 0 1 1
8 0.1 10 0.7 0.0 0.4 8 0.75 0.0 0.5 8 0.75 0.0 0.6 8 0.75 0.0 0.7 8 0.75 0.0 0.9 0 1 1
8 0.1 11 0.6363636363636364 0.0 0.4 10 0.7 0.0 0.5 8 0.75 0.0 0.6 8 0.75 0.0 0.7 8 0.75 0.0 0.9 0 1 1
8 0.1 12 0.6666666666666666 0.0 0.4 8 0.75 0.0 0.5 7 0.8571428571428571 0.0 0.6 7 0.8571428571428571 0.0 0.7 7 0.8571428571428571 0.0 0.9 0 1 1
8 0.1 12 0.5833333333333334 0.0 0.4 10 0.6 0.0 0.5 9 0.6666666666666666 0.0 0.6 8 0.75 0.0 0.7 8 0.75 0.0 0.9 0 1 1
8 0.1 11 0.6363636363636364 0.0 0.4 10 0.6 0.0 0.5 9 0.6666666666666666 0.0 0.6 8 0.75 0.0 0.7 7 0.7142857142857143 0.0 0.9 0 1 1
8 0.1 12 0.5833333333333334 0.0 0.4 10 0.7 0.0 0.5 9 0.6666666666666666 0.0 0.6 8 0.75 0.0 0.7 8 0.75 0.0 0.9 0 1 1
8 0.1 11 0.6363636363636364 0.0 0.4 9 0.5555555555555556 0.0 0.5 8 0.625 0.0 0.6 8 0.625 0.0 0.7 7 0.7142857142857143 0.0 0.9 0 1 1
8 0.1 11 0.6363636363636364 0.0 0.4 8 0.875 0.0 0.5 8 0.875 0.0 0.6 8 0.875 0.0 0.7 7 0.8571428571428571 0.0 0.9 0 1 1
8 0.1 12 0.5833333333333334 0.0 0.4 10 0.7 0.0 0.5 10 0.7 0.0 0.6 9 0.6666666666666666 0.0 0.7 8 0.75 0.0 0.9 0 1 1
8 0.1 10 0.7 0.1 0.4 9 0.7777777777777778 0.1111111111111111 0.5 9 0.7777777777777778 0.1111111111111111 0.6 8 0.75 0.125 0.7 7 0.8571428571428571 0.14285714285714285 0.9 0 1 1
8 0.1 12 0.6666666666666666 0.0 0.4 10 0.7 0.0 0.5 9 0.7777777777777778 0.0 0.6 8 0.75 0.0 0.7 8 0.75 0.0 0.9 0 1 1
8 0.1 9 0.6666666666666666 0.0 0.4 8 0.75 0.0 0.5 7 0.7142857142857143 0.0 0.6 6 0.8333333333333334 0.0 0.7 4 0.75 0.0 0.9 0 1 1
8 0.1 12 0.5833333333333334 0.0 0.4 10 0.6 0.0 0.5 9 0.6666666666666666 0.0 0.6 8 0.625 0.0 0.7 7 0.7142857142857143 0.0 0.9 0 1 1
8 0.1 10 0.6 0.0 0.4 10 0.6 0.0 0.5 8 0.75 0.0 0.6 6 0.8333333333333334 0.0 0.7 6 0.8333333333333334 0.0 0.9 0 1 1
8 0.1 12 0.6666666666666666 0.0 0.4 8 0.75 0.0 0.5 8 0.75 0.0 0.6 8 0.75 0.0 0.7 7 0.8571428571428571 0.0 0.9 0 1 1
8 0.1 10 0.6 0.0 0.4 7 0.7142857142857143 0.0 0.5 7 0.7142857142857143 0.0 0.6 6 0.8333333333333334 0.0 0.7 6 0.8333333333333334 0.0 0.9 0 1 1
8 0.1 11 0.6363636363636364 0.0 0.4 8 0.75 0.0 0.5 7 0.7142857142857143 0.0 0.6 6 0.8333333333333334 0.0 0.7 6 0.8333333333333334 0.0 0.9 0 1 1
8 0.1 11 0.6363636363636364 0.09090909090909091 0.4 9 0.7777777777777778 0.1111111111111111 0.5 8 0.75 0.125 0.6 8 0.75 0.125 0.7 7 0.8571428571428571 0.14285714285714285 0.9 0 1 1
8 0.1 9 0.6666666666666666 0.0 0.4 7 0.7142857142857143 0.0 0.5 7 0.7142857142857143 0.0 0.6 7 0.7142857142857143 0.0 0.7 6 0.8333333333333334 0.0 0.9 0 1 1
8 0.1 10 0.7 0.0 0.4 8 0.625 0.0 0.5 6 0.6666666666666666 0.0 0.6 5 0.8 0.0 0.7 5 0.8 0.0 0.9 0 1 1
8 0.1 11 0.7272727272727273 0.0 0.4 8 0.75 0.0 0.5 8 0.75 0.0 0.6 6 0.8333333333333334 0.0 0.7 3 1.0 0.0 0.9 0 1 1
8 0.1 10 0.7 0.0 0.4 8 0.625 0.0 0.5 8 0.625 0.0 0.6 7 0.7142857142857143 0.0 0.7 7 0.7142857142857143 0.0 0.9 0 1 1
8 0.1 9 0.7777777777777778 0.1111111111111111 0.4 8 0.75 0.125 0.5 8 0.75 0.125 0.6 6 0.8333333333333334 0.16666666666666666 0.7 5 0.8 0.2 0.9 0 1 1
8 0.1 11 0.6363636363636364 0.0 0.4 8 0.75 0.0 0.5 8 0.75 0.0 0.6 5 0.8 0.0 0.7 5 0.8 0.0 0.9 0 1 1
8 0.1 11 0.6363636363636364 0.09090909090909091 0.4 10 0.7 0.1 0.5 9 0.7777777777777778 0.1111111111111111 0.6 9 0.7777777777777778 0.1111111111111111 0.7 8 0.75 0.125 0.9 0 1 1
8 0.1 11 0.6363636363636364 0.09090909090909091 0.4 10 0.7 0.1 0.5 9 0.7777777777777778 0.1111111111111111 0.6 9 0.7777777777777778 0.1111111111111111 0.7 8 0.75 0.125 0.9 0 1 1
8 0.1 10 0.7 0.0 0.4 7 0.7142857142857143 0.0 0.5 6 0.6666666666666666 0.0 0.6 5 0.8 0.0 0.7 4 1.0 0.0 0.9 0 1 1
8 0.1 11 0.6363636363636364 0.0 0.4 11 0.6363636363636364 0.0 0.5 10 0.7 0.0 0.6 10 0.7 0.0 0.7 8 0.625 0.0 0.9 0 1 1
8 0.1 10 0.7 0.0 0.4 10 0.7 0.0 0.5 9 0.7777777777777778 0.0 0.6 8 0.75 0.0 0.7 7 0.7142857142857143 0.0 0.9 0 1 1
8 0.1 11 0.6363636363636364 0.0 0.4 9 0.6666666666666666 0.0 0.5 8 0.625 0.0 0.6 8 0.625 0.0 0.7 7 0.7142857142857143 0.0 0.9 0 1 1
8 0.1 13 0.6153846153846154 0.0 0.4 9 0.5555555555555556 0.0 0.5 8 0.625 0.0 0.6 7 0.5714285714285714 0.0 0.7 6 0.6666666666666666 0.0 0.9 0 1 1
8 0.1 11 0.6363636363636364 0.0 0.4 10 0.7 0.0 0.5 10 0.7 0.0 0.6 9 0.6666666666666666 0.0 0.7 9 0.6666666666666666 0.0 0.9 0 1 1
8 0.1 11 0.6363636363636364 0.0 0.4 9 0.7777777777777778 0.0 0.5 9 0.7777777777777778 0.0 0.6 8 0.75 0.0 0.7 8 0.75 0.0 0.9 0 1 1
8 0.1 11 0.6363636363636364 0.0 0.4 9 0.7777777777777778 0.0 0.5 8 0.75 0.0 0.6 7 0.7142857142857143 0.0 0.7 7 0.7142857142857143 0.0 0.9 0 1 1
8 0.1 11 0.6363636363636364 0.0 0.4 9 0.6666666666666666 0.0 0.5 8 0.75 0.0 0.6 7 0.7142857142857143 0.0 0.7 7 0.7142857142857143 0.0 0.9 0 1 1
8 0.1 9 0.6666666666666666 0.0 0.4 7 0.7142857142857143 0.0 0.5 7 0.7142857142857143 0.0 0.6 7 0.7142857142857143 0.0 0.7 7 0.7142857142857143 0.0 0.9 0 1 1
8 0.1 11 0.6363636363636364 0.09090909090909091 0.4 8 0.75 0.125 0.5 7 0.7142857142857143 0.14285714285714285 0.6 7 0.7142857142857143 0.14285714285714285 0.7 6 0.8333333333333334 0.16666666666666666 0.9 0 1 1
8 0.1 10 0.6 0.0 0.4 8 0.625 0.0 0.5 8 0.625 0.0 0.6 7 0.7142857142857143 0.0 0.7 6 0.8333333333333334 0.0 0.9 0 1 1
8 0.1 10 0.7 0.0 0.4 9 0.6666666666666666 0.0 0.5 8 0.625 0.0 0.6 8 0.625 0.0 0.7 7 0.7142857142857143 0.0 0.9 0 1 1
8 0.1 9 0.6666666666666666 0.0 0.4 9 0.6666666666666666 0.0 0.5 8 0.75 0.0 0.6 7 0.7142857142857143 0.0 0.7 7 0.7142857142857143 0.0 0.9 0 1 1
8 0.1 10 0.6 0.0 0.4 8 0.75 0.0 0.5 7 0.7142857142857143 0.0 0.6 6 0.8333333333333334 0.0 0.7 6 0.8333333333333334 0.0 0.9 0 1 1
8 0.1 11 0.6363636363636364 0.09090909090909091 0.4 9 0.7777777777777778 0.1111111111111111 0.5 9 0.7777777777777778 0.1111111111111111 0.6 8 0.75 0.125 0.7 6 0.8333333333333334 0.16666666666666666 0.9 0 1 1
8 0.1 10 0.6 0.0 0.4 8 0.625 0.0 0.5 8 0.625 0.0 0.6 7 0.7142857142857143 0.0 0.7 7 0.7142857142857143 0.0 0.9 1 1.0 0.0
8 0.1 11 0.6363636363636364 0.0 0.4 10 0.7 0.0 0.5 10 0.7 0.0 0.6 9 0.7777777777777778 0.0 0.7 6 0.6666666666666666 0.0 0.9 0 1 1
8 0.1 10 0.7 0.0 0.4 10 0.7 0.0 0.5 10 0.7 0.0 0.6 9 0.7777777777777778 0.0 0.7 8 0.75 0.0 0.9 0 1 1
8 0.1 10 0.7 0.0 0.4 9 0.6666666666666666 0.0 0.5 9 0.6666666666666666 0.0 0.6 7 0.7142857142857143 0.0 0.7 7 0.7142857142857143 0.0 0.9 0 1 1
8 0.1 10 0.7 0.0 0.4 10 0.7 0.0 0.5 9 0.6666666666666666 0.0 0.6 8 0.625 0.0 0.7 7 0.7142857142857143 0.0 0.9 0 1 1
8 0.1 12 0.6666666666666666 0.0 0.4 9 0.6666666666666666 0.0 0.5 8 0.75 0.0 0.6 7 0.7142857142857143 0.0 0.7 7 0.7142857142857143 0.0 0.9 0 1 1
8 0.1 10 0.7 0.1 0.4 8 0.75 0.125 0.5 7 0.7142857142857143 0.14285714285714285 0.6 7 0.7142857142857143 0.14285714285714285 0.7 6 0.8333333333333334 0.16666666666666666 0.9 0 1 1
8 0.1 10 0.7 0.0 0.4 10 0.7 0.0 0.5 9 0.7777777777777778 0.0 0.6 8 0.75 0.0 0.7 7 0.7142857142857143 0.0 0.9 0 1 1
8 0.1 12 0.6666666666666666 0.08333333333333333 0.4 9 0.7777777777777778 0.1111111111111111 0.5 8 0.75 0.125 0.6 8 0.75 0.125 0.7 7 0.7142857142857143 0.14285714285714285 0.9 0 1 1
8 0.1 11 0.6363636363636364 0.0 0.4 7 0.7142857142857143 0.0 0.5 7 0.7142857142857143 0.0 0.6 7 0.7142857142857143 0.0 0.7 7 0.7142857142857143 0.0 0.9 0 1 1
8 0.1 8 0.75 0.0 0.4 8 0.75 0.0 0.5 7 0.7142857142857143 0.0 0.6 7 0.7142857142857143 0.0 0.7 7 0.7142857142857143 0.0 0.9 0 1 1
8 0.1 11 0.6363636363636364 0.09090909090909091 0.4 8 0.75 0.125 0.5 7 0.7142857142857143 0.14285714285714285 0.6 7 0.7142857142857143 0.14285714285714285 0.7 7 0.7142857142857143 0.14285714285714285 0.9 0 1 1
8 0.1 9 0.6666666666666666 0.1111111111111111 0.4 8 0.625 0.125 0.5 8 0.625 0.125 0.6 8 0.625 0.125 0.7 7 0.7142857142857143 0.14285714285714285 0.9 0 1 1
8 0.1 9 0.7777777777777778 0.0 0.4 8 0.75 0.0 0.5 7 0.7142857142857143 0.0 0.6 6 0.8333333333333334 0.0 0.7 6 0.8333333333333334 0.0 0.9 0 1 1
8 0.1 10 0.7 0.0 0.4 9 0.7777777777777778 0.0 0.5 9 0.7777777777777778 0.0 0.6 9 0.7777777777777778 0.0 0.7 8 0.75 0.0 0.9 0 1 1
8 0.1 12 0.5833333333333334 0.0 0.4 9 0.6666666666666666 0.0 0.5 9 0.6666666666666666 0.0 0.6 7 0.7142857142857143 0.0 0.7 7 0.7142857142857143 0.0 0.9 0 1 1
8 0.1 12 0.5833333333333334 0.0 0.4 9 0.6666666666666666 0.0 0.5 8 0.625 0.0 0.6 8 0.625 0.0 0.7 7 0.7142857142857143 0.0 0.9 0 1 1
8 0.1 12 0.6666666666666666 0.0 0.4 9 0.6666666666666666 0.0 0.5 8 0.625 0.0 0.6 8 0.625 0.0 0.7 7 0.7142857142857143 0.0 0.9 0 1 1
8 0.1 11 0.6363636363636364 0.0 0.4 10 0.7 0.0 0.5 10 0.7 0.0 0.6 10 0.7 0.0 0.7 8 0.75 0.0 0.9 0 1 1
8 0.1 10 0.6 0.0 0.4 9 0.6666666666666666 0.0 0.5 8 0.75 0.0 0.6 7 0.7142857142857143 0.0 0.7 7 0.7142857142857143 0.0 0.9 0 1 1
8 0.1 10 0.6 0.0 0.4 8 0.75 0.0 0.5 7 0.7142857142857143 0.0 0.6 7 0.7142857142857143 0.0 0.7 7 0.7142857142857143 0.0 0.9 0 1 1
8 0.1 10 0.6 0.0 0.4 8 0.75 0.0 0.5 7 0.7142857142857143 0.0 0.6 7 0.7142857142857143 0.0 0.7 7 0.7142857142857143 0.0 0.9 0 1 1
8 0.1 10 0.7 0.0 0.4 9 0.6666666666666666 0.0 0.5 9 0.6666666666666666 0.0 0.6 8 0.75 0.0 0.7 8 0.75 0.0 0.9 0 1 1
8 0.1 10 0.6 0.0 0.4 8 0.625 0.0 0.5 7 0.7142857142857143 0.0 0.6 7 0.7142857142857143 0.0 0.7 7 0.7142857142857143 0.0 0.9 0 1 1
8 0.1 11 0.6363636363636364 0.0 0.4 8 0.75 0.0 0.5 7 0.7142857142857143 0.0 0.6 7 0.7142857142857143 0.0 0.7 7 0.7142857142857143 0.0 0.9 0 1 1
8 0.1 9 0.6666666666666666 0.0 0.4 9 0.6666666666666666 0.0 0.5 9 0.6666666666666666 0.0 0.6 8 0.75 0.0 0.7 7 0.7142857142857143 0.0 0.9 1 0.0 0.0
8 0.1 9 0.6666666666666666 0.0 0.4 8 0.75 0.0 0.5 8 0.75 0.0 0.6 7 0.7142857142857143 0.0 0.7 7 0.7142857142857143 0.0 0.9 0 1 1
8 0.1 10 0.7 0.0 0.4 8 0.75 0.0 0.5 8 0.75 0.0 0.6 7 0.7142857142857143 0.0 0.7 7 0.7142857142857143 0.0 0.9 0 1 1
8 0.1 9 0.7777777777777778 0.0 0.4 7 0.7142857142857143 0.0 0.5 6 0.6666666666666666 0.0 0.6 6 0.6666666666666666 0.0 0.7 6 0.6666666666666666 0.0 0.9 0 1 1
8 0.1 10 0.7 0.1 0.4 7 0.7142857142857143 0.14285714285714285 0.5 7 0.7142857142857143 0.14285714285714285 0.6 7 0.7142857142857143 0.14285714285714285 0.7 6 0.8333333333333334 0.16666666666666666 0.9 0 1 1
8 0.1 10 0.6 0.1 0.4 8 0.75 0.125 0.5 8 0.75 0.125 0.6 7 0.7142857142857143 0.14285714285714285 0.7 7 0.7142857142857143 0.14285714285714285 0.9 0 1 1
8 0.1 11 0.6363636363636364 0.0 0.4 8 0.75 0.0 0.5 8 0.75 0.0 0.6 7 0.7142857142857143 0.0 0.7 7 0.7142857142857143 0.0 0.9 0 1 1
8 0.1 10 0.6 0.0 0.4 9 0.6666666666666666 0.0 0.5 8 0.75 0.0 0.6 7 0.7142857142857143 0.0 0.7 7 0.7142857142857143 0.0 0.9 0 1 1
8 0.1 12 0.6666666666666666 0.0 0.4 10 0.7 0.0 0.5 10 0.7 0.0 0.6 9 0.7777777777777778 0.0 0.7 8 0.75 0.0 0.9 0 1 1
8 0.1 10 0.7 0.0 0.4 10 0.7 0.0 0.5 10 0.7 0.0 0.6 9 0.7777777777777778 0.0 0.7 8 0.75 0.0 0.9 0 1 1
8 0.1 10 0.7 0.0 0.4 9 0.6666666666666666 0.0 0.5 9 0.6666666666666666 0.0 0.6 7 0.7142857142857143 0.0 0.7 7 0.7142857142857143 0.0 0.9 0 1 1
8 0.1 11 0.7272727272727273 0.0 0.4 7 0.7142857142857143 0.0 0.5 6 0.6666666666666666 0.0 0.6 6 0.6666666666666666 0.0 0.7 6 0.6666666666666666 0.0 0.9 0 1 1
8 0.1 10 0.7 0.1 0.4 8 0.625 0.125 0.5 8 0.625 0.125 0.6 8 0.625 0.125 0.7 6 0.6666666666666666 0.16666666666666666 0.9 0 1 1
8 0.1 10 0.6 0.0 0.4 7 0.7142857142857143 0.0 0.5 7 0.7142857142857143 0.0 0.6 6 0.6666666666666666 0.0 0.7 6 0.6666666666666666 0.0 0.9 0 1 1
8 0.1 10 0.7 0.0 0.4 9 0.7777777777777778 0.0 0.5 7 0.7142857142857143 0.0 0.6 6 0.6666666666666666 0.0 0.7 6 0.6666666666666666 0.0 0.9 0 1 1
8 0.1 10 0.6 0.1 0.4 8 0.75 0.125 0.5 8 0.75 0.125 0.6 6 0.6666666666666666 0.16666666666666666 0.7 6 0.6666666666666666 0.16666666666666666 0.9 0 1 1
8 0.1 10 0.7 0.0 0.4 9 0.6666666666666666 0.0 0.5 8 0.75 0.0 0.6 7 0.7142857142857143 0.0 0.7 6 0.6666666666666666 0.0 0.9 0 1 1
8 0.1 10 0.7 0.0 0.4 8 0.75 0.0 0.5 8 0.75 0.0 0.6 8 0.75 0.0 0.7 6 0.6666666666666666 0.0 0.9 0 1 1
