8 0.1 3 0.0 0.0 0.4 0 1 1 0.5 0 1 1 0.6 0 1 1 0.7 0 1 1 0.9 0 1 1
8 0.1 0 1 1 0.4 0 1 1 0.5 0 1 1 0.6 0 1 1 0.7 0 1 1 0.9 0 1 1
8 0.1 0 1 1 0.4 0 1 1 0.5 0 1 1 0.6 0 1 1 0.7 0 1 1 0.9 0 1 1
8 0.1 0 1 1 0.4 0 1 1 0.5 0 1 1 0.6 0 1 1 0.7 0 1 1 0.9 0 1 1
8 0.1 2 0.0 0.0 0.4 0 1 1 0.5 0 1 1 0.6 0 1 1 0.7 0 1 1 0.9 0 1 1
8 0.1 17 0.17647058823529413 0.0 0.4 0 1 1 0.5 0 1 1 0.6 0 1 1 0.7 0 1 1 0.9 0 1 1
8 0.1 39 0.10256410256410256 0.0 0.4 1 1.0 0.0 0.5 1 1.0 0.0 0.6 0 1 1 0.7 0 1 1 0.9 0 1 1
8 0.1 35 0.05714285714285714 0.0 0.4 7 0.2857142857142857 0.0 0.5 3 0.0 0.0 0.6 0 1 1 0.7 0 1 1 0.9 0 1 1
8 0.1 89 0.056179775280898875 0.0 0.4 15 0.2 0.0 0.5 7 0.2857142857142857 0.0 0.6 2 0.5 0.0 0.7 0 1 1 0.9 0 1 1
8 0.1 126 0.047619047619047616 0.0 0.4 25 0.24 0.0 0.5 13 0.23076923076923078 0.0 0.6 5 0.4 0.0 0.7 3 0.3333333333333333 0.0 0.9 0 1 1
8 0.1 195 0.041025641025641026 0.0 0.4 35 0.14285714285714285 0.0 0.5 16 0.25 0.0 0.6 6 0.5 0.0 0.7 1 1.0 0.0 0.9 0 1 1
8 0.1 96 0.08333333333333333 0.0 0.4 9 0.3333333333333333 0.0 0.5 2 0.5 0.0 0.6 1 1.0 0.0 0.7 0 1 1 0.9 0 1 1
8 0.1 112 0.07142857142857142 0.0 0.4 15 0.3333333333333333 0.0 0.5 6 0.8333333333333334 0.0 0.6 0 1 1 0.7 0 1 1 0.9 0 1 1
8 0.1 99 0.08080808080808081 0.0 0.4 17 0.35294117647058826 0.0 0.5 4 0.75 0.0 0.6 2 1.0 0.0 0.7 1 1.0 0.0 0.9 0 1 1
8 0.1 61 0.09836065573770492 0.0 0.4 3 0.3333333333333333 0.0 0.5 1 1.0 0.0 0.6 0 1 1 0.7 0 1 1 0.9 0 1 1
8 0.1 45 0.17777777777777778 0.0 0.4 5 0.8 0.0 0.5 1 1.0 0.0 0.6 0 1 1 0.7 0 1 1 0.9 0 1 1
8 0.1 23 0.21739130434782608 0.0 0.4 5 0.6 0.0 0.5 4 0.75 0.0 0.6 0 1 1 0.7 0 1 1 0.9 0 1 1
8 0.1 65 0.12307692307692308 0.0 0.4 12 0.4166666666666667 0.0 0.5 3 0.6666666666666666 0.0 0.6 3 0.6666666666666666 0.0 0.7 2 1.0 0.0 0.9 0 1 1
8 0.1 53 0.1320754716981132 0.0 0.4 4 0.25 0.0 0.5 2 0.5 0.0 0.6 0 1 1 0.7 0 1 1 0.9 0 1 1
8 0.1 51 0.1568627450980392 0.0 0.4 16 0.3125 0.0 0.5 11 0.36363636363636365 0.0 0.6 5 0.4 0.0 0.7 0 1 1 0.9 0 1 1
8 0.1 25 0.24 0.0 0.4 1 0.0 0.0 0.5 0 1 1 0.6 0 1 1 0.7 0 1 1 0.9 0 1 1
8 0.1 62 0.12903225806451613 0.0 0.4 8 0.375 0.0 0.5 3 0.3333333333333333 0.0 0.6 0 1 1 0.7 0 1 1 0.9 0 1 1
8 0.1 95 0.08421052631578947 0.0 0.4 35 0.17142857142857143 0.0 0.5 25 0.2 0.0 0.6 18 0.2777777777777778 0.0 0.7 10 0.4 0.0 0.9 0 1 1
8 0.1 61 0.13114754098360656 0.0 0.4 14 0.35714285714285715 0.0 0.5 9 0.5555555555555556 0.0 0.6 5 0.8 0.0 0.7 1 0.0 0.0 0.9 0 1 1
8 0.1 45 0.17777777777777778 0.0 0.4 10 0.7 0.0 0.5 6 0.8333333333333334 0.0 0.6 3 0.6666666666666666 0.0 0.7 3 0.6666666666666666 0.0 0.9 0 1 1
8 0.1 75 0.09333333333333334 0.0 0.4 24 0.2916666666666667 0.0 0.5 10 0.4 0.0 0.6 5 0.4 0.0 0.7 0 1 1 0.9 0 1 1
8 0.1 22 0.18181818181818182 0.0 0.4 5 0.4 0.0 0.5 4 0.5 0.0 0.6 2 1.0 0.0 0.7 0 1 1 0.9 0 1 1
8 0.1 4 0.5 0.0 0.4 1 1.0 0.0 0.5 0 1 1 0.6 0 1 1 0.7 0 1 1 0.9 0 1 1
8 0.1 35 0.22857142857142856 0.0 0.4 20 0.35 0.0 0.5 13 0.38461538461538464 0.0 0.6 6 0.8333333333333334 0.0 0.7 0 1 1 0.9 0 1 1
8 0.1 39 0.15384615384615385 0.0 0.4 14 0.35714285714285715 0.0 0.5 11 0.36363636363636365 0.0 0.6 7 0.5714285714285714 0.0 0.7 5 0.8 0.0 0.9 0 1 1
8 0.1 25 0.28 0.0 0.4 10 0.4 0.0 0.5 6 0.5 0.0 0.6 2 0.5 0.0 0.7 0 1 1 0.9 0 1 1
8 0.1 10 0.4 0.0 0.4 0 1 1 0.5 0 1 1 0.6 0 1 1 0.7 0 1 1 0.9 0 1 1
8 0.1 17 0.4117647058823529 0.0 0.4 4 0.75 0.0 0.5 3 0.6666666666666666 0.0 0.6 1 1.0 0.0 0.7 1 1.0 0.0 0.9 0 1 1
8 0.1 16 0.5 0.0 0.4 5 1.0 0.0 0.5 3 1.0 0.0 0.6 3 1.0 0.0 0.7 1 1.0 0.0 0.9 0 1 1
8 0.1 11 0.6363636363636364 0.0 0.4 5 1.0 0.0 0.5 3 1.0 0.0 0.6 1 1.0 0.0 0.7 0 1 1 0.9 0 1 1
8 0.1 4 0.75 0.0 0.4 0 1 1 0.5 0 1 1 0.6 0 1 1 0.7 0 1 1 0.9 0 1 1
8 0.1 23 0.30434782608695654 0.0 0.4 7 0.7142857142857143 0.0 0.5 6 0.6666666666666666 0.0 0.6 4 1.0 0.0 0.7 2 1.0 0.0 0.9 0 1 1
8 0.1 27 0.25925925925925924 0.0 0.4 12 0.5 0.0 0.5 9 0.6666666666666666 0.0 0.6 7 0.7142857142857143 0.0 0.7 2 1.0 0.0 0.9 0 1 1
8 0.1 34 0.17647058823529413 0.0 0.4 0 1 1 0.5 0 1 1 0.6 0 1 1 0.7 0 1 1 0.9 0 1 1
8 0.1 19 0.3684210526315789 0.0 0.4 7 0.7142857142857143 0.0 0.5 3 1.0 0.0 0.6 0 1 1 0.7 0 1 1 0.9 0 1 1
8 0.1 12 0.3333333333333333 0.0 0.4 4 0.5 0.0 0.5 2 0.5 0.0 0.6 1 1.0 0.0 0.7 0 1 1 0.9 0 1 1
8 0.1 8 0.5 0.0 0.4 3 0.6666666666666666 0.0 0.5 2 0.5 0.0 0.6 1 1.0 0.0 0.7 0 1 1 0.9 0 1 1
8 0.1 0 1 1 0.4 0 1 1 0.5 0 1 1 0.6 0 1 1 0.7 0 1 1 0.9 0 1 1
8 0.1 0 1 1 0.4 0 1 1 0.5 0 1 1 0.6 0 1 1 0.7 0 1 1 0.9 0 1 1
8 0.1 2 1.0 0.0 0.4 0 1 1 0.5 0 1 1 0.6 0 1 1 0.7 0 1 1 0.9 0 1 1
8 0.1 15 0.5333333333333333 0.0 0.4 5 1.0 0.0 0.5 3 1.0 0.0 0.6 2 1.0 0.0 0.7 1 1.0 0.0 0.9 0 1 1
8 0.1 12 0.4166666666666667 0.0 0.4 3 1.0 0.0 0.5 3 1.0 0.0 0.6 2 1.0 0.0 0.7 0 1 1 0.9 0 1 1
8 0.1 2 0.5 0.0 0.4 0 1 1 0.5 0 1 1 0.6 0 1 1 0.7 0 1 1 0.9 0 1 1
8 0.1 10 0.7 0.0 0.4 3 1.0 0.0 0.5 2 1.0 0.0 0.6 1 1.0 0.0 0.7 0 1 1 0.9 0 1 1
8 0.1 9 0.8888888888888888 0.0 0.4 6 1.0 0.0 0.5 5 1.0 0.0 0.6 4 1.0 0.0 0.7 1 1.0 0.0 0.9 0 1 1
8 0.1 10 0.8 0.0 0.4 7 1.0 0.0 0.5 7 1.0 0.0 0.6 5 1.0 0.0 0.7 3 1.0 0.0 0.9 0 1 1
8 0.1 10 0.7 0.0 0.4 5 1.0 0.0 0.5 4 1.0 0.0 0.6 2 1.0 0.0 0.7 2 1.0 0.0 0.9 0 1 1
8 0.1 17 0.35294117647058826 0.0 0.4 2 0.5 0.0 0.5 2 0.5 0.0 0.6 0 1 1 0.7 0 1 1 0.9 0 1 1
8 0.1 12 0.3333333333333333 0.0 0.4 2 0.5 0.0 0.5 0 1 1 0.6 0 1 1 0.7 0 1 1 0.9 0 1 1
8 0.1 2 1.0 0.0 0.4 1 1.0 0.0 0.5 1 1.0 0.0 0.6 0 1 1 0.7 0 1 1 0.9 0 1 1
8 0.1 6 1.0 0.0 0.4 3 1.0 0.0 0.5 1 1.0 0.0 0.6 1 1.0 0.0 0.7 1 1.0 0.0 0.9 0 1 1
8 0.1 5 1.0 0.0 0.4 3 1.0 0.0 0.5 2 1.0 0.0 0.6 1 1.0 0.0 0.7 0 1 1 0.9 0 1 1
8 0.1 11 0.7272727272727273 0.0 0.4 7 0.8571428571428571 0.0 0.5 7 0.8571428571428571 0.0 0.6 7 0.8571428571428571 0.0 0.7 6 1.0 0.0 0.9 0 1 1
8 0.1 26 0.2692307692307692 0.0 0.4 9 0.5555555555555556 0.0 0.5 7 0.5714285714285714 0.0 0.6 5 0.6 0.0 0.7 2 1.0 0.0 0.9 0 1 1
8 0.1 22 0.3181818181818182 0.0 0.4 5 0.6 0.0 0.5 0 1 1 0.6 0 1 1 0.7 0 1 1 0.9 0 1 1
8 0.1 14 0.42857142857142855 0.0 0.4 8 0.625 0.0 0.5 5 0.8 0.0 0.6 4 1.0 0.0 0.7 3 1.0 0.0 0.9 0 1 1
8 0.1 24 0.25 0.0 0.4 6 0.6666666666666666 0.0 0.5 1 1.0 0.0 0.6 1 1.0 0.0 0.7 1 1.0 0.0 0.9 0 1 1
8 0.1 19 0.42105263157894735 0.0 0.4 8 0.75 0.0 0.5 7 0.8571428571428571 0.0 0.6 6 0.8333333333333334 0.0 0.7 4 0.75 0.0 0.9 0 1 1
8 0.1 8 0.5 0.0 0.4 2 1.0 0.0 0.5 1 1.0 0.0 0.6 1 1.0 0.0 0.7 0 1 1 0.9 0 1 1
8 0.1 0 1 1 0.4 0 1 1 0.5 0 1 1 0.6 0 1 1 0.7 0 1 1 0.9 0 1 1
8 0.1 0 1 1 0.4 0 1 1 0.5 0 1 1 0.6 0 1 1 0.7 0 1 1 0.9 0 1 1
8 0.1 55 0.0 0.0 0.4 0 1 1 0.5 0 1 1 0.6 0 1 1 0.7 0 1 1 0.9 0 1 1
8 0.1 12 0.08333333333333333 0.0 0.4 1 1.0 0.0 0.5 0 1 1 0.6 0 1 1 0.7 0 1 1 0.9 0 1 1
8 0.1 19 0.0 0.0 0.4 0 1 1 0.5 0 1 1 0.6 0 1 1 0.7 0 1 1 0.9 0 1 1
8 0.1 0 1 1 0.4 0 1 1 0.5 0 1 1 0.6 0 1 1 0.7 0 1 1 0.9 0 1 1
8 0.1 0 1 1 0.4 0 1 1 0.5 0 1 1 0.6 0 1 1 0.7 0 1 1 0.9 0 1 1
8 0.1 1 0.0 0.0 0.4 0 1 1 0.5 0 1 1 0.6 0 1 1 0.7 0 1 1 0.9 0 1 1
8 0.1 0 1 1 0.4 0 1 1 0.5 0 1 1 0.6 0 1 1 0.7 0 1 1 0.9 0 1 1
8 0.1 2 0.5 0.0 0.4 0 1 1 0.5 0 1 1 0.6 0 1 1 0.7 0 1 1 0.9 0 1 1
8 0.1 30 0.26666666666666666 0.0 0.4 3 0.6666666666666666 0.0 0.5 2 1.0 0.0 0.6 0 1 1 0.7 0 1 1 0.9 0 1 1
8 0.1 15 0.26666666666666666 0.0 0.4 1 0.0 0.0 0.5 0 1 1 0.6 0 1 1 0.7 0 1 1 0.9 0 1 1
8 0.1 23 0.21739130434782608 0.0 0.4 2 0.5 0.0 0.5 1 1.0 0.0 0.6 0 1 1 0.7 0 1 1 0.9 0 1 1
8 0.1 5 0.6 0.0 0.4 1 1.0 0.0 0.5 0 1 1 0.6 0 1 1 0.7 0 1 1 0.9 0 1 1
8 0.1 23 0.34782608695652173 0.0 0.4 1 1.0 0.0 0.5 0 1 1 0.6 0 1 1 0.7 0 1 1 0.9 0 1 1
8 0.1 46 0.17391304347826086 0.0 0.4 5 0.6 0.0 0.5 0 1 1 0.6 0 1 1 0.7 0 1 1 0.9 0 1 1
8 0.1 22 0.36363636363636365 0.0 0.4 3 1.0 0.0 0.5 1 1.0 0.0 0.6 0 1 1 0.7 0 1 1 0.9 0 1 1
8 0.1 1 1.0 0.0 0.4 0 1 1 0.5 0 1 1 0.6 0 1 1 0.7 0 1 1 0.9 0 1 1
8 0.1 12 0.5 0.0 0.4 1 1.0 0.0 0.5 1 1.0 0.0 0.6 0 1 1 0.7 0 1 1 0.9 0 1 1
8 0.1 14 0.5 0.07142857142857142 0.4 3 0.6666666666666666 0.3333333333333333 0.5 1 1.0 1.0 0.6 1 1.0 1.0 0.7 1 1.0 1.0 0.9 0 1 1
8 0.1 3 0.0 0.0 0.4 0 1 1 0.5 0 1 1 0.6 0 1 1 0.7 0 1 1 0.9 0 1 1
8 0.1 5 0.4 0.0 0.4 0 1 1 0.5 0 1 1 0.6 0 1 1 0.7 0 1 1 0.9 0 1 1
8 0.1 55 0.14545454545454545 0.0 0.4 3 1.0 0.0 0.5 1 1.0 0.0 0.6 0 1 1 0.7 0 1 1 0.9 0 1 1
8 0.1 99 0.030303030303030304 0.0 0.4 3 0.3333333333333333 0.0 0.5 0 1 1 0.6 0 1 1 0.7 0 1 1 0.9 0 1 1
8 0.1 68 0.11764705882352941 0.0 0.4 4 0.75 0.0 0.5 3 1.0 0.0 0.6 1 1.0 0.0 0.7 0 1 1 0.9 0 1 1
8 0.1 36 0.2222222222222222 0.0 0.4 1 1.0 0.0 0.5 0 1 1 0.6 0 1 1 0.7 0 1 1 0.9 0 1 1
8 0.1 3 0.0 0.0 0.4 1 0.0 0.0 0.5 0 1 1 0.6 0 1 1 0.7 0 1 1 0.9 0 1 1
8 0.1 15 0.2 0.0 0.4 2 0.5 0.0 0.5 1 0.0 0.0 0.6 0 1 1 0.7 0 1 1 0.9 0 1 1
8 0.1 39 0.1794871794871795 0.0 0.4 6 0.3333333333333333 0.0 0.5 1 1.0 0.0 0.6 0 1 1 0.7 0 1 1 0.9 0 1 1
8 0.1 20 0.25 0.0 0.4 2 0.5 0.0 0.5 1 0.0 0.0 0.6 0 1 1 0.7 0 1 1 0.9 0 1 1
8 0.1 53 0.1509433962264151 0.0 0.4 2 0.5 0.0 0.5 0 1 1 0.6 0 1 1 0.7 0 1 1 0.9 0 1 1
8 0.1 31 0.22580645161290322 0.03225806451612903 0.4 2 1.0 0.0 0.5 1 1.0 0.0 0.6 0 1 1 0.7 0 1 1 0.9 0 1 1
8 0.1 16 0.3125 0.0 0.4 3 1.0 0.0 0.5 1 1.0 0.0 0.6 0 1 1 0.7 0 1 1 0.9 0 1 1
8 0.1 14 0.5 0.0 0.4 5 1.0 0.0 0.5 1 1.0 0.0 0.6 0 1 1 0.7 0 1 1 0.9 0 1 1
8 0.1 11 0.7272727272727273 0.0 0.4 3 1.0 0.0 0.5 0 1 1 0.6 0 1 1 0.7 0 1 1 0.9 0 1 1
8 0.1 8 0.75 0.0 0.4 1 1.0 0.0 0.5 1 1.0 0.0 0.6 1 1.0 0.0 0.7 1 1.0 0.0 0.9 0 1 1
8 0.1 21 0.38095238095238093 0.0 0.4 8 0.875 0.0 0.5 7 1.0 0.0 0.6 4 1.0 0.0 0.7 2 1.0 0.0 0.9 0 1 1
8 0.1 34 0.14705882352941177 0.0 0.4 6 0.5 0.0 0.5 2 0.5 0.0 0.6 0 1 1 0.7 0 1 1 0.9 0 1 1
8 0.1 25 0.08 0.0 0.4 3 0.3333333333333333 0.0 0.5 1 1.0 0.0 0.6 0 1 1 0.7 0 1 1 0.9 0 1 1
8 0.1 23 0.043478260869565216 0.0 0.4 5 0.2 0.0 0.5 3 0.3333333333333333 0.0 0.6 2 0.5 0.0 0.7 0 1 1 0.9 0 1 1
8 0.1 10 0.0 0.0 0.4 3 0.0 0.0 0.5 3 0.0 0.0 0.6 2 0.0 0.0 0.7 1 0.0 0.0 0.9 0 1 1
8 0.1 5 0.0 0.0 0.4 3 0.0 0.0 0.5 2 0.0 0.0 0.6 1 0.0 0.0 0.7 1 0.0 0.0 0.9 0 1 1
8 0.1 5 0.6 0.0 0.4 1 1.0 0.0 0.5 0 1 1 0.6 0 1 1 0.7 0 1 1 0.9 0 1 1
8 0.1 5 0.4 0.0 0.4 0 1 1 0.5 0 1 1 0.6 0 1 1 0.7 0 1 1 0.9 0 1 1
8 0.1 9 0.4444444444444444 0.0 0.4 2 1.0 0.0 0.5 1 1.0 0.0 0.6 1 1.0 0.0 0.7 0 1 1 0.9 0 1 1
8 0.1 14 0.5714285714285714 0.0 0.4 4 1.0 0.0 0.5 4 1.0 0.0 0.6 2 1.0 0.0 0.7 1 1.0 0.0 0.9 0 1 1
8 0.1 12 0.6666666666666666 0.0 0.4 6 1.0 0.0 0.5 4 1.0 0.0 0.6 2 1.0 0.0 0.7 1 1.0 0.0 0.9 0 1 1
8 0.1 9 0.7777777777777778 0.0 0.4 3 1.0 0.0 0.5 3 1.0 0.0 0.6 2 1.0 0.0 0.7 1 1.0 0.0 0.9 0 1 1
8 0.1 7 1.0 0.0 0.4 4 1.0 0.0 0.5 2 1.0 0.0 0.6 2 1.0 0.0 0.7 0 1 1 0.9 0 1 1
8 0.1 10 0.8 0.0 0.4 4 1.0 0.0 0.5 3 1.0 0.0 0.6 2 1.0 0.0 0.7 1 1.0 0.0 0.9 0 1 1
8 0.1 12 0.6666666666666666 0.0 0.4 6 1.0 0.0 0.5 3 1.0 0.0 0.6 2 1.0 0.0 0.7 0 1 1 0.9 0 1 1
8 0.1 9 0.7777777777777778 0.0 0.4 3 1.0 0.0 0.5 3 1.0 0.0 0.6 2 1.0 0.0 0.7 0 1 1 0.9 0 1 1
8 0.1 5 0.8 0.0 0.4 3 1.0 0.0 0.5 3 1.0 0.0 0.6 2 1.0 0.0 0.7 0 1 1 0.9 0 1 1
8 0.1 4 1.0 0.0 0.4 2 1.0 0.0 0.5 1 1.0 0.0 0.6 0 1 1 0.7 0 1 1 0.9 0 1 1
8 0.1 8 0.75 0.0 0.4 4 1.0 0.0 0.5 4 1.0 0.0 0.6 3 1.0 0.0 0.7 2 1.0 0.0 0.9 0 1 1
8 0.1 8 0.875 0.0 0.4 7 0.8571428571428571 0.0 0.5 5 1.0 0.0 0.6 4 1.0 0.0 0.7 2 1.0 0.0 0.9 0 1 1
8 0.1 6 0.8333333333333334 0.16666666666666666 0.4 4 1.0 0.25 0.5 4 1.0 0.25 0.6 4 1.0 0.25 0.7 1 1.0 1.0 0.9 0 1 1
8 0.1 5 0.8 0.0 0.4 2 1.0 0.0 0.5 0 1 1 0.6 0 1 1 0.7 0 1 1 0.9 0 1 1
8 0.1 18 0.4444444444444444 0.0 0.4 6 1.0 0.0 0.5 4 1.0 0.0 0.6 3 1.0 0.0 0.7 3 1.0 0.0 0.9 0 1 1
8 0.1 7 0.8571428571428571 0.0 0.4 4 1.0 0.0 0.5 2 1.0 0.0 0.6 0 1 1 0.7 0 1 1 0.9 0 1 1
8 0.1 18 0.3888888888888889 0.05555555555555555 0.4 4 1.0 0.0 0.5 3 1.0 0.0 0.6 2 1.0 0.0 0.7 1 1.0 0.0 0.9 0 1 1
8 0.1 23 0.30434782608695654 0.0 0.4 4 0.75 0.0 0.5 3 1.0 0.0 0.6 2 1.0 0.0 0.7 1 1.0 0.0 0.9 0 1 1
8 0.1 10 0.6 0.0 0.4 4 1.0 0.0 0.5 3 1.0 0.0 0.6 3 1.0 0.0 0.7 2 1.0 0.0 0.9 0 1 1
8 0.1 7 0.8571428571428571 0.0 0.4 4 1.0 0.0 0.5 2 1.0 0.0 0.6 2 1.0 0.0 0.7 1 1.0 0.0 0.9 0 1 1
8 0.1 41 0.17073170731707318 0.0 0.4 6 0.5 0.0 0.5 2 1.0 0.0 0.6 0 1 1 0.7 0 1 1 0.9 0 1 1
8 0.1 7 0.8571428571428571 0.0 0.4 2 1.0 0.0 0.5 0 1 1 0.6 0 1 1 0.7 0 1 1 0.9 0 1 1
8 0.1 24 0.2916666666666667 0.0 0.4 8 0.5 0.0 0.5 6 0.6666666666666666 0.0 0.6 2 1.0 0.0 0.7 0 1 1 0.9 0 1 1
8 0.1 16 0.4375 0.0 0.4 3 1.0 0.0 0.5 2 1.0 0.0 0.6 0 1 1 0.7 0 1 1 0.9 0 1 1
8 0.1 17 0.4117647058823529 0.0 0.4 9 0.6666666666666666 0.0 0.5 6 0.8333333333333334 0.0 0.6 4 1.0 0.0 0.7 3 1.0 0.0 0.9 0 1 1
8 0.1 17 0.35294117647058826 0.0 0.4 3 1.0 0.0 0.5 2 1.0 0.0 0.6 2 1.0 0.0 0.7 1 1.0 0.0 0.9 0 1 1
8 0.1 12 0.4166666666666667 0.08333333333333333 0.4 1 1.0 0.0 0.5 1 1.0 0.0 0.6 0 1 1 0.7 0 1 1 0.9 0 1 1
8 0.1 10 0.7 0.0 0.4 7 0.8571428571428571 0.0 0.5 5 1.0 0.0 0.6 3 1.0 0.0 0.7 2 1.0 0.0 0.9 0 1 1
8 0.1 8 0.75 0.0 0.4 4 1.0 0.0 0.5 4 1.0 0.0 0.6 3 1.0 0.0 0.7 2 1.0 0.0 0.9 0 1 1
8 0.1 12 0.5833333333333334 0.0 0.4 6 0.8333333333333334 0.0 0.5 5 1.0 0.0 0.6 4 1.0 0.0 0.7 3 1.0 0.0 0.9 0 1 1
8 0.1 8 0.75 0.0 0.4 3 1.0 0.0 0.5 3 1.0 0.0 0.6 3 1.0 0.0 0.7 2 1.0 0.0 0.9 0 1 1
8 0.1 8 0.75 0.125 0.4 5 1.0 0.2 0.5 4 1.0 0.25 0.6 4 1.0 0.25 0.7 2 1.0 0.0 0.9 0 1 1
8 0.1 11 0.5454545454545454 0.09090909090909091 0.4 5 0.8 0.2 0.5 4 1.0 0.25 0.6 3 1.0 0.3333333333333333 0.7 3 1.0 0.3333333333333333 0.9 0 1 1
8 0.1 12 0.5 0.0 0.4 4 1.0 0.0 0.5 4 1.0 0.0 0.6 4 1.0 0.0 0.7 4 1.0 0.0 0.9 0 1 1
8 0.1 10 0.6 0.0 0.4 2 1.0 0.0 0.5 2 1.0 0.0 0.6 2 1.0 0.0 0.7 1 1.0 0.0 0.9 0 1 1
8 0.1 7 0.5714285714285714 0.0 0.4 2 1.0 0.0 0.5 2 1.0 0.0 0.6 1 1.0 0.0 0.7 1 1.0 0.0 0.9 0 1 1
8 0.1 9 0.5555555555555556 0.2222222222222222 0.4 5 1.0 0.4 0.5 4 1.0 0.5 0.6 3 1.0 0.6666666666666666 0.7 3 1.0 0.6666666666666666 0.9 0 1 1
8 0.1 6 0.8333333333333334 0.0 0.4 1 1.0 0.0 0.5 1 1.0 0.0 0.6 1 1.0 0.0 0.7 1 1.0 0.0 0.9 0 1 1
8 0.1 25 0.24 0.0 0.4 3 0.6666666666666666 0.0 0.5 1 1.0 0.0 0.6 1 1.0 0.0 0.7 1 1.0 0.0 0.9 0 1 1
8 0.1 10 0.7 0.0 0.4 3 1.0 0.0 0.5 3 1.0 0.0 0.6 3 1.0 0.0 0.7 3 1.0 0.0 0.9 0 1 1
8 0.1 9 0.6666666666666666 0.0 0.4 6 0.8333333333333334 0.0 0.5 6 0.8333333333333334 0.0 0.6 4 1.0 0.0 0.7 3 1.0 0.0 0.9 0 1 1
8 0.1 11 0.45454545454545453 0.0 0.4 6 0.6666666666666666 0.0 0.5 5 0.8 0.0 0.6 3 1.0 0.0 0.7 2 1.0 0.0 0.9 0 1 1
8 0.1 7 0.8571428571428571 0.0 0.4 7 0.8571428571428571 0.0 0.5 6 0.8333333333333334 0.0 0.6 3 1.0 0.0 0.7 3 1.0 0.0 0.9 0 1 1
8 0.1 9 0.7777777777777778 0.0 0.4 7 0.8571428571428571 0.0 0.5 6 0.8333333333333334 0.0 0.6 5 1.0 0.0 0.7 2 1.0 0.0 0.9 0 1 1
8 0.1 11 0.6363636363636364 0.0 0.4 7 0.8571428571428571 0.0 0.5 7 0.8571428571428571 0.0 0.6 6 0.8333333333333334 0.0 0.7 4 1.0 0.0 0.9 0 1 1
8 0.1 9 0.6666666666666666 0.0 0.4 5 1.0 0.0 0.5 5 1.0 0.0 0.6 3 1.0 0.0 0.7 3 1.0 0.0 0.9 0 1 1
8 0.1 12 0.5 0.0 0.4 8 0.625 0.0 0.5 4 0.75 0.0 0.6 3 1.0 0.0 0.7 2 1.0 0.0 0.9 1 1.0 0.0
8 0.1 9 0.5555555555555556 0.0 0.4 3 1.0 0.0 0.5 3 1.0 0.0 0.6 3 1.0 0.0 0.7 2 1.0 0.0 0.9 0 1 1
8 0.1 12 0.4166666666666667 0.0 0.4 5 0.8 0.0 0.5 5 0.8 0.0 0.6 3 0.6666666666666666 0.0 0.7 1 1.0 0.0 0.9 0 1 1
8 0.1 9 0.5555555555555556 0.0 0.4 2 1.0 0.0 0.5 2 1.0 0.0 0.6 1 1.0 0.0 0.7 1 1.0 0.0 0.9 0 1 1
8 0.1 23 0.2608695652173913 0.0 0.4 3 1.0 0.0 0.5 2 1.0 0.0 0.6 1 1.0 0.0 0.7 1 1.0 0.0 0.9 0 1 1
8 0.1 13 0.46153846153846156 0.0 0.4 5 1.0 0.0 0.5 5 1.0 0.0 0.6 4 1.0 0.0 0.7 3 1.0 0.0 0.9 0 1 1
8 0.1 11 0.6363636363636364 0.0 0.4 10 0.6 0.0 0.5 7 0.7142857142857143 0.0 0.6 6 0.8333333333333334 0.0 0.7 5 1.0 0.0 0.9 0 1 1
8 0.1 14 0.5 0.0 0.4 10 0.6 0.0 0.5 9 0.6666666666666666 0.0 0.6 7 0.8571428571428571 0.0 0.7 5 0.8 0.0 0.9 0 1 1
8 0.1 9 0.6666666666666666 0.1111111111111111 0.4 8 0.75 0.125 0.5 6 0.8333333333333334 0.16666666666666666 0.6 5 1.0 0.2 0.7 5 1.0 0.2 0.9 0 1 1
8 0.1 9 0.4444444444444444 0.1111111111111111 0.4 5 0.6 0.0 0.5 4 0.75 0.0 0.6 2 1.0 0.0 0.7 1 1.0 0.0 0.9 0 1 1
8 0.1 13 0.46153846153846156 0.0 0.4 7 0.5714285714285714 0.0 0.5 4 0.75 0.0 0.6 4 0.75 0.0 0.7 3 1.0 0.0 0.9 0 1 1
8 0.1 10 0.6 0.0 0.4 6 0.6666666666666666 0.0 0.5 4 1.0 0.0 0.6 3 1.0 0.0 0.7 2 1.0 0.0 0.9 0 1 1
8 0.1 7 0.5714285714285714 0.0 0.4 3 0.6666666666666666 0.0 0.5 3 0.6666666666666666 0.0 0.6 3 0.6666666666666666 0.0 0.7 1 1.0 0.0 0.9 0 1 1
8 0.1 15 0.4 0.0 0.4 6 0.6666666666666666 0.0 0.5 4 0.75 0.0 0.6 4 0.75 0.0 0.7 3 0.6666666666666666 0.0 0.9 0 1 1
8 0.1 9 0.6666666666666666 0.0 0.4 3 1.0 0.0 0.5 2 1.0 0.0 0.6 2 1.0 0.0 0.7 2 1.0 0.0 0.9 0 1 1
8 0.1 6 0.6666666666666666 0.0 0.4 5 0.8 0.0 0.5 4 0.75 0.0 0.6 2 1.0 0.0 0.7 2 1.0 0.0 0.9 0 1 1
8 0.1 13 0.3076923076923077 0.0 0.4 5 0.6 0.0 0.5 3 0.6666666666666666 0.0 0.6 2 1.0 0.0 0.7 1 1.0 0.0 0.9 0 1 1
8 0.1 9 0.4444444444444444 0.0 0.4 5 0.8 0.0 0.5 4 0.75 0.0 0.6 3 1.0 0.0 0.7 1 1.0 0.0 0.9 0 1 1
8 0.1 8 0.625 0.0 0.4 6 0.8333333333333334 0.0 0.5 5 1.0 0.0 0.6 5 1.0 0.0 0.7 5 1.0 0.0 0.9 0 1 1
8 0.1 10 0.6 0.0 0.4 6 1.0 0.0 0.5 5 1.0 0.0 0.6 4 1.0 0.0 0.7 4 1.0 0.0 0.9 0 1 1
8 0.1 9 0.6666666666666666 0.0 0.4 7 0.8571428571428571 0.0 0.5 6 0.8333333333333334 0.0 0.6 5 1.0 0.0 0.7 5 1.0 0.0 0.9 0 1 1
8 0.1 11 0.5454545454545454 0.09090909090909091 0.4 10 0.6 0.1 0.5 8 0.75 0.125 0.6 6 1.0 0.16666666666666666 0.7 6 1.0 0.16666666666666666 0.9 0 1 1
8 0.1 9 0.6666666666666666 0.0 0.4 6 0.8333333333333334 0.0 0.5 4 1.0 0.0 0.6 4 1.0 0.0 0.7 3 1.0 0.0 0.9 0 1 1
8 0.1 9 0.6666666666666666 0.0 0.4 7 0.8571428571428571 0.0 0.5 6 1.0 0.0 0.6 6 1.0 0.0 0.7 3 1.0 0.0 0.9 0 1 1
8 0.1 9 0.6666666666666666 0.0 0.4 7 0.8571428571428571 0.0 0.5 7 0.8571428571428571 0.0 0.6 5 1.0 0.0 0.7 5 1.0 0.0 0.9 0 1 1
8 0.1 9 0.7777777777777778 0.0 0.4 8 0.875 0.0 0.5 6 1.0 0.0 0.6 6 1.0 0.0 0.7 5 1.0 0.0 0.9 0 1 1
8 0.1 10 0.7 0.0 0.4 8 0.75 0.0 0.5 7 0.8571428571428571 0.0 0.6 7 0.8571428571428571 0.0 0.7 7 0.8571428571428571 0.0 0.9 0 1 1
8 0.1 7 0.8571428571428571 0.14285714285714285 0.4 7 0.8571428571428571 0.14285714285714285 0.5 5 1.0 0.2 0.6 5 1.0 0.2 0.7 4 1.0 0.25 0.9 0 1 1
8 0.1 11 0.6363636363636364 0.0 0.4 7 0.8571428571428571 0.0 0.5 7 0.8571428571428571 0.0 0.6 6 1.0 0.0 0.7 6 1.0 0.0 0.9 0 1 1
8 0.1 9 0.6666666666666666 0.0 0.4 7 0.8571428571428571 0.0 0.5 6 1.0 0.0 0.6 6 1.0 0.0 0.7 6 1.0 0.0 0.9 1 1.0 0.0
8 0.1 7 0.8571428571428571 0.0 0.4 7 0.8571428571428571 0.0 0.5 6 1.0 0.0 0.6 6 1.0 0.0 0.7 6 1.0 0.0 0.9 0 1 1
8 0.1 11 0.6363636363636364 0.0 0.4 6 1.0 0.0 0.5 6 1.0 0.0 0.6 6 1.0 0.0 0.7 6 1.0 0.0 0.9 0 1 1
8 0.1 9 0.7777777777777778 0.0 0.4 8 0.75 0.0 0.5 8 0.75 0.0 0.6 7 0.8571428571428571 0.0 0.7 6 1.0 0.0 0.9 0 1 1
8 0.1 11 0.6363636363636364 0.0 0.4 8 0.75 0.0 0.5 6 1.0 0.0 0.6 6 1.0 0.0 0.7 6 1.0 0.0 0.9 0 1 1
8 0.1 7 0.8571428571428571 0.0 0.4 6 1.0 0.0 0.5 6 1.0 0.0 0.6 6 1.0 0.0 0.7 6 1.0 0.0 0.9 0 1 1
8 0.1 8 0.75 0.0 0.4 6 1.0 0.0 0.5 6 1.0 0.0 0.6 6 1.0 0.0 0.7 6 1.0 0.0 0.9 0 1 1
8 0.1 8 0.875 0.0 0.4 6 1.0 0.0 0.5 6 1.0 0.0 0.6 6 1.0 0.0 0.7 6 1.0 0.0 0.9 0 1 1
8 0.1 13 0.46153846153846156 0.0 0.4 9 0.6666666666666666 0.0 0.5 7 0.7142857142857143 0.0 0.6 4 0.75 0.0 0.7 4 0.75 0.0 0.9 0 1 1
8 0.1 12 0.6666666666666666 0.0 0.4 6 1.0 0.0 0.5 6 1.0 0.0 0.6 6 1.0 0.0 0.7 6 1.0 0.0 0.9 0 1 1
8 0.1 9 0.7777777777777778 0.0 0.4 6 0.8333333333333334 0.0 0.5 6 0.8333333333333334 0.0 0.6 5 1.0 0.0 0.7 4 1.0 0.0 0.9 0 1 1
8 0.1 8 1.0 0.0 0.4 6 1.0 0.0 0.5 6 1.0 0.0 0.6 6 1.0 0.0 0.7 6 1.0 0.0 0.9 1 1.0 0.0
8 0.1 9 0.7777777777777778 0.0 0.4 6 1.0 0.0 0.5 6 1.0 0.0 0.6 6 1.0 0.0 0.7 6 1.0 0.0 0.9 0 1 1
8 0.1 9 0.7777777777777778 0.0 0.4 7 0.8571428571428571 0.0 0.5 6 1.0 0.0 0.6 6 1.0 0.0 0.7 6 1.0 0.0 0.9 1 1.0 0.0
8 0.1 6 1.0 0.0 0.4 6 1.0 0.0 0.5 6 1.0 0.0 0.6 6 1.0 0.0 0.7 4 1.0 0.0 0.9 0 1 1
8 0.1 8 0.625 0.0 0.4 7 0.7142857142857143 0.0 0.5 6 0.8333333333333334 0.0 0.6 6 0.8333333333333334 0.0 0.7 5 0.8 0.0 0.9 0 1 1
8 0.1 10 0.6 0.0 0.4 5 1.0 0.0 0.5 5 1.0 0.0 0.6 5 1.0 0.0 0.7 3 1.0 0.0 0.9 0 1 1
8 0.1 13 0.5384615384615384 0.0 0.4 6 0.8333333333333334 0.0 0.5 6 0.8333333333333334 0.0 0.6 5 1.0 0.0 0.7 4 1.0 0.0 0.9 0 1 1
8 0.1 7 0.8571428571428571 0.0 0.4 5 1.0 0.0 0.5 5 1.0 0.0 0.6 5 1.0 0.0 0.7 5 1.0 0.0 0.9 0 1 1
8 0.1 8 0.75 0.0 0.4 8 0.75 0.0 0.5 8 0.75 0.0 0.6 5 1.0 0.0 0.7 5 1.0 0.0 0.9 0 1 1
8 0.1 6 0.8333333333333334 0.0 0.4 4 1.0 0.0 0.5 4 1.0 0.0 0.6 4 1.0 0.0 0.7 4 1.0 0.0 0.9 0 1 1
8 0.1 5 1.0 0.0 0.4 2 1.0 0.0 0.5 2 1.0 0.0 0.6 2 1.0 0.0 0.7 2 1.0 0.0 0.9 0 1 1
8 0.1 7 0.7142857142857143 0.0 0.4 6 0.8333333333333334 0.0 0.5 5 1.0 0.0 0.6 4 1.0 0.0 0.7 4 1.0 0.0 0.9 0 1 1
8 0.1 7 0.7142857142857143 0.0 0.4 5 1.0 0.0 0.5 4 1.0 0.0 0.6 4 1.0 0.0 0.7 4 1.0 0.0 0.9 0 1 1
8 0.1 7 0.8571428571428571 0.0 0.4 6 1.0 0.0 0.5 5 1.0 0.0 0.6 5 1.0 0.0 0.7 5 1.0 0.0 0.9 0 1 1
8 0.1 8 0.75 0.0 0.4 7 0.8571428571428571 0.0 0.5 6 1.0 0.0 0.6 6 1.0 0.0 0.7 5 1.0 0.0 0.9 0 1 1
8 0.1 7 0.8571428571428571 0.0 0.4 5 1.0 0.0 0.5 5 1.0 0.0 0.6 4 1.0 0.0 0.7 4 1.0 0.0 0.9 0 1 1
8 0.1 8 0.5 0.0 0.4 5 0.8 0.0 0.5 5 0.8 0.0 0.6 3 1.0 0.0 0.7 2 1.0 0.0 0.9 0 1 1
8 0.1 10 0.7 0.0 0.4 8 0.75 0.0 0.5 8 0.75 0.0 0.6 8 0.75 0.0 0.7 8 0.75 0.0 0.9 0 1 1
8 0.1 9 0.6666666666666666 0.0 0.4 8 0.75 0.0 0.5 7 0.7142857142857143 0.0 0.6 6 0.8333333333333334 0.0 0.7 6 0.8333333333333334 0.0 0.9 0 1 1
8 0.1 8 0.75 0.0 0.4 8 0.75 0.0 0.5 8 0.75 0.0 0.6 7 0.8571428571428571 0.0 0.7 6 1.0 0.0 0.9 0 1 1
8 0.1 6 1.0 0.0 0.4 6 1.0 0.0 0.5 6 1.0 0.0 0.6 6 1.0 0.0 0.7 6 1.0 0.0 0.9 0 1 1
8 0.1 8 0.75 0.0 0.4 8 0.75 0.0 0.5 7 0.8571428571428571 0.0 0.6 6 1.0 0.0 0.7 6 1.0 0.0 0.9 0 1 1
8 0.1 7 0.8571428571428571 0.0 0.4 7 0.8571428571428571 0.0 0.5 7 0.8571428571428571 0.0 0.6 7 0.8571428571428571 0.0 0.7 6 1.0 0.0 0.9 0 1 1
8 0.1 10 0.6 0.0 0.4 8 0.75 0.0 0.5 6 1.0 0.0 0.6 6 1.0 0.0 0.7 6 1.0 0.0 0.9 0 1 1
8 0.1 8 0.75 0.0 0.4 7 0.8571428571428571 0.0 0.5 7 0.8571428571428571 0.0 0.6 6 1.0 0.0 0.7 6 1.0 0.0 0.9 0 1 1
8 0.1 8 0.875 0.0 0.4 7 0.8571428571428571 0.0 0.5 7 0.8571428571428571 0.0 0.6 7 0.8571428571428571 0.0 0.7 6 1.0 0.0 0.9 0 1 1
8 0.1 7 0.8571428571428571 0.14285714285714285 0.4 7 0.8571428571428571 0.14285714285714285 0.5 7 0.8571428571428571 0.14285714285714285 0.6 6 1.0 0.16666666666666666 0.7 6 1.0 0.16666666666666666 0.9 0 1 1
8 0.1 10 0.7 0.0 0.4 7 0.8571428571428571 0.0 0.5 7 0.8571428571428571 0.0 0.6 6 1.0 0.0 0.7 6 1.0 0.0 0.9 0 1 1
8 0.1 7 0.7142857142857143 0.0 0.4 5 1.0 0.0 0.5 5 1.0 0.0 0.6 4 1.0 0.0 0.7 3 1.0 0.0 0.9 0 1 1
8 0.1 8 0.75 0.0 0.4 7 0.8571428571428571 0.0 0.5 7 0.8571428571428571 0.0 0.6 7 0.8571428571428571 0.0 0.7 6 1.0 0.0 0.9 0 1 1
8 0.1 8 0.75 0.125 0.4 7 0.8571428571428571 0.14285714285714285 0.5 6 1.0 0.16666666666666666 0.6 6 1.0 0.16666666666666666 0.7 5 1.0 0.2 0.9 0 1 1
8 0.1 6 1.0 0.0 0.4 6 1.0 0.0 0.5 6 1.0 0.0 0.6 6 1.0 0.0 0.7 6 1.0 0.0 0.9 0 1 1
8 0.1 9 0.6666666666666666 0.0 0.4 8 0.75 0.0 0.5 6 0.8333333333333334 0.0 0.6 6 0.8333333333333334 0.0 0.7 6 0.8333333333333334 0.0 0.9 0 1 1
8 0.1 9 0.6666666666666666 0.0 0.4 8 0.75 0.0 0.5 6 1.0 0.0 0.6 6 1.0 0.0 0.7 6 1.0 0.0 0.9 0 1 1
8 0.1 8 0.75 0.0 0.4 7 0.8571428571428571 0.0 0.5 6 1.0 0.0 0.6 6 1.0 0.0 0.7 6 1.0 0.0 0.9 0 1 1
8 0.1 9 0.6666666666666666 0.0 0.4 7 0.8571428571428571 0.0 0.5 6 1.0 0.0 0.6 6 1.0 0.0 0.7 6 1.0 0.0 0.9 0 1 1
8 0.1 9 0.6666666666666666 0.0 0.4 7 0.8571428571428571 0.0 0.5 7 0.8571428571428571 0.0 0.6 7 0.8571428571428571 0.0 0.7 6 1.0 0.0 0.9 0 1 1
8 0.1 7 0.8571428571428571 0.0 0.4 7 0.8571428571428571 0.0 0.5 6 1.0 0.0 0.6 6 1.0 0.0 0.7 6 1.0 0.0 0.9 0 1 1
8 0.1 9 0.6666666666666666 0.0 0.4 6 1.0 0.0 0.5 6 1.0 0.0 0.6 6 1.0 0.0 0.7 6 1.0 0.0 0.9 0 1 1
8 0.1 7 0.8571428571428571 0.0 0.4 6 1.0 0.0 0.5 6 1.0 0.0 0.6 6 1.0 0.0 0.7 5 1.0 0.0 0.9 0 1 1
8 0.1 6 1.0 0.0 0.4 6 1.0 0.0 0.5 6 1.0 0.0 0.6 6 1.0 0.0 0.7 6 1.0 0.0 0.9 0 1 1
8 0.1 5 0.6 0.2 0.4 3 1.0 0.3333333333333333 0.5 2 1.0 0.5 0.6 2 1.0 0.5 0.7 2 1.0 0.5 0.9 0 1 1
8 0.1 8 0.75 0.125 0.4 6 1.0 0.16666666666666666 0.5 6 1.0 0.16666666666666666 0.6 6 1.0 0.16666666666666666 0.7 6 1.0 0.16666666666666666 0.9 0 1 1
8 0.1 8 0.625 0.0 0.4 3 1.0 0.0 0.5 3 1.0 0.0 0.6 3 1.0 0.0 0.7 3 1.0 0.0 0.9 0 1 1
8 0.1 7 0.8571428571428571 0.0 0.4 5 1.0 0.0 0.5 5 1.0 0.0 0.6 5 1.0 0.0 0.7 5 1.0 0.0 0.9 0 1 1
8 0.1 7 0.8571428571428571 0.0 0.4 6 1.0 0.0 0.5 6 1.0 0.0 0.6 6 1.0 0.0 0.7 6 1.0 0.0 0.9 0 1 1
8 0.1 7 0.8571428571428571 0.0 0.4 6 1.0 0.0 0.5 6 1.0 0.0 0.6 6 1.0 0.0 0.7 6 1.0 0.0 0.9 0 1 1
8 0.1 6 0.8333333333333334 0.0 0.4 5 0.8 0.0 0.5 4 1.0 0.0 0.6 3 1.0 0.0 0.7 3 1.0 0.0 0.9 0 1 1
8 0.1 6 1.0 0.0 0.4 6 1.0 0.0 0.5 6 1.0 0.0 0.6 6 1.0 0.0 0.7 6 1.0 0.0 0.9 0 1 1
8 0.1 9 0.6666666666666666 0.2222222222222222 0.4 6 1.0 0.3333333333333333 0.5 5 1.0 0.4 0.6 5 1.0 0.4 0.7 5 1.0 0.4 0.9 0 1 1
8 0.1 8 0.75 0.0 0.4 7 0.8571428571428571 0.0 0.5 7 0.8571428571428571 0.0 0.6 6 1.0 0.0 0.7 6 1.0 0.0 0.9 2 1.0 0.0
8 0.1 8 0.75 0.0 0.4 7 0.8571428571428571 0.0 0.5 7 0.8571428571428571 0.0 0.6 6 1.0 0.0 0.7 6 1.0 0.0 0.9 0 1 1
8 0.1 6 1.0 0.0 0.4 6 1.0 0.0 0.5 6 1.0 0.0 0.6 6 1.0 0.0 0.7 6 1.0 0.0 0.9 1 1.0 0.0
8 0.1 8 0.75 0.0 0.4 8 0.75 0.0 0.5 7 0.8571428571428571 0.0 0.6 7 0.8571428571428571 0.0 0.7 6 1.0 0.0 0.9 0 1 1
8 0.1 7 0.8571428571428571 0.0 0.4 7 0.8571428571428571 0.0 0.5 6 1.0 0.0 0.6 6 1.0 0.0 0.7 6 1.0 0.0 0.9 0 1 1
8 0.1 9 0.7777777777777778 0.0 0.4 6 1.0 0.0 0.5 6 1.0 0.0 0.6 6 1.0 0.0 0.7 6 1.0 0.0 0.9 0 1 1
8 0.1 8 0.75 0.125 0.4 8 0.75 0.125 0.5 8 0.75 0.125 0.6 6 1.0 0.16666666666666666 0.7 6 1.0 0.16666666666666666 0.9 1 1.0 0.0
8 0.1 8 0.75 0.125 0.4 8 0.75 0.125 0.5 7 0.8571428571428571 0.14285714285714285 0.6 6 1.0 0.16666666666666666 0.7 6 1.0 0.16666666666666666 0.9 1 1.0 0.0
8 0.1 8 0.75 0.0 0.4 7 0.8571428571428571 0.0 0.5 6 1.0 0.0 0.6 6 1.0 0.0 0.7 6 1.0 0.0 0.9 0 1 1
8 0.1 7 0.8571428571428571 0.14285714285714285 0.4 6 1.0 0.16666666666666666 0.5 6 1.0 0.16666666666666666 0.6 6 1.0 0.16666666666666666 0.7 6 1.0 0.16666666666666666 0.9 0 1 1
8 0.1 8 0.875 0.0 0.4 6 1.0 0.0 0.5 6 1.0 0.0 0.6 6 1.0 0.0 0.7 6 1.0 0.0 0.9 0 1 1
8 0.1 7 0.8571428571428571 0.0 0.4 6 1.0 0.0 0.5 6 1.0 0.0 0.6 6 1.0 0.0 0.7 6 1.0 0.0 0.9 0 1 1
8 0.1 8 0.75 0.0 0.4 6 1.0 0.0 0.5 6 1.0 0.0 0.6 6 1.0 0.0 0.7 6 1.0 0.0 0.9 0 1 1
8 0.1 9 0.7777777777777778 0.0 0.4 6 1.0 0.0 0.5 6 1.0 0.0 0.6 6 1.0 0.0 0.7 6 1.0 0.0 0.9 0 1 1
8 0.1 5 1.0 0.0 0.4 5 1.0 0.0 0.5 5 1.0 0.0 0.6 5 1.0 0.0 0.7 3 1.0 0.0 0.9 0 1 1
8 0.1 6 1.0 0.0 0.4 6 1.0 0.0 0.5 6 1.0 0.0 0.6 6 1.0 0.0 0.7 6 1.0 0.0 0.9 0 1 1
8 0.1 6 1.0 0.0 0.4 6 1.0 0.0 0.5 6 1.0 0.0 0.6 6 1.0 0.0 0.7 6 1.0 0.0 0.9 0 1 1
8 0.1 6 1.0 0.0 0.4 6 1.0 0.0 0.5 6 1.0 0.0 0.6 6 1.0 0.0 0.7 6 1.0 0.0 0.9 0 1 1
8 0.1 8 0.875 0.0 0.4 7 0.8571428571428571 0.0 0.5 6 1.0 0.0 0.6 6 1.0 0.0 0.7 6 1.0 0.0 0.9 1 1.0 0.0
8 0.1 7 0.8571428571428571 0.0 0.4 7 0.8571428571428571 0.0 0.5 6 1.0 0.0 0.6 6 1.0 0.0 0.7 6 1.0 0.0 0.9 0 1 1
8 0.1 6 1.0 0.0 0.4 6 1.0 0.0 0.5 6 1.0 0.0 0.6 6 1.0 0.0 0.7 5 1.0 0.0 0.9 0 1 1
8 0.1 8 0.75 0.0 0.4 7 0.8571428571428571 0.0 0.5 7 0.8571428571428571 0.0 0.6 6 1.0 0.0 0.7 5 1.0 0.0 0.9 0 1 1
8 0.1 8 0.75 0.125 0.4 6 1.0 0.16666666666666666 0.5 6 1.0 0.16666666666666666 0.6 6 1.0 0.16666666666666666 0.7 6 1.0 0.16666666666666666 0.9 0 1 1
8 0.1 8 0.625 0.125 0.4 7 0.7142857142857143 0.14285714285714285 0.5 5 1.0 0.2 0.6 5 1.0 0.2 0.7 5 1.0 0.2 0.9 0 1 1
8 0.1 8 0.75 0.125 0.4 7 0.8571428571428571 0.14285714285714285 0.5 6 1.0 0.16666666666666666 0.6 6 1.0 0.16666666666666666 0.7 5 1.0 0.2 0.9 0 1 1
8 0.1 9 0.6666666666666666 0.0 0.4 6 1.0 0.0 0.5 6 1.0 0.0 0.6 6 1.0 0.0 0.7 6 1.0 0.0 0.9 0 1 1
8 0.1 7 0.5714285714285714 0.0 0.4 4 1.0 0.0 0.5 4 1.0 0.0 0.6 2 1.0 0.0 0.7 2 1.0 0.0 0.9 0 1 1
8 0.1 6 1.0 0.0 0.4 6 1.0 0.0 0.5 6 1.0 0.0 0.6 5 1.0 0.0 0.7 5 1.0 0.0 0.9 0 1 1
8 0.1 7 0.8571428571428571 0.0 0.4 7 0.8571428571428571 0.0 0.5 6 1.0 0.0 0.6 6 1.0 0.0 0.7 5 1.0 0.0 0.9 0 1 1
8 0.1 10 0.6 0.0 0.4 9 0.6666666666666666 0.0 0.5 8 0.75 0.0 0.6 6 1.0 0.0 0.7 6 1.0 0.0 0.9 0 1 1
8 0.1 9 0.7777777777777778 0.1111111111111111 0.4 6 1.0 0.16666666666666666 0.5 6 1.0 0.16666666666666666 0.6 6 1.0 0.16666666666666666 0.7 6 1.0 0.16666666666666666 0.9 1 1.0 0.0
8 0.1 8 0.75 0.0 0.4 7 0.8571428571428571 0.0 0.5 7 0.8571428571428571 0.0 0.6 7 0.8571428571428571 0.0 0.7 6 1.0 0.0 0.9 1 1.0 0.0
8 0.1 10 0.6 0.0 0.4 8 0.75 0.0 0.5 7 0.8571428571428571 0.0 0.6 6 1.0 0.0 0.7 6 1.0 0.0 0.9 1 1.0 0.0
8 0.1 8 0.75 0.125 0.4 7 0.8571428571428571 0.14285714285714285 0.5 6 1.0 0.16666666666666666 0.6 6 1.0 0.16666666666666666 0.7 6 1.0 0.16666666666666666 0.9 0 1 1
8 0.1 8 0.75 0.125 0.4 7 0.8571428571428571 0.14285714285714285 0.5 6 1.0 0.16666666666666666 0.6 6 1.0 0.16666666666666666 0.7 6 1.0 0.16666666666666666 0.9 0 1 1
8 0.1 8 0.75 0.0 0.4 7 0.8571428571428571 0.0 0.5 6 1.0 0.0 0.6 6 1.0 0.0 0.7 6 1.0 0.0 0.9 0 1 1
8 0.1 8 0.75 0.0 0.4 7 0.8571428571428571 0.0 0.5 7 0.8571428571428571 0.0 0.6 6 1.0 0.0 0.7 6 1.0 0.0 0.9 1 1.0 0.0
8 0.1 10 0.6 0.3 0.4 9 0.6666666666666666 0.3333333333333333 0.5 8 0.75 0.375 0.6 6 1.0 0.5 0.7 6 1.0 0.5 0.9 0 1 1
8 0.1 7 0.8571428571428571 0.14285714285714285 0.4 6 1.0 0.16666666666666666 0.5 6 1.0 0.16666666666666666 0.6 6 1.0 0.16666666666666666 0.7 6 1.0 0.16666666666666666 0.9 1 1.0 0.0
8 0.1 7 0.8571428571428571 0.14285714285714285 0.4 6 1.0 0.16666666666666666 0.5 6 1.0 0.16666666666666666 0.6 6 1.0 0.16666666666666666 0.7 6 1.0 0.16666666666666666 0.9 0 1 1
8 0.1 6 1.0 0.16666666666666666 0.4 6 1.0 0.16666666666666666 0.5 6 1.0 0.16666666666666666 0.6 6 1.0 0.16666666666666666 0.7 6 1.0 0.16666666666666666 0.9 0 1 1
8 0.1 6 1.0 0.0 0.4 6 1.0 0.0 0.5 6 1.0 0.0 0.6 6 1.0 0.0 0.7 6 1.0 0.0 0.9 0 1 1
8 0.1 9 0.7777777777777778 0.1111111111111111 0.4 7 0.8571428571428571 0.14285714285714285 0.5 7 0.8571428571428571 0.14285714285714285 0.6 6 1.0 0.16666666666666666 0.7 6 1.0 0.16666666666666666 0.9 0 1 1
8 0.1 8 0.75 0.0 0.4 6 1.0 0.0 0.5 6 1.0 0.0 0.6 6 1.0 0.0 0.7 6 1.0 0.0 0.9 0 1 1
8 0.1 10 0.7 0.1 0.4 9 0.6666666666666666 0.1111111111111111 0.5 7 0.8571428571428571 0.14285714285714285 0.6 6 1.0 0.16666666666666666 0.7 6 1.0 0.16666666666666666 0.9 0 1 1
8 0.1 7 0.8571428571428571 0.0 0.4 6 1.0 0.0 0.5 6 1.0 0.0 0.6 6 1.0 0.0 0.7 6 1.0 0.0 0.9 0 1 1
8 0.1 9 0.7777777777777778 0.0 0.4 7 0.8571428571428571 0.0 0.5 6 1.0 0.0 0.6 6 1.0 0.0 0.7 6 1.0 0.0 0.9 0 1 1
8 0.1 8 0.75 0.0 0.4 7 0.8571428571428571 0.0 0.5 6 1.0 0.0 0.6 6 1.0 0.0 0.7 6 1.0 0.0 0.9 0 1 1
8 0.1 7 0.8571428571428571 0.0 0.4 6 1.0 0.0 0.5 6 1.0 0.0 0.6 6 1.0 0.0 0.7 6 1.0 0.0 0.9 0 1 1
8 0.1 6 1.0 0.0 0.4 6 1.0 0.0 0.5 6 1.0 0.0 0.6 6 1.0 0.0 0.7 5 1.0 0.0 0.9 0 1 1
8 0.1 6 1.0 0.16666666666666666 0.4 6 1.0 0.16666666666666666 0.5 6 1.0 0.16666666666666666 0.6 6 1.0 0.16666666666666666 0.7 6 1.0 0.16666666666666666 0.9 0 1 1
8 0.1 8 0.75 0.125 0.4 7 0.8571428571428571 0.14285714285714285 0.5 6 1.0 0.16666666666666666 0.6 6 1.0 0.16666666666666666 0.7 6 1.0 0.16666666666666666 0.9 0 1 1
8 0.1 6 1.0 0.16666666666666666 0.4 6 1.0 0.16666666666666666 0.5 6 1.0 0.16666666666666666 0.6 6 1.0 0.16666666666666666 0.7 6 1.0 0.16666666666666666 0.9 1 1.0 0.0
8 0.1 7 0.8571428571428571 0.0 0.4 7 0.8571428571428571 0.0 0.5 7 0.8571428571428571 0.0 0.6 6 1.0 0.0 0.7 6 1.0 0.0 0.9 0 1 1
8 0.1 8 0.75 0.25 0.4 6 1.0 0.3333333333333333 0.5 6 1.0 0.3333333333333333 0.6 6 1.0 0.3333333333333333 0.7 6 1.0 0.3333333333333333 0.9 1 1.0 0.0
8 0.1 6 1.0 0.16666666666666666 0.4 6 1.0 0.16666666666666666 0.5 6 1.0 0.16666666666666666 0.6 6 1.0 0.16666666666666666 0.7 6 1.0 0.16666666666666666 0.9 0 1 1
