0 0.633073 0.0579167 0.0380208 0.0625 
0 0.644531 0.0533333 0.0390625 0.0616667 
0 0.983854 0.035 0.0322917 0.065 
0 0.370573 0.475833 0.0411458 0.065 
0 0.535156 0.0658333 0.0401042 0.0633333 
0 0.167448 0.38125 0.0432292 0.0658333 
0 0.622656 0.0295833 0.0359375 0.0575 
0 0.504687 0.895 0.034375 0.0566667 
0 0.171615 0.258333 0.0421875 0.0666667 
0 0.660156 0.723333 0.0390625 0.0633333 
0 0.514583 0.0270833 0.0375 0.0541667 
0 0.594271 0.349167 0.040625 0.065 
0 0.0804688 0.0375 0.0421875 0.0666667 
0 0.0908854 0.149167 0.0411458 0.0666667 
0 0.402083 0.492083 0.0416667 0.0675 
0 0.858594 0.729583 0.0421875 0.0675 
0 0.873438 0.39875 0.040625 0.0675 
0 0.178125 0.68875 0.0395833 0.0675 
0 0.710938 0.154583 0.0395833 0.0658333 
0 0.201823 0.272083 0.0411458 0.0675 
