0 0.165625 0.174167 0.0416667 0.0666667 
0 0.977344 0.920417 0.0390625 0.0641667 
0 0.868229 0.542917 0.040625 0.0641667 
0 0.59974 0.429167 0.0401042 0.0616667 
0 0.269792 0.399167 0.0447917 0.0716667 
0 0.826563 0.940833 0.0375 0.0616667 
0 0.264323 0.91 0.0401042 0.065 
0 0.53099 0.407917 0.0390625 0.0625 
0 0.603906 0.969167 0.0421875 0.0616667 
0 0.934375 0.590417 0.0395833 0.0641667 
0 0.249479 0.824167 0.040625 0.065 
0 0.976562 0.4175 0.040625 0.0683333 
0 0.282292 0.420833 0.040625 0.065 
0 0.573438 0.664167 0.040625 0.065 
0 0.223958 0.979167 0.0375 0.0416667 
0 0.8375 0.705833 0.040625 0.065 
0 0.86875 0.8625 0.040625 0.0633333 
0 0.783333 0.87125 0.0395833 0.0641667 
0 0.61849 0.91125 0.0390625 0.0641667 
0 0.365625 0.479583 0.0416667 0.0658333 
0 0.723958 0.446667 0.0395833 0.0633333 
0 0.159635 0.2375 0.0442708 0.07 
0 0.569792 0.75375 0.0395833 0.0625 
0 0.576563 0.95625 0.0427083 0.0658333 
0 0.905469 0.809583 0.0390625 0.0641667 
0 0.510938 0.0858333 0.0385417 0.0616667 
0 0.81875 0.3825 0.0416667 0.0666667 
0 0.547917 0.485 0.0395833 0.0633333 
0 0.882812 0.56625 0.0385417 0.0641667 
0 0.697135 0.770417 0.0411458 0.0675 
0 0.0614583 0.978333 0.0375 0.0433333 
0 0.240885 0.685417 0.0421875 0.0675 
0 0.195573 0.190417 0.0390625 0.0625 
0 0.495833 0.155 0.0375 0.06 
0 0.88125 0.455 0.040625 0.065 
0 0.906771 0.0625 0.040625 0.065 
0 0.258333 0.573333 0.0416667 0.0666667 
0 0.0354167 0.63 0.0395833 0.0633333 
0 0.557292 0.920417 0.040625 0.0641667 
0 0.154167 0.826667 0.0395833 0.0633333 
0 0.208594 0.532083 0.0421875 0.0675 
0 0.466406 0.0766667 0.0380208 0.0616667 
0 0.695312 0.396667 0.0385417 0.0616667 
0 0.372396 0.355 0.040625 0.0666667 
0 0.590625 0.325417 0.0395833 0.0641667 
