0 0.954687 0.39 0.0427083 0.07 
0 0.441406 0.515417 0.0401042 0.0658333 
0 0.545313 0.952917 0.04375 0.0691667 
0 0.923437 0.12 0.040625 0.0633333 
0 0.827604 0.639583 0.040625 0.0658333 
0 0.213802 0.399583 0.0421875 0.0675 
0 0.277344 0.457917 0.0421875 0.0675 
0 0.235417 0.325833 0.0416667 0.0666667 
0 0.128906 0.0333333 0.0421875 0.0666667 
0 0.616406 0.716667 0.0401042 0.0633333 
0 0.16276 0.745 0.0421875 0.0666667 
0 0.0346354 0.19 0.0421875 0.0666667 
0 0.0648438 0.3425 0.0421875 0.0666667 
0 0.766146 0.41 0.040625 0.065 
0 0.608594 0.163333 0.0421875 0.0683333 
