0 0.233073 0.942917 0.0411458 0.0675 
0 0.24401 0.8975 0.0390625 0.0616667 
0 0.627604 0.186667 0.040625 0.065 
0 0.81849 0.608333 0.0411458 0.065 
0 0.405208 0.480833 0.0375 0.0616667 
0 0.603125 0.53625 0.040625 0.0641667 
0 0.659115 0.8 0.0390625 0.0633333 
0 0.946354 0.680833 0.040625 0.065 
0 0.547135 0.360417 0.0411458 0.0641667 
0 0.172917 0.247083 0.0416667 0.0658333 
0 0.946354 0.0375 0.040625 0.065 
0 0.761198 0.8625 0.0421875 0.0683333 
0 0.573958 0.3725 0.04375 0.0683333 
0 0.605729 0.17125 0.04375 0.0691667 
0 0.0388021 0.97875 0.0442708 0.0425 
0 0.922396 0.644167 0.040625 0.065 
0 0.535417 0.159167 0.0395833 0.065 
0 0.654948 0.15125 0.0432292 0.0675 
0 0.163542 0.714583 0.0416667 0.0675 
0 0.808333 0.6825 0.04375 0.0683333 
0 0.723698 0.45625 0.0432292 0.0675 
0 0.182292 0.490833 0.0395833 0.0633333 
0 0.615365 0.372083 0.0421875 0.0675 
0 0.859375 0.329167 0.0416667 0.0666667 
0 0.64974 0.5175 0.0421875 0.065 
0 0.776563 0.491667 0.0416667 0.0666667 
0 0.160417 0.613333 0.040625 0.065 
0 0.0408854 0.216667 0.0411458 0.065 
0 0.705469 0.26875 0.0432292 0.0675 
0 0.264844 0.31375 0.0421875 0.0675 
0 0.690625 0.171667 0.0427083 0.0683333 
0 0.139583 0.575417 0.0416667 0.0658333 
0 0.303646 0.0975 0.04375 0.0716667 
0 0.296354 0.8925 0.0427083 0.0683333 
0 0.197656 0.57 0.0401042 0.065 
0 0.194271 0.847083 0.0416667 0.0675 
0 0.767448 0.299167 0.0432292 0.0683333 
