0 0.736458 0.204167 0.04375 0.07 
0 0.932813 0.777917 0.040625 0.0675 
0 0.546875 0.968333 0.0395833 0.0633333 
0 0.0966146 0.687083 0.0432292 0.0691667 
0 0.842708 0.95125 0.04375 0.0675 
0 0.935417 0.958333 0.04375 0.07 
0 0.288281 0.931667 0.0411458 0.0666667 
0 0.701042 0.4075 0.04375 0.0683333 
0 0.607552 0.973333 0.0432292 0.0533333 
0 0.813281 0.0558333 0.0421875 0.0666667 
0 0.241146 0.664167 0.0395833 0.065 
0 0.385417 0.330833 0.040625 0.065 
0 0.80625 0.317917 0.0458333 0.0725 
0 0.734635 0.432083 0.0421875 0.0675 
0 0.159375 0.0558333 0.0416667 0.065 
0 0.0497396 0.446667 0.0390625 0.0633333 
0 0.0411458 0.675 0.040625 0.065 
0 0.296094 0.685417 0.0421875 0.0675 
0 0.726562 0.63 0.0447917 0.0716667 
0 0.825 0.227083 0.04375 0.0691667 
0 0.463021 0.0679167 0.040625 0.0658333 
0 0.33099 0.258333 0.0401042 0.0616667 
0 0.715625 0.4725 0.0416667 0.065 
