0 0.289062 0.464167 0.040625 0.065 
0 0.343229 0.862083 0.0416667 0.0691667 
0 0.627344 0.318333 0.0411458 0.0666667 
0 0.909375 0.05 0.040625 0.0666667 
0 0.332031 0.765833 0.0390625 0.065 
0 0.0171875 0.404583 0.034375 0.0658333 
0 0.9125 0.410417 0.0416667 0.0658333 
0 0.619271 0.34625 0.040625 0.0658333 
0 0.0783854 0.130833 0.0401042 0.065 
0 0.435937 0.0408333 0.040625 0.065 
0 0.0979167 0.216667 0.0427083 0.0683333 
0 0.0153646 0.6425 0.0307292 0.0683333 
0 0.288542 0.845833 0.0416667 0.0683333 
0 0.422135 0.637917 0.0421875 0.0675 
0 0.859375 0.253333 0.040625 0.065 
0 0.689062 0.395417 0.0416667 0.0675 
0 0.677344 0.8625 0.0411458 0.0666667 
0 0.914844 0.775 0.0421875 0.065 
0 0.430469 0.15375 0.0390625 0.0608333 
0 0.926562 0.38875 0.0427083 0.0675 
0 0.959375 0.7125 0.0416667 0.0666667 
0 0.934375 0.112917 0.040625 0.0641667 
0 0.186458 0.660833 0.0416667 0.065 
0 0.922656 0.31875 0.0421875 0.0658333 
0 0.767969 0.711667 0.0442708 0.07 
0 0.223958 0.889583 0.0416667 0.0675 
0 0.877344 0.835833 0.0421875 0.065 
0 0.972396 0.53625 0.040625 0.0658333 
0 0.253125 0.543333 0.0427083 0.07 
0 0.423958 0.186667 0.0395833 0.0633333 
0 0.321875 0.0545833 0.040625 0.0658333 
0 0.660156 0.18 0.0401042 0.0616667 
0 0.369792 0.0666667 0.0427083 0.0666667 
0 0.733333 0.807083 0.04375 0.0691667 
0 0.0731771 0.20375 0.0421875 0.0675 
0 0.753906 0.95375 0.0411458 0.0658333 
0 0.296875 0.679583 0.040625 0.0641667 
0 0.716406 0.9625 0.0421875 0.0683333 
0 0.733854 0.768333 0.0447917 0.07 
0 0.872396 0.32375 0.040625 0.0658333 
0 0.864844 0.3675 0.0421875 0.0683333 
0 0.474219 0.545417 0.0411458 0.0658333 
0 0.361979 0.404583 0.040625 0.0641667 
0 0.246354 0.1625 0.0416667 0.0683333 
0 0.5875 0.385417 0.0427083 0.0691667 
0 0.547135 0.05 0.0411458 0.0666667 
0 0.0502604 0.683333 0.0421875 0.0666667 
0 0.498437 0.43 0.0416667 0.0666667 
0 0.450781 0.635417 0.0421875 0.0658333 
0 0.185677 0.32875 0.0421875 0.0675 
0 0.723437 0.485417 0.0427083 0.0691667 
0 0.753385 0.245833 0.0421875 0.0666667 
0 0.108594 0.916667 0.0411458 0.0666667 
