0 0.142969 0.77 0.0401042 0.0633333 
0 0.0174479 0.425833 0.0296875 0.0733333 
0 0.0117188 0.416667 0.0234375 0.0666667 
0 0.545573 0.319583 0.0432292 0.0658333 
0 0.486719 0.980833 0.0421875 0.0383333 
0 0.796094 0.516667 0.0453125 0.07 
0 0.110156 0.743333 0.0390625 0.0633333 
0 0.188021 0.324583 0.040625 0.0658333 
0 0.0171875 0.47 0.034375 0.065 
0 0.9875 0.9625 0.025 0.0616667 
0 0.47474 0.260833 0.0421875 0.0683333 
0 0.26224 0.15 0.0432292 0.0683333 
0 0.122656 0.77375 0.0421875 0.0658333 
0 0.0119792 0.27 0.0239583 0.065 
0 0.313802 0.855 0.0421875 0.0666667 
0 0.316927 0.7475 0.0401042 0.0666667 
0 0.74401 0.41125 0.0421875 0.0675 
0 0.290885 0.760833 0.0401042 0.065 
0 0.363281 0.629583 0.0463542 0.0741667 
0 0.971094 0.390833 0.0421875 0.0683333 
0 0.346094 0.68625 0.0432292 0.0691667 
0 0.807552 0.811667 0.0442708 0.07 
0 0.409375 0.830833 0.040625 0.065 
0 0.102344 0.543333 0.0421875 0.0666667 
0 0.153646 0.180417 0.0427083 0.0675 
0 0.746094 0.715833 0.0411458 0.065 
0 0.64974 0.807917 0.0411458 0.0675 
0 0.180729 0.63625 0.040625 0.0641667 
0 0.71849 0.9475 0.0421875 0.0666667 
0 0.345833 0.454583 0.040625 0.0658333 
0 0.0403646 0.599583 0.0432292 0.0675 
0 0.617448 0.667917 0.0421875 0.0691667 
0 0.56901 0.42375 0.0411458 0.0658333 
0 0.127604 0.94125 0.040625 0.0658333 
0 0.133594 0.58 0.0421875 0.0666667 
0 0.351042 0.36125 0.0416667 0.0658333 
0 0.866406 0.174167 0.0421875 0.0633333 
0 0.167969 0.446667 0.0411458 0.0666667 
0 0.771354 0.526667 0.0427083 0.0683333 
0 0.414323 0.39125 0.0421875 0.0658333 
0 0.816667 0.308333 0.0416667 0.0683333 
0 0.184375 0.376667 0.0416667 0.0683333 
0 0.0869792 0.374583 0.0416667 0.0675 
