0 0.592969 0.68625 0.0432292 0.0691667 
0 0.976562 0.7 0.0427083 0.0683333 
0 0.793229 0.731667 0.040625 0.065 
0 0.988021 0.81125 0.0239583 0.0708333 
0 0.953906 0.201667 0.0453125 0.0733333 
0 0.745313 0.79625 0.0427083 0.0691667 
0 0.919792 0.532083 0.04375 0.0708333 
0 0.80026 0.125417 0.0432292 0.0675 
0 0.170312 0.0945833 0.0416667 0.0675 
0 0.458333 0.812917 0.0458333 0.0725 
0 0.965625 0.73625 0.040625 0.0675 
0 0.301562 0.700417 0.0416667 0.0641667 
0 0.570312 0.8175 0.0447917 0.07 
0 0.701823 0.145833 0.0442708 0.0716667 
0 0.124479 0.420417 0.04375 0.0691667 
0 0.0914062 0.827917 0.0432292 0.0675 
0 0.717969 0.970417 0.0432292 0.0591667 
0 0.925 0.312083 0.0458333 0.0708333 
0 0.0330729 0.565833 0.0421875 0.0666667 
0 0.289844 0.631667 0.0401042 0.0633333 
0 0.0723958 0.35125 0.0427083 0.0675 
0 0.185937 0.872083 0.0427083 0.0691667 
0 0.79974 0.0204167 0.0421875 0.0408333 
0 0.938021 0.549167 0.046875 0.0733333 
0 0.0195312 0.609167 0.0380208 0.065 
0 0.433854 0.796667 0.040625 0.065 
0 0.0294271 0.8975 0.0421875 0.065 
0 0.951563 0.65375 0.0447917 0.0708333 
0 0.115625 0.935833 0.0416667 0.065 
0 0.440885 0.974167 0.0421875 0.0516667 
0 0.525781 0.415417 0.0411458 0.0658333 
0 0.346615 0.379167 0.0411458 0.065 
0 0.028125 0.448333 0.0416667 0.0666667 
0 0.834896 0.53625 0.040625 0.0658333 
0 0.497656 0.422917 0.0421875 0.0675 
0 0.809635 0.77375 0.0432292 0.0675 
0 0.780208 0.85875 0.0427083 0.0675 
0 0.371094 0.502917 0.0411458 0.0658333 
0 0.279167 0.237083 0.0416667 0.0658333 
0 0.321875 0.175 0.0416667 0.0666667 
0 0.171094 0.637083 0.0442708 0.0708333 
0 0.551562 0.604167 0.0447917 0.0683333 
0 0.241667 0.935 0.040625 0.065 
0 0.680729 0.194583 0.0427083 0.0675 
0 0.817187 0.886667 0.04375 0.07 
0 0.111198 0.0316667 0.0453125 0.0633333 
0 0.314063 0.34375 0.0427083 0.0691667 
0 0.263021 0.446667 0.0447917 0.07 
0 0.964844 0.847083 0.0453125 0.0725 
0 0.383333 0.389167 0.0416667 0.065 
0 0.135937 0.365833 0.04375 0.0683333 
0 0.9125 0.15625 0.04375 0.0725 
0 0.558854 0.07625 0.0447917 0.0691667 
0 0.599219 0.967083 0.0442708 0.0658333 
0 0.334375 0.856667 0.040625 0.0666667 
0 0.941406 0.77375 0.0421875 0.0675 
0 0.229167 0.666667 0.0416667 0.065 
0 0.533333 0.323333 0.04375 0.0683333 
0 0.0171875 0.312083 0.034375 0.0641667 
0 0.51224 0.83 0.0411458 0.0666667 
0 0.349479 0.566667 0.040625 0.0666667 
0 0.208594 0.240833 0.0421875 0.0683333 
0 0.328906 0.583333 0.0421875 0.0666667 
0 0.475781 0.649167 0.0442708 0.07 
0 0.873438 0.433333 0.04375 0.07 
0 0.283594 0.0641667 0.0421875 0.0683333 
