0 0.525781 0.854167 0.0453125 0.0716667 
0 0.473177 0.833333 0.0432292 0.0666667 
0 0.520312 0.620833 0.0416667 0.065 
0 0.9875 0.22875 0.025 0.0675 
0 0.226562 0.966667 0.0427083 0.0666667 
0 0.876042 0.215833 0.04375 0.0683333 
0 0.749479 0.6875 0.04375 0.0683333 
0 0.240104 0.974167 0.0416667 0.0516667 
0 0.267708 0.528333 0.0395833 0.0633333 
0 0.203646 0.919583 0.040625 0.0641667 
0 0.578125 0.919167 0.0416667 0.0683333 
0 0.975 0.335 0.0395833 0.065 
0 0.8375 0.0270833 0.040625 0.0541667 
0 0.901563 0.115833 0.040625 0.0666667 
0 0.98125 0.796667 0.0354167 0.065 
0 0.520573 0.822083 0.0432292 0.0691667 
0 0.740625 0.507083 0.0427083 0.0675 
0 0.433333 0.95875 0.0416667 0.0658333 
0 0.467187 0.285417 0.0416667 0.0658333 
0 0.891667 0.212083 0.04375 0.0691667 
0 0.714844 0.905 0.0411458 0.0666667 
0 0.0239583 0.815417 0.0395833 0.0641667 
0 0.813542 0.854167 0.04375 0.0683333 
0 0.857813 0.269583 0.04375 0.0675 
0 0.80625 0.05 0.0395833 0.065 
0 0.770312 0.32875 0.0427083 0.0691667 
0 0.780208 0.785833 0.0427083 0.0683333 
0 0.94375 0.9675 0.0395833 0.0633333 
0 0.155208 0.96125 0.0427083 0.0675 
0 0.318229 0.900833 0.040625 0.065 
0 0.626562 0.0716667 0.0416667 0.065 
0 0.723177 0.8625 0.0421875 0.0683333 
0 0.616146 0.736667 0.0427083 0.0666667 
0 0.871354 0.77375 0.040625 0.0675 
0 0.676823 0.390833 0.0432292 0.0683333 
0 0.682292 0.717917 0.04375 0.0691667 
0 0.883594 0.33 0.0421875 0.0666667 
0 0.290104 0.6575 0.0395833 0.0633333 
0 0.716406 0.215 0.0411458 0.0666667 
0 0.334115 0.02875 0.0359375 0.0575 
0 0.75 0.57125 0.0416667 0.0691667 
0 0.0893229 0.769583 0.0411458 0.0658333 
0 0.979167 0.546667 0.0375 0.0633333 
0 0.510417 0.255 0.0416667 0.065 
0 0.211719 0.0666667 0.0390625 0.0633333 
0 0.827604 0.232917 0.040625 0.0658333 
