0 0.0885417 0.0166667 0.0354167 0.0333333 
0 0.653906 0.05875 0.0390625 0.0625 
0 0.0158854 0.1025 0.0307292 0.065 
0 0.391667 0.49125 0.0416667 0.0641667 
0 0.0580729 0.484167 0.0401042 0.065 
0 0.678125 0.73375 0.0395833 0.0641667 
0 0.29974 0.219583 0.0401042 0.0641667 
0 0.858854 0.70875 0.040625 0.0658333 
0 0.395573 0.239583 0.0421875 0.0641667 
0 0.148698 0.02 0.0380208 0.04 
0 0.957812 0.73875 0.0427083 0.0658333 
0 0.678646 0.71 0.040625 0.0666667 
0 0.689323 0.468333 0.0432292 0.0683333 
0 0.371354 0.9025 0.040625 0.0666667 
0 0.975 0.959583 0.040625 0.0658333 
0 0.773177 0.394583 0.0432292 0.0675 
0 0.50651 0.867917 0.0421875 0.0675 
0 0.85625 0.279167 0.0416667 0.0666667 
0 0.547656 0.4 0.0390625 0.0616667 
0 0.178125 0.819167 0.04375 0.07 
0 0.935938 0.16125 0.0427083 0.0658333 
0 0.632031 0.0854167 0.0421875 0.0658333 
0 0.26224 0.798333 0.0401042 0.065 
0 0.301302 0.482083 0.0411458 0.0658333 
0 0.244271 0.08375 0.0395833 0.0625 
0 0.968229 0.630417 0.040625 0.0675 
0 0.373958 0.489167 0.040625 0.065 
0 0.696615 0.94875 0.0390625 0.0625 
0 0.2 0.275 0.0395833 0.065 
0 0.884375 0.515 0.040625 0.065 
0 0.0674479 0.8425 0.0411458 0.0633333 
0 0.816927 0.57375 0.0411458 0.0641667 
0 0.119271 0.61625 0.0427083 0.0675 
0 0.702865 0.23625 0.0411458 0.0641667 
0 0.113281 0.9075 0.0401042 0.0666667 
0 0.449479 0.390417 0.040625 0.0658333 
0 0.520833 0.619167 0.040625 0.065 
0 0.540885 0.482917 0.0401042 0.0658333 
0 0.274479 0.33625 0.0385417 0.0625 
0 0.221094 0.586667 0.0411458 0.0666667 
0 0.0770833 0.62875 0.0416667 0.0658333 
0 0.842188 0.187083 0.040625 0.0658333 
0 0.216927 0.965 0.0411458 0.0666667 
0 0.573958 0.588333 0.040625 0.0666667 
0 0.784635 0.25125 0.0401042 0.0658333 
0 0.428385 0.419583 0.0390625 0.0641667 
0 0.388542 0.268333 0.0395833 0.0666667 
0 0.659896 0.367917 0.0427083 0.0708333 
