0 0.0117188 0.611667 0.0234375 0.065 
0 0.874219 0.844583 0.0421875 0.0658333 
0 0.981771 0.954583 0.0364583 0.0641667 
0 0.191927 0.730417 0.0421875 0.0658333 
0 0.204948 0.397083 0.0442708 0.0708333 
0 0.364583 0.889167 0.0395833 0.065 
0 0.417969 0.499167 0.0411458 0.0633333 
0 0.982292 0.864167 0.0354167 0.065 
0 0.339323 0.1425 0.0401042 0.0633333 
0 0.221875 0.970417 0.040625 0.0591667 
0 0.223958 0.376667 0.0447917 0.07 
0 0.871875 0.87 0.0416667 0.0666667 
0 0.808854 0.445833 0.040625 0.065 
0 0.732813 0.940417 0.0395833 0.0641667 
0 0.981771 0.292917 0.034375 0.0641667 
0 0.0919271 0.735833 0.0411458 0.065 
0 0.558073 0.980833 0.0380208 0.0383333 
0 0.339323 0.916667 0.0421875 0.0666667 
0 0.405469 0.947917 0.0380208 0.0608333 
0 0.625 0.674583 0.0416667 0.0658333 
0 0.748438 0.18125 0.040625 0.0641667 
0 0.159375 0.8 0.0416667 0.0666667 
0 0.46276 0.78125 0.0411458 0.0641667 
0 0.885938 0.0841667 0.040625 0.065 
0 0.0723958 0.831667 0.040625 0.065 
0 0.60026 0.0566667 0.0390625 0.0633333 
0 0.651302 0.342917 0.0421875 0.0658333 
0 0.355208 0.27875 0.04375 0.0691667 
0 0.179427 0.262083 0.0401042 0.0625 
0 0.629687 0.734583 0.0427083 0.0675 
0 0.163021 0.557083 0.040625 0.0675 
0 0.161198 0.69625 0.0421875 0.0691667 
0 0.0804688 0.142083 0.0421875 0.0641667 
0 0.0346354 0.18875 0.0390625 0.0641667 
0 0.124479 0.43125 0.04375 0.0708333 
0 0.595052 0.439583 0.0421875 0.0658333 
0 0.0729167 0.02375 0.0395833 0.0475 
0 0.519792 0.717917 0.04375 0.0691667 
0 0.538542 0.121667 0.040625 0.0666667 
0 0.414062 0.81 0.0416667 0.0666667 
0 0.289062 0.624583 0.0395833 0.0625 
0 0.116146 0.79625 0.0427083 0.0675 
0 0.908854 0.705 0.040625 0.065 
0 0.360677 0.0879167 0.0453125 0.0708333 
0 0.379948 0.508333 0.0421875 0.0666667 
0 0.386458 0.772083 0.0416667 0.0675 
0 0.20651 0.0433333 0.0442708 0.07 
0 0.661198 0.734583 0.0432292 0.0675 
0 0.676562 0.599167 0.0427083 0.0683333 
0 0.654167 0.79 0.04375 0.0683333 
0 0.335938 0.5 0.040625 0.0633333 
0 0.276302 0.315833 0.0411458 0.065 
0 0.716406 0.277083 0.0411458 0.0641667 
0 0.461979 0.912917 0.0364583 0.0608333 
0 0.366146 0.592083 0.040625 0.0641667 
0 0.684896 0.260417 0.040625 0.0641667 
0 0.845312 0.0279167 0.0385417 0.0558333 
0 0.932813 0.214583 0.0385417 0.0625 
0 0.7 0.107917 0.0395833 0.0641667 
0 0.836719 0.435 0.0390625 0.0633333 
0 0.177083 0.03125 0.0416667 0.0625 
0 0.459375 0.45 0.0395833 0.065 
0 0.29349 0.264167 0.0411458 0.065 
0 0.504167 0.44625 0.0395833 0.0641667 
0 0.653906 0.145833 0.0411458 0.0683333 
0 0.0421875 0.406667 0.0395833 0.0633333 
0 0.717188 0.60375 0.0427083 0.0675 
0 0.817969 0.0895833 0.0411458 0.0658333 
0 0.267708 0.508333 0.04375 0.0683333 
