0 0.00859375 0.07375 0.0161458 0.0658333 
0 0.130469 0.5625 0.0411458 0.065 
0 0.529688 0.818333 0.0427083 0.07 
0 0.465104 0.279583 0.040625 0.0658333 
0 0.540104 0.833333 0.040625 0.065 
0 0.476562 0.331667 0.0427083 0.0683333 
0 0.976562 0.635417 0.0427083 0.0675 
0 0.540625 0.662917 0.0395833 0.0625 
0 0.320833 0.711667 0.0416667 0.065 
0 0.245052 0.6175 0.0453125 0.07 
0 0.0184896 0.16875 0.0369792 0.0675 
0 0.436198 0.804167 0.0390625 0.065 
0 0.960938 0.159167 0.0427083 0.0683333 
0 0.148438 0.52625 0.040625 0.0675 
0 0.816667 0.04875 0.04375 0.0691667 
0 0.634375 0.76875 0.0395833 0.0641667 
0 0.353906 0.56625 0.0421875 0.0658333 
