0 0.678646 0.332917 0.0447917 0.0691667 
0 0.474219 0.0275 0.0432292 0.055 
0 0.383073 0.669167 0.0432292 0.0683333 
0 0.235677 0.57625 0.0421875 0.0675 
0 0.21849 0.552917 0.0411458 0.0675 
0 0.0869792 0.483333 0.0385417 0.0666667 
0 0.654167 0.973333 0.0416667 0.0533333 
0 0.851562 0.9525 0.0427083 0.0683333 
0 0.0453125 0.668333 0.0427083 0.0666667 
0 0.279167 0.450833 0.0416667 0.0666667 
0 0.960417 0.59125 0.04375 0.0708333 
0 0.778125 0.18125 0.0427083 0.0658333 
0 0.632552 0.146667 0.0421875 0.0666667 
0 0.248437 0.761667 0.0427083 0.0666667 
0 0.433594 0.81625 0.0432292 0.0675 
0 0.334115 0.81375 0.0421875 0.0675 
0 0.102083 0.112083 0.04375 0.0691667 
0 0.645052 0.495417 0.0432292 0.0691667 
0 0.821094 0.38 0.0453125 0.07 
0 0.167448 0.9625 0.0432292 0.0683333 
