0 0.229167 0.716667 0.040625 0.0633333 
0 0.760417 0.460833 0.0375 0.0616667 
0 0.332812 0.6725 0.040625 0.0666667 
0 0.669531 0.845833 0.0421875 0.065 
0 0.975 0.892917 0.0354167 0.0625 
0 0.294271 0.01875 0.0395833 0.0375 
0 0.00911458 0.357917 0.0182292 0.0675 
0 0.680469 0.270417 0.0390625 0.0641667 
0 0.0169271 0.423333 0.0338542 0.0633333 
0 0.365104 0.282917 0.0416667 0.0675 
0 0.758333 0.89 0.040625 0.065 
0 0.600781 0.43875 0.0432292 0.0675 
0 0.982031 0.93 0.0359375 0.0666667 
0 0.290625 0.58875 0.040625 0.0641667 
0 0.585677 0.87375 0.0432292 0.0658333 
0 0.370833 0.979167 0.040625 0.0416667 
0 0.0234375 0.97 0.040625 0.06 
0 0.56901 0.71 0.0421875 0.0666667 
0 0.234115 0.455417 0.0421875 0.0675 
0 0.240365 0.971667 0.0442708 0.0566667 
0 0.494271 0.94625 0.040625 0.0675 
0 0.608333 0.88 0.040625 0.0633333 
0 0.660677 0.95625 0.0432292 0.0691667 
0 0.258854 0.589167 0.040625 0.065 
0 0.090625 0.661667 0.040625 0.065 
0 0.935938 0.50125 0.04375 0.0675 
0 0.95625 0.280417 0.040625 0.0641667 
0 0.820573 0.180417 0.0421875 0.0658333 
0 0.213281 0.12375 0.0401042 0.0641667 
0 0.871354 0.277083 0.040625 0.0675 
0 0.160417 0.856667 0.040625 0.065 
0 0.053125 0.969167 0.040625 0.0616667 
0 0.748698 0.134167 0.0421875 0.0666667 
0 0.139844 0.37375 0.0453125 0.0708333 
0 0.258333 0.91875 0.04375 0.0691667 
0 0.134375 0.727083 0.0427083 0.0675 
0 0.967969 0.805417 0.0390625 0.0641667 
0 0.192969 0.9425 0.0442708 0.0716667 
0 0.172656 0.64125 0.0421875 0.0658333 
0 0.0947917 0.595 0.0416667 0.0666667 
0 0.761458 0.524583 0.0416667 0.0675 
0 0.328906 0.155417 0.0401042 0.0641667 
0 0.525 0.51125 0.040625 0.0658333 
0 0.249479 0.409167 0.0427083 0.0683333 
0 0.804427 0.450833 0.0390625 0.0633333 
0 0.0510417 0.357917 0.0416667 0.0658333 
0 0.491406 0.357917 0.0421875 0.0675 
0 0.46901 0.855 0.0411458 0.0666667 
0 0.932813 0.8 0.0427083 0.0666667 
0 0.808594 0.342083 0.0421875 0.0675 
0 0.85625 0.112083 0.040625 0.0641667 
0 0.0268229 0.275833 0.0411458 0.0666667 
0 0.459375 0.361667 0.0427083 0.0683333 
0 0.957812 0.58375 0.04375 0.0691667 
0 0.918229 0.035 0.040625 0.065 
0 0.155208 0.4925 0.0416667 0.0683333 
0 0.967188 0.425833 0.04375 0.0666667 
0 0.501042 0.230417 0.04375 0.0691667 
0 0.144271 0.683333 0.0427083 0.0666667 
0 0.361198 0.145833 0.0411458 0.0666667 
0 0.714583 0.819167 0.0416667 0.065 
0 0.338542 0.8325 0.0416667 0.07 
0 0.229687 0.3575 0.04375 0.07 
0 0.214583 0.785 0.0416667 0.0666667 
0 0.414062 0.63 0.040625 0.065 
0 0.622917 0.0658333 0.0395833 0.0666667 
0 0.689062 0.02875 0.0385417 0.0575 
0 0.859375 0.415833 0.0416667 0.0683333 
0 0.860937 0.02875 0.04375 0.0575 
0 0.297135 0.210417 0.0432292 0.0691667 
