0 0.600521 0.60625 0.0427083 0.0691667 
0 0.778906 0.474167 0.0411458 0.0666667 
0 0.795052 0.447083 0.0411458 0.0641667 
0 0.666146 0.02375 0.0427083 0.0475 
0 0.79401 0.484167 0.0401042 0.065 
0 0.314583 0.76 0.040625 0.0666667 
0 0.635417 0.749167 0.04375 0.07 
0 0.738021 0.803333 0.040625 0.0666667 
0 0.896875 0.183333 0.0458333 0.07 
0 0.383073 0.392083 0.0421875 0.0675 
0 0.792188 0.120417 0.040625 0.0658333 
0 0.229427 0.334167 0.0432292 0.07 
0 0.129427 0.250417 0.0421875 0.0675 
