0 0.663281 0.559167 0.0421875 0.0683333 
0 0.0291667 0.0233333 0.0395833 0.0466667 
0 0.0486979 0.472083 0.0411458 0.0675 
0 0.561198 0.976667 0.0421875 0.0466667 
0 0.323698 0.950833 0.0411458 0.065 
0 0.985937 0.69625 0.028125 0.0658333 
0 0.927344 0.8075 0.0421875 0.065 
0 0.970312 0.497083 0.040625 0.0658333 
0 0.560938 0.459583 0.0427083 0.0658333 
0 0.928125 0.46375 0.040625 0.0641667 
0 0.0559896 0.323333 0.0411458 0.065 
0 0.793229 0.0929167 0.0416667 0.0658333 
0 0.698438 0.302083 0.040625 0.0658333 
0 0.584115 0.50625 0.0421875 0.0675 
0 0.819271 0.11375 0.040625 0.0658333 
0 0.426302 0.742083 0.0390625 0.0625 
0 0.557031 0.95 0.0421875 0.0666667 
0 0.0658854 0.664167 0.0411458 0.065 
0 0.580208 0.686667 0.0416667 0.065 
0 0.851042 0.250833 0.04375 0.0683333 
0 0.8125 0.472083 0.04375 0.0691667 
0 0.376302 0.949583 0.0390625 0.0641667 
0 0.255208 0.234583 0.0416667 0.0658333 
0 0.258333 0.8725 0.0416667 0.0666667 
0 0.322656 0.76875 0.0421875 0.0691667 
0 0.839063 0.765 0.04375 0.0666667 
0 0.667188 0.948333 0.0416667 0.0666667 
0 0.636979 0.708333 0.040625 0.065 
0 0.0549479 0.57375 0.0421875 0.0675 
0 0.76901 0.217083 0.0411458 0.0658333 
