0 0.988281 0.884167 0.0234375 0.065 
0 0.0179687 0.73 0.0359375 0.0666667 
0 0.384896 0.614583 0.0385417 0.0625 
0 0.724219 0.6725 0.0411458 0.07 
0 0.982813 0.487917 0.034375 0.0675 
0 0.988021 0.7975 0.0239583 0.0683333 
0 0.740625 0.868333 0.0416667 0.0666667 
0 0.591667 0.607083 0.040625 0.0658333 
0 0.197917 0.932917 0.0447917 0.0708333 
0 0.127865 0.175833 0.0432292 0.0683333 
0 0.940625 0.596667 0.04375 0.07 
0 0.765625 0.766667 0.0395833 0.0633333 
0 0.648438 0.84875 0.0385417 0.0608333 
0 0.800781 0.0583333 0.0390625 0.0633333 
0 0.100781 0.29125 0.0421875 0.0675 
0 0.221094 0.180833 0.0411458 0.065 
0 0.266406 0.94 0.0432292 0.0666667 
0 0.295312 0.824167 0.0447917 0.0716667 
0 0.121615 0.146667 0.0411458 0.0666667 
0 0.36276 0.112917 0.0411458 0.0675 
0 0.221094 0.214583 0.0411458 0.0658333 
0 0.570312 0.220417 0.0427083 0.0691667 
0 0.588021 0.658333 0.040625 0.065 
0 0.146615 0.77625 0.0442708 0.0708333 
0 0.549479 0.09625 0.0427083 0.0675 
0 0.944271 0.864167 0.040625 0.065 
0 0.864062 0.879167 0.0385417 0.065 
0 0.0638021 0.905833 0.0432292 0.0683333 
0 0.500521 0.399583 0.040625 0.0641667 
0 0.385677 0.355833 0.0390625 0.065 
0 0.0703125 0.7125 0.0447917 0.07 
0 0.285156 0.207083 0.0421875 0.0675 
0 0.242448 0.7475 0.0421875 0.0683333 
0 0.671615 0.06 0.0390625 0.0633333 
0 0.524219 0.89125 0.0421875 0.0675 
0 0.8625 0.685417 0.040625 0.0658333 
0 0.122656 0.486667 0.0432292 0.07 
0 0.354948 0.836667 0.0442708 0.07 
0 0.365625 0.964583 0.040625 0.0641667 
0 0.408333 0.586667 0.0395833 0.0633333 
0 0.0289063 0.322083 0.0463542 0.0725 
0 0.319531 0.780417 0.0421875 0.0658333 
0 0.0856771 0.6675 0.0421875 0.0683333 
0 0.644271 0.0708333 0.0427083 0.0683333 
0 0.828125 0.53125 0.0416667 0.0675 
0 0.275781 0.552083 0.0421875 0.0675 
0 0.821875 0.91 0.0395833 0.065 
0 0.322135 0.507083 0.0390625 0.0625 
0 0.603906 0.2675 0.0421875 0.0666667 
0 0.330729 0.365 0.0416667 0.0666667 
0 0.469531 0.03 0.0421875 0.06 
0 0.154167 0.409583 0.0427083 0.0675 
0 0.478125 0.67 0.0416667 0.0666667 
0 0.689323 0.505417 0.0421875 0.0658333 
0 0.455208 0.0883333 0.04375 0.07 
0 0.198698 0.525833 0.0432292 0.07 
