0 0.478906 0.285417 0.0421875 0.0658333 
0 0.0182292 0.974583 0.0364583 0.0508333 
0 0.235677 0.393333 0.0463542 0.0716667 
0 0.677083 0.502083 0.04375 0.0741667 
0 0.466146 0.810833 0.0427083 0.0683333 
0 0.783333 0.245417 0.0416667 0.0641667 
0 0.927083 0.487083 0.04375 0.0691667 
0 0.557813 0.73375 0.0427083 0.0658333 
0 0.102344 0.324583 0.0421875 0.0675 
0 0.802083 0.967917 0.0395833 0.0625 
0 0.547656 0.592083 0.0432292 0.0675 
0 0.0359375 0.235417 0.0427083 0.0675 
0 0.0348958 0.768333 0.0427083 0.07 
0 0.855729 0.8125 0.040625 0.065 
0 0.980469 0.560833 0.0390625 0.065 
0 0.0557292 0.769167 0.0447917 0.07 
0 0.015625 0.790417 0.03125 0.0675 
0 0.231771 0.6075 0.0458333 0.0716667 
0 0.653906 0.0525 0.0401042 0.0633333 
0 0.0583333 0.864167 0.04375 0.0683333 
0 0.00807292 0.532917 0.0161458 0.0658333 
0 0.0190104 0.145 0.0369792 0.0666667 
0 0.129688 0.379167 0.040625 0.065 
0 0.790104 0.217917 0.040625 0.0641667 
0 0.792708 0.115833 0.0395833 0.0616667 
0 0.504948 0.7075 0.0432292 0.0683333 
0 0.132031 0.103333 0.0432292 0.0666667 
0 0.75625 0.430417 0.0416667 0.0675 
0 0.716927 0.413333 0.0432292 0.0683333 
0 0.668229 0.484583 0.0427083 0.0691667 
0 0.425 0.865833 0.04375 0.0683333 
0 0.957292 0.03375 0.04375 0.0675 
0 0.510677 0.02375 0.0432292 0.0475 
0 0.157552 0.245417 0.0411458 0.0658333 
0 0.810156 0.329583 0.0421875 0.0691667 
0 0.0231771 0.274583 0.0390625 0.0658333 
0 0.327344 0.03875 0.0421875 0.0675 
0 0.161719 0.651667 0.0411458 0.0666667 
0 0.983854 0.285833 0.0322917 0.0683333 
0 0.676562 0.797917 0.0427083 0.0691667 
0 0.685938 0.512917 0.0416667 0.0658333 
0 0.403906 0.397917 0.0411458 0.0658333 
0 0.45625 0.5125 0.0416667 0.0683333 
0 0.61224 0.297083 0.0411458 0.0658333 
0 0.944531 0.203333 0.0421875 0.0666667 
0 0.456771 0.0291667 0.040625 0.0583333 
0 0.752604 0.789167 0.0427083 0.0683333 
0 0.617188 0.93 0.0395833 0.0633333 
0 0.679167 0.660833 0.0416667 0.065 
0 0.276563 0.571667 0.0447917 0.07 
0 0.904167 0.71875 0.04375 0.0691667 
0 0.219531 0.791667 0.0432292 0.07 
0 0.215365 0.715 0.0432292 0.0683333 
0 0.177604 0.751667 0.0427083 0.07 
0 0.429688 0.0316667 0.0427083 0.0633333 
0 0.0822917 0.550833 0.04375 0.07 
0 0.950521 0.6425 0.040625 0.0666667 
0 0.586458 0.653333 0.0416667 0.065 
0 0.320833 0.6875 0.0458333 0.0716667 
0 0.557813 0.783333 0.040625 0.0666667 
0 0.252865 0.374167 0.0432292 0.0683333 
0 0.141406 0.976667 0.0442708 0.0466667 
0 0.417969 0.3175 0.0432292 0.0666667 
0 0.296875 0.207083 0.0427083 0.0675 
0 0.204167 0.581667 0.04375 0.0666667 
0 0.853646 0.884167 0.040625 0.065 
0 0.338281 0.130833 0.0432292 0.0683333 
0 0.889063 0.865833 0.0447917 0.07 
0 0.367448 0.3875 0.0411458 0.0683333 
0 0.0648438 0.625 0.0421875 0.0666667 
0 0.769271 0.651667 0.040625 0.065 
0 0.0388021 0.95 0.0442708 0.0683333 
0 0.924219 0.548333 0.0421875 0.0666667 
0 0.593229 0.153333 0.04375 0.07 
0 0.573958 0.955 0.0395833 0.065 
