0 0.132552 0.844167 0.0401042 0.065 
0 0.130208 0.369583 0.04375 0.0691667 
0 0.989844 0.18375 0.0203125 0.0708333 
0 0.567187 0.747083 0.0427083 0.0675 
0 0.556771 0.7725 0.04375 0.0683333 
0 0.14401 0.045 0.0411458 0.065 
0 0.0403646 0.602917 0.0411458 0.0658333 
0 0.522917 0.964583 0.0416667 0.0658333 
0 0.56875 0.942917 0.0416667 0.0675 
0 0.0549479 0.335417 0.0432292 0.0708333 
0 0.546094 0.82625 0.0411458 0.0675 
0 0.534375 0.820833 0.0416667 0.07 
0 0.649479 0.300833 0.04375 0.0683333 
0 0.753646 0.47625 0.040625 0.0675 
0 0.0244792 0.300833 0.0395833 0.0633333 
0 0.25026 0.714167 0.0432292 0.07 
0 0.0859375 0.960833 0.04375 0.0683333 
0 0.740885 0.145417 0.0411458 0.0658333 
0 0.0270833 0.385417 0.0416667 0.0675 
0 0.1 0.89125 0.04375 0.0691667 
0 0.0885417 0.29 0.04375 0.07 
0 0.660937 0.48375 0.0416667 0.0675 
0 0.0950521 0.564167 0.0411458 0.065 
0 0.956771 0.509167 0.040625 0.065 
0 0.307813 0.60375 0.04375 0.0691667 
0 0.0229167 0.895833 0.0395833 0.065 
0 0.166667 0.7525 0.0416667 0.0683333 
0 0.0739583 0.83125 0.04375 0.0691667 
0 0.726302 0.43375 0.0421875 0.0675 
0 0.208854 0.929167 0.0416667 0.07 
0 0.704687 0.40125 0.0447917 0.0691667 
0 0.521094 0.505 0.0411458 0.065 
0 0.685417 0.307083 0.04375 0.0691667 
0 0.709896 0.95625 0.0427083 0.0691667 
0 0.734896 0.38 0.04375 0.0666667 
0 0.520312 0.18 0.0427083 0.0666667 
0 0.289583 0.4225 0.0447917 0.07 
0 0.502083 0.851667 0.04375 0.07 
0 0.745833 0.267083 0.0416667 0.0675 
0 0.863021 0.710417 0.040625 0.0675 
0 0.25651 0.873333 0.0421875 0.0666667 
0 0.576563 0.05625 0.0416667 0.0658333 
0 0.30625 0.8675 0.04375 0.07 
0 0.526302 0.0383333 0.0421875 0.0666667 
0 0.510156 0.604167 0.0432292 0.0683333 
0 0.0466146 0.46625 0.0411458 0.0658333 
0 0.656771 0.33875 0.04375 0.0675 
0 0.234635 0.566667 0.0432292 0.07 
0 0.763281 0.625 0.0411458 0.0666667 
0 0.414062 0.385833 0.0427083 0.0683333 
0 0.0903646 0.69125 0.0421875 0.0691667 
0 0.0341146 0.0345833 0.0421875 0.0675 
0 0.955469 0.567917 0.0421875 0.0691667 
