0 0.778385 0.695 0.0390625 0.0633333 
0 0.628385 0.435 0.0411458 0.065 
0 0.152865 0.269167 0.0421875 0.0666667 
0 0.460938 0.239583 0.040625 0.0641667 
0 0.795833 0.974167 0.04375 0.0516667 
0 0.554688 0.945417 0.040625 0.0658333 
0 0.0424479 0.725 0.0411458 0.0666667 
0 0.583594 0.925 0.0390625 0.0633333 
0 0.738021 0.22125 0.04375 0.0675 
0 0.797396 0.150417 0.046875 0.0741667 
0 0.254427 0.760417 0.0411458 0.0641667 
0 0.235938 0.641667 0.040625 0.0666667 
0 0.548437 0.765 0.0395833 0.0633333 
0 0.527344 0.13625 0.0411458 0.0658333 
0 0.394531 0.182917 0.0442708 0.0691667 
0 0.982813 0.58 0.034375 0.0633333 
0 0.401042 0.495417 0.0416667 0.0658333 
0 0.626302 0.389167 0.0421875 0.0666667 
0 0.632812 0.892917 0.0416667 0.0675 
0 0.0729167 0.225 0.0395833 0.0633333 
0 0.302865 0.0975 0.0432292 0.07 
0 0.645312 0.260417 0.0427083 0.0675 
0 0.658854 0.508333 0.04375 0.0683333 
0 0.101042 0.7725 0.0416667 0.0666667 
