0 0.601562 0.531667 0.0447917 0.0716667 
0 0.333333 0.225 0.04375 0.07 
0 0.222396 0.30875 0.046875 0.0725 
0 0.671094 0.598333 0.0442708 0.0733333 
0 0.9875 0.347917 0.025 0.0691667 
0 0.101823 0.34 0.0442708 0.07 
0 0.989062 0.875833 0.021875 0.0683333 
0 0.785417 0.3875 0.0416667 0.065 
0 0.791146 0.0633333 0.0427083 0.0683333 
0 0.376042 0.63375 0.0458333 0.0708333 
0 0.750521 0.582917 0.0447917 0.0691667 
0 0.0294271 0.304167 0.0432292 0.0683333 
0 0.590625 0.41625 0.0416667 0.0641667 
0 0.0359375 0.2375 0.04375 0.07 
0 0.135677 0.5425 0.0442708 0.07 
0 0.548958 0.253333 0.040625 0.0666667 
0 0.0276042 0.623333 0.040625 0.0666667 
0 0.402083 0.772083 0.04375 0.0708333 
0 0.189323 0.09 0.0432292 0.0683333 
0 0.405729 0.82875 0.0427083 0.0675 
0 0.216667 0.9275 0.0416667 0.0666667 
0 0.0518229 0.846667 0.0401042 0.065 
