0 0.779948 0.951667 0.0380208 0.0633333 
0 0.982031 0.0525 0.0359375 0.0666667 
0 0.822656 0.89875 0.0421875 0.0675 
0 0.833854 0.0858333 0.040625 0.065 
0 0.820052 0.108333 0.0411458 0.0666667 
0 0.196354 0.87375 0.0416667 0.0658333 
0 0.113281 0.675 0.0411458 0.0683333 
0 0.386198 0.0954167 0.0411458 0.0641667 
0 0.0895833 0.535 0.040625 0.07 
0 0.847656 0.12125 0.0421875 0.0641667 
0 0.516927 0.355417 0.0432292 0.0675 
0 0.647656 0.890833 0.0432292 0.07 
0 0.289583 0.312083 0.0395833 0.0641667 
0 0.559896 0.04125 0.040625 0.0658333 
0 0.135937 0.563333 0.0427083 0.0666667 
0 0.522396 0.404583 0.040625 0.0658333 
0 0.247135 0.254167 0.0401042 0.065 
0 0.334635 0.025 0.0411458 0.05 
0 0.765625 0.297083 0.04375 0.0691667 
0 0.752865 0.92375 0.0421875 0.0675 
0 0.183333 0.35875 0.0427083 0.0675 
0 0.72474 0.486667 0.0421875 0.0683333 
0 0.0346354 0.223333 0.0432292 0.0683333 
0 0.696615 0.347917 0.0421875 0.0675 
0 0.402865 0.184167 0.0411458 0.065 
0 0.908594 0.0525 0.0421875 0.0683333 
0 0.266146 0.208333 0.040625 0.0666667 
0 0.715625 0.638333 0.0416667 0.0666667 
0 0.078125 0.15875 0.040625 0.0641667 
0 0.421354 0.835417 0.040625 0.0641667 
0 0.916406 0.7225 0.0453125 0.0716667 
0 0.0617188 0.6125 0.0432292 0.0683333 
0 0.546615 0.666667 0.0421875 0.0666667 
0 0.727604 0.45 0.04375 0.0683333 
0 0.667188 0.64625 0.0427083 0.0675 
0 0.789323 0.84625 0.0401042 0.0658333 
0 0.335938 0.177083 0.04375 0.0708333 
