0 0.121615 0.83625 0.0421875 0.0675 
0 0.569531 0.189583 0.0369792 0.0591667 
0 0.495313 0.13375 0.0385417 0.0625 
0 0.684635 0.399167 0.0401042 0.0633333 
0 0.715104 0.104167 0.040625 0.065 
0 0.661458 0.941667 0.0375 0.06 
0 0.117188 0.425833 0.040625 0.065 
0 0.341146 0.291667 0.0385417 0.0633333 
0 0.821875 0.952917 0.0375 0.0625 
0 0.595573 0.129583 0.0390625 0.0625 
0 0.73099 0.147917 0.0401042 0.0641667 
0 0.8375 0.3075 0.040625 0.0633333 
0 0.645833 0.365833 0.0375 0.0616667 
0 0.0375 0.69125 0.0427083 0.0675 
