0 0.818229 0.860833 0.040625 0.065 
0 0.0140625 0.21125 0.028125 0.0658333 
0 0.172396 0.50125 0.0385417 0.0625 
0 0.409896 0.748333 0.040625 0.0633333 
0 0.0127604 0.880417 0.0255208 0.0575 
0 0.269271 0.795 0.0416667 0.065 
0 0.664062 0.797083 0.0416667 0.0675 
0 0.977083 0.0208333 0.0375 0.0416667 
0 0.66901 0.458333 0.0421875 0.065 
0 0.138021 0.478333 0.0385417 0.0633333 
0 0.410417 0.195417 0.0416667 0.0675 
0 0.127083 0.797917 0.0395833 0.0625 
0 0.38776 0.801667 0.0401042 0.0633333 
0 0.830208 0.46375 0.04375 0.0675 
0 0.679688 0.857083 0.0395833 0.0625 
0 0.221615 0.407917 0.0401042 0.0641667 
0 0.90625 0.516667 0.0416667 0.065 
0 0.529948 0.08375 0.0380208 0.0641667 
0 0.248958 0.4525 0.0385417 0.065 
0 0.316406 0.705833 0.0390625 0.065 
