0 0.284375 0.149167 0.0416667 0.07 
0 0.0104167 0.333333 0.01875 0.0666667 
0 0.979167 0.96625 0.0375 0.0641667 
0 0.452344 0.896667 0.0411458 0.065 
0 0.388021 0.12125 0.040625 0.0658333 
0 0.172396 0.530417 0.04375 0.0691667 
0 0.951563 0.758333 0.040625 0.065 
0 0.367969 0.965833 0.0390625 0.0616667 
0 0.450521 0.694167 0.040625 0.065 
0 0.126563 0.0220833 0.0385417 0.0441667 
0 0.370833 0.025 0.0427083 0.05 
0 0.0666667 0.972083 0.040625 0.0558333 
0 0.524219 0.0358333 0.0411458 0.065 
0 0.277604 0.820833 0.0416667 0.065 
0 0.506771 0.284167 0.0385417 0.0616667 
0 0.516406 0.095 0.0432292 0.0666667 
0 0.580729 0.28375 0.0385417 0.0641667 
0 0.615104 0.439583 0.040625 0.0675 
0 0.279167 0.446667 0.040625 0.0666667 
0 0.127083 0.31875 0.0427083 0.0675 
0 0.564062 0.204583 0.040625 0.0641667 
0 0.29375 0.115 0.0416667 0.0666667 
0 0.3375 0.895833 0.0416667 0.0683333 
0 0.898438 0.495 0.040625 0.0666667 
0 0.158333 0.97875 0.0395833 0.0425 
0 0.148698 0.55125 0.0432292 0.0675 
0 0.0322917 0.474583 0.04375 0.0708333 
0 0.748438 0.64375 0.04375 0.0675 
0 0.60651 0.365417 0.0411458 0.0658333 
0 0.110417 0.822083 0.040625 0.0625 
0 0.0830729 0.314583 0.0442708 0.0691667 
0 0.672917 0.869583 0.0416667 0.0675 
0 0.808594 0.71625 0.0432292 0.0658333 
0 0.928125 0.825833 0.040625 0.065 
0 0.655208 0.760417 0.0416667 0.0658333 
0 0.803906 0.264583 0.0442708 0.0708333 
0 0.0466146 0.14 0.0421875 0.0666667 
0 0.184896 0.73875 0.0427083 0.0691667 
0 0.951563 0.904167 0.040625 0.065 
0 0.7875 0.105 0.0416667 0.065 
0 0.434375 0.484583 0.0416667 0.0641667 
0 0.84375 0.2225 0.040625 0.065 
0 0.728906 0.0445833 0.0421875 0.0675 
0 0.339063 0.308333 0.0427083 0.0683333 
0 0.816406 0.475417 0.0401042 0.0641667 
0 0.28724 0.6525 0.0401042 0.0666667 
