0 0.505469 0.845 0.0421875 0.0666667 
0 0.773958 0.374583 0.0416667 0.0658333 
0 0.464583 0.98125 0.040625 0.0375 
0 0.183073 0.365417 0.0453125 0.0691667 
0 0.601302 0.1375 0.0390625 0.0616667 
0 0.71875 0.255833 0.04375 0.0683333 
0 0.964844 0.211667 0.0421875 0.0666667 
0 0.983854 0.137083 0.0322917 0.0608333 
0 0.794792 0.3525 0.0395833 0.065 
0 0.69974 0.601667 0.0390625 0.0633333 
0 0.263021 0.515833 0.0447917 0.07 
0 0.949479 0.703333 0.040625 0.0666667 
0 0.270573 0.204167 0.0432292 0.0683333 
0 0.346875 0.21125 0.0427083 0.0691667 
0 0.102604 0.65 0.0458333 0.0733333 
0 0.347135 0.0941667 0.0432292 0.07 
0 0.868229 0.0841667 0.040625 0.0666667 
0 0.777344 0.267917 0.0380208 0.0608333 
