0 0.0148437 0.435 0.0296875 0.0683333 
0 0.0859375 0.705417 0.0427083 0.0675 
0 0.0585938 0.65 0.0432292 0.0666667 
0 0.526823 0.8425 0.0421875 0.0666667 
0 0.805469 0.602917 0.0411458 0.0691667 
0 0.365104 0.0745833 0.0447917 0.0708333 
0 0.611719 0.03 0.0432292 0.06 
0 0.04375 0.42375 0.0427083 0.0691667 
0 0.286979 0.555 0.0416667 0.07 
0 0.646615 0.976667 0.0411458 0.0466667 
0 0.67526 0.134167 0.0421875 0.0683333 
0 0.0960938 0.411667 0.0432292 0.07 
0 0.548698 0.7675 0.0432292 0.0683333 
0 0.501042 0.681667 0.0395833 0.0633333 
0 0.624479 0.975 0.040625 0.05 
0 0.625781 0.0695833 0.0421875 0.0691667 
0 0.540365 0.85 0.0421875 0.0666667 
0 0.129427 0.748333 0.0421875 0.07 
0 0.877604 0.349167 0.040625 0.065 
0 0.85625 0.301667 0.0416667 0.0666667 
0 0.548958 0.23375 0.040625 0.0641667 
0 0.347135 0.0945833 0.0421875 0.0675 
0 0.979688 0.289583 0.0375 0.0675 
0 0.520833 0.66375 0.0416667 0.0658333 
0 0.572917 0.364167 0.0416667 0.0666667 
0 0.505469 0.974167 0.0390625 0.0516667 
0 0.877604 0.18375 0.040625 0.0675 
0 0.890104 0.92 0.040625 0.0666667 
0 0.309115 0.320833 0.0421875 0.0683333 
0 0.945312 0.395 0.040625 0.0633333 
0 0.197396 0.968333 0.0427083 0.0633333 
0 0.8125 0.235 0.0416667 0.07 
0 0.715625 0.916667 0.0416667 0.065 
0 0.9 0.440833 0.040625 0.065 
0 0.171615 0.8225 0.0421875 0.0683333 
0 0.205469 0.03 0.0421875 0.06 
0 0.586719 0.150417 0.0442708 0.0708333 
0 0.736979 0.185417 0.0427083 0.0658333 
0 0.272396 0.237917 0.0395833 0.0641667 
0 0.0726563 0.297083 0.0432292 0.0675 
