0 0.0132813 0.425 0.0265625 0.0633333 
0 0.445312 0.535417 0.0395833 0.0641667 
0 0.659896 0.78625 0.040625 0.0658333 
0 0.343229 0.27875 0.040625 0.0675 
0 0.85 0.605 0.0416667 0.07 
0 0.738542 0.64 0.0395833 0.0633333 
0 0.388802 0.39875 0.0390625 0.0625 
0 0.315625 0.330417 0.040625 0.0658333 
0 0.4 0.325 0.0395833 0.065 
0 0.213281 0.379583 0.0421875 0.0675 
0 0.45625 0.562083 0.0395833 0.0625 
0 0.522396 0.923333 0.040625 0.0666667 
0 0.114063 0.6725 0.0416667 0.0683333 
0 0.960417 0.5775 0.04375 0.0683333 
0 0.5375 0.535417 0.0427083 0.0691667 
0 0.226042 0.03125 0.04375 0.0625 
0 0.216667 0.920417 0.0395833 0.0625 
0 0.639063 0.35375 0.0385417 0.0658333 
