0 0.559115 0.209167 0.0453125 0.0716667 
0 0.661458 0.585833 0.04375 0.0683333 
0 0.196094 0.896667 0.0411458 0.0633333 
0 0.497656 0.513333 0.0390625 0.065 
0 0.0846354 0.78 0.0411458 0.0666667 
0 0.973437 0.699583 0.040625 0.0641667 
0 0.0190104 0.7075 0.0380208 0.0683333 
0 0.875781 0.575417 0.0421875 0.0675 
0 0.982813 0.8825 0.034375 0.065 
0 0.440885 0.906667 0.0401042 0.0633333 
0 0.303125 0.42625 0.0395833 0.0641667 
0 0.484115 0.359167 0.0411458 0.065 
0 0.12474 0.687917 0.0442708 0.0691667 
0 0.653125 0.79875 0.0427083 0.0691667 
0 0.471875 0.965417 0.0416667 0.0658333 
0 0.373177 0.9225 0.0411458 0.0666667 
0 0.0333333 0.556667 0.04375 0.0666667 
0 0.505208 0.376667 0.0416667 0.0666667 
0 0.25 0.47875 0.0416667 0.0658333 
0 0.979688 0.765417 0.0375 0.0658333 
0 0.0403646 0.225 0.0453125 0.07 
0 0.545313 0.951667 0.040625 0.0633333 
0 0.627865 0.4975 0.0411458 0.0666667 
0 0.478646 0.173333 0.0427083 0.0683333 
0 0.0966146 0.35 0.0421875 0.0666667 
0 0.0325521 0.115833 0.0411458 0.0666667 
0 0.845312 0.18375 0.0427083 0.0658333 
0 0.392969 0.197917 0.0442708 0.0708333 
0 0.610156 0.134583 0.0432292 0.0675 
0 0.796615 0.529167 0.0421875 0.0666667 
0 0.111458 0.625 0.04375 0.0683333 
0 0.679167 0.49 0.0416667 0.0683333 
0 0.857813 0.111667 0.0427083 0.0666667 
0 0.867969 0.23875 0.0421875 0.0658333 
0 0.657031 0.904167 0.0401042 0.065 
0 0.536458 0.27375 0.040625 0.0675 
0 0.632812 0.6825 0.0416667 0.065 
0 0.254167 0.904583 0.040625 0.0675 
0 0.661719 0.193333 0.0401042 0.065 
0 0.372917 0.747083 0.0427083 0.0691667 
0 0.442448 0.785 0.0421875 0.0666667 
0 0.276042 0.7925 0.0416667 0.0683333 
