0 0.874219 0.335417 0.0390625 0.0625 
0 0.122396 0.0866667 0.040625 0.065 
0 0.388281 0.739583 0.0338542 0.0541667 
0 0.519271 0.782083 0.0385417 0.0591667 
0 0.363281 0.0633333 0.0401042 0.065 
0 0.982813 0.979583 0.034375 0.0408333 
0 0.13099 0.24875 0.0421875 0.0658333 
0 0.235677 0.148333 0.0421875 0.0683333 
0 0.410937 0.31625 0.0385417 0.0625 
0 0.160938 0.250833 0.040625 0.0683333 
0 0.542188 0.08625 0.0385417 0.0608333 
0 0.0184896 0.172917 0.0359375 0.0641667 
0 0.0195312 0.374167 0.0380208 0.065 
0 0.0960938 0.472917 0.0380208 0.0625 
0 0.899479 0.594583 0.040625 0.0658333 
0 0.365365 0.140417 0.0401042 0.0641667 
