0 0.00963542 0.433333 0.0192708 0.0616667 
0 0.914062 0.210417 0.0447917 0.0708333 
0 0.122656 0.225833 0.0411458 0.065 
0 0.798958 0.442083 0.0416667 0.0675 
0 0.491667 0.375833 0.0395833 0.0633333 
0 0.759115 0.23 0.0411458 0.0666667 
0 0.755469 0.0941667 0.0421875 0.0683333 
0 0.321094 0.798333 0.0411458 0.0666667 
0 0.690365 0.526667 0.0453125 0.0716667 
0 0.0223958 0.47875 0.0385417 0.0608333 
0 0.803646 0.66375 0.0427083 0.0675 
0 0.191406 0.1925 0.0411458 0.065 
0 0.276823 0.47875 0.0401042 0.0675 
0 0.046875 0.33875 0.0458333 0.0725 
0 0.93125 0.122083 0.0458333 0.0725 
0 0.213802 0.349167 0.0411458 0.0666667 
0 0.507292 0.846667 0.040625 0.065 
