0 0.360156 0.73625 0.0421875 0.0691667 
0 0.114583 0.0216667 0.04375 0.0433333 
0 0.964063 0.670417 0.0447917 0.0675 
0 0.860937 0.371667 0.0427083 0.0666667 
0 0.52474 0.103333 0.0411458 0.0666667 
0 0.129427 0.97125 0.0421875 0.0575 
0 0.813281 0.659583 0.0421875 0.0658333 
0 0.0140625 0.699583 0.028125 0.0675 
0 0.857031 0.51625 0.0421875 0.0691667 
0 0.247135 0.0495833 0.0411458 0.0658333 
0 0.979688 0.664583 0.0385417 0.0658333 
0 0.873438 0.34 0.0427083 0.0666667 
0 0.0877604 0.468333 0.0411458 0.0666667 
0 0.540885 0.139583 0.0401042 0.0641667 
0 0.870313 0.447083 0.040625 0.0658333 
0 0.0549479 0.89625 0.0421875 0.0658333 
0 0.0242187 0.120417 0.0421875 0.0675 
0 0.594271 0.0725 0.040625 0.065 
0 0.0539063 0.656667 0.0411458 0.0666667 
0 0.713281 0.169167 0.0390625 0.0616667 
0 0.963281 0.06875 0.0421875 0.0675 
0 0.166406 0.222083 0.0442708 0.0691667 
0 0.165104 0.730833 0.0427083 0.0683333 
0 0.184896 0.887083 0.0427083 0.0675 
0 0.169531 0.97 0.0421875 0.06 
0 0.560938 0.79625 0.0416667 0.0675 
0 0.315104 0.195833 0.0427083 0.0683333 
0 0.549479 0.07375 0.0427083 0.0675 
0 0.746094 0.77125 0.0432292 0.0691667 
0 0.491406 0.0441667 0.0432292 0.0683333 
0 0.184896 0.334583 0.0427083 0.0675 
0 0.466406 0.457917 0.0432292 0.0675 
0 0.521094 0.227083 0.0380208 0.0625 
0 0.110417 0.6875 0.0416667 0.0683333 
0 0.280208 0.285833 0.0427083 0.07 
0 0.453906 0.0704167 0.0432292 0.0675 
0 0.454427 0.147917 0.0390625 0.0625 
0 0.103385 0.34375 0.0432292 0.0675 
0 0.789583 0.60375 0.04375 0.0675 
0 0.0773437 0.568333 0.0421875 0.0683333 
