16 0.1 0 1 1 0.4 0 1 1 0.5 0 1 1 0.6 0 1 1 0.7 0 1 1 0.9 0 1 1
16 0.1 1 0.0 0.0 0.4 0 1 1 0.5 0 1 1 0.6 0 1 1 0.7 0 1 1 0.9 0 1 1
16 0.1 2 0.0 0.0 0.4 0 1 1 0.5 0 1 1 0.6 0 1 1 0.7 0 1 1 0.9 0 1 1
16 0.1 18 0.05555555555555555 0.0 0.4 0 1 1 0.5 0 1 1 0.6 0 1 1 0.7 0 1 1 0.9 0 1 1
16 0.1 33 0.09090909090909091 0.0 0.4 1 0.0 0.0 0.5 0 1 1 0.6 0 1 1 0.7 0 1 1 0.9 0 1 1
16 0.1 147 0.061224489795918366 0.0 0.4 2 0.5 0.0 0.5 0 1 1 0.6 0 1 1 0.7 0 1 1 0.9 0 1 1
16 0.1 41 0.0975609756097561 0.0 0.4 0 1 1 0.5 0 1 1 0.6 0 1 1 0.7 0 1 1 0.9 0 1 1
16 0.1 357 0.04481792717086835 0.0 0.4 24 0.20833333333333334 0.0 0.5 2 0.0 0.0 0.6 1 0.0 0.0 0.7 0 1 1 0.9 0 1 1
16 0.1 289 0.05536332179930796 0.0 0.4 47 0.23404255319148937 0.0 0.5 13 0.3076923076923077 0.0 0.6 2 1.0 0.0 0.7 0 1 1 0.9 0 1 1
16 0.1 181 0.08839779005524862 0.0 0.4 4 0.5 0.0 0.5 2 1.0 0.0 0.6 1 1.0 0.0 0.7 0 1 1 0.9 0 1 1
16 0.1 75 0.13333333333333333 0.0 0.4 2 0.5 0.0 0.5 0 1 1 0.6 0 1 1 0.7 0 1 1 0.9 0 1 1
16 0.1 146 0.0958904109589041 0.0 0.4 5 0.6 0.0 0.5 1 1.0 0.0 0.6 0 1 1 0.7 0 1 1 0.9 0 1 1
16 0.1 81 0.14814814814814814 0.0 0.4 9 0.5555555555555556 0.0 0.5 1 1.0 0.0 0.6 0 1 1 0.7 0 1 1 0.9 0 1 1
16 0.1 170 0.09411764705882353 0.0 0.4 23 0.21739130434782608 0.0 0.5 6 0.3333333333333333 0.0 0.6 1 0.0 0.0 0.7 0 1 1 0.9 0 1 1
16 0.1 110 0.12727272727272726 0.0 0.4 8 0.25 0.0 0.5 0 1 1 0.6 0 1 1 0.7 0 1 1 0.9 0 1 1
16 0.1 77 0.18181818181818182 0.0 0.4 17 0.5294117647058824 0.0 0.5 6 0.6666666666666666 0.0 0.6 3 0.6666666666666666 0.0 0.7 0 1 1 0.9 0 1 1
16 0.1 113 0.1415929203539823 0.0 0.4 18 0.3888888888888889 0.0 0.5 5 0.8 0.0 0.6 0 1 1 0.7 0 1 1 0.9 0 1 1
16 0.1 98 0.16326530612244897 0.0 0.4 10 0.6 0.0 0.5 0 1 1 0.6 0 1 1 0.7 0 1 1 0.9 0 1 1
16 0.1 55 0.2909090909090909 0.0 0.4 14 0.6428571428571429 0.0 0.5 9 0.5555555555555556 0.0 0.6 3 0.6666666666666666 0.0 0.7 0 1 1 0.9 0 1 1
16 0.1 70 0.21428571428571427 0.0 0.4 16 0.4375 0.0 0.5 5 0.8 0.0 0.6 0 1 1 0.7 0 1 1 0.9 0 1 1
16 0.1 26 0.5384615384615384 0.0 0.4 7 0.7142857142857143 0.0 0.5 6 0.6666666666666666 0.0 0.6 4 1.0 0.0 0.7 0 1 1 0.9 0 1 1
16 0.1 60 0.26666666666666666 0.0 0.4 14 0.5714285714285714 0.0 0.5 5 1.0 0.0 0.6 0 1 1 0.7 0 1 1 0.9 0 1 1
16 0.1 36 0.4166666666666667 0.0 0.4 8 0.625 0.0 0.5 4 1.0 0.0 0.6 3 1.0 0.0 0.7 0 1 1 0.9 0 1 1
16 0.1 42 0.3333333333333333 0.0 0.4 13 0.6923076923076923 0.0 0.5 4 1.0 0.0 0.6 3 1.0 0.0 0.7 0 1 1 0.9 0 1 1
16 0.1 8 0.5 0.0 0.4 3 0.6666666666666666 0.0 0.5 1 1.0 0.0 0.6 0 1 1 0.7 0 1 1 0.9 0 1 1
16 0.1 48 0.3125 0.020833333333333332 0.4 7 0.42857142857142855 0.14285714285714285 0.5 1 0.0 0.0 0.6 0 1 1 0.7 0 1 1 0.9 0 1 1
16 0.1 37 0.35135135135135137 0.0 0.4 8 0.75 0.0 0.5 4 0.75 0.0 0.6 2 1.0 0.0 0.7 0 1 1 0.9 0 1 1
16 0.1 35 0.4 0.0 0.4 7 0.7142857142857143 0.0 0.5 6 0.8333333333333334 0.0 0.6 2 1.0 0.0 0.7 0 1 1 0.9 0 1 1
16 0.1 30 0.36666666666666664 0.0 0.4 4 0.75 0.0 0.5 1 1.0 0.0 0.6 0 1 1 0.7 0 1 1 0.9 0 1 1
16 0.1 50 0.32 0.0 0.4 26 0.5384615384615384 0.0 0.5 21 0.6190476190476191 0.0 0.6 16 0.625 0.0 0.7 8 0.5 0.0 0.9 0 1 1
16 0.1 24 0.5 0.0 0.4 10 0.8 0.0 0.5 8 0.75 0.0 0.6 2 1.0 0.0 0.7 1 1.0 0.0 0.9 0 1 1
16 0.1 27 0.5185185185185185 0.037037037037037035 0.4 11 0.8181818181818182 0.0 0.5 8 0.75 0.0 0.6 3 1.0 0.0 0.7 3 1.0 0.0 0.9 0 1 1
16 0.1 39 0.3076923076923077 0.0 0.4 13 0.6923076923076923 0.0 0.5 7 0.8571428571428571 0.0 0.6 6 0.8333333333333334 0.0 0.7 4 1.0 0.0 0.9 0 1 1
16 0.1 68 0.20588235294117646 0.0 0.4 16 0.5 0.0 0.5 10 0.7 0.0 0.6 6 1.0 0.0 0.7 1 1.0 0.0 0.9 0 1 1
16 0.1 22 0.4090909090909091 0.0 0.4 5 0.6 0.0 0.5 5 0.6 0.0 0.6 1 1.0 0.0 0.7 0 1 1 0.9 0 1 1
16 0.1 29 0.4827586206896552 0.0 0.4 14 0.6428571428571429 0.0 0.5 11 0.7272727272727273 0.0 0.6 7 1.0 0.0 0.7 6 1.0 0.0 0.9 0 1 1
16 0.1 19 0.631578947368421 0.0 0.4 5 1.0 0.0 0.5 3 1.0 0.0 0.6 2 1.0 0.0 0.7 0 1 1 0.9 0 1 1
16 0.1 2 0.0 0.0 0.4 0 1 1 0.5 0 1 1 0.6 0 1 1 0.7 0 1 1 0.9 0 1 1
16 0.1 62 0.20967741935483872 0.0 0.4 19 0.5263157894736842 0.0 0.5 13 0.6153846153846154 0.0 0.6 9 0.6666666666666666 0.0 0.7 3 0.6666666666666666 0.0 0.9 0 1 1
16 0.1 25 0.32 0.0 0.4 8 0.625 0.0 0.5 7 0.7142857142857143 0.0 0.6 1 1.0 0.0 0.7 0 1 1 0.9 0 1 1
16 0.1 20 0.55 0.0 0.4 2 1.0 0.0 0.5 1 1.0 0.0 0.6 1 1.0 0.0 0.7 0 1 1 0.9 0 1 1
16 0.1 27 0.5185185185185185 0.0 0.4 5 0.4 0.0 0.5 2 0.5 0.0 0.6 0 1 1 0.7 0 1 1 0.9 0 1 1
16 0.1 9 0.5555555555555556 0.0 0.4 0 1 1 0.5 0 1 1 0.6 0 1 1 0.7 0 1 1 0.9 0 1 1
16 0.1 12 0.6666666666666666 0.0 0.4 2 1.0 0.0 0.5 1 1.0 0.0 0.6 1 1.0 0.0 0.7 1 1.0 0.0 0.9 0 1 1
16 0.1 0 1 1 0.4 0 1 1 0.5 0 1 1 0.6 0 1 1 0.7 0 1 1 0.9 0 1 1
16 0.1 1 0.0 0.0 0.4 0 1 1 0.5 0 1 1 0.6 0 1 1 0.7 0 1 1 0.9 0 1 1
16 0.1 0 1 1 0.4 0 1 1 0.5 0 1 1 0.6 0 1 1 0.7 0 1 1 0.9 0 1 1
16 0.1 0 1 1 0.4 0 1 1 0.5 0 1 1 0.6 0 1 1 0.7 0 1 1 0.9 0 1 1
16 0.1 0 1 1 0.4 0 1 1 0.5 0 1 1 0.6 0 1 1 0.7 0 1 1 0.9 0 1 1
16 0.1 1 0.0 0.0 0.4 0 1 1 0.5 0 1 1 0.6 0 1 1 0.7 0 1 1 0.9 0 1 1
16 0.1 0 1 1 0.4 0 1 1 0.5 0 1 1 0.6 0 1 1 0.7 0 1 1 0.9 0 1 1
16 0.1 15 0.4 0.0 0.4 3 0.3333333333333333 0.0 0.5 1 0.0 0.0 0.6 0 1 1 0.7 0 1 1 0.9 0 1 1
16 0.1 9 0.5555555555555556 0.0 0.4 2 1.0 0.0 0.5 1 1.0 0.0 0.6 0 1 1 0.7 0 1 1 0.9 0 1 1
16 0.1 25 0.52 0.0 0.4 5 0.6 0.0 0.5 4 0.5 0.0 0.6 2 1.0 0.0 0.7 1 1.0 0.0 0.9 0 1 1
16 0.1 13 0.3076923076923077 0.0 0.4 3 0.6666666666666666 0.0 0.5 2 0.5 0.0 0.6 1 0.0 0.0 0.7 0 1 1 0.9 0 1 1
16 0.1 10 0.5 0.0 0.4 0 1 1 0.5 0 1 1 0.6 0 1 1 0.7 0 1 1 0.9 0 1 1
16 0.1 12 0.5 0.0 0.4 0 1 1 0.5 0 1 1 0.6 0 1 1 0.7 0 1 1 0.9 0 1 1
16 0.1 44 0.36363636363636365 0.0 0.4 17 0.6470588235294118 0.0 0.5 10 0.8 0.0 0.6 7 0.8571428571428571 0.0 0.7 4 1.0 0.0 0.9 0 1 1
16 0.1 26 0.5 0.0 0.4 8 1.0 0.0 0.5 5 1.0 0.0 0.6 3 1.0 0.0 0.7 2 1.0 0.0 0.9 0 1 1
16 0.1 75 0.17333333333333334 0.0 0.4 1 1.0 0.0 0.5 1 1.0 0.0 0.6 0 1 1 0.7 0 1 1 0.9 0 1 1
16 0.1 25 0.48 0.0 0.4 5 1.0 0.0 0.5 3 1.0 0.0 0.6 2 1.0 0.0 0.7 1 1.0 0.0 0.9 0 1 1
16 0.1 23 0.43478260869565216 0.0 0.4 4 1.0 0.0 0.5 2 1.0 0.0 0.6 1 1.0 0.0 0.7 0 1 1 0.9 0 1 1
16 0.1 36 0.3888888888888889 0.0 0.4 6 0.8333333333333334 0.0 0.5 4 1.0 0.0 0.6 1 1.0 0.0 0.7 0 1 1 0.9 0 1 1
16 0.1 36 0.3333333333333333 0.0 0.4 15 0.6666666666666666 0.0 0.5 11 0.7272727272727273 0.0 0.6 7 0.8571428571428571 0.0 0.7 4 1.0 0.0 0.9 0 1 1
16 0.1 38 0.3684210526315789 0.0 0.4 13 0.6153846153846154 0.0 0.5 8 0.75 0.0 0.6 5 0.8 0.0 0.7 2 0.5 0.0 0.9 1 1.0 0.0
16 0.1 33 0.42424242424242425 0.0 0.4 14 0.7142857142857143 0.0 0.5 9 0.7777777777777778 0.0 0.6 7 0.7142857142857143 0.0 0.7 4 1.0 0.0 0.9 0 1 1
16 0.1 33 0.42424242424242425 0.0 0.4 10 0.8 0.0 0.5 6 0.8333333333333334 0.0 0.6 4 1.0 0.0 0.7 1 1.0 0.0 0.9 0 1 1
16 0.1 13 0.38461538461538464 0.0 0.4 1 0.0 0.0 0.5 0 1 1 0.6 0 1 1 0.7 0 1 1 0.9 0 1 1
16 0.1 2 0.5 0.0 0.4 0 1 1 0.5 0 1 1 0.6 0 1 1 0.7 0 1 1 0.9 0 1 1
16 0.1 5 0.4 0.0 0.4 0 1 1 0.5 0 1 1 0.6 0 1 1 0.7 0 1 1 0.9 0 1 1
16 0.1 15 0.6666666666666666 0.0 0.4 7 0.8571428571428571 0.0 0.5 4 1.0 0.0 0.6 1 1.0 0.0 0.7 0 1 1 0.9 0 1 1
16 0.1 30 0.4 0.0 0.4 11 0.5454545454545454 0.0 0.5 7 0.7142857142857143 0.0 0.6 3 0.6666666666666666 0.0 0.7 1 1.0 0.0 0.9 0 1 1
16 0.1 31 0.45161290322580644 0.0 0.4 11 0.8181818181818182 0.0 0.5 6 1.0 0.0 0.6 5 1.0 0.0 0.7 0 1 1 0.9 0 1 1
16 0.1 10 0.7 0.0 0.4 1 1.0 0.0 0.5 0 1 1 0.6 0 1 1 0.7 0 1 1 0.9 0 1 1
16 0.1 20 0.55 0.0 0.4 8 0.875 0.0 0.5 6 0.8333333333333334 0.0 0.6 3 1.0 0.0 0.7 1 1.0 0.0 0.9 0 1 1
16 0.1 27 0.5185185185185185 0.0 0.4 10 1.0 0.0 0.5 7 1.0 0.0 0.6 2 1.0 0.0 0.7 0 1 1 0.9 0 1 1
16 0.1 31 0.45161290322580644 0.0 0.4 12 0.75 0.0 0.5 6 1.0 0.0 0.6 4 1.0 0.0 0.7 3 1.0 0.0 0.9 0 1 1
16 0.1 28 0.4642857142857143 0.0 0.4 10 0.8 0.0 0.5 8 0.875 0.0 0.6 4 1.0 0.0 0.7 0 1 1 0.9 0 1 1
16 0.1 93 0.15053763440860216 0.0 0.4 9 0.4444444444444444 0.0 0.5 2 1.0 0.0 0.6 0 1 1 0.7 0 1 1 0.9 0 1 1
16 0.1 54 0.2777777777777778 0.0 0.4 21 0.5238095238095238 0.0 0.5 21 0.5238095238095238 0.0 0.6 12 0.5 0.0 0.7 5 0.6 0.0 0.9 0 1 1
16 0.1 123 0.13008130081300814 0.0 0.4 27 0.48148148148148145 0.0 0.5 22 0.5454545454545454 0.0 0.6 15 0.6 0.0 0.7 9 0.6666666666666666 0.0 0.9 0 1 1
16 0.1 23 0.6086956521739131 0.0 0.4 7 1.0 0.0 0.5 6 1.0 0.0 0.6 5 1.0 0.0 0.7 1 1.0 0.0 0.9 0 1 1
16 0.1 17 0.6470588235294118 0.0 0.4 7 1.0 0.0 0.5 2 1.0 0.0 0.6 0 1 1 0.7 0 1 1 0.9 0 1 1
16 0.1 20 0.55 0.0 0.4 9 0.7777777777777778 0.0 0.5 6 0.8333333333333334 0.0 0.6 5 1.0 0.0 0.7 3 1.0 0.0 0.9 0 1 1
16 0.1 19 0.631578947368421 0.0 0.4 9 0.8888888888888888 0.0 0.5 7 1.0 0.0 0.6 6 1.0 0.0 0.7 1 1.0 0.0 0.9 0 1 1
16 0.1 18 0.6666666666666666 0.05555555555555555 0.4 8 1.0 0.125 0.5 7 1.0 0.14285714285714285 0.6 2 1.0 0.5 0.7 0 1 1 0.9 0 1 1
16 0.1 20 0.6 0.0 0.4 8 1.0 0.0 0.5 8 1.0 0.0 0.6 7 1.0 0.0 0.7 0 1 1 0.9 0 1 1
16 0.1 20 0.5 0.05 0.4 9 0.8888888888888888 0.1111111111111111 0.5 8 0.875 0.125 0.6 6 1.0 0.0 0.7 4 1.0 0.0 0.9 0 1 1
16 0.1 26 0.46153846153846156 0.0 0.4 9 0.8888888888888888 0.0 0.5 9 0.8888888888888888 0.0 0.6 8 1.0 0.0 0.7 1 1.0 0.0 0.9 0 1 1
16 0.1 21 0.5238095238095238 0.0 0.4 10 0.9 0.0 0.5 9 0.8888888888888888 0.0 0.6 7 0.8571428571428571 0.0 0.7 2 1.0 0.0 0.9 0 1 1
16 0.1 27 0.5555555555555556 0.07407407407407407 0.4 11 0.8181818181818182 0.09090909090909091 0.5 10 0.8 0.1 0.6 5 1.0 0.2 0.7 2 1.0 0.0 0.9 0 1 1
16 0.1 17 0.6470588235294118 0.0 0.4 8 1.0 0.0 0.5 7 1.0 0.0 0.6 2 1.0 0.0 0.7 1 1.0 0.0 0.9 0 1 1
16 0.1 23 0.6086956521739131 0.0 0.4 10 0.9 0.0 0.5 9 0.8888888888888888 0.0 0.6 9 0.8888888888888888 0.0 0.7 5 1.0 0.0 0.9 0 1 1
16 0.1 69 0.2028985507246377 0.0 0.4 13 0.5384615384615384 0.0 0.5 8 0.75 0.0 0.6 4 0.75 0.0 0.7 1 1.0 0.0 0.9 0 1 1
16 0.1 10 0.9 0.0 0.4 5 1.0 0.0 0.5 4 1.0 0.0 0.6 1 1.0 0.0 0.7 0 1 1 0.9 0 1 1
16 0.1 26 0.5 0.0 0.4 11 0.7272727272727273 0.0 0.5 6 0.6666666666666666 0.0 0.6 2 0.5 0.0 0.7 0 1 1 0.9 0 1 1
16 0.1 34 0.47058823529411764 0.0 0.4 15 0.6666666666666666 0.0 0.5 9 0.7777777777777778 0.0 0.6 6 1.0 0.0 0.7 1 1.0 0.0 0.9 0 1 1
16 0.1 18 0.6111111111111112 0.0 0.4 9 0.8888888888888888 0.0 0.5 8 0.875 0.0 0.6 7 1.0 0.0 0.7 2 1.0 0.0 0.9 0 1 1
16 0.1 19 0.5263157894736842 0.05263157894736842 0.4 9 0.7777777777777778 0.0 0.5 5 0.8 0.0 0.6 2 1.0 0.0 0.7 1 1.0 0.0 0.9 0 1 1
16 0.1 19 0.6842105263157895 0.0 0.4 6 1.0 0.0 0.5 3 1.0 0.0 0.6 2 1.0 0.0 0.7 0 1 1 0.9 0 1 1
16 0.1 79 0.20253164556962025 0.0 0.4 18 0.4444444444444444 0.0 0.5 14 0.5 0.0 0.6 8 0.75 0.0 0.7 1 0.0 0.0 0.9 0 1 1
16 0.1 18 0.7222222222222222 0.0 0.4 9 0.7777777777777778 0.0 0.5 7 0.8571428571428571 0.0 0.6 7 0.8571428571428571 0.0 0.7 3 1.0 0.0 0.9 0 1 1
16 0.1 28 0.5 0.0 0.4 10 0.8 0.0 0.5 9 0.8888888888888888 0.0 0.6 6 1.0 0.0 0.7 6 1.0 0.0 0.9 0 1 1
16 0.1 23 0.5652173913043478 0.0 0.4 8 0.875 0.0 0.5 6 1.0 0.0 0.6 2 1.0 0.0 0.7 1 1.0 0.0 0.9 0 1 1
16 0.1 26 0.5384615384615384 0.0 0.4 9 0.8888888888888888 0.0 0.5 8 0.875 0.0 0.6 5 1.0 0.0 0.7 3 1.0 0.0 0.9 0 1 1
16 0.1 25 0.52 0.04 0.4 6 1.0 0.0 0.5 5 1.0 0.0 0.6 3 1.0 0.0 0.7 2 1.0 0.0 0.9 0 1 1
16 0.1 32 0.4375 0.0 0.4 17 0.5294117647058824 0.0 0.5 13 0.6153846153846154 0.0 0.6 7 0.7142857142857143 0.0 0.7 2 1.0 0.0 0.9 0 1 1
16 0.1 23 0.5652173913043478 0.043478260869565216 0.4 12 0.75 0.0 0.5 9 0.8888888888888888 0.0 0.6 7 1.0 0.0 0.7 5 1.0 0.0 0.9 0 1 1
16 0.1 21 0.5238095238095238 0.047619047619047616 0.4 13 0.6923076923076923 0.0 0.5 9 0.7777777777777778 0.0 0.6 8 0.75 0.0 0.7 4 1.0 0.0 0.9 0 1 1
16 0.1 23 0.5652173913043478 0.043478260869565216 0.4 14 0.7142857142857143 0.0 0.5 11 0.8181818181818182 0.0 0.6 9 0.7777777777777778 0.0 0.7 4 1.0 0.0 0.9 0 1 1
16 0.1 28 0.5 0.0 0.4 14 0.7857142857142857 0.0 0.5 10 0.9 0.0 0.6 9 0.8888888888888888 0.0 0.7 7 0.8571428571428571 0.0 0.9 0 1 1
16 0.1 24 0.5416666666666666 0.08333333333333333 0.4 12 0.75 0.16666666666666666 0.5 10 0.9 0.2 0.6 8 0.875 0.125 0.7 5 0.8 0.2 0.9 0 1 1
16 0.1 23 0.5652173913043478 0.0 0.4 12 0.8333333333333334 0.0 0.5 9 0.8888888888888888 0.0 0.6 7 0.8571428571428571 0.0 0.7 6 0.8333333333333334 0.0 0.9 0 1 1
16 0.1 27 0.48148148148148145 0.0 0.4 14 0.8571428571428571 0.0 0.5 8 0.875 0.0 0.6 7 0.8571428571428571 0.0 0.7 7 0.8571428571428571 0.0 0.9 0 1 1
16 0.1 26 0.5384615384615384 0.0 0.4 15 0.6666666666666666 0.0 0.5 10 0.8 0.0 0.6 8 0.75 0.0 0.7 3 0.6666666666666666 0.0 0.9 0 1 1
16 0.1 32 0.46875 0.03125 0.4 12 0.75 0.08333333333333333 0.5 10 0.7 0.0 0.6 8 0.75 0.0 0.7 3 1.0 0.0 0.9 0 1 1
16 0.1 30 0.5 0.0 0.4 15 0.6666666666666666 0.0 0.5 8 0.75 0.0 0.6 6 0.8333333333333334 0.0 0.7 3 0.6666666666666666 0.0 0.9 0 1 1
16 0.1 24 0.5416666666666666 0.0 0.4 10 0.8 0.0 0.5 8 0.875 0.0 0.6 8 0.875 0.0 0.7 5 1.0 0.0 0.9 0 1 1
16 0.1 23 0.5652173913043478 0.0 0.4 9 0.8888888888888888 0.0 0.5 8 1.0 0.0 0.6 6 1.0 0.0 0.7 5 1.0 0.0 0.9 0 1 1
16 0.1 26 0.5384615384615384 0.11538461538461539 0.4 11 0.6363636363636364 0.18181818181818182 0.5 9 0.7777777777777778 0.2222222222222222 0.6 7 0.8571428571428571 0.2857142857142857 0.7 5 1.0 0.2 0.9 0 1 1
16 0.1 25 0.52 0.08 0.4 14 0.7142857142857143 0.14285714285714285 0.5 8 0.875 0.125 0.6 6 0.8333333333333334 0.16666666666666666 0.7 4 1.0 0.25 0.9 0 1 1
16 0.1 23 0.6521739130434783 0.08695652173913043 0.4 10 0.9 0.2 0.5 7 0.8571428571428571 0.2857142857142857 0.6 4 1.0 0.5 0.7 4 1.0 0.5 0.9 0 1 1
16 0.1 25 0.64 0.0 0.4 12 0.75 0.0 0.5 10 0.9 0.0 0.6 8 0.875 0.0 0.7 5 0.8 0.0 0.9 0 1 1
16 0.1 32 0.5 0.0 0.4 17 0.7058823529411765 0.0 0.5 13 0.7692307692307693 0.0 0.6 11 0.8181818181818182 0.0 0.7 8 0.75 0.0 0.9 0 1 1
16 0.1 29 0.5172413793103449 0.0 0.4 15 0.6666666666666666 0.0 0.5 13 0.6923076923076923 0.0 0.6 9 0.6666666666666666 0.0 0.7 7 0.7142857142857143 0.0 0.9 0 1 1
16 0.1 27 0.5555555555555556 0.0 0.4 13 0.8461538461538461 0.0 0.5 10 0.9 0.0 0.6 8 0.875 0.0 0.7 5 0.8 0.0 0.9 0 1 1
16 0.1 21 0.5714285714285714 0.0 0.4 12 0.75 0.0 0.5 10 0.7 0.0 0.6 7 1.0 0.0 0.7 3 1.0 0.0 0.9 0 1 1
16 0.1 24 0.5416666666666666 0.0 0.4 10 0.9 0.0 0.5 9 0.8888888888888888 0.0 0.6 5 1.0 0.0 0.7 3 1.0 0.0 0.9 0 1 1
16 0.1 21 0.5714285714285714 0.0 0.4 10 0.9 0.0 0.5 7 1.0 0.0 0.6 4 1.0 0.0 0.7 4 1.0 0.0 0.9 0 1 1
16 0.1 20 0.6 0.0 0.4 9 1.0 0.0 0.5 6 1.0 0.0 0.6 5 1.0 0.0 0.7 3 1.0 0.0 0.9 0 1 1
16 0.1 21 0.7142857142857143 0.0 0.4 12 0.6666666666666666 0.0 0.5 10 0.7 0.0 0.6 10 0.7 0.0 0.7 7 0.7142857142857143 0.0 0.9 0 1 1
16 0.1 14 0.6428571428571429 0.0 0.4 8 1.0 0.0 0.5 7 1.0 0.0 0.6 5 1.0 0.0 0.7 2 1.0 0.0 0.9 0 1 1
16 0.1 23 0.6086956521739131 0.0 0.4 14 0.6428571428571429 0.0 0.5 8 0.75 0.0 0.6 6 0.8333333333333334 0.0 0.7 5 1.0 0.0 0.9 0 1 1
16 0.1 23 0.6086956521739131 0.0 0.4 10 0.7 0.0 0.5 8 0.875 0.0 0.6 6 1.0 0.0 0.7 5 1.0 0.0 0.9 0 1 1
16 0.1 21 0.6666666666666666 0.0 0.4 9 0.8888888888888888 0.0 0.5 7 0.8571428571428571 0.0 0.6 5 1.0 0.0 0.7 3 1.0 0.0 0.9 0 1 1
16 0.1 23 0.6521739130434783 0.0 0.4 12 0.75 0.0 0.5 11 0.7272727272727273 0.0 0.6 11 0.7272727272727273 0.0 0.7 7 0.7142857142857143 0.0 0.9 0 1 1
16 0.1 33 0.48484848484848486 0.030303030303030304 0.4 17 0.7058823529411765 0.058823529411764705 0.5 11 0.7272727272727273 0.09090909090909091 0.6 10 0.7 0.1 0.7 8 0.75 0.125 0.9 0 1 1
16 0.1 25 0.6 0.04 0.4 20 0.7 0.05 0.5 12 0.75 0.08333333333333333 0.6 8 0.75 0.125 0.7 7 0.8571428571428571 0.14285714285714285 0.9 0 1 1
16 0.1 22 0.5909090909090909 0.0 0.4 8 0.75 0.0 0.5 7 0.8571428571428571 0.0 0.6 5 0.8 0.0 0.7 4 1.0 0.0 0.9 0 1 1
16 0.1 23 0.5652173913043478 0.0 0.4 9 0.6666666666666666 0.0 0.5 5 0.8 0.0 0.6 3 1.0 0.0 0.7 3 1.0 0.0 0.9 0 1 1
16 0.1 22 0.5454545454545454 0.09090909090909091 0.4 14 0.5714285714285714 0.0 0.5 11 0.5454545454545454 0.0 0.6 7 0.8571428571428571 0.0 0.7 5 1.0 0.0 0.9 0 1 1
16 0.1 23 0.5652173913043478 0.0 0.4 13 0.6923076923076923 0.0 0.5 10 0.7 0.0 0.6 8 0.75 0.0 0.7 5 1.0 0.0 0.9 0 1 1
16 0.1 22 0.6363636363636364 0.0 0.4 11 0.8181818181818182 0.0 0.5 10 0.8 0.0 0.6 9 0.7777777777777778 0.0 0.7 4 1.0 0.0 0.9 0 1 1
16 0.1 27 0.5555555555555556 0.0 0.4 19 0.5789473684210527 0.0 0.5 12 0.75 0.0 0.6 12 0.75 0.0 0.7 9 0.7777777777777778 0.0 0.9 0 1 1
16 0.1 45 0.3333333333333333 0.022222222222222223 0.4 18 0.6111111111111112 0.05555555555555555 0.5 14 0.6428571428571429 0.07142857142857142 0.6 11 0.6363636363636364 0.09090909090909091 0.7 9 0.5555555555555556 0.0 0.9 0 1 1
16 0.1 24 0.5833333333333334 0.125 0.4 18 0.6111111111111112 0.1111111111111111 0.5 15 0.7333333333333333 0.13333333333333333 0.6 10 0.8 0.2 0.7 8 0.75 0.125 0.9 0 1 1
16 0.1 24 0.5416666666666666 0.0 0.4 15 0.8 0.0 0.5 13 0.7692307692307693 0.0 0.6 8 0.75 0.0 0.7 8 0.75 0.0 0.9 0 1 1
16 0.1 20 0.65 0.05 0.4 9 0.8888888888888888 0.0 0.5 8 0.875 0.0 0.6 6 0.8333333333333334 0.0 0.7 6 0.8333333333333334 0.0 0.9 0 1 1
16 0.1 24 0.5416666666666666 0.0 0.4 18 0.6666666666666666 0.0 0.5 14 0.6428571428571429 0.0 0.6 8 0.75 0.0 0.7 8 0.75 0.0 0.9 0 1 1
16 0.1 23 0.6086956521739131 0.0 0.4 8 0.875 0.0 0.5 8 0.875 0.0 0.6 6 0.8333333333333334 0.0 0.7 3 0.6666666666666666 0.0 0.9 0 1 1
16 0.1 21 0.6666666666666666 0.0 0.4 11 0.7272727272727273 0.0 0.5 10 0.8 0.0 0.6 7 0.8571428571428571 0.0 0.7 7 0.8571428571428571 0.0 0.9 0 1 1
16 0.1 27 0.5185185185185185 0.0 0.4 16 0.625 0.0 0.5 11 0.6363636363636364 0.0 0.6 8 0.75 0.0 0.7 7 0.7142857142857143 0.0 0.9 0 1 1
16 0.1 29 0.5172413793103449 0.06896551724137931 0.4 17 0.6470588235294118 0.11764705882352941 0.5 13 0.8461538461538461 0.15384615384615385 0.6 9 0.7777777777777778 0.1111111111111111 0.7 8 0.75 0.125 0.9 0 1 1
16 0.1 27 0.5185185185185185 0.07407407407407407 0.4 22 0.5909090909090909 0.09090909090909091 0.5 14 0.6428571428571429 0.07142857142857142 0.6 11 0.7272727272727273 0.09090909090909091 0.7 8 0.75 0.125 0.9 0 1 1
16 0.1 27 0.5185185185185185 0.0 0.4 14 0.5714285714285714 0.0 0.5 12 0.5833333333333334 0.0 0.6 10 0.6 0.0 0.7 9 0.6666666666666666 0.0 0.9 0 1 1
16 0.1 25 0.56 0.0 0.4 15 0.6666666666666666 0.0 0.5 12 0.75 0.0 0.6 11 0.7272727272727273 0.0 0.7 8 0.75 0.0 0.9 0 1 1
16 0.1 23 0.6086956521739131 0.0 0.4 12 0.75 0.0 0.5 11 0.7272727272727273 0.0 0.6 10 0.8 0.0 0.7 7 0.8571428571428571 0.0 0.9 0 1 1
16 0.1 18 0.6666666666666666 0.05555555555555555 0.4 9 0.8888888888888888 0.1111111111111111 0.5 8 0.875 0.125 0.6 6 0.8333333333333334 0.0 0.7 5 0.8 0.0 0.9 0 1 1
16 0.1 17 0.7058823529411765 0.058823529411764705 0.4 11 0.8181818181818182 0.09090909090909091 0.5 10 0.8 0.1 0.6 9 0.7777777777777778 0.1111111111111111 0.7 4 1.0 0.25 0.9 0 1 1
16 0.1 22 0.6363636363636364 0.0 0.4 13 0.6923076923076923 0.0 0.5 9 0.8888888888888888 0.0 0.6 9 0.8888888888888888 0.0 0.7 8 0.875 0.0 0.9 0 1 1
16 0.1 29 0.4827586206896552 0.034482758620689655 0.4 18 0.6666666666666666 0.05555555555555555 0.5 16 0.75 0.0625 0.6 13 0.6923076923076923 0.07692307692307693 0.7 10 0.8 0.1 0.9 0 1 1
16 0.1 27 0.48148148148148145 0.07407407407407407 0.4 20 0.6 0.1 0.5 18 0.6111111111111112 0.1111111111111111 0.6 16 0.6875 0.125 0.7 13 0.7692307692307693 0.15384615384615385 0.9 0 1 1
16 0.1 25 0.56 0.0 0.4 16 0.625 0.0 0.5 15 0.6666666666666666 0.0 0.6 13 0.6923076923076923 0.0 0.7 12 0.6666666666666666 0.0 0.9 0 1 1
16 0.1 26 0.5 0.0 0.4 16 0.5625 0.0 0.5 13 0.6923076923076923 0.0 0.6 10 0.7 0.0 0.7 10 0.7 0.0 0.9 0 1 1
16 0.1 19 0.5789473684210527 0.0 0.4 13 0.5384615384615384 0.0 0.5 9 0.6666666666666666 0.0 0.6 6 1.0 0.0 0.7 5 1.0 0.0 0.9 0 1 1
16 0.1 15 0.6 0.0 0.4 9 0.6666666666666666 0.0 0.5 6 1.0 0.0 0.6 5 1.0 0.0 0.7 4 1.0 0.0 0.9 0 1 1
16 0.1 28 0.5 0.0 0.4 15 0.6 0.0 0.5 13 0.6923076923076923 0.0 0.6 11 0.7272727272727273 0.0 0.7 9 0.7777777777777778 0.0 0.9 0 1 1
16 0.1 23 0.6086956521739131 0.043478260869565216 0.4 14 0.7857142857142857 0.07142857142857142 0.5 12 0.75 0.08333333333333333 0.6 10 0.7 0.1 0.7 7 0.7142857142857143 0.0 0.9 0 1 1
16 0.1 22 0.5 0.0 0.4 11 0.6363636363636364 0.0 0.5 8 0.75 0.0 0.6 8 0.75 0.0 0.7 7 0.8571428571428571 0.0 0.9 0 1 1
16 0.1 31 0.4838709677419355 0.0 0.4 15 0.6666666666666666 0.0 0.5 12 0.6666666666666666 0.0 0.6 9 0.7777777777777778 0.0 0.7 9 0.7777777777777778 0.0 0.9 0 1 1
16 0.1 23 0.5217391304347826 0.0 0.4 11 0.7272727272727273 0.0 0.5 9 0.6666666666666666 0.0 0.6 9 0.6666666666666666 0.0 0.7 8 0.75 0.0 0.9 0 1 1
16 0.1 20 0.6 0.05 0.4 12 0.8333333333333334 0.08333333333333333 0.5 11 0.8181818181818182 0.09090909090909091 0.6 9 0.7777777777777778 0.1111111111111111 0.7 8 0.75 0.125 0.9 0 1 1
16 0.1 12 0.75 0.0 0.4 6 1.0 0.0 0.5 5 1.0 0.0 0.6 3 1.0 0.0 0.7 3 1.0 0.0 0.9 0 1 1
16 0.1 19 0.47368421052631576 0.0 0.4 10 0.7 0.0 0.5 6 0.8333333333333334 0.0 0.6 6 0.8333333333333334 0.0 0.7 4 1.0 0.0 0.9 0 1 1
16 0.1 18 0.5555555555555556 0.05555555555555555 0.4 9 0.7777777777777778 0.1111111111111111 0.5 9 0.7777777777777778 0.1111111111111111 0.6 9 0.7777777777777778 0.1111111111111111 0.7 7 0.7142857142857143 0.14285714285714285 0.9 0 1 1
16 0.1 21 0.6190476190476191 0.047619047619047616 0.4 11 0.7272727272727273 0.09090909090909091 0.5 10 0.8 0.1 0.6 9 0.7777777777777778 0.1111111111111111 0.7 9 0.7777777777777778 0.1111111111111111 0.9 0 1 1
16 0.1 22 0.5909090909090909 0.0 0.4 11 0.6363636363636364 0.0 0.5 9 0.7777777777777778 0.0 0.6 9 0.7777777777777778 0.0 0.7 8 0.75 0.0 0.9 0 1 1
16 0.1 23 0.5217391304347826 0.0 0.4 11 0.9090909090909091 0.0 0.5 8 0.875 0.0 0.6 7 0.8571428571428571 0.0 0.7 7 0.8571428571428571 0.0 0.9 0 1 1
16 0.1 14 0.7142857142857143 0.07142857142857142 0.4 7 1.0 0.0 0.5 5 1.0 0.0 0.6 5 1.0 0.0 0.7 4 1.0 0.0 0.9 0 1 1
16 0.1 21 0.6190476190476191 0.0 0.4 11 0.8181818181818182 0.0 0.5 11 0.8181818181818182 0.0 0.6 9 0.8888888888888888 0.0 0.7 9 0.8888888888888888 0.0 0.9 0 1 1
16 0.1 21 0.6666666666666666 0.0 0.4 12 0.75 0.0 0.5 11 0.7272727272727273 0.0 0.6 9 0.8888888888888888 0.0 0.7 5 0.8 0.0 0.9 0 1 1
16 0.1 20 0.5 0.0 0.4 12 0.6666666666666666 0.0 0.5 10 0.8 0.0 0.6 10 0.8 0.0 0.7 7 0.8571428571428571 0.0 0.9 0 1 1
16 0.1 17 0.6470588235294118 0.0 0.4 11 0.8181818181818182 0.0 0.5 11 0.8181818181818182 0.0 0.6 10 0.8 0.0 0.7 9 0.7777777777777778 0.0 0.9 0 1 1
16 0.1 23 0.5217391304347826 0.043478260869565216 0.4 12 0.6666666666666666 0.0 0.5 11 0.7272727272727273 0.0 0.6 10 0.8 0.0 0.7 9 0.7777777777777778 0.0 0.9 0 1 1
16 0.1 27 0.5185185185185185 0.0 0.4 16 0.625 0.0 0.5 15 0.6 0.0 0.6 14 0.6428571428571429 0.0 0.7 14 0.6428571428571429 0.0 0.9 0 1 1
16 0.1 24 0.5 0.0 0.4 10 0.8 0.0 0.5 10 0.8 0.0 0.6 8 0.875 0.0 0.7 8 0.875 0.0 0.9 0 1 1
16 0.1 24 0.5416666666666666 0.0 0.4 12 0.6666666666666666 0.0 0.5 9 0.8888888888888888 0.0 0.6 9 0.8888888888888888 0.0 0.7 7 0.8571428571428571 0.0 0.9 0 1 1
16 0.1 17 0.5882352941176471 0.0 0.4 10 0.8 0.0 0.5 9 0.8888888888888888 0.0 0.6 9 0.8888888888888888 0.0 0.7 6 0.8333333333333334 0.0 0.9 0 1 1
16 0.1 17 0.6470588235294118 0.058823529411764705 0.4 10 0.9 0.1 0.5 10 0.9 0.1 0.6 6 1.0 0.16666666666666666 0.7 5 1.0 0.2 0.9 0 1 1
16 0.1 20 0.65 0.0 0.4 13 0.6923076923076923 0.0 0.5 11 0.7272727272727273 0.0 0.6 8 0.75 0.0 0.7 6 0.8333333333333334 0.0 0.9 0 1 1
16 0.1 22 0.5454545454545454 0.0 0.4 12 0.6666666666666666 0.0 0.5 11 0.7272727272727273 0.0 0.6 8 0.625 0.0 0.7 6 0.8333333333333334 0.0 0.9 0 1 1
16 0.1 21 0.5714285714285714 0.047619047619047616 0.4 12 0.6666666666666666 0.08333333333333333 0.5 10 0.6 0.1 0.6 7 0.5714285714285714 0.14285714285714285 0.7 5 0.8 0.2 0.9 0 1 1
16 0.1 20 0.6 0.0 0.4 14 0.7857142857142857 0.0 0.5 13 0.8461538461538461 0.0 0.6 9 0.7777777777777778 0.0 0.7 6 0.8333333333333334 0.0 0.9 0 1 1
16 0.1 24 0.5833333333333334 0.08333333333333333 0.4 15 0.6666666666666666 0.13333333333333333 0.5 13 0.6153846153846154 0.07692307692307693 0.6 12 0.5833333333333334 0.08333333333333333 0.7 9 0.6666666666666666 0.0 0.9 0 1 1
16 0.1 20 0.6 0.0 0.4 13 0.6923076923076923 0.0 0.5 12 0.6666666666666666 0.0 0.6 9 0.6666666666666666 0.0 0.7 9 0.6666666666666666 0.0 0.9 0 1 1
16 0.1 22 0.6363636363636364 0.045454545454545456 0.4 13 0.6923076923076923 0.0 0.5 12 0.6666666666666666 0.0 0.6 11 0.6363636363636364 0.0 0.7 10 0.7 0.0 0.9 0 1 1
16 0.1 20 0.5 0.05 0.4 14 0.6428571428571429 0.07142857142857142 0.5 13 0.6923076923076923 0.07692307692307693 0.6 12 0.6666666666666666 0.08333333333333333 0.7 11 0.6363636363636364 0.09090909090909091 0.9 0 1 1
16 0.1 22 0.5454545454545454 0.0 0.4 11 0.7272727272727273 0.0 0.5 10 0.7 0.0 0.6 10 0.7 0.0 0.7 9 0.6666666666666666 0.0 0.9 0 1 1
16 0.1 21 0.5714285714285714 0.09523809523809523 0.4 13 0.6153846153846154 0.07692307692307693 0.5 11 0.6363636363636364 0.09090909090909091 0.6 10 0.6 0.1 0.7 9 0.6666666666666666 0.1111111111111111 0.9 0 1 1
16 0.1 19 0.5263157894736842 0.05263157894736842 0.4 14 0.5714285714285714 0.07142857142857142 0.5 11 0.6363636363636364 0.09090909090909091 0.6 10 0.6 0.1 0.7 10 0.6 0.1 0.9 0 1 1
16 0.1 24 0.5416666666666666 0.0 0.4 19 0.5789473684210527 0.0 0.5 15 0.6666666666666666 0.0 0.6 13 0.6153846153846154 0.0 0.7 10 0.6 0.0 0.9 0 1 1
16 0.1 24 0.5416666666666666 0.0 0.4 18 0.6666666666666666 0.0 0.5 15 0.6666666666666666 0.0 0.6 13 0.6153846153846154 0.0 0.7 10 0.6 0.0 0.9 0 1 1
16 0.1 21 0.5714285714285714 0.047619047619047616 0.4 16 0.625 0.0 0.5 15 0.6 0.0 0.6 12 0.5833333333333334 0.0 0.7 9 0.6666666666666666 0.0 0.9 0 1 1
16 0.1 25 0.56 0.0 0.4 17 0.7058823529411765 0.0 0.5 13 0.6153846153846154 0.0 0.6 11 0.5454545454545454 0.0 0.7 9 0.6666666666666666 0.0 0.9 0 1 1
16 0.1 18 0.5555555555555556 0.0 0.4 9 0.7777777777777778 0.0 0.5 9 0.7777777777777778 0.0 0.6 6 0.8333333333333334 0.0 0.7 6 0.8333333333333334 0.0 0.9 0 1 1
16 0.1 23 0.4782608695652174 0.043478260869565216 0.4 12 0.5833333333333334 0.08333333333333333 0.5 11 0.6363636363636364 0.09090909090909091 0.6 9 0.6666666666666666 0.1111111111111111 0.7 7 0.8571428571428571 0.14285714285714285 0.9 0 1 1
16 0.1 23 0.5652173913043478 0.043478260869565216 0.4 11 0.6363636363636364 0.0 0.5 11 0.6363636363636364 0.0 0.6 11 0.6363636363636364 0.0 0.7 10 0.6 0.0 0.9 0 1 1
16 0.1 23 0.5217391304347826 0.0 0.4 15 0.6 0.0 0.5 11 0.6363636363636364 0.0 0.6 11 0.6363636363636364 0.0 0.7 11 0.6363636363636364 0.0 0.9 0 1 1
16 0.1 23 0.5217391304347826 0.0 0.4 17 0.5294117647058824 0.0 0.5 15 0.6 0.0 0.6 13 0.6153846153846154 0.0 0.7 12 0.5833333333333334 0.0 0.9 0 1 1
16 0.1 21 0.6190476190476191 0.0 0.4 18 0.6666666666666666 0.0 0.5 16 0.625 0.0 0.6 14 0.6428571428571429 0.0 0.7 11 0.6363636363636364 0.0 0.9 0 1 1
16 0.1 24 0.5833333333333334 0.0 0.4 17 0.6470588235294118 0.0 0.5 16 0.6875 0.0 0.6 13 0.6923076923076923 0.0 0.7 12 0.6666666666666666 0.0 0.9 0 1 1
16 0.1 20 0.7 0.0 0.4 17 0.7058823529411765 0.0 0.5 15 0.6666666666666666 0.0 0.6 14 0.6428571428571429 0.0 0.7 10 0.7 0.0 0.9 0 1 1
16 0.1 25 0.52 0.04 0.4 17 0.5882352941176471 0.058823529411764705 0.5 13 0.6153846153846154 0.0 0.6 11 0.7272727272727273 0.0 0.7 10 0.7 0.0 0.9 0 1 1
16 0.1 22 0.5909090909090909 0.0 0.4 17 0.6470588235294118 0.0 0.5 16 0.625 0.0 0.6 13 0.6923076923076923 0.0 0.7 11 0.7272727272727273 0.0 0.9 0 1 1
16 0.1 22 0.5454545454545454 0.09090909090909091 0.4 13 0.6153846153846154 0.0 0.5 12 0.5833333333333334 0.0 0.6 12 0.5833333333333334 0.0 0.7 10 0.6 0.0 0.9 0 1 1
16 0.1 21 0.5238095238095238 0.0 0.4 15 0.6 0.0 0.5 14 0.6428571428571429 0.0 0.6 13 0.6923076923076923 0.0 0.7 10 0.6 0.0 0.9 0 1 1
16 0.1 19 0.5263157894736842 0.05263157894736842 0.4 15 0.6 0.06666666666666667 0.5 13 0.6153846153846154 0.0 0.6 12 0.6666666666666666 0.0 0.7 10 0.6 0.0 0.9 0 1 1
16 0.1 20 0.55 0.1 0.4 14 0.5 0.07142857142857142 0.5 14 0.5 0.07142857142857142 0.6 11 0.6363636363636364 0.09090909090909091 0.7 9 0.6666666666666666 0.1111111111111111 0.9 0 1 1
16 0.1 18 0.5555555555555556 0.0 0.4 11 0.6363636363636364 0.0 0.5 10 0.6 0.0 0.6 9 0.6666666666666666 0.0 0.7 7 0.8571428571428571 0.0 0.9 0 1 1
16 0.1 22 0.5454545454545454 0.0 0.4 15 0.5333333333333333 0.0 0.5 12 0.6666666666666666 0.0 0.6 9 0.6666666666666666 0.0 0.7 9 0.6666666666666666 0.0 0.9 0 1 1
16 0.1 22 0.5454545454545454 0.045454545454545456 0.4 18 0.6666666666666666 0.05555555555555555 0.5 18 0.6666666666666666 0.05555555555555555 0.6 16 0.6875 0.0625 0.7 15 0.7333333333333333 0.06666666666666667 0.9 0 1 1
16 0.1 18 0.5555555555555556 0.05555555555555555 0.4 15 0.6 0.06666666666666667 0.5 14 0.5714285714285714 0.07142857142857142 0.6 12 0.5833333333333334 0.08333333333333333 0.7 9 0.6666666666666666 0.1111111111111111 0.9 0 1 1
16 0.1 18 0.5555555555555556 0.05555555555555555 0.4 13 0.5384615384615384 0.0 0.5 12 0.5833333333333334 0.0 0.6 10 0.7 0.0 0.7 10 0.7 0.0 0.9 0 1 1
16 0.1 19 0.47368421052631576 0.05263157894736842 0.4 14 0.5714285714285714 0.07142857142857142 0.5 13 0.6153846153846154 0.07692307692307693 0.6 13 0.6153846153846154 0.07692307692307693 0.7 13 0.6153846153846154 0.07692307692307693 0.9 0 1 1
16 0.1 24 0.5 0.0 0.4 18 0.6111111111111112 0.0 0.5 17 0.5882352941176471 0.0 0.6 15 0.6 0.0 0.7 14 0.5714285714285714 0.0 0.9 2 0.5 0.0
16 0.1 19 0.5789473684210527 0.10526315789473684 0.4 14 0.5714285714285714 0.07142857142857142 0.5 13 0.5384615384615384 0.07692307692307693 0.6 11 0.5454545454545454 0.0 0.7 11 0.5454545454545454 0.0 0.9 0 1 1
16 0.1 20 0.55 0.1 0.4 12 0.5833333333333334 0.08333333333333333 0.5 12 0.5833333333333334 0.08333333333333333 0.6 11 0.6363636363636364 0.09090909090909091 0.7 10 0.6 0.1 0.9 0 1 1
16 0.1 14 0.5714285714285714 0.07142857142857142 0.4 13 0.6153846153846154 0.07692307692307693 0.5 13 0.6153846153846154 0.07692307692307693 0.6 13 0.6153846153846154 0.07692307692307693 0.7 13 0.6153846153846154 0.07692307692307693 0.9 0 1 1
16 0.1 17 0.47058823529411764 0.0 0.4 13 0.5384615384615384 0.0 0.5 12 0.5833333333333334 0.0 0.6 11 0.6363636363636364 0.0 0.7 11 0.6363636363636364 0.0 0.9 0 1 1
16 0.1 21 0.5714285714285714 0.047619047619047616 0.4 16 0.625 0.0 0.5 16 0.625 0.0 0.6 13 0.6153846153846154 0.0 0.7 12 0.5833333333333334 0.0 0.9 1 1.0 0.0
16 0.1 21 0.5714285714285714 0.0 0.4 16 0.5625 0.0 0.5 16 0.5625 0.0 0.6 13 0.6153846153846154 0.0 0.7 12 0.6666666666666666 0.0 0.9 0 1 1
16 0.1 22 0.5 0.0 0.4 17 0.5882352941176471 0.0 0.5 14 0.5 0.0 0.6 13 0.5384615384615384 0.0 0.7 13 0.5384615384615384 0.0 0.9 0 1 1
16 0.1 20 0.5 0.05 0.4 18 0.5555555555555556 0.05555555555555555 0.5 15 0.6 0.0 0.6 13 0.6923076923076923 0.0 0.7 10 0.7 0.0 0.9 0 1 1
16 0.1 19 0.5789473684210527 0.05263157894736842 0.4 14 0.6428571428571429 0.07142857142857142 0.5 12 0.6666666666666666 0.08333333333333333 0.6 10 0.7 0.1 0.7 9 0.6666666666666666 0.1111111111111111 0.9 0 1 1
16 0.1 19 0.5263157894736842 0.05263157894736842 0.4 13 0.5384615384615384 0.0 0.5 13 0.5384615384615384 0.0 0.6 9 0.6666666666666666 0.0 0.7 9 0.6666666666666666 0.0 0.9 1 1.0 0.0
16 0.1 19 0.5263157894736842 0.05263157894736842 0.4 15 0.4666666666666667 0.06666666666666667 0.5 12 0.5833333333333334 0.08333333333333333 0.6 12 0.5833333333333334 0.08333333333333333 0.7 11 0.5454545454545454 0.09090909090909091 0.9 1 1.0 0.0
16 0.1 18 0.6111111111111112 0.0 0.4 14 0.7142857142857143 0.0 0.5 12 0.6666666666666666 0.0 0.6 12 0.6666666666666666 0.0 0.7 12 0.6666666666666666 0.0 0.9 3 1.0 0.0
16 0.1 18 0.5555555555555556 0.0 0.4 15 0.4666666666666667 0.0 0.5 12 0.5833333333333334 0.0 0.6 11 0.5454545454545454 0.0 0.7 11 0.5454545454545454 0.0 0.9 0 1 1
16 0.1 20 0.5 0.05 0.4 12 0.5833333333333334 0.0 0.5 11 0.5454545454545454 0.0 0.6 11 0.5454545454545454 0.0 0.7 11 0.5454545454545454 0.0 0.9 0 1 1
16 0.1 20 0.5 0.1 0.4 15 0.5333333333333333 0.06666666666666667 0.5 13 0.5384615384615384 0.07692307692307693 0.6 12 0.5833333333333334 0.08333333333333333 0.7 11 0.5454545454545454 0.09090909090909091 0.9 0 1 1
16 0.1 20 0.55 0.05 0.4 15 0.6666666666666666 0.06666666666666667 0.5 15 0.6666666666666666 0.06666666666666667 0.6 11 0.6363636363636364 0.0 0.7 11 0.6363636363636364 0.0 0.9 1 1.0 0.0
16 0.1 15 0.6 0.06666666666666667 0.4 12 0.5833333333333334 0.08333333333333333 0.5 11 0.6363636363636364 0.09090909090909091 0.6 10 0.6 0.1 0.7 9 0.6666666666666666 0.1111111111111111 0.9 0 1 1
16 0.1 18 0.5555555555555556 0.0 0.4 12 0.5833333333333334 0.0 0.5 12 0.5833333333333334 0.0 0.6 12 0.5833333333333334 0.0 0.7 11 0.6363636363636364 0.0 0.9 0 1 1
16 0.1 24 0.5416666666666666 0.041666666666666664 0.4 16 0.625 0.0 0.5 15 0.6 0.0 0.6 15 0.6 0.0 0.7 13 0.6153846153846154 0.0 0.9 1 1.0 0.0
16 0.1 20 0.6 0.05 0.4 14 0.6428571428571429 0.07142857142857142 0.5 14 0.6428571428571429 0.07142857142857142 0.6 14 0.6428571428571429 0.07142857142857142 0.7 10 0.7 0.1 0.9 1 1.0 0.0
16 0.1 19 0.5263157894736842 0.05263157894736842 0.4 14 0.5714285714285714 0.07142857142857142 0.5 14 0.5714285714285714 0.07142857142857142 0.6 13 0.5384615384615384 0.07692307692307693 0.7 11 0.5454545454545454 0.09090909090909091 0.9 0 1 1
16 0.1 24 0.5833333333333334 0.041666666666666664 0.4 16 0.5625 0.0625 0.5 14 0.5 0.07142857142857142 0.6 13 0.5384615384615384 0.07692307692307693 0.7 13 0.5384615384615384 0.07692307692307693 0.9 0 1 1
16 0.1 23 0.5652173913043478 0.0 0.4 13 0.6153846153846154 0.0 0.5 13 0.6153846153846154 0.0 0.6 13 0.6153846153846154 0.0 0.7 11 0.6363636363636364 0.0 0.9 0 1 1
16 0.1 19 0.5789473684210527 0.0 0.4 14 0.6428571428571429 0.0 0.5 12 0.6666666666666666 0.0 0.6 12 0.6666666666666666 0.0 0.7 10 0.7 0.0 0.9 1 1.0 0.0
16 0.1 17 0.6470588235294118 0.0 0.4 15 0.6 0.0 0.5 13 0.6153846153846154 0.0 0.6 12 0.6666666666666666 0.0 0.7 11 0.6363636363636364 0.0 0.9 0 1 1
16 0.1 18 0.5555555555555556 0.0 0.4 13 0.6153846153846154 0.0 0.5 13 0.6153846153846154 0.0 0.6 13 0.6153846153846154 0.0 0.7 13 0.6153846153846154 0.0 0.9 0 1 1
16 0.1 16 0.5 0.0 0.4 14 0.5714285714285714 0.0 0.5 14 0.5714285714285714 0.0 0.6 12 0.5833333333333334 0.0 0.7 12 0.5833333333333334 0.0 0.9 0 1 1
16 0.1 21 0.6190476190476191 0.14285714285714285 0.4 16 0.6875 0.1875 0.5 12 0.6666666666666666 0.08333333333333333 0.6 11 0.6363636363636364 0.09090909090909091 0.7 11 0.6363636363636364 0.09090909090909091 0.9 1 1.0 0.0
16 0.1 19 0.631578947368421 0.05263157894736842 0.4 15 0.6666666666666666 0.06666666666666667 0.5 13 0.6923076923076923 0.07692307692307693 0.6 13 0.6923076923076923 0.07692307692307693 0.7 10 0.6 0.1 0.9 1 1.0 0.0
16 0.1 22 0.5 0.0 0.4 16 0.5 0.0 0.5 15 0.5333333333333333 0.0 0.6 13 0.6153846153846154 0.0 0.7 12 0.6666666666666666 0.0 0.9 2 1.0 0.0
16 0.1 23 0.5217391304347826 0.0 0.4 18 0.5555555555555556 0.0 0.5 16 0.5625 0.0 0.6 14 0.6428571428571429 0.0 0.7 14 0.6428571428571429 0.0 0.9 2 1.0 0.0
16 0.1 23 0.6086956521739131 0.08695652173913043 0.4 16 0.5625 0.0625 0.5 15 0.5333333333333333 0.06666666666666667 0.6 14 0.5 0.07142857142857142 0.7 13 0.5384615384615384 0.07692307692307693 0.9 2 1.0 0.0
16 0.1 22 0.5909090909090909 0.045454545454545456 0.4 15 0.6 0.0 0.5 15 0.6 0.0 0.6 14 0.6428571428571429 0.0 0.7 12 0.6666666666666666 0.0 0.9 2 1.0 0.0
16 0.1 18 0.5555555555555556 0.0 0.4 12 0.5833333333333334 0.0 0.5 12 0.5833333333333334 0.0 0.6 11 0.6363636363636364 0.0 0.7 10 0.6 0.0 0.9 2 1.0 0.0
16 0.1 20 0.55 0.0 0.4 17 0.6470588235294118 0.0 0.5 15 0.6 0.0 0.6 15 0.6 0.0 0.7 12 0.5833333333333334 0.0 0.9 2 0.5 0.0
16 0.1 20 0.5 0.05 0.4 15 0.6 0.06666666666666667 0.5 13 0.6923076923076923 0.07692307692307693 0.6 13 0.6923076923076923 0.07692307692307693 0.7 13 0.6923076923076923 0.07692307692307693 0.9 1 1.0 0.0
16 0.1 19 0.5263157894736842 0.0 0.4 15 0.6 0.0 0.5 15 0.6 0.0 0.6 13 0.6153846153846154 0.0 0.7 12 0.5833333333333334 0.0 0.9 0 1 1
16 0.1 20 0.55 0.0 0.4 17 0.5882352941176471 0.0 0.5 15 0.6666666666666666 0.0 0.6 14 0.6428571428571429 0.0 0.7 12 0.5833333333333334 0.0 0.9 1 1.0 0.0
16 0.1 20 0.6 0.05 0.4 17 0.6470588235294118 0.058823529411764705 0.5 15 0.6 0.06666666666666667 0.6 15 0.6 0.06666666666666667 0.7 14 0.5714285714285714 0.07142857142857142 0.9 2 1.0 0.0
16 0.1 21 0.5714285714285714 0.047619047619047616 0.4 16 0.5625 0.0 0.5 16 0.5625 0.0 0.6 15 0.6 0.0 0.7 14 0.6428571428571429 0.0 0.9 2 1.0 0.0
16 0.1 20 0.6 0.0 0.4 17 0.6470588235294118 0.0 0.5 16 0.625 0.0 0.6 15 0.6 0.0 0.7 14 0.6428571428571429 0.0 0.9 1 1.0 0.0
16 0.1 22 0.5909090909090909 0.0 0.4 15 0.6666666666666666 0.0 0.5 15 0.6666666666666666 0.0 0.6 15 0.6666666666666666 0.0 0.7 11 0.6363636363636364 0.0 0.9 1 1.0 0.0
16 0.1 20 0.55 0.05 0.4 15 0.5333333333333333 0.06666666666666667 0.5 14 0.5714285714285714 0.07142857142857142 0.6 12 0.5833333333333334 0.08333333333333333 0.7 11 0.6363636363636364 0.09090909090909091 0.9 0 1 1
16 0.1 22 0.5454545454545454 0.0 0.4 17 0.6470588235294118 0.0 0.5 15 0.6666666666666666 0.0 0.6 14 0.6428571428571429 0.0 0.7 13 0.6153846153846154 0.0 0.9 0 1 1
16 0.1 21 0.5238095238095238 0.0 0.4 18 0.5555555555555556 0.0 0.5 17 0.5882352941176471 0.0 0.6 17 0.5882352941176471 0.0 0.7 15 0.6 0.0 0.9 0 1 1
16 0.1 22 0.5 0.0 0.4 14 0.5714285714285714 0.0 0.5 14 0.5714285714285714 0.0 0.6 13 0.6153846153846154 0.0 0.7 12 0.6666666666666666 0.0 0.9 0 1 1
16 0.1 19 0.5263157894736842 0.0 0.4 14 0.5714285714285714 0.0 0.5 13 0.6153846153846154 0.0 0.6 13 0.6153846153846154 0.0 0.7 12 0.5833333333333334 0.0 0.9 2 0.5 0.0
16 0.1 21 0.5714285714285714 0.047619047619047616 0.4 16 0.5625 0.0625 0.5 16 0.5625 0.0625 0.6 14 0.5714285714285714 0.07142857142857142 0.7 12 0.5833333333333334 0.08333333333333333 0.9 3 0.6666666666666666 0.0
16 0.1 22 0.5454545454545454 0.0 0.4 15 0.6666666666666666 0.0 0.5 13 0.6153846153846154 0.0 0.6 11 0.5454545454545454 0.0 0.7 11 0.5454545454545454 0.0 0.9 2 1.0 0.0
16 0.1 24 0.5833333333333334 0.0 0.4 21 0.6190476190476191 0.0 0.5 18 0.6111111111111112 0.0 0.6 17 0.6470588235294118 0.0 0.7 17 0.6470588235294118 0.0 0.9 2 1.0 0.0
16 0.1 25 0.56 0.0 0.4 19 0.5789473684210527 0.0 0.5 18 0.6111111111111112 0.0 0.6 17 0.6470588235294118 0.0 0.7 15 0.7333333333333333 0.0 0.9 2 1.0 0.0
16 0.1 24 0.5833333333333334 0.08333333333333333 0.4 20 0.5 0.1 0.5 19 0.5263157894736842 0.10526315789473684 0.6 18 0.5555555555555556 0.1111111111111111 0.7 15 0.6 0.13333333333333333 0.9 3 1.0 0.0
16 0.1 26 0.5 0.07692307692307693 0.4 19 0.5789473684210527 0.10526315789473684 0.5 17 0.6470588235294118 0.11764705882352941 0.6 15 0.6 0.13333333333333333 0.7 14 0.5714285714285714 0.14285714285714285 0.9 3 1.0 0.0
16 0.1 18 0.6111111111111112 0.0 0.4 16 0.625 0.0 0.5 13 0.6153846153846154 0.0 0.6 13 0.6153846153846154 0.0 0.7 12 0.5833333333333334 0.0 0.9 2 1.0 0.0
16 0.1 24 0.5416666666666666 0.08333333333333333 0.4 19 0.5263157894736842 0.05263157894736842 0.5 19 0.5263157894736842 0.05263157894736842 0.6 17 0.5294117647058824 0.058823529411764705 0.7 14 0.5714285714285714 0.07142857142857142 0.9 4 0.75 0.0
16 0.1 22 0.5 0.045454545454545456 0.4 18 0.5555555555555556 0.05555555555555555 0.5 14 0.5 0.07142857142857142 0.6 12 0.5 0.08333333333333333 0.7 11 0.5454545454545454 0.09090909090909091 0.9 1 1.0 0.0
16 0.1 22 0.5 0.0 0.4 17 0.5882352941176471 0.0 0.5 15 0.6 0.0 0.6 13 0.6153846153846154 0.0 0.7 10 0.5 0.0 0.9 1 1.0 0.0
16 0.1 20 0.55 0.05 0.4 16 0.5625 0.0625 0.5 15 0.6 0.06666666666666667 0.6 15 0.6 0.06666666666666667 0.7 9 0.6666666666666666 0.1111111111111111 0.9 1 1.0 0.0
16 0.1 19 0.5263157894736842 0.0 0.4 15 0.5333333333333333 0.0 0.5 15 0.5333333333333333 0.0 0.6 14 0.5714285714285714 0.0 0.7 13 0.6153846153846154 0.0 0.9 2 1.0 0.0
16 0.1 21 0.5714285714285714 0.047619047619047616 0.4 18 0.5555555555555556 0.05555555555555555 0.5 15 0.5333333333333333 0.06666666666666667 0.6 13 0.5384615384615384 0.07692307692307693 0.7 11 0.5454545454545454 0.09090909090909091 0.9 3 1.0 0.0
16 0.1 20 0.5 0.0 0.4 15 0.4666666666666667 0.0 0.5 15 0.4666666666666667 0.0 0.6 10 0.6 0.0 0.7 10 0.6 0.0 0.9 3 1.0 0.0
16 0.1 21 0.5238095238095238 0.047619047619047616 0.4 13 0.6153846153846154 0.07692307692307693 0.5 12 0.6666666666666666 0.08333333333333333 0.6 12 0.6666666666666666 0.08333333333333333 0.7 12 0.6666666666666666 0.08333333333333333 0.9 2 1.0 0.0
16 0.1 24 0.5416666666666666 0.041666666666666664 0.4 17 0.5294117647058824 0.0 0.5 16 0.5625 0.0 0.6 15 0.6 0.0 0.7 13 0.6153846153846154 0.0 0.9 2 1.0 0.0
16 0.1 23 0.5217391304347826 0.043478260869565216 0.4 14 0.5714285714285714 0.07142857142857142 0.5 13 0.6153846153846154 0.07692307692307693 0.6 13 0.6153846153846154 0.07692307692307693 0.7 12 0.6666666666666666 0.08333333333333333 0.9 2 1.0 0.0
16 0.1 23 0.5217391304347826 0.0 0.4 20 0.55 0.0 0.5 20 0.55 0.0 0.6 20 0.55 0.0 0.7 18 0.5555555555555556 0.0 0.9 1 1.0 0.0
16 0.1 25 0.52 0.0 0.4 19 0.5263157894736842 0.0 0.5 15 0.6666666666666666 0.0 0.6 14 0.7142857142857143 0.0 0.7 13 0.6923076923076923 0.0 0.9 2 0.5 0.0
16 0.1 26 0.5384615384615384 0.07692307692307693 0.4 15 0.5333333333333333 0.06666666666666667 0.5 14 0.5714285714285714 0.07142857142857142 0.6 12 0.6666666666666666 0.08333333333333333 0.7 12 0.6666666666666666 0.08333333333333333 0.9 3 1.0 0.3333333333333333
16 0.1 23 0.5652173913043478 0.08695652173913043 0.4 14 0.6428571428571429 0.14285714285714285 0.5 12 0.6666666666666666 0.08333333333333333 0.6 12 0.6666666666666666 0.08333333333333333 0.7 11 0.6363636363636364 0.09090909090909091 0.9 2 1.0 0.0
16 0.1 22 0.5 0.0 0.4 16 0.6875 0.0 0.5 13 0.6923076923076923 0.0 0.6 12 0.6666666666666666 0.0 0.7 10 0.6 0.0 0.9 1 1.0 0.0
16 0.1 23 0.5652173913043478 0.08695652173913043 0.4 17 0.5882352941176471 0.058823529411764705 0.5 16 0.625 0.0625 0.6 12 0.6666666666666666 0.08333333333333333 0.7 12 0.6666666666666666 0.08333333333333333 0.9 2 1.0 0.0
16 0.1 26 0.5 0.038461538461538464 0.4 18 0.5 0.05555555555555555 0.5 16 0.5625 0.0625 0.6 15 0.5333333333333333 0.06666666666666667 0.7 15 0.5333333333333333 0.06666666666666667 0.9 5 0.8 0.0
16 0.1 25 0.48 0.0 0.4 19 0.5263157894736842 0.0 0.5 17 0.5882352941176471 0.0 0.6 15 0.6 0.0 0.7 13 0.6153846153846154 0.0 0.9 3 1.0 0.0
16 0.1 23 0.43478260869565216 0.0 0.4 18 0.5 0.0 0.5 17 0.5294117647058824 0.0 0.6 15 0.6 0.0 0.7 14 0.6428571428571429 0.0 0.9 1 1.0 0.0
16 0.1 23 0.5217391304347826 0.043478260869565216 0.4 18 0.5555555555555556 0.05555555555555555 0.5 17 0.5294117647058824 0.058823529411764705 0.6 16 0.5625 0.0625 0.7 13 0.5384615384615384 0.07692307692307693 0.9 2 1.0 0.0
16 0.1 20 0.45 0.05 0.4 16 0.5 0.0625 0.5 15 0.5333333333333333 0.06666666666666667 0.6 14 0.5714285714285714 0.07142857142857142 0.7 12 0.5 0.08333333333333333 0.9 1 1.0 0.0
