21 0.1 0 1 1 0.4 0 1 1 0.5 0 1 1 0.6 0 1 1 0.7 0 1 1 0.9 0 1 1
21 0.1 1 1.0 0.0 0.4 0 1 1 0.5 0 1 1 0.6 0 1 1 0.7 0 1 1 0.9 0 1 1
21 0.1 3 0.0 0.0 0.4 0 1 1 0.5 0 1 1 0.6 0 1 1 0.7 0 1 1 0.9 0 1 1
21 0.1 9 0.3333333333333333 0.0 0.4 0 1 1 0.5 0 1 1 0.6 0 1 1 0.7 0 1 1 0.9 0 1 1
21 0.1 33 0.12121212121212122 0.0 0.4 1 1.0 0.0 0.5 0 1 1 0.6 0 1 1 0.7 0 1 1 0.9 0 1 1
21 0.1 152 0.08552631578947369 0.0 0.4 5 0.4 0.0 0.5 2 0.0 0.0 0.6 2 0.0 0.0 0.7 0 1 1 0.9 0 1 1
21 0.1 67 0.16417910447761194 0.0 0.4 3 0.6666666666666666 0.0 0.5 0 1 1 0.6 0 1 1 0.7 0 1 1 0.9 0 1 1
21 0.1 378 0.05555555555555555 0.0 0.4 42 0.3333333333333333 0.0 0.5 7 0.2857142857142857 0.0 0.6 0 1 1 0.7 0 1 1 0.9 0 1 1
21 0.1 280 0.07142857142857142 0.0 0.4 31 0.3548387096774194 0.0 0.5 5 0.8 0.0 0.6 1 1.0 0.0 0.7 0 1 1 0.9 0 1 1
21 0.1 212 0.08962264150943396 0.0 0.4 7 0.7142857142857143 0.0 0.5 6 0.6666666666666666 0.0 0.6 1 1.0 0.0 0.7 0 1 1 0.9 0 1 1
21 0.1 77 0.23376623376623376 0.0 0.4 3 0.6666666666666666 0.0 0.5 0 1 1 0.6 0 1 1 0.7 0 1 1 0.9 0 1 1
21 0.1 170 0.11764705882352941 0.0 0.4 13 0.46153846153846156 0.0 0.5 4 0.5 0.0 0.6 1 1.0 0.0 0.7 0 1 1 0.9 0 1 1
21 0.1 69 0.2463768115942029 0.0 0.4 13 0.38461538461538464 0.0 0.5 6 0.3333333333333333 0.0 0.6 3 0.3333333333333333 0.0 0.7 0 1 1 0.9 0 1 1
21 0.1 135 0.14074074074074075 0.0 0.4 29 0.27586206896551724 0.0 0.5 13 0.15384615384615385 0.0 0.6 4 0.0 0.0 0.7 1 0.0 0.0 0.9 0 1 1
21 0.1 91 0.17582417582417584 0.0 0.4 3 0.6666666666666666 0.0 0.5 0 1 1 0.6 0 1 1 0.7 0 1 1 0.9 0 1 1
21 0.1 67 0.2835820895522388 0.0 0.4 13 0.46153846153846156 0.0 0.5 6 1.0 0.0 0.6 3 1.0 0.0 0.7 0 1 1 0.9 0 1 1
21 0.1 100 0.2 0.0 0.4 19 0.3157894736842105 0.0 0.5 8 0.5 0.0 0.6 3 0.6666666666666666 0.0 0.7 0 1 1 0.9 0 1 1
21 0.1 88 0.2159090909090909 0.0 0.4 13 0.5384615384615384 0.0 0.5 3 0.6666666666666666 0.0 0.6 1 1.0 0.0 0.7 0 1 1 0.9 0 1 1
21 0.1 52 0.34615384615384615 0.0 0.4 16 0.75 0.0 0.5 12 0.9166666666666666 0.0 0.6 4 1.0 0.0 0.7 1 1.0 0.0 0.9 0 1 1
21 0.1 64 0.265625 0.0 0.4 21 0.3333333333333333 0.0 0.5 10 0.7 0.0 0.6 4 1.0 0.0 0.7 1 1.0 0.0 0.9 0 1 1
21 0.1 29 0.5862068965517241 0.0 0.4 9 1.0 0.0 0.5 8 1.0 0.0 0.6 4 1.0 0.0 0.7 2 1.0 0.0 0.9 0 1 1
21 0.1 53 0.33962264150943394 0.0 0.4 15 0.9333333333333333 0.0 0.5 5 1.0 0.0 0.6 4 1.0 0.0 0.7 0 1 1 0.9 0 1 1
21 0.1 33 0.5757575757575758 0.030303030303030304 0.4 13 0.8461538461538461 0.07692307692307693 0.5 9 0.8888888888888888 0.1111111111111111 0.6 5 1.0 0.2 0.7 1 1.0 0.0 0.9 0 1 1
21 0.1 55 0.32727272727272727 0.0 0.4 13 0.7692307692307693 0.0 0.5 3 1.0 0.0 0.6 0 1 1 0.7 0 1 1 0.9 0 1 1
21 0.1 13 0.6923076923076923 0.0 0.4 1 1.0 0.0 0.5 1 1.0 0.0 0.6 0 1 1 0.7 0 1 1 0.9 0 1 1
21 0.1 58 0.3103448275862069 0.0 0.4 20 0.5 0.0 0.5 10 0.6 0.0 0.6 5 0.6 0.0 0.7 4 0.5 0.0 0.9 0 1 1
21 0.1 41 0.43902439024390244 0.0 0.4 13 0.5384615384615384 0.0 0.5 7 0.7142857142857143 0.0 0.6 3 1.0 0.0 0.7 0 1 1 0.9 0 1 1
21 0.1 37 0.5135135135135135 0.0 0.4 16 0.625 0.0 0.5 8 0.875 0.0 0.6 7 0.8571428571428571 0.0 0.7 3 1.0 0.0 0.9 0 1 1
21 0.1 42 0.38095238095238093 0.0 0.4 8 0.625 0.0 0.5 2 1.0 0.0 0.6 1 1.0 0.0 0.7 0 1 1 0.9 0 1 1
21 0.1 63 0.31746031746031744 0.0 0.4 25 0.72 0.0 0.5 21 0.8095238095238095 0.0 0.6 18 0.8333333333333334 0.0 0.7 10 0.9 0.0 0.9 1 1.0 0.0
21 0.1 26 0.7307692307692307 0.0 0.4 11 0.8181818181818182 0.0 0.5 9 0.8888888888888888 0.0 0.6 3 1.0 0.0 0.7 2 1.0 0.0 0.9 0 1 1
21 0.1 20 0.9 0.0 0.4 11 0.9090909090909091 0.0 0.5 9 0.8888888888888888 0.0 0.6 6 1.0 0.0 0.7 5 1.0 0.0 0.9 0 1 1
21 0.1 37 0.4594594594594595 0.0 0.4 15 0.7333333333333333 0.0 0.5 7 0.8571428571428571 0.0 0.6 4 0.75 0.0 0.7 3 0.6666666666666666 0.0 0.9 0 1 1
21 0.1 47 0.425531914893617 0.0 0.4 16 0.8125 0.0 0.5 12 0.8333333333333334 0.0 0.6 8 1.0 0.0 0.7 3 1.0 0.0 0.9 0 1 1
21 0.1 22 0.5909090909090909 0.0 0.4 7 0.7142857142857143 0.0 0.5 5 0.6 0.0 0.6 1 1.0 0.0 0.7 0 1 1 0.9 0 1 1
21 0.1 30 0.6 0.0 0.4 17 0.8235294117647058 0.0 0.5 14 0.8571428571428571 0.0 0.6 10 0.9 0.0 0.7 8 1.0 0.0 0.9 0 1 1
21 0.1 24 0.6666666666666666 0.0 0.4 8 0.875 0.0 0.5 5 1.0 0.0 0.6 4 1.0 0.0 0.7 1 1.0 0.0 0.9 0 1 1
21 0.1 0 1 1 0.4 0 1 1 0.5 0 1 1 0.6 0 1 1 0.7 0 1 1 0.9 0 1 1
21 0.1 47 0.3617021276595745 0.0 0.4 16 0.6875 0.0 0.5 14 0.7857142857142857 0.0 0.6 6 0.8333333333333334 0.0 0.7 2 1.0 0.0 0.9 0 1 1
21 0.1 22 0.36363636363636365 0.0 0.4 6 0.5 0.0 0.5 2 1.0 0.0 0.6 0 1 1 0.7 0 1 1 0.9 0 1 1
21 0.1 23 0.5652173913043478 0.0 0.4 2 0.5 0.0 0.5 1 1.0 0.0 0.6 0 1 1 0.7 0 1 1 0.9 0 1 1
21 0.1 33 0.45454545454545453 0.0 0.4 9 0.6666666666666666 0.0 0.5 3 1.0 0.0 0.6 2 1.0 0.0 0.7 0 1 1 0.9 0 1 1
21 0.1 6 0.6666666666666666 0.0 0.4 0 1 1 0.5 0 1 1 0.6 0 1 1 0.7 0 1 1 0.9 0 1 1
21 0.1 11 0.6363636363636364 0.0 0.4 0 1 1 0.5 0 1 1 0.6 0 1 1 0.7 0 1 1 0.9 0 1 1
21 0.1 0 1 1 0.4 0 1 1 0.5 0 1 1 0.6 0 1 1 0.7 0 1 1 0.9 0 1 1
21 0.1 1 0.0 0.0 0.4 0 1 1 0.5 0 1 1 0.6 0 1 1 0.7 0 1 1 0.9 0 1 1
21 0.1 0 1 1 0.4 0 1 1 0.5 0 1 1 0.6 0 1 1 0.7 0 1 1 0.9 0 1 1
21 0.1 0 1 1 0.4 0 1 1 0.5 0 1 1 0.6 0 1 1 0.7 0 1 1 0.9 0 1 1
21 0.1 0 1 1 0.4 0 1 1 0.5 0 1 1 0.6 0 1 1 0.7 0 1 1 0.9 0 1 1
21 0.1 2 0.0 0.0 0.4 0 1 1 0.5 0 1 1 0.6 0 1 1 0.7 0 1 1 0.9 0 1 1
21 0.1 3 0.3333333333333333 0.0 0.4 0 1 1 0.5 0 1 1 0.6 0 1 1 0.7 0 1 1 0.9 0 1 1
21 0.1 16 0.6875 0.0 0.4 2 1.0 0.0 0.5 1 1.0 0.0 0.6 1 1.0 0.0 0.7 0 1 1 0.9 0 1 1
21 0.1 14 0.7857142857142857 0.0 0.4 2 1.0 0.0 0.5 1 1.0 0.0 0.6 0 1 1 0.7 0 1 1 0.9 0 1 1
21 0.1 22 0.6363636363636364 0.0 0.4 7 0.8571428571428571 0.0 0.5 4 0.75 0.0 0.6 3 0.6666666666666666 0.0 0.7 1 1.0 0.0 0.9 0 1 1
21 0.1 16 0.4375 0.0 0.4 3 0.3333333333333333 0.0 0.5 2 0.5 0.0 0.6 1 1.0 0.0 0.7 0 1 1 0.9 0 1 1
21 0.1 8 0.75 0.0 0.4 0 1 1 0.5 0 1 1 0.6 0 1 1 0.7 0 1 1 0.9 0 1 1
21 0.1 7 0.8571428571428571 0.0 0.4 0 1 1 0.5 0 1 1 0.6 0 1 1 0.7 0 1 1 0.9 0 1 1
21 0.1 39 0.4358974358974359 0.0 0.4 15 0.8 0.0 0.5 9 1.0 0.0 0.6 6 1.0 0.0 0.7 3 1.0 0.0 0.9 0 1 1
21 0.1 24 0.7083333333333334 0.0 0.4 7 1.0 0.0 0.5 5 1.0 0.0 0.6 3 1.0 0.0 0.7 2 1.0 0.0 0.9 0 1 1
21 0.1 62 0.25806451612903225 0.0 0.4 2 1.0 0.0 0.5 1 1.0 0.0 0.6 0 1 1 0.7 0 1 1 0.9 0 1 1
21 0.1 17 0.5294117647058824 0.0 0.4 4 0.5 0.0 0.5 3 0.6666666666666666 0.0 0.6 1 1.0 0.0 0.7 1 1.0 0.0 0.9 0 1 1
21 0.1 22 0.45454545454545453 0.0 0.4 5 0.6 0.0 0.5 3 0.6666666666666666 0.0 0.6 2 1.0 0.0 0.7 1 1.0 0.0 0.9 0 1 1
21 0.1 33 0.5757575757575758 0.0 0.4 8 0.875 0.0 0.5 4 1.0 0.0 0.6 2 1.0 0.0 0.7 2 1.0 0.0 0.9 0 1 1
21 0.1 29 0.6206896551724138 0.06896551724137931 0.4 14 0.8571428571428571 0.14285714285714285 0.5 9 1.0 0.2222222222222222 0.6 5 1.0 0.4 0.7 2 1.0 0.0 0.9 0 1 1
21 0.1 33 0.5757575757575758 0.0 0.4 14 0.7857142857142857 0.0 0.5 10 0.9 0.0 0.6 5 1.0 0.0 0.7 3 1.0 0.0 0.9 0 1 1
21 0.1 28 0.6428571428571429 0.0 0.4 13 0.8461538461538461 0.0 0.5 8 0.875 0.0 0.6 5 1.0 0.0 0.7 1 1.0 0.0 0.9 0 1 1
21 0.1 29 0.6551724137931034 0.034482758620689655 0.4 10 1.0 0.1 0.5 8 1.0 0.125 0.6 4 1.0 0.25 0.7 0 1 1 0.9 0 1 1
21 0.1 6 0.5 0.0 0.4 1 0.0 0.0 0.5 0 1 1 0.6 0 1 1 0.7 0 1 1 0.9 0 1 1
21 0.1 0 1 1 0.4 0 1 1 0.5 0 1 1 0.6 0 1 1 0.7 0 1 1 0.9 0 1 1
21 0.1 2 0.0 0.0 0.4 0 1 1 0.5 0 1 1 0.6 0 1 1 0.7 0 1 1 0.9 0 1 1
21 0.1 23 0.7391304347826086 0.0 0.4 10 0.9 0.0 0.5 7 0.8571428571428571 0.0 0.6 5 1.0 0.0 0.7 1 1.0 0.0 0.9 0 1 1
21 0.1 38 0.5 0.0 0.4 17 0.7647058823529411 0.0 0.5 12 0.9166666666666666 0.0 0.6 6 0.8333333333333334 0.0 0.7 3 1.0 0.0 0.9 0 1 1
21 0.1 28 0.6785714285714286 0.0 0.4 15 0.8666666666666667 0.0 0.5 14 0.8571428571428571 0.0 0.6 5 1.0 0.0 0.7 1 1.0 0.0 0.9 0 1 1
21 0.1 19 0.6842105263157895 0.0 0.4 5 0.8 0.0 0.5 3 0.6666666666666666 0.0 0.6 0 1 1 0.7 0 1 1 0.9 0 1 1
21 0.1 23 0.6956521739130435 0.0 0.4 6 1.0 0.0 0.5 4 1.0 0.0 0.6 2 1.0 0.0 0.7 0 1 1 0.9 0 1 1
21 0.1 25 0.72 0.04 0.4 13 0.9230769230769231 0.07692307692307693 0.5 9 1.0 0.1111111111111111 0.6 6 1.0 0.16666666666666666 0.7 3 1.0 0.3333333333333333 0.9 0 1 1
21 0.1 27 0.6666666666666666 0.0 0.4 12 0.8333333333333334 0.0 0.5 10 0.9 0.0 0.6 5 0.8 0.0 0.7 3 1.0 0.0 0.9 0 1 1
21 0.1 36 0.5277777777777778 0.0 0.4 13 0.9230769230769231 0.0 0.5 8 1.0 0.0 0.6 5 1.0 0.0 0.7 3 1.0 0.0 0.9 0 1 1
21 0.1 51 0.35294117647058826 0.0196078431372549 0.4 5 0.8 0.2 0.5 3 0.6666666666666666 0.3333333333333333 0.6 2 0.5 0.0 0.7 0 1 1 0.9 0 1 1
21 0.1 44 0.4318181818181818 0.022727272727272728 0.4 15 0.8 0.06666666666666667 0.5 11 0.8181818181818182 0.09090909090909091 0.6 6 0.8333333333333334 0.16666666666666666 0.7 4 0.75 0.25 0.9 0 1 1
21 0.1 95 0.18947368421052632 0.0 0.4 19 0.5789473684210527 0.0 0.5 12 0.6666666666666666 0.0 0.6 5 0.8 0.0 0.7 3 1.0 0.0 0.9 0 1 1
21 0.1 25 0.68 0.0 0.4 9 1.0 0.0 0.5 6 1.0 0.0 0.6 5 1.0 0.0 0.7 3 1.0 0.0 0.9 0 1 1
21 0.1 16 0.875 0.0 0.4 8 1.0 0.0 0.5 5 1.0 0.0 0.6 3 1.0 0.0 0.7 0 1 1 0.9 0 1 1
21 0.1 25 0.76 0.0 0.4 11 1.0 0.0 0.5 9 1.0 0.0 0.6 7 1.0 0.0 0.7 3 1.0 0.0 0.9 0 1 1
21 0.1 21 0.8571428571428571 0.047619047619047616 0.4 15 0.9333333333333333 0.06666666666666667 0.5 14 1.0 0.07142857142857142 0.6 8 1.0 0.125 0.7 4 1.0 0.25 0.9 0 1 1
21 0.1 21 0.9047619047619048 0.09523809523809523 0.4 11 1.0 0.18181818181818182 0.5 8 1.0 0.125 0.6 7 1.0 0.14285714285714285 0.7 1 1.0 0.0 0.9 0 1 1
21 0.1 22 0.7272727272727273 0.09090909090909091 0.4 11 1.0 0.0 0.5 9 1.0 0.0 0.6 7 1.0 0.0 0.7 3 1.0 0.0 0.9 0 1 1
21 0.1 25 0.72 0.0 0.4 13 1.0 0.0 0.5 13 1.0 0.0 0.6 7 1.0 0.0 0.7 5 1.0 0.0 0.9 0 1 1
21 0.1 25 0.72 0.0 0.4 11 1.0 0.0 0.5 8 1.0 0.0 0.6 7 1.0 0.0 0.7 4 1.0 0.0 0.9 0 1 1
21 0.1 24 0.7916666666666666 0.041666666666666664 0.4 14 0.9285714285714286 0.07142857142857142 0.5 9 1.0 0.0 0.6 8 1.0 0.0 0.7 5 1.0 0.0 0.9 0 1 1
21 0.1 26 0.7692307692307693 0.038461538461538464 0.4 17 0.8823529411764706 0.058823529411764705 0.5 14 0.9285714285714286 0.07142857142857142 0.6 11 1.0 0.09090909090909091 0.7 5 1.0 0.2 0.9 0 1 1
21 0.1 21 0.8095238095238095 0.0 0.4 11 1.0 0.0 0.5 9 1.0 0.0 0.6 5 1.0 0.0 0.7 0 1 1 0.9 0 1 1
21 0.1 28 0.7142857142857143 0.0 0.4 21 0.8095238095238095 0.0 0.5 17 0.8235294117647058 0.0 0.6 13 0.8461538461538461 0.0 0.7 9 1.0 0.0 0.9 0 1 1
21 0.1 110 0.15454545454545454 0.0 0.4 15 0.5333333333333333 0.0 0.5 7 0.8571428571428571 0.0 0.6 3 1.0 0.0 0.7 0 1 1 0.9 0 1 1
21 0.1 23 0.7391304347826086 0.043478260869565216 0.4 8 0.875 0.125 0.5 6 1.0 0.16666666666666666 0.6 4 1.0 0.0 0.7 2 1.0 0.0 0.9 0 1 1
21 0.1 34 0.47058823529411764 0.058823529411764705 0.4 9 0.7777777777777778 0.1111111111111111 0.5 5 1.0 0.2 0.6 3 1.0 0.0 0.7 0 1 1 0.9 0 1 1
21 0.1 31 0.6451612903225806 0.03225806451612903 0.4 16 0.875 0.0625 0.5 13 1.0 0.07692307692307693 0.6 8 1.0 0.125 0.7 1 1.0 0.0 0.9 0 1 1
21 0.1 24 0.7916666666666666 0.041666666666666664 0.4 18 0.8333333333333334 0.05555555555555555 0.5 16 0.875 0.0625 0.6 12 1.0 0.08333333333333333 0.7 10 1.0 0.1 0.9 0 1 1
21 0.1 26 0.7307692307692307 0.0 0.4 15 0.8666666666666667 0.0 0.5 13 0.8461538461538461 0.0 0.6 11 0.9090909090909091 0.0 0.7 3 1.0 0.0 0.9 0 1 1
21 0.1 29 0.6551724137931034 0.034482758620689655 0.4 10 1.0 0.1 0.5 9 1.0 0.1111111111111111 0.6 6 1.0 0.16666666666666666 0.7 2 1.0 0.5 0.9 0 1 1
21 0.1 67 0.2537313432835821 0.0 0.4 23 0.5217391304347826 0.0 0.5 16 0.6875 0.0 0.6 5 1.0 0.0 0.7 5 1.0 0.0 0.9 0 1 1
21 0.1 22 0.7727272727272727 0.0 0.4 11 0.9090909090909091 0.0 0.5 9 1.0 0.0 0.6 6 1.0 0.0 0.7 4 1.0 0.0 0.9 0 1 1
21 0.1 24 0.8333333333333334 0.0 0.4 18 0.8888888888888888 0.0 0.5 16 0.875 0.0 0.6 12 1.0 0.0 0.7 11 1.0 0.0 0.9 0 1 1
21 0.1 22 0.8181818181818182 0.0 0.4 14 0.8571428571428571 0.0 0.5 11 0.9090909090909091 0.0 0.6 9 1.0 0.0 0.7 5 1.0 0.0 0.9 0 1 1
21 0.1 25 0.76 0.04 0.4 18 0.8333333333333334 0.05555555555555555 0.5 12 0.8333333333333334 0.0 0.6 8 1.0 0.0 0.7 5 1.0 0.0 0.9 0 1 1
21 0.1 24 0.7916666666666666 0.08333333333333333 0.4 16 0.875 0.125 0.5 14 0.8571428571428571 0.14285714285714285 0.6 11 1.0 0.09090909090909091 0.7 7 1.0 0.14285714285714285 0.9 0 1 1
21 0.1 35 0.6 0.08571428571428572 0.4 20 0.85 0.15 0.5 16 0.9375 0.1875 0.6 12 1.0 0.16666666666666666 0.7 11 1.0 0.09090909090909091 0.9 0 1 1
21 0.1 27 0.7407407407407407 0.037037037037037035 0.4 17 0.8823529411764706 0.058823529411764705 0.5 15 0.8666666666666667 0.06666666666666667 0.6 9 1.0 0.1111111111111111 0.7 6 1.0 0.16666666666666666 0.9 0 1 1
21 0.1 23 0.8260869565217391 0.043478260869565216 0.4 18 0.7777777777777778 0.0 0.5 17 0.8235294117647058 0.0 0.6 15 0.8666666666666667 0.0 0.7 8 1.0 0.0 0.9 0 1 1
21 0.1 28 0.7142857142857143 0.0 0.4 22 0.8636363636363636 0.0 0.5 20 0.85 0.0 0.6 16 0.9375 0.0 0.7 12 1.0 0.0 0.9 0 1 1
21 0.1 24 0.7916666666666666 0.041666666666666664 0.4 22 0.8181818181818182 0.045454545454545456 0.5 21 0.8571428571428571 0.047619047619047616 0.6 18 0.8888888888888888 0.05555555555555555 0.7 14 0.8571428571428571 0.07142857142857142 0.9 0 1 1
21 0.1 25 0.8 0.0 0.4 19 0.8947368421052632 0.0 0.5 16 0.875 0.0 0.6 11 0.9090909090909091 0.0 0.7 7 1.0 0.0 0.9 0 1 1
21 0.1 25 0.8 0.04 0.4 18 0.8888888888888888 0.05555555555555555 0.5 16 0.875 0.0 0.6 10 0.9 0.0 0.7 6 1.0 0.0 0.9 0 1 1
21 0.1 28 0.7142857142857143 0.0 0.4 21 0.8571428571428571 0.0 0.5 20 0.85 0.0 0.6 17 0.9411764705882353 0.0 0.7 9 1.0 0.0 0.9 0 1 1
21 0.1 28 0.6785714285714286 0.0 0.4 19 0.8947368421052632 0.0 0.5 15 0.9333333333333333 0.0 0.6 9 1.0 0.0 0.7 9 1.0 0.0 0.9 0 1 1
21 0.1 34 0.5882352941176471 0.029411764705882353 0.4 16 1.0 0.0625 0.5 13 1.0 0.07692307692307693 0.6 9 1.0 0.1111111111111111 0.7 4 1.0 0.25 0.9 0 1 1
21 0.1 29 0.6551724137931034 0.0 0.4 19 0.8421052631578947 0.0 0.5 16 0.875 0.0 0.6 11 1.0 0.0 0.7 7 1.0 0.0 0.9 0 1 1
21 0.1 26 0.6923076923076923 0.038461538461538464 0.4 15 0.8666666666666667 0.06666666666666667 0.5 11 1.0 0.09090909090909091 0.6 10 1.0 0.1 0.7 7 1.0 0.14285714285714285 0.9 0 1 1
21 0.1 27 0.7037037037037037 0.0 0.4 22 0.8636363636363636 0.0 0.5 17 0.9411764705882353 0.0 0.6 12 1.0 0.0 0.7 10 1.0 0.0 0.9 0 1 1
21 0.1 29 0.7241379310344828 0.034482758620689655 0.4 22 0.8636363636363636 0.045454545454545456 0.5 19 0.8947368421052632 0.05263157894736842 0.6 14 0.9285714285714286 0.07142857142857142 0.7 9 1.0 0.1111111111111111 0.9 0 1 1
21 0.1 25 0.76 0.0 0.4 21 0.8571428571428571 0.0 0.5 19 0.8947368421052632 0.0 0.6 16 0.9375 0.0 0.7 11 1.0 0.0 0.9 0 1 1
21 0.1 25 0.8 0.0 0.4 19 0.8421052631578947 0.0 0.5 15 0.9333333333333333 0.0 0.6 10 1.0 0.0 0.7 9 1.0 0.0 0.9 0 1 1
21 0.1 26 0.8076923076923077 0.0 0.4 22 0.8636363636363636 0.0 0.5 20 0.9 0.0 0.6 20 0.9 0.0 0.7 16 0.875 0.0 0.9 1 1.0 0.0
21 0.1 31 0.6774193548387096 0.0 0.4 23 0.782608695652174 0.0 0.5 19 0.8421052631578947 0.0 0.6 17 0.8823529411764706 0.0 0.7 15 0.9333333333333333 0.0 0.9 1 1.0 0.0
21 0.1 25 0.8 0.0 0.4 21 0.8571428571428571 0.0 0.5 20 0.85 0.0 0.6 19 0.8947368421052632 0.0 0.7 16 0.875 0.0 0.9 0 1 1
21 0.1 24 0.8333333333333334 0.041666666666666664 0.4 21 0.9047619047619048 0.047619047619047616 0.5 19 0.9473684210526315 0.05263157894736842 0.6 16 0.9375 0.0625 0.7 12 0.9166666666666666 0.0 0.9 0 1 1
21 0.1 29 0.5862068965517241 0.034482758620689655 0.4 11 0.8181818181818182 0.09090909090909091 0.5 7 1.0 0.14285714285714285 0.6 5 1.0 0.2 0.7 2 1.0 0.0 0.9 0 1 1
21 0.1 28 0.75 0.0 0.4 21 0.9047619047619048 0.0 0.5 19 0.9473684210526315 0.0 0.6 15 0.9333333333333333 0.0 0.7 12 1.0 0.0 0.9 0 1 1
21 0.1 26 0.7692307692307693 0.038461538461538464 0.4 21 0.9047619047619048 0.047619047619047616 0.5 18 0.9444444444444444 0.05555555555555555 0.6 16 0.9375 0.0625 0.7 12 0.9166666666666666 0.08333333333333333 0.9 0 1 1
21 0.1 20 0.85 0.0 0.4 11 0.9090909090909091 0.0 0.5 9 1.0 0.0 0.6 7 1.0 0.0 0.7 3 1.0 0.0 0.9 0 1 1
21 0.1 24 0.8333333333333334 0.0 0.4 20 0.85 0.0 0.5 19 0.8947368421052632 0.0 0.6 15 0.9333333333333333 0.0 0.7 12 0.9166666666666666 0.0 0.9 0 1 1
21 0.1 18 0.8888888888888888 0.0 0.4 15 0.8666666666666667 0.0 0.5 13 0.8461538461538461 0.0 0.6 12 0.9166666666666666 0.0 0.7 7 1.0 0.0 0.9 0 1 1
21 0.1 23 0.8695652173913043 0.0 0.4 19 0.8421052631578947 0.0 0.5 17 0.8235294117647058 0.0 0.6 16 0.875 0.0 0.7 11 0.8181818181818182 0.0 0.9 0 1 1
21 0.1 25 0.8 0.04 0.4 17 0.8823529411764706 0.058823529411764705 0.5 16 0.875 0.0625 0.6 15 0.9333333333333333 0.06666666666666667 0.7 13 0.9230769230769231 0.0 0.9 0 1 1
21 0.1 25 0.76 0.04 0.4 18 0.8888888888888888 0.0 0.5 16 0.875 0.0 0.6 13 0.9230769230769231 0.0 0.7 11 1.0 0.0 0.9 0 1 1
21 0.1 23 0.8260869565217391 0.043478260869565216 0.4 19 0.7894736842105263 0.0 0.5 16 0.8125 0.0 0.6 14 0.7857142857142857 0.0 0.7 10 0.9 0.0 0.9 0 1 1
21 0.1 31 0.6129032258064516 0.0 0.4 21 0.8095238095238095 0.0 0.5 21 0.8095238095238095 0.0 0.6 18 0.8333333333333334 0.0 0.7 14 0.9285714285714286 0.0 0.9 0 1 1
21 0.1 23 0.8260869565217391 0.0 0.4 22 0.8181818181818182 0.0 0.5 21 0.8095238095238095 0.0 0.6 17 0.8823529411764706 0.0 0.7 16 0.9375 0.0 0.9 0 1 1
21 0.1 24 0.7916666666666666 0.041666666666666664 0.4 21 0.8095238095238095 0.047619047619047616 0.5 18 0.9444444444444444 0.05555555555555555 0.6 16 0.9375 0.0625 0.7 8 1.0 0.125 0.9 0 1 1
21 0.1 25 0.8 0.0 0.4 20 0.9 0.0 0.5 17 0.9411764705882353 0.0 0.6 12 1.0 0.0 0.7 10 1.0 0.0 0.9 0 1 1
21 0.1 24 0.7916666666666666 0.0 0.4 22 0.8181818181818182 0.0 0.5 22 0.8181818181818182 0.0 0.6 20 0.8 0.0 0.7 15 0.9333333333333333 0.0 0.9 0 1 1
21 0.1 27 0.7407407407407407 0.0 0.4 22 0.8636363636363636 0.0 0.5 22 0.8636363636363636 0.0 0.6 22 0.8636363636363636 0.0 0.7 16 0.9375 0.0 0.9 0 1 1
21 0.1 25 0.8 0.0 0.4 22 0.8181818181818182 0.0 0.5 21 0.8095238095238095 0.0 0.6 21 0.8095238095238095 0.0 0.7 18 0.8888888888888888 0.0 0.9 0 1 1
21 0.1 27 0.7407407407407407 0.0 0.4 23 0.8695652173913043 0.0 0.5 21 0.8571428571428571 0.0 0.6 19 0.8947368421052632 0.0 0.7 16 0.9375 0.0 0.9 0 1 1
21 0.1 66 0.2727272727272727 0.0 0.4 30 0.5666666666666667 0.0 0.5 25 0.64 0.0 0.6 21 0.6666666666666666 0.0 0.7 14 0.7857142857142857 0.0 0.9 0 1 1
21 0.1 27 0.7407407407407407 0.07407407407407407 0.4 23 0.8260869565217391 0.08695652173913043 0.5 23 0.8260869565217391 0.08695652173913043 0.6 22 0.8636363636363636 0.09090909090909091 0.7 19 0.8947368421052632 0.05263157894736842 0.9 0 1 1
21 0.1 26 0.8076923076923077 0.0 0.4 21 0.8571428571428571 0.0 0.5 19 0.8421052631578947 0.0 0.6 18 0.8888888888888888 0.0 0.7 17 0.8823529411764706 0.0 0.9 0 1 1
21 0.1 26 0.7692307692307693 0.07692307692307693 0.4 20 0.85 0.1 0.5 19 0.8947368421052632 0.10526315789473684 0.6 18 0.8888888888888888 0.05555555555555555 0.7 15 0.8666666666666667 0.06666666666666667 0.9 0 1 1
21 0.1 28 0.7142857142857143 0.07142857142857142 0.4 23 0.8260869565217391 0.08695652173913043 0.5 23 0.8260869565217391 0.08695652173913043 0.6 23 0.8260869565217391 0.08695652173913043 0.7 20 0.9 0.1 0.9 1 1.0 0.0
21 0.1 28 0.7142857142857143 0.0 0.4 24 0.7916666666666666 0.0 0.5 23 0.8260869565217391 0.0 0.6 19 0.9473684210526315 0.0 0.7 15 0.9333333333333333 0.0 0.9 0 1 1
21 0.1 26 0.7692307692307693 0.0 0.4 23 0.8260869565217391 0.0 0.5 23 0.8260869565217391 0.0 0.6 21 0.9047619047619048 0.0 0.7 16 1.0 0.0 0.9 2 1.0 0.0
21 0.1 27 0.7407407407407407 0.14814814814814814 0.4 23 0.8260869565217391 0.17391304347826086 0.5 23 0.8260869565217391 0.17391304347826086 0.6 22 0.8181818181818182 0.18181818181818182 0.7 16 0.9375 0.25 0.9 1 1.0 1.0
21 0.1 24 0.8333333333333334 0.041666666666666664 0.4 23 0.8695652173913043 0.043478260869565216 0.5 22 0.8636363636363636 0.045454545454545456 0.6 20 0.9 0.05 0.7 19 0.8947368421052632 0.05263157894736842 0.9 1 1.0 0.0
21 0.1 25 0.8 0.04 0.4 23 0.8695652173913043 0.043478260869565216 0.5 21 0.9047619047619048 0.047619047619047616 0.6 20 0.95 0.05 0.7 19 0.9473684210526315 0.05263157894736842 0.9 2 1.0 0.0
21 0.1 30 0.6333333333333333 0.0 0.4 21 0.8095238095238095 0.0 0.5 20 0.8 0.0 0.6 17 0.9411764705882353 0.0 0.7 15 0.9333333333333333 0.0 0.9 0 1 1
21 0.1 24 0.8333333333333334 0.0 0.4 24 0.8333333333333334 0.0 0.5 24 0.8333333333333334 0.0 0.6 21 0.8571428571428571 0.0 0.7 19 0.9473684210526315 0.0 0.9 1 1.0 0.0
21 0.1 24 0.8333333333333334 0.08333333333333333 0.4 22 0.8636363636363636 0.09090909090909091 0.5 22 0.8636363636363636 0.09090909090909091 0.6 21 0.8571428571428571 0.09523809523809523 0.7 18 0.9444444444444444 0.1111111111111111 0.9 1 1.0 1.0
21 0.1 26 0.8076923076923077 0.0 0.4 21 0.8571428571428571 0.0 0.5 19 0.8947368421052632 0.0 0.6 18 0.8888888888888888 0.0 0.7 14 1.0 0.0 0.9 0 1 1
21 0.1 25 0.84 0.0 0.4 22 0.8636363636363636 0.0 0.5 19 0.8947368421052632 0.0 0.6 16 0.9375 0.0 0.7 14 0.9285714285714286 0.0 0.9 0 1 1
21 0.1 24 0.875 0.08333333333333333 0.4 24 0.875 0.08333333333333333 0.5 23 0.9130434782608695 0.08695652173913043 0.6 21 0.9047619047619048 0.09523809523809523 0.7 20 0.9 0.1 0.9 1 1.0 0.0
21 0.1 24 0.8333333333333334 0.041666666666666664 0.4 23 0.8260869565217391 0.043478260869565216 0.5 23 0.8260869565217391 0.043478260869565216 0.6 21 0.9047619047619048 0.047619047619047616 0.7 21 0.9047619047619048 0.047619047619047616 0.9 1 1.0 1.0
21 0.1 25 0.76 0.0 0.4 23 0.8260869565217391 0.0 0.5 23 0.8260869565217391 0.0 0.6 21 0.9047619047619048 0.0 0.7 21 0.9047619047619048 0.0 0.9 1 1.0 0.0
21 0.1 24 0.8333333333333334 0.041666666666666664 0.4 23 0.8695652173913043 0.043478260869565216 0.5 23 0.8695652173913043 0.043478260869565216 0.6 21 0.9047619047619048 0.047619047619047616 0.7 21 0.9047619047619048 0.047619047619047616 0.9 1 1.0 1.0
21 0.1 24 0.7916666666666666 0.0 0.4 23 0.8260869565217391 0.0 0.5 21 0.9047619047619048 0.0 0.6 21 0.9047619047619048 0.0 0.7 21 0.9047619047619048 0.0 0.9 0 1 1
21 0.1 23 0.8260869565217391 0.0 0.4 20 0.9 0.0 0.5 19 0.8947368421052632 0.0 0.6 15 1.0 0.0 0.7 12 1.0 0.0 0.9 0 1 1
21 0.1 22 0.8636363636363636 0.0 0.4 18 0.9444444444444444 0.0 0.5 16 0.9375 0.0 0.6 16 0.9375 0.0 0.7 12 1.0 0.0 0.9 1 1.0 0.0
21 0.1 29 0.6551724137931034 0.0 0.4 21 0.8571428571428571 0.0 0.5 20 0.85 0.0 0.6 19 0.8947368421052632 0.0 0.7 17 0.8823529411764706 0.0 0.9 0 1 1
21 0.1 26 0.7692307692307693 0.11538461538461539 0.4 23 0.8695652173913043 0.13043478260869565 0.5 23 0.8695652173913043 0.13043478260869565 0.6 22 0.9090909090909091 0.13636363636363635 0.7 19 0.9473684210526315 0.15789473684210525 0.9 0 1 1
21 0.1 27 0.7407407407407407 0.0 0.4 22 0.8636363636363636 0.0 0.5 22 0.8636363636363636 0.0 0.6 21 0.9047619047619048 0.0 0.7 20 0.9 0.0 0.9 1 1.0 0.0
21 0.1 27 0.7407407407407407 0.0 0.4 23 0.8695652173913043 0.0 0.5 22 0.8636363636363636 0.0 0.6 21 0.9047619047619048 0.0 0.7 20 0.9 0.0 0.9 0 1 1
21 0.1 28 0.75 0.0 0.4 24 0.875 0.0 0.5 23 0.8695652173913043 0.0 0.6 21 0.9523809523809523 0.0 0.7 18 0.9444444444444444 0.0 0.9 0 1 1
21 0.1 26 0.8076923076923077 0.0 0.4 24 0.875 0.0 0.5 24 0.875 0.0 0.6 22 0.8636363636363636 0.0 0.7 19 0.8947368421052632 0.0 0.9 1 1.0 0.0
21 0.1 26 0.7307692307692307 0.0 0.4 20 0.85 0.0 0.5 20 0.85 0.0 0.6 18 0.8888888888888888 0.0 0.7 15 0.9333333333333333 0.0 0.9 0 1 1
21 0.1 24 0.7916666666666666 0.041666666666666664 0.4 21 0.8571428571428571 0.047619047619047616 0.5 17 0.8823529411764706 0.058823529411764705 0.6 14 0.9285714285714286 0.07142857142857142 0.7 13 0.9230769230769231 0.07692307692307693 0.9 0 1 1
21 0.1 27 0.7407407407407407 0.0 0.4 23 0.8695652173913043 0.0 0.5 23 0.8695652173913043 0.0 0.6 21 0.9047619047619048 0.0 0.7 20 0.9 0.0 0.9 1 1.0 0.0
21 0.1 27 0.7407407407407407 0.037037037037037035 0.4 23 0.8260869565217391 0.043478260869565216 0.5 23 0.8260869565217391 0.043478260869565216 0.6 21 0.9047619047619048 0.047619047619047616 0.7 21 0.9047619047619048 0.047619047619047616 0.9 2 1.0 0.0
21 0.1 26 0.7692307692307693 0.07692307692307693 0.4 22 0.8636363636363636 0.09090909090909091 0.5 21 0.9047619047619048 0.09523809523809523 0.6 21 0.9047619047619048 0.09523809523809523 0.7 19 0.9473684210526315 0.10526315789473684 0.9 0 1 1
21 0.1 27 0.7407407407407407 0.037037037037037035 0.4 23 0.8695652173913043 0.043478260869565216 0.5 21 0.9047619047619048 0.047619047619047616 0.6 21 0.9047619047619048 0.047619047619047616 0.7 19 0.9473684210526315 0.0 0.9 0 1 1
21 0.1 24 0.8333333333333334 0.0 0.4 20 0.9 0.0 0.5 20 0.9 0.0 0.6 19 0.8947368421052632 0.0 0.7 16 1.0 0.0 0.9 0 1 1
21 0.1 27 0.7037037037037037 0.037037037037037035 0.4 22 0.8636363636363636 0.045454545454545456 0.5 22 0.8636363636363636 0.045454545454545456 0.6 21 0.9047619047619048 0.047619047619047616 0.7 19 0.9473684210526315 0.05263157894736842 0.9 0 1 1
21 0.1 24 0.7916666666666666 0.0 0.4 20 0.85 0.0 0.5 20 0.85 0.0 0.6 20 0.85 0.0 0.7 15 1.0 0.0 0.9 0 1 1
21 0.1 26 0.7692307692307693 0.038461538461538464 0.4 23 0.8260869565217391 0.043478260869565216 0.5 21 0.9047619047619048 0.047619047619047616 0.6 21 0.9047619047619048 0.047619047619047616 0.7 20 0.95 0.05 0.9 0 1 1
21 0.1 27 0.7407407407407407 0.0 0.4 23 0.8695652173913043 0.0 0.5 23 0.8695652173913043 0.0 0.6 22 0.9090909090909091 0.0 0.7 21 0.9047619047619048 0.0 0.9 0 1 1
21 0.1 23 0.8695652173913043 0.0 0.4 23 0.8695652173913043 0.0 0.5 23 0.8695652173913043 0.0 0.6 22 0.8636363636363636 0.0 0.7 20 0.9 0.0 0.9 0 1 1
21 0.1 25 0.8 0.04 0.4 22 0.8636363636363636 0.045454545454545456 0.5 22 0.8636363636363636 0.045454545454545456 0.6 22 0.8636363636363636 0.045454545454545456 0.7 20 0.9 0.05 0.9 0 1 1
21 0.1 25 0.8 0.0 0.4 23 0.8695652173913043 0.0 0.5 22 0.8636363636363636 0.0 0.6 18 0.9444444444444444 0.0 0.7 16 1.0 0.0 0.9 0 1 1
21 0.1 27 0.7777777777777778 0.037037037037037035 0.4 24 0.875 0.041666666666666664 0.5 22 0.9090909090909091 0.045454545454545456 0.6 18 1.0 0.05555555555555555 0.7 16 1.0 0.0625 0.9 0 1 1
21 0.1 26 0.8076923076923077 0.038461538461538464 0.4 24 0.875 0.041666666666666664 0.5 23 0.9130434782608695 0.043478260869565216 0.6 21 0.9523809523809523 0.047619047619047616 0.7 18 0.9444444444444444 0.05555555555555555 0.9 0 1 1
21 0.1 24 0.8333333333333334 0.041666666666666664 0.4 23 0.8695652173913043 0.043478260869565216 0.5 23 0.8695652173913043 0.043478260869565216 0.6 22 0.8636363636363636 0.045454545454545456 0.7 21 0.9047619047619048 0.047619047619047616 0.9 1 1.0 0.0
21 0.1 23 0.8695652173913043 0.0 0.4 23 0.8695652173913043 0.0 0.5 22 0.8636363636363636 0.0 0.6 21 0.8571428571428571 0.0 0.7 19 0.9473684210526315 0.0 0.9 1 1.0 0.0
21 0.1 24 0.8333333333333334 0.041666666666666664 0.4 22 0.8636363636363636 0.045454545454545456 0.5 22 0.8636363636363636 0.045454545454545456 0.6 20 0.9 0.05 0.7 19 0.8947368421052632 0.05263157894736842 0.9 0 1 1
21 0.1 28 0.75 0.0 0.4 24 0.875 0.0 0.5 23 0.8695652173913043 0.0 0.6 22 0.9090909090909091 0.0 0.7 19 0.8947368421052632 0.0 0.9 0 1 1
21 0.1 29 0.7241379310344828 0.0 0.4 24 0.8333333333333334 0.0 0.5 23 0.8695652173913043 0.0 0.6 22 0.9090909090909091 0.0 0.7 20 0.9 0.0 0.9 0 1 1
21 0.1 28 0.7142857142857143 0.03571428571428571 0.4 23 0.8695652173913043 0.043478260869565216 0.5 23 0.8695652173913043 0.043478260869565216 0.6 21 0.9523809523809523 0.047619047619047616 0.7 19 0.9473684210526315 0.05263157894736842 0.9 0 1 1
21 0.1 25 0.76 0.12 0.4 23 0.8260869565217391 0.13043478260869565 0.5 22 0.8636363636363636 0.13636363636363635 0.6 21 0.9047619047619048 0.14285714285714285 0.7 21 0.9047619047619048 0.14285714285714285 0.9 0 1 1
21 0.1 26 0.7692307692307693 0.038461538461538464 0.4 23 0.8695652173913043 0.043478260869565216 0.5 23 0.8695652173913043 0.043478260869565216 0.6 22 0.8636363636363636 0.045454545454545456 0.7 20 0.9 0.05 0.9 0 1 1
21 0.1 24 0.8333333333333334 0.0 0.4 23 0.8695652173913043 0.0 0.5 23 0.8695652173913043 0.0 0.6 22 0.9090909090909091 0.0 0.7 20 0.9 0.0 0.9 0 1 1
21 0.1 24 0.8333333333333334 0.0 0.4 23 0.8695652173913043 0.0 0.5 23 0.8695652173913043 0.0 0.6 23 0.8695652173913043 0.0 0.7 22 0.8636363636363636 0.0 0.9 1 1.0 0.0
21 0.1 25 0.8 0.04 0.4 23 0.8695652173913043 0.043478260869565216 0.5 23 0.8695652173913043 0.043478260869565216 0.6 23 0.8695652173913043 0.043478260869565216 0.7 22 0.8636363636363636 0.045454545454545456 0.9 1 1.0 0.0
21 0.1 27 0.7777777777777778 0.07407407407407407 0.4 23 0.8695652173913043 0.08695652173913043 0.5 23 0.8695652173913043 0.08695652173913043 0.6 23 0.8695652173913043 0.08695652173913043 0.7 23 0.8695652173913043 0.08695652173913043 0.9 1 1.0 0.0
21 0.1 30 0.6666666666666666 0.0 0.4 23 0.8695652173913043 0.0 0.5 23 0.8695652173913043 0.0 0.6 23 0.8695652173913043 0.0 0.7 21 0.8571428571428571 0.0 0.9 2 1.0 0.0
21 0.1 28 0.7142857142857143 0.0 0.4 23 0.8695652173913043 0.0 0.5 23 0.8695652173913043 0.0 0.6 22 0.8636363636363636 0.0 0.7 21 0.9047619047619048 0.0 0.9 1 1.0 0.0
21 0.1 24 0.7916666666666666 0.08333333333333333 0.4 20 0.85 0.1 0.5 20 0.85 0.1 0.6 20 0.85 0.1 0.7 17 0.8823529411764706 0.11764705882352941 0.9 0 1 1
21 0.1 25 0.8 0.0 0.4 23 0.8695652173913043 0.0 0.5 23 0.8695652173913043 0.0 0.6 22 0.8636363636363636 0.0 0.7 19 0.9473684210526315 0.0 0.9 2 1.0 0.0
21 0.1 24 0.8333333333333334 0.08333333333333333 0.4 22 0.8636363636363636 0.09090909090909091 0.5 21 0.8571428571428571 0.09523809523809523 0.6 18 0.8888888888888888 0.1111111111111111 0.7 16 1.0 0.125 0.9 0 1 1
21 0.1 28 0.7142857142857143 0.0 0.4 23 0.8260869565217391 0.0 0.5 22 0.8181818181818182 0.0 0.6 21 0.8571428571428571 0.0 0.7 19 0.8947368421052632 0.0 0.9 0 1 1
21 0.1 26 0.7692307692307693 0.038461538461538464 0.4 24 0.8333333333333334 0.041666666666666664 0.5 24 0.8333333333333334 0.041666666666666664 0.6 22 0.8636363636363636 0.045454545454545456 0.7 19 0.9473684210526315 0.0 0.9 0 1 1
21 0.1 25 0.8 0.0 0.4 23 0.8260869565217391 0.0 0.5 22 0.8636363636363636 0.0 0.6 21 0.9047619047619048 0.0 0.7 20 0.95 0.0 0.9 0 1 1
21 0.1 24 0.8333333333333334 0.0 0.4 23 0.8260869565217391 0.0 0.5 23 0.8260869565217391 0.0 0.6 21 0.9047619047619048 0.0 0.7 21 0.9047619047619048 0.0 0.9 1 1.0 0.0
21 0.1 25 0.76 0.12 0.4 23 0.8260869565217391 0.13043478260869565 0.5 23 0.8260869565217391 0.13043478260869565 0.6 22 0.8636363636363636 0.13636363636363635 0.7 22 0.8636363636363636 0.13636363636363635 0.9 1 1.0 1.0
21 0.1 26 0.7307692307692307 0.038461538461538464 0.4 23 0.8260869565217391 0.043478260869565216 0.5 23 0.8260869565217391 0.043478260869565216 0.6 22 0.8636363636363636 0.045454545454545456 0.7 20 0.9 0.05 0.9 0 1 1
21 0.1 25 0.8 0.0 0.4 23 0.8695652173913043 0.0 0.5 22 0.8636363636363636 0.0 0.6 21 0.9047619047619048 0.0 0.7 20 0.9 0.0 0.9 1 1.0 0.0
21 0.1 26 0.7692307692307693 0.0 0.4 23 0.8695652173913043 0.0 0.5 22 0.9090909090909091 0.0 0.6 22 0.9090909090909091 0.0 0.7 19 0.9473684210526315 0.0 0.9 0 1 1
21 0.1 27 0.7407407407407407 0.0 0.4 23 0.8695652173913043 0.0 0.5 22 0.8636363636363636 0.0 0.6 21 0.9047619047619048 0.0 0.7 20 0.95 0.0 0.9 0 1 1
21 0.1 24 0.8333333333333334 0.041666666666666664 0.4 22 0.8636363636363636 0.045454545454545456 0.5 21 0.9047619047619048 0.047619047619047616 0.6 20 0.95 0.05 0.7 20 0.95 0.05 0.9 0 1 1
21 0.1 24 0.7916666666666666 0.0 0.4 22 0.8636363636363636 0.0 0.5 22 0.8636363636363636 0.0 0.6 21 0.9047619047619048 0.0 0.7 20 0.95 0.0 0.9 0 1 1
21 0.1 24 0.8333333333333334 0.08333333333333333 0.4 23 0.8260869565217391 0.08695652173913043 0.5 23 0.8260869565217391 0.08695652173913043 0.6 21 0.9047619047619048 0.09523809523809523 0.7 21 0.9047619047619048 0.09523809523809523 0.9 1 1.0 0.0
21 0.1 25 0.8 0.04 0.4 23 0.8695652173913043 0.043478260869565216 0.5 22 0.9090909090909091 0.045454545454545456 0.6 21 0.9047619047619048 0.047619047619047616 0.7 20 0.9 0.05 0.9 0 1 1
21 0.1 26 0.7692307692307693 0.0 0.4 22 0.9090909090909091 0.0 0.5 22 0.9090909090909091 0.0 0.6 21 0.9047619047619048 0.0 0.7 19 0.9473684210526315 0.0 0.9 0 1 1
21 0.1 25 0.8 0.04 0.4 21 0.9047619047619048 0.047619047619047616 0.5 21 0.9047619047619048 0.047619047619047616 0.6 20 0.9 0.05 0.7 19 0.9473684210526315 0.05263157894736842 0.9 0 1 1
21 0.1 24 0.8333333333333334 0.041666666666666664 0.4 23 0.8695652173913043 0.043478260869565216 0.5 22 0.8636363636363636 0.045454545454545456 0.6 22 0.8636363636363636 0.045454545454545456 0.7 21 0.9047619047619048 0.047619047619047616 0.9 0 1 1
21 0.1 26 0.7692307692307693 0.038461538461538464 0.4 23 0.8695652173913043 0.043478260869565216 0.5 22 0.9090909090909091 0.045454545454545456 0.6 22 0.9090909090909091 0.045454545454545456 0.7 21 0.9523809523809523 0.047619047619047616 0.9 0 1 1
21 0.1 27 0.7407407407407407 0.0 0.4 23 0.8695652173913043 0.0 0.5 21 0.9523809523809523 0.0 0.6 21 0.9523809523809523 0.0 0.7 20 0.95 0.0 0.9 1 1.0 0.0
21 0.1 28 0.7142857142857143 0.0 0.4 23 0.8695652173913043 0.0 0.5 22 0.9090909090909091 0.0 0.6 20 1.0 0.0 0.7 19 1.0 0.0 0.9 1 1.0 0.0
21 0.1 28 0.7142857142857143 0.0 0.4 25 0.8 0.0 0.5 24 0.8333333333333334 0.0 0.6 24 0.8333333333333334 0.0 0.7 22 0.8636363636363636 0.0 0.9 1 1.0 0.0
21 0.1 26 0.7692307692307693 0.038461538461538464 0.4 22 0.9090909090909091 0.045454545454545456 0.5 20 0.95 0.05 0.6 20 0.95 0.05 0.7 20 0.95 0.05 0.9 1 1.0 0.0
21 0.1 27 0.7777777777777778 0.0 0.4 22 0.9090909090909091 0.0 0.5 22 0.9090909090909091 0.0 0.6 22 0.9090909090909091 0.0 0.7 19 0.9473684210526315 0.0 0.9 1 1.0 0.0
21 0.1 25 0.8 0.04 0.4 23 0.8695652173913043 0.043478260869565216 0.5 22 0.9090909090909091 0.045454545454545456 0.6 21 0.9523809523809523 0.047619047619047616 0.7 20 0.95 0.05 0.9 0 1 1
21 0.1 26 0.7692307692307693 0.038461538461538464 0.4 22 0.9090909090909091 0.045454545454545456 0.5 22 0.9090909090909091 0.045454545454545456 0.6 21 0.9047619047619048 0.047619047619047616 0.7 21 0.9047619047619048 0.047619047619047616 0.9 2 1.0 0.5
21 0.1 26 0.7692307692307693 0.038461538461538464 0.4 23 0.8695652173913043 0.043478260869565216 0.5 22 0.9090909090909091 0.045454545454545456 0.6 21 0.9047619047619048 0.047619047619047616 0.7 21 0.9047619047619048 0.047619047619047616 0.9 2 1.0 0.0
21 0.1 26 0.7692307692307693 0.0 0.4 22 0.9090909090909091 0.0 0.5 22 0.9090909090909091 0.0 0.6 21 0.9047619047619048 0.0 0.7 21 0.9047619047619048 0.0 0.9 1 1.0 0.0
21 0.1 24 0.8333333333333334 0.08333333333333333 0.4 23 0.8695652173913043 0.08695652173913043 0.5 22 0.9090909090909091 0.09090909090909091 0.6 22 0.9090909090909091 0.09090909090909091 0.7 20 0.95 0.1 0.9 1 1.0 0.0
21 0.1 25 0.8 0.0 0.4 23 0.8695652173913043 0.0 0.5 22 0.9090909090909091 0.0 0.6 22 0.9090909090909091 0.0 0.7 21 0.9047619047619048 0.0 0.9 1 1.0 0.0
21 0.1 25 0.8 0.0 0.4 21 0.9047619047619048 0.0 0.5 21 0.9047619047619048 0.0 0.6 21 0.9047619047619048 0.0 0.7 21 0.9047619047619048 0.0 0.9 0 1 1
21 0.1 27 0.7407407407407407 0.037037037037037035 0.4 22 0.9090909090909091 0.045454545454545456 0.5 22 0.9090909090909091 0.045454545454545456 0.6 22 0.9090909090909091 0.045454545454545456 0.7 21 0.9047619047619048 0.047619047619047616 0.9 0 1 1
21 0.1 29 0.7241379310344828 0.0 0.4 23 0.8695652173913043 0.0 0.5 22 0.9090909090909091 0.0 0.6 22 0.9090909090909091 0.0 0.7 21 0.9047619047619048 0.0 0.9 2 1.0 0.0
21 0.1 26 0.7692307692307693 0.0 0.4 22 0.8636363636363636 0.0 0.5 21 0.8571428571428571 0.0 0.6 21 0.8571428571428571 0.0 0.7 19 0.9473684210526315 0.0 0.9 1 1.0 0.0
21 0.1 27 0.7407407407407407 0.037037037037037035 0.4 24 0.8333333333333334 0.041666666666666664 0.5 22 0.9090909090909091 0.045454545454545456 0.6 22 0.9090909090909091 0.045454545454545456 0.7 21 0.9047619047619048 0.047619047619047616 0.9 2 1.0 0.5
21 0.1 29 0.6896551724137931 0.034482758620689655 0.4 23 0.8695652173913043 0.043478260869565216 0.5 21 0.9047619047619048 0.047619047619047616 0.6 21 0.9047619047619048 0.047619047619047616 0.7 20 0.95 0.05 0.9 0 1 1
21 0.1 27 0.7407407407407407 0.0 0.4 23 0.8695652173913043 0.0 0.5 23 0.8695652173913043 0.0 0.6 22 0.9090909090909091 0.0 0.7 21 0.9047619047619048 0.0 0.9 2 1.0 0.0
21 0.1 25 0.8 0.04 0.4 23 0.8695652173913043 0.043478260869565216 0.5 23 0.8695652173913043 0.043478260869565216 0.6 22 0.8636363636363636 0.045454545454545456 0.7 20 0.95 0.05 0.9 2 1.0 0.0
21 0.1 28 0.75 0.0 0.4 23 0.8695652173913043 0.0 0.5 22 0.9090909090909091 0.0 0.6 20 0.9 0.0 0.7 20 0.9 0.0 0.9 1 1.0 0.0
21 0.1 26 0.8076923076923077 0.0 0.4 23 0.8695652173913043 0.0 0.5 22 0.9090909090909091 0.0 0.6 22 0.9090909090909091 0.0 0.7 20 0.95 0.0 0.9 2 1.0 0.0
21 0.1 27 0.7407407407407407 0.037037037037037035 0.4 23 0.8695652173913043 0.043478260869565216 0.5 22 0.9090909090909091 0.045454545454545456 0.6 22 0.9090909090909091 0.045454545454545456 0.7 21 0.9047619047619048 0.047619047619047616 0.9 2 1.0 0.0
21 0.1 27 0.7407407407407407 0.0 0.4 24 0.8333333333333334 0.0 0.5 23 0.8695652173913043 0.0 0.6 22 0.9090909090909091 0.0 0.7 21 0.9047619047619048 0.0 0.9 0 1 1
21 0.1 29 0.6896551724137931 0.034482758620689655 0.4 23 0.8695652173913043 0.043478260869565216 0.5 21 0.9047619047619048 0.047619047619047616 0.6 20 0.95 0.05 0.7 20 0.95 0.05 0.9 0 1 1
21 0.1 27 0.7407407407407407 0.037037037037037035 0.4 23 0.8695652173913043 0.043478260869565216 0.5 21 0.9047619047619048 0.047619047619047616 0.6 21 0.9047619047619048 0.047619047619047616 0.7 21 0.9047619047619048 0.047619047619047616 0.9 2 1.0 0.0
21 0.1 28 0.7142857142857143 0.07142857142857142 0.4 23 0.8695652173913043 0.08695652173913043 0.5 23 0.8695652173913043 0.08695652173913043 0.6 21 0.9047619047619048 0.09523809523809523 0.7 21 0.9047619047619048 0.09523809523809523 0.9 1 1.0 0.0
21 0.1 29 0.6896551724137931 0.0 0.4 23 0.8695652173913043 0.0 0.5 21 0.9047619047619048 0.0 0.6 21 0.9047619047619048 0.0 0.7 21 0.9047619047619048 0.0 0.9 1 1.0 0.0
21 0.1 27 0.7407407407407407 0.037037037037037035 0.4 22 0.8636363636363636 0.045454545454545456 0.5 22 0.8636363636363636 0.045454545454545456 0.6 21 0.9047619047619048 0.047619047619047616 0.7 21 0.9047619047619048 0.047619047619047616 0.9 1 1.0 0.0
21 0.1 26 0.7692307692307693 0.038461538461538464 0.4 23 0.8695652173913043 0.043478260869565216 0.5 22 0.9090909090909091 0.045454545454545456 0.6 21 0.9047619047619048 0.047619047619047616 0.7 21 0.9047619047619048 0.047619047619047616 0.9 1 1.0 0.0
21 0.1 26 0.7692307692307693 0.038461538461538464 0.4 22 0.8636363636363636 0.045454545454545456 0.5 22 0.8636363636363636 0.045454545454545456 0.6 21 0.9047619047619048 0.047619047619047616 0.7 21 0.9047619047619048 0.047619047619047616 0.9 2 1.0 0.0
21 0.1 26 0.7692307692307693 0.0 0.4 22 0.8636363636363636 0.0 0.5 22 0.8636363636363636 0.0 0.6 21 0.9047619047619048 0.0 0.7 21 0.9047619047619048 0.0 0.9 3 1.0 0.0
21 0.1 27 0.7407407407407407 0.0 0.4 21 0.9047619047619048 0.0 0.5 21 0.9047619047619048 0.0 0.6 21 0.9047619047619048 0.0 0.7 21 0.9047619047619048 0.0 0.9 2 1.0 0.0
21 0.1 29 0.6896551724137931 0.0 0.4 23 0.8695652173913043 0.0 0.5 21 0.9047619047619048 0.0 0.6 21 0.9047619047619048 0.0 0.7 21 0.9047619047619048 0.0 0.9 2 1.0 0.0
21 0.1 25 0.8 0.0 0.4 23 0.8695652173913043 0.0 0.5 22 0.9090909090909091 0.0 0.6 21 0.9047619047619048 0.0 0.7 21 0.9047619047619048 0.0 0.9 2 1.0 0.0
21 0.1 26 0.7692307692307693 0.0 0.4 22 0.9090909090909091 0.0 0.5 22 0.9090909090909091 0.0 0.6 21 0.9047619047619048 0.0 0.7 19 0.9473684210526315 0.0 0.9 2 1.0 0.0
21 0.1 27 0.7407407407407407 0.0 0.4 21 0.9047619047619048 0.0 0.5 21 0.9047619047619048 0.0 0.6 21 0.9047619047619048 0.0 0.7 19 0.9473684210526315 0.0 0.9 2 1.0 0.0
21 0.1 27 0.7407407407407407 0.037037037037037035 0.4 21 0.9047619047619048 0.047619047619047616 0.5 21 0.9047619047619048 0.047619047619047616 0.6 20 0.95 0.05 0.7 19 0.9473684210526315 0.05263157894736842 0.9 2 1.0 0.0
21 0.1 29 0.6896551724137931 0.0 0.4 22 0.8636363636363636 0.0 0.5 21 0.9047619047619048 0.0 0.6 20 0.95 0.0 0.7 20 0.95 0.0 0.9 3 1.0 0.0
21 0.1 28 0.7142857142857143 0.0 0.4 23 0.8260869565217391 0.0 0.5 23 0.8260869565217391 0.0 0.6 23 0.8260869565217391 0.0 0.7 20 0.9 0.0 0.9 2 1.0 0.0
21 0.1 27 0.7407407407407407 0.0 0.4 23 0.8260869565217391 0.0 0.5 21 0.9047619047619048 0.0 0.6 20 0.9 0.0 0.7 20 0.9 0.0 0.9 1 1.0 0.0
21 0.1 29 0.6896551724137931 0.0 0.4 24 0.8333333333333334 0.0 0.5 23 0.8695652173913043 0.0 0.6 21 0.9047619047619048 0.0 0.7 21 0.9047619047619048 0.0 0.9 2 1.0 0.0
21 0.1 29 0.6896551724137931 0.034482758620689655 0.4 23 0.8260869565217391 0.043478260869565216 0.5 22 0.8636363636363636 0.045454545454545456 0.6 20 0.9 0.05 0.7 20 0.9 0.05 0.9 2 1.0 0.0
21 0.1 30 0.6666666666666666 0.06666666666666667 0.4 23 0.8260869565217391 0.08695652173913043 0.5 22 0.8636363636363636 0.09090909090909091 0.6 21 0.9047619047619048 0.09523809523809523 0.7 21 0.9047619047619048 0.09523809523809523 0.9 2 1.0 0.0
21 0.1 27 0.7407407407407407 0.0 0.4 23 0.8260869565217391 0.0 0.5 22 0.8636363636363636 0.0 0.6 21 0.9047619047619048 0.0 0.7 21 0.9047619047619048 0.0 0.9 1 1.0 0.0
21 0.1 28 0.7142857142857143 0.03571428571428571 0.4 22 0.8636363636363636 0.045454545454545456 0.5 22 0.8636363636363636 0.045454545454545456 0.6 21 0.9047619047619048 0.047619047619047616 0.7 21 0.9047619047619048 0.047619047619047616 0.9 2 1.0 0.0
21 0.1 27 0.7407407407407407 0.037037037037037035 0.4 23 0.8260869565217391 0.043478260869565216 0.5 22 0.8636363636363636 0.045454545454545456 0.6 22 0.8636363636363636 0.045454545454545456 0.7 21 0.9047619047619048 0.047619047619047616 0.9 3 1.0 0.0
21 0.1 25 0.8 0.0 0.4 23 0.8695652173913043 0.0 0.5 22 0.8636363636363636 0.0 0.6 22 0.8636363636363636 0.0 0.7 22 0.8636363636363636 0.0 0.9 2 1.0 0.0
21 0.1 25 0.8 0.0 0.4 24 0.8333333333333334 0.0 0.5 23 0.8260869565217391 0.0 0.6 22 0.8636363636363636 0.0 0.7 22 0.8636363636363636 0.0 0.9 1 1.0 0.0
21 0.1 25 0.8 0.0 0.4 23 0.8695652173913043 0.0 0.5 21 0.9047619047619048 0.0 0.6 21 0.9047619047619048 0.0 0.7 21 0.9047619047619048 0.0 0.9 0 1 1
21 0.1 25 0.8 0.0 0.4 22 0.9090909090909091 0.0 0.5 21 0.9047619047619048 0.0 0.6 21 0.9047619047619048 0.0 0.7 19 0.9473684210526315 0.0 0.9 1 1.0 0.0
21 0.1 25 0.8 0.0 0.4 23 0.8260869565217391 0.0 0.5 21 0.8571428571428571 0.0 0.6 21 0.8571428571428571 0.0 0.7 20 0.9 0.0 0.9 5 1.0 0.0
21 0.1 26 0.7692307692307693 0.0 0.4 22 0.8636363636363636 0.0 0.5 22 0.8636363636363636 0.0 0.6 21 0.9047619047619048 0.0 0.7 19 0.9473684210526315 0.0 0.9 3 1.0 0.0
21 0.1 26 0.7692307692307693 0.0 0.4 23 0.8695652173913043 0.0 0.5 23 0.8695652173913043 0.0 0.6 23 0.8695652173913043 0.0 0.7 22 0.8636363636363636 0.0 0.9 4 1.0 0.0
21 0.1 25 0.8 0.0 0.4 23 0.8695652173913043 0.0 0.5 23 0.8695652173913043 0.0 0.6 23 0.8695652173913043 0.0 0.7 21 0.8571428571428571 0.0 0.9 4 1.0 0.0
21 0.1 25 0.8 0.0 0.4 23 0.8695652173913043 0.0 0.5 23 0.8695652173913043 0.0 0.6 23 0.8695652173913043 0.0 0.7 21 0.8571428571428571 0.0 0.9 4 1.0 0.0
21 0.1 25 0.8 0.0 0.4 22 0.8636363636363636 0.0 0.5 22 0.8636363636363636 0.0 0.6 21 0.9047619047619048 0.0 0.7 19 0.8947368421052632 0.0 0.9 4 1.0 0.0
21 0.1 25 0.8 0.0 0.4 23 0.8695652173913043 0.0 0.5 23 0.8695652173913043 0.0 0.6 22 0.9090909090909091 0.0 0.7 19 0.8947368421052632 0.0 0.9 3 1.0 0.0
21 0.1 25 0.8 0.0 0.4 23 0.8695652173913043 0.0 0.5 22 0.8636363636363636 0.0 0.6 22 0.8636363636363636 0.0 0.7 21 0.9047619047619048 0.0 0.9 2 1.0 0.0
21 0.1 26 0.7692307692307693 0.07692307692307693 0.4 24 0.8333333333333334 0.08333333333333333 0.5 22 0.8636363636363636 0.09090909090909091 0.6 22 0.8636363636363636 0.09090909090909091 0.7 20 0.95 0.1 0.9 2 1.0 0.0
21 0.1 27 0.7407407407407407 0.037037037037037035 0.4 24 0.8333333333333334 0.041666666666666664 0.5 24 0.8333333333333334 0.041666666666666664 0.6 22 0.8636363636363636 0.045454545454545456 0.7 20 0.9 0.05 0.9 1 1.0 0.0
21 0.1 27 0.7407407407407407 0.0 0.4 24 0.8333333333333334 0.0 0.5 24 0.8333333333333334 0.0 0.6 23 0.8695652173913043 0.0 0.7 20 0.9 0.0 0.9 2 1.0 0.0
21 0.1 25 0.8 0.0 0.4 23 0.8695652173913043 0.0 0.5 22 0.8636363636363636 0.0 0.6 22 0.8636363636363636 0.0 0.7 21 0.9047619047619048 0.0 0.9 2 1.0 0.0
21 0.1 26 0.7692307692307693 0.0 0.4 22 0.8636363636363636 0.0 0.5 22 0.8636363636363636 0.0 0.6 21 0.8571428571428571 0.0 0.7 20 0.9 0.0 0.9 4 1.0 0.0
21 0.1 25 0.76 0.0 0.4 23 0.8260869565217391 0.0 0.5 22 0.8636363636363636 0.0 0.6 20 0.9 0.0 0.7 19 0.9473684210526315 0.0 0.9 4 1.0 0.0
21 0.1 26 0.7692307692307693 0.0 0.4 24 0.8333333333333334 0.0 0.5 24 0.8333333333333334 0.0 0.6 23 0.8260869565217391 0.0 0.7 21 0.8571428571428571 0.0 0.9 3 1.0 0.0
21 0.1 27 0.7407407407407407 0.0 0.4 24 0.8333333333333334 0.0 0.5 24 0.8333333333333334 0.0 0.6 22 0.8636363636363636 0.0 0.7 22 0.8636363636363636 0.0 0.9 2 1.0 0.0
21 0.1 27 0.7407407407407407 0.0 0.4 24 0.8333333333333334 0.0 0.5 24 0.8333333333333334 0.0 0.6 23 0.8260869565217391 0.0 0.7 21 0.9047619047619048 0.0 0.9 2 1.0 0.0
21 0.1 27 0.7407407407407407 0.0 0.4 23 0.8260869565217391 0.0 0.5 23 0.8260869565217391 0.0 0.6 21 0.9047619047619048 0.0 0.7 21 0.9047619047619048 0.0 0.9 2 1.0 0.0
21 0.1 27 0.7407407407407407 0.14814814814814814 0.4 22 0.8636363636363636 0.18181818181818182 0.5 22 0.8636363636363636 0.18181818181818182 0.6 21 0.9047619047619048 0.19047619047619047 0.7 21 0.9047619047619048 0.19047619047619047 0.9 3 1.0 0.3333333333333333
21 0.1 27 0.7407407407407407 0.07407407407407407 0.4 24 0.8333333333333334 0.08333333333333333 0.5 23 0.8260869565217391 0.08695652173913043 0.6 22 0.8636363636363636 0.09090909090909091 0.7 21 0.9047619047619048 0.09523809523809523 0.9 3 1.0 0.3333333333333333
21 0.1 26 0.7692307692307693 0.0 0.4 23 0.8695652173913043 0.0 0.5 22 0.8636363636363636 0.0 0.6 21 0.9047619047619048 0.0 0.7 21 0.9047619047619048 0.0 0.9 2 1.0 0.0
21 0.1 27 0.7407407407407407 0.0 0.4 22 0.8636363636363636 0.0 0.5 22 0.8636363636363636 0.0 0.6 20 0.95 0.0 0.7 20 0.95 0.0 0.9 0 1 1
21 0.1 26 0.7692307692307693 0.0 0.4 21 0.9047619047619048 0.0 0.5 21 0.9047619047619048 0.0 0.6 20 0.95 0.0 0.7 20 0.95 0.0 0.9 2 1.0 0.0
21 0.1 26 0.7307692307692307 0.0 0.4 21 0.9047619047619048 0.0 0.5 21 0.9047619047619048 0.0 0.6 20 0.95 0.0 0.7 20 0.95 0.0 0.9 6 0.8333333333333334 0.0
21 0.1 26 0.7692307692307693 0.0 0.4 22 0.8636363636363636 0.0 0.5 21 0.9047619047619048 0.0 0.6 20 0.95 0.0 0.7 20 0.95 0.0 0.9 4 0.75 0.0
21 0.1 26 0.7692307692307693 0.0 0.4 22 0.9090909090909091 0.0 0.5 20 0.95 0.0 0.6 20 0.95 0.0 0.7 20 0.95 0.0 0.9 3 1.0 0.0
21 0.1 28 0.7142857142857143 0.03571428571428571 0.4 22 0.9090909090909091 0.045454545454545456 0.5 21 0.9047619047619048 0.047619047619047616 0.6 21 0.9047619047619048 0.047619047619047616 0.7 20 0.95 0.05 0.9 2 1.0 0.0
21 0.1 27 0.7407407407407407 0.037037037037037035 0.4 22 0.9090909090909091 0.045454545454545456 0.5 21 0.9523809523809523 0.047619047619047616 0.6 20 0.95 0.05 0.7 20 0.95 0.05 0.9 2 1.0 0.0
