20 0.1 0 1 1 0.4 0 1 1 0.5 0 1 1 0.6 0 1 1 0.7 0 1 1 0.9 0 1 1
20 0.1 0 1 1 0.4 0 1 1 0.5 0 1 1 0.6 0 1 1 0.7 0 1 1 0.9 0 1 1
20 0.1 0 1 1 0.4 0 1 1 0.5 0 1 1 0.6 0 1 1 0.7 0 1 1 0.9 0 1 1
20 0.1 27 0.037037037037037035 0.0 0.4 0 1 1 0.5 0 1 1 0.6 0 1 1 0.7 0 1 1 0.9 0 1 1
20 0.1 26 0.038461538461538464 0.0 0.4 0 1 1 0.5 0 1 1 0.6 0 1 1 0.7 0 1 1 0.9 0 1 1
20 0.1 213 0.07042253521126761 0.0 0.4 2 0.0 0.0 0.5 1 0.0 0.0 0.6 1 0.0 0.0 0.7 0 1 1 0.9 0 1 1
20 0.1 71 0.056338028169014086 0.0 0.4 4 0.0 0.0 0.5 1 0.0 0.0 0.6 0 1 1 0.7 0 1 1 0.9 0 1 1
20 0.1 508 0.03346456692913386 0.0 0.4 39 0.20512820512820512 0.0 0.5 10 0.1 0.0 0.6 0 1 1 0.7 0 1 1 0.9 0 1 1
20 0.1 381 0.049868766404199474 0.0 0.4 42 0.21428571428571427 0.0 0.5 6 0.16666666666666666 0.0 0.6 0 1 1 0.7 0 1 1 0.9 0 1 1
20 0.1 284 0.06690140845070422 0.0 0.4 4 0.5 0.0 0.5 0 1 1 0.6 0 1 1 0.7 0 1 1 0.9 0 1 1
20 0.1 121 0.1322314049586777 0.0 0.4 5 0.2 0.0 0.5 0 1 1 0.6 0 1 1 0.7 0 1 1 0.9 0 1 1
20 0.1 185 0.0918918918918919 0.0 0.4 9 0.3333333333333333 0.0 0.5 2 0.5 0.0 0.6 0 1 1 0.7 0 1 1 0.9 0 1 1
20 0.1 84 0.16666666666666666 0.0 0.4 7 0.42857142857142855 0.0 0.5 3 0.3333333333333333 0.0 0.6 1 0.0 0.0 0.7 0 1 1 0.9 0 1 1
20 0.1 183 0.08743169398907104 0.0 0.4 23 0.30434782608695654 0.0 0.5 3 0.6666666666666666 0.0 0.6 0 1 1 0.7 0 1 1 0.9 0 1 1
20 0.1 161 0.09937888198757763 0.0 0.4 2 0.5 0.0 0.5 0 1 1 0.6 0 1 1 0.7 0 1 1 0.9 0 1 1
20 0.1 125 0.144 0.0 0.4 32 0.375 0.0 0.5 13 0.6153846153846154 0.0 0.6 2 1.0 0.0 0.7 0 1 1 0.9 0 1 1
20 0.1 151 0.11258278145695365 0.0 0.4 36 0.3055555555555556 0.0 0.5 10 0.8 0.0 0.6 0 1 1 0.7 0 1 1 0.9 0 1 1
20 0.1 135 0.1111111111111111 0.0 0.4 6 0.8333333333333334 0.0 0.5 1 1.0 0.0 0.6 0 1 1 0.7 0 1 1 0.9 0 1 1
20 0.1 62 0.20967741935483872 0.0 0.4 13 0.7692307692307693 0.0 0.5 7 0.8571428571428571 0.0 0.6 1 1.0 0.0 0.7 0 1 1 0.9 0 1 1
20 0.1 91 0.15384615384615385 0.0 0.4 18 0.4444444444444444 0.0 0.5 6 0.8333333333333334 0.0 0.6 1 1.0 0.0 0.7 0 1 1 0.9 0 1 1
20 0.1 42 0.3333333333333333 0.0 0.4 16 0.75 0.0 0.5 11 0.9090909090909091 0.0 0.6 4 1.0 0.0 0.7 1 1.0 0.0 0.9 0 1 1
20 0.1 73 0.2054794520547945 0.0 0.4 18 0.6666666666666666 0.0 0.5 9 0.8888888888888888 0.0 0.6 2 1.0 0.0 0.7 0 1 1 0.9 0 1 1
20 0.1 38 0.3684210526315789 0.0 0.4 12 0.8333333333333334 0.0 0.5 10 0.8 0.0 0.6 4 1.0 0.0 0.7 1 1.0 0.0 0.9 0 1 1
20 0.1 75 0.2 0.0 0.4 11 0.6363636363636364 0.0 0.5 3 1.0 0.0 0.6 1 1.0 0.0 0.7 0 1 1 0.9 0 1 1
20 0.1 9 0.6666666666666666 0.1111111111111111 0.4 1 1.0 0.0 0.5 0 1 1 0.6 0 1 1 0.7 0 1 1 0.9 0 1 1
20 0.1 68 0.22058823529411764 0.0 0.4 24 0.3333333333333333 0.0 0.5 19 0.3157894736842105 0.0 0.6 7 0.5714285714285714 0.0 0.7 2 1.0 0.0 0.9 0 1 1
20 0.1 53 0.24528301886792453 0.0 0.4 13 0.6153846153846154 0.0 0.5 8 0.75 0.0 0.6 3 1.0 0.0 0.7 1 1.0 0.0 0.9 0 1 1
20 0.1 41 0.2926829268292683 0.0 0.4 12 0.6666666666666666 0.0 0.5 6 0.6666666666666666 0.0 0.6 2 1.0 0.0 0.7 1 1.0 0.0 0.9 0 1 1
20 0.1 33 0.36363636363636365 0.0 0.4 8 0.625 0.0 0.5 2 1.0 0.0 0.6 1 1.0 0.0 0.7 0 1 1 0.9 0 1 1
20 0.1 73 0.2328767123287671 0.0 0.4 35 0.42857142857142855 0.0 0.5 23 0.5217391304347826 0.0 0.6 18 0.6666666666666666 0.0 0.7 13 0.7692307692307693 0.0 0.9 0 1 1
20 0.1 34 0.5 0.0 0.4 11 0.8181818181818182 0.0 0.5 8 0.75 0.0 0.6 4 1.0 0.0 0.7 4 1.0 0.0 0.9 0 1 1
20 0.1 32 0.40625 0.0 0.4 13 0.7692307692307693 0.0 0.5 10 0.8 0.0 0.6 7 1.0 0.0 0.7 5 1.0 0.0 0.9 0 1 1
20 0.1 65 0.26153846153846155 0.0 0.4 23 0.4782608695652174 0.0 0.5 16 0.5625 0.0 0.6 9 0.7777777777777778 0.0 0.7 5 1.0 0.0 0.9 0 1 1
20 0.1 75 0.24 0.0 0.4 16 0.75 0.0 0.5 10 0.8 0.0 0.6 5 1.0 0.0 0.7 2 1.0 0.0 0.9 0 1 1
20 0.1 24 0.3333333333333333 0.0 0.4 4 0.5 0.0 0.5 3 0.6666666666666666 0.0 0.6 1 1.0 0.0 0.7 0 1 1 0.9 0 1 1
20 0.1 52 0.3076923076923077 0.0 0.4 16 0.75 0.0 0.5 14 0.8571428571428571 0.0 0.6 8 1.0 0.0 0.7 5 1.0 0.0 0.9 0 1 1
20 0.1 24 0.5 0.0 0.4 5 0.8 0.0 0.5 3 1.0 0.0 0.6 2 1.0 0.0 0.7 0 1 1 0.9 0 1 1
20 0.1 2 0.5 0.0 0.4 0 1 1 0.5 0 1 1 0.6 0 1 1 0.7 0 1 1 0.9 0 1 1
20 0.1 85 0.18823529411764706 0.0 0.4 24 0.375 0.0 0.5 14 0.5714285714285714 0.0 0.6 8 0.875 0.0 0.7 1 1.0 0.0 0.9 0 1 1
20 0.1 51 0.2549019607843137 0.0 0.4 12 0.4166666666666667 0.0 0.5 3 0.6666666666666666 0.0 0.6 1 0.0 0.0 0.7 0 1 1 0.9 0 1 1
20 0.1 16 0.625 0.0 0.4 2 1.0 0.0 0.5 2 1.0 0.0 0.6 1 1.0 0.0 0.7 0 1 1 0.9 0 1 1
20 0.1 51 0.3333333333333333 0.0 0.4 5 0.8 0.0 0.5 3 1.0 0.0 0.6 2 1.0 0.0 0.7 0 1 1 0.9 0 1 1
20 0.1 14 0.5 0.0 0.4 1 1.0 0.0 0.5 0 1 1 0.6 0 1 1 0.7 0 1 1 0.9 0 1 1
20 0.1 8 0.375 0.0 0.4 0 1 1 0.5 0 1 1 0.6 0 1 1 0.7 0 1 1 0.9 0 1 1
20 0.1 0 1 1 0.4 0 1 1 0.5 0 1 1 0.6 0 1 1 0.7 0 1 1 0.9 0 1 1
20 0.1 2 0.0 0.0 0.4 0 1 1 0.5 0 1 1 0.6 0 1 1 0.7 0 1 1 0.9 0 1 1
20 0.1 0 1 1 0.4 0 1 1 0.5 0 1 1 0.6 0 1 1 0.7 0 1 1 0.9 0 1 1
20 0.1 0 1 1 0.4 0 1 1 0.5 0 1 1 0.6 0 1 1 0.7 0 1 1 0.9 0 1 1
20 0.1 0 1 1 0.4 0 1 1 0.5 0 1 1 0.6 0 1 1 0.7 0 1 1 0.9 0 1 1
20 0.1 2 0.0 0.0 0.4 0 1 1 0.5 0 1 1 0.6 0 1 1 0.7 0 1 1 0.9 0 1 1
20 0.1 2 1.0 0.0 0.4 0 1 1 0.5 0 1 1 0.6 0 1 1 0.7 0 1 1 0.9 0 1 1
20 0.1 25 0.28 0.0 0.4 9 0.3333333333333333 0.0 0.5 5 0.4 0.0 0.6 0 1 1 0.7 0 1 1 0.9 0 1 1
20 0.1 17 0.5294117647058824 0.0 0.4 0 1 1 0.5 0 1 1 0.6 0 1 1 0.7 0 1 1 0.9 0 1 1
20 0.1 27 0.4074074074074074 0.0 0.4 4 1.0 0.0 0.5 3 1.0 0.0 0.6 1 1.0 0.0 0.7 0 1 1 0.9 0 1 1
20 0.1 27 0.2222222222222222 0.0 0.4 3 0.6666666666666666 0.0 0.5 2 0.5 0.0 0.6 2 0.5 0.0 0.7 0 1 1 0.9 0 1 1
20 0.1 13 0.46153846153846156 0.0 0.4 0 1 1 0.5 0 1 1 0.6 0 1 1 0.7 0 1 1 0.9 0 1 1
20 0.1 15 0.6 0.0 0.4 0 1 1 0.5 0 1 1 0.6 0 1 1 0.7 0 1 1 0.9 0 1 1
20 0.1 68 0.27941176470588236 0.0 0.4 17 0.7058823529411765 0.0 0.5 13 0.8461538461538461 0.0 0.6 10 0.9 0.0 0.7 2 1.0 0.0 0.9 0 1 1
20 0.1 27 0.48148148148148145 0.0 0.4 11 0.9090909090909091 0.0 0.5 8 1.0 0.0 0.6 3 1.0 0.0 0.7 0 1 1 0.9 0 1 1
20 0.1 79 0.17721518987341772 0.0 0.4 4 0.5 0.0 0.5 0 1 1 0.6 0 1 1 0.7 0 1 1 0.9 0 1 1
20 0.1 24 0.5 0.0 0.4 7 0.8571428571428571 0.0 0.5 6 1.0 0.0 0.6 3 1.0 0.0 0.7 1 1.0 0.0 0.9 0 1 1
20 0.1 31 0.45161290322580644 0.0 0.4 4 1.0 0.0 0.5 3 1.0 0.0 0.6 2 1.0 0.0 0.7 0 1 1 0.9 0 1 1
20 0.1 58 0.3103448275862069 0.0 0.4 9 1.0 0.0 0.5 5 1.0 0.0 0.6 1 1.0 0.0 0.7 0 1 1 0.9 0 1 1
20 0.1 53 0.3584905660377358 0.0 0.4 14 0.8571428571428571 0.0 0.5 9 0.8888888888888888 0.0 0.6 5 1.0 0.0 0.7 0 1 1 0.9 0 1 1
20 0.1 68 0.27941176470588236 0.0 0.4 12 0.75 0.0 0.5 9 0.8888888888888888 0.0 0.6 5 1.0 0.0 0.7 2 1.0 0.0 0.9 0 1 1
20 0.1 44 0.4090909090909091 0.0 0.4 11 0.9090909090909091 0.0 0.5 6 0.8333333333333334 0.0 0.6 0 1 1 0.7 0 1 1 0.9 0 1 1
20 0.1 43 0.4186046511627907 0.023255813953488372 0.4 10 0.9 0.0 0.5 6 1.0 0.0 0.6 2 1.0 0.0 0.7 0 1 1 0.9 0 1 1
20 0.1 19 0.3684210526315789 0.0 0.4 1 1.0 0.0 0.5 0 1 1 0.6 0 1 1 0.7 0 1 1 0.9 0 1 1
20 0.1 4 0.0 0.0 0.4 0 1 1 0.5 0 1 1 0.6 0 1 1 0.7 0 1 1 0.9 0 1 1
20 0.1 11 0.2727272727272727 0.0 0.4 1 0.0 0.0 0.5 1 0.0 0.0 0.6 0 1 1 0.7 0 1 1 0.9 0 1 1
20 0.1 19 0.631578947368421 0.05263157894736842 0.4 7 1.0 0.0 0.5 4 1.0 0.0 0.6 3 1.0 0.0 0.7 0 1 1 0.9 0 1 1
20 0.1 43 0.4186046511627907 0.0 0.4 13 0.9230769230769231 0.0 0.5 10 1.0 0.0 0.6 9 1.0 0.0 0.7 3 1.0 0.0 0.9 0 1 1
20 0.1 40 0.35 0.0 0.4 13 0.8461538461538461 0.0 0.5 11 0.9090909090909091 0.0 0.6 5 1.0 0.0 0.7 1 1.0 0.0 0.9 0 1 1
20 0.1 18 0.5555555555555556 0.0 0.4 5 1.0 0.0 0.5 1 1.0 0.0 0.6 0 1 1 0.7 0 1 1 0.9 0 1 1
20 0.1 22 0.6363636363636364 0.0 0.4 6 1.0 0.0 0.5 3 1.0 0.0 0.6 1 1.0 0.0 0.7 0 1 1 0.9 0 1 1
20 0.1 39 0.41025641025641024 0.02564102564102564 0.4 9 1.0 0.1111111111111111 0.5 6 1.0 0.0 0.6 1 1.0 0.0 0.7 0 1 1 0.9 0 1 1
20 0.1 39 0.41025641025641024 0.0 0.4 12 0.75 0.0 0.5 8 0.75 0.0 0.6 6 0.6666666666666666 0.0 0.7 2 1.0 0.0 0.9 0 1 1
20 0.1 35 0.45714285714285713 0.0 0.4 7 0.7142857142857143 0.0 0.5 6 0.6666666666666666 0.0 0.6 2 1.0 0.0 0.7 0 1 1 0.9 0 1 1
20 0.1 128 0.1328125 0.015625 0.4 7 0.8571428571428571 0.14285714285714285 0.5 2 1.0 0.0 0.6 0 1 1 0.7 0 1 1 0.9 0 1 1
20 0.1 94 0.18085106382978725 0.02127659574468085 0.4 28 0.5357142857142857 0.07142857142857142 0.5 23 0.5217391304347826 0.043478260869565216 0.6 12 0.75 0.08333333333333333 0.7 4 0.75 0.0 0.9 0 1 1
20 0.1 185 0.10270270270270271 0.0 0.4 43 0.3488372093023256 0.0 0.5 27 0.48148148148148145 0.0 0.6 13 0.6923076923076923 0.0 0.7 7 0.8571428571428571 0.0 0.9 0 1 1
20 0.1 30 0.5333333333333333 0.0 0.4 9 0.7777777777777778 0.0 0.5 7 0.8571428571428571 0.0 0.6 5 0.8 0.0 0.7 3 0.6666666666666666 0.0 0.9 0 1 1
20 0.1 19 0.7368421052631579 0.0 0.4 6 1.0 0.0 0.5 5 1.0 0.0 0.6 1 1.0 0.0 0.7 0 1 1 0.9 0 1 1
20 0.1 29 0.6206896551724138 0.0 0.4 11 0.9090909090909091 0.0 0.5 9 0.8888888888888888 0.0 0.6 8 0.875 0.0 0.7 2 0.5 0.0 0.9 0 1 1
20 0.1 19 0.6842105263157895 0.10526315789473684 0.4 10 0.9 0.2 0.5 7 1.0 0.14285714285714285 0.6 4 1.0 0.0 0.7 2 1.0 0.0 0.9 0 1 1
20 0.1 21 0.7142857142857143 0.047619047619047616 0.4 7 1.0 0.0 0.5 4 1.0 0.0 0.6 1 1.0 0.0 0.7 0 1 1 0.9 0 1 1
20 0.1 21 0.6666666666666666 0.0 0.4 7 1.0 0.0 0.5 5 1.0 0.0 0.6 4 1.0 0.0 0.7 0 1 1 0.9 0 1 1
20 0.1 22 0.7272727272727273 0.0 0.4 10 0.9 0.0 0.5 6 1.0 0.0 0.6 3 1.0 0.0 0.7 1 1.0 0.0 0.9 0 1 1
20 0.1 29 0.5172413793103449 0.0 0.4 9 0.7777777777777778 0.0 0.5 5 1.0 0.0 0.6 2 1.0 0.0 0.7 2 1.0 0.0 0.9 0 1 1
20 0.1 23 0.6521739130434783 0.043478260869565216 0.4 10 0.9 0.1 0.5 7 1.0 0.0 0.6 5 1.0 0.0 0.7 2 1.0 0.0 0.9 0 1 1
20 0.1 30 0.5666666666666667 0.06666666666666667 0.4 11 0.8181818181818182 0.0 0.5 8 1.0 0.0 0.6 4 1.0 0.0 0.7 2 1.0 0.0 0.9 0 1 1
20 0.1 21 0.6666666666666666 0.0 0.4 7 0.8571428571428571 0.0 0.5 5 1.0 0.0 0.6 2 1.0 0.0 0.7 1 1.0 0.0 0.9 0 1 1
20 0.1 30 0.5333333333333333 0.0 0.4 12 0.9166666666666666 0.0 0.5 11 0.9090909090909091 0.0 0.6 8 1.0 0.0 0.7 3 1.0 0.0 0.9 0 1 1
20 0.1 101 0.15841584158415842 0.0 0.4 12 0.6666666666666666 0.0 0.5 7 0.8571428571428571 0.0 0.6 2 1.0 0.0 0.7 0 1 1 0.9 0 1 1
20 0.1 14 0.7857142857142857 0.0 0.4 3 1.0 0.0 0.5 2 1.0 0.0 0.6 1 1.0 0.0 0.7 0 1 1 0.9 0 1 1
20 0.1 52 0.3076923076923077 0.0 0.4 10 0.6 0.0 0.5 6 0.5 0.0 0.6 2 0.5 0.0 0.7 0 1 1 0.9 0 1 1
20 0.1 42 0.40476190476190477 0.0 0.4 14 0.8571428571428571 0.0 0.5 9 0.8888888888888888 0.0 0.6 6 1.0 0.0 0.7 2 1.0 0.0 0.9 0 1 1
20 0.1 21 0.6190476190476191 0.0 0.4 10 0.9 0.0 0.5 10 0.9 0.0 0.6 8 0.875 0.0 0.7 5 1.0 0.0 0.9 0 1 1
20 0.1 26 0.5769230769230769 0.038461538461538464 0.4 9 0.8888888888888888 0.0 0.5 5 1.0 0.0 0.6 2 1.0 0.0 0.7 2 1.0 0.0 0.9 0 1 1
20 0.1 30 0.5333333333333333 0.0 0.4 7 1.0 0.0 0.5 3 1.0 0.0 0.6 1 1.0 0.0 0.7 0 1 1 0.9 0 1 1
20 0.1 104 0.16346153846153846 0.009615384615384616 0.4 26 0.5 0.038461538461538464 0.5 20 0.6 0.05 0.6 5 0.8 0.0 0.7 0 1 1 0.9 0 1 1
20 0.1 20 0.65 0.0 0.4 5 0.8 0.0 0.5 3 1.0 0.0 0.6 1 1.0 0.0 0.7 0 1 1 0.9 0 1 1
20 0.1 29 0.6551724137931034 0.034482758620689655 0.4 11 0.9090909090909091 0.0 0.5 10 1.0 0.0 0.6 8 1.0 0.0 0.7 3 1.0 0.0 0.9 0 1 1
20 0.1 23 0.6086956521739131 0.0 0.4 8 1.0 0.0 0.5 7 1.0 0.0 0.6 3 1.0 0.0 0.7 2 1.0 0.0 0.9 0 1 1
20 0.1 25 0.6 0.04 0.4 11 0.9090909090909091 0.09090909090909091 0.5 9 1.0 0.1111111111111111 0.6 6 1.0 0.16666666666666666 0.7 1 1.0 0.0 0.9 0 1 1
20 0.1 39 0.41025641025641024 0.0 0.4 12 0.9166666666666666 0.0 0.5 10 1.0 0.0 0.6 7 1.0 0.0 0.7 4 1.0 0.0 0.9 0 1 1
20 0.1 49 0.32653061224489793 0.0 0.4 15 0.8 0.0 0.5 11 0.9090909090909091 0.0 0.6 8 1.0 0.0 0.7 7 1.0 0.0 0.9 0 1 1
20 0.1 33 0.48484848484848486 0.06060606060606061 0.4 11 1.0 0.09090909090909091 0.5 8 1.0 0.0 0.6 6 1.0 0.0 0.7 2 1.0 0.0 0.9 0 1 1
20 0.1 23 0.7391304347826086 0.08695652173913043 0.4 9 0.8888888888888888 0.2222222222222222 0.5 6 0.8333333333333334 0.16666666666666666 0.6 4 1.0 0.25 0.7 2 1.0 0.5 0.9 0 1 1
20 0.1 27 0.5925925925925926 0.0 0.4 12 0.9166666666666666 0.0 0.5 9 1.0 0.0 0.6 7 1.0 0.0 0.7 5 1.0 0.0 0.9 0 1 1
20 0.1 27 0.6296296296296297 0.0 0.4 9 1.0 0.0 0.5 8 1.0 0.0 0.6 5 1.0 0.0 0.7 5 1.0 0.0 0.9 0 1 1
20 0.1 26 0.5769230769230769 0.07692307692307693 0.4 9 1.0 0.2222222222222222 0.5 7 1.0 0.2857142857142857 0.6 4 1.0 0.25 0.7 3 1.0 0.3333333333333333 0.9 0 1 1
20 0.1 22 0.6363636363636364 0.0 0.4 7 1.0 0.0 0.5 4 1.0 0.0 0.6 3 1.0 0.0 0.7 1 1.0 0.0 0.9 0 1 1
20 0.1 32 0.4375 0.03125 0.4 9 0.8888888888888888 0.0 0.5 7 0.8571428571428571 0.0 0.6 6 1.0 0.0 0.7 5 1.0 0.0 0.9 0 1 1
20 0.1 31 0.5483870967741935 0.03225806451612903 0.4 11 1.0 0.09090909090909091 0.5 9 1.0 0.0 0.6 7 1.0 0.0 0.7 2 1.0 0.0 0.9 0 1 1
20 0.1 42 0.42857142857142855 0.023809523809523808 0.4 18 0.8333333333333334 0.05555555555555555 0.5 12 0.9166666666666666 0.08333333333333333 0.6 8 1.0 0.0 0.7 4 1.0 0.0 0.9 0 1 1
20 0.1 38 0.4473684210526316 0.0 0.4 12 0.9166666666666666 0.0 0.5 9 1.0 0.0 0.6 7 1.0 0.0 0.7 5 1.0 0.0 0.9 0 1 1
20 0.1 32 0.53125 0.09375 0.4 11 0.9090909090909091 0.18181818181818182 0.5 9 1.0 0.2222222222222222 0.6 6 1.0 0.3333333333333333 0.7 4 1.0 0.25 0.9 0 1 1
20 0.1 17 0.7647058823529411 0.0 0.4 10 0.9 0.0 0.5 8 0.875 0.0 0.6 7 0.8571428571428571 0.0 0.7 4 1.0 0.0 0.9 0 1 1
20 0.1 25 0.64 0.12 0.4 11 0.7272727272727273 0.2727272727272727 0.5 6 1.0 0.3333333333333333 0.6 6 1.0 0.3333333333333333 0.7 4 1.0 0.25 0.9 0 1 1
20 0.1 27 0.5925925925925926 0.07407407407407407 0.4 11 1.0 0.09090909090909091 0.5 10 1.0 0.1 0.6 8 1.0 0.125 0.7 5 1.0 0.2 0.9 0 1 1
20 0.1 18 0.7777777777777778 0.0 0.4 10 1.0 0.0 0.5 9 1.0 0.0 0.6 6 1.0 0.0 0.7 6 1.0 0.0 0.9 0 1 1
20 0.1 28 0.5714285714285714 0.07142857142857142 0.4 14 0.8571428571428571 0.14285714285714285 0.5 11 1.0 0.18181818181818182 0.6 9 1.0 0.2222222222222222 0.7 8 1.0 0.25 0.9 0 1 1
20 0.1 34 0.5 0.029411764705882353 0.4 19 0.7368421052631579 0.0 0.5 14 0.8571428571428571 0.0 0.6 12 0.9166666666666666 0.0 0.7 10 1.0 0.0 0.9 0 1 1
20 0.1 32 0.53125 0.03125 0.4 13 0.9230769230769231 0.07692307692307693 0.5 11 1.0 0.09090909090909091 0.6 11 1.0 0.09090909090909091 0.7 9 1.0 0.1111111111111111 0.9 0 1 1
20 0.1 23 0.6956521739130435 0.043478260869565216 0.4 13 1.0 0.07692307692307693 0.5 13 1.0 0.07692307692307693 0.6 11 1.0 0.0 0.7 6 1.0 0.0 0.9 0 1 1
20 0.1 27 0.5185185185185185 0.0 0.4 8 1.0 0.0 0.5 6 1.0 0.0 0.6 4 1.0 0.0 0.7 3 1.0 0.0 0.9 0 1 1
20 0.1 20 0.75 0.05 0.4 10 1.0 0.1 0.5 8 1.0 0.125 0.6 4 1.0 0.25 0.7 3 1.0 0.0 0.9 0 1 1
20 0.1 25 0.6 0.0 0.4 13 0.9230769230769231 0.0 0.5 11 1.0 0.0 0.6 8 1.0 0.0 0.7 5 1.0 0.0 0.9 0 1 1
20 0.1 19 0.6842105263157895 0.05263157894736842 0.4 9 0.8888888888888888 0.1111111111111111 0.5 6 0.8333333333333334 0.0 0.6 6 0.8333333333333334 0.0 0.7 4 0.75 0.0 0.9 0 1 1
20 0.1 25 0.52 0.08 0.4 14 0.7142857142857143 0.14285714285714285 0.5 10 1.0 0.2 0.6 7 1.0 0.14285714285714285 0.7 7 1.0 0.14285714285714285 0.9 0 1 1
20 0.1 15 0.8 0.06666666666666667 0.4 7 0.8571428571428571 0.14285714285714285 0.5 6 1.0 0.16666666666666666 0.6 5 1.0 0.2 0.7 4 1.0 0.25 0.9 0 1 1
20 0.1 24 0.5416666666666666 0.0 0.4 10 0.9 0.0 0.5 6 1.0 0.0 0.6 5 1.0 0.0 0.7 5 1.0 0.0 0.9 0 1 1
20 0.1 21 0.6666666666666666 0.0 0.4 8 1.0 0.0 0.5 7 1.0 0.0 0.6 6 1.0 0.0 0.7 2 1.0 0.0 0.9 0 1 1
20 0.1 15 0.7333333333333333 0.0 0.4 8 1.0 0.0 0.5 7 1.0 0.0 0.6 6 1.0 0.0 0.7 4 1.0 0.0 0.9 0 1 1
20 0.1 32 0.53125 0.03125 0.4 10 0.8 0.1 0.5 8 0.875 0.125 0.6 5 1.0 0.0 0.7 4 1.0 0.0 0.9 0 1 1
20 0.1 33 0.48484848484848486 0.030303030303030304 0.4 12 0.8333333333333334 0.08333333333333333 0.5 10 0.8 0.1 0.6 8 0.875 0.0 0.7 6 1.0 0.0 0.9 0 1 1
20 0.1 30 0.5666666666666667 0.0 0.4 13 0.9230769230769231 0.0 0.5 11 0.9090909090909091 0.0 0.6 10 0.9 0.0 0.7 9 0.8888888888888888 0.0 0.9 0 1 1
20 0.1 26 0.6538461538461539 0.0 0.4 11 0.8181818181818182 0.0 0.5 6 0.8333333333333334 0.0 0.6 6 0.8333333333333334 0.0 0.7 4 0.75 0.0 0.9 0 1 1
20 0.1 26 0.6153846153846154 0.0 0.4 11 1.0 0.0 0.5 9 1.0 0.0 0.6 8 1.0 0.0 0.7 5 1.0 0.0 0.9 0 1 1
20 0.1 28 0.5714285714285714 0.03571428571428571 0.4 13 0.9230769230769231 0.07692307692307693 0.5 10 0.9 0.1 0.6 8 1.0 0.125 0.7 6 1.0 0.16666666666666666 0.9 0 1 1
20 0.1 26 0.6153846153846154 0.038461538461538464 0.4 14 0.8571428571428571 0.07142857142857142 0.5 10 0.9 0.1 0.6 8 1.0 0.125 0.7 6 1.0 0.0 0.9 0 1 1
20 0.1 21 0.6666666666666666 0.0 0.4 10 0.9 0.0 0.5 8 1.0 0.0 0.6 8 1.0 0.0 0.7 8 1.0 0.0 0.9 0 1 1
20 0.1 32 0.40625 0.0 0.4 13 0.8461538461538461 0.0 0.5 12 0.8333333333333334 0.0 0.6 10 0.9 0.0 0.7 8 1.0 0.0 0.9 0 1 1
20 0.1 60 0.3 0.05 0.4 18 0.6666666666666666 0.1111111111111111 0.5 11 0.8181818181818182 0.09090909090909091 0.6 10 0.8 0.1 0.7 6 0.8333333333333334 0.16666666666666666 0.9 0 1 1
20 0.1 31 0.4838709677419355 0.0 0.4 15 0.7333333333333333 0.0 0.5 14 0.7142857142857143 0.0 0.6 11 0.9090909090909091 0.0 0.7 10 0.9 0.0 0.9 0 1 1
20 0.1 29 0.5517241379310345 0.0 0.4 15 0.7333333333333333 0.0 0.5 12 0.8333333333333334 0.0 0.6 11 0.8181818181818182 0.0 0.7 8 0.875 0.0 0.9 0 1 1
20 0.1 26 0.6153846153846154 0.07692307692307693 0.4 14 0.7857142857142857 0.14285714285714285 0.5 12 0.8333333333333334 0.16666666666666666 0.6 8 0.875 0.25 0.7 7 1.0 0.2857142857142857 0.9 0 1 1
20 0.1 37 0.4864864864864865 0.02702702702702703 0.4 19 0.7368421052631579 0.05263157894736842 0.5 16 0.875 0.0625 0.6 14 0.8571428571428571 0.07142857142857142 0.7 11 0.9090909090909091 0.09090909090909091 0.9 0 1 1
20 0.1 38 0.42105263157894735 0.02631578947368421 0.4 18 0.6666666666666666 0.05555555555555555 0.5 15 0.7333333333333333 0.06666666666666667 0.6 11 0.9090909090909091 0.09090909090909091 0.7 7 1.0 0.14285714285714285 0.9 0 1 1
20 0.1 30 0.5333333333333333 0.1 0.4 13 0.8461538461538461 0.15384615384615385 0.5 13 0.8461538461538461 0.15384615384615385 0.6 12 0.9166666666666666 0.16666666666666666 0.7 10 0.9 0.1 0.9 0 1 1
20 0.1 39 0.4358974358974359 0.0 0.4 17 0.8235294117647058 0.0 0.5 15 0.9333333333333333 0.0 0.6 12 1.0 0.0 0.7 8 1.0 0.0 0.9 0 1 1
20 0.1 34 0.47058823529411764 0.029411764705882353 0.4 17 0.7647058823529411 0.058823529411764705 0.5 14 0.7857142857142857 0.07142857142857142 0.6 11 0.9090909090909091 0.09090909090909091 0.7 8 1.0 0.125 0.9 0 1 1
20 0.1 42 0.35714285714285715 0.07142857142857142 0.4 22 0.6363636363636364 0.13636363636363635 0.5 21 0.6666666666666666 0.14285714285714285 0.6 16 0.75 0.1875 0.7 12 0.8333333333333334 0.25 0.9 0 1 1
20 0.1 31 0.5161290322580645 0.03225806451612903 0.4 13 0.7692307692307693 0.0 0.5 11 0.8181818181818182 0.0 0.6 9 0.7777777777777778 0.0 0.7 9 0.7777777777777778 0.0 0.9 0 1 1
20 0.1 36 0.4444444444444444 0.027777777777777776 0.4 22 0.7272727272727273 0.045454545454545456 0.5 18 0.8333333333333334 0.05555555555555555 0.6 14 1.0 0.07142857142857142 0.7 9 1.0 0.0 0.9 0 1 1
20 0.1 26 0.5769230769230769 0.0 0.4 13 0.9230769230769231 0.0 0.5 10 1.0 0.0 0.6 10 1.0 0.0 0.7 9 1.0 0.0 0.9 0 1 1
20 0.1 18 0.6111111111111112 0.0 0.4 11 0.9090909090909091 0.0 0.5 10 1.0 0.0 0.6 8 1.0 0.0 0.7 8 1.0 0.0 0.9 0 1 1
20 0.1 18 0.7222222222222222 0.05555555555555555 0.4 9 1.0 0.0 0.5 9 1.0 0.0 0.6 7 1.0 0.0 0.7 7 1.0 0.0 0.9 0 1 1
20 0.1 23 0.5217391304347826 0.0 0.4 13 0.8461538461538461 0.0 0.5 12 0.9166666666666666 0.0 0.6 10 1.0 0.0 0.7 9 1.0 0.0 0.9 0 1 1
20 0.1 31 0.4838709677419355 0.03225806451612903 0.4 16 0.8125 0.0625 0.5 14 0.8571428571428571 0.07142857142857142 0.6 11 0.9090909090909091 0.09090909090909091 0.7 10 1.0 0.1 0.9 0 1 1
20 0.1 33 0.48484848484848486 0.030303030303030304 0.4 19 0.7368421052631579 0.05263157894736842 0.5 13 0.9230769230769231 0.07692307692307693 0.6 10 1.0 0.1 0.7 10 1.0 0.1 0.9 0 1 1
20 0.1 31 0.4838709677419355 0.0 0.4 15 0.8666666666666667 0.0 0.5 14 0.8571428571428571 0.0 0.6 13 0.9230769230769231 0.0 0.7 12 0.9166666666666666 0.0 0.9 0 1 1
20 0.1 28 0.5 0.0 0.4 18 0.7222222222222222 0.0 0.5 17 0.7647058823529411 0.0 0.6 13 0.9230769230769231 0.0 0.7 11 1.0 0.0 0.9 0 1 1
20 0.1 26 0.5769230769230769 0.07692307692307693 0.4 17 0.7647058823529411 0.11764705882352941 0.5 15 0.8666666666666667 0.13333333333333333 0.6 12 0.9166666666666666 0.16666666666666666 0.7 9 0.8888888888888888 0.2222222222222222 0.9 0 1 1
20 0.1 16 0.625 0.0 0.4 12 0.75 0.0 0.5 9 0.8888888888888888 0.0 0.6 8 0.875 0.0 0.7 6 1.0 0.0 0.9 0 1 1
20 0.1 25 0.56 0.04 0.4 15 0.7333333333333333 0.06666666666666667 0.5 15 0.7333333333333333 0.06666666666666667 0.6 12 0.8333333333333334 0.08333333333333333 0.7 9 0.8888888888888888 0.1111111111111111 0.9 0 1 1
20 0.1 24 0.625 0.041666666666666664 0.4 12 0.8333333333333334 0.08333333333333333 0.5 11 0.9090909090909091 0.09090909090909091 0.6 10 0.9 0.1 0.7 8 0.875 0.125 0.9 0 1 1
20 0.1 24 0.5416666666666666 0.041666666666666664 0.4 15 0.7333333333333333 0.06666666666666667 0.5 13 0.8461538461538461 0.07692307692307693 0.6 12 0.9166666666666666 0.08333333333333333 0.7 10 1.0 0.1 0.9 0 1 1
20 0.1 35 0.45714285714285713 0.02857142857142857 0.4 13 0.7692307692307693 0.0 0.5 12 0.8333333333333334 0.0 0.6 9 1.0 0.0 0.7 8 1.0 0.0 0.9 0 1 1
20 0.1 30 0.5 0.06666666666666667 0.4 15 0.6666666666666666 0.06666666666666667 0.5 12 0.75 0.08333333333333333 0.6 12 0.75 0.08333333333333333 0.7 11 0.8181818181818182 0.09090909090909091 0.9 0 1 1
20 0.1 32 0.53125 0.0625 0.4 17 0.6470588235294118 0.058823529411764705 0.5 14 0.7142857142857143 0.07142857142857142 0.6 12 0.8333333333333334 0.08333333333333333 0.7 10 0.9 0.1 0.9 0 1 1
20 0.1 18 0.6666666666666666 0.0 0.4 7 0.8571428571428571 0.0 0.5 5 1.0 0.0 0.6 5 1.0 0.0 0.7 5 1.0 0.0 0.9 0 1 1
20 0.1 23 0.6086956521739131 0.043478260869565216 0.4 14 0.7857142857142857 0.07142857142857142 0.5 13 0.8461538461538461 0.07692307692307693 0.6 11 0.8181818181818182 0.09090909090909091 0.7 8 1.0 0.125 0.9 0 1 1
20 0.1 30 0.5333333333333333 0.0 0.4 17 0.7058823529411765 0.0 0.5 16 0.75 0.0 0.6 15 0.7333333333333333 0.0 0.7 11 0.9090909090909091 0.0 0.9 0 1 1
20 0.1 28 0.5714285714285714 0.0 0.4 18 0.7222222222222222 0.0 0.5 14 0.7857142857142857 0.0 0.6 13 0.8461538461538461 0.0 0.7 11 0.9090909090909091 0.0 0.9 1 1.0 0.0
20 0.1 28 0.5357142857142857 0.07142857142857142 0.4 16 0.8125 0.0625 0.5 14 0.7857142857142857 0.07142857142857142 0.6 13 0.7692307692307693 0.07692307692307693 0.7 12 0.8333333333333334 0.08333333333333333 0.9 0 1 1
20 0.1 21 0.6190476190476191 0.14285714285714285 0.4 12 0.8333333333333334 0.16666666666666666 0.5 11 0.8181818181818182 0.18181818181818182 0.6 11 0.8181818181818182 0.18181818181818182 0.7 10 0.9 0.2 0.9 0 1 1
20 0.1 20 0.7 0.05 0.4 13 0.8461538461538461 0.07692307692307693 0.5 12 0.9166666666666666 0.08333333333333333 0.6 11 0.9090909090909091 0.09090909090909091 0.7 8 1.0 0.125 0.9 0 1 1
20 0.1 15 0.8 0.0 0.4 12 0.8333333333333334 0.0 0.5 11 0.9090909090909091 0.0 0.6 11 0.9090909090909091 0.0 0.7 10 0.9 0.0 0.9 0 1 1
20 0.1 15 0.7333333333333333 0.0 0.4 10 0.9 0.0 0.5 9 0.8888888888888888 0.0 0.6 9 0.8888888888888888 0.0 0.7 9 0.8888888888888888 0.0 0.9 0 1 1
20 0.1 25 0.64 0.04 0.4 14 0.7857142857142857 0.07142857142857142 0.5 13 0.8461538461538461 0.07692307692307693 0.6 13 0.8461538461538461 0.07692307692307693 0.7 12 0.8333333333333334 0.08333333333333333 0.9 0 1 1
20 0.1 25 0.64 0.04 0.4 20 0.7 0.05 0.5 18 0.7222222222222222 0.05555555555555555 0.6 14 0.7857142857142857 0.07142857142857142 0.7 12 0.9166666666666666 0.08333333333333333 0.9 0 1 1
20 0.1 32 0.5 0.0 0.4 22 0.5909090909090909 0.0 0.5 19 0.6842105263157895 0.0 0.6 16 0.6875 0.0 0.7 12 0.8333333333333334 0.0 0.9 0 1 1
20 0.1 34 0.5 0.058823529411764705 0.4 22 0.5909090909090909 0.045454545454545456 0.5 19 0.6842105263157895 0.05263157894736842 0.6 17 0.7058823529411765 0.058823529411764705 0.7 14 0.7857142857142857 0.07142857142857142 0.9 0 1 1
20 0.1 24 0.5416666666666666 0.041666666666666664 0.4 13 0.8461538461538461 0.07692307692307693 0.5 12 0.9166666666666666 0.08333333333333333 0.6 11 1.0 0.09090909090909091 0.7 8 1.0 0.125 0.9 0 1 1
20 0.1 21 0.6190476190476191 0.0 0.4 11 0.9090909090909091 0.0 0.5 10 0.9 0.0 0.6 9 1.0 0.0 0.7 8 1.0 0.0 0.9 0 1 1
20 0.1 23 0.6521739130434783 0.08695652173913043 0.4 15 0.8 0.06666666666666667 0.5 12 0.9166666666666666 0.08333333333333333 0.6 10 0.9 0.1 0.7 10 0.9 0.1 0.9 0 1 1
20 0.1 23 0.6521739130434783 0.043478260869565216 0.4 14 0.8571428571428571 0.07142857142857142 0.5 13 0.9230769230769231 0.07692307692307693 0.6 12 0.9166666666666666 0.08333333333333333 0.7 10 0.9 0.1 0.9 0 1 1
20 0.1 18 0.7222222222222222 0.05555555555555555 0.4 12 0.9166666666666666 0.08333333333333333 0.5 10 0.9 0.1 0.6 10 0.9 0.1 0.7 9 1.0 0.1111111111111111 0.9 0 1 1
20 0.1 20 0.7 0.1 0.4 14 0.8571428571428571 0.14285714285714285 0.5 14 0.8571428571428571 0.14285714285714285 0.6 12 0.9166666666666666 0.08333333333333333 0.7 11 0.9090909090909091 0.09090909090909091 0.9 0 1 1
20 0.1 25 0.6 0.0 0.4 15 0.7333333333333333 0.0 0.5 14 0.7857142857142857 0.0 0.6 12 0.9166666666666666 0.0 0.7 10 0.9 0.0 0.9 0 1 1
20 0.1 23 0.6086956521739131 0.08695652173913043 0.4 15 0.6666666666666666 0.13333333333333333 0.5 13 0.7692307692307693 0.15384615384615385 0.6 11 0.9090909090909091 0.18181818181818182 0.7 9 1.0 0.2222222222222222 0.9 0 1 1
20 0.1 33 0.48484848484848486 0.030303030303030304 0.4 18 0.6666666666666666 0.05555555555555555 0.5 15 0.7333333333333333 0.06666666666666667 0.6 14 0.7142857142857143 0.0 0.7 11 0.8181818181818182 0.0 0.9 0 1 1
20 0.1 21 0.6666666666666666 0.047619047619047616 0.4 12 0.75 0.0 0.5 10 0.9 0.0 0.6 9 0.8888888888888888 0.0 0.7 9 0.8888888888888888 0.0 0.9 0 1 1
20 0.1 25 0.6 0.04 0.4 15 0.7333333333333333 0.06666666666666667 0.5 13 0.8461538461538461 0.07692307692307693 0.6 12 0.9166666666666666 0.08333333333333333 0.7 11 0.9090909090909091 0.09090909090909091 0.9 1 1.0 0.0
20 0.1 30 0.5333333333333333 0.03333333333333333 0.4 20 0.65 0.05 0.5 16 0.75 0.0625 0.6 13 0.7692307692307693 0.0 0.7 11 0.8181818181818182 0.0 0.9 0 1 1
20 0.1 29 0.5172413793103449 0.0 0.4 19 0.631578947368421 0.0 0.5 16 0.6875 0.0 0.6 14 0.7857142857142857 0.0 0.7 10 0.9 0.0 0.9 0 1 1
20 0.1 27 0.5555555555555556 0.07407407407407407 0.4 18 0.7222222222222222 0.1111111111111111 0.5 18 0.7222222222222222 0.1111111111111111 0.6 17 0.7058823529411765 0.058823529411764705 0.7 14 0.7857142857142857 0.07142857142857142 0.9 1 1.0 0.0
20 0.1 24 0.5833333333333334 0.041666666666666664 0.4 16 0.8125 0.0625 0.5 16 0.8125 0.0625 0.6 14 0.8571428571428571 0.07142857142857142 0.7 13 0.9230769230769231 0.07692307692307693 0.9 0 1 1
20 0.1 30 0.5333333333333333 0.0 0.4 20 0.65 0.0 0.5 19 0.6842105263157895 0.0 0.6 18 0.7222222222222222 0.0 0.7 15 0.8 0.0 0.9 1 1.0 0.0
20 0.1 30 0.5333333333333333 0.0 0.4 23 0.6086956521739131 0.0 0.5 20 0.7 0.0 0.6 14 0.8571428571428571 0.0 0.7 14 0.8571428571428571 0.0 0.9 0 1 1
20 0.1 25 0.56 0.08 0.4 17 0.7058823529411765 0.11764705882352941 0.5 17 0.7058823529411765 0.11764705882352941 0.6 16 0.75 0.125 0.7 14 0.8571428571428571 0.14285714285714285 0.9 0 1 1
20 0.1 27 0.5185185185185185 0.07407407407407407 0.4 18 0.7777777777777778 0.1111111111111111 0.5 18 0.7777777777777778 0.1111111111111111 0.6 13 0.9230769230769231 0.15384615384615385 0.7 13 0.9230769230769231 0.15384615384615385 0.9 0 1 1
20 0.1 22 0.6363636363636364 0.09090909090909091 0.4 15 0.8 0.13333333333333333 0.5 13 0.8461538461538461 0.15384615384615385 0.6 10 1.0 0.2 0.7 10 1.0 0.2 0.9 1 1.0 0.0
20 0.1 23 0.6521739130434783 0.13043478260869565 0.4 17 0.7647058823529411 0.17647058823529413 0.5 17 0.7647058823529411 0.17647058823529413 0.6 16 0.8125 0.1875 0.7 14 0.8571428571428571 0.21428571428571427 0.9 0 1 1
20 0.1 24 0.625 0.08333333333333333 0.4 17 0.7647058823529411 0.11764705882352941 0.5 16 0.75 0.125 0.6 16 0.75 0.125 0.7 11 1.0 0.18181818181818182 0.9 0 1 1
20 0.1 28 0.5714285714285714 0.03571428571428571 0.4 19 0.6842105263157895 0.05263157894736842 0.5 16 0.75 0.0625 0.6 12 0.9166666666666666 0.08333333333333333 0.7 11 1.0 0.09090909090909091 0.9 0 1 1
20 0.1 25 0.64 0.04 0.4 19 0.6842105263157895 0.05263157894736842 0.5 17 0.7058823529411765 0.058823529411764705 0.6 13 0.8461538461538461 0.07692307692307693 0.7 12 0.9166666666666666 0.08333333333333333 0.9 0 1 1
20 0.1 22 0.6818181818181818 0.09090909090909091 0.4 17 0.8235294117647058 0.11764705882352941 0.5 16 0.8125 0.125 0.6 14 0.8571428571428571 0.14285714285714285 0.7 11 1.0 0.18181818181818182 0.9 0 1 1
20 0.1 23 0.6086956521739131 0.13043478260869565 0.4 14 0.9285714285714286 0.21428571428571427 0.5 13 1.0 0.23076923076923078 0.6 13 1.0 0.23076923076923078 0.7 11 1.0 0.18181818181818182 0.9 1 1.0 0.0
20 0.1 24 0.625 0.125 0.4 17 0.8235294117647058 0.17647058823529413 0.5 17 0.8235294117647058 0.17647058823529413 0.6 14 1.0 0.21428571428571427 0.7 14 1.0 0.21428571428571427 0.9 0 1 1
20 0.1 23 0.6521739130434783 0.043478260869565216 0.4 17 0.8235294117647058 0.058823529411764705 0.5 13 0.9230769230769231 0.07692307692307693 0.6 12 0.9166666666666666 0.08333333333333333 0.7 12 0.9166666666666666 0.08333333333333333 0.9 0 1 1
20 0.1 22 0.6818181818181818 0.09090909090909091 0.4 16 0.8125 0.125 0.5 15 0.8666666666666667 0.13333333333333333 0.6 15 0.8666666666666667 0.13333333333333333 0.7 12 0.8333333333333334 0.16666666666666666 0.9 0 1 1
20 0.1 27 0.5925925925925926 0.07407407407407407 0.4 12 0.8333333333333334 0.08333333333333333 0.5 12 0.8333333333333334 0.08333333333333333 0.6 10 1.0 0.1 0.7 8 1.0 0.125 0.9 0 1 1
20 0.1 23 0.6086956521739131 0.08695652173913043 0.4 16 0.6875 0.125 0.5 15 0.7333333333333333 0.13333333333333333 0.6 13 0.7692307692307693 0.15384615384615385 0.7 11 0.8181818181818182 0.18181818181818182 0.9 0 1 1
20 0.1 21 0.6666666666666666 0.047619047619047616 0.4 15 0.8 0.0 0.5 14 0.7857142857142857 0.0 0.6 11 0.9090909090909091 0.0 0.7 9 0.8888888888888888 0.0 0.9 0 1 1
20 0.1 20 0.7 0.0 0.4 14 0.8571428571428571 0.0 0.5 14 0.8571428571428571 0.0 0.6 13 0.9230769230769231 0.0 0.7 11 0.9090909090909091 0.0 0.9 0 1 1
20 0.1 23 0.6086956521739131 0.0 0.4 17 0.7647058823529411 0.0 0.5 16 0.75 0.0 0.6 13 0.8461538461538461 0.0 0.7 11 0.8181818181818182 0.0 0.9 0 1 1
20 0.1 26 0.6153846153846154 0.0 0.4 22 0.6818181818181818 0.0 0.5 18 0.7777777777777778 0.0 0.6 15 0.8 0.0 0.7 11 0.8181818181818182 0.0 0.9 0 1 1
20 0.1 27 0.6296296296296297 0.037037037037037035 0.4 22 0.6818181818181818 0.045454545454545456 0.5 20 0.75 0.05 0.6 19 0.7894736842105263 0.05263157894736842 0.7 19 0.7894736842105263 0.05263157894736842 0.9 0 1 1
20 0.1 24 0.6666666666666666 0.041666666666666664 0.4 18 0.7222222222222222 0.05555555555555555 0.5 16 0.8125 0.0625 0.6 14 0.9285714285714286 0.07142857142857142 0.7 12 1.0 0.08333333333333333 0.9 1 1.0 1.0
20 0.1 28 0.5714285714285714 0.03571428571428571 0.4 19 0.7368421052631579 0.05263157894736842 0.5 17 0.8235294117647058 0.058823529411764705 0.6 15 0.9333333333333333 0.06666666666666667 0.7 14 0.9285714285714286 0.07142857142857142 0.9 2 1.0 0.5
20 0.1 27 0.5555555555555556 0.07407407407407407 0.4 17 0.8235294117647058 0.11764705882352941 0.5 17 0.8235294117647058 0.11764705882352941 0.6 15 0.8666666666666667 0.13333333333333333 0.7 14 0.8571428571428571 0.14285714285714285 0.9 2 1.0 0.0
20 0.1 34 0.47058823529411764 0.029411764705882353 0.4 21 0.7142857142857143 0.047619047619047616 0.5 21 0.7142857142857143 0.047619047619047616 0.6 17 0.8235294117647058 0.058823529411764705 0.7 15 0.8666666666666667 0.06666666666666667 0.9 2 1.0 0.0
20 0.1 26 0.5769230769230769 0.0 0.4 19 0.7368421052631579 0.0 0.5 18 0.7777777777777778 0.0 0.6 16 0.875 0.0 0.7 13 0.9230769230769231 0.0 0.9 0 1 1
20 0.1 29 0.5517241379310345 0.06896551724137931 0.4 19 0.7368421052631579 0.10526315789473684 0.5 18 0.7222222222222222 0.1111111111111111 0.6 16 0.8125 0.125 0.7 13 0.8461538461538461 0.15384615384615385 0.9 1 1.0 0.0
20 0.1 24 0.6666666666666666 0.125 0.4 16 0.875 0.1875 0.5 15 0.8666666666666667 0.2 0.6 14 0.8571428571428571 0.21428571428571427 0.7 12 0.9166666666666666 0.25 0.9 0 1 1
20 0.1 23 0.6956521739130435 0.0 0.4 18 0.7777777777777778 0.0 0.5 17 0.8235294117647058 0.0 0.6 15 0.8666666666666667 0.0 0.7 13 0.9230769230769231 0.0 0.9 0 1 1
20 0.1 25 0.6 0.08 0.4 18 0.8333333333333334 0.1111111111111111 0.5 18 0.8333333333333334 0.1111111111111111 0.6 17 0.8235294117647058 0.11764705882352941 0.7 15 0.9333333333333333 0.13333333333333333 0.9 0 1 1
20 0.1 24 0.6666666666666666 0.041666666666666664 0.4 16 0.8125 0.0625 0.5 16 0.8125 0.0625 0.6 16 0.8125 0.0625 0.7 14 0.8571428571428571 0.07142857142857142 0.9 0 1 1
20 0.1 25 0.64 0.08 0.4 20 0.7 0.1 0.5 19 0.7368421052631579 0.10526315789473684 0.6 17 0.8235294117647058 0.11764705882352941 0.7 15 0.8666666666666667 0.13333333333333333 0.9 1 1.0 1.0
20 0.1 25 0.6 0.0 0.4 19 0.7368421052631579 0.0 0.5 18 0.7777777777777778 0.0 0.6 16 0.875 0.0 0.7 16 0.875 0.0 0.9 1 1.0 0.0
20 0.1 23 0.6086956521739131 0.0 0.4 16 0.75 0.0 0.5 16 0.75 0.0 0.6 13 0.8461538461538461 0.0 0.7 13 0.8461538461538461 0.0 0.9 0 1 1
20 0.1 23 0.6086956521739131 0.13043478260869565 0.4 16 0.75 0.1875 0.5 14 0.8571428571428571 0.21428571428571427 0.6 13 0.9230769230769231 0.23076923076923078 0.7 12 1.0 0.25 0.9 1 1.0 0.0
20 0.1 24 0.5833333333333334 0.0 0.4 17 0.7647058823529411 0.0 0.5 16 0.8125 0.0 0.6 16 0.8125 0.0 0.7 14 0.8571428571428571 0.0 0.9 1 1.0 0.0
20 0.1 27 0.5555555555555556 0.0 0.4 20 0.65 0.0 0.5 19 0.6842105263157895 0.0 0.6 17 0.7647058823529411 0.0 0.7 15 0.8666666666666667 0.0 0.9 1 1.0 0.0
20 0.1 28 0.5714285714285714 0.03571428571428571 0.4 21 0.6666666666666666 0.047619047619047616 0.5 18 0.6666666666666666 0.05555555555555555 0.6 15 0.8 0.06666666666666667 0.7 14 0.8571428571428571 0.07142857142857142 0.9 2 1.0 0.0
20 0.1 29 0.5517241379310345 0.034482758620689655 0.4 18 0.6666666666666666 0.05555555555555555 0.5 16 0.6875 0.0625 0.6 13 0.8461538461538461 0.07692307692307693 0.7 11 0.9090909090909091 0.09090909090909091 0.9 0 1 1
20 0.1 28 0.5714285714285714 0.0 0.4 18 0.6666666666666666 0.0 0.5 17 0.7058823529411765 0.0 0.6 16 0.75 0.0 0.7 13 0.8461538461538461 0.0 0.9 1 1.0 0.0
20 0.1 21 0.7142857142857143 0.09523809523809523 0.4 16 0.875 0.125 0.5 15 0.8666666666666667 0.13333333333333333 0.6 15 0.8666666666666667 0.13333333333333333 0.7 14 0.8571428571428571 0.14285714285714285 0.9 3 1.0 0.6666666666666666
20 0.1 22 0.6818181818181818 0.09090909090909091 0.4 17 0.7058823529411765 0.11764705882352941 0.5 17 0.7058823529411765 0.11764705882352941 0.6 14 0.7857142857142857 0.14285714285714285 0.7 12 0.9166666666666666 0.16666666666666666 0.9 0 1 1
20 0.1 20 0.7 0.1 0.4 19 0.7368421052631579 0.10526315789473684 0.5 16 0.8125 0.125 0.6 14 0.8571428571428571 0.14285714285714285 0.7 14 0.8571428571428571 0.14285714285714285 0.9 1 1.0 0.0
20 0.1 23 0.6521739130434783 0.08695652173913043 0.4 18 0.7222222222222222 0.1111111111111111 0.5 18 0.7222222222222222 0.1111111111111111 0.6 14 0.7857142857142857 0.14285714285714285 0.7 13 0.8461538461538461 0.15384615384615385 0.9 1 1.0 0.0
20 0.1 24 0.625 0.0 0.4 17 0.7647058823529411 0.0 0.5 17 0.7647058823529411 0.0 0.6 15 0.8 0.0 0.7 14 0.8571428571428571 0.0 0.9 1 1.0 0.0
20 0.1 22 0.5909090909090909 0.045454545454545456 0.4 19 0.6842105263157895 0.05263157894736842 0.5 17 0.7058823529411765 0.058823529411764705 0.6 16 0.75 0.0625 0.7 12 0.9166666666666666 0.08333333333333333 0.9 1 1.0 0.0
20 0.1 25 0.56 0.04 0.4 21 0.6666666666666666 0.047619047619047616 0.5 18 0.7777777777777778 0.05555555555555555 0.6 17 0.7647058823529411 0.058823529411764705 0.7 12 0.9166666666666666 0.08333333333333333 0.9 2 1.0 0.0
20 0.1 26 0.5384615384615384 0.038461538461538464 0.4 19 0.6842105263157895 0.05263157894736842 0.5 18 0.7222222222222222 0.05555555555555555 0.6 15 0.8 0.06666666666666667 0.7 12 0.8333333333333334 0.08333333333333333 0.9 2 1.0 0.5
20 0.1 23 0.6086956521739131 0.08695652173913043 0.4 17 0.7647058823529411 0.11764705882352941 0.5 16 0.8125 0.125 0.6 15 0.8666666666666667 0.13333333333333333 0.7 12 1.0 0.16666666666666666 0.9 1 1.0 1.0
20 0.1 21 0.6666666666666666 0.19047619047619047 0.4 15 0.8666666666666667 0.26666666666666666 0.5 15 0.8666666666666667 0.26666666666666666 0.6 15 0.8666666666666667 0.26666666666666666 0.7 13 1.0 0.3076923076923077 0.9 1 1.0 1.0
20 0.1 18 0.7777777777777778 0.1111111111111111 0.4 16 0.875 0.125 0.5 15 0.8666666666666667 0.13333333333333333 0.6 13 0.8461538461538461 0.15384615384615385 0.7 10 1.0 0.2 0.9 1 1.0 1.0
20 0.1 17 0.7647058823529411 0.11764705882352941 0.4 15 0.8 0.13333333333333333 0.5 15 0.8 0.13333333333333333 0.6 14 0.7857142857142857 0.14285714285714285 0.7 11 0.9090909090909091 0.18181818181818182 0.9 1 1.0 0.0
20 0.1 22 0.6818181818181818 0.09090909090909091 0.4 17 0.8235294117647058 0.11764705882352941 0.5 16 0.8125 0.125 0.6 16 0.8125 0.125 0.7 15 0.8666666666666667 0.13333333333333333 0.9 1 1.0 0.0
20 0.1 28 0.5357142857142857 0.10714285714285714 0.4 18 0.7777777777777778 0.16666666666666666 0.5 16 0.8125 0.1875 0.6 15 0.8 0.13333333333333333 0.7 11 1.0 0.18181818181818182 0.9 1 1.0 1.0
20 0.1 25 0.6 0.12 0.4 18 0.7222222222222222 0.16666666666666666 0.5 16 0.8125 0.1875 0.6 14 0.8571428571428571 0.21428571428571427 0.7 11 1.0 0.2727272727272727 0.9 1 1.0 1.0
20 0.1 26 0.5769230769230769 0.07692307692307693 0.4 19 0.7894736842105263 0.10526315789473684 0.5 17 0.8235294117647058 0.11764705882352941 0.6 17 0.8235294117647058 0.11764705882352941 0.7 14 0.9285714285714286 0.14285714285714285 0.9 1 1.0 1.0
20 0.1 28 0.5357142857142857 0.07142857142857142 0.4 22 0.6818181818181818 0.09090909090909091 0.5 19 0.7894736842105263 0.10526315789473684 0.6 17 0.8235294117647058 0.11764705882352941 0.7 16 0.875 0.125 0.9 1 1.0 1.0
20 0.1 21 0.6666666666666666 0.047619047619047616 0.4 18 0.7777777777777778 0.05555555555555555 0.5 18 0.7777777777777778 0.05555555555555555 0.6 17 0.8235294117647058 0.058823529411764705 0.7 15 0.9333333333333333 0.06666666666666667 0.9 1 1.0 0.0
20 0.1 21 0.7142857142857143 0.0 0.4 16 0.875 0.0 0.5 16 0.875 0.0 0.6 14 0.9285714285714286 0.0 0.7 13 0.9230769230769231 0.0 0.9 1 1.0 0.0
20 0.1 25 0.6 0.12 0.4 18 0.8333333333333334 0.16666666666666666 0.5 18 0.8333333333333334 0.16666666666666666 0.6 17 0.8235294117647058 0.11764705882352941 0.7 15 0.8666666666666667 0.13333333333333333 0.9 2 1.0 1.0
20 0.1 26 0.6153846153846154 0.038461538461538464 0.4 19 0.7894736842105263 0.05263157894736842 0.5 18 0.8333333333333334 0.05555555555555555 0.6 18 0.8333333333333334 0.05555555555555555 0.7 17 0.8823529411764706 0.058823529411764705 0.9 2 1.0 0.5
20 0.1 21 0.7142857142857143 0.047619047619047616 0.4 18 0.7777777777777778 0.05555555555555555 0.5 16 0.875 0.0625 0.6 16 0.875 0.0625 0.7 15 0.9333333333333333 0.06666666666666667 0.9 1 1.0 0.0
20 0.1 26 0.6153846153846154 0.11538461538461539 0.4 20 0.7 0.15 0.5 20 0.7 0.15 0.6 18 0.7777777777777778 0.16666666666666666 0.7 15 0.9333333333333333 0.2 0.9 2 1.0 0.5
20 0.1 25 0.6 0.08 0.4 20 0.75 0.1 0.5 18 0.8333333333333334 0.1111111111111111 0.6 18 0.8333333333333334 0.1111111111111111 0.7 14 0.9285714285714286 0.14285714285714285 0.9 4 1.0 0.5
20 0.1 24 0.625 0.125 0.4 17 0.7647058823529411 0.17647058823529413 0.5 17 0.7647058823529411 0.17647058823529413 0.6 16 0.8125 0.1875 0.7 14 0.8571428571428571 0.21428571428571427 0.9 2 1.0 1.0
20 0.1 26 0.5769230769230769 0.07692307692307693 0.4 18 0.8333333333333334 0.1111111111111111 0.5 16 0.9375 0.125 0.6 15 0.9333333333333333 0.13333333333333333 0.7 13 1.0 0.15384615384615385 0.9 5 1.0 0.4
20 0.1 27 0.5925925925925926 0.07407407407407407 0.4 18 0.7777777777777778 0.1111111111111111 0.5 18 0.7777777777777778 0.1111111111111111 0.6 17 0.7647058823529411 0.11764705882352941 0.7 13 0.9230769230769231 0.15384615384615385 0.9 4 1.0 0.5
20 0.1 26 0.6153846153846154 0.07692307692307693 0.4 20 0.65 0.1 0.5 19 0.6842105263157895 0.10526315789473684 0.6 16 0.8125 0.125 0.7 15 0.8 0.13333333333333333 0.9 2 1.0 0.0
20 0.1 24 0.625 0.041666666666666664 0.4 20 0.75 0.05 0.5 19 0.7894736842105263 0.05263157894736842 0.6 18 0.8333333333333334 0.05555555555555555 0.7 16 0.875 0.0625 0.9 1 1.0 0.0
20 0.1 29 0.5517241379310345 0.06896551724137931 0.4 18 0.7777777777777778 0.1111111111111111 0.5 17 0.7647058823529411 0.11764705882352941 0.6 17 0.7647058823529411 0.11764705882352941 0.7 16 0.8125 0.125 0.9 0 1 1
20 0.1 25 0.68 0.04 0.4 19 0.7894736842105263 0.05263157894736842 0.5 17 0.7647058823529411 0.058823529411764705 0.6 17 0.7647058823529411 0.058823529411764705 0.7 15 0.8 0.06666666666666667 0.9 0 1 1
20 0.1 23 0.6521739130434783 0.08695652173913043 0.4 18 0.7777777777777778 0.1111111111111111 0.5 17 0.7647058823529411 0.11764705882352941 0.6 16 0.75 0.125 0.7 14 0.7857142857142857 0.14285714285714285 0.9 1 1.0 0.0
20 0.1 21 0.8095238095238095 0.0 0.4 17 0.7647058823529411 0.0 0.5 17 0.7647058823529411 0.0 0.6 17 0.7647058823529411 0.0 0.7 15 0.8 0.0 0.9 1 1.0 0.0
20 0.1 22 0.7272727272727273 0.045454545454545456 0.4 19 0.7368421052631579 0.05263157894736842 0.5 17 0.7058823529411765 0.058823529411764705 0.6 15 0.8 0.06666666666666667 0.7 13 0.8461538461538461 0.07692307692307693 0.9 0 1 1
20 0.1 23 0.6956521739130435 0.08695652173913043 0.4 19 0.7894736842105263 0.10526315789473684 0.5 17 0.8235294117647058 0.11764705882352941 0.6 17 0.8235294117647058 0.11764705882352941 0.7 15 0.8666666666666667 0.13333333333333333 0.9 4 1.0 0.25
20 0.1 22 0.6818181818181818 0.09090909090909091 0.4 17 0.8235294117647058 0.11764705882352941 0.5 15 0.8 0.13333333333333333 0.6 15 0.8 0.13333333333333333 0.7 15 0.8 0.13333333333333333 0.9 4 1.0 0.5
20 0.1 25 0.6 0.08 0.4 21 0.7142857142857143 0.09523809523809523 0.5 19 0.7894736842105263 0.10526315789473684 0.6 18 0.7777777777777778 0.1111111111111111 0.7 16 0.875 0.125 0.9 4 1.0 0.5
20 0.1 23 0.6521739130434783 0.043478260869565216 0.4 18 0.7222222222222222 0.05555555555555555 0.5 18 0.7222222222222222 0.05555555555555555 0.6 17 0.7647058823529411 0.058823529411764705 0.7 15 0.8 0.06666666666666667 0.9 3 1.0 0.3333333333333333
20 0.1 22 0.6818181818181818 0.0 0.4 17 0.7647058823529411 0.0 0.5 14 0.8571428571428571 0.0 0.6 14 0.8571428571428571 0.0 0.7 14 0.8571428571428571 0.0 0.9 3 1.0 0.0
20 0.1 25 0.6 0.12 0.4 18 0.7777777777777778 0.16666666666666666 0.5 18 0.7777777777777778 0.16666666666666666 0.6 16 0.8125 0.1875 0.7 15 0.8666666666666667 0.2 0.9 4 1.0 0.5
20 0.1 27 0.5925925925925926 0.037037037037037035 0.4 19 0.7368421052631579 0.05263157894736842 0.5 18 0.7777777777777778 0.05555555555555555 0.6 15 0.8666666666666667 0.06666666666666667 0.7 13 0.9230769230769231 0.07692307692307693 0.9 1 1.0 1.0
20 0.1 21 0.7142857142857143 0.14285714285714285 0.4 16 0.8125 0.1875 0.5 16 0.8125 0.1875 0.6 16 0.8125 0.1875 0.7 14 0.9285714285714286 0.21428571428571427 0.9 2 1.0 0.5
20 0.1 19 0.7894736842105263 0.10526315789473684 0.4 16 0.8125 0.125 0.5 16 0.8125 0.125 0.6 16 0.8125 0.125 0.7 15 0.8666666666666667 0.13333333333333333 0.9 1 1.0 1.0
20 0.1 19 0.7368421052631579 0.05263157894736842 0.4 18 0.7777777777777778 0.05555555555555555 0.5 17 0.8235294117647058 0.058823529411764705 0.6 15 0.8666666666666667 0.06666666666666667 0.7 13 0.9230769230769231 0.07692307692307693 0.9 3 1.0 0.3333333333333333
20 0.1 20 0.7 0.1 0.4 18 0.7777777777777778 0.1111111111111111 0.5 17 0.7647058823529411 0.11764705882352941 0.6 16 0.8125 0.125 0.7 15 0.8666666666666667 0.13333333333333333 0.9 2 1.0 0.0
20 0.1 23 0.6521739130434783 0.043478260869565216 0.4 18 0.7222222222222222 0.05555555555555555 0.5 15 0.8666666666666667 0.06666666666666667 0.6 15 0.8666666666666667 0.06666666666666667 0.7 14 0.8571428571428571 0.07142857142857142 0.9 2 1.0 0.0
20 0.1 22 0.6818181818181818 0.045454545454545456 0.4 17 0.8235294117647058 0.058823529411764705 0.5 17 0.8235294117647058 0.058823529411764705 0.6 14 0.9285714285714286 0.07142857142857142 0.7 14 0.9285714285714286 0.07142857142857142 0.9 3 1.0 0.0
20 0.1 24 0.5833333333333334 0.041666666666666664 0.4 17 0.7058823529411765 0.058823529411764705 0.5 16 0.75 0.0625 0.6 15 0.8 0.06666666666666667 0.7 13 0.8461538461538461 0.07692307692307693 0.9 2 1.0 0.5
20 0.1 25 0.64 0.04 0.4 19 0.7894736842105263 0.05263157894736842 0.5 19 0.7894736842105263 0.05263157894736842 0.6 17 0.8235294117647058 0.058823529411764705 0.7 15 0.8666666666666667 0.0 0.9 1 1.0 0.0
20 0.1 23 0.6521739130434783 0.08695652173913043 0.4 16 0.8125 0.0625 0.5 16 0.8125 0.0625 0.6 16 0.8125 0.0625 0.7 14 0.9285714285714286 0.07142857142857142 0.9 2 1.0 0.0
20 0.1 20 0.7 0.1 0.4 19 0.7368421052631579 0.10526315789473684 0.5 18 0.7222222222222222 0.05555555555555555 0.6 16 0.8125 0.0625 0.7 14 0.9285714285714286 0.07142857142857142 0.9 3 1.0 0.3333333333333333
20 0.1 24 0.6666666666666666 0.041666666666666664 0.4 19 0.7368421052631579 0.05263157894736842 0.5 18 0.7777777777777778 0.05555555555555555 0.6 17 0.8235294117647058 0.058823529411764705 0.7 15 0.9333333333333333 0.06666666666666667 0.9 2 1.0 0.5
20 0.1 26 0.6153846153846154 0.038461538461538464 0.4 20 0.75 0.05 0.5 20 0.75 0.05 0.6 17 0.8235294117647058 0.058823529411764705 0.7 14 0.9285714285714286 0.07142857142857142 0.9 1 1.0 0.0
20 0.1 26 0.6153846153846154 0.07692307692307693 0.4 20 0.7 0.1 0.5 17 0.7058823529411765 0.058823529411764705 0.6 17 0.7058823529411765 0.058823529411764705 0.7 16 0.75 0.0625 0.9 0 1 1
20 0.1 28 0.5714285714285714 0.03571428571428571 0.4 19 0.7894736842105263 0.05263157894736842 0.5 18 0.7777777777777778 0.05555555555555555 0.6 14 0.9285714285714286 0.07142857142857142 0.7 14 0.9285714285714286 0.07142857142857142 0.9 2 1.0 0.0
20 0.1 27 0.5555555555555556 0.037037037037037035 0.4 19 0.7368421052631579 0.05263157894736842 0.5 16 0.8125 0.0625 0.6 14 0.8571428571428571 0.07142857142857142 0.7 14 0.8571428571428571 0.07142857142857142 0.9 4 1.0 0.25
20 0.1 26 0.6153846153846154 0.038461538461538464 0.4 20 0.7 0.05 0.5 16 0.75 0.0625 0.6 14 0.7857142857142857 0.07142857142857142 0.7 13 0.8461538461538461 0.07692307692307693 0.9 3 1.0 0.3333333333333333
20 0.1 24 0.6666666666666666 0.041666666666666664 0.4 20 0.7 0.05 0.5 18 0.7777777777777778 0.05555555555555555 0.6 16 0.8125 0.0625 0.7 13 0.8461538461538461 0.07692307692307693 0.9 3 1.0 0.3333333333333333
20 0.1 22 0.6818181818181818 0.0 0.4 17 0.8235294117647058 0.0 0.5 17 0.8235294117647058 0.0 0.6 16 0.8125 0.0 0.7 15 0.8666666666666667 0.0 0.9 2 1.0 0.0
20 0.1 24 0.6666666666666666 0.0 0.4 18 0.8333333333333334 0.0 0.5 17 0.8235294117647058 0.0 0.6 16 0.875 0.0 0.7 15 0.8666666666666667 0.0 0.9 2 1.0 0.0
