18 0.1 0 1 1 0.4 0 1 1 0.5 0 1 1 0.6 0 1 1 0.7 0 1 1 0.9 0 1 1
18 0.1 5 0.0 0.0 0.4 0 1 1 0.5 0 1 1 0.6 0 1 1 0.7 0 1 1 0.9 0 1 1
18 0.1 0 1 1 0.4 0 1 1 0.5 0 1 1 0.6 0 1 1 0.7 0 1 1 0.9 0 1 1
18 0.1 13 0.15384615384615385 0.0 0.4 0 1 1 0.5 0 1 1 0.6 0 1 1 0.7 0 1 1 0.9 0 1 1
18 0.1 28 0.10714285714285714 0.0 0.4 2 0.5 0.0 0.5 1 0.0 0.0 0.6 0 1 1 0.7 0 1 1 0.9 0 1 1
18 0.1 111 0.10810810810810811 0.0 0.4 5 0.2 0.0 0.5 2 0.5 0.0 0.6 0 1 1 0.7 0 1 1 0.9 0 1 1
18 0.1 63 0.1111111111111111 0.0 0.4 6 0.6666666666666666 0.0 0.5 1 1.0 0.0 0.6 1 1.0 0.0 0.7 0 1 1 0.9 0 1 1
18 0.1 260 0.06153846153846154 0.0 0.4 17 0.35294117647058826 0.0 0.5 1 0.0 0.0 0.6 1 0.0 0.0 0.7 0 1 1 0.9 0 1 1
18 0.1 195 0.08717948717948718 0.0 0.4 19 0.42105263157894735 0.0 0.5 0 1 1 0.6 0 1 1 0.7 0 1 1 0.9 0 1 1
18 0.1 163 0.10429447852760736 0.0 0.4 4 0.25 0.0 0.5 0 1 1 0.6 0 1 1 0.7 0 1 1 0.9 0 1 1
18 0.1 64 0.1875 0.0 0.4 4 0.5 0.0 0.5 0 1 1 0.6 0 1 1 0.7 0 1 1 0.9 0 1 1
18 0.1 85 0.16470588235294117 0.0 0.4 3 0.3333333333333333 0.0 0.5 0 1 1 0.6 0 1 1 0.7 0 1 1 0.9 0 1 1
18 0.1 59 0.23728813559322035 0.0 0.4 2 1.0 0.0 0.5 0 1 1 0.6 0 1 1 0.7 0 1 1 0.9 0 1 1
18 0.1 98 0.1836734693877551 0.0 0.4 13 0.38461538461538464 0.0 0.5 1 0.0 0.0 0.6 0 1 1 0.7 0 1 1 0.9 0 1 1
18 0.1 75 0.2 0.0 0.4 0 1 1 0.5 0 1 1 0.6 0 1 1 0.7 0 1 1 0.9 0 1 1
18 0.1 65 0.26153846153846155 0.0 0.4 18 0.7222222222222222 0.0 0.5 5 1.0 0.0 0.6 0 1 1 0.7 0 1 1 0.9 0 1 1
18 0.1 105 0.1619047619047619 0.0 0.4 21 0.5714285714285714 0.0 0.5 3 1.0 0.0 0.6 0 1 1 0.7 0 1 1 0.9 0 1 1
18 0.1 81 0.20987654320987653 0.0 0.4 9 0.4444444444444444 0.0 0.5 2 1.0 0.0 0.6 0 1 1 0.7 0 1 1 0.9 0 1 1
18 0.1 40 0.4 0.0 0.4 11 0.9090909090909091 0.0 0.5 7 0.8571428571428571 0.0 0.6 3 1.0 0.0 0.7 1 1.0 0.0 0.9 0 1 1
18 0.1 57 0.24561403508771928 0.0 0.4 13 0.6153846153846154 0.0 0.5 3 0.6666666666666666 0.0 0.6 1 1.0 0.0 0.7 0 1 1 0.9 0 1 1
18 0.1 26 0.6153846153846154 0.0 0.4 12 0.8333333333333334 0.0 0.5 8 0.875 0.0 0.6 2 1.0 0.0 0.7 1 1.0 0.0 0.9 0 1 1
18 0.1 46 0.34782608695652173 0.0 0.4 9 0.8888888888888888 0.0 0.5 5 1.0 0.0 0.6 3 1.0 0.0 0.7 0 1 1 0.9 0 1 1
18 0.1 29 0.5172413793103449 0.0 0.4 10 1.0 0.0 0.5 8 1.0 0.0 0.6 3 1.0 0.0 0.7 0 1 1 0.9 0 1 1
18 0.1 51 0.29411764705882354 0.0 0.4 9 0.6666666666666666 0.0 0.5 4 0.5 0.0 0.6 0 1 1 0.7 0 1 1 0.9 0 1 1
18 0.1 14 0.7142857142857143 0.0 0.4 1 1.0 0.0 0.5 1 1.0 0.0 0.6 0 1 1 0.7 0 1 1 0.9 0 1 1
18 0.1 48 0.3125 0.0 0.4 11 0.7272727272727273 0.0 0.5 7 0.7142857142857143 0.0 0.6 5 0.8 0.0 0.7 3 0.6666666666666666 0.0 0.9 0 1 1
18 0.1 36 0.4166666666666667 0.0 0.4 10 0.6 0.0 0.5 3 0.6666666666666666 0.0 0.6 2 0.5 0.0 0.7 1 1.0 0.0 0.9 0 1 1
18 0.1 30 0.5333333333333333 0.03333333333333333 0.4 11 0.8181818181818182 0.09090909090909091 0.5 7 1.0 0.14285714285714285 0.6 4 1.0 0.25 0.7 2 1.0 0.5 0.9 0 1 1
18 0.1 26 0.46153846153846156 0.0 0.4 4 0.75 0.0 0.5 2 0.5 0.0 0.6 1 1.0 0.0 0.7 0 1 1 0.9 0 1 1
18 0.1 51 0.3137254901960784 0.0 0.4 21 0.7142857142857143 0.0 0.5 20 0.75 0.0 0.6 17 0.8235294117647058 0.0 0.7 9 1.0 0.0 0.9 0 1 1
18 0.1 21 0.7142857142857143 0.0 0.4 11 1.0 0.0 0.5 7 1.0 0.0 0.6 6 1.0 0.0 0.7 4 1.0 0.0 0.9 0 1 1
18 0.1 25 0.64 0.0 0.4 11 0.9090909090909091 0.0 0.5 11 0.9090909090909091 0.0 0.6 8 1.0 0.0 0.7 3 1.0 0.0 0.9 0 1 1
18 0.1 35 0.42857142857142855 0.0 0.4 9 0.7777777777777778 0.0 0.5 9 0.7777777777777778 0.0 0.6 6 0.8333333333333334 0.0 0.7 1 1.0 0.0 0.9 0 1 1
18 0.1 52 0.3076923076923077 0.0 0.4 14 0.7142857142857143 0.0 0.5 8 1.0 0.0 0.6 6 1.0 0.0 0.7 2 1.0 0.0 0.9 0 1 1
18 0.1 15 0.4666666666666667 0.0 0.4 4 0.5 0.0 0.5 3 0.6666666666666666 0.0 0.6 0 1 1 0.7 0 1 1 0.9 0 1 1
18 0.1 36 0.4722222222222222 0.0 0.4 16 0.875 0.0 0.5 12 0.9166666666666666 0.0 0.6 9 1.0 0.0 0.7 5 1.0 0.0 0.9 0 1 1
18 0.1 25 0.56 0.0 0.4 8 0.875 0.0 0.5 3 1.0 0.0 0.6 1 1.0 0.0 0.7 1 1.0 0.0 0.9 0 1 1
18 0.1 0 1 1 0.4 0 1 1 0.5 0 1 1 0.6 0 1 1 0.7 0 1 1 0.9 0 1 1
18 0.1 54 0.25925925925925924 0.0 0.4 16 0.6875 0.0 0.5 12 0.75 0.0 0.6 5 1.0 0.0 0.7 1 1.0 0.0 0.9 0 1 1
18 0.1 29 0.4482758620689655 0.0 0.4 5 1.0 0.0 0.5 2 1.0 0.0 0.6 2 1.0 0.0 0.7 1 1.0 0.0 0.9 0 1 1
18 0.1 10 0.8 0.0 0.4 4 1.0 0.0 0.5 3 1.0 0.0 0.6 0 1 1 0.7 0 1 1 0.9 0 1 1
18 0.1 30 0.4666666666666667 0.0 0.4 6 0.8333333333333334 0.0 0.5 1 1.0 0.0 0.6 1 1.0 0.0 0.7 0 1 1 0.9 0 1 1
18 0.1 5 0.6 0.0 0.4 0 1 1 0.5 0 1 1 0.6 0 1 1 0.7 0 1 1 0.9 0 1 1
18 0.1 8 0.75 0.0 0.4 3 0.6666666666666666 0.0 0.5 1 1.0 0.0 0.6 0 1 1 0.7 0 1 1 0.9 0 1 1
18 0.1 0 1 1 0.4 0 1 1 0.5 0 1 1 0.6 0 1 1 0.7 0 1 1 0.9 0 1 1
18 0.1 1 0.0 0.0 0.4 0 1 1 0.5 0 1 1 0.6 0 1 1 0.7 0 1 1 0.9 0 1 1
18 0.1 0 1 1 0.4 0 1 1 0.5 0 1 1 0.6 0 1 1 0.7 0 1 1 0.9 0 1 1
18 0.1 0 1 1 0.4 0 1 1 0.5 0 1 1 0.6 0 1 1 0.7 0 1 1 0.9 0 1 1
18 0.1 0 1 1 0.4 0 1 1 0.5 0 1 1 0.6 0 1 1 0.7 0 1 1 0.9 0 1 1
18 0.1 2 0.5 0.0 0.4 0 1 1 0.5 0 1 1 0.6 0 1 1 0.7 0 1 1 0.9 0 1 1
18 0.1 3 1.0 0.0 0.4 0 1 1 0.5 0 1 1 0.6 0 1 1 0.7 0 1 1 0.9 0 1 1
18 0.1 22 0.3181818181818182 0.0 0.4 8 0.375 0.0 0.5 5 0.4 0.0 0.6 1 1.0 0.0 0.7 1 1.0 0.0 0.9 0 1 1
18 0.1 12 0.5833333333333334 0.0 0.4 2 1.0 0.0 0.5 0 1 1 0.6 0 1 1 0.7 0 1 1 0.9 0 1 1
18 0.1 26 0.5 0.0 0.4 9 0.7777777777777778 0.0 0.5 5 0.8 0.0 0.6 2 1.0 0.0 0.7 1 1.0 0.0 0.9 0 1 1
18 0.1 22 0.13636363636363635 0.0 0.4 4 0.5 0.0 0.5 4 0.5 0.0 0.6 0 1 1 0.7 0 1 1 0.9 0 1 1
18 0.1 16 0.4375 0.0 0.4 2 0.5 0.0 0.5 0 1 1 0.6 0 1 1 0.7 0 1 1 0.9 0 1 1
18 0.1 11 0.6363636363636364 0.0 0.4 0 1 1 0.5 0 1 1 0.6 0 1 1 0.7 0 1 1 0.9 0 1 1
18 0.1 37 0.43243243243243246 0.0 0.4 18 0.7777777777777778 0.0 0.5 15 0.8666666666666667 0.0 0.6 8 1.0 0.0 0.7 3 1.0 0.0 0.9 0 1 1
18 0.1 21 0.7142857142857143 0.047619047619047616 0.4 12 0.8333333333333334 0.08333333333333333 0.5 8 0.875 0.125 0.6 3 1.0 0.0 0.7 1 1.0 0.0 0.9 0 1 1
18 0.1 58 0.25862068965517243 0.0 0.4 4 0.75 0.0 0.5 2 1.0 0.0 0.6 0 1 1 0.7 0 1 1 0.9 0 1 1
18 0.1 16 0.8125 0.0 0.4 4 1.0 0.0 0.5 1 1.0 0.0 0.6 0 1 1 0.7 0 1 1 0.9 0 1 1
18 0.1 35 0.34285714285714286 0.0 0.4 7 0.7142857142857143 0.0 0.5 4 0.75 0.0 0.6 2 0.5 0.0 0.7 0 1 1 0.9 0 1 1
18 0.1 39 0.41025641025641024 0.0 0.4 12 0.9166666666666666 0.0 0.5 6 1.0 0.0 0.6 1 1.0 0.0 0.7 0 1 1 0.9 0 1 1
18 0.1 33 0.48484848484848486 0.0 0.4 14 0.9285714285714286 0.0 0.5 13 0.9230769230769231 0.0 0.6 4 1.0 0.0 0.7 1 1.0 0.0 0.9 0 1 1
18 0.1 36 0.4444444444444444 0.05555555555555555 0.4 16 0.75 0.125 0.5 8 1.0 0.125 0.6 5 1.0 0.0 0.7 2 1.0 0.0 0.9 0 1 1
18 0.1 31 0.5483870967741935 0.0 0.4 12 1.0 0.0 0.5 8 1.0 0.0 0.6 6 1.0 0.0 0.7 1 1.0 0.0 0.9 0 1 1
18 0.1 36 0.4444444444444444 0.0 0.4 10 1.0 0.0 0.5 7 1.0 0.0 0.6 3 1.0 0.0 0.7 0 1 1 0.9 0 1 1
18 0.1 12 0.3333333333333333 0.0 0.4 0 1 1 0.5 0 1 1 0.6 0 1 1 0.7 0 1 1 0.9 0 1 1
18 0.1 3 0.0 0.0 0.4 0 1 1 0.5 0 1 1 0.6 0 1 1 0.7 0 1 1 0.9 0 1 1
18 0.1 9 0.3333333333333333 0.0 0.4 0 1 1 0.5 0 1 1 0.6 0 1 1 0.7 0 1 1 0.9 0 1 1
18 0.1 19 0.631578947368421 0.0 0.4 11 0.9090909090909091 0.0 0.5 7 1.0 0.0 0.6 4 1.0 0.0 0.7 2 1.0 0.0 0.9 0 1 1
18 0.1 29 0.5172413793103449 0.0 0.4 14 0.7857142857142857 0.0 0.5 9 0.8888888888888888 0.0 0.6 6 0.8333333333333334 0.0 0.7 2 1.0 0.0 0.9 0 1 1
18 0.1 25 0.6 0.0 0.4 14 0.9285714285714286 0.0 0.5 12 1.0 0.0 0.6 5 1.0 0.0 0.7 3 1.0 0.0 0.9 0 1 1
18 0.1 17 0.7647058823529411 0.0 0.4 6 1.0 0.0 0.5 1 1.0 0.0 0.6 0 1 1 0.7 0 1 1 0.9 0 1 1
18 0.1 21 0.7142857142857143 0.0 0.4 7 1.0 0.0 0.5 5 1.0 0.0 0.6 4 1.0 0.0 0.7 1 1.0 0.0 0.9 0 1 1
18 0.1 25 0.6 0.0 0.4 12 1.0 0.0 0.5 9 1.0 0.0 0.6 5 1.0 0.0 0.7 1 1.0 0.0 0.9 0 1 1
18 0.1 34 0.5294117647058824 0.0 0.4 11 1.0 0.0 0.5 9 1.0 0.0 0.6 5 1.0 0.0 0.7 2 1.0 0.0 0.9 0 1 1
18 0.1 32 0.53125 0.0625 0.4 13 0.9230769230769231 0.15384615384615385 0.5 8 1.0 0.25 0.6 7 1.0 0.2857142857142857 0.7 2 1.0 0.0 0.9 0 1 1
18 0.1 45 0.28888888888888886 0.022222222222222223 0.4 1 1.0 0.0 0.5 1 1.0 0.0 0.6 1 1.0 0.0 0.7 0 1 1 0.9 0 1 1
18 0.1 28 0.5357142857142857 0.0 0.4 14 0.9285714285714286 0.0 0.5 8 0.875 0.0 0.6 6 1.0 0.0 0.7 3 1.0 0.0 0.9 0 1 1
18 0.1 81 0.18518518518518517 0.0 0.4 21 0.6190476190476191 0.0 0.5 14 0.6428571428571429 0.0 0.6 9 0.6666666666666666 0.0 0.7 4 0.75 0.0 0.9 0 1 1
18 0.1 22 0.6818181818181818 0.0 0.4 10 1.0 0.0 0.5 8 1.0 0.0 0.6 3 1.0 0.0 0.7 2 1.0 0.0 0.9 0 1 1
18 0.1 15 0.9333333333333333 0.0 0.4 5 1.0 0.0 0.5 4 1.0 0.0 0.6 2 1.0 0.0 0.7 0 1 1 0.9 0 1 1
18 0.1 22 0.7272727272727273 0.0 0.4 11 1.0 0.0 0.5 8 1.0 0.0 0.6 6 1.0 0.0 0.7 2 1.0 0.0 0.9 0 1 1
18 0.1 21 0.7142857142857143 0.0 0.4 11 1.0 0.0 0.5 10 1.0 0.0 0.6 5 1.0 0.0 0.7 2 1.0 0.0 0.9 0 1 1
18 0.1 18 0.8333333333333334 0.0 0.4 11 1.0 0.0 0.5 7 1.0 0.0 0.6 2 1.0 0.0 0.7 1 1.0 0.0 0.9 0 1 1
18 0.1 20 0.8 0.0 0.4 8 1.0 0.0 0.5 7 1.0 0.0 0.6 2 1.0 0.0 0.7 1 1.0 0.0 0.9 0 1 1
18 0.1 22 0.7272727272727273 0.0 0.4 13 1.0 0.0 0.5 11 1.0 0.0 0.6 7 1.0 0.0 0.7 5 1.0 0.0 0.9 0 1 1
18 0.1 20 0.75 0.0 0.4 11 1.0 0.0 0.5 9 1.0 0.0 0.6 6 1.0 0.0 0.7 2 1.0 0.0 0.9 0 1 1
18 0.1 23 0.6521739130434783 0.0 0.4 12 1.0 0.0 0.5 10 1.0 0.0 0.6 9 1.0 0.0 0.7 5 1.0 0.0 0.9 0 1 1
18 0.1 24 0.7083333333333334 0.041666666666666664 0.4 12 1.0 0.08333333333333333 0.5 10 1.0 0.1 0.6 10 1.0 0.1 0.7 2 1.0 0.0 0.9 0 1 1
18 0.1 20 0.75 0.0 0.4 11 1.0 0.0 0.5 8 1.0 0.0 0.6 5 1.0 0.0 0.7 1 1.0 0.0 0.9 0 1 1
18 0.1 28 0.6071428571428571 0.0 0.4 14 1.0 0.0 0.5 13 1.0 0.0 0.6 12 1.0 0.0 0.7 7 1.0 0.0 0.9 0 1 1
18 0.1 79 0.20253164556962025 0.0 0.4 21 0.5238095238095238 0.0 0.5 8 1.0 0.0 0.6 3 1.0 0.0 0.7 2 1.0 0.0 0.9 0 1 1
18 0.1 17 0.8235294117647058 0.11764705882352941 0.4 7 1.0 0.0 0.5 4 1.0 0.0 0.6 0 1 1 0.7 0 1 1 0.9 0 1 1
18 0.1 31 0.4838709677419355 0.0 0.4 7 1.0 0.0 0.5 5 1.0 0.0 0.6 3 1.0 0.0 0.7 1 1.0 0.0 0.9 0 1 1
18 0.1 24 0.6666666666666666 0.0 0.4 11 1.0 0.0 0.5 8 1.0 0.0 0.6 4 1.0 0.0 0.7 2 1.0 0.0 0.9 0 1 1
18 0.1 23 0.7391304347826086 0.0 0.4 12 0.9166666666666666 0.0 0.5 10 1.0 0.0 0.6 9 1.0 0.0 0.7 7 1.0 0.0 0.9 0 1 1
18 0.1 18 0.7777777777777778 0.05555555555555555 0.4 10 1.0 0.1 0.5 10 1.0 0.1 0.6 9 1.0 0.0 0.7 3 1.0 0.0 0.9 0 1 1
18 0.1 18 0.7777777777777778 0.0 0.4 9 1.0 0.0 0.5 7 1.0 0.0 0.6 3 1.0 0.0 0.7 1 1.0 0.0 0.9 0 1 1
18 0.1 47 0.3404255319148936 0.0 0.4 13 0.6923076923076923 0.0 0.5 10 0.9 0.0 0.6 7 0.8571428571428571 0.0 0.7 3 1.0 0.0 0.9 0 1 1
18 0.1 13 1.0 0.0 0.4 10 1.0 0.0 0.5 5 1.0 0.0 0.6 3 1.0 0.0 0.7 1 1.0 0.0 0.9 0 1 1
18 0.1 18 0.7777777777777778 0.0 0.4 13 1.0 0.0 0.5 11 1.0 0.0 0.6 6 1.0 0.0 0.7 3 1.0 0.0 0.9 0 1 1
18 0.1 19 0.7368421052631579 0.0 0.4 6 1.0 0.0 0.5 5 1.0 0.0 0.6 3 1.0 0.0 0.7 1 1.0 0.0 0.9 0 1 1
18 0.1 22 0.6363636363636364 0.045454545454545456 0.4 8 1.0 0.125 0.5 8 1.0 0.125 0.6 5 1.0 0.0 0.7 2 1.0 0.0 0.9 0 1 1
18 0.1 20 0.75 0.05 0.4 9 1.0 0.1111111111111111 0.5 7 1.0 0.14285714285714285 0.6 7 1.0 0.14285714285714285 0.7 4 1.0 0.0 0.9 0 1 1
18 0.1 21 0.6666666666666666 0.047619047619047616 0.4 12 1.0 0.08333333333333333 0.5 11 1.0 0.09090909090909091 0.6 11 1.0 0.09090909090909091 0.7 3 1.0 0.3333333333333333 0.9 0 1 1
18 0.1 17 0.8235294117647058 0.058823529411764705 0.4 10 1.0 0.1 0.5 8 1.0 0.125 0.6 8 1.0 0.125 0.7 5 1.0 0.2 0.9 0 1 1
18 0.1 17 0.8235294117647058 0.0 0.4 13 0.9230769230769231 0.0 0.5 10 0.9 0.0 0.6 8 1.0 0.0 0.7 8 1.0 0.0 0.9 0 1 1
18 0.1 21 0.7619047619047619 0.0 0.4 11 1.0 0.0 0.5 10 1.0 0.0 0.6 10 1.0 0.0 0.7 8 1.0 0.0 0.9 0 1 1
18 0.1 20 0.75 0.0 0.4 12 1.0 0.0 0.5 10 1.0 0.0 0.6 8 1.0 0.0 0.7 7 1.0 0.0 0.9 0 1 1
18 0.1 18 0.7777777777777778 0.05555555555555555 0.4 12 1.0 0.08333333333333333 0.5 11 1.0 0.09090909090909091 0.6 8 1.0 0.0 0.7 4 1.0 0.0 0.9 0 1 1
18 0.1 21 0.7142857142857143 0.047619047619047616 0.4 12 1.0 0.08333333333333333 0.5 9 1.0 0.0 0.6 7 1.0 0.0 0.7 6 1.0 0.0 0.9 0 1 1
18 0.1 23 0.6521739130434783 0.0 0.4 15 0.8666666666666667 0.0 0.5 13 0.9230769230769231 0.0 0.6 12 1.0 0.0 0.7 8 1.0 0.0 0.9 0 1 1
18 0.1 18 0.7222222222222222 0.0 0.4 11 1.0 0.0 0.5 9 1.0 0.0 0.6 8 1.0 0.0 0.7 7 1.0 0.0 0.9 0 1 1
18 0.1 26 0.5769230769230769 0.038461538461538464 0.4 15 0.8666666666666667 0.0 0.5 12 0.9166666666666666 0.0 0.6 10 1.0 0.0 0.7 3 1.0 0.0 0.9 0 1 1
18 0.1 24 0.625 0.0 0.4 11 1.0 0.0 0.5 11 1.0 0.0 0.6 8 1.0 0.0 0.7 6 1.0 0.0 0.9 0 1 1
18 0.1 24 0.625 0.0 0.4 15 0.9333333333333333 0.0 0.5 13 1.0 0.0 0.6 10 1.0 0.0 0.7 6 1.0 0.0 0.9 0 1 1
18 0.1 22 0.6818181818181818 0.0 0.4 14 0.8571428571428571 0.0 0.5 12 1.0 0.0 0.6 10 1.0 0.0 0.7 7 1.0 0.0 0.9 0 1 1
18 0.1 26 0.6153846153846154 0.0 0.4 14 0.7857142857142857 0.0 0.5 12 0.9166666666666666 0.0 0.6 9 0.8888888888888888 0.0 0.7 5 0.8 0.0 0.9 0 1 1
18 0.1 23 0.6956521739130435 0.0 0.4 12 0.9166666666666666 0.0 0.5 10 0.9 0.0 0.6 9 0.8888888888888888 0.0 0.7 6 1.0 0.0 0.9 0 1 1
18 0.1 19 0.7894736842105263 0.05263157894736842 0.4 12 1.0 0.08333333333333333 0.5 10 1.0 0.1 0.6 6 1.0 0.0 0.7 6 1.0 0.0 0.9 0 1 1
18 0.1 21 0.8095238095238095 0.0 0.4 14 0.9285714285714286 0.0 0.5 13 0.9230769230769231 0.0 0.6 13 0.9230769230769231 0.0 0.7 11 1.0 0.0 0.9 0 1 1
18 0.1 21 0.7142857142857143 0.0 0.4 12 0.9166666666666666 0.0 0.5 11 0.9090909090909091 0.0 0.6 11 0.9090909090909091 0.0 0.7 7 0.8571428571428571 0.0 0.9 0 1 1
18 0.1 17 0.8235294117647058 0.0 0.4 13 0.8461538461538461 0.0 0.5 10 0.8 0.0 0.6 7 0.8571428571428571 0.0 0.7 6 0.8333333333333334 0.0 0.9 0 1 1
18 0.1 16 0.875 0.0625 0.4 11 0.9090909090909091 0.09090909090909091 0.5 11 0.9090909090909091 0.09090909090909091 0.6 9 1.0 0.1111111111111111 0.7 8 1.0 0.125 0.9 0 1 1
18 0.1 16 0.8125 0.0 0.4 8 1.0 0.0 0.5 5 1.0 0.0 0.6 4 1.0 0.0 0.7 2 1.0 0.0 0.9 0 1 1
18 0.1 20 0.75 0.0 0.4 11 1.0 0.0 0.5 11 1.0 0.0 0.6 7 1.0 0.0 0.7 5 1.0 0.0 0.9 0 1 1
18 0.1 18 0.7222222222222222 0.0 0.4 10 0.9 0.0 0.5 7 1.0 0.0 0.6 7 1.0 0.0 0.7 6 1.0 0.0 0.9 0 1 1
18 0.1 14 0.7857142857142857 0.07142857142857142 0.4 6 1.0 0.0 0.5 5 1.0 0.0 0.6 4 1.0 0.0 0.7 4 1.0 0.0 0.9 0 1 1
18 0.1 15 0.8 0.06666666666666667 0.4 10 0.8 0.0 0.5 6 1.0 0.0 0.6 6 1.0 0.0 0.7 6 1.0 0.0 0.9 0 1 1
18 0.1 11 0.9090909090909091 0.0 0.4 8 1.0 0.0 0.5 6 1.0 0.0 0.6 4 1.0 0.0 0.7 2 1.0 0.0 0.9 0 1 1
18 0.1 14 0.7857142857142857 0.0 0.4 10 0.8 0.0 0.5 9 0.8888888888888888 0.0 0.6 6 0.8333333333333334 0.0 0.7 4 1.0 0.0 0.9 0 1 1
18 0.1 16 0.75 0.0 0.4 12 0.8333333333333334 0.0 0.5 12 0.8333333333333334 0.0 0.6 11 0.9090909090909091 0.0 0.7 7 1.0 0.0 0.9 0 1 1
18 0.1 18 0.7777777777777778 0.1111111111111111 0.4 11 0.9090909090909091 0.18181818181818182 0.5 8 1.0 0.25 0.6 7 1.0 0.14285714285714285 0.7 5 1.0 0.2 0.9 0 1 1
18 0.1 14 0.7857142857142857 0.0 0.4 9 0.8888888888888888 0.0 0.5 7 1.0 0.0 0.6 6 1.0 0.0 0.7 5 1.0 0.0 0.9 0 1 1
18 0.1 24 0.625 0.041666666666666664 0.4 14 0.7857142857142857 0.07142857142857142 0.5 12 0.75 0.08333333333333333 0.6 10 0.9 0.1 0.7 9 1.0 0.1111111111111111 0.9 0 1 1
18 0.1 17 0.7647058823529411 0.0 0.4 14 0.7857142857142857 0.0 0.5 14 0.7857142857142857 0.0 0.6 11 0.8181818181818182 0.0 0.7 9 0.8888888888888888 0.0 0.9 0 1 1
18 0.1 18 0.7777777777777778 0.0 0.4 14 0.7857142857142857 0.0 0.5 12 0.75 0.0 0.6 11 0.8181818181818182 0.0 0.7 6 1.0 0.0 0.9 0 1 1
18 0.1 16 0.8125 0.0625 0.4 9 0.8888888888888888 0.1111111111111111 0.5 8 1.0 0.125 0.6 6 1.0 0.0 0.7 5 1.0 0.0 0.9 0 1 1
18 0.1 19 0.7894736842105263 0.0 0.4 13 0.8461538461538461 0.0 0.5 13 0.8461538461538461 0.0 0.6 12 0.8333333333333334 0.0 0.7 11 0.9090909090909091 0.0 0.9 2 1.0 0.0
18 0.1 20 0.8 0.0 0.4 13 0.8461538461538461 0.0 0.5 11 0.9090909090909091 0.0 0.6 10 1.0 0.0 0.7 7 1.0 0.0 0.9 1 1.0 0.0
18 0.1 19 0.7368421052631579 0.0 0.4 11 0.9090909090909091 0.0 0.5 9 0.8888888888888888 0.0 0.6 9 0.8888888888888888 0.0 0.7 7 1.0 0.0 0.9 0 1 1
18 0.1 21 0.6666666666666666 0.0 0.4 9 1.0 0.0 0.5 9 1.0 0.0 0.6 9 1.0 0.0 0.7 8 1.0 0.0 0.9 0 1 1
18 0.1 47 0.3617021276595745 0.0 0.4 16 0.6875 0.0 0.5 14 0.7142857142857143 0.0 0.6 12 0.8333333333333334 0.0 0.7 9 0.8888888888888888 0.0 0.9 0 1 1
18 0.1 15 0.7333333333333333 0.0 0.4 11 0.7272727272727273 0.0 0.5 10 0.8 0.0 0.6 7 1.0 0.0 0.7 7 1.0 0.0 0.9 0 1 1
18 0.1 14 0.7142857142857143 0.0 0.4 9 0.8888888888888888 0.0 0.5 9 0.8888888888888888 0.0 0.6 9 0.8888888888888888 0.0 0.7 7 1.0 0.0 0.9 0 1 1
18 0.1 21 0.6666666666666666 0.0 0.4 12 0.9166666666666666 0.0 0.5 12 0.9166666666666666 0.0 0.6 10 1.0 0.0 0.7 5 1.0 0.0 0.9 0 1 1
18 0.1 19 0.8947368421052632 0.0 0.4 15 0.8666666666666667 0.0 0.5 13 0.8461538461538461 0.0 0.6 12 0.8333333333333334 0.0 0.7 8 1.0 0.0 0.9 0 1 1
18 0.1 18 0.8333333333333334 0.0 0.4 10 0.9 0.0 0.5 10 0.9 0.0 0.6 10 0.9 0.0 0.7 8 1.0 0.0 0.9 0 1 1
18 0.1 21 0.7619047619047619 0.0 0.4 13 0.9230769230769231 0.0 0.5 12 1.0 0.0 0.6 9 1.0 0.0 0.7 9 1.0 0.0 0.9 0 1 1
18 0.1 18 0.7777777777777778 0.0 0.4 12 0.8333333333333334 0.0 0.5 10 0.9 0.0 0.6 10 0.9 0.0 0.7 7 1.0 0.0 0.9 0 1 1
18 0.1 20 0.8 0.0 0.4 13 0.8461538461538461 0.0 0.5 12 0.9166666666666666 0.0 0.6 12 0.9166666666666666 0.0 0.7 12 0.9166666666666666 0.0 0.9 1 1.0 0.0
18 0.1 24 0.6666666666666666 0.0 0.4 14 0.8571428571428571 0.0 0.5 13 0.9230769230769231 0.0 0.6 10 1.0 0.0 0.7 9 1.0 0.0 0.9 2 1.0 0.0
18 0.1 30 0.5333333333333333 0.0 0.4 17 0.7058823529411765 0.0 0.5 15 0.7333333333333333 0.0 0.6 12 0.8333333333333334 0.0 0.7 10 1.0 0.0 0.9 0 1 1
18 0.1 22 0.7272727272727273 0.0 0.4 17 0.8235294117647058 0.0 0.5 16 0.8125 0.0 0.6 15 0.8666666666666667 0.0 0.7 13 0.8461538461538461 0.0 0.9 0 1 1
18 0.1 22 0.7272727272727273 0.0 0.4 14 0.8571428571428571 0.0 0.5 13 0.9230769230769231 0.0 0.6 10 1.0 0.0 0.7 10 1.0 0.0 0.9 0 1 1
18 0.1 16 0.75 0.0 0.4 10 0.9 0.0 0.5 9 1.0 0.0 0.6 9 1.0 0.0 0.7 9 1.0 0.0 0.9 0 1 1
18 0.1 15 0.8 0.0 0.4 10 0.8 0.0 0.5 9 0.8888888888888888 0.0 0.6 9 0.8888888888888888 0.0 0.7 8 0.875 0.0 0.9 0 1 1
18 0.1 19 0.7368421052631579 0.0 0.4 12 0.8333333333333334 0.0 0.5 12 0.8333333333333334 0.0 0.6 9 0.8888888888888888 0.0 0.7 8 1.0 0.0 0.9 0 1 1
18 0.1 27 0.6296296296296297 0.0 0.4 18 0.7777777777777778 0.0 0.5 18 0.7777777777777778 0.0 0.6 15 0.8 0.0 0.7 14 0.7857142857142857 0.0 0.9 0 1 1
18 0.1 26 0.5769230769230769 0.0 0.4 20 0.7 0.0 0.5 17 0.7647058823529411 0.0 0.6 15 0.8 0.0 0.7 13 0.8461538461538461 0.0 0.9 0 1 1
18 0.1 21 0.7142857142857143 0.0 0.4 16 0.8125 0.0 0.5 14 0.8571428571428571 0.0 0.6 14 0.8571428571428571 0.0 0.7 13 0.8461538461538461 0.0 0.9 0 1 1
18 0.1 20 0.8 0.0 0.4 15 0.8666666666666667 0.0 0.5 15 0.8666666666666667 0.0 0.6 15 0.8666666666666667 0.0 0.7 13 0.9230769230769231 0.0 0.9 0 1 1
18 0.1 24 0.6666666666666666 0.0 0.4 15 0.9333333333333333 0.0 0.5 15 0.9333333333333333 0.0 0.6 13 0.9230769230769231 0.0 0.7 9 1.0 0.0 0.9 0 1 1
18 0.1 18 0.8333333333333334 0.0 0.4 14 1.0 0.0 0.5 12 1.0 0.0 0.6 11 1.0 0.0 0.7 9 1.0 0.0 0.9 0 1 1
18 0.1 24 0.6666666666666666 0.041666666666666664 0.4 14 0.7857142857142857 0.07142857142857142 0.5 12 0.8333333333333334 0.08333333333333333 0.6 11 0.9090909090909091 0.09090909090909091 0.7 9 1.0 0.1111111111111111 0.9 0 1 1
18 0.1 14 0.8571428571428571 0.0 0.4 11 1.0 0.0 0.5 10 1.0 0.0 0.6 10 1.0 0.0 0.7 9 1.0 0.0 0.9 0 1 1
18 0.1 15 0.8 0.0 0.4 11 0.9090909090909091 0.0 0.5 10 1.0 0.0 0.6 10 1.0 0.0 0.7 9 1.0 0.0 0.9 0 1 1
18 0.1 16 0.875 0.0 0.4 10 1.0 0.0 0.5 10 1.0 0.0 0.6 10 1.0 0.0 0.7 8 1.0 0.0 0.9 0 1 1
18 0.1 13 0.8461538461538461 0.0 0.4 8 0.875 0.0 0.5 7 1.0 0.0 0.6 7 1.0 0.0 0.7 6 1.0 0.0 0.9 0 1 1
18 0.1 18 0.7222222222222222 0.0 0.4 11 0.9090909090909091 0.0 0.5 9 1.0 0.0 0.6 8 1.0 0.0 0.7 8 1.0 0.0 0.9 0 1 1
18 0.1 14 0.9285714285714286 0.07142857142857142 0.4 10 1.0 0.1 0.5 9 1.0 0.1111111111111111 0.6 8 1.0 0.125 0.7 6 1.0 0.16666666666666666 0.9 0 1 1
18 0.1 15 0.8 0.0 0.4 10 1.0 0.0 0.5 10 1.0 0.0 0.6 10 1.0 0.0 0.7 9 1.0 0.0 0.9 0 1 1
18 0.1 21 0.7142857142857143 0.0 0.4 15 0.8666666666666667 0.0 0.5 14 0.8571428571428571 0.0 0.6 12 0.9166666666666666 0.0 0.7 10 1.0 0.0 0.9 0 1 1
18 0.1 20 0.8 0.0 0.4 17 0.8823529411764706 0.0 0.5 16 0.9375 0.0 0.6 12 1.0 0.0 0.7 11 1.0 0.0 0.9 0 1 1
18 0.1 20 0.8 0.0 0.4 13 0.8461538461538461 0.0 0.5 11 0.9090909090909091 0.0 0.6 10 1.0 0.0 0.7 9 1.0 0.0 0.9 0 1 1
18 0.1 17 0.7647058823529411 0.0 0.4 12 0.9166666666666666 0.0 0.5 11 0.9090909090909091 0.0 0.6 10 1.0 0.0 0.7 9 1.0 0.0 0.9 0 1 1
18 0.1 17 0.7058823529411765 0.058823529411764705 0.4 11 1.0 0.09090909090909091 0.5 10 1.0 0.1 0.6 9 1.0 0.0 0.7 9 1.0 0.0 0.9 0 1 1
18 0.1 15 0.8 0.0 0.4 11 0.9090909090909091 0.0 0.5 10 1.0 0.0 0.6 10 1.0 0.0 0.7 9 1.0 0.0 0.9 0 1 1
18 0.1 13 0.9230769230769231 0.0 0.4 12 0.9166666666666666 0.0 0.5 11 1.0 0.0 0.6 9 1.0 0.0 0.7 8 1.0 0.0 0.9 0 1 1
18 0.1 18 0.7777777777777778 0.0 0.4 13 0.8461538461538461 0.0 0.5 12 0.9166666666666666 0.0 0.6 12 0.9166666666666666 0.0 0.7 11 1.0 0.0 0.9 0 1 1
18 0.1 20 0.75 0.0 0.4 15 0.8666666666666667 0.0 0.5 15 0.8666666666666667 0.0 0.6 13 0.8461538461538461 0.0 0.7 10 1.0 0.0 0.9 0 1 1
18 0.1 20 0.7 0.0 0.4 15 0.8 0.0 0.5 15 0.8 0.0 0.6 13 0.8461538461538461 0.0 0.7 12 0.9166666666666666 0.0 0.9 1 1.0 0.0
18 0.1 20 0.75 0.0 0.4 15 0.8666666666666667 0.0 0.5 14 0.9285714285714286 0.0 0.6 13 0.9230769230769231 0.0 0.7 12 0.9166666666666666 0.0 0.9 2 1.0 0.0
18 0.1 20 0.7 0.0 0.4 15 0.8666666666666667 0.0 0.5 14 0.8571428571428571 0.0 0.6 11 0.9090909090909091 0.0 0.7 10 1.0 0.0 0.9 2 1.0 0.0
18 0.1 19 0.7368421052631579 0.0 0.4 13 0.8461538461538461 0.0 0.5 11 0.9090909090909091 0.0 0.6 10 1.0 0.0 0.7 10 1.0 0.0 0.9 1 1.0 0.0
18 0.1 13 0.8461538461538461 0.0 0.4 10 1.0 0.0 0.5 10 1.0 0.0 0.6 10 1.0 0.0 0.7 8 1.0 0.0 0.9 0 1 1
18 0.1 18 0.7222222222222222 0.0 0.4 12 1.0 0.0 0.5 11 1.0 0.0 0.6 11 1.0 0.0 0.7 10 1.0 0.0 0.9 0 1 1
18 0.1 16 0.75 0.0 0.4 11 0.9090909090909091 0.0 0.5 9 1.0 0.0 0.6 9 1.0 0.0 0.7 9 1.0 0.0 0.9 0 1 1
18 0.1 17 0.7647058823529411 0.0 0.4 13 0.9230769230769231 0.0 0.5 12 0.9166666666666666 0.0 0.6 11 1.0 0.0 0.7 10 1.0 0.0 0.9 0 1 1
18 0.1 17 0.7647058823529411 0.0 0.4 13 0.8461538461538461 0.0 0.5 10 1.0 0.0 0.6 10 1.0 0.0 0.7 10 1.0 0.0 0.9 2 1.0 0.0
18 0.1 19 0.7368421052631579 0.0 0.4 14 0.8571428571428571 0.0 0.5 13 0.8461538461538461 0.0 0.6 12 0.9166666666666666 0.0 0.7 12 0.9166666666666666 0.0 0.9 1 1.0 0.0
18 0.1 16 0.8125 0.0 0.4 12 0.8333333333333334 0.0 0.5 12 0.8333333333333334 0.0 0.6 12 0.8333333333333334 0.0 0.7 9 1.0 0.0 0.9 0 1 1
18 0.1 19 0.6842105263157895 0.0 0.4 12 0.8333333333333334 0.0 0.5 10 0.9 0.0 0.6 9 1.0 0.0 0.7 9 1.0 0.0 0.9 0 1 1
18 0.1 19 0.7368421052631579 0.0 0.4 13 0.8461538461538461 0.0 0.5 13 0.8461538461538461 0.0 0.6 12 0.8333333333333334 0.0 0.7 10 0.9 0.0 0.9 1 1.0 0.0
18 0.1 21 0.6666666666666666 0.0 0.4 16 0.8125 0.0 0.5 14 0.8571428571428571 0.0 0.6 14 0.8571428571428571 0.0 0.7 11 1.0 0.0 0.9 1 1.0 0.0
18 0.1 18 0.7777777777777778 0.0 0.4 16 0.8125 0.0 0.5 14 0.9285714285714286 0.0 0.6 13 0.9230769230769231 0.0 0.7 11 1.0 0.0 0.9 0 1 1
18 0.1 18 0.7777777777777778 0.0 0.4 16 0.875 0.0 0.5 16 0.875 0.0 0.6 14 0.8571428571428571 0.0 0.7 13 0.9230769230769231 0.0 0.9 0 1 1
18 0.1 20 0.8 0.0 0.4 15 0.8 0.0 0.5 14 0.8571428571428571 0.0 0.6 13 0.9230769230769231 0.0 0.7 12 0.9166666666666666 0.0 0.9 0 1 1
18 0.1 21 0.7619047619047619 0.0 0.4 16 0.8125 0.0 0.5 13 0.9230769230769231 0.0 0.6 13 0.9230769230769231 0.0 0.7 12 0.9166666666666666 0.0 0.9 3 1.0 0.0
18 0.1 20 0.7 0.0 0.4 15 0.8 0.0 0.5 12 0.9166666666666666 0.0 0.6 11 1.0 0.0 0.7 11 1.0 0.0 0.9 2 1.0 0.0
18 0.1 15 0.7333333333333333 0.0 0.4 10 1.0 0.0 0.5 10 1.0 0.0 0.6 10 1.0 0.0 0.7 9 1.0 0.0 0.9 1 1.0 0.0
18 0.1 19 0.7368421052631579 0.0 0.4 14 0.8571428571428571 0.0 0.5 13 0.8461538461538461 0.0 0.6 10 1.0 0.0 0.7 10 1.0 0.0 0.9 0 1 1
18 0.1 14 0.8571428571428571 0.0 0.4 11 0.8181818181818182 0.0 0.5 10 0.9 0.0 0.6 9 0.8888888888888888 0.0 0.7 8 1.0 0.0 0.9 0 1 1
18 0.1 18 0.7222222222222222 0.0 0.4 11 0.9090909090909091 0.0 0.5 10 1.0 0.0 0.6 9 1.0 0.0 0.7 8 1.0 0.0 0.9 0 1 1
18 0.1 17 0.7058823529411765 0.0 0.4 10 0.9 0.0 0.5 9 1.0 0.0 0.6 9 1.0 0.0 0.7 9 1.0 0.0 0.9 0 1 1
18 0.1 14 0.7142857142857143 0.0 0.4 10 0.9 0.0 0.5 10 0.9 0.0 0.6 10 0.9 0.0 0.7 8 1.0 0.0 0.9 0 1 1
18 0.1 21 0.7142857142857143 0.0 0.4 14 0.7857142857142857 0.0 0.5 13 0.7692307692307693 0.0 0.6 12 0.8333333333333334 0.0 0.7 10 0.8 0.0 0.9 0 1 1
18 0.1 19 0.7368421052631579 0.0 0.4 15 0.7333333333333333 0.0 0.5 13 0.7692307692307693 0.0 0.6 11 0.9090909090909091 0.0 0.7 9 1.0 0.0 0.9 0 1 1
18 0.1 18 0.7777777777777778 0.0 0.4 10 0.9 0.0 0.5 10 0.9 0.0 0.6 10 0.9 0.0 0.7 10 0.9 0.0 0.9 0 1 1
18 0.1 16 0.8125 0.0625 0.4 14 0.8571428571428571 0.07142857142857142 0.5 13 0.8461538461538461 0.07692307692307693 0.6 12 0.8333333333333334 0.08333333333333333 0.7 10 0.9 0.1 0.9 0 1 1
18 0.1 15 0.8 0.0 0.4 11 0.8181818181818182 0.0 0.5 10 0.8 0.0 0.6 10 0.8 0.0 0.7 10 0.8 0.0 0.9 0 1 1
18 0.1 18 0.7777777777777778 0.0 0.4 14 0.8571428571428571 0.0 0.5 12 0.8333333333333334 0.0 0.6 11 0.8181818181818182 0.0 0.7 10 0.8 0.0 0.9 0 1 1
18 0.1 18 0.7777777777777778 0.0 0.4 13 0.8461538461538461 0.0 0.5 11 0.8181818181818182 0.0 0.6 10 0.8 0.0 0.7 8 1.0 0.0 0.9 0 1 1
18 0.1 18 0.7777777777777778 0.0 0.4 13 0.8461538461538461 0.0 0.5 12 0.9166666666666666 0.0 0.6 10 0.9 0.0 0.7 9 1.0 0.0 0.9 0 1 1
18 0.1 21 0.6666666666666666 0.0 0.4 13 0.9230769230769231 0.0 0.5 13 0.9230769230769231 0.0 0.6 12 0.9166666666666666 0.0 0.7 11 0.9090909090909091 0.0 0.9 0 1 1
18 0.1 21 0.6666666666666666 0.0 0.4 11 1.0 0.0 0.5 11 1.0 0.0 0.6 9 1.0 0.0 0.7 9 1.0 0.0 0.9 1 1.0 0.0
18 0.1 18 0.7777777777777778 0.0 0.4 14 0.8571428571428571 0.0 0.5 10 1.0 0.0 0.6 9 1.0 0.0 0.7 9 1.0 0.0 0.9 0 1 1
18 0.1 23 0.6956521739130435 0.0 0.4 14 0.7857142857142857 0.0 0.5 13 0.7692307692307693 0.0 0.6 12 0.75 0.0 0.7 11 0.8181818181818182 0.0 0.9 1 1.0 0.0
18 0.1 20 0.75 0.0 0.4 14 0.9285714285714286 0.0 0.5 14 0.9285714285714286 0.0 0.6 13 0.9230769230769231 0.0 0.7 11 0.9090909090909091 0.0 0.9 0 1 1
18 0.1 17 0.8823529411764706 0.0 0.4 14 0.8571428571428571 0.0 0.5 12 0.9166666666666666 0.0 0.6 10 1.0 0.0 0.7 9 1.0 0.0 0.9 0 1 1
18 0.1 20 0.75 0.0 0.4 16 0.875 0.0 0.5 14 0.9285714285714286 0.0 0.6 13 1.0 0.0 0.7 10 1.0 0.0 0.9 0 1 1
18 0.1 21 0.7619047619047619 0.0 0.4 15 0.9333333333333333 0.0 0.5 13 1.0 0.0 0.6 12 1.0 0.0 0.7 12 1.0 0.0 0.9 1 1.0 0.0
18 0.1 20 0.75 0.0 0.4 15 0.9333333333333333 0.0 0.5 14 0.9285714285714286 0.0 0.6 13 0.9230769230769231 0.0 0.7 11 0.9090909090909091 0.0 0.9 1 1.0 0.0
18 0.1 17 0.7647058823529411 0.0 0.4 11 0.9090909090909091 0.0 0.5 10 0.9 0.0 0.6 10 0.9 0.0 0.7 10 0.9 0.0 0.9 0 1 1
18 0.1 16 0.75 0.0 0.4 10 0.8 0.0 0.5 10 0.8 0.0 0.6 9 0.8888888888888888 0.0 0.7 8 1.0 0.0 0.9 1 1.0 0.0
18 0.1 20 0.75 0.0 0.4 12 1.0 0.0 0.5 11 1.0 0.0 0.6 10 1.0 0.0 0.7 9 1.0 0.0 0.9 1 1.0 0.0
18 0.1 17 0.7647058823529411 0.0 0.4 11 1.0 0.0 0.5 11 1.0 0.0 0.6 10 1.0 0.0 0.7 9 1.0 0.0 0.9 0 1 1
18 0.1 16 0.75 0.0 0.4 13 0.9230769230769231 0.0 0.5 12 0.9166666666666666 0.0 0.6 12 0.9166666666666666 0.0 0.7 11 1.0 0.0 0.9 0 1 1
18 0.1 17 0.7058823529411765 0.0 0.4 11 1.0 0.0 0.5 11 1.0 0.0 0.6 11 1.0 0.0 0.7 11 1.0 0.0 0.9 0 1 1
18 0.1 18 0.7222222222222222 0.0 0.4 12 0.9166666666666666 0.0 0.5 11 1.0 0.0 0.6 11 1.0 0.0 0.7 11 1.0 0.0 0.9 1 1.0 0.0
18 0.1 21 0.7142857142857143 0.0 0.4 15 0.8666666666666667 0.0 0.5 12 1.0 0.0 0.6 12 1.0 0.0 0.7 11 1.0 0.0 0.9 1 1.0 0.0
18 0.1 18 0.7222222222222222 0.0 0.4 15 0.8666666666666667 0.0 0.5 14 0.9285714285714286 0.0 0.6 12 1.0 0.0 0.7 11 1.0 0.0 0.9 0 1 1
18 0.1 19 0.7368421052631579 0.0 0.4 13 0.9230769230769231 0.0 0.5 12 0.9166666666666666 0.0 0.6 10 1.0 0.0 0.7 10 1.0 0.0 0.9 0 1 1
18 0.1 18 0.7222222222222222 0.0 0.4 14 0.7857142857142857 0.0 0.5 11 0.9090909090909091 0.0 0.6 9 0.8888888888888888 0.0 0.7 7 1.0 0.0 0.9 1 1.0 0.0
18 0.1 14 0.7857142857142857 0.0 0.4 10 0.9 0.0 0.5 10 0.9 0.0 0.6 8 1.0 0.0 0.7 8 1.0 0.0 0.9 0 1 1
18 0.1 19 0.6842105263157895 0.0 0.4 14 0.7857142857142857 0.0 0.5 12 0.9166666666666666 0.0 0.6 11 0.9090909090909091 0.0 0.7 10 1.0 0.0 0.9 1 1.0 0.0
18 0.1 18 0.7222222222222222 0.0 0.4 12 0.8333333333333334 0.0 0.5 11 0.8181818181818182 0.0 0.6 11 0.8181818181818182 0.0 0.7 9 1.0 0.0 0.9 0 1 1
18 0.1 22 0.7272727272727273 0.0 0.4 17 0.8235294117647058 0.0 0.5 15 0.8666666666666667 0.0 0.6 13 0.8461538461538461 0.0 0.7 13 0.8461538461538461 0.0 0.9 1 1.0 0.0
18 0.1 22 0.6818181818181818 0.0 0.4 15 0.9333333333333333 0.0 0.5 15 0.9333333333333333 0.0 0.6 14 0.9285714285714286 0.0 0.7 13 1.0 0.0 0.9 2 1.0 0.0
18 0.1 18 0.7222222222222222 0.0 0.4 13 0.8461538461538461 0.0 0.5 12 0.9166666666666666 0.0 0.6 12 0.9166666666666666 0.0 0.7 11 0.9090909090909091 0.0 0.9 3 1.0 0.0
18 0.1 20 0.7 0.0 0.4 11 0.9090909090909091 0.0 0.5 11 0.9090909090909091 0.0 0.6 10 0.9 0.0 0.7 10 0.9 0.0 0.9 1 1.0 0.0
18 0.1 20 0.7 0.0 0.4 15 0.8 0.0 0.5 14 0.8571428571428571 0.0 0.6 14 0.8571428571428571 0.0 0.7 12 0.9166666666666666 0.0 0.9 2 1.0 0.0
18 0.1 20 0.7 0.0 0.4 13 0.8461538461538461 0.0 0.5 11 0.9090909090909091 0.0 0.6 11 0.9090909090909091 0.0 0.7 11 0.9090909090909091 0.0 0.9 1 1.0 0.0
18 0.1 12 0.8333333333333334 0.0 0.4 11 0.9090909090909091 0.0 0.5 10 1.0 0.0 0.6 9 1.0 0.0 0.7 8 1.0 0.0 0.9 1 1.0 0.0
18 0.1 19 0.6842105263157895 0.0 0.4 13 0.9230769230769231 0.0 0.5 13 0.9230769230769231 0.0 0.6 12 0.9166666666666666 0.0 0.7 10 0.9 0.0 0.9 2 1.0 0.0
18 0.1 15 0.7333333333333333 0.0 0.4 11 0.9090909090909091 0.0 0.5 10 0.9 0.0 0.6 10 0.9 0.0 0.7 10 0.9 0.0 0.9 3 1.0 0.0
18 0.1 15 0.8 0.0 0.4 11 0.9090909090909091 0.0 0.5 11 0.9090909090909091 0.0 0.6 11 0.9090909090909091 0.0 0.7 10 1.0 0.0 0.9 1 1.0 0.0
18 0.1 18 0.7222222222222222 0.0 0.4 12 0.9166666666666666 0.0 0.5 12 0.9166666666666666 0.0 0.6 11 0.9090909090909091 0.0 0.7 10 1.0 0.0 0.9 2 1.0 0.0
18 0.1 17 0.8235294117647058 0.0 0.4 12 0.9166666666666666 0.0 0.5 11 1.0 0.0 0.6 11 1.0 0.0 0.7 11 1.0 0.0 0.9 1 1.0 0.0
18 0.1 19 0.7368421052631579 0.0 0.4 14 0.8571428571428571 0.0 0.5 13 0.9230769230769231 0.0 0.6 12 0.9166666666666666 0.0 0.7 11 1.0 0.0 0.9 2 1.0 0.0
18 0.1 17 0.8235294117647058 0.0 0.4 13 0.9230769230769231 0.0 0.5 13 0.9230769230769231 0.0 0.6 11 1.0 0.0 0.7 11 1.0 0.0 0.9 3 1.0 0.0
18 0.1 19 0.7368421052631579 0.05263157894736842 0.4 16 0.875 0.0625 0.5 14 0.9285714285714286 0.07142857142857142 0.6 13 0.9230769230769231 0.07692307692307693 0.7 13 0.9230769230769231 0.07692307692307693 0.9 2 1.0 0.0
18 0.1 20 0.7 0.0 0.4 17 0.8235294117647058 0.0 0.5 14 0.8571428571428571 0.0 0.6 13 0.9230769230769231 0.0 0.7 13 0.9230769230769231 0.0 0.9 1 1.0 0.0
18 0.1 20 0.75 0.0 0.4 16 0.8125 0.0 0.5 15 0.8 0.0 0.6 15 0.8 0.0 0.7 13 0.9230769230769231 0.0 0.9 4 1.0 0.0
18 0.1 22 0.7272727272727273 0.0 0.4 17 0.8235294117647058 0.0 0.5 17 0.8235294117647058 0.0 0.6 15 0.8666666666666667 0.0 0.7 14 0.9285714285714286 0.0 0.9 3 1.0 0.0
18 0.1 20 0.7 0.0 0.4 16 0.8125 0.0 0.5 13 1.0 0.0 0.6 13 1.0 0.0 0.7 13 1.0 0.0 0.9 0 1 1
18 0.1 16 0.75 0.0 0.4 11 1.0 0.0 0.5 11 1.0 0.0 0.6 10 1.0 0.0 0.7 8 1.0 0.0 0.9 1 1.0 0.0
18 0.1 16 0.8125 0.0 0.4 13 0.9230769230769231 0.0 0.5 12 0.9166666666666666 0.0 0.6 12 0.9166666666666666 0.0 0.7 10 1.0 0.0 0.9 1 1.0 0.0
18 0.1 20 0.75 0.0 0.4 18 0.7777777777777778 0.0 0.5 15 0.8 0.0 0.6 12 1.0 0.0 0.7 10 1.0 0.0 0.9 3 1.0 0.0
18 0.1 18 0.7777777777777778 0.0 0.4 16 0.8125 0.0 0.5 15 0.8 0.0 0.6 12 0.9166666666666666 0.0 0.7 10 1.0 0.0 0.9 1 1.0 0.0
18 0.1 17 0.7058823529411765 0.0 0.4 14 0.8571428571428571 0.0 0.5 14 0.8571428571428571 0.0 0.6 14 0.8571428571428571 0.0 0.7 12 0.9166666666666666 0.0 0.9 3 1.0 0.0
18 0.1 21 0.7142857142857143 0.0 0.4 16 0.8125 0.0 0.5 16 0.8125 0.0 0.6 13 0.9230769230769231 0.0 0.7 13 0.9230769230769231 0.0 0.9 5 1.0 0.0
18 0.1 17 0.7647058823529411 0.0 0.4 14 0.8571428571428571 0.0 0.5 14 0.8571428571428571 0.0 0.6 13 0.9230769230769231 0.0 0.7 13 0.9230769230769231 0.0 0.9 1 1.0 0.0
18 0.1 19 0.7368421052631579 0.0 0.4 16 0.875 0.0 0.5 13 0.9230769230769231 0.0 0.6 12 0.9166666666666666 0.0 0.7 11 1.0 0.0 0.9 1 1.0 0.0
18 0.1 19 0.6842105263157895 0.0 0.4 13 1.0 0.0 0.5 13 1.0 0.0 0.6 11 1.0 0.0 0.7 11 1.0 0.0 0.9 2 1.0 0.0
18 0.1 16 0.75 0.0 0.4 12 0.9166666666666666 0.0 0.5 12 0.9166666666666666 0.0 0.6 12 0.9166666666666666 0.0 0.7 12 0.9166666666666666 0.0 0.9 1 1.0 0.0
18 0.1 20 0.75 0.0 0.4 15 0.8666666666666667 0.0 0.5 15 0.8666666666666667 0.0 0.6 13 0.9230769230769231 0.0 0.7 11 0.9090909090909091 0.0 0.9 1 1.0 0.0
18 0.1 20 0.7 0.0 0.4 18 0.7222222222222222 0.0 0.5 15 0.8666666666666667 0.0 0.6 14 0.9285714285714286 0.0 0.7 11 1.0 0.0 0.9 1 1.0 0.0
18 0.1 20 0.75 0.0 0.4 14 0.8571428571428571 0.0 0.5 13 0.8461538461538461 0.0 0.6 11 0.9090909090909091 0.0 0.7 10 0.9 0.0 0.9 2 1.0 0.0
18 0.1 18 0.7222222222222222 0.0 0.4 13 0.9230769230769231 0.0 0.5 13 0.9230769230769231 0.0 0.6 11 1.0 0.0 0.7 9 1.0 0.0 0.9 2 1.0 0.0
18 0.1 21 0.7142857142857143 0.0 0.4 15 0.8666666666666667 0.0 0.5 14 0.9285714285714286 0.0 0.6 14 0.9285714285714286 0.0 0.7 13 1.0 0.0 0.9 2 1.0 0.0
18 0.1 18 0.7222222222222222 0.0 0.4 14 0.8571428571428571 0.0 0.5 13 0.9230769230769231 0.0 0.6 12 1.0 0.0 0.7 12 1.0 0.0 0.9 2 1.0 0.0
18 0.1 20 0.65 0.0 0.4 15 0.8666666666666667 0.0 0.5 14 0.9285714285714286 0.0 0.6 13 1.0 0.0 0.7 12 1.0 0.0 0.9 3 1.0 0.0
18 0.1 21 0.6666666666666666 0.0 0.4 13 0.9230769230769231 0.0 0.5 13 0.9230769230769231 0.0 0.6 12 1.0 0.0 0.7 12 1.0 0.0 0.9 2 1.0 0.0
18 0.1 18 0.7777777777777778 0.0 0.4 16 0.8125 0.0 0.5 14 0.8571428571428571 0.0 0.6 12 1.0 0.0 0.7 11 1.0 0.0 0.9 4 1.0 0.0
18 0.1 20 0.75 0.0 0.4 14 0.9285714285714286 0.0 0.5 13 0.9230769230769231 0.0 0.6 12 0.9166666666666666 0.0 0.7 12 0.9166666666666666 0.0 0.9 4 1.0 0.0
18 0.1 19 0.7894736842105263 0.10526315789473684 0.4 14 1.0 0.14285714285714285 0.5 13 1.0 0.15384615384615385 0.6 12 1.0 0.16666666666666666 0.7 12 1.0 0.16666666666666666 0.9 1 1.0 0.0
18 0.1 19 0.7894736842105263 0.0 0.4 15 0.8666666666666667 0.0 0.5 13 1.0 0.0 0.6 13 1.0 0.0 0.7 13 1.0 0.0 0.9 1 1.0 0.0
18 0.1 20 0.75 0.0 0.4 15 0.8666666666666667 0.0 0.5 15 0.8666666666666667 0.0 0.6 12 1.0 0.0 0.7 11 1.0 0.0 0.9 0 1 1
18 0.1 20 0.75 0.05 0.4 16 0.875 0.0625 0.5 15 0.9333333333333333 0.06666666666666667 0.6 14 0.9285714285714286 0.07142857142857142 0.7 13 1.0 0.07692307692307693 0.9 0 1 1
18 0.1 19 0.7368421052631579 0.0 0.4 17 0.8235294117647058 0.0 0.5 16 0.875 0.0 0.6 14 0.9285714285714286 0.0 0.7 12 1.0 0.0 0.9 0 1 1
18 0.1 20 0.7 0.0 0.4 14 0.7857142857142857 0.0 0.5 12 0.9166666666666666 0.0 0.6 11 1.0 0.0 0.7 11 1.0 0.0 0.9 1 1.0 0.0
18 0.1 18 0.7222222222222222 0.0 0.4 13 0.8461538461538461 0.0 0.5 13 0.8461538461538461 0.0 0.6 12 0.9166666666666666 0.0 0.7 11 0.9090909090909091 0.0 0.9 4 1.0 0.0
18 0.1 18 0.7222222222222222 0.0 0.4 12 0.8333333333333334 0.0 0.5 10 0.9 0.0 0.6 10 0.9 0.0 0.7 10 0.9 0.0 0.9 3 1.0 0.0
18 0.1 19 0.7368421052631579 0.0 0.4 16 0.875 0.0 0.5 14 0.9285714285714286 0.0 0.6 14 0.9285714285714286 0.0 0.7 13 0.9230769230769231 0.0 0.9 2 1.0 0.0
18 0.1 17 0.7647058823529411 0.0 0.4 14 0.8571428571428571 0.0 0.5 14 0.8571428571428571 0.0 0.6 13 0.8461538461538461 0.0 0.7 12 0.9166666666666666 0.0 0.9 3 1.0 0.0
18 0.1 22 0.6818181818181818 0.0 0.4 15 0.8 0.0 0.5 15 0.8 0.0 0.6 14 0.8571428571428571 0.0 0.7 13 0.9230769230769231 0.0 0.9 2 1.0 0.0
18 0.1 17 0.7647058823529411 0.0 0.4 16 0.8125 0.0 0.5 15 0.8666666666666667 0.0 0.6 15 0.8666666666666667 0.0 0.7 14 0.9285714285714286 0.0 0.9 0 1 1
18 0.1 19 0.7368421052631579 0.0 0.4 17 0.8235294117647058 0.0 0.5 17 0.8235294117647058 0.0 0.6 16 0.875 0.0 0.7 15 0.9333333333333333 0.0 0.9 2 1.0 0.0
18 0.1 21 0.7142857142857143 0.0 0.4 17 0.8235294117647058 0.0 0.5 16 0.875 0.0 0.6 16 0.875 0.0 0.7 16 0.875 0.0 0.9 3 1.0 0.0
18 0.1 20 0.75 0.0 0.4 15 0.8666666666666667 0.0 0.5 15 0.8666666666666667 0.0 0.6 14 0.9285714285714286 0.0 0.7 14 0.9285714285714286 0.0 0.9 2 1.0 0.0
18 0.1 18 0.7777777777777778 0.0 0.4 15 0.8666666666666667 0.0 0.5 14 0.8571428571428571 0.0 0.6 14 0.8571428571428571 0.0 0.7 13 0.9230769230769231 0.0 0.9 2 1.0 0.0
18 0.1 21 0.7142857142857143 0.0 0.4 16 0.8125 0.0 0.5 15 0.8666666666666667 0.0 0.6 15 0.8666666666666667 0.0 0.7 13 0.9230769230769231 0.0 0.9 4 1.0 0.0
18 0.1 19 0.7368421052631579 0.0 0.4 15 0.8 0.0 0.5 15 0.8 0.0 0.6 15 0.8 0.0 0.7 14 0.8571428571428571 0.0 0.9 4 1.0 0.0
18 0.1 18 0.7777777777777778 0.0 0.4 14 0.8571428571428571 0.0 0.5 13 0.9230769230769231 0.0 0.6 12 0.9166666666666666 0.0 0.7 12 0.9166666666666666 0.0 0.9 1 1.0 0.0
18 0.1 17 0.7647058823529411 0.0 0.4 12 0.9166666666666666 0.0 0.5 12 0.9166666666666666 0.0 0.6 12 0.9166666666666666 0.0 0.7 11 0.9090909090909091 0.0 0.9 2 1.0 0.0
18 0.1 19 0.7894736842105263 0.0 0.4 16 0.8125 0.0 0.5 14 0.8571428571428571 0.0 0.6 14 0.8571428571428571 0.0 0.7 14 0.8571428571428571 0.0 0.9 1 1.0 0.0
18 0.1 20 0.75 0.0 0.4 18 0.8333333333333334 0.0 0.5 16 0.875 0.0 0.6 14 0.8571428571428571 0.0 0.7 14 0.8571428571428571 0.0 0.9 1 1.0 0.0
