27 0.1 0 1 1 0.4 0 1 1 0.5 0 1 1 0.6 0 1 1 0.7 0 1 1 0.9 0 1 1
27 0.1 0 1 1 0.4 0 1 1 0.5 0 1 1 0.6 0 1 1 0.7 0 1 1 0.9 0 1 1
27 0.1 2 0.0 0.0 0.4 0 1 1 0.5 0 1 1 0.6 0 1 1 0.7 0 1 1 0.9 0 1 1
27 0.1 9 0.1111111111111111 0.0 0.4 0 1 1 0.5 0 1 1 0.6 0 1 1 0.7 0 1 1 0.9 0 1 1
27 0.1 21 0.14285714285714285 0.0 0.4 1 1.0 0.0 0.5 0 1 1 0.6 0 1 1 0.7 0 1 1 0.9 0 1 1
27 0.1 174 0.05747126436781609 0.0 0.4 3 0.0 0.0 0.5 0 1 1 0.6 0 1 1 0.7 0 1 1 0.9 0 1 1
27 0.1 26 0.15384615384615385 0.0 0.4 0 1 1 0.5 0 1 1 0.6 0 1 1 0.7 0 1 1 0.9 0 1 1
27 0.1 435 0.052873563218390804 0.0 0.4 27 0.25925925925925924 0.0 0.5 6 0.5 0.0 0.6 0 1 1 0.7 0 1 1 0.9 0 1 1
27 0.1 261 0.08045977011494253 0.0 0.4 20 0.45 0.0 0.5 3 0.6666666666666666 0.0 0.6 0 1 1 0.7 0 1 1 0.9 0 1 1
27 0.1 244 0.0860655737704918 0.0 0.4 4 0.5 0.0 0.5 0 1 1 0.6 0 1 1 0.7 0 1 1 0.9 0 1 1
27 0.1 81 0.1728395061728395 0.0 0.4 6 0.6666666666666666 0.0 0.5 2 1.0 0.0 0.6 0 1 1 0.7 0 1 1 0.9 0 1 1
27 0.1 184 0.11413043478260869 0.0 0.4 15 0.5333333333333333 0.0 0.5 3 1.0 0.0 0.6 0 1 1 0.7 0 1 1 0.9 0 1 1
27 0.1 85 0.18823529411764706 0.0 0.4 13 0.38461538461538464 0.0 0.5 6 0.3333333333333333 0.0 0.6 1 0.0 0.0 0.7 0 1 1 0.9 0 1 1
27 0.1 167 0.1317365269461078 0.0 0.4 24 0.3333333333333333 0.0 0.5 0 1 1 0.6 0 1 1 0.7 0 1 1 0.9 0 1 1
27 0.1 107 0.14953271028037382 0.0 0.4 3 1.0 0.0 0.5 0 1 1 0.6 0 1 1 0.7 0 1 1 0.9 0 1 1
27 0.1 103 0.18446601941747573 0.0 0.4 21 0.5238095238095238 0.0 0.5 7 1.0 0.0 0.6 1 1.0 0.0 0.7 0 1 1 0.9 0 1 1
27 0.1 141 0.14893617021276595 0.0 0.4 25 0.36 0.0 0.5 3 0.6666666666666666 0.0 0.6 0 1 1 0.7 0 1 1 0.9 0 1 1
27 0.1 97 0.1958762886597938 0.0 0.4 9 0.5555555555555556 0.0 0.5 0 1 1 0.6 0 1 1 0.7 0 1 1 0.9 0 1 1
27 0.1 59 0.3728813559322034 0.0 0.4 13 0.9230769230769231 0.0 0.5 7 0.8571428571428571 0.0 0.6 2 1.0 0.0 0.7 0 1 1 0.9 0 1 1
27 0.1 86 0.22093023255813954 0.0 0.4 20 0.5 0.0 0.5 6 0.3333333333333333 0.0 0.6 2 1.0 0.0 0.7 0 1 1 0.9 0 1 1
27 0.1 34 0.4411764705882353 0.0 0.4 11 0.9090909090909091 0.0 0.5 6 1.0 0.0 0.6 4 1.0 0.0 0.7 0 1 1 0.9 0 1 1
27 0.1 60 0.35 0.0 0.4 18 0.6111111111111112 0.0 0.5 6 0.6666666666666666 0.0 0.6 0 1 1 0.7 0 1 1 0.9 0 1 1
27 0.1 45 0.5111111111111111 0.0 0.4 21 0.7619047619047619 0.0 0.5 11 0.7272727272727273 0.0 0.6 5 0.8 0.0 0.7 0 1 1 0.9 0 1 1
27 0.1 72 0.25 0.0 0.4 12 0.8333333333333334 0.0 0.5 5 1.0 0.0 0.6 0 1 1 0.7 0 1 1 0.9 0 1 1
27 0.1 10 0.7 0.0 0.4 0 1 1 0.5 0 1 1 0.6 0 1 1 0.7 0 1 1 0.9 0 1 1
27 0.1 69 0.30434782608695654 0.0 0.4 21 0.5238095238095238 0.0 0.5 16 0.5 0.0 0.6 6 0.8333333333333334 0.0 0.7 0 1 1 0.9 0 1 1
27 0.1 64 0.328125 0.0 0.4 16 0.5625 0.0 0.5 5 0.2 0.0 0.6 1 1.0 0.0 0.7 0 1 1 0.9 0 1 1
27 0.1 45 0.4 0.0 0.4 12 0.75 0.0 0.5 7 0.7142857142857143 0.0 0.6 2 0.5 0.0 0.7 1 0.0 0.0 0.9 0 1 1
27 0.1 41 0.34146341463414637 0.0 0.4 6 0.6666666666666666 0.0 0.5 2 1.0 0.0 0.6 0 1 1 0.7 0 1 1 0.9 0 1 1
27 0.1 78 0.32051282051282054 0.01282051282051282 0.4 32 0.59375 0.03125 0.5 26 0.6538461538461539 0.038461538461538464 0.6 21 0.7142857142857143 0.047619047619047616 0.7 16 0.6875 0.0625 0.9 0 1 1
27 0.1 30 0.5333333333333333 0.0 0.4 14 0.7142857142857143 0.0 0.5 10 0.8 0.0 0.6 6 0.8333333333333334 0.0 0.7 2 1.0 0.0 0.9 0 1 1
27 0.1 33 0.5757575757575758 0.0 0.4 16 0.6875 0.0 0.5 10 0.9 0.0 0.6 8 0.875 0.0 0.7 4 1.0 0.0 0.9 0 1 1
27 0.1 43 0.32558139534883723 0.0 0.4 20 0.55 0.0 0.5 14 0.5714285714285714 0.0 0.6 9 0.6666666666666666 0.0 0.7 3 1.0 0.0 0.9 0 1 1
27 0.1 68 0.3088235294117647 0.0 0.4 22 0.5454545454545454 0.0 0.5 14 0.5714285714285714 0.0 0.6 7 0.7142857142857143 0.0 0.7 3 1.0 0.0 0.9 0 1 1
27 0.1 16 0.4375 0.0 0.4 6 0.6666666666666666 0.0 0.5 1 1.0 0.0 0.6 1 1.0 0.0 0.7 0 1 1 0.9 0 1 1
27 0.1 49 0.46938775510204084 0.0 0.4 24 0.75 0.0 0.5 18 0.7777777777777778 0.0 0.6 13 0.7692307692307693 0.0 0.7 8 0.875 0.0 0.9 0 1 1
27 0.1 24 0.625 0.0 0.4 7 0.7142857142857143 0.0 0.5 4 0.75 0.0 0.6 0 1 1 0.7 0 1 1 0.9 0 1 1
27 0.1 3 0.3333333333333333 0.0 0.4 0 1 1 0.5 0 1 1 0.6 0 1 1 0.7 0 1 1 0.9 0 1 1
27 0.1 79 0.26582278481012656 0.0 0.4 25 0.64 0.0 0.5 16 0.75 0.0 0.6 13 0.6923076923076923 0.0 0.7 3 0.6666666666666666 0.0 0.9 0 1 1
27 0.1 15 0.4666666666666667 0.0 0.4 5 0.8 0.0 0.5 3 0.6666666666666666 0.0 0.6 1 1.0 0.0 0.7 0 1 1 0.9 0 1 1
27 0.1 26 0.38461538461538464 0.0 0.4 4 0.75 0.0 0.5 2 1.0 0.0 0.6 0 1 1 0.7 0 1 1 0.9 0 1 1
27 0.1 34 0.3235294117647059 0.0 0.4 7 0.7142857142857143 0.0 0.5 3 1.0 0.0 0.6 2 1.0 0.0 0.7 0 1 1 0.9 0 1 1
27 0.1 6 0.8333333333333334 0.0 0.4 1 1.0 0.0 0.5 0 1 1 0.6 0 1 1 0.7 0 1 1 0.9 0 1 1
27 0.1 12 0.5 0.0 0.4 0 1 1 0.5 0 1 1 0.6 0 1 1 0.7 0 1 1 0.9 0 1 1
27 0.1 0 1 1 0.4 0 1 1 0.5 0 1 1 0.6 0 1 1 0.7 0 1 1 0.9 0 1 1
27 0.1 1 0.0 0.0 0.4 0 1 1 0.5 0 1 1 0.6 0 1 1 0.7 0 1 1 0.9 0 1 1
27 0.1 0 1 1 0.4 0 1 1 0.5 0 1 1 0.6 0 1 1 0.7 0 1 1 0.9 0 1 1
27 0.1 0 1 1 0.4 0 1 1 0.5 0 1 1 0.6 0 1 1 0.7 0 1 1 0.9 0 1 1
27 0.1 1 0.0 0.0 0.4 0 1 1 0.5 0 1 1 0.6 0 1 1 0.7 0 1 1 0.9 0 1 1
27 0.1 1 0.0 0.0 0.4 0 1 1 0.5 0 1 1 0.6 0 1 1 0.7 0 1 1 0.9 0 1 1
27 0.1 0 1 1 0.4 0 1 1 0.5 0 1 1 0.6 0 1 1 0.7 0 1 1 0.9 0 1 1
27 0.1 12 0.75 0.0 0.4 3 0.6666666666666666 0.0 0.5 2 0.5 0.0 0.6 1 0.0 0.0 0.7 0 1 1 0.9 0 1 1
27 0.1 12 0.6666666666666666 0.0 0.4 1 1.0 0.0 0.5 0 1 1 0.6 0 1 1 0.7 0 1 1 0.9 0 1 1
27 0.1 23 0.5652173913043478 0.0 0.4 5 0.6 0.0 0.5 2 0.5 0.0 0.6 0 1 1 0.7 0 1 1 0.9 0 1 1
27 0.1 22 0.4090909090909091 0.0 0.4 3 0.6666666666666666 0.0 0.5 2 0.5 0.0 0.6 1 1.0 0.0 0.7 0 1 1 0.9 0 1 1
27 0.1 5 0.6 0.0 0.4 0 1 1 0.5 0 1 1 0.6 0 1 1 0.7 0 1 1 0.9 0 1 1
27 0.1 12 0.5 0.0 0.4 0 1 1 0.5 0 1 1 0.6 0 1 1 0.7 0 1 1 0.9 0 1 1
27 0.1 62 0.3870967741935484 0.0 0.4 24 0.5833333333333334 0.0 0.5 15 0.6666666666666666 0.0 0.6 11 0.6363636363636364 0.0 0.7 2 1.0 0.0 0.9 0 1 1
27 0.1 31 0.5161290322580645 0.0 0.4 11 0.7272727272727273 0.0 0.5 5 0.6 0.0 0.6 3 0.6666666666666666 0.0 0.7 0 1 1 0.9 0 1 1
27 0.1 113 0.11504424778761062 0.0 0.4 3 0.3333333333333333 0.0 0.5 1 0.0 0.0 0.6 0 1 1 0.7 0 1 1 0.9 0 1 1
27 0.1 32 0.40625 0.0 0.4 10 0.6 0.0 0.5 7 0.7142857142857143 0.0 0.6 3 0.6666666666666666 0.0 0.7 0 1 1 0.9 0 1 1
27 0.1 25 0.52 0.0 0.4 5 0.8 0.0 0.5 4 1.0 0.0 0.6 0 1 1 0.7 0 1 1 0.9 0 1 1
27 0.1 40 0.475 0.0 0.4 7 0.7142857142857143 0.0 0.5 5 0.8 0.0 0.6 1 1.0 0.0 0.7 1 1.0 0.0 0.9 0 1 1
27 0.1 42 0.5 0.0 0.4 18 0.6111111111111112 0.0 0.5 12 0.75 0.0 0.6 7 0.7142857142857143 0.0 0.7 1 1.0 0.0 0.9 0 1 1
27 0.1 48 0.4791666666666667 0.0 0.4 19 0.6842105263157895 0.0 0.5 12 0.75 0.0 0.6 5 1.0 0.0 0.7 1 1.0 0.0 0.9 0 1 1
27 0.1 43 0.4883720930232558 0.0 0.4 17 0.7058823529411765 0.0 0.5 11 0.8181818181818182 0.0 0.6 3 1.0 0.0 0.7 1 1.0 0.0 0.9 0 1 1
27 0.1 53 0.41509433962264153 0.018867924528301886 0.4 15 0.8 0.06666666666666667 0.5 6 1.0 0.16666666666666666 0.6 3 1.0 0.3333333333333333 0.7 1 1.0 1.0 0.9 0 1 1
27 0.1 12 0.3333333333333333 0.0 0.4 0 1 1 0.5 0 1 1 0.6 0 1 1 0.7 0 1 1 0.9 0 1 1
27 0.1 2 0.5 0.0 0.4 0 1 1 0.5 0 1 1 0.6 0 1 1 0.7 0 1 1 0.9 0 1 1
27 0.1 7 0.2857142857142857 0.0 0.4 0 1 1 0.5 0 1 1 0.6 0 1 1 0.7 0 1 1 0.9 0 1 1
27 0.1 24 0.7083333333333334 0.0 0.4 6 0.8333333333333334 0.0 0.5 4 1.0 0.0 0.6 1 1.0 0.0 0.7 0 1 1 0.9 0 1 1
27 0.1 39 0.46153846153846156 0.0 0.4 10 0.6 0.0 0.5 7 0.5714285714285714 0.0 0.6 2 1.0 0.0 0.7 0 1 1 0.9 0 1 1
27 0.1 38 0.5526315789473685 0.0 0.4 14 0.9285714285714286 0.0 0.5 9 0.8888888888888888 0.0 0.6 5 1.0 0.0 0.7 0 1 1 0.9 0 1 1
27 0.1 17 0.6470588235294118 0.0 0.4 2 1.0 0.0 0.5 0 1 1 0.6 0 1 1 0.7 0 1 1 0.9 0 1 1
27 0.1 24 0.5416666666666666 0.0 0.4 6 0.8333333333333334 0.0 0.5 5 1.0 0.0 0.6 1 1.0 0.0 0.7 0 1 1 0.9 0 1 1
27 0.1 32 0.625 0.0 0.4 13 0.9230769230769231 0.0 0.5 6 1.0 0.0 0.6 1 1.0 0.0 0.7 0 1 1 0.9 0 1 1
27 0.1 34 0.5294117647058824 0.0 0.4 14 0.8571428571428571 0.0 0.5 8 0.75 0.0 0.6 3 0.6666666666666666 0.0 0.7 0 1 1 0.9 0 1 1
27 0.1 41 0.4878048780487805 0.0 0.4 14 0.9285714285714286 0.0 0.5 7 0.8571428571428571 0.0 0.6 2 1.0 0.0 0.7 1 1.0 0.0 0.9 0 1 1
27 0.1 83 0.20481927710843373 0.0 0.4 10 0.4 0.0 0.5 2 0.5 0.0 0.6 1 0.0 0.0 0.7 0 1 1 0.9 0 1 1
27 0.1 59 0.3559322033898305 0.01694915254237288 0.4 24 0.5 0.0 0.5 17 0.5294117647058824 0.0 0.6 9 0.6666666666666666 0.0 0.7 2 1.0 0.0 0.9 0 1 1
27 0.1 196 0.12755102040816327 0.0 0.4 47 0.3617021276595745 0.0 0.5 31 0.41935483870967744 0.0 0.6 19 0.5263157894736842 0.0 0.7 4 1.0 0.0 0.9 0 1 1
27 0.1 26 0.7307692307692307 0.0 0.4 11 0.9090909090909091 0.0 0.5 11 0.9090909090909091 0.0 0.6 6 1.0 0.0 0.7 2 1.0 0.0 0.9 0 1 1
27 0.1 18 0.8333333333333334 0.05555555555555555 0.4 7 1.0 0.14285714285714285 0.5 4 1.0 0.25 0.6 2 1.0 0.0 0.7 0 1 1 0.9 0 1 1
27 0.1 26 0.6923076923076923 0.0 0.4 10 0.9 0.0 0.5 7 1.0 0.0 0.6 2 1.0 0.0 0.7 0 1 1 0.9 0 1 1
27 0.1 25 0.72 0.0 0.4 13 0.9230769230769231 0.0 0.5 8 1.0 0.0 0.6 4 1.0 0.0 0.7 2 1.0 0.0 0.9 0 1 1
27 0.1 20 0.85 0.0 0.4 8 1.0 0.0 0.5 6 1.0 0.0 0.6 2 1.0 0.0 0.7 0 1 1 0.9 0 1 1
27 0.1 27 0.7407407407407407 0.0 0.4 9 1.0 0.0 0.5 4 1.0 0.0 0.6 3 1.0 0.0 0.7 0 1 1 0.9 0 1 1
27 0.1 32 0.625 0.0 0.4 17 0.8235294117647058 0.0 0.5 16 0.8125 0.0 0.6 8 1.0 0.0 0.7 2 1.0 0.0 0.9 0 1 1
27 0.1 34 0.6764705882352942 0.029411764705882353 0.4 15 0.8666666666666667 0.06666666666666667 0.5 9 1.0 0.1111111111111111 0.6 5 1.0 0.2 0.7 0 1 1 0.9 0 1 1
27 0.1 32 0.6875 0.0 0.4 19 0.7894736842105263 0.0 0.5 11 1.0 0.0 0.6 10 1.0 0.0 0.7 5 1.0 0.0 0.9 0 1 1
27 0.1 39 0.6153846153846154 0.02564102564102564 0.4 22 0.7272727272727273 0.045454545454545456 0.5 15 0.8 0.06666666666666667 0.6 11 0.9090909090909091 0.09090909090909091 0.7 5 0.8 0.2 0.9 0 1 1
27 0.1 25 0.76 0.04 0.4 12 0.8333333333333334 0.08333333333333333 0.5 6 1.0 0.0 0.6 2 1.0 0.0 0.7 1 1.0 0.0 0.9 0 1 1
27 0.1 33 0.6666666666666666 0.06060606060606061 0.4 20 0.8 0.1 0.5 16 0.875 0.125 0.6 13 0.9230769230769231 0.15384615384615385 0.7 6 0.8333333333333334 0.16666666666666666 0.9 0 1 1
27 0.1 99 0.25252525252525254 0.0 0.4 20 0.7 0.0 0.5 11 0.6363636363636364 0.0 0.6 3 1.0 0.0 0.7 1 1.0 0.0 0.9 0 1 1
27 0.1 18 0.8333333333333334 0.05555555555555555 0.4 7 0.8571428571428571 0.14285714285714285 0.5 1 1.0 1.0 0.6 1 1.0 1.0 0.7 1 1.0 1.0 0.9 0 1 1
27 0.1 33 0.5454545454545454 0.030303030303030304 0.4 6 0.8333333333333334 0.16666666666666666 0.5 2 1.0 0.0 0.6 0 1 1 0.7 0 1 1 0.9 0 1 1
27 0.1 40 0.575 0.0 0.4 19 0.7894736842105263 0.0 0.5 11 0.8181818181818182 0.0 0.6 5 1.0 0.0 0.7 1 1.0 0.0 0.9 0 1 1
27 0.1 33 0.6666666666666666 0.0 0.4 18 0.8333333333333334 0.0 0.5 13 0.9230769230769231 0.0 0.6 11 0.9090909090909091 0.0 0.7 4 1.0 0.0 0.9 0 1 1
27 0.1 30 0.7333333333333333 0.0 0.4 9 1.0 0.0 0.5 8 1.0 0.0 0.6 7 1.0 0.0 0.7 1 1.0 0.0 0.9 0 1 1
27 0.1 22 0.8181818181818182 0.045454545454545456 0.4 14 0.8571428571428571 0.07142857142857142 0.5 7 0.8571428571428571 0.0 0.6 2 1.0 0.0 0.7 0 1 1 0.9 0 1 1
27 0.1 100 0.21 0.03 0.4 22 0.6818181818181818 0.13636363636363635 0.5 16 0.6875 0.1875 0.6 8 0.875 0.25 0.7 2 1.0 0.0 0.9 0 1 1
27 0.1 24 0.75 0.0 0.4 11 0.9090909090909091 0.0 0.5 4 1.0 0.0 0.6 3 1.0 0.0 0.7 0 1 1 0.9 0 1 1
27 0.1 31 0.6451612903225806 0.12903225806451613 0.4 19 0.8421052631578947 0.21052631578947367 0.5 14 0.9285714285714286 0.21428571428571427 0.6 13 0.9230769230769231 0.15384615384615385 0.7 8 0.875 0.25 0.9 0 1 1
27 0.1 31 0.7419354838709677 0.0 0.4 14 0.9285714285714286 0.0 0.5 9 0.8888888888888888 0.0 0.6 7 1.0 0.0 0.7 2 1.0 0.0 0.9 0 1 1
27 0.1 30 0.6666666666666666 0.06666666666666667 0.4 15 0.9333333333333333 0.13333333333333333 0.5 12 1.0 0.08333333333333333 0.6 8 1.0 0.125 0.7 3 1.0 0.3333333333333333 0.9 0 1 1
27 0.1 34 0.5882352941176471 0.08823529411764706 0.4 20 0.8 0.15 0.5 15 0.8666666666666667 0.2 0.6 11 1.0 0.2727272727272727 0.7 5 1.0 0.2 0.9 0 1 1
27 0.1 52 0.46153846153846156 0.0 0.4 26 0.6153846153846154 0.0 0.5 24 0.625 0.0 0.6 16 0.75 0.0 0.7 8 1.0 0.0 0.9 0 1 1
27 0.1 36 0.5833333333333334 0.027777777777777776 0.4 15 0.8666666666666667 0.06666666666666667 0.5 13 0.8461538461538461 0.07692307692307693 0.6 7 0.8571428571428571 0.0 0.7 4 1.0 0.0 0.9 0 1 1
27 0.1 33 0.696969696969697 0.030303030303030304 0.4 19 0.7368421052631579 0.05263157894736842 0.5 14 0.8571428571428571 0.07142857142857142 0.6 11 0.9090909090909091 0.09090909090909091 0.7 8 0.875 0.0 0.9 0 1 1
27 0.1 39 0.6153846153846154 0.02564102564102564 0.4 26 0.6923076923076923 0.038461538461538464 0.5 21 0.7619047619047619 0.047619047619047616 0.6 15 0.9333333333333333 0.06666666666666667 0.7 6 1.0 0.16666666666666666 0.9 0 1 1
27 0.1 35 0.6571428571428571 0.0 0.4 21 0.8571428571428571 0.0 0.5 17 0.8823529411764706 0.0 0.6 15 0.8666666666666667 0.0 0.7 11 0.9090909090909091 0.0 0.9 0 1 1
27 0.1 28 0.6785714285714286 0.03571428571428571 0.4 17 0.8235294117647058 0.058823529411764705 0.5 15 0.8666666666666667 0.06666666666666667 0.6 9 0.8888888888888888 0.1111111111111111 0.7 7 0.8571428571428571 0.14285714285714285 0.9 0 1 1
27 0.1 36 0.6388888888888888 0.0 0.4 16 0.8125 0.0 0.5 11 1.0 0.0 0.6 7 1.0 0.0 0.7 5 1.0 0.0 0.9 0 1 1
27 0.1 34 0.6764705882352942 0.0 0.4 24 0.7083333333333334 0.0 0.5 19 0.7894736842105263 0.0 0.6 17 0.8235294117647058 0.0 0.7 9 1.0 0.0 0.9 0 1 1
27 0.1 29 0.6896551724137931 0.0 0.4 13 0.8461538461538461 0.0 0.5 10 0.8 0.0 0.6 5 1.0 0.0 0.7 3 1.0 0.0 0.9 0 1 1
27 0.1 37 0.6216216216216216 0.0 0.4 20 0.85 0.0 0.5 16 0.9375 0.0 0.6 11 1.0 0.0 0.7 3 1.0 0.0 0.9 0 1 1
27 0.1 31 0.6129032258064516 0.0 0.4 16 0.8125 0.0 0.5 11 0.9090909090909091 0.0 0.6 8 1.0 0.0 0.7 3 1.0 0.0 0.9 0 1 1
27 0.1 33 0.6363636363636364 0.06060606060606061 0.4 16 0.9375 0.125 0.5 11 1.0 0.09090909090909091 0.6 8 1.0 0.125 0.7 5 1.0 0.0 0.9 0 1 1
27 0.1 35 0.6857142857142857 0.0 0.4 19 0.9473684210526315 0.0 0.5 14 0.9285714285714286 0.0 0.6 11 1.0 0.0 0.7 3 1.0 0.0 0.9 0 1 1
27 0.1 32 0.6875 0.09375 0.4 20 0.8 0.15 0.5 15 0.8666666666666667 0.2 0.6 10 0.9 0.2 0.7 4 1.0 0.5 0.9 0 1 1
27 0.1 27 0.7777777777777778 0.0 0.4 18 0.8888888888888888 0.0 0.5 17 0.8823529411764706 0.0 0.6 12 0.9166666666666666 0.0 0.7 7 1.0 0.0 0.9 0 1 1
27 0.1 24 0.8333333333333334 0.041666666666666664 0.4 18 0.8333333333333334 0.05555555555555555 0.5 16 0.9375 0.0625 0.6 10 0.9 0.1 0.7 8 0.875 0.125 0.9 0 1 1
27 0.1 31 0.7096774193548387 0.03225806451612903 0.4 17 0.8823529411764706 0.058823529411764705 0.5 16 0.875 0.0625 0.6 14 0.9285714285714286 0.07142857142857142 0.7 10 0.9 0.1 0.9 0 1 1
27 0.1 36 0.5833333333333334 0.0 0.4 24 0.75 0.0 0.5 21 0.8095238095238095 0.0 0.6 14 0.9285714285714286 0.0 0.7 10 1.0 0.0 0.9 0 1 1
27 0.1 35 0.6571428571428571 0.0 0.4 20 0.75 0.0 0.5 16 0.8125 0.0 0.6 9 1.0 0.0 0.7 5 1.0 0.0 0.9 0 1 1
27 0.1 31 0.6774193548387096 0.0967741935483871 0.4 14 0.8571428571428571 0.14285714285714285 0.5 11 0.9090909090909091 0.18181818181818182 0.6 5 1.0 0.4 0.7 3 1.0 0.6666666666666666 0.9 0 1 1
27 0.1 26 0.7307692307692307 0.038461538461538464 0.4 8 1.0 0.125 0.5 6 1.0 0.16666666666666666 0.6 2 1.0 0.0 0.7 0 1 1 0.9 0 1 1
27 0.1 26 0.8461538461538461 0.0 0.4 16 0.9375 0.0 0.5 14 1.0 0.0 0.6 7 1.0 0.0 0.7 6 1.0 0.0 0.9 0 1 1
27 0.1 26 0.8076923076923077 0.0 0.4 19 0.8947368421052632 0.0 0.5 14 1.0 0.0 0.6 10 1.0 0.0 0.7 7 1.0 0.0 0.9 0 1 1
27 0.1 27 0.8148148148148148 0.07407407407407407 0.4 15 0.8666666666666667 0.06666666666666667 0.5 13 0.9230769230769231 0.07692307692307693 0.6 10 0.9 0.1 0.7 4 1.0 0.25 0.9 0 1 1
27 0.1 27 0.7407407407407407 0.07407407407407407 0.4 19 0.8421052631578947 0.10526315789473684 0.5 14 0.8571428571428571 0.07142857142857142 0.6 12 1.0 0.08333333333333333 0.7 9 1.0 0.1111111111111111 0.9 0 1 1
27 0.1 20 0.85 0.05 0.4 11 0.9090909090909091 0.09090909090909091 0.5 9 0.8888888888888888 0.1111111111111111 0.6 7 1.0 0.14285714285714285 0.7 4 1.0 0.0 0.9 0 1 1
27 0.1 28 0.7857142857142857 0.03571428571428571 0.4 18 0.8888888888888888 0.05555555555555555 0.5 13 0.9230769230769231 0.07692307692307693 0.6 13 0.9230769230769231 0.07692307692307693 0.7 7 1.0 0.14285714285714285 0.9 0 1 1
27 0.1 22 0.9090909090909091 0.18181818181818182 0.4 12 0.9166666666666666 0.25 0.5 10 0.9 0.3 0.6 7 0.8571428571428571 0.42857142857142855 0.7 6 0.8333333333333334 0.3333333333333333 0.9 0 1 1
27 0.1 20 0.85 0.1 0.4 13 0.9230769230769231 0.15384615384615385 0.5 11 0.9090909090909091 0.18181818181818182 0.6 8 0.875 0.125 0.7 8 0.875 0.125 0.9 0 1 1
27 0.1 27 0.7407407407407407 0.037037037037037035 0.4 10 0.9 0.0 0.5 8 1.0 0.0 0.6 8 1.0 0.0 0.7 4 1.0 0.0 0.9 0 1 1
27 0.1 45 0.5111111111111111 0.022222222222222223 0.4 22 0.6818181818181818 0.045454545454545456 0.5 16 0.75 0.0625 0.6 14 0.8571428571428571 0.07142857142857142 0.7 10 0.9 0.1 0.9 0 1 1
27 0.1 32 0.6875 0.0 0.4 25 0.84 0.0 0.5 19 0.8947368421052632 0.0 0.6 17 0.9411764705882353 0.0 0.7 11 1.0 0.0 0.9 0 1 1
27 0.1 28 0.7857142857142857 0.0 0.4 18 0.8333333333333334 0.0 0.5 14 0.9285714285714286 0.0 0.6 7 0.8571428571428571 0.0 0.7 4 1.0 0.0 0.9 0 1 1
27 0.1 30 0.7 0.1 0.4 12 0.9166666666666666 0.16666666666666666 0.5 12 0.9166666666666666 0.16666666666666666 0.6 7 0.8571428571428571 0.2857142857142857 0.7 4 1.0 0.5 0.9 0 1 1
27 0.1 32 0.625 0.0625 0.4 18 0.8888888888888888 0.1111111111111111 0.5 13 0.9230769230769231 0.07692307692307693 0.6 12 0.9166666666666666 0.08333333333333333 0.7 7 0.8571428571428571 0.14285714285714285 0.9 0 1 1
27 0.1 29 0.7241379310344828 0.0 0.4 18 0.8888888888888888 0.0 0.5 15 1.0 0.0 0.6 10 1.0 0.0 0.7 9 1.0 0.0 0.9 0 1 1
27 0.1 23 0.8695652173913043 0.0 0.4 17 0.8823529411764706 0.0 0.5 16 0.875 0.0 0.6 14 0.9285714285714286 0.0 0.7 9 1.0 0.0 0.9 0 1 1
27 0.1 31 0.7096774193548387 0.0 0.4 23 0.8260869565217391 0.0 0.5 20 0.9 0.0 0.6 18 0.9444444444444444 0.0 0.7 14 0.9285714285714286 0.0 0.9 0 1 1
27 0.1 45 0.4666666666666667 0.0 0.4 25 0.6 0.0 0.5 21 0.6666666666666666 0.0 0.6 18 0.7777777777777778 0.0 0.7 12 0.9166666666666666 0.0 0.9 0 1 1
27 0.1 36 0.6666666666666666 0.0 0.4 23 0.782608695652174 0.0 0.5 18 0.8888888888888888 0.0 0.6 18 0.8888888888888888 0.0 0.7 15 0.9333333333333333 0.0 0.9 0 1 1
27 0.1 31 0.6774193548387096 0.0 0.4 19 0.8421052631578947 0.0 0.5 15 0.8666666666666667 0.0 0.6 12 1.0 0.0 0.7 10 1.0 0.0 0.9 0 1 1
27 0.1 26 0.8461538461538461 0.038461538461538464 0.4 15 0.9333333333333333 0.06666666666666667 0.5 13 0.9230769230769231 0.07692307692307693 0.6 11 1.0 0.09090909090909091 0.7 8 1.0 0.125 0.9 0 1 1
27 0.1 39 0.6153846153846154 0.05128205128205128 0.4 30 0.7666666666666667 0.06666666666666667 0.5 23 0.8260869565217391 0.08695652173913043 0.6 22 0.8181818181818182 0.09090909090909091 0.7 16 0.9375 0.125 0.9 0 1 1
27 0.1 34 0.6764705882352942 0.029411764705882353 0.4 23 0.8695652173913043 0.043478260869565216 0.5 18 0.8888888888888888 0.05555555555555555 0.6 14 0.9285714285714286 0.07142857142857142 0.7 12 0.9166666666666666 0.08333333333333333 0.9 0 1 1
27 0.1 33 0.696969696969697 0.06060606060606061 0.4 19 0.8947368421052632 0.10526315789473684 0.5 16 0.9375 0.0625 0.6 14 0.9285714285714286 0.07142857142857142 0.7 10 0.9 0.0 0.9 0 1 1
27 0.1 34 0.6764705882352942 0.058823529411764705 0.4 22 0.8181818181818182 0.09090909090909091 0.5 20 0.85 0.1 0.6 16 0.875 0.125 0.7 10 0.8 0.2 0.9 0 1 1
27 0.1 32 0.75 0.0625 0.4 22 0.8636363636363636 0.09090909090909091 0.5 17 0.8823529411764706 0.11764705882352941 0.6 15 0.8666666666666667 0.13333333333333333 0.7 12 0.9166666666666666 0.16666666666666666 0.9 0 1 1
27 0.1 40 0.6 0.075 0.4 27 0.8148148148148148 0.1111111111111111 0.5 25 0.84 0.12 0.6 24 0.8333333333333334 0.08333333333333333 0.7 18 0.8333333333333334 0.1111111111111111 0.9 0 1 1
27 0.1 29 0.6551724137931034 0.034482758620689655 0.4 17 0.8823529411764706 0.058823529411764705 0.5 15 0.9333333333333333 0.06666666666666667 0.6 13 0.9230769230769231 0.0 0.7 10 0.9 0.0 0.9 0 1 1
27 0.1 29 0.7586206896551724 0.034482758620689655 0.4 22 0.8181818181818182 0.045454545454545456 0.5 21 0.8095238095238095 0.047619047619047616 0.6 19 0.8947368421052632 0.05263157894736842 0.7 16 0.9375 0.0 0.9 0 1 1
27 0.1 26 0.7692307692307693 0.07692307692307693 0.4 21 0.9047619047619048 0.09523809523809523 0.5 21 0.9047619047619048 0.09523809523809523 0.6 16 0.9375 0.125 0.7 14 0.9285714285714286 0.14285714285714285 0.9 0 1 1
27 0.1 27 0.7037037037037037 0.037037037037037035 0.4 18 0.8888888888888888 0.05555555555555555 0.5 18 0.8888888888888888 0.05555555555555555 0.6 13 0.8461538461538461 0.07692307692307693 0.7 13 0.8461538461538461 0.07692307692307693 0.9 0 1 1
27 0.1 28 0.6428571428571429 0.0 0.4 17 0.8823529411764706 0.0 0.5 14 0.8571428571428571 0.0 0.6 10 0.8 0.0 0.7 9 0.7777777777777778 0.0 0.9 0 1 1
27 0.1 32 0.71875 0.0 0.4 18 0.8333333333333334 0.0 0.5 16 0.8125 0.0 0.6 16 0.8125 0.0 0.7 12 0.9166666666666666 0.0 0.9 0 1 1
27 0.1 33 0.7272727272727273 0.030303030303030304 0.4 25 0.84 0.04 0.5 20 0.9 0.05 0.6 16 0.875 0.0625 0.7 15 0.8666666666666667 0.06666666666666667 0.9 0 1 1
27 0.1 38 0.631578947368421 0.02631578947368421 0.4 27 0.8148148148148148 0.037037037037037035 0.5 26 0.8461538461538461 0.038461538461538464 0.6 25 0.88 0.04 0.7 20 0.9 0.05 0.9 0 1 1
27 0.1 33 0.7272727272727273 0.12121212121212122 0.4 24 0.8333333333333334 0.125 0.5 22 0.8636363636363636 0.13636363636363635 0.6 19 0.8421052631578947 0.10526315789473684 0.7 17 0.8823529411764706 0.11764705882352941 0.9 0 1 1
27 0.1 32 0.71875 0.0625 0.4 21 0.9047619047619048 0.09523809523809523 0.5 20 0.9 0.1 0.6 19 0.8947368421052632 0.10526315789473684 0.7 17 0.8823529411764706 0.11764705882352941 0.9 0 1 1
27 0.1 30 0.7 0.06666666666666667 0.4 18 0.8888888888888888 0.1111111111111111 0.5 15 0.8666666666666667 0.13333333333333333 0.6 11 0.8181818181818182 0.09090909090909091 0.7 10 0.9 0.1 0.9 0 1 1
27 0.1 22 0.7272727272727273 0.0 0.4 12 0.75 0.0 0.5 10 0.7 0.0 0.6 9 0.6666666666666666 0.0 0.7 6 1.0 0.0 0.9 0 1 1
27 0.1 38 0.5789473684210527 0.05263157894736842 0.4 23 0.8260869565217391 0.08695652173913043 0.5 20 0.85 0.1 0.6 20 0.85 0.1 0.7 13 0.9230769230769231 0.15384615384615385 0.9 0 1 1
27 0.1 30 0.7 0.06666666666666667 0.4 22 0.7272727272727273 0.09090909090909091 0.5 22 0.7272727272727273 0.09090909090909091 0.6 16 0.875 0.0625 0.7 14 0.8571428571428571 0.07142857142857142 0.9 0 1 1
27 0.1 30 0.6666666666666666 0.0 0.4 24 0.75 0.0 0.5 20 0.75 0.0 0.6 15 0.9333333333333333 0.0 0.7 12 1.0 0.0 0.9 0 1 1
27 0.1 33 0.6363636363636364 0.030303030303030304 0.4 20 0.8 0.05 0.5 16 0.9375 0.0625 0.6 13 1.0 0.07692307692307693 0.7 11 1.0 0.09090909090909091 0.9 0 1 1
27 0.1 35 0.6285714285714286 0.05714285714285714 0.4 24 0.7916666666666666 0.08333333333333333 0.5 19 0.8421052631578947 0.10526315789473684 0.6 13 0.9230769230769231 0.07692307692307693 0.7 8 1.0 0.125 0.9 0 1 1
27 0.1 28 0.7857142857142857 0.07142857142857142 0.4 17 0.9411764705882353 0.11764705882352941 0.5 17 0.9411764705882353 0.11764705882352941 0.6 17 0.9411764705882353 0.11764705882352941 0.7 15 0.9333333333333333 0.13333333333333333 0.9 0 1 1
27 0.1 23 0.7391304347826086 0.0 0.4 11 0.9090909090909091 0.0 0.5 8 1.0 0.0 0.6 7 1.0 0.0 0.7 5 1.0 0.0 0.9 0 1 1
27 0.1 31 0.6774193548387096 0.03225806451612903 0.4 18 0.8333333333333334 0.0 0.5 17 0.8235294117647058 0.0 0.6 15 0.8666666666666667 0.0 0.7 15 0.8666666666666667 0.0 0.9 0 1 1
27 0.1 31 0.7419354838709677 0.0 0.4 23 0.8260869565217391 0.0 0.5 20 0.85 0.0 0.6 16 0.875 0.0 0.7 14 0.8571428571428571 0.0 0.9 0 1 1
27 0.1 34 0.6470588235294118 0.0 0.4 23 0.8695652173913043 0.0 0.5 22 0.8636363636363636 0.0 0.6 20 0.85 0.0 0.7 17 0.8823529411764706 0.0 0.9 0 1 1
27 0.1 33 0.6363636363636364 0.09090909090909091 0.4 20 0.9 0.15 0.5 19 0.8947368421052632 0.15789473684210525 0.6 17 0.9411764705882353 0.17647058823529413 0.7 14 0.9285714285714286 0.14285714285714285 0.9 0 1 1
27 0.1 29 0.6896551724137931 0.0 0.4 19 0.9473684210526315 0.0 0.5 17 0.9411764705882353 0.0 0.6 15 0.9333333333333333 0.0 0.7 13 0.9230769230769231 0.0 0.9 0 1 1
27 0.1 22 0.8181818181818182 0.045454545454545456 0.4 17 0.9411764705882353 0.058823529411764705 0.5 17 0.9411764705882353 0.058823529411764705 0.6 16 0.9375 0.0625 0.7 10 0.9 0.1 0.9 0 1 1
27 0.1 25 0.8 0.0 0.4 17 0.8823529411764706 0.0 0.5 17 0.8823529411764706 0.0 0.6 14 0.8571428571428571 0.0 0.7 10 0.9 0.0 0.9 0 1 1
27 0.1 24 0.7083333333333334 0.08333333333333333 0.4 16 0.75 0.125 0.5 15 0.8 0.13333333333333333 0.6 13 0.7692307692307693 0.07692307692307693 0.7 7 0.7142857142857143 0.0 0.9 0 1 1
27 0.1 31 0.6774193548387096 0.03225806451612903 0.4 22 0.8181818181818182 0.045454545454545456 0.5 20 0.8 0.05 0.6 18 0.8333333333333334 0.05555555555555555 0.7 12 0.75 0.08333333333333333 0.9 0 1 1
27 0.1 25 0.84 0.04 0.4 20 0.9 0.05 0.5 20 0.9 0.05 0.6 17 0.8823529411764706 0.058823529411764705 0.7 15 0.8666666666666667 0.06666666666666667 0.9 0 1 1
27 0.1 33 0.6666666666666666 0.12121212121212122 0.4 23 0.8260869565217391 0.17391304347826086 0.5 20 0.8 0.2 0.6 19 0.8421052631578947 0.21052631578947367 0.7 14 0.8571428571428571 0.14285714285714285 0.9 0 1 1
27 0.1 38 0.6052631578947368 0.02631578947368421 0.4 29 0.7586206896551724 0.034482758620689655 0.5 27 0.8148148148148148 0.037037037037037035 0.6 26 0.8076923076923077 0.038461538461538464 0.7 19 0.7894736842105263 0.05263157894736842 0.9 0 1 1
27 0.1 28 0.75 0.03571428571428571 0.4 19 0.8421052631578947 0.05263157894736842 0.5 16 0.875 0.0625 0.6 13 0.9230769230769231 0.07692307692307693 0.7 12 1.0 0.08333333333333333 0.9 0 1 1
27 0.1 26 0.7692307692307693 0.038461538461538464 0.4 19 0.8947368421052632 0.05263157894736842 0.5 16 0.875 0.0 0.6 12 0.8333333333333334 0.0 0.7 10 0.9 0.0 0.9 0 1 1
27 0.1 25 0.84 0.04 0.4 16 0.8125 0.0625 0.5 15 0.8666666666666667 0.06666666666666667 0.6 13 0.8461538461538461 0.07692307692307693 0.7 9 1.0 0.1111111111111111 0.9 0 1 1
27 0.1 27 0.7037037037037037 0.14814814814814814 0.4 20 0.85 0.15 0.5 19 0.8421052631578947 0.15789473684210525 0.6 16 0.875 0.1875 0.7 11 0.9090909090909091 0.2727272727272727 0.9 0 1 1
27 0.1 27 0.7407407407407407 0.037037037037037035 0.4 21 0.8095238095238095 0.047619047619047616 0.5 18 0.8333333333333334 0.05555555555555555 0.6 17 0.8823529411764706 0.058823529411764705 0.7 14 0.9285714285714286 0.07142857142857142 0.9 0 1 1
27 0.1 27 0.7777777777777778 0.0 0.4 19 0.8947368421052632 0.0 0.5 16 0.9375 0.0 0.6 13 0.9230769230769231 0.0 0.7 11 0.9090909090909091 0.0 0.9 0 1 1
27 0.1 25 0.8 0.04 0.4 19 0.8421052631578947 0.05263157894736842 0.5 16 0.875 0.0625 0.6 13 0.9230769230769231 0.07692307692307693 0.7 11 0.9090909090909091 0.09090909090909091 0.9 0 1 1
27 0.1 25 0.88 0.04 0.4 16 0.9375 0.0625 0.5 15 0.9333333333333333 0.06666666666666667 0.6 13 0.9230769230769231 0.07692307692307693 0.7 10 1.0 0.1 0.9 0 1 1
27 0.1 32 0.75 0.125 0.4 20 0.9 0.2 0.5 19 0.8947368421052632 0.21052631578947367 0.6 18 0.8888888888888888 0.16666666666666666 0.7 14 0.9285714285714286 0.21428571428571427 0.9 0 1 1
27 0.1 32 0.71875 0.0625 0.4 21 0.8095238095238095 0.09523809523809523 0.5 21 0.8095238095238095 0.09523809523809523 0.6 19 0.8421052631578947 0.10526315789473684 0.7 18 0.8333333333333334 0.1111111111111111 0.9 0 1 1
27 0.1 32 0.75 0.0625 0.4 25 0.84 0.08 0.5 24 0.8333333333333334 0.08333333333333333 0.6 22 0.8181818181818182 0.09090909090909091 0.7 19 0.7894736842105263 0.10526315789473684 0.9 0 1 1
27 0.1 29 0.7586206896551724 0.10344827586206896 0.4 23 0.8695652173913043 0.13043478260869565 0.5 21 0.9047619047619048 0.14285714285714285 0.6 19 0.8947368421052632 0.15789473684210525 0.7 16 0.875 0.1875 0.9 0 1 1
27 0.1 30 0.7666666666666667 0.0 0.4 22 0.8636363636363636 0.0 0.5 20 0.9 0.0 0.6 18 0.9444444444444444 0.0 0.7 14 1.0 0.0 0.9 0 1 1
27 0.1 31 0.6774193548387096 0.03225806451612903 0.4 22 0.8181818181818182 0.045454545454545456 0.5 20 0.9 0.05 0.6 18 0.8888888888888888 0.05555555555555555 0.7 17 0.8823529411764706 0.058823529411764705 0.9 0 1 1
27 0.1 32 0.71875 0.0625 0.4 23 0.8695652173913043 0.08695652173913043 0.5 22 0.8636363636363636 0.09090909090909091 0.6 18 0.8888888888888888 0.1111111111111111 0.7 14 0.9285714285714286 0.14285714285714285 0.9 1 1.0 0.0
27 0.1 34 0.6764705882352942 0.0 0.4 23 0.8695652173913043 0.0 0.5 23 0.8695652173913043 0.0 0.6 22 0.8636363636363636 0.0 0.7 20 0.85 0.0 0.9 1 1.0 0.0
27 0.1 36 0.6388888888888888 0.0 0.4 23 0.8260869565217391 0.0 0.5 20 0.9 0.0 0.6 19 0.8947368421052632 0.0 0.7 19 0.8947368421052632 0.0 0.9 0 1 1
27 0.1 30 0.7 0.1 0.4 22 0.8636363636363636 0.13636363636363635 0.5 19 0.8947368421052632 0.15789473684210525 0.6 18 0.8888888888888888 0.16666666666666666 0.7 16 0.875 0.1875 0.9 0 1 1
27 0.1 37 0.6486486486486487 0.0 0.4 24 0.75 0.0 0.5 21 0.8095238095238095 0.0 0.6 18 0.8333333333333334 0.0 0.7 17 0.8823529411764706 0.0 0.9 0 1 1
27 0.1 25 0.8 0.08 0.4 20 0.85 0.1 0.5 18 0.8888888888888888 0.1111111111111111 0.6 17 0.8823529411764706 0.11764705882352941 0.7 14 0.8571428571428571 0.07142857142857142 0.9 0 1 1
27 0.1 29 0.7241379310344828 0.10344827586206896 0.4 21 0.7619047619047619 0.09523809523809523 0.5 19 0.7894736842105263 0.10526315789473684 0.6 19 0.7894736842105263 0.10526315789473684 0.7 11 0.8181818181818182 0.09090909090909091 0.9 0 1 1
27 0.1 31 0.7096774193548387 0.03225806451612903 0.4 20 0.9 0.05 0.5 18 0.8888888888888888 0.0 0.6 17 0.8823529411764706 0.0 0.7 12 0.8333333333333334 0.0 0.9 0 1 1
27 0.1 31 0.7096774193548387 0.03225806451612903 0.4 23 0.8695652173913043 0.043478260869565216 0.5 22 0.8636363636363636 0.045454545454545456 0.6 17 0.8823529411764706 0.0 0.7 13 0.8461538461538461 0.0 0.9 0 1 1
27 0.1 28 0.75 0.07142857142857142 0.4 25 0.84 0.08 0.5 24 0.875 0.08333333333333333 0.6 20 0.85 0.1 0.7 18 0.8888888888888888 0.1111111111111111 0.9 0 1 1
27 0.1 29 0.7586206896551724 0.06896551724137931 0.4 24 0.8333333333333334 0.08333333333333333 0.5 21 0.8571428571428571 0.09523809523809523 0.6 20 0.9 0.1 0.7 18 0.8888888888888888 0.1111111111111111 0.9 2 1.0 0.0
27 0.1 30 0.7666666666666667 0.03333333333333333 0.4 21 0.8571428571428571 0.047619047619047616 0.5 19 0.8947368421052632 0.05263157894736842 0.6 16 0.875 0.0625 0.7 15 0.8666666666666667 0.06666666666666667 0.9 0 1 1
27 0.1 30 0.8 0.13333333333333333 0.4 24 0.875 0.16666666666666666 0.5 24 0.875 0.16666666666666666 0.6 18 0.8888888888888888 0.2222222222222222 0.7 14 0.9285714285714286 0.14285714285714285 0.9 0 1 1
27 0.1 30 0.7666666666666667 0.03333333333333333 0.4 21 0.9047619047619048 0.047619047619047616 0.5 20 0.9 0.05 0.6 16 0.9375 0.0625 0.7 9 0.8888888888888888 0.0 0.9 0 1 1
27 0.1 27 0.8148148148148148 0.07407407407407407 0.4 22 0.9090909090909091 0.09090909090909091 0.5 22 0.9090909090909091 0.09090909090909091 0.6 19 0.8947368421052632 0.10526315789473684 0.7 15 0.8666666666666667 0.13333333333333333 0.9 0 1 1
27 0.1 27 0.8148148148148148 0.07407407407407407 0.4 23 0.8695652173913043 0.08695652173913043 0.5 22 0.8636363636363636 0.09090909090909091 0.6 20 0.85 0.1 0.7 13 0.8461538461538461 0.15384615384615385 0.9 0 1 1
27 0.1 32 0.75 0.03125 0.4 23 0.8695652173913043 0.043478260869565216 0.5 21 0.8571428571428571 0.047619047619047616 0.6 19 0.8421052631578947 0.05263157894736842 0.7 16 0.8125 0.0625 0.9 0 1 1
27 0.1 28 0.8214285714285714 0.03571428571428571 0.4 23 0.9130434782608695 0.043478260869565216 0.5 22 0.9090909090909091 0.045454545454545456 0.6 16 0.875 0.0625 0.7 14 0.8571428571428571 0.07142857142857142 0.9 1 1.0 0.0
27 0.1 27 0.8518518518518519 0.07407407407407407 0.4 22 0.9090909090909091 0.09090909090909091 0.5 18 0.8888888888888888 0.1111111111111111 0.6 15 0.9333333333333333 0.06666666666666667 0.7 11 0.9090909090909091 0.09090909090909091 0.9 0 1 1
27 0.1 25 0.84 0.0 0.4 19 0.7894736842105263 0.0 0.5 14 0.7857142857142857 0.0 0.6 14 0.7857142857142857 0.0 0.7 13 0.8461538461538461 0.0 0.9 0 1 1
27 0.1 29 0.7241379310344828 0.06896551724137931 0.4 21 0.8095238095238095 0.09523809523809523 0.5 19 0.7894736842105263 0.10526315789473684 0.6 16 0.75 0.0625 0.7 14 0.7857142857142857 0.07142857142857142 0.9 0 1 1
27 0.1 31 0.7741935483870968 0.06451612903225806 0.4 22 0.8181818181818182 0.045454545454545456 0.5 20 0.8 0.05 0.6 19 0.8421052631578947 0.05263157894736842 0.7 17 0.8823529411764706 0.058823529411764705 0.9 2 1.0 0.0
27 0.1 25 0.84 0.08 0.4 18 0.8333333333333334 0.1111111111111111 0.5 16 0.9375 0.125 0.6 15 0.9333333333333333 0.13333333333333333 0.7 15 0.9333333333333333 0.13333333333333333 0.9 1 1.0 0.0
27 0.1 26 0.8461538461538461 0.11538461538461539 0.4 18 0.8888888888888888 0.16666666666666666 0.5 18 0.8888888888888888 0.16666666666666666 0.6 16 0.875 0.1875 0.7 15 0.8666666666666667 0.2 0.9 1 1.0 1.0
27 0.1 33 0.696969696969697 0.030303030303030304 0.4 23 0.8695652173913043 0.043478260869565216 0.5 20 0.9 0.05 0.6 19 0.8947368421052632 0.05263157894736842 0.7 15 0.8666666666666667 0.06666666666666667 0.9 2 1.0 0.0
27 0.1 32 0.75 0.03125 0.4 23 0.8260869565217391 0.043478260869565216 0.5 23 0.8260869565217391 0.043478260869565216 0.6 21 0.8571428571428571 0.047619047619047616 0.7 19 0.8947368421052632 0.05263157894736842 0.9 1 1.0 0.0
27 0.1 30 0.7666666666666667 0.06666666666666667 0.4 21 0.8571428571428571 0.09523809523809523 0.5 20 0.85 0.1 0.6 18 0.8333333333333334 0.1111111111111111 0.7 15 0.8666666666666667 0.13333333333333333 0.9 1 1.0 0.0
27 0.1 29 0.7931034482758621 0.10344827586206896 0.4 25 0.88 0.12 0.5 22 0.8636363636363636 0.09090909090909091 0.6 18 0.8333333333333334 0.1111111111111111 0.7 16 0.8125 0.0625 0.9 1 1.0 1.0
27 0.1 27 0.7777777777777778 0.037037037037037035 0.4 18 0.8888888888888888 0.0 0.5 16 0.875 0.0 0.6 13 0.9230769230769231 0.0 0.7 10 0.9 0.0 0.9 2 1.0 0.0
27 0.1 30 0.7 0.03333333333333333 0.4 18 0.8333333333333334 0.05555555555555555 0.5 17 0.8823529411764706 0.058823529411764705 0.6 16 0.875 0.0625 0.7 14 0.8571428571428571 0.07142857142857142 0.9 1 1.0 0.0
27 0.1 35 0.6857142857142857 0.02857142857142857 0.4 24 0.7916666666666666 0.041666666666666664 0.5 21 0.8571428571428571 0.047619047619047616 0.6 20 0.85 0.05 0.7 20 0.85 0.05 0.9 1 1.0 0.0
27 0.1 29 0.8275862068965517 0.06896551724137931 0.4 24 0.8333333333333334 0.08333333333333333 0.5 22 0.8181818181818182 0.09090909090909091 0.6 20 0.8 0.1 0.7 16 0.875 0.125 0.9 1 1.0 0.0
27 0.1 28 0.7857142857142857 0.07142857142857142 0.4 21 0.9047619047619048 0.09523809523809523 0.5 21 0.9047619047619048 0.09523809523809523 0.6 18 0.8888888888888888 0.05555555555555555 0.7 16 0.875 0.0625 0.9 1 1.0 0.0
27 0.1 25 0.84 0.04 0.4 19 0.8947368421052632 0.05263157894736842 0.5 17 0.8823529411764706 0.058823529411764705 0.6 16 0.9375 0.0625 0.7 13 0.9230769230769231 0.07692307692307693 0.9 1 1.0 0.0
27 0.1 26 0.8461538461538461 0.11538461538461539 0.4 20 0.85 0.15 0.5 19 0.8421052631578947 0.15789473684210525 0.6 17 0.8235294117647058 0.17647058823529413 0.7 16 0.8125 0.1875 0.9 0 1 1
27 0.1 23 0.8695652173913043 0.08695652173913043 0.4 19 0.8947368421052632 0.10526315789473684 0.5 18 0.8888888888888888 0.1111111111111111 0.6 16 0.875 0.125 0.7 14 0.8571428571428571 0.14285714285714285 0.9 0 1 1
27 0.1 32 0.71875 0.03125 0.4 22 0.8636363636363636 0.045454545454545456 0.5 21 0.8571428571428571 0.047619047619047616 0.6 20 0.85 0.05 0.7 17 0.8823529411764706 0.058823529411764705 0.9 0 1 1
27 0.1 30 0.7666666666666667 0.03333333333333333 0.4 20 0.85 0.05 0.5 20 0.85 0.05 0.6 20 0.85 0.05 0.7 16 0.9375 0.0625 0.9 1 1.0 0.0
27 0.1 31 0.7096774193548387 0.06451612903225806 0.4 21 0.8571428571428571 0.09523809523809523 0.5 19 0.8421052631578947 0.10526315789473684 0.6 18 0.8888888888888888 0.1111111111111111 0.7 17 0.8823529411764706 0.11764705882352941 0.9 1 1.0 0.0
27 0.1 37 0.5675675675675675 0.0 0.4 25 0.76 0.0 0.5 23 0.782608695652174 0.0 0.6 21 0.8095238095238095 0.0 0.7 17 0.8235294117647058 0.0 0.9 0 1 1
27 0.1 32 0.71875 0.0625 0.4 20 0.85 0.1 0.5 19 0.8421052631578947 0.10526315789473684 0.6 19 0.8421052631578947 0.10526315789473684 0.7 16 0.875 0.125 0.9 1 1.0 1.0
27 0.1 30 0.7333333333333333 0.03333333333333333 0.4 25 0.84 0.04 0.5 22 0.8181818181818182 0.045454545454545456 0.6 18 0.8333333333333334 0.05555555555555555 0.7 17 0.8235294117647058 0.058823529411764705 0.9 1 1.0 0.0
27 0.1 26 0.8076923076923077 0.0 0.4 22 0.8181818181818182 0.0 0.5 20 0.8 0.0 0.6 18 0.8888888888888888 0.0 0.7 16 0.875 0.0 0.9 0 1 1
27 0.1 27 0.7777777777777778 0.037037037037037035 0.4 20 0.85 0.05 0.5 19 0.8421052631578947 0.05263157894736842 0.6 17 0.8235294117647058 0.058823529411764705 0.7 15 0.8666666666666667 0.06666666666666667 0.9 0 1 1
27 0.1 32 0.71875 0.0625 0.4 24 0.7916666666666666 0.08333333333333333 0.5 21 0.8571428571428571 0.09523809523809523 0.6 19 0.8947368421052632 0.10526315789473684 0.7 16 0.875 0.125 0.9 0 1 1
27 0.1 31 0.7096774193548387 0.0 0.4 23 0.8695652173913043 0.0 0.5 22 0.8636363636363636 0.0 0.6 21 0.8571428571428571 0.0 0.7 18 0.8333333333333334 0.0 0.9 1 1.0 0.0
27 0.1 28 0.7857142857142857 0.03571428571428571 0.4 21 0.8571428571428571 0.047619047619047616 0.5 20 0.85 0.05 0.6 18 0.8888888888888888 0.05555555555555555 0.7 17 0.8823529411764706 0.058823529411764705 0.9 0 1 1
27 0.1 33 0.6666666666666666 0.0 0.4 26 0.7692307692307693 0.0 0.5 23 0.8695652173913043 0.0 0.6 23 0.8695652173913043 0.0 0.7 19 0.9473684210526315 0.0 0.9 0 1 1
27 0.1 34 0.6764705882352942 0.058823529411764705 0.4 23 0.782608695652174 0.08695652173913043 0.5 22 0.7727272727272727 0.09090909090909091 0.6 21 0.8095238095238095 0.09523809523809523 0.7 18 0.8888888888888888 0.05555555555555555 0.9 0 1 1
27 0.1 31 0.7096774193548387 0.12903225806451613 0.4 24 0.7916666666666666 0.16666666666666666 0.5 22 0.8181818181818182 0.18181818181818182 0.6 20 0.8 0.2 0.7 17 0.8235294117647058 0.23529411764705882 0.9 0 1 1
27 0.1 30 0.7333333333333333 0.1 0.4 24 0.7916666666666666 0.125 0.5 21 0.8571428571428571 0.14285714285714285 0.6 19 0.8421052631578947 0.10526315789473684 0.7 18 0.8333333333333334 0.1111111111111111 0.9 0 1 1
27 0.1 29 0.7241379310344828 0.06896551724137931 0.4 24 0.8333333333333334 0.08333333333333333 0.5 22 0.8181818181818182 0.09090909090909091 0.6 17 0.8235294117647058 0.058823529411764705 0.7 15 0.8 0.06666666666666667 0.9 0 1 1
27 0.1 27 0.7777777777777778 0.037037037037037035 0.4 21 0.8095238095238095 0.047619047619047616 0.5 19 0.7894736842105263 0.05263157894736842 0.6 17 0.8235294117647058 0.058823529411764705 0.7 14 0.7857142857142857 0.07142857142857142 0.9 0 1 1
27 0.1 30 0.7333333333333333 0.03333333333333333 0.4 23 0.8695652173913043 0.043478260869565216 0.5 22 0.8636363636363636 0.045454545454545456 0.6 20 0.85 0.05 0.7 19 0.8421052631578947 0.05263157894736842 0.9 0 1 1
27 0.1 33 0.696969696969697 0.06060606060606061 0.4 26 0.8076923076923077 0.07692307692307693 0.5 24 0.875 0.08333333333333333 0.6 22 0.8636363636363636 0.09090909090909091 0.7 19 0.8421052631578947 0.10526315789473684 0.9 0 1 1
27 0.1 33 0.696969696969697 0.06060606060606061 0.4 23 0.782608695652174 0.08695652173913043 0.5 20 0.85 0.1 0.6 19 0.8421052631578947 0.10526315789473684 0.7 18 0.8333333333333334 0.05555555555555555 0.9 0 1 1
27 0.1 33 0.7272727272727273 0.030303030303030304 0.4 25 0.8 0.04 0.5 22 0.8181818181818182 0.045454545454545456 0.6 21 0.8571428571428571 0.047619047619047616 0.7 21 0.8571428571428571 0.047619047619047616 0.9 0 1 1
27 0.1 33 0.696969696969697 0.06060606060606061 0.4 23 0.8695652173913043 0.08695652173913043 0.5 23 0.8695652173913043 0.08695652173913043 0.6 22 0.8636363636363636 0.09090909090909091 0.7 22 0.8636363636363636 0.09090909090909091 0.9 2 1.0 0.0
27 0.1 29 0.7586206896551724 0.06896551724137931 0.4 23 0.8260869565217391 0.08695652173913043 0.5 22 0.8636363636363636 0.09090909090909091 0.6 18 0.8333333333333334 0.1111111111111111 0.7 18 0.8333333333333334 0.1111111111111111 0.9 0 1 1
27 0.1 25 0.8 0.08 0.4 21 0.8571428571428571 0.09523809523809523 0.5 19 0.8421052631578947 0.10526315789473684 0.6 15 0.8666666666666667 0.13333333333333333 0.7 13 0.8461538461538461 0.15384615384615385 0.9 0 1 1
27 0.1 29 0.7586206896551724 0.06896551724137931 0.4 24 0.7916666666666666 0.08333333333333333 0.5 24 0.7916666666666666 0.08333333333333333 0.6 22 0.8181818181818182 0.09090909090909091 0.7 18 0.7777777777777778 0.1111111111111111 0.9 1 1.0 0.0
27 0.1 29 0.7586206896551724 0.06896551724137931 0.4 24 0.8333333333333334 0.08333333333333333 0.5 22 0.8636363636363636 0.09090909090909091 0.6 21 0.9047619047619048 0.09523809523809523 0.7 19 0.8947368421052632 0.10526315789473684 0.9 1 1.0 0.0
27 0.1 29 0.7241379310344828 0.034482758620689655 0.4 22 0.8636363636363636 0.045454545454545456 0.5 21 0.8571428571428571 0.047619047619047616 0.6 21 0.8571428571428571 0.047619047619047616 0.7 19 0.8947368421052632 0.05263157894736842 0.9 1 1.0 0.0
27 0.1 32 0.6875 0.0625 0.4 22 0.8636363636363636 0.09090909090909091 0.5 19 0.8421052631578947 0.10526315789473684 0.6 18 0.8333333333333334 0.1111111111111111 0.7 15 0.8666666666666667 0.13333333333333333 0.9 0 1 1
27 0.1 32 0.6875 0.09375 0.4 24 0.7916666666666666 0.125 0.5 22 0.8636363636363636 0.13636363636363635 0.6 22 0.8636363636363636 0.13636363636363635 0.7 18 0.8888888888888888 0.16666666666666666 0.9 1 1.0 0.0
27 0.1 31 0.7096774193548387 0.0 0.4 23 0.782608695652174 0.0 0.5 21 0.8571428571428571 0.0 0.6 21 0.8571428571428571 0.0 0.7 19 0.8421052631578947 0.0 0.9 1 1.0 0.0
27 0.1 32 0.71875 0.0625 0.4 25 0.8 0.08 0.5 24 0.8333333333333334 0.08333333333333333 0.6 23 0.8260869565217391 0.08695652173913043 0.7 21 0.8095238095238095 0.09523809523809523 0.9 2 1.0 0.0
27 0.1 29 0.7241379310344828 0.034482758620689655 0.4 24 0.7916666666666666 0.041666666666666664 0.5 22 0.8636363636363636 0.045454545454545456 0.6 22 0.8636363636363636 0.045454545454545456 0.7 21 0.8571428571428571 0.047619047619047616 0.9 3 1.0 0.0
27 0.1 33 0.6666666666666666 0.030303030303030304 0.4 25 0.8 0.04 0.5 24 0.8333333333333334 0.041666666666666664 0.6 22 0.8181818181818182 0.045454545454545456 0.7 19 0.8421052631578947 0.05263157894736842 0.9 1 1.0 0.0
27 0.1 34 0.6764705882352942 0.0 0.4 24 0.8333333333333334 0.0 0.5 23 0.8695652173913043 0.0 0.6 21 0.9047619047619048 0.0 0.7 21 0.9047619047619048 0.0 0.9 2 1.0 0.0
27 0.1 32 0.71875 0.0 0.4 24 0.9166666666666666 0.0 0.5 24 0.9166666666666666 0.0 0.6 23 0.9130434782608695 0.0 0.7 21 0.9047619047619048 0.0 0.9 1 1.0 0.0
27 0.1 34 0.6470588235294118 0.0 0.4 26 0.8076923076923077 0.0 0.5 24 0.8333333333333334 0.0 0.6 24 0.8333333333333334 0.0 0.7 21 0.8571428571428571 0.0 0.9 0 1 1
27 0.1 27 0.7777777777777778 0.0 0.4 22 0.8636363636363636 0.0 0.5 20 0.9 0.0 0.6 17 0.8823529411764706 0.0 0.7 16 0.875 0.0 0.9 0 1 1
27 0.1 27 0.7777777777777778 0.0 0.4 22 0.8636363636363636 0.0 0.5 21 0.8571428571428571 0.0 0.6 21 0.8571428571428571 0.0 0.7 21 0.8571428571428571 0.0 0.9 1 1.0 0.0
27 0.1 24 0.8333333333333334 0.041666666666666664 0.4 20 0.85 0.05 0.5 19 0.8421052631578947 0.05263157894736842 0.6 18 0.8333333333333334 0.05555555555555555 0.7 17 0.8235294117647058 0.058823529411764705 0.9 1 1.0 0.0
27 0.1 26 0.8076923076923077 0.0 0.4 23 0.8260869565217391 0.0 0.5 21 0.9047619047619048 0.0 0.6 19 0.8947368421052632 0.0 0.7 18 0.8888888888888888 0.0 0.9 2 1.0 0.0
27 0.1 31 0.7419354838709677 0.06451612903225806 0.4 22 0.8636363636363636 0.09090909090909091 0.5 21 0.9047619047619048 0.09523809523809523 0.6 21 0.9047619047619048 0.09523809523809523 0.7 19 0.8947368421052632 0.10526315789473684 0.9 2 1.0 0.5
27 0.1 29 0.7241379310344828 0.06896551724137931 0.4 22 0.8636363636363636 0.09090909090909091 0.5 20 0.9 0.1 0.6 20 0.9 0.1 0.7 19 0.8947368421052632 0.10526315789473684 0.9 2 1.0 0.0
27 0.1 27 0.7407407407407407 0.1111111111111111 0.4 23 0.8260869565217391 0.13043478260869565 0.5 22 0.8636363636363636 0.13636363636363635 0.6 19 0.8421052631578947 0.15789473684210525 0.7 17 0.8235294117647058 0.17647058823529413 0.9 2 1.0 0.0
27 0.1 24 0.8333333333333334 0.125 0.4 20 0.85 0.15 0.5 20 0.85 0.15 0.6 19 0.8421052631578947 0.15789473684210525 0.7 16 0.875 0.1875 0.9 1 1.0 0.0
27 0.1 28 0.7142857142857143 0.14285714285714285 0.4 24 0.7916666666666666 0.16666666666666666 0.5 21 0.8095238095238095 0.19047619047619047 0.6 21 0.8095238095238095 0.19047619047619047 0.7 20 0.85 0.2 0.9 1 1.0 0.0
27 0.1 28 0.7142857142857143 0.07142857142857142 0.4 21 0.8095238095238095 0.047619047619047616 0.5 20 0.85 0.05 0.6 19 0.8421052631578947 0.05263157894736842 0.7 17 0.8823529411764706 0.058823529411764705 0.9 0 1 1
27 0.1 25 0.8 0.08 0.4 22 0.8636363636363636 0.09090909090909091 0.5 21 0.8571428571428571 0.09523809523809523 0.6 19 0.8947368421052632 0.10526315789473684 0.7 15 0.9333333333333333 0.13333333333333333 0.9 0 1 1
27 0.1 22 0.9090909090909091 0.045454545454545456 0.4 21 0.9047619047619048 0.047619047619047616 0.5 20 0.9 0.05 0.6 19 0.8947368421052632 0.05263157894736842 0.7 18 0.8888888888888888 0.05555555555555555 0.9 1 1.0 0.0
27 0.1 26 0.8076923076923077 0.038461538461538464 0.4 22 0.9090909090909091 0.045454545454545456 0.5 20 0.9 0.05 0.6 19 0.8947368421052632 0.05263157894736842 0.7 16 0.875 0.0625 0.9 1 1.0 0.0
27 0.1 28 0.75 0.10714285714285714 0.4 23 0.8695652173913043 0.13043478260869565 0.5 21 0.9047619047619048 0.14285714285714285 0.6 21 0.9047619047619048 0.14285714285714285 0.7 19 0.9473684210526315 0.15789473684210525 0.9 3 1.0 0.3333333333333333
27 0.1 26 0.7692307692307693 0.07692307692307693 0.4 21 0.8571428571428571 0.09523809523809523 0.5 21 0.8571428571428571 0.09523809523809523 0.6 20 0.85 0.1 0.7 15 0.8666666666666667 0.13333333333333333 0.9 1 1.0 1.0
27 0.1 27 0.7777777777777778 0.0 0.4 22 0.8636363636363636 0.0 0.5 21 0.8571428571428571 0.0 0.6 20 0.85 0.0 0.7 18 0.8888888888888888 0.0 0.9 2 1.0 0.0
27 0.1 33 0.7272727272727273 0.030303030303030304 0.4 25 0.8 0.04 0.5 24 0.8333333333333334 0.041666666666666664 0.6 24 0.8333333333333334 0.041666666666666664 0.7 22 0.8636363636363636 0.045454545454545456 0.9 2 1.0 0.0
27 0.1 26 0.8461538461538461 0.11538461538461539 0.4 21 0.8571428571428571 0.14285714285714285 0.5 21 0.8571428571428571 0.14285714285714285 0.6 20 0.85 0.1 0.7 19 0.8421052631578947 0.10526315789473684 0.9 0 1 1
27 0.1 28 0.75 0.07142857142857142 0.4 22 0.8636363636363636 0.09090909090909091 0.5 21 0.8571428571428571 0.09523809523809523 0.6 20 0.9 0.1 0.7 20 0.9 0.1 0.9 1 1.0 0.0
27 0.1 30 0.7333333333333333 0.06666666666666667 0.4 24 0.8333333333333334 0.08333333333333333 0.5 23 0.8260869565217391 0.08695652173913043 0.6 21 0.8571428571428571 0.09523809523809523 0.7 21 0.8571428571428571 0.09523809523809523 0.9 2 1.0 0.0
27 0.1 27 0.7777777777777778 0.1111111111111111 0.4 23 0.8695652173913043 0.13043478260869565 0.5 23 0.8695652173913043 0.13043478260869565 0.6 22 0.8636363636363636 0.13636363636363635 0.7 21 0.8571428571428571 0.14285714285714285 0.9 2 1.0 0.5
27 0.1 28 0.75 0.07142857142857142 0.4 21 0.9047619047619048 0.09523809523809523 0.5 20 0.9 0.1 0.6 20 0.9 0.1 0.7 20 0.9 0.1 0.9 1 1.0 0.0
27 0.1 26 0.8076923076923077 0.038461538461538464 0.4 23 0.9130434782608695 0.043478260869565216 0.5 20 0.9 0.05 0.6 18 0.8888888888888888 0.05555555555555555 0.7 18 0.8888888888888888 0.05555555555555555 0.9 0 1 1
27 0.1 27 0.7407407407407407 0.0 0.4 22 0.8181818181818182 0.0 0.5 22 0.8181818181818182 0.0 0.6 21 0.8571428571428571 0.0 0.7 17 0.8823529411764706 0.0 0.9 1 1.0 0.0
27 0.1 32 0.6875 0.0625 0.4 26 0.8076923076923077 0.07692307692307693 0.5 24 0.8333333333333334 0.08333333333333333 0.6 22 0.9090909090909091 0.09090909090909091 0.7 20 0.9 0.1 0.9 1 1.0 0.0
27 0.1 33 0.6666666666666666 0.030303030303030304 0.4 25 0.8 0.04 0.5 24 0.8333333333333334 0.041666666666666664 0.6 22 0.8636363636363636 0.045454545454545456 0.7 20 0.9 0.05 0.9 2 1.0 0.0
27 0.1 30 0.7 0.0 0.4 23 0.8695652173913043 0.0 0.5 21 0.8571428571428571 0.0 0.6 21 0.8571428571428571 0.0 0.7 19 0.8947368421052632 0.0 0.9 0 1 1
27 0.1 30 0.7333333333333333 0.03333333333333333 0.4 25 0.84 0.04 0.5 23 0.8695652173913043 0.043478260869565216 0.6 21 0.8571428571428571 0.047619047619047616 0.7 18 0.8888888888888888 0.05555555555555555 0.9 1 1.0 0.0
27 0.1 29 0.7241379310344828 0.034482758620689655 0.4 24 0.8333333333333334 0.041666666666666664 0.5 22 0.9090909090909091 0.045454545454545456 0.6 21 0.9047619047619048 0.047619047619047616 0.7 18 0.9444444444444444 0.05555555555555555 0.9 1 1.0 0.0
