4 0.1 0 1 1 0.4 0 1 1 0.5 0 1 1 0.6 0 1 1 0.7 0 1 1 0.9 0 1 1
4 0.1 0 1 1 0.4 0 1 1 0.5 0 1 1 0.6 0 1 1 0.7 0 1 1 0.9 0 1 1
4 0.1 0 1 1 0.4 0 1 1 0.5 0 1 1 0.6 0 1 1 0.7 0 1 1 0.9 0 1 1
4 0.1 3 0.0 0.0 0.4 0 1 1 0.5 0 1 1 0.6 0 1 1 0.7 0 1 1 0.9 0 1 1
4 0.1 14 0.07142857142857142 0.0 0.4 0 1 1 0.5 0 1 1 0.6 0 1 1 0.7 0 1 1 0.9 0 1 1
4 0.1 60 0.03333333333333333 0.0 0.4 0 1 1 0.5 0 1 1 0.6 0 1 1 0.7 0 1 1 0.9 0 1 1
4 0.1 6 0.0 0.0 0.4 0 1 1 0.5 0 1 1 0.6 0 1 1 0.7 0 1 1 0.9 0 1 1
4 0.1 163 0.024539877300613498 0.0 0.4 4 0.0 0.0 0.5 1 0.0 0.0 0.6 0 1 1 0.7 0 1 1 0.9 0 1 1
4 0.1 116 0.034482758620689655 0.0 0.4 10 0.1 0.0 0.5 1 0.0 0.0 0.6 0 1 1 0.7 0 1 1 0.9 0 1 1
4 0.1 75 0.05333333333333334 0.0 0.4 0 1 1 0.5 0 1 1 0.6 0 1 1 0.7 0 1 1 0.9 0 1 1
4 0.1 41 0.07317073170731707 0.0 0.4 2 0.0 0.0 0.5 0 1 1 0.6 0 1 1 0.7 0 1 1 0.9 0 1 1
4 0.1 65 0.06153846153846154 0.0 0.4 2 0.0 0.0 0.5 0 1 1 0.6 0 1 1 0.7 0 1 1 0.9 0 1 1
4 0.1 43 0.06976744186046512 0.0 0.4 0 1 1 0.5 0 1 1 0.6 0 1 1 0.7 0 1 1 0.9 0 1 1
4 0.1 73 0.0547945205479452 0.0 0.4 1 0.0 0.0 0.5 0 1 1 0.6 0 1 1 0.7 0 1 1 0.9 0 1 1
4 0.1 42 0.09523809523809523 0.0 0.4 0 1 1 0.5 0 1 1 0.6 0 1 1 0.7 0 1 1 0.9 0 1 1
4 0.1 38 0.10526315789473684 0.0 0.4 2 0.5 0.0 0.5 0 1 1 0.6 0 1 1 0.7 0 1 1 0.9 0 1 1
4 0.1 57 0.07017543859649122 0.0 0.4 1 1.0 0.0 0.5 0 1 1 0.6 0 1 1 0.7 0 1 1 0.9 0 1 1
4 0.1 29 0.13793103448275862 0.0 0.4 0 1 1 0.5 0 1 1 0.6 0 1 1 0.7 0 1 1 0.9 0 1 1
4 0.1 24 0.16666666666666666 0.0 0.4 4 0.25 0.0 0.5 1 0.0 0.0 0.6 0 1 1 0.7 0 1 1 0.9 0 1 1
4 0.1 31 0.12903225806451613 0.0 0.4 1 1.0 0.0 0.5 0 1 1 0.6 0 1 1 0.7 0 1 1 0.9 0 1 1
4 0.1 14 0.21428571428571427 0.0 0.4 2 0.5 0.0 0.5 1 1.0 0.0 0.6 0 1 1 0.7 0 1 1 0.9 0 1 1
4 0.1 24 0.16666666666666666 0.0 0.4 2 0.5 0.0 0.5 2 0.5 0.0 0.6 0 1 1 0.7 0 1 1 0.9 0 1 1
4 0.1 20 0.2 0.0 0.4 2 1.0 0.0 0.5 0 1 1 0.6 0 1 1 0.7 0 1 1 0.9 0 1 1
4 0.1 18 0.16666666666666666 0.0 0.4 1 1.0 0.0 0.5 0 1 1 0.6 0 1 1 0.7 0 1 1 0.9 0 1 1
4 0.1 3 0.3333333333333333 0.0 0.4 0 1 1 0.5 0 1 1 0.6 0 1 1 0.7 0 1 1 0.9 0 1 1
4 0.1 23 0.13043478260869565 0.0 0.4 3 0.3333333333333333 0.0 0.5 0 1 1 0.6 0 1 1 0.7 0 1 1 0.9 0 1 1
4 0.1 20 0.2 0.0 0.4 3 0.6666666666666666 0.0 0.5 0 1 1 0.6 0 1 1 0.7 0 1 1 0.9 0 1 1
4 0.1 12 0.3333333333333333 0.0 0.4 2 0.5 0.0 0.5 1 0.0 0.0 0.6 0 1 1 0.7 0 1 1 0.9 0 1 1
4 0.1 8 0.375 0.0 0.4 0 1 1 0.5 0 1 1 0.6 0 1 1 0.7 0 1 1 0.9 0 1 1
4 0.1 23 0.17391304347826086 0.0 0.4 12 0.3333333333333333 0.0 0.5 9 0.2222222222222222 0.0 0.6 4 0.25 0.0 0.7 1 0.0 0.0 0.9 0 1 1
4 0.1 12 0.25 0.0 0.4 1 0.0 0.0 0.5 0 1 1 0.6 0 1 1 0.7 0 1 1 0.9 0 1 1
4 0.1 9 0.4444444444444444 0.0 0.4 2 0.5 0.0 0.5 2 0.5 0.0 0.6 1 1.0 0.0 0.7 0 1 1 0.9 0 1 1
4 0.1 20 0.2 0.0 0.4 2 0.5 0.0 0.5 1 0.0 0.0 0.6 0 1 1 0.7 0 1 1 0.9 0 1 1
4 0.1 30 0.13333333333333333 0.0 0.4 7 0.42857142857142855 0.0 0.5 4 0.5 0.0 0.6 1 1.0 0.0 0.7 0 1 1 0.9 0 1 1
4 0.1 2 0.0 0.0 0.4 0 1 1 0.5 0 1 1 0.6 0 1 1 0.7 0 1 1 0.9 0 1 1
4 0.1 19 0.21052631578947367 0.0 0.4 2 1.0 0.0 0.5 1 1.0 0.0 0.6 1 1.0 0.0 0.7 1 1.0 0.0 0.9 0 1 1
4 0.1 10 0.2 0.0 0.4 0 1 1 0.5 0 1 1 0.6 0 1 1 0.7 0 1 1 0.9 0 1 1
4 0.1 1 0.0 0.0 0.4 0 1 1 0.5 0 1 1 0.6 0 1 1 0.7 0 1 1 0.9 0 1 1
4 0.1 36 0.08333333333333333 0.0 0.4 5 0.6 0.0 0.5 4 0.75 0.0 0.6 2 1.0 0.0 0.7 1 1.0 0.0 0.9 0 1 1
4 0.1 8 0.125 0.0 0.4 2 0.5 0.0 0.5 0 1 1 0.6 0 1 1 0.7 0 1 1 0.9 0 1 1
4 0.1 9 0.2222222222222222 0.0 0.4 0 1 1 0.5 0 1 1 0.6 0 1 1 0.7 0 1 1 0.9 0 1 1
4 0.1 14 0.0 0.0 0.4 3 0.0 0.0 0.5 1 0.0 0.0 0.6 0 1 1 0.7 0 1 1 0.9 0 1 1
4 0.1 3 0.0 0.0 0.4 0 1 1 0.5 0 1 1 0.6 0 1 1 0.7 0 1 1 0.9 0 1 1
4 0.1 1 0.0 0.0 0.4 0 1 1 0.5 0 1 1 0.6 0 1 1 0.7 0 1 1 0.9 0 1 1
4 0.1 1 0.0 0.0 0.4 0 1 1 0.5 0 1 1 0.6 0 1 1 0.7 0 1 1 0.9 0 1 1
4 0.1 2 0.0 0.0 0.4 0 1 1 0.5 0 1 1 0.6 0 1 1 0.7 0 1 1 0.9 0 1 1
4 0.1 0 1 1 0.4 0 1 1 0.5 0 1 1 0.6 0 1 1 0.7 0 1 1 0.9 0 1 1
4 0.1 0 1 1 0.4 0 1 1 0.5 0 1 1 0.6 0 1 1 0.7 0 1 1 0.9 0 1 1
4 0.1 0 1 1 0.4 0 1 1 0.5 0 1 1 0.6 0 1 1 0.7 0 1 1 0.9 0 1 1
4 0.1 0 1 1 0.4 0 1 1 0.5 0 1 1 0.6 0 1 1 0.7 0 1 1 0.9 0 1 1
4 0.1 0 1 1 0.4 0 1 1 0.5 0 1 1 0.6 0 1 1 0.7 0 1 1 0.9 0 1 1
4 0.1 5 0.4 0.0 0.4 1 0.0 0.0 0.5 1 0.0 0.0 0.6 1 0.0 0.0 0.7 0 1 1 0.9 0 1 1
4 0.1 2 0.5 0.0 0.4 0 1 1 0.5 0 1 1 0.6 0 1 1 0.7 0 1 1 0.9 0 1 1
4 0.1 10 0.3 0.0 0.4 1 0.0 0.0 0.5 1 0.0 0.0 0.6 0 1 1 0.7 0 1 1 0.9 0 1 1
4 0.1 12 0.08333333333333333 0.0 0.4 1 0.0 0.0 0.5 0 1 1 0.6 0 1 1 0.7 0 1 1 0.9 0 1 1
4 0.1 6 0.3333333333333333 0.0 0.4 0 1 1 0.5 0 1 1 0.6 0 1 1 0.7 0 1 1 0.9 0 1 1
4 0.1 5 0.4 0.0 0.4 0 1 1 0.5 0 1 1 0.6 0 1 1 0.7 0 1 1 0.9 0 1 1
4 0.1 18 0.2222222222222222 0.0 0.4 5 0.6 0.0 0.5 3 0.6666666666666666 0.0 0.6 2 1.0 0.0 0.7 1 1.0 0.0 0.9 0 1 1
4 0.1 10 0.4 0.0 0.4 2 0.5 0.0 0.5 1 1.0 0.0 0.6 1 1.0 0.0 0.7 0 1 1 0.9 0 1 1
4 0.1 44 0.06818181818181818 0.0 0.4 1 0.0 0.0 0.5 0 1 1 0.6 0 1 1 0.7 0 1 1 0.9 0 1 1
4 0.1 12 0.25 0.0 0.4 1 1.0 0.0 0.5 1 1.0 0.0 0.6 1 1.0 0.0 0.7 0 1 1 0.9 0 1 1
4 0.1 14 0.21428571428571427 0.0 0.4 2 0.5 0.0 0.5 0 1 1 0.6 0 1 1 0.7 0 1 1 0.9 0 1 1
4 0.1 15 0.26666666666666666 0.0 0.4 1 1.0 0.0 0.5 0 1 1 0.6 0 1 1 0.7 0 1 1 0.9 0 1 1
4 0.1 14 0.2857142857142857 0.0 0.4 2 1.0 0.0 0.5 1 1.0 0.0 0.6 1 1.0 0.0 0.7 1 1.0 0.0 0.9 0 1 1
4 0.1 30 0.13333333333333333 0.0 0.4 3 0.6666666666666666 0.0 0.5 2 1.0 0.0 0.6 1 1.0 0.0 0.7 1 1.0 0.0 0.9 0 1 1
4 0.1 10 0.4 0.0 0.4 1 1.0 0.0 0.5 1 1.0 0.0 0.6 1 1.0 0.0 0.7 1 1.0 0.0 0.9 0 1 1
4 0.1 16 0.25 0.0 0.4 1 1.0 0.0 0.5 1 1.0 0.0 0.6 1 1.0 0.0 0.7 1 1.0 0.0 0.9 0 1 1
4 0.1 3 0.0 0.0 0.4 0 1 1 0.5 0 1 1 0.6 0 1 1 0.7 0 1 1 0.9 0 1 1
4 0.1 0 1 1 0.4 0 1 1 0.5 0 1 1 0.6 0 1 1 0.7 0 1 1 0.9 0 1 1
4 0.1 4 0.0 0.0 0.4 0 1 1 0.5 0 1 1 0.6 0 1 1 0.7 0 1 1 0.9 0 1 1
4 0.1 3 0.0 0.0 0.4 0 1 1 0.5 0 1 1 0.6 0 1 1 0.7 0 1 1 0.9 0 1 1
4 0.1 18 0.16666666666666666 0.0 0.4 4 0.5 0.0 0.5 4 0.5 0.0 0.6 0 1 1 0.7 0 1 1 0.9 0 1 1
4 0.1 14 0.2857142857142857 0.0 0.4 3 0.3333333333333333 0.0 0.5 1 1.0 0.0 0.6 1 1.0 0.0 0.7 0 1 1 0.9 0 1 1
4 0.1 6 0.3333333333333333 0.0 0.4 0 1 1 0.5 0 1 1 0.6 0 1 1 0.7 0 1 1 0.9 0 1 1
4 0.1 6 0.5 0.0 0.4 1 1.0 0.0 0.5 1 1.0 0.0 0.6 0 1 1 0.7 0 1 1 0.9 0 1 1
4 0.1 9 0.3333333333333333 0.0 0.4 1 1.0 0.0 0.5 1 1.0 0.0 0.6 0 1 1 0.7 0 1 1 0.9 0 1 1
4 0.1 10 0.3 0.0 0.4 2 0.5 0.0 0.5 0 1 1 0.6 0 1 1 0.7 0 1 1 0.9 0 1 1
4 0.1 9 0.3333333333333333 0.0 0.4 1 1.0 0.0 0.5 1 1.0 0.0 0.6 1 1.0 0.0 0.7 0 1 1 0.9 0 1 1
4 0.1 62 0.03225806451612903 0.0 0.4 2 0.5 0.0 0.5 0 1 1 0.6 0 1 1 0.7 0 1 1 0.9 0 1 1
4 0.1 18 0.2222222222222222 0.0 0.4 4 0.5 0.0 0.5 3 0.6666666666666666 0.0 0.6 1 1.0 0.0 0.7 1 1.0 0.0 0.9 0 1 1
4 0.1 198 0.020202020202020204 0.0 0.4 18 0.16666666666666666 0.0 0.5 8 0.375 0.0 0.6 3 0.6666666666666666 0.0 0.7 0 1 1 0.9 0 1 1
4 0.1 10 0.4 0.0 0.4 2 1.0 0.0 0.5 1 1.0 0.0 0.6 1 1.0 0.0 0.7 1 1.0 0.0 0.9 0 1 1
4 0.1 6 0.6666666666666666 0.0 0.4 1 1.0 0.0 0.5 0 1 1 0.6 0 1 1 0.7 0 1 1 0.9 0 1 1
4 0.1 7 0.42857142857142855 0.0 0.4 2 1.0 0.0 0.5 1 1.0 0.0 0.6 1 1.0 0.0 0.7 1 1.0 0.0 0.9 0 1 1
4 0.1 5 0.6 0.2 0.4 2 1.0 0.5 0.5 1 1.0 1.0 0.6 1 1.0 1.0 0.7 1 1.0 1.0 0.9 0 1 1
4 0.1 4 0.5 0.0 0.4 1 1.0 0.0 0.5 1 1.0 0.0 0.6 1 1.0 0.0 0.7 0 1 1 0.9 0 1 1
4 0.1 5 0.4 0.0 0.4 1 1.0 0.0 0.5 1 1.0 0.0 0.6 1 1.0 0.0 0.7 1 1.0 0.0 0.9 0 1 1
4 0.1 5 0.6 0.0 0.4 2 1.0 0.0 0.5 2 1.0 0.0 0.6 1 1.0 0.0 0.7 1 1.0 0.0 0.9 0 1 1
4 0.1 8 0.5 0.0 0.4 1 1.0 0.0 0.5 1 1.0 0.0 0.6 1 1.0 0.0 0.7 0 1 1 0.9 0 1 1
4 0.1 7 0.5714285714285714 0.0 0.4 3 1.0 0.0 0.5 1 1.0 0.0 0.6 1 1.0 0.0 0.7 1 1.0 0.0 0.9 0 1 1
4 0.1 9 0.3333333333333333 0.0 0.4 3 0.6666666666666666 0.0 0.5 1 1.0 0.0 0.6 1 1.0 0.0 0.7 1 1.0 0.0 0.9 0 1 1
4 0.1 4 0.5 0.0 0.4 1 1.0 0.0 0.5 1 1.0 0.0 0.6 1 1.0 0.0 0.7 0 1 1 0.9 0 1 1
4 0.1 6 0.3333333333333333 0.0 0.4 1 1.0 0.0 0.5 1 1.0 0.0 0.6 1 1.0 0.0 0.7 1 1.0 0.0 0.9 0 1 1
4 0.1 85 0.047058823529411764 0.0 0.4 5 0.4 0.0 0.5 1 1.0 0.0 0.6 1 1.0 0.0 0.7 0 1 1 0.9 0 1 1
4 0.1 2 0.5 0.0 0.4 1 1.0 0.0 0.5 1 1.0 0.0 0.6 1 1.0 0.0 0.7 1 1.0 0.0 0.9 0 1 1
4 0.1 10 0.3 0.0 0.4 2 1.0 0.0 0.5 1 1.0 0.0 0.6 0 1 1 0.7 0 1 1 0.9 0 1 1
4 0.1 11 0.36363636363636365 0.0 0.4 2 0.5 0.0 0.5 2 0.5 0.0 0.6 1 1.0 0.0 0.7 1 1.0 0.0 0.9 0 1 1
4 0.1 6 0.6666666666666666 0.0 0.4 1 1.0 0.0 0.5 1 1.0 0.0 0.6 1 1.0 0.0 0.7 1 1.0 0.0 0.9 0 1 1
4 0.1 4 0.5 0.25 0.4 1 1.0 1.0 0.5 1 1.0 1.0 0.6 0 1 1 0.7 0 1 1 0.9 0 1 1
4 0.1 5 0.4 0.0 0.4 1 1.0 0.0 0.5 1 1.0 0.0 0.6 1 1.0 0.0 0.7 0 1 1 0.9 0 1 1
4 0.1 81 0.04938271604938271 0.012345679012345678 0.4 8 0.25 0.0 0.5 2 1.0 0.0 0.6 2 1.0 0.0 0.7 0 1 1 0.9 0 1 1
4 0.1 3 0.3333333333333333 0.0 0.4 1 1.0 0.0 0.5 1 1.0 0.0 0.6 1 1.0 0.0 0.7 1 1.0 0.0 0.9 0 1 1
4 0.1 8 0.375 0.0 0.4 2 0.5 0.0 0.5 1 1.0 0.0 0.6 1 1.0 0.0 0.7 1 1.0 0.0 0.9 0 1 1
4 0.1 7 0.42857142857142855 0.0 0.4 2 0.5 0.0 0.5 1 1.0 0.0 0.6 1 1.0 0.0 0.7 1 1.0 0.0 0.9 0 1 1
4 0.1 11 0.2727272727272727 0.0 0.4 2 0.5 0.0 0.5 1 1.0 0.0 0.6 1 1.0 0.0 0.7 1 1.0 0.0 0.9 0 1 1
4 0.1 6 0.5 0.0 0.4 1 1.0 0.0 0.5 1 1.0 0.0 0.6 1 1.0 0.0 0.7 1 1.0 0.0 0.9 0 1 1
4 0.1 13 0.3076923076923077 0.0 0.4 5 0.6 0.0 0.5 3 0.6666666666666666 0.0 0.6 2 0.5 0.0 0.7 1 1.0 0.0 0.9 0 1 1
4 0.1 6 0.5 0.0 0.4 2 0.5 0.0 0.5 1 1.0 0.0 0.6 1 1.0 0.0 0.7 1 1.0 0.0 0.9 0 1 1
4 0.1 6 0.5 0.0 0.4 3 1.0 0.0 0.5 2 1.0 0.0 0.6 2 1.0 0.0 0.7 1 1.0 0.0 0.9 0 1 1
4 0.1 8 0.375 0.0 0.4 3 0.6666666666666666 0.0 0.5 2 1.0 0.0 0.6 2 1.0 0.0 0.7 0 1 1 0.9 0 1 1
4 0.1 8 0.375 0.0 0.4 3 0.6666666666666666 0.0 0.5 2 0.5 0.0 0.6 1 1.0 0.0 0.7 1 1.0 0.0 0.9 0 1 1
4 0.1 6 0.5 0.0 0.4 3 0.6666666666666666 0.0 0.5 1 1.0 0.0 0.6 1 1.0 0.0 0.7 1 1.0 0.0 0.9 0 1 1
4 0.1 7 0.42857142857142855 0.0 0.4 2 1.0 0.0 0.5 2 1.0 0.0 0.6 1 1.0 0.0 0.7 1 1.0 0.0 0.9 0 1 1
4 0.1 7 0.42857142857142855 0.0 0.4 4 0.75 0.0 0.5 4 0.75 0.0 0.6 2 1.0 0.0 0.7 2 1.0 0.0 0.9 0 1 1
4 0.1 8 0.375 0.125 0.4 1 1.0 0.0 0.5 1 1.0 0.0 0.6 1 1.0 0.0 0.7 1 1.0 0.0 0.9 0 1 1
4 0.1 9 0.4444444444444444 0.1111111111111111 0.4 4 0.75 0.25 0.5 2 1.0 0.5 0.6 1 1.0 0.0 0.7 1 1.0 0.0 0.9 0 1 1
4 0.1 7 0.42857142857142855 0.0 0.4 1 1.0 0.0 0.5 1 1.0 0.0 0.6 1 1.0 0.0 0.7 1 1.0 0.0 0.9 0 1 1
4 0.1 6 0.3333333333333333 0.16666666666666666 0.4 1 1.0 1.0 0.5 1 1.0 1.0 0.6 1 1.0 1.0 0.7 1 1.0 1.0 0.9 0 1 1
4 0.1 7 0.42857142857142855 0.0 0.4 1 1.0 0.0 0.5 1 1.0 0.0 0.6 1 1.0 0.0 0.7 1 1.0 0.0 0.9 0 1 1
4 0.1 13 0.3076923076923077 0.07692307692307693 0.4 4 0.5 0.25 0.5 1 1.0 1.0 0.6 1 1.0 1.0 0.7 1 1.0 1.0 0.9 0 1 1
4 0.1 4 0.5 0.0 0.4 2 1.0 0.0 0.5 1 1.0 0.0 0.6 1 1.0 0.0 0.7 1 1.0 0.0 0.9 0 1 1
4 0.1 7 0.42857142857142855 0.0 0.4 2 0.5 0.0 0.5 1 1.0 0.0 0.6 1 1.0 0.0 0.7 1 1.0 0.0 0.9 0 1 1
4 0.1 7 0.42857142857142855 0.0 0.4 2 0.5 0.0 0.5 2 0.5 0.0 0.6 1 1.0 0.0 0.7 1 1.0 0.0 0.9 0 1 1
4 0.1 11 0.2727272727272727 0.0 0.4 6 0.5 0.0 0.5 3 0.6666666666666666 0.0 0.6 2 1.0 0.0 0.7 1 1.0 0.0 0.9 0 1 1
4 0.1 8 0.375 0.0 0.4 3 1.0 0.0 0.5 2 1.0 0.0 0.6 1 1.0 0.0 0.7 1 1.0 0.0 0.9 0 1 1
4 0.1 7 0.42857142857142855 0.0 0.4 2 1.0 0.0 0.5 2 1.0 0.0 0.6 1 1.0 0.0 0.7 1 1.0 0.0 0.9 0 1 1
4 0.1 7 0.42857142857142855 0.0 0.4 2 0.5 0.0 0.5 1 1.0 0.0 0.6 1 1.0 0.0 0.7 1 1.0 0.0 0.9 0 1 1
4 0.1 5 0.4 0.0 0.4 1 1.0 0.0 0.5 1 1.0 0.0 0.6 1 1.0 0.0 0.7 1 1.0 0.0 0.9 0 1 1
4 0.1 3 0.6666666666666666 0.0 0.4 2 1.0 0.0 0.5 2 1.0 0.0 0.6 2 1.0 0.0 0.7 1 1.0 0.0 0.9 0 1 1
4 0.1 3 0.6666666666666666 0.0 0.4 2 1.0 0.0 0.5 1 1.0 0.0 0.6 1 1.0 0.0 0.7 0 1 1 0.9 0 1 1
4 0.1 6 0.3333333333333333 0.0 0.4 3 0.6666666666666666 0.0 0.5 3 0.6666666666666666 0.0 0.6 2 1.0 0.0 0.7 1 1.0 0.0 0.9 0 1 1
4 0.1 4 0.5 0.25 0.4 1 1.0 1.0 0.5 1 1.0 1.0 0.6 1 1.0 1.0 0.7 1 1.0 1.0 0.9 0 1 1
4 0.1 8 0.25 0.0 0.4 1 1.0 0.0 0.5 1 1.0 0.0 0.6 1 1.0 0.0 0.7 1 1.0 0.0 0.9 0 1 1
4 0.1 6 0.3333333333333333 0.0 0.4 2 0.5 0.0 0.5 2 0.5 0.0 0.6 2 0.5 0.0 0.7 1 1.0 0.0 0.9 0 1 1
4 0.1 5 0.6 0.0 0.4 2 0.5 0.0 0.5 1 1.0 0.0 0.6 1 1.0 0.0 0.7 1 1.0 0.0 0.9 0 1 1
4 0.1 6 0.5 0.0 0.4 2 0.5 0.0 0.5 2 0.5 0.0 0.6 2 0.5 0.0 0.7 2 0.5 0.0 0.9 0 1 1
4 0.1 8 0.5 0.0 0.4 1 1.0 0.0 0.5 1 1.0 0.0 0.6 1 1.0 0.0 0.7 1 1.0 0.0 0.9 0 1 1
4 0.1 6 0.3333333333333333 0.0 0.4 3 0.6666666666666666 0.0 0.5 2 1.0 0.0 0.6 2 1.0 0.0 0.7 2 1.0 0.0 0.9 0 1 1
4 0.1 3 0.6666666666666666 0.0 0.4 2 1.0 0.0 0.5 1 1.0 0.0 0.6 1 1.0 0.0 0.7 1 1.0 0.0 0.9 0 1 1
4 0.1 8 0.5 0.0 0.4 4 0.5 0.0 0.5 3 0.6666666666666666 0.0 0.6 1 1.0 0.0 0.7 1 1.0 0.0 0.9 0 1 1
4 0.1 7 0.5714285714285714 0.0 0.4 3 0.6666666666666666 0.0 0.5 1 1.0 0.0 0.6 1 1.0 0.0 0.7 1 1.0 0.0 0.9 0 1 1
4 0.1 6 0.5 0.16666666666666666 0.4 3 0.6666666666666666 0.3333333333333333 0.5 2 0.5 0.5 0.6 2 0.5 0.5 0.7 1 1.0 1.0 0.9 0 1 1
4 0.1 4 0.75 0.0 0.4 1 1.0 0.0 0.5 1 1.0 0.0 0.6 1 1.0 0.0 0.7 1 1.0 0.0 0.9 0 1 1
4 0.1 7 0.5714285714285714 0.0 0.4 2 1.0 0.0 0.5 2 1.0 0.0 0.6 2 1.0 0.0 0.7 2 1.0 0.0 0.9 0 1 1
4 0.1 20 0.2 0.05 0.4 8 0.5 0.125 0.5 7 0.42857142857142855 0.14285714285714285 0.6 3 0.3333333333333333 0.0 0.7 1 1.0 0.0 0.9 0 1 1
4 0.1 10 0.3 0.1 0.4 4 0.5 0.0 0.5 2 0.5 0.0 0.6 1 1.0 0.0 0.7 1 1.0 0.0 0.9 0 1 1
4 0.1 9 0.4444444444444444 0.0 0.4 2 0.5 0.0 0.5 1 1.0 0.0 0.6 1 1.0 0.0 0.7 1 1.0 0.0 0.9 0 1 1
4 0.1 5 0.2 0.2 0.4 1 1.0 1.0 0.5 1 1.0 1.0 0.6 1 1.0 1.0 0.7 1 1.0 1.0 0.9 0 1 1
4 0.1 11 0.36363636363636365 0.0 0.4 4 0.5 0.0 0.5 3 0.3333333333333333 0.0 0.6 2 0.5 0.0 0.7 2 0.5 0.0 0.9 0 1 1
4 0.1 6 0.5 0.0 0.4 4 0.75 0.0 0.5 2 0.5 0.0 0.6 1 1.0 0.0 0.7 1 1.0 0.0 0.9 0 1 1
4 0.1 5 0.6 0.0 0.4 2 1.0 0.0 0.5 1 1.0 0.0 0.6 1 1.0 0.0 0.7 1 1.0 0.0 0.9 0 1 1
4 0.1 6 0.5 0.0 0.4 5 0.4 0.0 0.5 1 1.0 0.0 0.6 1 1.0 0.0 0.7 1 1.0 0.0 0.9 0 1 1
4 0.1 8 0.375 0.0 0.4 2 0.5 0.0 0.5 2 0.5 0.0 0.6 1 1.0 0.0 0.7 1 1.0 0.0 0.9 0 1 1
4 0.1 9 0.3333333333333333 0.0 0.4 2 1.0 0.0 0.5 2 1.0 0.0 0.6 1 1.0 0.0 0.7 1 1.0 0.0 0.9 0 1 1
4 0.1 11 0.2727272727272727 0.0 0.4 3 0.3333333333333333 0.0 0.5 2 0.5 0.0 0.6 1 0.0 0.0 0.7 1 0.0 0.0 0.9 0 1 1
4 0.1 5 0.6 0.2 0.4 2 0.5 0.0 0.5 2 0.5 0.0 0.6 1 1.0 0.0 0.7 1 1.0 0.0 0.9 0 1 1
4 0.1 6 0.5 0.3333333333333333 0.4 2 1.0 0.5 0.5 1 1.0 0.0 0.6 1 1.0 0.0 0.7 1 1.0 0.0 0.9 0 1 1
4 0.1 6 0.5 0.16666666666666666 0.4 2 1.0 0.0 0.5 2 1.0 0.0 0.6 1 1.0 0.0 0.7 1 1.0 0.0 0.9 0 1 1
4 0.1 5 0.6 0.2 0.4 3 0.6666666666666666 0.0 0.5 1 1.0 0.0 0.6 1 1.0 0.0 0.7 1 1.0 0.0 0.9 0 1 1
4 0.1 4 0.75 0.0 0.4 4 0.75 0.0 0.5 2 1.0 0.0 0.6 2 1.0 0.0 0.7 2 1.0 0.0 0.9 0 1 1
4 0.1 5 0.6 0.4 0.4 3 0.6666666666666666 0.6666666666666666 0.5 2 1.0 1.0 0.6 1 1.0 1.0 0.7 1 1.0 1.0 0.9 0 1 1
4 0.1 6 0.5 0.16666666666666666 0.4 2 1.0 0.5 0.5 2 1.0 0.5 0.6 2 1.0 0.5 0.7 1 1.0 1.0 0.9 0 1 1
4 0.1 8 0.375 0.0 0.4 3 0.6666666666666666 0.0 0.5 2 1.0 0.0 0.6 2 1.0 0.0 0.7 1 1.0 0.0 0.9 0 1 1
4 0.1 7 0.42857142857142855 0.0 0.4 2 0.5 0.0 0.5 2 0.5 0.0 0.6 1 1.0 0.0 0.7 1 1.0 0.0 0.9 0 1 1
4 0.1 6 0.3333333333333333 0.0 0.4 2 0.5 0.0 0.5 1 1.0 0.0 0.6 1 1.0 0.0 0.7 1 1.0 0.0 0.9 0 1 1
4 0.1 3 0.3333333333333333 0.0 0.4 1 1.0 0.0 0.5 1 1.0 0.0 0.6 1 1.0 0.0 0.7 1 1.0 0.0 0.9 0 1 1
4 0.1 9 0.4444444444444444 0.0 0.4 3 0.6666666666666666 0.0 0.5 2 0.5 0.0 0.6 1 1.0 0.0 0.7 1 1.0 0.0 0.9 0 1 1
4 0.1 7 0.42857142857142855 0.0 0.4 2 1.0 0.0 0.5 2 1.0 0.0 0.6 1 1.0 0.0 0.7 1 1.0 0.0 0.9 0 1 1
4 0.1 5 0.6 0.0 0.4 1 1.0 0.0 0.5 1 1.0 0.0 0.6 1 1.0 0.0 0.7 1 1.0 0.0 0.9 0 1 1
4 0.1 9 0.3333333333333333 0.0 0.4 4 0.5 0.0 0.5 2 0.5 0.0 0.6 1 1.0 0.0 0.7 1 1.0 0.0 0.9 0 1 1
4 0.1 7 0.42857142857142855 0.0 0.4 2 1.0 0.0 0.5 1 1.0 0.0 0.6 1 1.0 0.0 0.7 1 1.0 0.0 0.9 0 1 1
4 0.1 4 0.25 0.0 0.4 1 1.0 0.0 0.5 1 1.0 0.0 0.6 1 1.0 0.0 0.7 1 1.0 0.0 0.9 0 1 1
4 0.1 4 0.5 0.0 0.4 1 1.0 0.0 0.5 1 1.0 0.0 0.6 1 1.0 0.0 0.7 1 1.0 0.0 0.9 0 1 1
4 0.1 4 0.75 0.25 0.4 3 0.6666666666666666 0.3333333333333333 0.5 2 0.5 0.5 0.6 2 0.5 0.5 0.7 2 0.5 0.5 0.9 0 1 1
4 0.1 7 0.2857142857142857 0.14285714285714285 0.4 3 0.6666666666666666 0.3333333333333333 0.5 2 0.5 0.0 0.6 1 1.0 0.0 0.7 1 1.0 0.0 0.9 0 1 1
4 0.1 6 0.3333333333333333 0.0 0.4 3 0.6666666666666666 0.0 0.5 2 1.0 0.0 0.6 1 1.0 0.0 0.7 1 1.0 0.0 0.9 0 1 1
4 0.1 8 0.25 0.125 0.4 3 0.6666666666666666 0.3333333333333333 0.5 2 1.0 0.5 0.6 1 1.0 0.0 0.7 1 1.0 0.0 0.9 0 1 1
4 0.1 5 0.4 0.0 0.4 2 1.0 0.0 0.5 2 1.0 0.0 0.6 2 1.0 0.0 0.7 1 1.0 0.0 0.9 0 1 1
4 0.1 3 0.6666666666666666 0.0 0.4 1 1.0 0.0 0.5 1 1.0 0.0 0.6 1 1.0 0.0 0.7 1 1.0 0.0 0.9 0 1 1
4 0.1 5 0.6 0.0 0.4 2 1.0 0.0 0.5 2 1.0 0.0 0.6 2 1.0 0.0 0.7 2 1.0 0.0 0.9 0 1 1
4 0.1 4 0.5 0.0 0.4 2 0.5 0.0 0.5 2 0.5 0.0 0.6 2 0.5 0.0 0.7 2 0.5 0.0 0.9 0 1 1
4 0.1 5 0.6 0.0 0.4 4 0.75 0.0 0.5 3 1.0 0.0 0.6 2 1.0 0.0 0.7 1 1.0 0.0 0.9 0 1 1
4 0.1 6 0.5 0.16666666666666666 0.4 2 0.5 0.0 0.5 1 1.0 0.0 0.6 1 1.0 0.0 0.7 1 1.0 0.0 0.9 0 1 1
4 0.1 8 0.375 0.0 0.4 3 1.0 0.0 0.5 3 1.0 0.0 0.6 3 1.0 0.0 0.7 2 1.0 0.0 0.9 0 1 1
4 0.1 8 0.375 0.0 0.4 5 0.6 0.0 0.5 3 1.0 0.0 0.6 2 1.0 0.0 0.7 1 1.0 0.0 0.9 0 1 1
4 0.1 6 0.5 0.16666666666666666 0.4 3 1.0 0.3333333333333333 0.5 2 1.0 0.5 0.6 2 1.0 0.5 0.7 2 1.0 0.5 0.9 0 1 1
4 0.1 5 0.4 0.0 0.4 3 0.6666666666666666 0.0 0.5 2 1.0 0.0 0.6 2 1.0 0.0 0.7 2 1.0 0.0 0.9 0 1 1
4 0.1 5 0.4 0.0 0.4 1 1.0 0.0 0.5 1 1.0 0.0 0.6 1 1.0 0.0 0.7 1 1.0 0.0 0.9 0 1 1
4 0.1 6 0.3333333333333333 0.0 0.4 1 1.0 0.0 0.5 1 1.0 0.0 0.6 1 1.0 0.0 0.7 1 1.0 0.0 0.9 0 1 1
4 0.1 5 0.4 0.2 0.4 1 1.0 1.0 0.5 1 1.0 1.0 0.6 1 1.0 1.0 0.7 1 1.0 1.0 0.9 0 1 1
4 0.1 5 0.6 0.0 0.4 2 0.5 0.0 0.5 2 0.5 0.0 0.6 2 0.5 0.0 0.7 1 1.0 0.0 0.9 0 1 1
4 0.1 5 0.6 0.2 0.4 2 0.5 0.5 0.5 2 0.5 0.5 0.6 1 1.0 1.0 0.7 1 1.0 1.0 0.9 0 1 1
4 0.1 5 0.6 0.2 0.4 2 0.5 0.5 0.5 1 1.0 1.0 0.6 1 1.0 1.0 0.7 1 1.0 1.0 0.9 0 1 1
4 0.1 4 0.75 0.0 0.4 4 0.75 0.0 0.5 3 1.0 0.0 0.6 2 1.0 0.0 0.7 1 1.0 0.0 0.9 0 1 1
4 0.1 6 0.5 0.0 0.4 1 1.0 0.0 0.5 1 1.0 0.0 0.6 1 1.0 0.0 0.7 1 1.0 0.0 0.9 0 1 1
4 0.1 5 0.4 0.0 0.4 2 0.5 0.0 0.5 2 0.5 0.0 0.6 1 1.0 0.0 0.7 1 1.0 0.0 0.9 1 1.0 0.0
4 0.1 4 0.5 0.5 0.4 4 0.5 0.5 0.5 3 0.6666666666666666 0.6666666666666666 0.6 1 1.0 1.0 0.7 1 1.0 1.0 0.9 0 1 1
4 0.1 4 0.75 0.25 0.4 3 0.6666666666666666 0.3333333333333333 0.5 1 1.0 1.0 0.6 1 1.0 1.0 0.7 1 1.0 1.0 0.9 0 1 1
4 0.1 6 0.3333333333333333 0.0 0.4 3 0.6666666666666666 0.0 0.5 2 0.5 0.0 0.6 2 0.5 0.0 0.7 2 0.5 0.0 0.9 0 1 1
4 0.1 4 0.5 0.0 0.4 2 0.5 0.0 0.5 2 0.5 0.0 0.6 2 0.5 0.0 0.7 2 0.5 0.0 0.9 0 1 1
4 0.1 5 0.6 0.0 0.4 2 0.5 0.0 0.5 2 0.5 0.0 0.6 2 0.5 0.0 0.7 1 1.0 0.0 0.9 0 1 1
4 0.1 9 0.4444444444444444 0.1111111111111111 0.4 5 0.6 0.2 0.5 3 0.6666666666666666 0.3333333333333333 0.6 2 0.5 0.5 0.7 1 1.0 1.0 0.9 0 1 1
4 0.1 7 0.42857142857142855 0.2857142857142857 0.4 5 0.6 0.4 0.5 4 0.75 0.5 0.6 3 0.6666666666666666 0.3333333333333333 0.7 1 1.0 1.0 0.9 0 1 1
4 0.1 8 0.5 0.0 0.4 5 0.6 0.0 0.5 4 0.75 0.0 0.6 4 0.75 0.0 0.7 1 1.0 0.0 0.9 0 1 1
4 0.1 6 0.5 0.0 0.4 4 0.75 0.0 0.5 4 0.75 0.0 0.6 3 0.6666666666666666 0.0 0.7 3 0.6666666666666666 0.0 0.9 0 1 1
4 0.1 4 0.5 0.0 0.4 3 0.6666666666666666 0.0 0.5 2 1.0 0.0 0.6 2 1.0 0.0 0.7 1 1.0 0.0 0.9 0 1 1
4 0.1 4 0.5 0.0 0.4 2 0.5 0.0 0.5 2 0.5 0.0 0.6 1 1.0 0.0 0.7 1 1.0 0.0 0.9 0 1 1
4 0.1 9 0.3333333333333333 0.0 0.4 2 1.0 0.0 0.5 1 1.0 0.0 0.6 1 1.0 0.0 0.7 1 1.0 0.0 0.9 0 1 1
4 0.1 8 0.375 0.125 0.4 2 1.0 0.5 0.5 1 1.0 1.0 0.6 1 1.0 1.0 0.7 1 1.0 1.0 0.9 0 1 1
4 0.1 5 0.6 0.4 0.4 3 1.0 0.6666666666666666 0.5 2 1.0 0.5 0.6 2 1.0 0.5 0.7 1 1.0 1.0 0.9 0 1 1
4 0.1 6 0.5 0.0 0.4 3 1.0 0.0 0.5 2 1.0 0.0 0.6 2 1.0 0.0 0.7 1 1.0 0.0 0.9 0 1 1
4 0.1 6 0.5 0.0 0.4 2 1.0 0.0 0.5 2 1.0 0.0 0.6 1 1.0 0.0 0.7 1 1.0 0.0 0.9 0 1 1
4 0.1 7 0.42857142857142855 0.0 0.4 3 0.6666666666666666 0.0 0.5 1 1.0 0.0 0.6 1 1.0 0.0 0.7 1 1.0 0.0 0.9 0 1 1
4 0.1 8 0.375 0.0 0.4 3 1.0 0.0 0.5 1 1.0 0.0 0.6 1 1.0 0.0 0.7 1 1.0 0.0 0.9 0 1 1
4 0.1 6 0.5 0.0 0.4 4 0.75 0.0 0.5 4 0.75 0.0 0.6 3 0.6666666666666666 0.0 0.7 1 1.0 0.0 0.9 1 1.0 0.0
4 0.1 5 0.6 0.0 0.4 4 0.75 0.0 0.5 4 0.75 0.0 0.6 2 1.0 0.0 0.7 1 1.0 0.0 0.9 1 1.0 0.0
4 0.1 6 0.5 0.0 0.4 3 0.6666666666666666 0.0 0.5 2 0.5 0.0 0.6 2 0.5 0.0 0.7 1 1.0 0.0 0.9 0 1 1
4 0.1 5 0.4 0.0 0.4 2 0.5 0.0 0.5 2 0.5 0.0 0.6 1 1.0 0.0 0.7 1 1.0 0.0 0.9 0 1 1
4 0.1 5 0.6 0.2 0.4 2 0.5 0.5 0.5 2 0.5 0.5 0.6 2 0.5 0.5 0.7 1 1.0 1.0 0.9 0 1 1
4 0.1 8 0.375 0.0 0.4 4 0.5 0.0 0.5 2 0.5 0.0 0.6 2 0.5 0.0 0.7 1 1.0 0.0 0.9 0 1 1
4 0.1 8 0.5 0.125 0.4 5 0.4 0.0 0.5 3 0.6666666666666666 0.0 0.6 3 0.6666666666666666 0.0 0.7 3 0.6666666666666666 0.0 0.9 0 1 1
4 0.1 6 0.5 0.0 0.4 4 0.5 0.0 0.5 3 0.3333333333333333 0.0 0.6 1 1.0 0.0 0.7 1 1.0 0.0 0.9 0 1 1
4 0.1 8 0.5 0.0 0.4 3 0.3333333333333333 0.0 0.5 3 0.3333333333333333 0.0 0.6 3 0.3333333333333333 0.0 0.7 3 0.3333333333333333 0.0 0.9 0 1 1
4 0.1 6 0.3333333333333333 0.16666666666666666 0.4 4 0.5 0.25 0.5 4 0.5 0.25 0.6 3 0.3333333333333333 0.3333333333333333 0.7 2 0.5 0.5 0.9 0 1 1
4 0.1 9 0.3333333333333333 0.0 0.4 4 0.5 0.0 0.5 3 0.6666666666666666 0.0 0.6 1 1.0 0.0 0.7 1 1.0 0.0 0.9 0 1 1
4 0.1 5 0.4 0.0 0.4 2 0.5 0.0 0.5 2 0.5 0.0 0.6 1 1.0 0.0 0.7 1 1.0 0.0 0.9 0 1 1
4 0.1 7 0.2857142857142857 0.0 0.4 3 0.3333333333333333 0.0 0.5 2 0.5 0.0 0.6 1 1.0 0.0 0.7 1 1.0 0.0 0.9 0 1 1
4 0.1 4 0.5 0.0 0.4 3 0.3333333333333333 0.0 0.5 2 0.5 0.0 0.6 1 1.0 0.0 0.7 1 1.0 0.0 0.9 0 1 1
4 0.1 4 0.5 0.0 0.4 3 0.3333333333333333 0.0 0.5 2 0.5 0.0 0.6 1 1.0 0.0 0.7 1 1.0 0.0 0.9 0 1 1
4 0.1 4 0.5 0.0 0.4 2 1.0 0.0 0.5 2 1.0 0.0 0.6 1 1.0 0.0 0.7 1 1.0 0.0 0.9 0 1 1
4 0.1 5 0.4 0.0 0.4 1 1.0 0.0 0.5 1 1.0 0.0 0.6 1 1.0 0.0 0.7 1 1.0 0.0 0.9 0 1 1
4 0.1 5 0.4 0.0 0.4 3 0.3333333333333333 0.0 0.5 2 0.5 0.0 0.6 1 1.0 0.0 0.7 1 1.0 0.0 0.9 0 1 1
4 0.1 4 0.5 0.25 0.4 3 0.6666666666666666 0.3333333333333333 0.5 2 1.0 0.5 0.6 1 1.0 1.0 0.7 1 1.0 1.0 0.9 0 1 1
4 0.1 4 0.25 0.0 0.4 2 0.5 0.0 0.5 2 0.5 0.0 0.6 2 0.5 0.0 0.7 1 1.0 0.0 0.9 0 1 1
4 0.1 5 0.4 0.0 0.4 2 0.5 0.0 0.5 2 0.5 0.0 0.6 2 0.5 0.0 0.7 1 1.0 0.0 0.9 0 1 1
4 0.1 6 0.5 0.0 0.4 3 0.6666666666666666 0.0 0.5 3 0.6666666666666666 0.0 0.6 2 0.5 0.0 0.7 1 1.0 0.0 0.9 1 1.0 0.0
4 0.1 6 0.5 0.0 0.4 2 0.5 0.0 0.5 2 0.5 0.0 0.6 2 0.5 0.0 0.7 2 0.5 0.0 0.9 0 1 1
4 0.1 8 0.25 0.0 0.4 5 0.2 0.0 0.5 4 0.25 0.0 0.6 1 1.0 0.0 0.7 1 1.0 0.0 0.9 0 1 1
4 0.1 5 0.4 0.0 0.4 1 1.0 0.0 0.5 1 1.0 0.0 0.6 1 1.0 0.0 0.7 1 1.0 0.0 0.9 0 1 1
4 0.1 7 0.42857142857142855 0.0 0.4 2 0.5 0.0 0.5 2 0.5 0.0 0.6 2 0.5 0.0 0.7 1 1.0 0.0 0.9 0 1 1
4 0.1 7 0.2857142857142857 0.0 0.4 4 0.25 0.0 0.5 3 0.3333333333333333 0.0 0.6 2 0.5 0.0 0.7 1 1.0 0.0 0.9 1 1.0 0.0
4 0.1 5 0.4 0.2 0.4 2 0.5 0.5 0.5 1 1.0 1.0 0.6 1 1.0 1.0 0.7 1 1.0 1.0 0.9 1 1.0 1.0
4 0.1 4 0.5 0.0 0.4 3 0.3333333333333333 0.0 0.5 3 0.3333333333333333 0.0 0.6 3 0.3333333333333333 0.0 0.7 1 1.0 0.0 0.9 0 1 1
4 0.1 6 0.5 0.16666666666666666 0.4 4 0.25 0.25 0.5 3 0.3333333333333333 0.3333333333333333 0.6 2 0.5 0.5 0.7 1 1.0 1.0 0.9 0 1 1
4 0.1 3 0.6666666666666666 0.0 0.4 2 0.5 0.0 0.5 2 0.5 0.0 0.6 2 0.5 0.0 0.7 2 0.5 0.0 0.9 0 1 1
4 0.1 3 0.6666666666666666 0.0 0.4 2 0.5 0.0 0.5 2 0.5 0.0 0.6 2 0.5 0.0 0.7 2 0.5 0.0 0.9 0 1 1
4 0.1 8 0.375 0.125 0.4 4 0.5 0.25 0.5 1 1.0 1.0 0.6 1 1.0 1.0 0.7 1 1.0 1.0 0.9 0 1 1
4 0.1 6 0.5 0.0 0.4 4 0.5 0.0 0.5 3 0.3333333333333333 0.0 0.6 3 0.3333333333333333 0.0 0.7 2 0.5 0.0 0.9 0 1 1
4 0.1 7 0.42857142857142855 0.14285714285714285 0.4 2 0.5 0.5 0.5 2 0.5 0.5 0.6 2 0.5 0.5 0.7 2 0.5 0.5 0.9 0 1 1
4 0.1 6 0.5 0.0 0.4 2 0.5 0.0 0.5 2 0.5 0.0 0.6 2 0.5 0.0 0.7 2 0.5 0.0 0.9 0 1 1
4 0.1 6 0.5 0.0 0.4 3 0.6666666666666666 0.0 0.5 2 0.5 0.0 0.6 2 0.5 0.0 0.7 1 1.0 0.0 0.9 1 1.0 0.0
4 0.1 6 0.5 0.0 0.4 4 0.5 0.0 0.5 1 1.0 0.0 0.6 1 1.0 0.0 0.7 1 1.0 0.0 0.9 0 1 1
4 0.1 5 0.6 0.0 0.4 2 1.0 0.0 0.5 2 1.0 0.0 0.6 2 1.0 0.0 0.7 2 1.0 0.0 0.9 0 1 1
4 0.1 4 0.5 0.0 0.4 1 1.0 0.0 0.5 1 1.0 0.0 0.6 1 1.0 0.0 0.7 1 1.0 0.0 0.9 0 1 1
4 0.1 3 0.3333333333333333 0.0 0.4 1 1.0 0.0 0.5 1 1.0 0.0 0.6 1 1.0 0.0 0.7 1 1.0 0.0 0.9 0 1 1
4 0.1 5 0.4 0.0 0.4 5 0.4 0.0 0.5 3 0.6666666666666666 0.0 0.6 2 1.0 0.0 0.7 1 1.0 0.0 0.9 0 1 1
4 0.1 6 0.5 0.16666666666666666 0.4 3 0.6666666666666666 0.3333333333333333 0.5 2 0.5 0.5 0.6 1 1.0 1.0 0.7 1 1.0 1.0 0.9 0 1 1
4 0.1 6 0.5 0.0 0.4 1 1.0 0.0 0.5 1 1.0 0.0 0.6 1 1.0 0.0 0.7 1 1.0 0.0 0.9 0 1 1
4 0.1 3 0.6666666666666666 0.3333333333333333 0.4 2 0.5 0.5 0.5 2 0.5 0.5 0.6 2 0.5 0.5 0.7 1 1.0 1.0 0.9 0 1 1
4 0.1 4 0.75 0.0 0.4 2 1.0 0.0 0.5 2 1.0 0.0 0.6 1 1.0 0.0 0.7 1 1.0 0.0 0.9 1 1.0 0.0
4 0.1 4 0.75 0.25 0.4 2 1.0 0.5 0.5 2 1.0 0.5 0.6 1 1.0 1.0 0.7 1 1.0 1.0 0.9 0 1 1
4 0.1 4 0.5 0.25 0.4 1 1.0 1.0 0.5 1 1.0 1.0 0.6 1 1.0 1.0 0.7 1 1.0 1.0 0.9 0 1 1
4 0.1 6 0.5 0.0 0.4 2 1.0 0.0 0.5 2 1.0 0.0 0.6 1 1.0 0.0 0.7 1 1.0 0.0 0.9 0 1 1
4 0.1 5 0.6 0.0 0.4 3 0.6666666666666666 0.0 0.5 1 1.0 0.0 0.6 1 1.0 0.0 0.7 1 1.0 0.0 0.9 0 1 1
4 0.1 3 1.0 0.0 0.4 2 1.0 0.0 0.5 2 1.0 0.0 0.6 2 1.0 0.0 0.7 1 1.0 0.0 0.9 0 1 1
4 0.1 4 0.75 0.25 0.4 3 1.0 0.3333333333333333 0.5 3 1.0 0.3333333333333333 0.6 2 1.0 0.0 0.7 1 1.0 0.0 0.9 0 1 1
4 0.1 4 0.75 0.25 0.4 2 1.0 0.5 0.5 2 1.0 0.5 0.6 2 1.0 0.5 0.7 2 1.0 0.5 0.9 1 1.0 0.0
4 0.1 3 1.0 0.0 0.4 2 1.0 0.0 0.5 2 1.0 0.0 0.6 2 1.0 0.0 0.7 2 1.0 0.0 0.9 0 1 1
4 0.1 5 0.6 0.2 0.4 3 1.0 0.3333333333333333 0.5 2 1.0 0.5 0.6 2 1.0 0.5 0.7 2 1.0 0.5 0.9 0 1 1
4 0.1 5 0.6 0.2 0.4 4 0.75 0.25 0.5 4 0.75 0.25 0.6 4 0.75 0.25 0.7 3 1.0 0.3333333333333333 0.9 0 1 1
4 0.1 6 0.5 0.0 0.4 4 0.75 0.0 0.5 4 0.75 0.0 0.6 2 1.0 0.0 0.7 2 1.0 0.0 0.9 0 1 1
4 0.1 4 0.75 0.0 0.4 3 1.0 0.0 0.5 2 1.0 0.0 0.6 2 1.0 0.0 0.7 2 1.0 0.0 0.9 0 1 1
4 0.1 4 0.75 0.0 0.4 2 1.0 0.0 0.5 2 1.0 0.0 0.6 2 1.0 0.0 0.7 1 1.0 0.0 0.9 0 1 1
4 0.1 3 1.0 0.0 0.4 2 1.0 0.0 0.5 1 1.0 0.0 0.6 1 1.0 0.0 0.7 1 1.0 0.0 0.9 0 1 1
4 0.1 4 0.75 0.25 0.4 2 1.0 0.5 0.5 2 1.0 0.5 0.6 1 1.0 0.0 0.7 1 1.0 0.0 0.9 0 1 1
4 0.1 5 0.6 0.4 0.4 4 0.75 0.5 0.5 2 1.0 0.5 0.6 2 1.0 0.5 0.7 1 1.0 1.0 0.9 0 1 1
4 0.1 5 0.6 0.0 0.4 3 0.6666666666666666 0.0 0.5 2 0.5 0.0 0.6 2 0.5 0.0 0.7 1 1.0 0.0 0.9 0 1 1
4 0.1 4 0.75 0.0 0.4 1 1.0 0.0 0.5 1 1.0 0.0 0.6 1 1.0 0.0 0.7 1 1.0 0.0 0.9 0 1 1
4 0.1 3 1.0 0.0 0.4 2 1.0 0.0 0.5 2 1.0 0.0 0.6 1 1.0 0.0 0.7 1 1.0 0.0 0.9 1 1.0 0.0
4 0.1 3 1.0 0.0 0.4 3 1.0 0.0 0.5 3 1.0 0.0 0.6 1 1.0 0.0 0.7 1 1.0 0.0 0.9 1 1.0 0.0
4 0.1 3 1.0 0.0 0.4 2 1.0 0.0 0.5 1 1.0 0.0 0.6 1 1.0 0.0 0.7 1 1.0 0.0 0.9 0 1 1
4 0.1 3 0.6666666666666666 0.0 0.4 1 1.0 0.0 0.5 1 1.0 0.0 0.6 1 1.0 0.0 0.7 1 1.0 0.0 0.9 0 1 1
4 0.1 4 0.75 0.0 0.4 2 0.5 0.0 0.5 2 0.5 0.0 0.6 2 0.5 0.0 0.7 1 1.0 0.0 0.9 0 1 1
4 0.1 4 0.75 0.25 0.4 3 1.0 0.3333333333333333 0.5 3 1.0 0.3333333333333333 0.6 2 1.0 0.5 0.7 2 1.0 0.5 0.9 0 1 1
4 0.1 3 1.0 0.0 0.4 3 1.0 0.0 0.5 3 1.0 0.0 0.6 2 1.0 0.0 0.7 1 1.0 0.0 0.9 1 1.0 0.0
4 0.1 5 0.6 0.0 0.4 1 1.0 0.0 0.5 1 1.0 0.0 0.6 1 1.0 0.0 0.7 1 1.0 0.0 0.9 1 1.0 0.0
4 0.1 3 1.0 0.3333333333333333 0.4 3 1.0 0.3333333333333333 0.5 2 1.0 0.5 0.6 2 1.0 0.5 0.7 1 1.0 1.0 0.9 1 1.0 1.0
4 0.1 4 0.75 0.0 0.4 3 1.0 0.0 0.5 3 1.0 0.0 0.6 2 1.0 0.0 0.7 2 1.0 0.0 0.9 1 1.0 0.0
4 0.1 3 1.0 0.3333333333333333 0.4 2 1.0 0.5 0.5 2 1.0 0.5 0.6 2 1.0 0.5 0.7 2 1.0 0.5 0.9 0 1 1
4 0.1 4 0.75 0.25 0.4 3 1.0 0.3333333333333333 0.5 3 1.0 0.3333333333333333 0.6 2 1.0 0.5 0.7 2 1.0 0.5 0.9 0 1 1
4 0.1 6 0.5 0.0 0.4 3 1.0 0.0 0.5 3 1.0 0.0 0.6 3 1.0 0.0 0.7 2 1.0 0.0 0.9 0 1 1
4 0.1 9 0.3333333333333333 0.1111111111111111 0.4 4 0.75 0.25 0.5 4 0.75 0.25 0.6 1 1.0 1.0 0.7 1 1.0 1.0 0.9 1 1.0 1.0
4 0.1 5 0.6 0.4 0.4 4 0.75 0.5 0.5 3 0.6666666666666666 0.6666666666666666 0.6 3 0.6666666666666666 0.6666666666666666 0.7 2 1.0 1.0 0.9 1 1.0 1.0
4 0.1 4 0.75 0.25 0.4 4 0.75 0.25 0.5 4 0.75 0.25 0.6 3 1.0 0.3333333333333333 0.7 2 1.0 0.5 0.9 0 1 1
4 0.1 4 0.75 0.25 0.4 3 1.0 0.3333333333333333 0.5 3 1.0 0.3333333333333333 0.6 3 1.0 0.3333333333333333 0.7 2 1.0 0.5 0.9 0 1 1
4 0.1 5 0.6 0.2 0.4 3 1.0 0.3333333333333333 0.5 2 1.0 0.5 0.6 2 1.0 0.5 0.7 2 1.0 0.5 0.9 0 1 1
4 0.1 4 0.75 0.0 0.4 2 1.0 0.0 0.5 2 1.0 0.0 0.6 2 1.0 0.0 0.7 1 1.0 0.0 0.9 0 1 1
4 0.1 5 0.6 0.2 0.4 4 0.75 0.25 0.5 4 0.75 0.25 0.6 2 1.0 0.5 0.7 1 1.0 1.0 0.9 0 1 1
4 0.1 6 0.5 0.16666666666666666 0.4 1 1.0 1.0 0.5 1 1.0 1.0 0.6 1 1.0 1.0 0.7 1 1.0 1.0 0.9 0 1 1
4 0.1 4 0.5 0.25 0.4 1 1.0 1.0 0.5 1 1.0 1.0 0.6 1 1.0 1.0 0.7 1 1.0 1.0 0.9 1 1.0 1.0
