8 0.1 0 1 1 0.4 0 1 1 0.5 0 1 1 0.6 0 1 1 0.7 0 1 1 0.9 0 1 1
8 0.1 1 0.0 0.0 0.4 0 1 1 0.5 0 1 1 0.6 0 1 1 0.7 0 1 1 0.9 0 1 1
8 0.1 0 1 1 0.4 0 1 1 0.5 0 1 1 0.6 0 1 1 0.7 0 1 1 0.9 0 1 1
8 0.1 0 1 1 0.4 0 1 1 0.5 0 1 1 0.6 0 1 1 0.7 0 1 1 0.9 0 1 1
8 0.1 0 1 1 0.4 0 1 1 0.5 0 1 1 0.6 0 1 1 0.7 0 1 1 0.9 0 1 1
8 0.1 45 0.08888888888888889 0.0 0.4 0 1 1 0.5 0 1 1 0.6 0 1 1 0.7 0 1 1 0.9 0 1 1
8 0.1 1 0.0 0.0 0.4 0 1 1 0.5 0 1 1 0.6 0 1 1 0.7 0 1 1 0.9 0 1 1
8 0.1 164 0.036585365853658534 0.0 0.4 3 0.3333333333333333 0.0 0.5 0 1 1 0.6 0 1 1 0.7 0 1 1 0.9 0 1 1
8 0.1 116 0.04310344827586207 0.0 0.4 2 0.5 0.0 0.5 0 1 1 0.6 0 1 1 0.7 0 1 1 0.9 0 1 1
8 0.1 119 0.04201680672268908 0.0 0.4 0 1 1 0.5 0 1 1 0.6 0 1 1 0.7 0 1 1 0.9 0 1 1
8 0.1 34 0.11764705882352941 0.0 0.4 0 1 1 0.5 0 1 1 0.6 0 1 1 0.7 0 1 1 0.9 0 1 1
8 0.1 63 0.09523809523809523 0.0 0.4 3 0.3333333333333333 0.0 0.5 0 1 1 0.6 0 1 1 0.7 0 1 1 0.9 0 1 1
8 0.1 41 0.0975609756097561 0.0 0.4 4 0.25 0.0 0.5 0 1 1 0.6 0 1 1 0.7 0 1 1 0.9 0 1 1
8 0.1 62 0.11290322580645161 0.0 0.4 2 0.5 0.0 0.5 0 1 1 0.6 0 1 1 0.7 0 1 1 0.9 0 1 1
8 0.1 45 0.08888888888888889 0.0 0.4 0 1 1 0.5 0 1 1 0.6 0 1 1 0.7 0 1 1 0.9 0 1 1
8 0.1 33 0.15151515151515152 0.0 0.4 4 0.75 0.0 0.5 1 0.0 0.0 0.6 0 1 1 0.7 0 1 1 0.9 0 1 1
8 0.1 44 0.09090909090909091 0.0 0.4 6 0.3333333333333333 0.0 0.5 0 1 1 0.6 0 1 1 0.7 0 1 1 0.9 0 1 1
8 0.1 35 0.14285714285714285 0.0 0.4 2 0.5 0.0 0.5 1 0.0 0.0 0.6 0 1 1 0.7 0 1 1 0.9 0 1 1
8 0.1 21 0.23809523809523808 0.0 0.4 3 0.6666666666666666 0.0 0.5 1 0.0 0.0 0.6 1 0.0 0.0 0.7 0 1 1 0.9 0 1 1
8 0.1 16 0.25 0.0 0.4 0 1 1 0.5 0 1 1 0.6 0 1 1 0.7 0 1 1 0.9 0 1 1
8 0.1 8 0.5 0.0 0.4 1 1.0 0.0 0.5 1 1.0 0.0 0.6 0 1 1 0.7 0 1 1 0.9 0 1 1
8 0.1 21 0.2857142857142857 0.0 0.4 2 1.0 0.0 0.5 0 1 1 0.6 0 1 1 0.7 0 1 1 0.9 0 1 1
8 0.1 14 0.35714285714285715 0.0 0.4 3 0.6666666666666666 0.0 0.5 3 0.6666666666666666 0.0 0.6 0 1 1 0.7 0 1 1 0.9 0 1 1
8 0.1 16 0.125 0.0 0.4 2 0.5 0.0 0.5 0 1 1 0.6 0 1 1 0.7 0 1 1 0.9 0 1 1
8 0.1 0 1 1 0.4 0 1 1 0.5 0 1 1 0.6 0 1 1 0.7 0 1 1 0.9 0 1 1
8 0.1 25 0.24 0.0 0.4 2 0.5 0.0 0.5 2 0.5 0.0 0.6 0 1 1 0.7 0 1 1 0.9 0 1 1
8 0.1 13 0.3076923076923077 0.0 0.4 3 0.6666666666666666 0.0 0.5 1 0.0 0.0 0.6 0 1 1 0.7 0 1 1 0.9 0 1 1
8 0.1 11 0.45454545454545453 0.0 0.4 2 0.5 0.0 0.5 0 1 1 0.6 0 1 1 0.7 0 1 1 0.9 0 1 1
8 0.1 7 0.2857142857142857 0.0 0.4 1 1.0 0.0 0.5 0 1 1 0.6 0 1 1 0.7 0 1 1 0.9 0 1 1
8 0.1 25 0.24 0.0 0.4 11 0.45454545454545453 0.0 0.5 9 0.5555555555555556 0.0 0.6 7 0.5714285714285714 0.0 0.7 3 0.6666666666666666 0.0 0.9 0 1 1
8 0.1 13 0.46153846153846156 0.0 0.4 3 1.0 0.0 0.5 1 1.0 0.0 0.6 0 1 1 0.7 0 1 1 0.9 0 1 1
8 0.1 9 0.5555555555555556 0.0 0.4 3 1.0 0.0 0.5 0 1 1 0.6 0 1 1 0.7 0 1 1 0.9 0 1 1
8 0.1 18 0.2777777777777778 0.0 0.4 5 0.4 0.0 0.5 2 0.5 0.0 0.6 2 0.5 0.0 0.7 0 1 1 0.9 0 1 1
8 0.1 25 0.28 0.0 0.4 4 0.25 0.0 0.5 2 0.5 0.0 0.6 1 1.0 0.0 0.7 0 1 1 0.9 0 1 1
8 0.1 6 0.5 0.0 0.4 2 0.5 0.0 0.5 2 0.5 0.0 0.6 0 1 1 0.7 0 1 1 0.9 0 1 1
8 0.1 15 0.4 0.0 0.4 5 0.6 0.0 0.5 5 0.6 0.0 0.6 3 1.0 0.0 0.7 0 1 1 0.9 0 1 1
8 0.1 3 1.0 0.0 0.4 0 1 1 0.5 0 1 1 0.6 0 1 1 0.7 0 1 1 0.9 0 1 1
8 0.1 0 1 1 0.4 0 1 1 0.5 0 1 1 0.6 0 1 1 0.7 0 1 1 0.9 0 1 1
8 0.1 29 0.1724137931034483 0.0 0.4 6 0.5 0.0 0.5 2 1.0 0.0 0.6 1 1.0 0.0 0.7 0 1 1 0.9 0 1 1
8 0.1 5 0.2 0.0 0.4 1 0.0 0.0 0.5 1 0.0 0.0 0.6 0 1 1 0.7 0 1 1 0.9 0 1 1
8 0.1 7 0.42857142857142855 0.0 0.4 1 1.0 0.0 0.5 0 1 1 0.6 0 1 1 0.7 0 1 1 0.9 0 1 1
8 0.1 16 0.375 0.0 0.4 6 0.5 0.0 0.5 2 0.5 0.0 0.6 0 1 1 0.7 0 1 1 0.9 0 1 1
8 0.1 1 1.0 0.0 0.4 0 1 1 0.5 0 1 1 0.6 0 1 1 0.7 0 1 1 0.9 0 1 1
8 0.1 2 0.5 0.0 0.4 0 1 1 0.5 0 1 1 0.6 0 1 1 0.7 0 1 1 0.9 0 1 1
8 0.1 0 1 1 0.4 0 1 1 0.5 0 1 1 0.6 0 1 1 0.7 0 1 1 0.9 0 1 1
8 0.1 2 0.0 0.0 0.4 0 1 1 0.5 0 1 1 0.6 0 1 1 0.7 0 1 1 0.9 0 1 1
8 0.1 0 1 1 0.4 0 1 1 0.5 0 1 1 0.6 0 1 1 0.7 0 1 1 0.9 0 1 1
8 0.1 0 1 1 0.4 0 1 1 0.5 0 1 1 0.6 0 1 1 0.7 0 1 1 0.9 0 1 1
8 0.1 0 1 1 0.4 0 1 1 0.5 0 1 1 0.6 0 1 1 0.7 0 1 1 0.9 0 1 1
8 0.1 4 0.0 0.0 0.4 0 1 1 0.5 0 1 1 0.6 0 1 1 0.7 0 1 1 0.9 0 1 1
8 0.1 2 0.0 0.0 0.4 0 1 1 0.5 0 1 1 0.6 0 1 1 0.7 0 1 1 0.9 0 1 1
8 0.1 10 0.4 0.0 0.4 5 0.6 0.0 0.5 2 1.0 0.0 0.6 2 1.0 0.0 0.7 0 1 1 0.9 0 1 1
8 0.1 9 0.3333333333333333 0.0 0.4 0 1 1 0.5 0 1 1 0.6 0 1 1 0.7 0 1 1 0.9 0 1 1
8 0.1 17 0.29411764705882354 0.0 0.4 1 0.0 0.0 0.5 1 0.0 0.0 0.6 0 1 1 0.7 0 1 1 0.9 0 1 1
8 0.1 13 0.23076923076923078 0.0 0.4 4 0.5 0.0 0.5 2 0.5 0.0 0.6 1 1.0 0.0 0.7 0 1 1 0.9 0 1 1
8 0.1 7 0.5714285714285714 0.0 0.4 1 1.0 0.0 0.5 0 1 1 0.6 0 1 1 0.7 0 1 1 0.9 0 1 1
8 0.1 6 0.3333333333333333 0.0 0.4 0 1 1 0.5 0 1 1 0.6 0 1 1 0.7 0 1 1 0.9 0 1 1
8 0.1 26 0.2692307692307692 0.0 0.4 6 0.6666666666666666 0.0 0.5 2 1.0 0.0 0.6 1 1.0 0.0 0.7 0 1 1 0.9 0 1 1
8 0.1 14 0.35714285714285715 0.0 0.4 1 1.0 0.0 0.5 1 1.0 0.0 0.6 0 1 1 0.7 0 1 1 0.9 0 1 1
8 0.1 56 0.10714285714285714 0.0 0.4 1 1.0 0.0 0.5 0 1 1 0.6 0 1 1 0.7 0 1 1 0.9 0 1 1
8 0.1 14 0.2857142857142857 0.0 0.4 0 1 1 0.5 0 1 1 0.6 0 1 1 0.7 0 1 1 0.9 0 1 1
8 0.1 10 0.5 0.0 0.4 0 1 1 0.5 0 1 1 0.6 0 1 1 0.7 0 1 1 0.9 0 1 1
8 0.1 16 0.3125 0.0 0.4 1 1.0 0.0 0.5 0 1 1 0.6 0 1 1 0.7 0 1 1 0.9 0 1 1
8 0.1 14 0.42857142857142855 0.0 0.4 4 0.75 0.0 0.5 2 1.0 0.0 0.6 0 1 1 0.7 0 1 1 0.9 0 1 1
8 0.1 41 0.17073170731707318 0.0 0.4 2 0.0 0.0 0.5 0 1 1 0.6 0 1 1 0.7 0 1 1 0.9 0 1 1
8 0.1 17 0.4117647058823529 0.0 0.4 2 1.0 0.0 0.5 1 1.0 0.0 0.6 0 1 1 0.7 0 1 1 0.9 0 1 1
8 0.1 23 0.30434782608695654 0.0 0.4 4 0.5 0.0 0.5 0 1 1 0.6 0 1 1 0.7 0 1 1 0.9 0 1 1
8 0.1 6 0.3333333333333333 0.0 0.4 0 1 1 0.5 0 1 1 0.6 0 1 1 0.7 0 1 1 0.9 0 1 1
8 0.1 1 0.0 0.0 0.4 0 1 1 0.5 0 1 1 0.6 0 1 1 0.7 0 1 1 0.9 0 1 1
8 0.1 7 0.2857142857142857 0.0 0.4 0 1 1 0.5 0 1 1 0.6 0 1 1 0.7 0 1 1 0.9 0 1 1
8 0.1 13 0.38461538461538464 0.0 0.4 3 0.3333333333333333 0.0 0.5 1 1.0 0.0 0.6 1 1.0 0.0 0.7 1 1.0 0.0 0.9 0 1 1
8 0.1 19 0.3157894736842105 0.0 0.4 5 0.4 0.0 0.5 1 1.0 0.0 0.6 1 1.0 0.0 0.7 0 1 1 0.9 0 1 1
8 0.1 18 0.3888888888888889 0.0 0.4 5 0.6 0.0 0.5 2 1.0 0.0 0.6 2 1.0 0.0 0.7 0 1 1 0.9 0 1 1
8 0.1 9 0.4444444444444444 0.0 0.4 1 1.0 0.0 0.5 1 1.0 0.0 0.6 0 1 1 0.7 0 1 1 0.9 0 1 1
8 0.1 7 0.5714285714285714 0.0 0.4 0 1 1 0.5 0 1 1 0.6 0 1 1 0.7 0 1 1 0.9 0 1 1
8 0.1 14 0.42857142857142855 0.0 0.4 2 1.0 0.0 0.5 1 1.0 0.0 0.6 0 1 1 0.7 0 1 1 0.9 0 1 1
8 0.1 18 0.3333333333333333 0.0 0.4 3 0.6666666666666666 0.0 0.5 1 1.0 0.0 0.6 1 1.0 0.0 0.7 0 1 1 0.9 0 1 1
8 0.1 32 0.1875 0.0 0.4 2 0.5 0.0 0.5 1 0.0 0.0 0.6 0 1 1 0.7 0 1 1 0.9 0 1 1
8 0.1 39 0.1282051282051282 0.0 0.4 1 1.0 0.0 0.5 1 1.0 0.0 0.6 0 1 1 0.7 0 1 1 0.9 0 1 1
8 0.1 21 0.23809523809523808 0.0 0.4 7 0.42857142857142855 0.0 0.5 6 0.3333333333333333 0.0 0.6 2 0.5 0.0 0.7 0 1 1 0.9 0 1 1
8 0.1 192 0.036458333333333336 0.0 0.4 16 0.25 0.0 0.5 5 0.2 0.0 0.6 1 1.0 0.0 0.7 1 1.0 0.0 0.9 0 1 1
8 0.1 12 0.5 0.0 0.4 3 0.6666666666666666 0.0 0.5 1 0.0 0.0 0.6 1 0.0 0.0 0.7 0 1 1 0.9 0 1 1
8 0.1 7 0.42857142857142855 0.0 0.4 0 1 1 0.5 0 1 1 0.6 0 1 1 0.7 0 1 1 0.9 0 1 1
8 0.1 14 0.35714285714285715 0.0 0.4 2 0.5 0.0 0.5 1 0.0 0.0 0.6 1 0.0 0.0 0.7 0 1 1 0.9 0 1 1
8 0.1 11 0.45454545454545453 0.0 0.4 0 1 1 0.5 0 1 1 0.6 0 1 1 0.7 0 1 1 0.9 0 1 1
8 0.1 10 0.5 0.0 0.4 0 1 1 0.5 0 1 1 0.6 0 1 1 0.7 0 1 1 0.9 0 1 1
8 0.1 12 0.4166666666666667 0.0 0.4 0 1 1 0.5 0 1 1 0.6 0 1 1 0.7 0 1 1 0.9 0 1 1
8 0.1 10 0.5 0.0 0.4 4 0.5 0.0 0.5 3 0.6666666666666666 0.0 0.6 0 1 1 0.7 0 1 1 0.9 0 1 1
8 0.1 12 0.4166666666666667 0.0 0.4 1 1.0 0.0 0.5 0 1 1 0.6 0 1 1 0.7 0 1 1 0.9 0 1 1
8 0.1 7 0.5714285714285714 0.0 0.4 3 0.6666666666666666 0.0 0.5 2 0.5 0.0 0.6 1 1.0 0.0 0.7 0 1 1 0.9 0 1 1
8 0.1 12 0.4166666666666667 0.0 0.4 4 0.75 0.0 0.5 1 1.0 0.0 0.6 0 1 1 0.7 0 1 1 0.9 0 1 1
8 0.1 7 0.7142857142857143 0.0 0.4 1 1.0 0.0 0.5 0 1 1 0.6 0 1 1 0.7 0 1 1 0.9 0 1 1
8 0.1 10 0.6 0.0 0.4 4 0.5 0.0 0.5 2 1.0 0.0 0.6 0 1 1 0.7 0 1 1 0.9 0 1 1
8 0.1 179 0.0223463687150838 0.0 0.4 5 0.2 0.0 0.5 0 1 1 0.6 0 1 1 0.7 0 1 1 0.9 0 1 1
8 0.1 5 0.8 0.0 0.4 0 1 1 0.5 0 1 1 0.6 0 1 1 0.7 0 1 1 0.9 0 1 1
8 0.1 18 0.2777777777777778 0.0 0.4 2 0.5 0.0 0.5 0 1 1 0.6 0 1 1 0.7 0 1 1 0.9 0 1 1
8 0.1 17 0.35294117647058826 0.0 0.4 4 0.75 0.0 0.5 1 1.0 0.0 0.6 0 1 1 0.7 0 1 1 0.9 0 1 1
8 0.1 15 0.3333333333333333 0.06666666666666667 0.4 5 0.4 0.0 0.5 3 0.6666666666666666 0.0 0.6 0 1 1 0.7 0 1 1 0.9 0 1 1
8 0.1 9 0.4444444444444444 0.0 0.4 0 1 1 0.5 0 1 1 0.6 0 1 1 0.7 0 1 1 0.9 0 1 1
8 0.1 7 0.5714285714285714 0.0 0.4 0 1 1 0.5 0 1 1 0.6 0 1 1 0.7 0 1 1 0.9 0 1 1
8 0.1 130 0.038461538461538464 0.0 0.4 9 0.2222222222222222 0.0 0.5 7 0.2857142857142857 0.0 0.6 2 0.5 0.0 0.7 1 1.0 0.0 0.9 0 1 1
8 0.1 4 0.5 0.0 0.4 1 0.0 0.0 0.5 0 1 1 0.6 0 1 1 0.7 0 1 1 0.9 0 1 1
8 0.1 10 0.5 0.0 0.4 3 0.6666666666666666 0.0 0.5 2 0.5 0.0 0.6 2 0.5 0.0 0.7 1 1.0 0.0 0.9 0 1 1
8 0.1 13 0.38461538461538464 0.0 0.4 2 1.0 0.0 0.5 1 1.0 0.0 0.6 0 1 1 0.7 0 1 1 0.9 0 1 1
8 0.1 12 0.4166666666666667 0.0 0.4 3 0.6666666666666666 0.0 0.5 2 0.5 0.0 0.6 0 1 1 0.7 0 1 1 0.9 0 1 1
8 0.1 11 0.5454545454545454 0.0 0.4 3 0.6666666666666666 0.0 0.5 2 0.5 0.0 0.6 1 1.0 0.0 0.7 0 1 1 0.9 0 1 1
8 0.1 19 0.3684210526315789 0.0 0.4 7 0.42857142857142855 0.0 0.5 3 1.0 0.0 0.6 2 1.0 0.0 0.7 1 1.0 0.0 0.9 0 1 1
8 0.1 8 0.5 0.0 0.4 2 1.0 0.0 0.5 0 1 1 0.6 0 1 1 0.7 0 1 1 0.9 0 1 1
8 0.1 11 0.45454545454545453 0.0 0.4 2 1.0 0.0 0.5 2 1.0 0.0 0.6 1 1.0 0.0 0.7 0 1 1 0.9 0 1 1
8 0.1 11 0.5454545454545454 0.0 0.4 3 0.6666666666666666 0.0 0.5 2 1.0 0.0 0.6 1 1.0 0.0 0.7 1 1.0 0.0 0.9 0 1 1
8 0.1 13 0.46153846153846156 0.0 0.4 5 0.6 0.0 0.5 4 0.75 0.0 0.6 2 0.5 0.0 0.7 0 1 1 0.9 0 1 1
8 0.1 9 0.4444444444444444 0.1111111111111111 0.4 4 0.75 0.25 0.5 2 1.0 0.0 0.6 0 1 1 0.7 0 1 1 0.9 0 1 1
8 0.1 12 0.4166666666666667 0.0 0.4 4 0.75 0.0 0.5 1 1.0 0.0 0.6 0 1 1 0.7 0 1 1 0.9 0 1 1
8 0.1 17 0.35294117647058826 0.0 0.4 4 1.0 0.0 0.5 3 1.0 0.0 0.6 2 1.0 0.0 0.7 1 1.0 0.0 0.9 0 1 1
8 0.1 10 0.5 0.0 0.4 4 1.0 0.0 0.5 2 1.0 0.0 0.6 1 1.0 0.0 0.7 0 1 1 0.9 0 1 1
8 0.1 13 0.38461538461538464 0.0 0.4 2 0.5 0.0 0.5 1 1.0 0.0 0.6 0 1 1 0.7 0 1 1 0.9 0 1 1
8 0.1 13 0.3076923076923077 0.0 0.4 4 0.5 0.0 0.5 2 0.5 0.0 0.6 1 1.0 0.0 0.7 1 1.0 0.0 0.9 0 1 1
8 0.1 10 0.5 0.1 0.4 3 0.6666666666666666 0.3333333333333333 0.5 2 0.5 0.0 0.6 1 0.0 0.0 0.7 0 1 1 0.9 0 1 1
8 0.1 11 0.36363636363636365 0.0 0.4 6 0.6666666666666666 0.0 0.5 4 1.0 0.0 0.6 4 1.0 0.0 0.7 0 1 1 0.9 0 1 1
8 0.1 16 0.3125 0.0 0.4 5 0.8 0.0 0.5 3 0.6666666666666666 0.0 0.6 2 0.5 0.0 0.7 0 1 1 0.9 0 1 1
8 0.1 12 0.5 0.0 0.4 4 0.75 0.0 0.5 3 1.0 0.0 0.6 1 1.0 0.0 0.7 0 1 1 0.9 0 1 1
8 0.1 9 0.5555555555555556 0.0 0.4 4 0.75 0.0 0.5 4 0.75 0.0 0.6 4 0.75 0.0 0.7 1 1.0 0.0 0.9 0 1 1
8 0.1 13 0.46153846153846156 0.0 0.4 5 0.8 0.0 0.5 3 1.0 0.0 0.6 3 1.0 0.0 0.7 2 1.0 0.0 0.9 0 1 1
8 0.1 15 0.3333333333333333 0.0 0.4 7 0.42857142857142855 0.0 0.5 4 0.75 0.0 0.6 3 1.0 0.0 0.7 3 1.0 0.0 0.9 0 1 1
8 0.1 11 0.36363636363636365 0.0 0.4 4 0.75 0.0 0.5 4 0.75 0.0 0.6 4 0.75 0.0 0.7 1 1.0 0.0 0.9 0 1 1
8 0.1 10 0.4 0.0 0.4 2 1.0 0.0 0.5 2 1.0 0.0 0.6 2 1.0 0.0 0.7 0 1 1 0.9 0 1 1
8 0.1 10 0.4 0.0 0.4 1 1.0 0.0 0.5 0 1 1 0.6 0 1 1 0.7 0 1 1 0.9 0 1 1
8 0.1 8 0.5 0.0 0.4 3 0.6666666666666666 0.0 0.5 1 1.0 0.0 0.6 1 1.0 0.0 0.7 1 1.0 0.0 0.9 0 1 1
8 0.1 13 0.38461538461538464 0.0 0.4 4 0.75 0.0 0.5 3 1.0 0.0 0.6 2 1.0 0.0 0.7 2 1.0 0.0 0.9 0 1 1
8 0.1 7 0.42857142857142855 0.0 0.4 2 1.0 0.0 0.5 0 1 1 0.6 0 1 1 0.7 0 1 1 0.9 0 1 1
8 0.1 9 0.5555555555555556 0.0 0.4 4 0.75 0.0 0.5 3 0.6666666666666666 0.0 0.6 3 0.6666666666666666 0.0 0.7 1 1.0 0.0 0.9 0 1 1
8 0.1 4 0.75 0.0 0.4 2 1.0 0.0 0.5 0 1 1 0.6 0 1 1 0.7 0 1 1 0.9 0 1 1
8 0.1 11 0.5454545454545454 0.0 0.4 5 0.8 0.0 0.5 5 0.8 0.0 0.6 4 0.75 0.0 0.7 2 1.0 0.0 0.9 0 1 1
8 0.1 13 0.46153846153846156 0.0 0.4 4 0.5 0.0 0.5 3 0.6666666666666666 0.0 0.6 2 0.5 0.0 0.7 1 1.0 0.0 0.9 0 1 1
8 0.1 12 0.4166666666666667 0.08333333333333333 0.4 6 0.6666666666666666 0.16666666666666666 0.5 5 0.8 0.2 0.6 4 1.0 0.25 0.7 3 1.0 0.3333333333333333 0.9 0 1 1
8 0.1 10 0.4 0.0 0.4 5 0.6 0.0 0.5 2 0.5 0.0 0.6 1 1.0 0.0 0.7 0 1 1 0.9 0 1 1
8 0.1 17 0.35294117647058826 0.0 0.4 7 0.42857142857142855 0.0 0.5 7 0.42857142857142855 0.0 0.6 5 0.6 0.0 0.7 2 0.5 0.0 0.9 0 1 1
8 0.1 12 0.5 0.0 0.4 5 0.8 0.0 0.5 2 1.0 0.0 0.6 2 1.0 0.0 0.7 2 1.0 0.0 0.9 0 1 1
8 0.1 8 0.5 0.0 0.4 2 1.0 0.0 0.5 2 1.0 0.0 0.6 2 1.0 0.0 0.7 2 1.0 0.0 0.9 0 1 1
8 0.1 16 0.25 0.0 0.4 6 0.5 0.0 0.5 5 0.6 0.0 0.6 3 1.0 0.0 0.7 2 1.0 0.0 0.9 0 1 1
8 0.1 11 0.45454545454545453 0.0 0.4 8 0.625 0.0 0.5 5 0.6 0.0 0.6 4 0.75 0.0 0.7 3 0.6666666666666666 0.0 0.9 0 1 1
8 0.1 13 0.46153846153846156 0.0 0.4 5 0.6 0.0 0.5 3 1.0 0.0 0.6 3 1.0 0.0 0.7 2 1.0 0.0 0.9 0 1 1
8 0.1 7 0.42857142857142855 0.0 0.4 3 0.6666666666666666 0.0 0.5 3 0.6666666666666666 0.0 0.6 2 1.0 0.0 0.7 2 1.0 0.0 0.9 0 1 1
8 0.1 8 0.5 0.0 0.4 2 1.0 0.0 0.5 1 1.0 0.0 0.6 1 1.0 0.0 0.7 1 1.0 0.0 0.9 0 1 1
8 0.1 36 0.16666666666666666 0.027777777777777776 0.4 14 0.21428571428571427 0.07142857142857142 0.5 9 0.2222222222222222 0.0 0.6 4 0.25 0.0 0.7 2 0.5 0.0 0.9 0 1 1
8 0.1 11 0.2727272727272727 0.0 0.4 6 0.5 0.0 0.5 5 0.6 0.0 0.6 3 1.0 0.0 0.7 3 1.0 0.0 0.9 0 1 1
8 0.1 8 0.5 0.0 0.4 6 0.6666666666666666 0.0 0.5 6 0.6666666666666666 0.0 0.6 3 1.0 0.0 0.7 1 1.0 0.0 0.9 0 1 1
8 0.1 8 0.5 0.0 0.4 4 0.5 0.0 0.5 3 0.6666666666666666 0.0 0.6 3 0.6666666666666666 0.0 0.7 2 1.0 0.0 0.9 0 1 1
8 0.1 11 0.45454545454545453 0.0 0.4 8 0.5 0.0 0.5 5 0.6 0.0 0.6 5 0.6 0.0 0.7 4 0.75 0.0 0.9 0 1 1
8 0.1 10 0.3 0.0 0.4 5 0.6 0.0 0.5 3 1.0 0.0 0.6 3 1.0 0.0 0.7 2 1.0 0.0 0.9 0 1 1
8 0.1 12 0.4166666666666667 0.0 0.4 5 0.6 0.0 0.5 5 0.6 0.0 0.6 4 0.75 0.0 0.7 2 1.0 0.0 0.9 0 1 1
8 0.1 10 0.4 0.1 0.4 5 0.6 0.2 0.5 5 0.6 0.2 0.6 3 1.0 0.3333333333333333 0.7 2 1.0 0.0 0.9 0 1 1
8 0.1 13 0.38461538461538464 0.0 0.4 8 0.375 0.0 0.5 6 0.5 0.0 0.6 4 0.5 0.0 0.7 2 1.0 0.0 0.9 0 1 1
8 0.1 12 0.4166666666666667 0.0 0.4 6 0.5 0.0 0.5 6 0.5 0.0 0.6 4 0.75 0.0 0.7 2 1.0 0.0 0.9 0 1 1
8 0.1 10 0.3 0.0 0.4 3 0.6666666666666666 0.0 0.5 2 1.0 0.0 0.6 2 1.0 0.0 0.7 1 1.0 0.0 0.9 0 1 1
8 0.1 11 0.5454545454545454 0.0 0.4 7 0.5714285714285714 0.0 0.5 6 0.6666666666666666 0.0 0.6 3 1.0 0.0 0.7 2 1.0 0.0 0.9 0 1 1
8 0.1 8 0.5 0.125 0.4 3 1.0 0.3333333333333333 0.5 3 1.0 0.3333333333333333 0.6 3 1.0 0.3333333333333333 0.7 3 1.0 0.3333333333333333 0.9 0 1 1
8 0.1 7 0.7142857142857143 0.14285714285714285 0.4 4 0.75 0.25 0.5 4 0.75 0.25 0.6 4 0.75 0.25 0.7 3 1.0 0.3333333333333333 0.9 0 1 1
8 0.1 7 0.7142857142857143 0.0 0.4 5 0.8 0.0 0.5 4 0.75 0.0 0.6 4 0.75 0.0 0.7 3 0.6666666666666666 0.0 0.9 0 1 1
8 0.1 12 0.3333333333333333 0.0 0.4 7 0.5714285714285714 0.0 0.5 5 0.8 0.0 0.6 5 0.8 0.0 0.7 5 0.8 0.0 0.9 0 1 1
8 0.1 11 0.45454545454545453 0.18181818181818182 0.4 6 0.6666666666666666 0.3333333333333333 0.5 6 0.6666666666666666 0.3333333333333333 0.6 5 0.6 0.2 0.7 4 0.75 0.25 0.9 0 1 1
8 0.1 11 0.45454545454545453 0.18181818181818182 0.4 6 0.5 0.16666666666666666 0.5 6 0.5 0.16666666666666666 0.6 6 0.5 0.16666666666666666 0.7 5 0.6 0.2 0.9 0 1 1
8 0.1 12 0.4166666666666667 0.0 0.4 8 0.5 0.0 0.5 6 0.5 0.0 0.6 4 0.75 0.0 0.7 4 0.75 0.0 0.9 0 1 1
8 0.1 11 0.5454545454545454 0.0 0.4 7 0.7142857142857143 0.0 0.5 6 0.6666666666666666 0.0 0.6 4 0.5 0.0 0.7 4 0.5 0.0 0.9 0 1 1
8 0.1 8 0.625 0.0 0.4 6 0.6666666666666666 0.0 0.5 5 0.8 0.0 0.6 4 1.0 0.0 0.7 2 1.0 0.0 0.9 0 1 1
8 0.1 8 0.625 0.0 0.4 5 0.8 0.0 0.5 3 1.0 0.0 0.6 3 1.0 0.0 0.7 2 1.0 0.0 0.9 0 1 1
8 0.1 16 0.25 0.0 0.4 6 0.6666666666666666 0.0 0.5 5 0.8 0.0 0.6 2 0.5 0.0 0.7 1 1.0 0.0 0.9 0 1 1
8 0.1 10 0.4 0.0 0.4 7 0.42857142857142855 0.0 0.5 6 0.5 0.0 0.6 3 1.0 0.0 0.7 2 1.0 0.0 0.9 0 1 1
8 0.1 10 0.4 0.0 0.4 3 1.0 0.0 0.5 3 1.0 0.0 0.6 3 1.0 0.0 0.7 3 1.0 0.0 0.9 0 1 1
8 0.1 8 0.375 0.0 0.4 4 0.75 0.0 0.5 4 0.75 0.0 0.6 3 0.6666666666666666 0.0 0.7 3 0.6666666666666666 0.0 0.9 0 1 1
8 0.1 7 0.5714285714285714 0.0 0.4 4 0.75 0.0 0.5 4 0.75 0.0 0.6 3 0.6666666666666666 0.0 0.7 3 0.6666666666666666 0.0 0.9 0 1 1
8 0.1 7 0.5714285714285714 0.0 0.4 5 0.8 0.0 0.5 5 0.8 0.0 0.6 3 0.6666666666666666 0.0 0.7 2 1.0 0.0 0.9 0 1 1
8 0.1 6 0.3333333333333333 0.0 0.4 1 1.0 0.0 0.5 1 1.0 0.0 0.6 1 1.0 0.0 0.7 1 1.0 0.0 0.9 0 1 1
8 0.1 9 0.4444444444444444 0.0 0.4 6 0.6666666666666666 0.0 0.5 3 0.6666666666666666 0.0 0.6 2 1.0 0.0 0.7 2 1.0 0.0 0.9 0 1 1
8 0.1 10 0.4 0.1 0.4 5 0.6 0.2 0.5 4 0.5 0.25 0.6 3 0.6666666666666666 0.3333333333333333 0.7 2 1.0 0.5 0.9 0 1 1
8 0.1 11 0.36363636363636365 0.0 0.4 6 0.5 0.0 0.5 4 0.75 0.0 0.6 4 0.75 0.0 0.7 3 0.6666666666666666 0.0 0.9 0 1 1
8 0.1 9 0.4444444444444444 0.0 0.4 5 0.4 0.0 0.5 4 0.5 0.0 0.6 3 0.6666666666666666 0.0 0.7 2 1.0 0.0 0.9 0 1 1
8 0.1 8 0.5 0.125 0.4 4 0.75 0.25 0.5 4 0.75 0.25 0.6 3 0.6666666666666666 0.3333333333333333 0.7 2 1.0 0.5 0.9 0 1 1
8 0.1 5 0.8 0.0 0.4 4 1.0 0.0 0.5 4 1.0 0.0 0.6 3 1.0 0.0 0.7 2 1.0 0.0 0.9 0 1 1
8 0.1 8 0.5 0.0 0.4 3 1.0 0.0 0.5 3 1.0 0.0 0.6 3 1.0 0.0 0.7 2 1.0 0.0 0.9 0 1 1
8 0.1 9 0.4444444444444444 0.0 0.4 4 0.75 0.0 0.5 3 0.6666666666666666 0.0 0.6 3 0.6666666666666666 0.0 0.7 3 0.6666666666666666 0.0 0.9 0 1 1
8 0.1 13 0.46153846153846156 0.0 0.4 6 0.6666666666666666 0.0 0.5 5 0.6 0.0 0.6 3 0.6666666666666666 0.0 0.7 3 0.6666666666666666 0.0 0.9 0 1 1
8 0.1 10 0.6 0.0 0.4 7 0.7142857142857143 0.0 0.5 7 0.7142857142857143 0.0 0.6 4 1.0 0.0 0.7 4 1.0 0.0 0.9 0 1 1
8 0.1 13 0.46153846153846156 0.07692307692307693 0.4 6 0.6666666666666666 0.16666666666666666 0.5 4 0.75 0.25 0.6 3 1.0 0.3333333333333333 0.7 3 1.0 0.3333333333333333 0.9 0 1 1
8 0.1 9 0.5555555555555556 0.0 0.4 5 0.8 0.0 0.5 4 1.0 0.0 0.6 2 1.0 0.0 0.7 2 1.0 0.0 0.9 0 1 1
8 0.1 10 0.4 0.0 0.4 3 1.0 0.0 0.5 3 1.0 0.0 0.6 3 1.0 0.0 0.7 2 1.0 0.0 0.9 0 1 1
8 0.1 6 0.5 0.0 0.4 4 0.75 0.0 0.5 4 0.75 0.0 0.6 4 0.75 0.0 0.7 3 1.0 0.0 0.9 0 1 1
8 0.1 8 0.75 0.125 0.4 4 1.0 0.25 0.5 3 1.0 0.3333333333333333 0.6 3 1.0 0.3333333333333333 0.7 3 1.0 0.3333333333333333 0.9 0 1 1
8 0.1 9 0.6666666666666666 0.0 0.4 7 0.7142857142857143 0.0 0.5 6 0.6666666666666666 0.0 0.6 6 0.6666666666666666 0.0 0.7 5 0.6 0.0 0.9 0 1 1
8 0.1 7 0.7142857142857143 0.0 0.4 6 0.6666666666666666 0.0 0.5 6 0.6666666666666666 0.0 0.6 6 0.6666666666666666 0.0 0.7 5 0.8 0.0 0.9 0 1 1
8 0.1 10 0.6 0.0 0.4 6 0.8333333333333334 0.0 0.5 5 0.8 0.0 0.6 5 0.8 0.0 0.7 4 1.0 0.0 0.9 0 1 1
8 0.1 11 0.5454545454545454 0.0 0.4 6 0.8333333333333334 0.0 0.5 6 0.8333333333333334 0.0 0.6 4 0.75 0.0 0.7 4 0.75 0.0 0.9 0 1 1
8 0.1 7 0.7142857142857143 0.0 0.4 5 0.8 0.0 0.5 5 0.8 0.0 0.6 3 1.0 0.0 0.7 3 1.0 0.0 0.9 0 1 1
8 0.1 8 0.625 0.125 0.4 6 0.8333333333333334 0.16666666666666666 0.5 6 0.8333333333333334 0.16666666666666666 0.6 5 0.8 0.2 0.7 3 1.0 0.3333333333333333 0.9 0 1 1
8 0.1 9 0.6666666666666666 0.0 0.4 5 0.6 0.0 0.5 4 0.5 0.0 0.6 3 0.6666666666666666 0.0 0.7 3 0.6666666666666666 0.0 0.9 0 1 1
8 0.1 8 0.625 0.0 0.4 5 0.8 0.0 0.5 5 0.8 0.0 0.6 4 0.75 0.0 0.7 4 0.75 0.0 0.9 0 1 1
8 0.1 13 0.3076923076923077 0.0 0.4 7 0.5714285714285714 0.0 0.5 6 0.6666666666666666 0.0 0.6 5 0.8 0.0 0.7 4 1.0 0.0 0.9 0 1 1
8 0.1 9 0.4444444444444444 0.0 0.4 4 0.75 0.0 0.5 4 0.75 0.0 0.6 4 0.75 0.0 0.7 4 0.75 0.0 0.9 0 1 1
8 0.1 11 0.5454545454545454 0.0 0.4 8 0.625 0.0 0.5 6 0.5 0.0 0.6 5 0.4 0.0 0.7 4 0.5 0.0 0.9 0 1 1
8 0.1 12 0.5 0.0 0.4 7 0.7142857142857143 0.0 0.5 6 0.6666666666666666 0.0 0.6 4 0.75 0.0 0.7 1 1.0 0.0 0.9 0 1 1
8 0.1 14 0.42857142857142855 0.0 0.4 9 0.5555555555555556 0.0 0.5 9 0.5555555555555556 0.0 0.6 5 0.6 0.0 0.7 5 0.6 0.0 0.9 0 1 1
8 0.1 13 0.38461538461538464 0.0 0.4 9 0.5555555555555556 0.0 0.5 6 0.6666666666666666 0.0 0.6 5 0.6 0.0 0.7 5 0.6 0.0 0.9 0 1 1
8 0.1 13 0.46153846153846156 0.0 0.4 8 0.625 0.0 0.5 6 0.6666666666666666 0.0 0.6 6 0.6666666666666666 0.0 0.7 3 0.6666666666666666 0.0 0.9 0 1 1
8 0.1 14 0.35714285714285715 0.0 0.4 6 0.6666666666666666 0.0 0.5 5 0.6 0.0 0.6 5 0.6 0.0 0.7 5 0.6 0.0 0.9 0 1 1
8 0.1 11 0.5454545454545454 0.09090909090909091 0.4 7 0.5714285714285714 0.14285714285714285 0.5 6 0.5 0.16666666666666666 0.6 5 0.6 0.2 0.7 5 0.6 0.2 0.9 0 1 1
8 0.1 12 0.3333333333333333 0.08333333333333333 0.4 9 0.4444444444444444 0.1111111111111111 0.5 6 0.6666666666666666 0.16666666666666666 0.6 6 0.6666666666666666 0.16666666666666666 0.7 5 0.8 0.2 0.9 0 1 1
8 0.1 10 0.5 0.0 0.4 6 0.6666666666666666 0.0 0.5 6 0.6666666666666666 0.0 0.6 6 0.6666666666666666 0.0 0.7 4 0.75 0.0 0.9 0 1 1
8 0.1 13 0.46153846153846156 0.0 0.4 7 0.5714285714285714 0.0 0.5 6 0.5 0.0 0.6 6 0.5 0.0 0.7 5 0.6 0.0 0.9 0 1 1
8 0.1 12 0.4166666666666667 0.08333333333333333 0.4 5 0.6 0.0 0.5 5 0.6 0.0 0.6 5 0.6 0.0 0.7 4 0.75 0.0 0.9 0 1 1
8 0.1 10 0.3 0.0 0.4 7 0.42857142857142855 0.0 0.5 6 0.5 0.0 0.6 5 0.6 0.0 0.7 4 0.75 0.0 0.9 0 1 1
8 0.1 9 0.4444444444444444 0.0 0.4 7 0.42857142857142855 0.0 0.5 6 0.5 0.0 0.6 6 0.5 0.0 0.7 5 0.6 0.0 0.9 0 1 1
8 0.1 10 0.4 0.0 0.4 6 0.5 0.0 0.5 5 0.6 0.0 0.6 5 0.6 0.0 0.7 4 0.75 0.0 0.9 0 1 1
8 0.1 9 0.4444444444444444 0.0 0.4 4 0.75 0.0 0.5 4 0.75 0.0 0.6 3 1.0 0.0 0.7 3 1.0 0.0 0.9 0 1 1
8 0.1 12 0.3333333333333333 0.0 0.4 6 0.6666666666666666 0.0 0.5 4 0.75 0.0 0.6 3 1.0 0.0 0.7 3 1.0 0.0 0.9 0 1 1
8 0.1 6 0.5 0.16666666666666666 0.4 5 0.6 0.2 0.5 5 0.6 0.2 0.6 4 0.75 0.25 0.7 3 1.0 0.3333333333333333 0.9 0 1 1
8 0.1 8 0.625 0.0 0.4 7 0.5714285714285714 0.0 0.5 5 0.6 0.0 0.6 5 0.6 0.0 0.7 3 0.6666666666666666 0.0 0.9 0 1 1
8 0.1 9 0.5555555555555556 0.0 0.4 6 0.6666666666666666 0.0 0.5 5 0.8 0.0 0.6 4 0.75 0.0 0.7 3 0.6666666666666666 0.0 0.9 0 1 1
8 0.1 8 0.625 0.125 0.4 5 1.0 0.2 0.5 5 1.0 0.2 0.6 4 1.0 0.25 0.7 3 1.0 0.3333333333333333 0.9 0 1 1
8 0.1 8 0.5 0.0 0.4 4 1.0 0.0 0.5 4 1.0 0.0 0.6 4 1.0 0.0 0.7 4 1.0 0.0 0.9 0 1 1
8 0.1 10 0.4 0.0 0.4 5 0.6 0.0 0.5 4 0.75 0.0 0.6 4 0.75 0.0 0.7 4 0.75 0.0 0.9 0 1 1
8 0.1 10 0.4 0.0 0.4 6 0.6666666666666666 0.0 0.5 5 0.8 0.0 0.6 5 0.8 0.0 0.7 4 1.0 0.0 0.9 0 1 1
8 0.1 9 0.5555555555555556 0.0 0.4 4 1.0 0.0 0.5 3 1.0 0.0 0.6 3 1.0 0.0 0.7 3 1.0 0.0 0.9 0 1 1
8 0.1 9 0.4444444444444444 0.1111111111111111 0.4 6 0.5 0.16666666666666666 0.5 5 0.6 0.2 0.6 4 0.75 0.25 0.7 4 0.75 0.25 0.9 0 1 1
8 0.1 7 0.42857142857142855 0.0 0.4 5 0.6 0.0 0.5 5 0.6 0.0 0.6 5 0.6 0.0 0.7 5 0.6 0.0 0.9 0 1 1
8 0.1 11 0.45454545454545453 0.0 0.4 5 0.6 0.0 0.5 5 0.6 0.0 0.6 5 0.6 0.0 0.7 5 0.6 0.0 0.9 0 1 1
8 0.1 6 0.5 0.3333333333333333 0.4 5 0.6 0.4 0.5 5 0.6 0.4 0.6 4 0.75 0.5 0.7 4 0.75 0.5 0.9 0 1 1
8 0.1 8 0.5 0.0 0.4 5 0.8 0.0 0.5 5 0.8 0.0 0.6 5 0.8 0.0 0.7 4 0.75 0.0 0.9 0 1 1
8 0.1 8 0.5 0.25 0.4 5 0.6 0.2 0.5 5 0.6 0.2 0.6 5 0.6 0.2 0.7 4 0.75 0.25 0.9 0 1 1
8 0.1 7 0.7142857142857143 0.2857142857142857 0.4 4 0.75 0.5 0.5 4 0.75 0.5 0.6 4 0.75 0.5 0.7 3 1.0 0.6666666666666666 0.9 0 1 1
8 0.1 8 0.5 0.0 0.4 5 0.6 0.0 0.5 5 0.6 0.0 0.6 5 0.6 0.0 0.7 4 0.75 0.0 0.9 0 1 1
8 0.1 7 0.5714285714285714 0.0 0.4 4 0.75 0.0 0.5 4 0.75 0.0 0.6 3 1.0 0.0 0.7 3 1.0 0.0 0.9 0 1 1
8 0.1 7 0.5714285714285714 0.14285714285714285 0.4 4 1.0 0.25 0.5 4 1.0 0.25 0.6 3 1.0 0.3333333333333333 0.7 3 1.0 0.3333333333333333 0.9 0 1 1
8 0.1 6 0.6666666666666666 0.0 0.4 4 0.75 0.0 0.5 4 0.75 0.0 0.6 3 1.0 0.0 0.7 3 1.0 0.0 0.9 0 1 1
8 0.1 9 0.5555555555555556 0.0 0.4 6 0.6666666666666666 0.0 0.5 3 1.0 0.0 0.6 3 1.0 0.0 0.7 3 1.0 0.0 0.9 0 1 1
8 0.1 8 0.75 0.125 0.4 4 1.0 0.25 0.5 4 1.0 0.25 0.6 4 1.0 0.25 0.7 3 1.0 0.3333333333333333 0.9 0 1 1
8 0.1 6 0.6666666666666666 0.0 0.4 4 0.75 0.0 0.5 4 0.75 0.0 0.6 4 0.75 0.0 0.7 3 1.0 0.0 0.9 0 1 1
8 0.1 7 0.5714285714285714 0.0 0.4 4 1.0 0.0 0.5 4 1.0 0.0 0.6 4 1.0 0.0 0.7 4 1.0 0.0 0.9 0 1 1
8 0.1 10 0.6 0.1 0.4 5 0.8 0.2 0.5 4 0.75 0.25 0.6 4 0.75 0.25 0.7 3 1.0 0.3333333333333333 0.9 0 1 1
8 0.1 12 0.5 0.0 0.4 5 0.8 0.0 0.5 4 0.75 0.0 0.6 4 0.75 0.0 0.7 3 1.0 0.0 0.9 0 1 1
8 0.1 9 0.5555555555555556 0.2222222222222222 0.4 4 0.75 0.5 0.5 3 1.0 0.6666666666666666 0.6 3 1.0 0.6666666666666666 0.7 3 1.0 0.6666666666666666 0.9 0 1 1
8 0.1 10 0.5 0.0 0.4 8 0.5 0.0 0.5 7 0.5714285714285714 0.0 0.6 7 0.5714285714285714 0.0 0.7 5 0.6 0.0 0.9 0 1 1
8 0.1 9 0.5555555555555556 0.0 0.4 6 0.6666666666666666 0.0 0.5 4 1.0 0.0 0.6 4 1.0 0.0 0.7 3 1.0 0.0 0.9 0 1 1
8 0.1 9 0.4444444444444444 0.1111111111111111 0.4 5 0.8 0.2 0.5 5 0.8 0.2 0.6 4 1.0 0.25 0.7 3 1.0 0.3333333333333333 0.9 0 1 1
8 0.1 10 0.5 0.2 0.4 4 1.0 0.25 0.5 3 1.0 0.3333333333333333 0.6 3 1.0 0.3333333333333333 0.7 3 1.0 0.3333333333333333 0.9 0 1 1
8 0.1 9 0.4444444444444444 0.0 0.4 2 1.0 0.0 0.5 2 1.0 0.0 0.6 2 1.0 0.0 0.7 2 1.0 0.0 0.9 0 1 1
8 0.1 7 0.7142857142857143 0.0 0.4 3 1.0 0.0 0.5 3 1.0 0.0 0.6 3 1.0 0.0 0.7 3 1.0 0.0 0.9 0 1 1
8 0.1 7 0.5714285714285714 0.0 0.4 5 0.8 0.0 0.5 5 0.8 0.0 0.6 4 1.0 0.0 0.7 4 1.0 0.0 0.9 0 1 1
8 0.1 9 0.5555555555555556 0.0 0.4 5 0.8 0.0 0.5 3 1.0 0.0 0.6 3 1.0 0.0 0.7 3 1.0 0.0 0.9 0 1 1
8 0.1 10 0.5 0.0 0.4 6 0.8333333333333334 0.0 0.5 5 1.0 0.0 0.6 5 1.0 0.0 0.7 5 1.0 0.0 0.9 0 1 1
8 0.1 10 0.5 0.0 0.4 7 0.7142857142857143 0.0 0.5 6 0.8333333333333334 0.0 0.6 6 0.8333333333333334 0.0 0.7 4 0.75 0.0 0.9 0 1 1
8 0.1 9 0.5555555555555556 0.1111111111111111 0.4 7 0.5714285714285714 0.14285714285714285 0.5 4 1.0 0.25 0.6 3 1.0 0.3333333333333333 0.7 3 1.0 0.3333333333333333 0.9 0 1 1
8 0.1 9 0.5555555555555556 0.2222222222222222 0.4 3 1.0 0.6666666666666666 0.5 2 1.0 1.0 0.6 2 1.0 1.0 0.7 2 1.0 1.0 0.9 0 1 1
8 0.1 10 0.6 0.0 0.4 6 0.6666666666666666 0.0 0.5 6 0.6666666666666666 0.0 0.6 5 0.8 0.0 0.7 2 1.0 0.0 0.9 0 1 1
8 0.1 10 0.6 0.0 0.4 7 0.7142857142857143 0.0 0.5 7 0.7142857142857143 0.0 0.6 6 0.6666666666666666 0.0 0.7 4 0.75 0.0 0.9 0 1 1
8 0.1 11 0.5454545454545454 0.0 0.4 8 0.625 0.0 0.5 6 0.6666666666666666 0.0 0.6 4 0.75 0.0 0.7 4 0.75 0.0 0.9 0 1 1
8 0.1 11 0.45454545454545453 0.0 0.4 7 0.7142857142857143 0.0 0.5 6 0.8333333333333334 0.0 0.6 5 0.8 0.0 0.7 3 1.0 0.0 0.9 0 1 1
8 0.1 12 0.4166666666666667 0.08333333333333333 0.4 7 0.7142857142857143 0.14285714285714285 0.5 6 0.8333333333333334 0.16666666666666666 0.6 5 1.0 0.2 0.7 5 1.0 0.2 0.9 0 1 1
8 0.1 12 0.5 0.0 0.4 6 0.8333333333333334 0.0 0.5 6 0.8333333333333334 0.0 0.6 5 0.8 0.0 0.7 5 0.8 0.0 0.9 0 1 1
8 0.1 6 0.6666666666666666 0.0 0.4 3 1.0 0.0 0.5 3 1.0 0.0 0.6 3 1.0 0.0 0.7 3 1.0 0.0 0.9 0 1 1
8 0.1 9 0.5555555555555556 0.0 0.4 4 0.75 0.0 0.5 4 0.75 0.0 0.6 3 1.0 0.0 0.7 3 1.0 0.0 0.9 0 1 1
8 0.1 10 0.6 0.0 0.4 4 1.0 0.0 0.5 3 1.0 0.0 0.6 3 1.0 0.0 0.7 2 1.0 0.0 0.9 0 1 1
8 0.1 11 0.5454545454545454 0.0 0.4 7 0.7142857142857143 0.0 0.5 6 0.6666666666666666 0.0 0.6 4 0.75 0.0 0.7 3 0.6666666666666666 0.0 0.9 0 1 1
8 0.1 12 0.4166666666666667 0.0 0.4 6 0.6666666666666666 0.0 0.5 6 0.6666666666666666 0.0 0.6 5 0.6 0.0 0.7 3 0.6666666666666666 0.0 0.9 0 1 1
8 0.1 12 0.5 0.08333333333333333 0.4 6 0.8333333333333334 0.16666666666666666 0.5 6 0.8333333333333334 0.16666666666666666 0.6 5 0.8 0.2 0.7 4 0.75 0.25 0.9 1 1.0 0.0
8 0.1 11 0.45454545454545453 0.0 0.4 5 0.8 0.0 0.5 5 0.8 0.0 0.6 4 0.75 0.0 0.7 4 0.75 0.0 0.9 0 1 1
8 0.1 12 0.5 0.0 0.4 6 0.6666666666666666 0.0 0.5 5 0.6 0.0 0.6 4 0.75 0.0 0.7 4 0.75 0.0 0.9 0 1 1
8 0.1 10 0.6 0.0 0.4 7 0.8571428571428571 0.0 0.5 5 0.8 0.0 0.6 5 0.8 0.0 0.7 4 0.75 0.0 0.9 0 1 1
8 0.1 10 0.5 0.0 0.4 6 0.6666666666666666 0.0 0.5 4 0.75 0.0 0.6 4 0.75 0.0 0.7 4 0.75 0.0 0.9 0 1 1
8 0.1 14 0.35714285714285715 0.07142857142857142 0.4 5 0.8 0.2 0.5 3 1.0 0.0 0.6 3 1.0 0.0 0.7 3 1.0 0.0 0.9 0 1 1
8 0.1 13 0.38461538461538464 0.0 0.4 6 0.6666666666666666 0.0 0.5 5 0.6 0.0 0.6 4 0.75 0.0 0.7 3 1.0 0.0 0.9 0 1 1
8 0.1 12 0.3333333333333333 0.0 0.4 5 0.6 0.0 0.5 5 0.6 0.0 0.6 4 0.75 0.0 0.7 3 1.0 0.0 0.9 0 1 1
8 0.1 9 0.4444444444444444 0.1111111111111111 0.4 3 1.0 0.0 0.5 3 1.0 0.0 0.6 3 1.0 0.0 0.7 3 1.0 0.0 0.9 0 1 1
8 0.1 9 0.6666666666666666 0.0 0.4 4 1.0 0.0 0.5 4 1.0 0.0 0.6 3 1.0 0.0 0.7 3 1.0 0.0 0.9 0 1 1
8 0.1 9 0.5555555555555556 0.0 0.4 4 1.0 0.0 0.5 3 1.0 0.0 0.6 2 1.0 0.0 0.7 2 1.0 0.0 0.9 0 1 1
8 0.1 12 0.4166666666666667 0.0 0.4 6 0.8333333333333334 0.0 0.5 6 0.8333333333333334 0.0 0.6 4 1.0 0.0 0.7 4 1.0 0.0 0.9 0 1 1
8 0.1 12 0.5 0.0 0.4 8 0.625 0.0 0.5 7 0.7142857142857143 0.0 0.6 7 0.7142857142857143 0.0 0.7 6 0.6666666666666666 0.0 0.9 0 1 1
8 0.1 12 0.4166666666666667 0.0 0.4 6 0.8333333333333334 0.0 0.5 5 0.8 0.0 0.6 4 0.75 0.0 0.7 4 0.75 0.0 0.9 0 1 1
8 0.1 8 0.625 0.0 0.4 5 0.8 0.0 0.5 5 0.8 0.0 0.6 2 1.0 0.0 0.7 2 1.0 0.0 0.9 0 1 1
8 0.1 5 0.8 0.0 0.4 3 1.0 0.0 0.5 3 1.0 0.0 0.6 3 1.0 0.0 0.7 2 1.0 0.0 0.9 0 1 1
8 0.1 10 0.5 0.1 0.4 5 0.8 0.2 0.5 5 0.8 0.2 0.6 4 0.75 0.25 0.7 4 0.75 0.25 0.9 0 1 1
8 0.1 9 0.4444444444444444 0.2222222222222222 0.4 4 0.75 0.5 0.5 3 1.0 0.6666666666666666 0.6 3 1.0 0.6666666666666666 0.7 3 1.0 0.6666666666666666 0.9 0 1 1
8 0.1 10 0.6 0.1 0.4 9 0.6666666666666666 0.1111111111111111 0.5 7 0.7142857142857143 0.14285714285714285 0.6 5 0.8 0.2 0.7 3 1.0 0.3333333333333333 0.9 0 1 1
8 0.1 12 0.4166666666666667 0.0 0.4 7 0.7142857142857143 0.0 0.5 5 0.8 0.0 0.6 4 0.75 0.0 0.7 3 1.0 0.0 0.9 0 1 1
8 0.1 10 0.5 0.0 0.4 6 0.6666666666666666 0.0 0.5 4 1.0 0.0 0.6 4 1.0 0.0 0.7 4 1.0 0.0 0.9 0 1 1
8 0.1 12 0.5 0.08333333333333333 0.4 7 0.5714285714285714 0.14285714285714285 0.5 7 0.5714285714285714 0.14285714285714285 0.6 7 0.5714285714285714 0.14285714285714285 0.7 5 0.8 0.2 0.9 0 1 1
8 0.1 10 0.5 0.0 0.4 6 0.5 0.0 0.5 4 0.5 0.0 0.6 2 1.0 0.0 0.7 2 1.0 0.0 0.9 0 1 1
8 0.1 9 0.5555555555555556 0.1111111111111111 0.4 5 0.8 0.2 0.5 5 0.8 0.2 0.6 5 0.8 0.2 0.7 3 1.0 0.3333333333333333 0.9 0 1 1
8 0.1 11 0.5454545454545454 0.0 0.4 5 1.0 0.0 0.5 5 1.0 0.0 0.6 3 1.0 0.0 0.7 3 1.0 0.0 0.9 1 1.0 0.0
8 0.1 10 0.5 0.1 0.4 6 0.8333333333333334 0.16666666666666666 0.5 5 1.0 0.2 0.6 4 1.0 0.25 0.7 3 1.0 0.3333333333333333 0.9 0 1 1
8 0.1 11 0.45454545454545453 0.0 0.4 6 0.6666666666666666 0.0 0.5 6 0.6666666666666666 0.0 0.6 5 0.8 0.0 0.7 4 1.0 0.0 0.9 0 1 1
8 0.1 12 0.5 0.08333333333333333 0.4 7 0.7142857142857143 0.14285714285714285 0.5 6 0.6666666666666666 0.16666666666666666 0.6 5 0.8 0.2 0.7 4 1.0 0.25 0.9 0 1 1
8 0.1 10 0.5 0.1 0.4 6 0.8333333333333334 0.16666666666666666 0.5 5 0.8 0.2 0.6 5 0.8 0.2 0.7 5 0.8 0.2 0.9 0 1 1
8 0.1 11 0.45454545454545453 0.18181818181818182 0.4 5 0.8 0.4 0.5 4 0.75 0.25 0.6 3 1.0 0.3333333333333333 0.7 3 1.0 0.3333333333333333 0.9 0 1 1
8 0.1 7 0.7142857142857143 0.0 0.4 3 1.0 0.0 0.5 3 1.0 0.0 0.6 3 1.0 0.0 0.7 3 1.0 0.0 0.9 0 1 1
8 0.1 6 0.5 0.0 0.4 3 1.0 0.0 0.5 3 1.0 0.0 0.6 3 1.0 0.0 0.7 3 1.0 0.0 0.9 0 1 1
8 0.1 7 0.5714285714285714 0.0 0.4 3 1.0 0.0 0.5 3 1.0 0.0 0.6 3 1.0 0.0 0.7 3 1.0 0.0 0.9 0 1 1
8 0.1 8 0.625 0.0 0.4 3 1.0 0.0 0.5 3 1.0 0.0 0.6 3 1.0 0.0 0.7 3 1.0 0.0 0.9 0 1 1
8 0.1 5 0.6 0.0 0.4 4 0.75 0.0 0.5 3 1.0 0.0 0.6 3 1.0 0.0 0.7 3 1.0 0.0 0.9 0 1 1
8 0.1 8 0.75 0.0 0.4 5 0.8 0.0 0.5 3 1.0 0.0 0.6 3 1.0 0.0 0.7 3 1.0 0.0 0.9 0 1 1
8 0.1 8 0.625 0.125 0.4 3 1.0 0.3333333333333333 0.5 3 1.0 0.3333333333333333 0.6 3 1.0 0.3333333333333333 0.7 2 1.0 0.5 0.9 0 1 1
