1 0.1 0 1 1 0.4 0 1 1 0.5 0 1 1 0.6 0 1 1 0.7 0 1 1 0.9 0 1 1
1 0.1 0 1 1 0.4 0 1 1 0.5 0 1 1 0.6 0 1 1 0.7 0 1 1 0.9 0 1 1
1 0.1 0 1 1 0.4 0 1 1 0.5 0 1 1 0.6 0 1 1 0.7 0 1 1 0.9 0 1 1
1 0.1 6 0.0 0.0 0.4 0 1 1 0.5 0 1 1 0.6 0 1 1 0.7 0 1 1 0.9 0 1 1
1 0.1 14 0.0 0.0 0.4 0 1 1 0.5 0 1 1 0.6 0 1 1 0.7 0 1 1 0.9 0 1 1
1 0.1 28 0.03571428571428571 0.0 0.4 2 0.0 0.0 0.5 1 0.0 0.0 0.6 0 1 1 0.7 0 1 1 0.9 0 1 1
1 0.1 28 0.03571428571428571 0.0 0.4 2 0.5 0.0 0.5 0 1 1 0.6 0 1 1 0.7 0 1 1 0.9 0 1 1
1 0.1 117 0.008547008547008548 0.0 0.4 4 0.0 0.0 0.5 2 0.0 0.0 0.6 1 0.0 0.0 0.7 0 1 1 0.9 0 1 1
1 0.1 78 0.01282051282051282 0.0 0.4 8 0.125 0.0 0.5 1 0.0 0.0 0.6 0 1 1 0.7 0 1 1 0.9 0 1 1
1 0.1 55 0.01818181818181818 0.0 0.4 1 0.0 0.0 0.5 0 1 1 0.6 0 1 1 0.7 0 1 1 0.9 0 1 1
1 0.1 21 0.047619047619047616 0.0 0.4 0 1 1 0.5 0 1 1 0.6 0 1 1 0.7 0 1 1 0.9 0 1 1
1 0.1 34 0.029411764705882353 0.0 0.4 0 1 1 0.5 0 1 1 0.6 0 1 1 0.7 0 1 1 0.9 0 1 1
1 0.1 24 0.041666666666666664 0.0 0.4 3 0.0 0.0 0.5 1 0.0 0.0 0.6 0 1 1 0.7 0 1 1 0.9 0 1 1
1 0.1 31 0.03225806451612903 0.0 0.4 7 0.14285714285714285 0.0 0.5 2 0.0 0.0 0.6 0 1 1 0.7 0 1 1 0.9 0 1 1
1 0.1 22 0.045454545454545456 0.0 0.4 0 1 1 0.5 0 1 1 0.6 0 1 1 0.7 0 1 1 0.9 0 1 1
1 0.1 18 0.05555555555555555 0.0 0.4 1 0.0 0.0 0.5 0 1 1 0.6 0 1 1 0.7 0 1 1 0.9 0 1 1
1 0.1 25 0.04 0.0 0.4 3 0.3333333333333333 0.0 0.5 3 0.3333333333333333 0.0 0.6 0 1 1 0.7 0 1 1 0.9 0 1 1
1 0.1 21 0.047619047619047616 0.0 0.4 1 0.0 0.0 0.5 0 1 1 0.6 0 1 1 0.7 0 1 1 0.9 0 1 1
1 0.1 12 0.08333333333333333 0.0 0.4 4 0.25 0.0 0.5 2 0.5 0.0 0.6 2 0.5 0.0 0.7 1 1.0 0.0 0.9 0 1 1
1 0.1 16 0.0625 0.0 0.4 3 0.3333333333333333 0.0 0.5 1 1.0 0.0 0.6 1 1.0 0.0 0.7 0 1 1 0.9 0 1 1
1 0.1 6 0.16666666666666666 0.0 0.4 2 0.5 0.0 0.5 1 0.0 0.0 0.6 0 1 1 0.7 0 1 1 0.9 0 1 1
1 0.1 11 0.09090909090909091 0.0 0.4 3 0.3333333333333333 0.0 0.5 1 1.0 0.0 0.6 1 1.0 0.0 0.7 0 1 1 0.9 0 1 1
1 0.1 7 0.14285714285714285 0.0 0.4 3 0.3333333333333333 0.0 0.5 2 0.5 0.0 0.6 1 1.0 0.0 0.7 1 1.0 0.0 0.9 0 1 1
1 0.1 15 0.06666666666666667 0.0 0.4 2 0.5 0.0 0.5 1 1.0 0.0 0.6 0 1 1 0.7 0 1 1 0.9 0 1 1
1 0.1 5 0.2 0.0 0.4 1 1.0 0.0 0.5 0 1 1 0.6 0 1 1 0.7 0 1 1 0.9 0 1 1
1 0.1 16 0.0625 0.0 0.4 4 0.25 0.0 0.5 2 0.5 0.0 0.6 0 1 1 0.7 0 1 1 0.9 0 1 1
1 0.1 10 0.1 0.0 0.4 3 0.3333333333333333 0.0 0.5 1 1.0 0.0 0.6 0 1 1 0.7 0 1 1 0.9 0 1 1
1 0.1 8 0.125 0.0 0.4 4 0.25 0.0 0.5 2 0.5 0.0 0.6 1 1.0 0.0 0.7 0 1 1 0.9 0 1 1
1 0.1 8 0.125 0.0 0.4 0 1 1 0.5 0 1 1 0.6 0 1 1 0.7 0 1 1 0.9 0 1 1
1 0.1 10 0.1 0.0 0.4 4 0.25 0.0 0.5 3 0.3333333333333333 0.0 0.6 3 0.3333333333333333 0.0 0.7 3 0.3333333333333333 0.0 0.9 1 1.0 0.0
1 0.1 7 0.14285714285714285 0.0 0.4 3 0.3333333333333333 0.0 0.5 2 0.5 0.0 0.6 2 0.5 0.0 0.7 0 1 1 0.9 0 1 1
1 0.1 7 0.14285714285714285 0.0 0.4 1 1.0 0.0 0.5 1 1.0 0.0 0.6 1 1.0 0.0 0.7 1 1.0 0.0 0.9 0 1 1
1 0.1 5 0.0 0.0 0.4 1 0.0 0.0 0.5 1 0.0 0.0 0.6 1 0.0 0.0 0.7 1 0.0 0.0 0.9 0 1 1
1 0.1 10 0.1 0.0 0.4 4 0.25 0.0 0.5 2 0.5 0.0 0.6 2 0.5 0.0 0.7 0 1 1 0.9 0 1 1
1 0.1 4 0.0 0.0 0.4 0 1 1 0.5 0 1 1 0.6 0 1 1 0.7 0 1 1 0.9 0 1 1
1 0.1 10 0.1 0.0 0.4 5 0.2 0.0 0.5 5 0.2 0.0 0.6 2 0.5 0.0 0.7 1 1.0 0.0 0.9 0 1 1
1 0.1 6 0.16666666666666666 0.0 0.4 0 1 1 0.5 0 1 1 0.6 0 1 1 0.7 0 1 1 0.9 0 1 1
1 0.1 1 0.0 0.0 0.4 0 1 1 0.5 0 1 1 0.6 0 1 1 0.7 0 1 1 0.9 0 1 1
1 0.1 17 0.0 0.0 0.4 5 0.0 0.0 0.5 3 0.0 0.0 0.6 0 1 1 0.7 0 1 1 0.9 0 1 1
1 0.1 1 0.0 0.0 0.4 0 1 1 0.5 0 1 1 0.6 0 1 1 0.7 0 1 1 0.9 0 1 1
1 0.1 4 0.25 0.0 0.4 0 1 1 0.5 0 1 1 0.6 0 1 1 0.7 0 1 1 0.9 0 1 1
1 0.1 12 0.0 0.0 0.4 1 0.0 0.0 0.5 1 0.0 0.0 0.6 0 1 1 0.7 0 1 1 0.9 0 1 1
1 0.1 1 0.0 0.0 0.4 0 1 1 0.5 0 1 1 0.6 0 1 1 0.7 0 1 1 0.9 0 1 1
1 0.1 2 0.0 0.0 0.4 0 1 1 0.5 0 1 1 0.6 0 1 1 0.7 0 1 1 0.9 0 1 1
1 0.1 0 1 1 0.4 0 1 1 0.5 0 1 1 0.6 0 1 1 0.7 0 1 1 0.9 0 1 1
1 0.1 2 0.0 0.0 0.4 0 1 1 0.5 0 1 1 0.6 0 1 1 0.7 0 1 1 0.9 0 1 1
1 0.1 0 1 1 0.4 0 1 1 0.5 0 1 1 0.6 0 1 1 0.7 0 1 1 0.9 0 1 1
1 0.1 0 1 1 0.4 0 1 1 0.5 0 1 1 0.6 0 1 1 0.7 0 1 1 0.9 0 1 1
1 0.1 0 1 1 0.4 0 1 1 0.5 0 1 1 0.6 0 1 1 0.7 0 1 1 0.9 0 1 1
1 0.1 0 1 1 0.4 0 1 1 0.5 0 1 1 0.6 0 1 1 0.7 0 1 1 0.9 0 1 1
1 0.1 0 1 1 0.4 0 1 1 0.5 0 1 1 0.6 0 1 1 0.7 0 1 1 0.9 0 1 1
1 0.1 4 0.0 0.0 0.4 0 1 1 0.5 0 1 1 0.6 0 1 1 0.7 0 1 1 0.9 0 1 1
1 0.1 1 0.0 0.0 0.4 0 1 1 0.5 0 1 1 0.6 0 1 1 0.7 0 1 1 0.9 0 1 1
1 0.1 5 0.2 0.0 0.4 1 1.0 0.0 0.5 0 1 1 0.6 0 1 1 0.7 0 1 1 0.9 0 1 1
1 0.1 9 0.0 0.0 0.4 0 1 1 0.5 0 1 1 0.6 0 1 1 0.7 0 1 1 0.9 0 1 1
1 0.1 3 0.0 0.0 0.4 0 1 1 0.5 0 1 1 0.6 0 1 1 0.7 0 1 1 0.9 0 1 1
1 0.1 2 0.0 0.0 0.4 0 1 1 0.5 0 1 1 0.6 0 1 1 0.7 0 1 1 0.9 0 1 1
1 0.1 11 0.09090909090909091 0.0 0.4 4 0.25 0.0 0.5 4 0.25 0.0 0.6 2 0.5 0.0 0.7 0 1 1 0.9 0 1 1
1 0.1 9 0.1111111111111111 0.0 0.4 3 0.3333333333333333 0.0 0.5 1 1.0 0.0 0.6 0 1 1 0.7 0 1 1 0.9 0 1 1
1 0.1 16 0.0 0.0 0.4 3 0.0 0.0 0.5 0 1 1 0.6 0 1 1 0.7 0 1 1 0.9 0 1 1
1 0.1 4 0.0 0.0 0.4 0 1 1 0.5 0 1 1 0.6 0 1 1 0.7 0 1 1 0.9 0 1 1
1 0.1 4 0.25 0.0 0.4 1 0.0 0.0 0.5 0 1 1 0.6 0 1 1 0.7 0 1 1 0.9 0 1 1
1 0.1 11 0.09090909090909091 0.0 0.4 1 0.0 0.0 0.5 1 0.0 0.0 0.6 0 1 1 0.7 0 1 1 0.9 0 1 1
1 0.1 9 0.1111111111111111 0.0 0.4 3 0.3333333333333333 0.0 0.5 3 0.3333333333333333 0.0 0.6 2 0.5 0.0 0.7 1 0.0 0.0 0.9 0 1 1
1 0.1 5 0.2 0.0 0.4 3 0.3333333333333333 0.0 0.5 2 0.0 0.0 0.6 0 1 1 0.7 0 1 1 0.9 0 1 1
1 0.1 6 0.16666666666666666 0.0 0.4 3 0.3333333333333333 0.0 0.5 2 0.5 0.0 0.6 1 0.0 0.0 0.7 0 1 1 0.9 0 1 1
1 0.1 12 0.08333333333333333 0.0 0.4 2 0.5 0.0 0.5 2 0.5 0.0 0.6 2 0.5 0.0 0.7 0 1 1 0.9 0 1 1
1 0.1 1 0.0 0.0 0.4 0 1 1 0.5 0 1 1 0.6 0 1 1 0.7 0 1 1 0.9 0 1 1
1 0.1 2 0.0 0.0 0.4 0 1 1 0.5 0 1 1 0.6 0 1 1 0.7 0 1 1 0.9 0 1 1
1 0.1 0 1 1 0.4 0 1 1 0.5 0 1 1 0.6 0 1 1 0.7 0 1 1 0.9 0 1 1
1 0.1 8 0.0 0.0 0.4 1 0.0 0.0 0.5 0 1 1 0.6 0 1 1 0.7 0 1 1 0.9 0 1 1
1 0.1 13 0.07692307692307693 0.0 0.4 4 0.25 0.0 0.5 3 0.3333333333333333 0.0 0.6 2 0.5 0.0 0.7 0 1 1 0.9 0 1 1
1 0.1 11 0.09090909090909091 0.0 0.4 4 0.25 0.0 0.5 3 0.3333333333333333 0.0 0.6 2 0.5 0.0 0.7 1 1.0 0.0 0.9 0 1 1
1 0.1 6 0.16666666666666666 0.0 0.4 0 1 1 0.5 0 1 1 0.6 0 1 1 0.7 0 1 1 0.9 0 1 1
1 0.1 6 0.16666666666666666 0.0 0.4 2 0.5 0.0 0.5 0 1 1 0.6 0 1 1 0.7 0 1 1 0.9 0 1 1
1 0.1 8 0.125 0.0 0.4 2 0.5 0.0 0.5 2 0.5 0.0 0.6 2 0.5 0.0 0.7 0 1 1 0.9 0 1 1
1 0.1 11 0.09090909090909091 0.0 0.4 2 0.5 0.0 0.5 1 1.0 0.0 0.6 1 1.0 0.0 0.7 0 1 1 0.9 0 1 1
1 0.1 21 0.047619047619047616 0.0 0.4 2 0.5 0.0 0.5 2 0.5 0.0 0.6 2 0.5 0.0 0.7 1 0.0 0.0 0.9 0 1 1
1 0.1 13 0.07692307692307693 0.0 0.4 1 0.0 0.0 0.5 1 0.0 0.0 0.6 1 0.0 0.0 0.7 0 1 1 0.9 0 1 1
1 0.1 18 0.05555555555555555 0.0 0.4 5 0.2 0.0 0.5 2 0.0 0.0 0.6 2 0.0 0.0 0.7 2 0.0 0.0 0.9 0 1 1
1 0.1 63 0.015873015873015872 0.0 0.4 10 0.0 0.0 0.5 7 0.0 0.0 0.6 2 0.0 0.0 0.7 1 0.0 0.0 0.9 0 1 1
1 0.1 7 0.14285714285714285 0.0 0.4 2 0.5 0.0 0.5 1 0.0 0.0 0.6 1 0.0 0.0 0.7 1 0.0 0.0 0.9 0 1 1
1 0.1 5 0.2 0.0 0.4 2 0.5 0.0 0.5 2 0.5 0.0 0.6 1 0.0 0.0 0.7 1 0.0 0.0 0.9 0 1 1
1 0.1 4 0.25 0.0 0.4 2 0.5 0.0 0.5 2 0.5 0.0 0.6 1 0.0 0.0 0.7 0 1 1 0.9 0 1 1
1 0.1 5 0.2 0.0 0.4 2 0.5 0.0 0.5 2 0.5 0.0 0.6 2 0.5 0.0 0.7 1 1.0 0.0 0.9 0 1 1
1 0.1 4 0.25 0.0 0.4 2 0.5 0.0 0.5 2 0.5 0.0 0.6 2 0.5 0.0 0.7 1 0.0 0.0 0.9 0 1 1
1 0.1 6 0.16666666666666666 0.0 0.4 2 0.5 0.0 0.5 2 0.5 0.0 0.6 1 0.0 0.0 0.7 0 1 1 0.9 0 1 1
1 0.1 6 0.16666666666666666 0.0 0.4 2 0.5 0.0 0.5 2 0.5 0.0 0.6 2 0.5 0.0 0.7 1 1.0 0.0 0.9 0 1 1
1 0.1 6 0.16666666666666666 0.0 0.4 2 0.5 0.0 0.5 2 0.5 0.0 0.6 2 0.5 0.0 0.7 2 0.5 0.0 0.9 0 1 1
1 0.1 7 0.14285714285714285 0.0 0.4 3 0.3333333333333333 0.0 0.5 2 0.5 0.0 0.6 2 0.5 0.0 0.7 1 1.0 0.0 0.9 0 1 1
1 0.1 9 0.1111111111111111 0.0 0.4 4 0.25 0.0 0.5 3 0.3333333333333333 0.0 0.6 2 0.5 0.0 0.7 2 0.5 0.0 0.9 0 1 1
1 0.1 6 0.16666666666666666 0.0 0.4 2 0.5 0.0 0.5 2 0.5 0.0 0.6 2 0.5 0.0 0.7 0 1 1 0.9 0 1 1
1 0.1 8 0.125 0.0 0.4 4 0.25 0.0 0.5 3 0.3333333333333333 0.0 0.6 2 0.5 0.0 0.7 2 0.5 0.0 0.9 0 1 1
1 0.1 53 0.018867924528301886 0.0 0.4 8 0.125 0.0 0.5 3 0.0 0.0 0.6 0 1 1 0.7 0 1 1 0.9 0 1 1
1 0.1 6 0.16666666666666666 0.0 0.4 2 0.5 0.0 0.5 0 1 1 0.6 0 1 1 0.7 0 1 1 0.9 0 1 1
1 0.1 13 0.07692307692307693 0.0 0.4 2 0.5 0.0 0.5 2 0.5 0.0 0.6 1 0.0 0.0 0.7 0 1 1 0.9 0 1 1
1 0.1 8 0.125 0.0 0.4 4 0.25 0.0 0.5 4 0.25 0.0 0.6 2 0.5 0.0 0.7 0 1 1 0.9 0 1 1
1 0.1 7 0.14285714285714285 0.0 0.4 3 0.3333333333333333 0.0 0.5 2 0.5 0.0 0.6 2 0.5 0.0 0.7 2 0.5 0.0 0.9 0 1 1
1 0.1 6 0.16666666666666666 0.0 0.4 2 0.5 0.0 0.5 2 0.5 0.0 0.6 2 0.5 0.0 0.7 2 0.5 0.0 0.9 0 1 1
1 0.1 6 0.0 0.0 0.4 2 0.0 0.0 0.5 2 0.0 0.0 0.6 2 0.0 0.0 0.7 0 1 1 0.9 0 1 1
1 0.1 25 0.04 0.0 0.4 7 0.14285714285714285 0.0 0.5 5 0.2 0.0 0.6 2 0.5 0.0 0.7 1 1.0 0.0 0.9 0 1 1
1 0.1 5 0.2 0.0 0.4 2 0.5 0.0 0.5 1 0.0 0.0 0.6 1 0.0 0.0 0.7 0 1 1 0.9 0 1 1
1 0.1 7 0.14285714285714285 0.0 0.4 3 0.3333333333333333 0.0 0.5 2 0.5 0.0 0.6 2 0.5 0.0 0.7 2 0.5 0.0 0.9 0 1 1
1 0.1 9 0.1111111111111111 0.0 0.4 3 0.3333333333333333 0.0 0.5 3 0.3333333333333333 0.0 0.6 2 0.0 0.0 0.7 1 0.0 0.0 0.9 0 1 1
1 0.1 8 0.125 0.0 0.4 3 0.3333333333333333 0.0 0.5 3 0.3333333333333333 0.0 0.6 2 0.5 0.0 0.7 2 0.5 0.0 0.9 0 1 1
1 0.1 9 0.1111111111111111 0.0 0.4 3 0.3333333333333333 0.0 0.5 1 1.0 0.0 0.6 0 1 1 0.7 0 1 1 0.9 0 1 1
1 0.1 8 0.125 0.0 0.4 5 0.2 0.0 0.5 4 0.25 0.0 0.6 4 0.25 0.0 0.7 2 0.5 0.0 0.9 0 1 1
1 0.1 9 0.1111111111111111 0.0 0.4 4 0.25 0.0 0.5 3 0.3333333333333333 0.0 0.6 2 0.5 0.0 0.7 1 1.0 0.0 0.9 0 1 1
1 0.1 5 0.2 0.0 0.4 2 0.5 0.0 0.5 2 0.5 0.0 0.6 2 0.5 0.0 0.7 2 0.5 0.0 0.9 0 1 1
1 0.1 7 0.14285714285714285 0.0 0.4 3 0.3333333333333333 0.0 0.5 2 0.5 0.0 0.6 2 0.5 0.0 0.7 2 0.5 0.0 0.9 0 1 1
1 0.1 8 0.125 0.0 0.4 4 0.25 0.0 0.5 3 0.3333333333333333 0.0 0.6 2 0.5 0.0 0.7 2 0.5 0.0 0.9 0 1 1
1 0.1 7 0.14285714285714285 0.0 0.4 4 0.25 0.0 0.5 2 0.5 0.0 0.6 2 0.5 0.0 0.7 2 0.5 0.0 0.9 0 1 1
1 0.1 6 0.16666666666666666 0.0 0.4 3 0.3333333333333333 0.0 0.5 3 0.3333333333333333 0.0 0.6 2 0.5 0.0 0.7 2 0.5 0.0 0.9 0 1 1
1 0.1 7 0.14285714285714285 0.0 0.4 4 0.25 0.0 0.5 4 0.25 0.0 0.6 3 0.3333333333333333 0.0 0.7 2 0.5 0.0 0.9 0 1 1
1 0.1 5 0.2 0.0 0.4 4 0.25 0.0 0.5 3 0.3333333333333333 0.0 0.6 2 0.5 0.0 0.7 2 0.5 0.0 0.9 0 1 1
1 0.1 9 0.1111111111111111 0.0 0.4 3 0.3333333333333333 0.0 0.5 3 0.3333333333333333 0.0 0.6 2 0.5 0.0 0.7 0 1 1 0.9 0 1 1
1 0.1 6 0.16666666666666666 0.0 0.4 4 0.25 0.0 0.5 4 0.25 0.0 0.6 2 0.5 0.0 0.7 1 1.0 0.0 0.9 0 1 1
1 0.1 12 0.08333333333333333 0.0 0.4 2 0.5 0.0 0.5 2 0.5 0.0 0.6 2 0.5 0.0 0.7 1 1.0 0.0 0.9 0 1 1
1 0.1 6 0.16666666666666666 0.0 0.4 4 0.25 0.0 0.5 2 0.5 0.0 0.6 2 0.5 0.0 0.7 1 1.0 0.0 0.9 0 1 1
1 0.1 9 0.1111111111111111 0.0 0.4 5 0.2 0.0 0.5 2 0.5 0.0 0.6 2 0.5 0.0 0.7 2 0.5 0.0 0.9 0 1 1
1 0.1 7 0.14285714285714285 0.0 0.4 3 0.3333333333333333 0.0 0.5 2 0.5 0.0 0.6 2 0.5 0.0 0.7 1 1.0 0.0 0.9 0 1 1
1 0.1 6 0.16666666666666666 0.0 0.4 3 0.3333333333333333 0.0 0.5 3 0.3333333333333333 0.0 0.6 3 0.3333333333333333 0.0 0.7 2 0.5 0.0 0.9 0 1 1
1 0.1 7 0.14285714285714285 0.0 0.4 5 0.2 0.0 0.5 4 0.25 0.0 0.6 4 0.25 0.0 0.7 3 0.3333333333333333 0.0 0.9 0 1 1
1 0.1 10 0.1 0.0 0.4 7 0.14285714285714285 0.0 0.5 5 0.2 0.0 0.6 2 0.5 0.0 0.7 2 0.5 0.0 0.9 0 1 1
1 0.1 8 0.125 0.0 0.4 6 0.16666666666666666 0.0 0.5 4 0.25 0.0 0.6 2 0.5 0.0 0.7 2 0.5 0.0 0.9 0 1 1
1 0.1 7 0.14285714285714285 0.0 0.4 4 0.25 0.0 0.5 3 0.3333333333333333 0.0 0.6 2 0.5 0.0 0.7 2 0.5 0.0 0.9 0 1 1
1 0.1 7 0.14285714285714285 0.0 0.4 2 0.5 0.0 0.5 2 0.5 0.0 0.6 0 1 1 0.7 0 1 1 0.9 0 1 1
1 0.1 7 0.14285714285714285 0.0 0.4 4 0.25 0.0 0.5 3 0.3333333333333333 0.0 0.6 1 1.0 0.0 0.7 1 1.0 0.0 0.9 0 1 1
1 0.1 5 0.2 0.0 0.4 4 0.25 0.0 0.5 3 0.3333333333333333 0.0 0.6 2 0.5 0.0 0.7 2 0.5 0.0 0.9 0 1 1
1 0.1 5 0.2 0.0 0.4 3 0.3333333333333333 0.0 0.5 1 1.0 0.0 0.6 1 1.0 0.0 0.7 1 1.0 0.0 0.9 0 1 1
1 0.1 6 0.16666666666666666 0.0 0.4 4 0.25 0.0 0.5 3 0.3333333333333333 0.0 0.6 3 0.3333333333333333 0.0 0.7 3 0.3333333333333333 0.0 0.9 0 1 1
1 0.1 5 0.2 0.0 0.4 3 0.3333333333333333 0.0 0.5 2 0.5 0.0 0.6 2 0.5 0.0 0.7 0 1 1 0.9 0 1 1
1 0.1 6 0.16666666666666666 0.0 0.4 4 0.25 0.0 0.5 3 0.3333333333333333 0.0 0.6 2 0.5 0.0 0.7 2 0.5 0.0 0.9 0 1 1
1 0.1 7 0.14285714285714285 0.0 0.4 4 0.25 0.0 0.5 3 0.3333333333333333 0.0 0.6 2 0.5 0.0 0.7 2 0.5 0.0 0.9 0 1 1
1 0.1 6 0.16666666666666666 0.0 0.4 3 0.3333333333333333 0.0 0.5 3 0.3333333333333333 0.0 0.6 2 0.5 0.0 0.7 2 0.5 0.0 0.9 0 1 1
1 0.1 7 0.14285714285714285 0.0 0.4 3 0.3333333333333333 0.0 0.5 3 0.3333333333333333 0.0 0.6 2 0.5 0.0 0.7 1 1.0 0.0 0.9 0 1 1
1 0.1 9 0.1111111111111111 0.0 0.4 3 0.3333333333333333 0.0 0.5 2 0.5 0.0 0.6 1 1.0 0.0 0.7 1 1.0 0.0 0.9 0 1 1
1 0.1 6 0.16666666666666666 0.0 0.4 3 0.3333333333333333 0.0 0.5 3 0.3333333333333333 0.0 0.6 3 0.3333333333333333 0.0 0.7 2 0.5 0.0 0.9 0 1 1
1 0.1 6 0.16666666666666666 0.0 0.4 3 0.3333333333333333 0.0 0.5 2 0.5 0.0 0.6 2 0.5 0.0 0.7 2 0.5 0.0 0.9 0 1 1
1 0.1 8 0.125 0.0 0.4 5 0.2 0.0 0.5 3 0.3333333333333333 0.0 0.6 2 0.5 0.0 0.7 2 0.5 0.0 0.9 0 1 1
1 0.1 8 0.125 0.0 0.4 4 0.25 0.0 0.5 3 0.3333333333333333 0.0 0.6 3 0.3333333333333333 0.0 0.7 3 0.3333333333333333 0.0 0.9 0 1 1
1 0.1 7 0.14285714285714285 0.0 0.4 4 0.25 0.0 0.5 3 0.3333333333333333 0.0 0.6 3 0.3333333333333333 0.0 0.7 3 0.3333333333333333 0.0 0.9 0 1 1
1 0.1 5 0.2 0.0 0.4 3 0.3333333333333333 0.0 0.5 3 0.3333333333333333 0.0 0.6 2 0.5 0.0 0.7 2 0.5 0.0 0.9 0 1 1
1 0.1 5 0.2 0.0 0.4 3 0.3333333333333333 0.0 0.5 3 0.3333333333333333 0.0 0.6 3 0.3333333333333333 0.0 0.7 2 0.5 0.0 0.9 0 1 1
1 0.1 26 0.038461538461538464 0.0 0.4 10 0.1 0.0 0.5 7 0.14285714285714285 0.0 0.6 7 0.14285714285714285 0.0 0.7 3 0.3333333333333333 0.0 0.9 0 1 1
1 0.1 6 0.16666666666666666 0.0 0.4 5 0.2 0.0 0.5 3 0.3333333333333333 0.0 0.6 3 0.3333333333333333 0.0 0.7 2 0.5 0.0 0.9 0 1 1
1 0.1 6 0.16666666666666666 0.0 0.4 5 0.2 0.0 0.5 2 0.5 0.0 0.6 2 0.5 0.0 0.7 2 0.5 0.0 0.9 0 1 1
1 0.1 6 0.16666666666666666 0.0 0.4 4 0.25 0.0 0.5 3 0.3333333333333333 0.0 0.6 2 0.5 0.0 0.7 2 0.5 0.0 0.9 0 1 1
1 0.1 8 0.125 0.0 0.4 6 0.16666666666666666 0.0 0.5 6 0.16666666666666666 0.0 0.6 5 0.2 0.0 0.7 3 0.3333333333333333 0.0 0.9 0 1 1
1 0.1 6 0.16666666666666666 0.0 0.4 2 0.5 0.0 0.5 2 0.5 0.0 0.6 2 0.5 0.0 0.7 2 0.5 0.0 0.9 0 1 1
1 0.1 10 0.1 0.0 0.4 6 0.16666666666666666 0.0 0.5 5 0.2 0.0 0.6 3 0.3333333333333333 0.0 0.7 2 0.5 0.0 0.9 0 1 1
1 0.1 8 0.125 0.0 0.4 5 0.2 0.0 0.5 3 0.3333333333333333 0.0 0.6 2 0.5 0.0 0.7 2 0.5 0.0 0.9 0 1 1
1 0.1 8 0.125 0.0 0.4 6 0.16666666666666666 0.0 0.5 4 0.25 0.0 0.6 2 0.5 0.0 0.7 2 0.5 0.0 0.9 0 1 1
1 0.1 8 0.125 0.0 0.4 6 0.16666666666666666 0.0 0.5 6 0.16666666666666666 0.0 0.6 5 0.2 0.0 0.7 3 0.3333333333333333 0.0 0.9 0 1 1
1 0.1 12 0.08333333333333333 0.0 0.4 4 0.25 0.0 0.5 3 0.3333333333333333 0.0 0.6 2 0.5 0.0 0.7 2 0.5 0.0 0.9 0 1 1
1 0.1 7 0.14285714285714285 0.0 0.4 5 0.2 0.0 0.5 4 0.25 0.0 0.6 3 0.3333333333333333 0.0 0.7 3 0.3333333333333333 0.0 0.9 0 1 1
1 0.1 6 0.16666666666666666 0.0 0.4 5 0.2 0.0 0.5 4 0.25 0.0 0.6 3 0.3333333333333333 0.0 0.7 2 0.5 0.0 0.9 0 1 1
1 0.1 6 0.16666666666666666 0.0 0.4 2 0.5 0.0 0.5 2 0.5 0.0 0.6 2 0.5 0.0 0.7 2 0.5 0.0 0.9 0 1 1
1 0.1 7 0.14285714285714285 0.0 0.4 5 0.2 0.0 0.5 4 0.25 0.0 0.6 3 0.3333333333333333 0.0 0.7 2 0.5 0.0 0.9 0 1 1
1 0.1 8 0.125 0.0 0.4 5 0.2 0.0 0.5 4 0.25 0.0 0.6 3 0.3333333333333333 0.0 0.7 2 0.5 0.0 0.9 0 1 1
1 0.1 6 0.16666666666666666 0.0 0.4 5 0.2 0.0 0.5 4 0.25 0.0 0.6 4 0.25 0.0 0.7 2 0.5 0.0 0.9 0 1 1
1 0.1 8 0.125 0.0 0.4 5 0.2 0.0 0.5 3 0.3333333333333333 0.0 0.6 3 0.3333333333333333 0.0 0.7 3 0.3333333333333333 0.0 0.9 0 1 1
1 0.1 7 0.14285714285714285 0.0 0.4 7 0.14285714285714285 0.0 0.5 5 0.2 0.0 0.6 2 0.5 0.0 0.7 2 0.5 0.0 0.9 0 1 1
1 0.1 7 0.14285714285714285 0.0 0.4 5 0.2 0.0 0.5 3 0.3333333333333333 0.0 0.6 3 0.3333333333333333 0.0 0.7 3 0.3333333333333333 0.0 0.9 0 1 1
1 0.1 7 0.14285714285714285 0.0 0.4 5 0.2 0.0 0.5 4 0.25 0.0 0.6 3 0.3333333333333333 0.0 0.7 3 0.3333333333333333 0.0 0.9 0 1 1
1 0.1 7 0.14285714285714285 0.0 0.4 4 0.25 0.0 0.5 4 0.25 0.0 0.6 2 0.5 0.0 0.7 2 0.5 0.0 0.9 0 1 1
1 0.1 9 0.1111111111111111 0.0 0.4 7 0.14285714285714285 0.0 0.5 5 0.2 0.0 0.6 4 0.25 0.0 0.7 2 0.5 0.0 0.9 0 1 1
1 0.1 9 0.1111111111111111 0.0 0.4 7 0.14285714285714285 0.0 0.5 6 0.16666666666666666 0.0 0.6 6 0.16666666666666666 0.0 0.7 5 0.2 0.0 0.9 0 1 1
1 0.1 9 0.1111111111111111 0.0 0.4 5 0.2 0.0 0.5 5 0.2 0.0 0.6 4 0.25 0.0 0.7 2 0.5 0.0 0.9 0 1 1
1 0.1 7 0.14285714285714285 0.0 0.4 7 0.14285714285714285 0.0 0.5 4 0.25 0.0 0.6 3 0.3333333333333333 0.0 0.7 3 0.3333333333333333 0.0 0.9 0 1 1
1 0.1 7 0.14285714285714285 0.0 0.4 3 0.3333333333333333 0.0 0.5 3 0.3333333333333333 0.0 0.6 3 0.3333333333333333 0.0 0.7 2 0.5 0.0 0.9 0 1 1
1 0.1 6 0.16666666666666666 0.0 0.4 3 0.3333333333333333 0.0 0.5 3 0.3333333333333333 0.0 0.6 2 0.5 0.0 0.7 2 0.5 0.0 0.9 0 1 1
1 0.1 4 0.25 0.0 0.4 2 0.5 0.0 0.5 2 0.5 0.0 0.6 2 0.5 0.0 0.7 2 0.5 0.0 0.9 0 1 1
1 0.1 6 0.16666666666666666 0.0 0.4 3 0.3333333333333333 0.0 0.5 2 0.5 0.0 0.6 2 0.5 0.0 0.7 2 0.5 0.0 0.9 0 1 1
1 0.1 7 0.14285714285714285 0.0 0.4 4 0.25 0.0 0.5 4 0.25 0.0 0.6 3 0.3333333333333333 0.0 0.7 2 0.5 0.0 0.9 0 1 1
1 0.1 8 0.125 0.0 0.4 4 0.25 0.0 0.5 3 0.3333333333333333 0.0 0.6 2 0.5 0.0 0.7 2 0.5 0.0 0.9 1 1.0 0.0
1 0.1 8 0.125 0.0 0.4 4 0.25 0.0 0.5 4 0.25 0.0 0.6 3 0.3333333333333333 0.0 0.7 2 0.5 0.0 0.9 0 1 1
1 0.1 8 0.125 0.0 0.4 4 0.25 0.0 0.5 3 0.3333333333333333 0.0 0.6 3 0.3333333333333333 0.0 0.7 2 0.5 0.0 0.9 0 1 1
1 0.1 5 0.2 0.0 0.4 2 0.5 0.0 0.5 2 0.5 0.0 0.6 2 0.5 0.0 0.7 2 0.5 0.0 0.9 0 1 1
1 0.1 6 0.16666666666666666 0.0 0.4 5 0.2 0.0 0.5 4 0.25 0.0 0.6 4 0.25 0.0 0.7 2 0.5 0.0 0.9 0 1 1
1 0.1 7 0.14285714285714285 0.0 0.4 6 0.16666666666666666 0.0 0.5 5 0.2 0.0 0.6 4 0.25 0.0 0.7 4 0.25 0.0 0.9 0 1 1
1 0.1 6 0.16666666666666666 0.0 0.4 4 0.25 0.0 0.5 3 0.3333333333333333 0.0 0.6 2 0.5 0.0 0.7 2 0.5 0.0 0.9 0 1 1
1 0.1 7 0.14285714285714285 0.0 0.4 3 0.3333333333333333 0.0 0.5 3 0.3333333333333333 0.0 0.6 2 0.5 0.0 0.7 2 0.5 0.0 0.9 1 1.0 0.0
1 0.1 8 0.125 0.0 0.4 3 0.3333333333333333 0.0 0.5 2 0.5 0.0 0.6 2 0.5 0.0 0.7 2 0.5 0.0 0.9 0 1 1
1 0.1 6 0.16666666666666666 0.0 0.4 4 0.25 0.0 0.5 3 0.3333333333333333 0.0 0.6 3 0.3333333333333333 0.0 0.7 2 0.5 0.0 0.9 0 1 1
1 0.1 4 0.25 0.0 0.4 3 0.3333333333333333 0.0 0.5 3 0.3333333333333333 0.0 0.6 2 0.5 0.0 0.7 2 0.5 0.0 0.9 0 1 1
1 0.1 6 0.16666666666666666 0.0 0.4 2 0.5 0.0 0.5 2 0.5 0.0 0.6 2 0.5 0.0 0.7 2 0.5 0.0 0.9 0 1 1
1 0.1 7 0.14285714285714285 0.0 0.4 2 0.5 0.0 0.5 2 0.5 0.0 0.6 2 0.5 0.0 0.7 2 0.5 0.0 0.9 0 1 1
1 0.1 5 0.2 0.0 0.4 4 0.25 0.0 0.5 2 0.5 0.0 0.6 2 0.5 0.0 0.7 2 0.5 0.0 0.9 0 1 1
1 0.1 6 0.16666666666666666 0.0 0.4 3 0.3333333333333333 0.0 0.5 3 0.3333333333333333 0.0 0.6 2 0.5 0.0 0.7 2 0.5 0.0 0.9 0 1 1
1 0.1 6 0.16666666666666666 0.0 0.4 3 0.3333333333333333 0.0 0.5 2 0.5 0.0 0.6 2 0.5 0.0 0.7 2 0.5 0.0 0.9 0 1 1
1 0.1 7 0.14285714285714285 0.0 0.4 4 0.25 0.0 0.5 3 0.3333333333333333 0.0 0.6 3 0.3333333333333333 0.0 0.7 2 0.5 0.0 0.9 0 1 1
1 0.1 7 0.14285714285714285 0.0 0.4 5 0.2 0.0 0.5 3 0.3333333333333333 0.0 0.6 3 0.3333333333333333 0.0 0.7 2 0.5 0.0 0.9 0 1 1
1 0.1 7 0.14285714285714285 0.0 0.4 3 0.3333333333333333 0.0 0.5 3 0.3333333333333333 0.0 0.6 1 1.0 0.0 0.7 1 1.0 0.0 0.9 0 1 1
1 0.1 7 0.14285714285714285 0.0 0.4 4 0.25 0.0 0.5 2 0.5 0.0 0.6 2 0.5 0.0 0.7 2 0.5 0.0 0.9 0 1 1
1 0.1 7 0.14285714285714285 0.0 0.4 5 0.2 0.0 0.5 4 0.25 0.0 0.6 3 0.3333333333333333 0.0 0.7 2 0.5 0.0 0.9 0 1 1
1 0.1 6 0.16666666666666666 0.0 0.4 3 0.3333333333333333 0.0 0.5 2 0.5 0.0 0.6 2 0.5 0.0 0.7 2 0.5 0.0 0.9 0 1 1
1 0.1 7 0.14285714285714285 0.0 0.4 3 0.3333333333333333 0.0 0.5 3 0.3333333333333333 0.0 0.6 3 0.3333333333333333 0.0 0.7 2 0.5 0.0 0.9 0 1 1
1 0.1 8 0.125 0.0 0.4 5 0.2 0.0 0.5 4 0.25 0.0 0.6 3 0.3333333333333333 0.0 0.7 2 0.5 0.0 0.9 0 1 1
1 0.1 8 0.125 0.0 0.4 4 0.25 0.0 0.5 3 0.3333333333333333 0.0 0.6 2 0.5 0.0 0.7 2 0.5 0.0 0.9 0 1 1
1 0.1 8 0.125 0.0 0.4 6 0.16666666666666666 0.0 0.5 6 0.16666666666666666 0.0 0.6 5 0.2 0.0 0.7 4 0.25 0.0 0.9 1 1.0 0.0
1 0.1 8 0.125 0.0 0.4 6 0.16666666666666666 0.0 0.5 5 0.2 0.0 0.6 3 0.3333333333333333 0.0 0.7 2 0.5 0.0 0.9 1 1.0 0.0
1 0.1 7 0.14285714285714285 0.0 0.4 4 0.25 0.0 0.5 2 0.5 0.0 0.6 2 0.5 0.0 0.7 2 0.5 0.0 0.9 0 1 1
1 0.1 7 0.14285714285714285 0.0 0.4 4 0.25 0.0 0.5 4 0.25 0.0 0.6 3 0.3333333333333333 0.0 0.7 3 0.3333333333333333 0.0 0.9 0 1 1
1 0.1 6 0.16666666666666666 0.0 0.4 6 0.16666666666666666 0.0 0.5 4 0.25 0.0 0.6 4 0.25 0.0 0.7 2 0.5 0.0 0.9 0 1 1
1 0.1 7 0.14285714285714285 0.0 0.4 5 0.2 0.0 0.5 4 0.25 0.0 0.6 2 0.5 0.0 0.7 2 0.5 0.0 0.9 0 1 1
1 0.1 7 0.14285714285714285 0.0 0.4 4 0.25 0.0 0.5 4 0.25 0.0 0.6 3 0.3333333333333333 0.0 0.7 3 0.3333333333333333 0.0 0.9 0 1 1
1 0.1 7 0.14285714285714285 0.0 0.4 5 0.2 0.0 0.5 4 0.25 0.0 0.6 4 0.25 0.0 0.7 3 0.3333333333333333 0.0 0.9 0 1 1
1 0.1 7 0.14285714285714285 0.0 0.4 5 0.2 0.0 0.5 4 0.25 0.0 0.6 3 0.3333333333333333 0.0 0.7 3 0.3333333333333333 0.0 0.9 1 1.0 0.0
1 0.1 6 0.16666666666666666 0.0 0.4 4 0.25 0.0 0.5 4 0.25 0.0 0.6 3 0.3333333333333333 0.0 0.7 3 0.3333333333333333 0.0 0.9 1 1.0 0.0
1 0.1 7 0.14285714285714285 0.0 0.4 5 0.2 0.0 0.5 5 0.2 0.0 0.6 5 0.2 0.0 0.7 5 0.2 0.0 0.9 0 1 1
1 0.1 6 0.16666666666666666 0.0 0.4 6 0.16666666666666666 0.0 0.5 5 0.2 0.0 0.6 4 0.25 0.0 0.7 3 0.3333333333333333 0.0 0.9 1 1.0 0.0
1 0.1 7 0.14285714285714285 0.0 0.4 6 0.16666666666666666 0.0 0.5 5 0.2 0.0 0.6 5 0.2 0.0 0.7 2 0.5 0.0 0.9 0 1 1
1 0.1 7 0.14285714285714285 0.0 0.4 4 0.25 0.0 0.5 4 0.25 0.0 0.6 4 0.25 0.0 0.7 3 0.3333333333333333 0.0 0.9 0 1 1
1 0.1 7 0.14285714285714285 0.0 0.4 4 0.25 0.0 0.5 4 0.25 0.0 0.6 3 0.3333333333333333 0.0 0.7 3 0.3333333333333333 0.0 0.9 0 1 1
1 0.1 7 0.14285714285714285 0.0 0.4 5 0.2 0.0 0.5 3 0.3333333333333333 0.0 0.6 3 0.3333333333333333 0.0 0.7 3 0.3333333333333333 0.0 0.9 1 1.0 0.0
1 0.1 7 0.14285714285714285 0.0 0.4 5 0.2 0.0 0.5 5 0.2 0.0 0.6 4 0.25 0.0 0.7 3 0.3333333333333333 0.0 0.9 1 1.0 0.0
1 0.1 8 0.125 0.0 0.4 5 0.2 0.0 0.5 5 0.2 0.0 0.6 4 0.25 0.0 0.7 3 0.3333333333333333 0.0 0.9 1 1.0 0.0
1 0.1 8 0.125 0.0 0.4 6 0.16666666666666666 0.0 0.5 5 0.2 0.0 0.6 4 0.25 0.0 0.7 2 0.5 0.0 0.9 1 1.0 0.0
1 0.1 7 0.14285714285714285 0.0 0.4 6 0.16666666666666666 0.0 0.5 3 0.3333333333333333 0.0 0.6 3 0.3333333333333333 0.0 0.7 2 0.5 0.0 0.9 0 1 1
1 0.1 7 0.14285714285714285 0.0 0.4 5 0.2 0.0 0.5 5 0.2 0.0 0.6 4 0.25 0.0 0.7 3 0.3333333333333333 0.0 0.9 0 1 1
1 0.1 7 0.14285714285714285 0.0 0.4 5 0.2 0.0 0.5 3 0.3333333333333333 0.0 0.6 3 0.3333333333333333 0.0 0.7 3 0.3333333333333333 0.0 0.9 1 1.0 0.0
1 0.1 7 0.14285714285714285 0.0 0.4 6 0.16666666666666666 0.0 0.5 5 0.2 0.0 0.6 5 0.2 0.0 0.7 4 0.25 0.0 0.9 1 1.0 0.0
1 0.1 7 0.14285714285714285 0.0 0.4 5 0.2 0.0 0.5 5 0.2 0.0 0.6 5 0.2 0.0 0.7 5 0.2 0.0 0.9 0 1 1
1 0.1 7 0.14285714285714285 0.0 0.4 6 0.16666666666666666 0.0 0.5 5 0.2 0.0 0.6 5 0.2 0.0 0.7 5 0.2 0.0 0.9 1 1.0 0.0
1 0.1 6 0.16666666666666666 0.0 0.4 6 0.16666666666666666 0.0 0.5 4 0.25 0.0 0.6 4 0.25 0.0 0.7 4 0.25 0.0 0.9 1 1.0 0.0
1 0.1 6 0.16666666666666666 0.0 0.4 4 0.25 0.0 0.5 4 0.25 0.0 0.6 3 0.3333333333333333 0.0 0.7 2 0.5 0.0 0.9 2 0.5 0.0
1 0.1 6 0.16666666666666666 0.0 0.4 4 0.25 0.0 0.5 3 0.3333333333333333 0.0 0.6 2 0.5 0.0 0.7 2 0.5 0.0 0.9 0 1 1
1 0.1 7 0.14285714285714285 0.0 0.4 4 0.25 0.0 0.5 4 0.25 0.0 0.6 4 0.25 0.0 0.7 3 0.3333333333333333 0.0 0.9 0 1 1
1 0.1 6 0.16666666666666666 0.0 0.4 5 0.2 0.0 0.5 5 0.2 0.0 0.6 5 0.2 0.0 0.7 4 0.25 0.0 0.9 1 1.0 0.0
1 0.1 6 0.16666666666666666 0.0 0.4 5 0.2 0.0 0.5 4 0.25 0.0 0.6 4 0.25 0.0 0.7 4 0.25 0.0 0.9 1 1.0 0.0
1 0.1 6 0.16666666666666666 0.0 0.4 5 0.2 0.0 0.5 4 0.25 0.0 0.6 4 0.25 0.0 0.7 4 0.25 0.0 0.9 1 1.0 0.0
1 0.1 6 0.16666666666666666 0.0 0.4 5 0.2 0.0 0.5 5 0.2 0.0 0.6 5 0.2 0.0 0.7 3 0.3333333333333333 0.0 0.9 1 1.0 0.0
1 0.1 6 0.16666666666666666 0.0 0.4 6 0.16666666666666666 0.0 0.5 5 0.2 0.0 0.6 4 0.25 0.0 0.7 2 0.5 0.0 0.9 0 1 1
1 0.1 8 0.125 0.0 0.4 5 0.2 0.0 0.5 4 0.25 0.0 0.6 3 0.3333333333333333 0.0 0.7 3 0.3333333333333333 0.0 0.9 0 1 1
1 0.1 8 0.125 0.0 0.4 3 0.3333333333333333 0.0 0.5 2 0.5 0.0 0.6 2 0.5 0.0 0.7 2 0.5 0.0 0.9 1 1.0 0.0
1 0.1 4 0.25 0.0 0.4 2 0.5 0.0 0.5 2 0.5 0.0 0.6 2 0.5 0.0 0.7 2 0.5 0.0 0.9 0 1 1
1 0.1 6 0.16666666666666666 0.0 0.4 6 0.16666666666666666 0.0 0.5 5 0.2 0.0 0.6 4 0.25 0.0 0.7 3 0.3333333333333333 0.0 0.9 1 1.0 0.0
1 0.1 7 0.14285714285714285 0.0 0.4 5 0.2 0.0 0.5 4 0.25 0.0 0.6 4 0.25 0.0 0.7 3 0.3333333333333333 0.0 0.9 1 1.0 0.0
1 0.1 6 0.16666666666666666 0.0 0.4 6 0.16666666666666666 0.0 0.5 5 0.2 0.0 0.6 4 0.25 0.0 0.7 2 0.5 0.0 0.9 1 1.0 0.0
1 0.1 6 0.16666666666666666 0.0 0.4 6 0.16666666666666666 0.0 0.5 4 0.25 0.0 0.6 4 0.25 0.0 0.7 4 0.25 0.0 0.9 1 1.0 0.0
1 0.1 7 0.14285714285714285 0.0 0.4 5 0.2 0.0 0.5 4 0.25 0.0 0.6 4 0.25 0.0 0.7 2 0.5 0.0 0.9 1 1.0 0.0
1 0.1 6 0.16666666666666666 0.0 0.4 5 0.2 0.0 0.5 4 0.25 0.0 0.6 3 0.3333333333333333 0.0 0.7 3 0.3333333333333333 0.0 0.9 0 1 1
1 0.1 7 0.14285714285714285 0.0 0.4 7 0.14285714285714285 0.0 0.5 5 0.2 0.0 0.6 4 0.25 0.0 0.7 4 0.25 0.0 0.9 1 1.0 0.0
1 0.1 6 0.16666666666666666 0.0 0.4 4 0.25 0.0 0.5 3 0.3333333333333333 0.0 0.6 3 0.3333333333333333 0.0 0.7 2 0.5 0.0 0.9 0 1 1
1 0.1 6 0.16666666666666666 0.0 0.4 3 0.3333333333333333 0.0 0.5 3 0.3333333333333333 0.0 0.6 2 0.5 0.0 0.7 2 0.5 0.0 0.9 0 1 1
1 0.1 7 0.14285714285714285 0.0 0.4 7 0.14285714285714285 0.0 0.5 6 0.16666666666666666 0.0 0.6 3 0.3333333333333333 0.0 0.7 3 0.3333333333333333 0.0 0.9 1 1.0 0.0
1 0.1 7 0.14285714285714285 0.0 0.4 6 0.16666666666666666 0.0 0.5 4 0.25 0.0 0.6 2 0.5 0.0 0.7 2 0.5 0.0 0.9 1 1.0 0.0
1 0.1 7 0.14285714285714285 0.14285714285714285 0.4 5 0.2 0.2 0.5 4 0.25 0.25 0.6 3 0.3333333333333333 0.3333333333333333 0.7 2 0.5 0.5 0.9 1 1.0 1.0
1 0.1 8 0.125 0.0 0.4 6 0.16666666666666666 0.0 0.5 6 0.16666666666666666 0.0 0.6 5 0.2 0.0 0.7 3 0.3333333333333333 0.0 0.9 1 1.0 0.0
1 0.1 6 0.16666666666666666 0.0 0.4 6 0.16666666666666666 0.0 0.5 6 0.16666666666666666 0.0 0.6 4 0.25 0.0 0.7 3 0.3333333333333333 0.0 0.9 1 1.0 0.0
1 0.1 6 0.16666666666666666 0.0 0.4 6 0.16666666666666666 0.0 0.5 4 0.25 0.0 0.6 3 0.3333333333333333 0.0 0.7 2 0.5 0.0 0.9 1 1.0 0.0
1 0.1 7 0.14285714285714285 0.0 0.4 7 0.14285714285714285 0.0 0.5 6 0.16666666666666666 0.0 0.6 5 0.2 0.0 0.7 3 0.3333333333333333 0.0 0.9 1 1.0 0.0
1 0.1 8 0.125 0.0 0.4 6 0.16666666666666666 0.0 0.5 6 0.16666666666666666 0.0 0.6 4 0.25 0.0 0.7 2 0.5 0.0 0.9 1 1.0 0.0
1 0.1 7 0.14285714285714285 0.0 0.4 6 0.16666666666666666 0.0 0.5 6 0.16666666666666666 0.0 0.6 5 0.2 0.0 0.7 3 0.3333333333333333 0.0 0.9 1 1.0 0.0
1 0.1 6 0.16666666666666666 0.0 0.4 6 0.16666666666666666 0.0 0.5 6 0.16666666666666666 0.0 0.6 4 0.25 0.0 0.7 4 0.25 0.0 0.9 1 1.0 0.0
1 0.1 6 0.16666666666666666 0.0 0.4 6 0.16666666666666666 0.0 0.5 6 0.16666666666666666 0.0 0.6 5 0.2 0.0 0.7 4 0.25 0.0 0.9 1 1.0 0.0
1 0.1 7 0.14285714285714285 0.0 0.4 6 0.16666666666666666 0.0 0.5 6 0.16666666666666666 0.0 0.6 5 0.2 0.0 0.7 4 0.25 0.0 0.9 1 1.0 0.0
1 0.1 6 0.16666666666666666 0.0 0.4 5 0.2 0.0 0.5 5 0.2 0.0 0.6 3 0.3333333333333333 0.0 0.7 2 0.5 0.0 0.9 0 1 1
1 0.1 7 0.14285714285714285 0.0 0.4 7 0.14285714285714285 0.0 0.5 7 0.14285714285714285 0.0 0.6 6 0.16666666666666666 0.0 0.7 4 0.25 0.0 0.9 1 1.0 0.0
1 0.1 7 0.14285714285714285 0.0 0.4 5 0.2 0.0 0.5 5 0.2 0.0 0.6 3 0.3333333333333333 0.0 0.7 3 0.3333333333333333 0.0 0.9 1 1.0 0.0
1 0.1 6 0.16666666666666666 0.0 0.4 5 0.2 0.0 0.5 5 0.2 0.0 0.6 4 0.25 0.0 0.7 2 0.5 0.0 0.9 1 1.0 0.0
1 0.1 7 0.14285714285714285 0.0 0.4 6 0.16666666666666666 0.0 0.5 5 0.2 0.0 0.6 4 0.25 0.0 0.7 3 0.3333333333333333 0.0 0.9 1 1.0 0.0
1 0.1 7 0.14285714285714285 0.0 0.4 6 0.16666666666666666 0.0 0.5 4 0.25 0.0 0.6 3 0.3333333333333333 0.0 0.7 3 0.3333333333333333 0.0 0.9 1 1.0 0.0
1 0.1 7 0.14285714285714285 0.0 0.4 7 0.14285714285714285 0.0 0.5 4 0.25 0.0 0.6 4 0.25 0.0 0.7 2 0.5 0.0 0.9 1 1.0 0.0
1 0.1 7 0.14285714285714285 0.0 0.4 5 0.2 0.0 0.5 3 0.3333333333333333 0.0 0.6 3 0.3333333333333333 0.0 0.7 3 0.3333333333333333 0.0 0.9 1 1.0 0.0
1 0.1 7 0.14285714285714285 0.0 0.4 5 0.2 0.0 0.5 4 0.25 0.0 0.6 4 0.25 0.0 0.7 3 0.3333333333333333 0.0 0.9 1 1.0 0.0
1 0.1 7 0.14285714285714285 0.0 0.4 6 0.16666666666666666 0.0 0.5 5 0.2 0.0 0.6 3 0.3333333333333333 0.0 0.7 2 0.5 0.0 0.9 1 1.0 0.0
1 0.1 6 0.16666666666666666 0.0 0.4 4 0.25 0.0 0.5 4 0.25 0.0 0.6 3 0.3333333333333333 0.0 0.7 3 0.3333333333333333 0.0 0.9 1 1.0 0.0
1 0.1 7 0.14285714285714285 0.0 0.4 5 0.2 0.0 0.5 4 0.25 0.0 0.6 4 0.25 0.0 0.7 3 0.3333333333333333 0.0 0.9 1 1.0 0.0
1 0.1 7 0.14285714285714285 0.0 0.4 6 0.16666666666666666 0.0 0.5 5 0.2 0.0 0.6 4 0.25 0.0 0.7 3 0.3333333333333333 0.0 0.9 1 1.0 0.0
1 0.1 7 0.14285714285714285 0.0 0.4 5 0.2 0.0 0.5 4 0.25 0.0 0.6 4 0.25 0.0 0.7 4 0.25 0.0 0.9 1 1.0 0.0
1 0.1 7 0.14285714285714285 0.0 0.4 7 0.14285714285714285 0.0 0.5 6 0.16666666666666666 0.0 0.6 4 0.25 0.0 0.7 3 0.3333333333333333 0.0 0.9 1 1.0 0.0
1 0.1 7 0.14285714285714285 0.0 0.4 5 0.2 0.0 0.5 4 0.25 0.0 0.6 4 0.25 0.0 0.7 3 0.3333333333333333 0.0 0.9 1 1.0 0.0
1 0.1 6 0.16666666666666666 0.0 0.4 5 0.2 0.0 0.5 5 0.2 0.0 0.6 5 0.2 0.0 0.7 4 0.25 0.0 0.9 1 1.0 0.0
1 0.1 6 0.16666666666666666 0.0 0.4 5 0.2 0.0 0.5 5 0.2 0.0 0.6 5 0.2 0.0 0.7 4 0.25 0.0 0.9 1 1.0 0.0
1 0.1 6 0.16666666666666666 0.0 0.4 6 0.16666666666666666 0.0 0.5 5 0.2 0.0 0.6 4 0.25 0.0 0.7 4 0.25 0.0 0.9 1 1.0 0.0
1 0.1 6 0.16666666666666666 0.0 0.4 5 0.2 0.0 0.5 4 0.25 0.0 0.6 3 0.3333333333333333 0.0 0.7 3 0.3333333333333333 0.0 0.9 1 1.0 0.0
1 0.1 7 0.14285714285714285 0.0 0.4 3 0.3333333333333333 0.0 0.5 3 0.3333333333333333 0.0 0.6 3 0.3333333333333333 0.0 0.7 3 0.3333333333333333 0.0 0.9 1 1.0 0.0
1 0.1 7 0.14285714285714285 0.0 0.4 6 0.16666666666666666 0.0 0.5 6 0.16666666666666666 0.0 0.6 5 0.2 0.0 0.7 5 0.2 0.0 0.9 1 1.0 0.0
1 0.1 7 0.14285714285714285 0.0 0.4 7 0.14285714285714285 0.0 0.5 7 0.14285714285714285 0.0 0.6 5 0.2 0.0 0.7 3 0.3333333333333333 0.0 0.9 0 1 1
1 0.1 6 0.16666666666666666 0.0 0.4 5 0.2 0.0 0.5 5 0.2 0.0 0.6 4 0.25 0.0 0.7 4 0.25 0.0 0.9 1 1.0 0.0
1 0.1 6 0.16666666666666666 0.0 0.4 5 0.2 0.0 0.5 5 0.2 0.0 0.6 5 0.2 0.0 0.7 4 0.25 0.0 0.9 1 1.0 0.0
1 0.1 6 0.16666666666666666 0.0 0.4 5 0.2 0.0 0.5 5 0.2 0.0 0.6 3 0.3333333333333333 0.0 0.7 3 0.3333333333333333 0.0 0.9 1 1.0 0.0
1 0.1 7 0.14285714285714285 0.0 0.4 7 0.14285714285714285 0.0 0.5 5 0.2 0.0 0.6 4 0.25 0.0 0.7 3 0.3333333333333333 0.0 0.9 1 1.0 0.0
1 0.1 7 0.14285714285714285 0.0 0.4 5 0.2 0.0 0.5 4 0.25 0.0 0.6 4 0.25 0.0 0.7 4 0.25 0.0 0.9 1 1.0 0.0
1 0.1 7 0.14285714285714285 0.0 0.4 5 0.2 0.0 0.5 5 0.2 0.0 0.6 4 0.25 0.0 0.7 3 0.3333333333333333 0.0 0.9 1 1.0 0.0
1 0.1 7 0.14285714285714285 0.0 0.4 6 0.16666666666666666 0.0 0.5 5 0.2 0.0 0.6 5 0.2 0.0 0.7 3 0.3333333333333333 0.0 0.9 1 1.0 0.0
1 0.1 7 0.14285714285714285 0.0 0.4 6 0.16666666666666666 0.0 0.5 6 0.16666666666666666 0.0 0.6 5 0.2 0.0 0.7 4 0.25 0.0 0.9 1 1.0 0.0
1 0.1 7 0.14285714285714285 0.0 0.4 5 0.2 0.0 0.5 5 0.2 0.0 0.6 4 0.25 0.0 0.7 4 0.25 0.0 0.9 1 1.0 0.0
1 0.1 7 0.14285714285714285 0.14285714285714285 0.4 6 0.16666666666666666 0.16666666666666666 0.5 6 0.16666666666666666 0.16666666666666666 0.6 5 0.2 0.2 0.7 3 0.3333333333333333 0.3333333333333333 0.9 1 1.0 1.0
1 0.1 7 0.14285714285714285 0.0 0.4 6 0.16666666666666666 0.0 0.5 6 0.16666666666666666 0.0 0.6 5 0.2 0.0 0.7 3 0.3333333333333333 0.0 0.9 1 1.0 0.0
1 0.1 6 0.16666666666666666 0.0 0.4 6 0.16666666666666666 0.0 0.5 5 0.2 0.0 0.6 3 0.3333333333333333 0.0 0.7 3 0.3333333333333333 0.0 0.9 1 1.0 0.0
1 0.1 7 0.14285714285714285 0.0 0.4 5 0.2 0.0 0.5 3 0.3333333333333333 0.0 0.6 3 0.3333333333333333 0.0 0.7 3 0.3333333333333333 0.0 0.9 1 1.0 0.0
1 0.1 7 0.14285714285714285 0.0 0.4 5 0.2 0.0 0.5 5 0.2 0.0 0.6 4 0.25 0.0 0.7 3 0.3333333333333333 0.0 0.9 1 1.0 0.0
1 0.1 7 0.14285714285714285 0.0 0.4 5 0.2 0.0 0.5 4 0.25 0.0 0.6 4 0.25 0.0 0.7 3 0.3333333333333333 0.0 0.9 1 1.0 0.0
1 0.1 7 0.14285714285714285 0.0 0.4 6 0.16666666666666666 0.0 0.5 4 0.25 0.0 0.6 3 0.3333333333333333 0.0 0.7 3 0.3333333333333333 0.0 0.9 1 1.0 0.0
1 0.1 6 0.16666666666666666 0.0 0.4 5 0.2 0.0 0.5 5 0.2 0.0 0.6 3 0.3333333333333333 0.0 0.7 3 0.3333333333333333 0.0 0.9 1 1.0 0.0
1 0.1 6 0.16666666666666666 0.0 0.4 5 0.2 0.0 0.5 5 0.2 0.0 0.6 3 0.3333333333333333 0.0 0.7 3 0.3333333333333333 0.0 0.9 1 1.0 0.0
1 0.1 6 0.16666666666666666 0.0 0.4 5 0.2 0.0 0.5 5 0.2 0.0 0.6 4 0.25 0.0 0.7 3 0.3333333333333333 0.0 0.9 1 1.0 0.0
