1 0.1 1 0.0 0.0 0.4 0 1 1 0.5 0 1 1 0.6 0 1 1 0.7 0 1 1 0.9 0 1 1
1 0.1 0 1 1 0.4 0 1 1 0.5 0 1 1 0.6 0 1 1 0.7 0 1 1 0.9 0 1 1
1 0.1 0 1 1 0.4 0 1 1 0.5 0 1 1 0.6 0 1 1 0.7 0 1 1 0.9 0 1 1
1 0.1 1 0.0 0.0 0.4 0 1 1 0.5 0 1 1 0.6 0 1 1 0.7 0 1 1 0.9 0 1 1
1 0.1 3 0.0 0.0 0.4 0 1 1 0.5 0 1 1 0.6 0 1 1 0.7 0 1 1 0.9 0 1 1
1 0.1 45 0.022222222222222223 0.0 0.4 0 1 1 0.5 0 1 1 0.6 0 1 1 0.7 0 1 1 0.9 0 1 1
1 0.1 17 0.0 0.0 0.4 0 1 1 0.5 0 1 1 0.6 0 1 1 0.7 0 1 1 0.9 0 1 1
1 0.1 52 0.019230769230769232 0.0 0.4 1 0.0 0.0 0.5 0 1 1 0.6 0 1 1 0.7 0 1 1 0.9 0 1 1
1 0.1 49 0.02040816326530612 0.0 0.4 1 0.0 0.0 0.5 0 1 1 0.6 0 1 1 0.7 0 1 1 0.9 0 1 1
1 0.1 19 0.05263157894736842 0.0 0.4 0 1 1 0.5 0 1 1 0.6 0 1 1 0.7 0 1 1 0.9 0 1 1
1 0.1 14 0.07142857142857142 0.0 0.4 1 0.0 0.0 0.5 0 1 1 0.6 0 1 1 0.7 0 1 1 0.9 0 1 1
1 0.1 23 0.043478260869565216 0.0 0.4 0 1 1 0.5 0 1 1 0.6 0 1 1 0.7 0 1 1 0.9 0 1 1
1 0.1 19 0.05263157894736842 0.0 0.4 3 0.0 0.0 0.5 0 1 1 0.6 0 1 1 0.7 0 1 1 0.9 0 1 1
1 0.1 35 0.02857142857142857 0.0 0.4 5 0.0 0.0 0.5 1 0.0 0.0 0.6 0 1 1 0.7 0 1 1 0.9 0 1 1
1 0.1 18 0.05555555555555555 0.0 0.4 0 1 1 0.5 0 1 1 0.6 0 1 1 0.7 0 1 1 0.9 0 1 1
1 0.1 12 0.08333333333333333 0.0 0.4 1 0.0 0.0 0.5 0 1 1 0.6 0 1 1 0.7 0 1 1 0.9 0 1 1
1 0.1 15 0.06666666666666667 0.0 0.4 2 0.0 0.0 0.5 0 1 1 0.6 0 1 1 0.7 0 1 1 0.9 0 1 1
1 0.1 14 0.07142857142857142 0.0 0.4 1 0.0 0.0 0.5 0 1 1 0.6 0 1 1 0.7 0 1 1 0.9 0 1 1
1 0.1 11 0.09090909090909091 0.0 0.4 1 0.0 0.0 0.5 1 0.0 0.0 0.6 0 1 1 0.7 0 1 1 0.9 0 1 1
1 0.1 8 0.0 0.0 0.4 0 1 1 0.5 0 1 1 0.6 0 1 1 0.7 0 1 1 0.9 0 1 1
1 0.1 4 0.25 0.0 0.4 1 0.0 0.0 0.5 0 1 1 0.6 0 1 1 0.7 0 1 1 0.9 0 1 1
1 0.1 9 0.1111111111111111 0.0 0.4 1 0.0 0.0 0.5 0 1 1 0.6 0 1 1 0.7 0 1 1 0.9 0 1 1
1 0.1 7 0.14285714285714285 0.0 0.4 1 0.0 0.0 0.5 1 0.0 0.0 0.6 0 1 1 0.7 0 1 1 0.9 0 1 1
1 0.1 7 0.14285714285714285 0.0 0.4 1 0.0 0.0 0.5 0 1 1 0.6 0 1 1 0.7 0 1 1 0.9 0 1 1
1 0.1 1 0.0 0.0 0.4 0 1 1 0.5 0 1 1 0.6 0 1 1 0.7 0 1 1 0.9 0 1 1
1 0.1 12 0.08333333333333333 0.0 0.4 2 0.0 0.0 0.5 2 0.0 0.0 0.6 0 1 1 0.7 0 1 1 0.9 0 1 1
1 0.1 7 0.14285714285714285 0.0 0.4 2 0.0 0.0 0.5 1 0.0 0.0 0.6 1 0.0 0.0 0.7 0 1 1 0.9 0 1 1
1 0.1 2 0.0 0.0 0.4 1 0.0 0.0 0.5 1 0.0 0.0 0.6 0 1 1 0.7 0 1 1 0.9 0 1 1
1 0.1 2 0.0 0.0 0.4 0 1 1 0.5 0 1 1 0.6 0 1 1 0.7 0 1 1 0.9 0 1 1
1 0.1 16 0.0625 0.0 0.4 3 0.3333333333333333 0.0 0.5 2 0.5 0.0 0.6 2 0.5 0.0 0.7 0 1 1 0.9 0 1 1
1 0.1 6 0.16666666666666666 0.0 0.4 0 1 1 0.5 0 1 1 0.6 0 1 1 0.7 0 1 1 0.9 0 1 1
1 0.1 4 0.25 0.0 0.4 1 0.0 0.0 0.5 0 1 1 0.6 0 1 1 0.7 0 1 1 0.9 0 1 1
1 0.1 8 0.0 0.0 0.4 2 0.0 0.0 0.5 1 0.0 0.0 0.6 1 0.0 0.0 0.7 0 1 1 0.9 0 1 1
1 0.1 9 0.1111111111111111 0.0 0.4 1 0.0 0.0 0.5 0 1 1 0.6 0 1 1 0.7 0 1 1 0.9 0 1 1
1 0.1 4 0.0 0.0 0.4 0 1 1 0.5 0 1 1 0.6 0 1 1 0.7 0 1 1 0.9 0 1 1
1 0.1 4 0.25 0.0 0.4 1 0.0 0.0 0.5 1 0.0 0.0 0.6 1 0.0 0.0 0.7 0 1 1 0.9 0 1 1
1 0.1 3 0.0 0.0 0.4 1 0.0 0.0 0.5 1 0.0 0.0 0.6 0 1 1 0.7 0 1 1 0.9 0 1 1
1 0.1 0 1 1 0.4 0 1 1 0.5 0 1 1 0.6 0 1 1 0.7 0 1 1 0.9 0 1 1
1 0.1 10 0.0 0.0 0.4 3 0.0 0.0 0.5 0 1 1 0.6 0 1 1 0.7 0 1 1 0.9 0 1 1
1 0.1 5 0.0 0.0 0.4 1 0.0 0.0 0.5 0 1 1 0.6 0 1 1 0.7 0 1 1 0.9 0 1 1
1 0.1 1 0.0 0.0 0.4 0 1 1 0.5 0 1 1 0.6 0 1 1 0.7 0 1 1 0.9 0 1 1
1 0.1 10 0.1 0.0 0.4 1 0.0 0.0 0.5 0 1 1 0.6 0 1 1 0.7 0 1 1 0.9 0 1 1
1 0.1 1 0.0 0.0 0.4 0 1 1 0.5 0 1 1 0.6 0 1 1 0.7 0 1 1 0.9 0 1 1
1 0.1 1 0.0 0.0 0.4 0 1 1 0.5 0 1 1 0.6 0 1 1 0.7 0 1 1 0.9 0 1 1
1 0.1 0 1 1 0.4 0 1 1 0.5 0 1 1 0.6 0 1 1 0.7 0 1 1 0.9 0 1 1
1 0.1 1 0.0 0.0 0.4 0 1 1 0.5 0 1 1 0.6 0 1 1 0.7 0 1 1 0.9 0 1 1
1 0.1 0 1 1 0.4 0 1 1 0.5 0 1 1 0.6 0 1 1 0.7 0 1 1 0.9 0 1 1
1 0.1 0 1 1 0.4 0 1 1 0.5 0 1 1 0.6 0 1 1 0.7 0 1 1 0.9 0 1 1
1 0.1 1 0.0 0.0 0.4 0 1 1 0.5 0 1 1 0.6 0 1 1 0.7 0 1 1 0.9 0 1 1
1 0.1 1 0.0 0.0 0.4 0 1 1 0.5 0 1 1 0.6 0 1 1 0.7 0 1 1 0.9 0 1 1
1 0.1 1 0.0 0.0 0.4 0 1 1 0.5 0 1 1 0.6 0 1 1 0.7 0 1 1 0.9 0 1 1
1 0.1 4 0.25 0.0 0.4 1 0.0 0.0 0.5 0 1 1 0.6 0 1 1 0.7 0 1 1 0.9 0 1 1
1 0.1 0 1 1 0.4 0 1 1 0.5 0 1 1 0.6 0 1 1 0.7 0 1 1 0.9 0 1 1
1 0.1 5 0.2 0.0 0.4 1 0.0 0.0 0.5 1 0.0 0.0 0.6 0 1 1 0.7 0 1 1 0.9 0 1 1
1 0.1 11 0.09090909090909091 0.0 0.4 0 1 1 0.5 0 1 1 0.6 0 1 1 0.7 0 1 1 0.9 0 1 1
1 0.1 4 0.25 0.0 0.4 0 1 1 0.5 0 1 1 0.6 0 1 1 0.7 0 1 1 0.9 0 1 1
1 0.1 3 0.0 0.0 0.4 0 1 1 0.5 0 1 1 0.6 0 1 1 0.7 0 1 1 0.9 0 1 1
1 0.1 7 0.14285714285714285 0.0 0.4 0 1 1 0.5 0 1 1 0.6 0 1 1 0.7 0 1 1 0.9 0 1 1
1 0.1 3 0.3333333333333333 0.0 0.4 0 1 1 0.5 0 1 1 0.6 0 1 1 0.7 0 1 1 0.9 0 1 1
1 0.1 19 0.0 0.0 0.4 1 0.0 0.0 0.5 0 1 1 0.6 0 1 1 0.7 0 1 1 0.9 0 1 1
1 0.1 5 0.2 0.0 0.4 0 1 1 0.5 0 1 1 0.6 0 1 1 0.7 0 1 1 0.9 0 1 1
1 0.1 6 0.0 0.0 0.4 0 1 1 0.5 0 1 1 0.6 0 1 1 0.7 0 1 1 0.9 0 1 1
1 0.1 2 0.5 0.0 0.4 0 1 1 0.5 0 1 1 0.6 0 1 1 0.7 0 1 1 0.9 0 1 1
1 0.1 4 0.25 0.0 0.4 0 1 1 0.5 0 1 1 0.6 0 1 1 0.7 0 1 1 0.9 0 1 1
1 0.1 4 0.25 0.0 0.4 0 1 1 0.5 0 1 1 0.6 0 1 1 0.7 0 1 1 0.9 0 1 1
1 0.1 3 0.3333333333333333 0.0 0.4 0 1 1 0.5 0 1 1 0.6 0 1 1 0.7 0 1 1 0.9 0 1 1
1 0.1 5 0.0 0.0 0.4 0 1 1 0.5 0 1 1 0.6 0 1 1 0.7 0 1 1 0.9 0 1 1
1 0.1 1 0.0 0.0 0.4 0 1 1 0.5 0 1 1 0.6 0 1 1 0.7 0 1 1 0.9 0 1 1
1 0.1 1 0.0 0.0 0.4 0 1 1 0.5 0 1 1 0.6 0 1 1 0.7 0 1 1 0.9 0 1 1
1 0.1 1 0.0 0.0 0.4 0 1 1 0.5 0 1 1 0.6 0 1 1 0.7 0 1 1 0.9 0 1 1
1 0.1 3 0.0 0.0 0.4 0 1 1 0.5 0 1 1 0.6 0 1 1 0.7 0 1 1 0.9 0 1 1
1 0.1 8 0.125 0.0 0.4 1 0.0 0.0 0.5 1 0.0 0.0 0.6 0 1 1 0.7 0 1 1 0.9 0 1 1
1 0.1 8 0.125 0.0 0.4 1 0.0 0.0 0.5 0 1 1 0.6 0 1 1 0.7 0 1 1 0.9 0 1 1
1 0.1 2 0.0 0.0 0.4 0 1 1 0.5 0 1 1 0.6 0 1 1 0.7 0 1 1 0.9 0 1 1
1 0.1 1 0.0 0.0 0.4 0 1 1 0.5 0 1 1 0.6 0 1 1 0.7 0 1 1 0.9 0 1 1
1 0.1 4 0.25 0.0 0.4 0 1 1 0.5 0 1 1 0.6 0 1 1 0.7 0 1 1 0.9 0 1 1
1 0.1 2 0.5 0.0 0.4 0 1 1 0.5 0 1 1 0.6 0 1 1 0.7 0 1 1 0.9 0 1 1
1 0.1 2 0.5 0.0 0.4 0 1 1 0.5 0 1 1 0.6 0 1 1 0.7 0 1 1 0.9 0 1 1
1 0.1 25 0.0 0.0 0.4 0 1 1 0.5 0 1 1 0.6 0 1 1 0.7 0 1 1 0.9 0 1 1
1 0.1 8 0.0 0.0 0.4 0 1 1 0.5 0 1 1 0.6 0 1 1 0.7 0 1 1 0.9 0 1 1
1 0.1 55 0.0 0.0 0.4 4 0.0 0.0 0.5 0 1 1 0.6 0 1 1 0.7 0 1 1 0.9 0 1 1
1 0.1 0 1 1 0.4 0 1 1 0.5 0 1 1 0.6 0 1 1 0.7 0 1 1 0.9 0 1 1
1 0.1 0 1 1 0.4 0 1 1 0.5 0 1 1 0.6 0 1 1 0.7 0 1 1 0.9 0 1 1
1 0.1 2 0.5 0.0 0.4 0 1 1 0.5 0 1 1 0.6 0 1 1 0.7 0 1 1 0.9 0 1 1
1 0.1 1 1.0 0.0 0.4 0 1 1 0.5 0 1 1 0.6 0 1 1 0.7 0 1 1 0.9 0 1 1
1 0.1 0 1 1 0.4 0 1 1 0.5 0 1 1 0.6 0 1 1 0.7 0 1 1 0.9 0 1 1
1 0.1 0 1 1 0.4 0 1 1 0.5 0 1 1 0.6 0 1 1 0.7 0 1 1 0.9 0 1 1
1 0.1 1 1.0 0.0 0.4 0 1 1 0.5 0 1 1 0.6 0 1 1 0.7 0 1 1 0.9 0 1 1
1 0.1 1 1.0 0.0 0.4 0 1 1 0.5 0 1 1 0.6 0 1 1 0.7 0 1 1 0.9 0 1 1
1 0.1 0 1 1 0.4 0 1 1 0.5 0 1 1 0.6 0 1 1 0.7 0 1 1 0.9 0 1 1
1 0.1 2 0.5 0.0 0.4 0 1 1 0.5 0 1 1 0.6 0 1 1 0.7 0 1 1 0.9 0 1 1
1 0.1 0 1 1 0.4 0 1 1 0.5 0 1 1 0.6 0 1 1 0.7 0 1 1 0.9 0 1 1
1 0.1 2 0.5 0.0 0.4 0 1 1 0.5 0 1 1 0.6 0 1 1 0.7 0 1 1 0.9 0 1 1
1 0.1 47 0.0 0.0 0.4 1 0.0 0.0 0.5 0 1 1 0.6 0 1 1 0.7 0 1 1 0.9 0 1 1
1 0.1 1 1.0 0.0 0.4 0 1 1 0.5 0 1 1 0.6 0 1 1 0.7 0 1 1 0.9 0 1 1
1 0.1 5 0.0 0.0 0.4 0 1 1 0.5 0 1 1 0.6 0 1 1 0.7 0 1 1 0.9 0 1 1
1 0.1 5 0.2 0.0 0.4 0 1 1 0.5 0 1 1 0.6 0 1 1 0.7 0 1 1 0.9 0 1 1
1 0.1 1 1.0 0.0 0.4 0 1 1 0.5 0 1 1 0.6 0 1 1 0.7 0 1 1 0.9 0 1 1
1 0.1 3 0.3333333333333333 0.0 0.4 0 1 1 0.5 0 1 1 0.6 0 1 1 0.7 0 1 1 0.9 0 1 1
1 0.1 3 0.0 0.0 0.4 0 1 1 0.5 0 1 1 0.6 0 1 1 0.7 0 1 1 0.9 0 1 1
1 0.1 24 0.041666666666666664 0.0 0.4 1 0.0 0.0 0.5 1 0.0 0.0 0.6 0 1 1 0.7 0 1 1 0.9 0 1 1
1 0.1 1 0.0 0.0 0.4 0 1 1 0.5 0 1 1 0.6 0 1 1 0.7 0 1 1 0.9 0 1 1
1 0.1 1 1.0 0.0 0.4 0 1 1 0.5 0 1 1 0.6 0 1 1 0.7 0 1 1 0.9 0 1 1
1 0.1 2 0.5 0.0 0.4 0 1 1 0.5 0 1 1 0.6 0 1 1 0.7 0 1 1 0.9 0 1 1
1 0.1 2 0.5 0.0 0.4 0 1 1 0.5 0 1 1 0.6 0 1 1 0.7 0 1 1 0.9 0 1 1
1 0.1 2 0.5 0.0 0.4 0 1 1 0.5 0 1 1 0.6 0 1 1 0.7 0 1 1 0.9 0 1 1
1 0.1 8 0.125 0.0 0.4 1 1.0 0.0 0.5 0 1 1 0.6 0 1 1 0.7 0 1 1 0.9 0 1 1
1 0.1 2 0.5 0.0 0.4 0 1 1 0.5 0 1 1 0.6 0 1 1 0.7 0 1 1 0.9 0 1 1
1 0.1 2 0.5 0.0 0.4 1 1.0 0.0 0.5 0 1 1 0.6 0 1 1 0.7 0 1 1 0.9 0 1 1
1 0.1 6 0.16666666666666666 0.0 0.4 1 1.0 0.0 0.5 1 1.0 0.0 0.6 0 1 1 0.7 0 1 1 0.9 0 1 1
1 0.1 4 0.25 0.0 0.4 1 1.0 0.0 0.5 1 1.0 0.0 0.6 0 1 1 0.7 0 1 1 0.9 0 1 1
1 0.1 1 1.0 0.0 0.4 0 1 1 0.5 0 1 1 0.6 0 1 1 0.7 0 1 1 0.9 0 1 1
1 0.1 2 0.5 0.0 0.4 0 1 1 0.5 0 1 1 0.6 0 1 1 0.7 0 1 1 0.9 0 1 1
1 0.1 3 0.3333333333333333 0.0 0.4 1 1.0 0.0 0.5 0 1 1 0.6 0 1 1 0.7 0 1 1 0.9 0 1 1
1 0.1 4 0.25 0.0 0.4 0 1 1 0.5 0 1 1 0.6 0 1 1 0.7 0 1 1 0.9 0 1 1
1 0.1 7 0.14285714285714285 0.0 0.4 0 1 1 0.5 0 1 1 0.6 0 1 1 0.7 0 1 1 0.9 0 1 1
1 0.1 4 0.25 0.0 0.4 0 1 1 0.5 0 1 1 0.6 0 1 1 0.7 0 1 1 0.9 0 1 1
1 0.1 7 0.14285714285714285 0.0 0.4 0 1 1 0.5 0 1 1 0.6 0 1 1 0.7 0 1 1 0.9 0 1 1
1 0.1 3 0.3333333333333333 0.0 0.4 0 1 1 0.5 0 1 1 0.6 0 1 1 0.7 0 1 1 0.9 0 1 1
1 0.1 0 1 1 0.4 0 1 1 0.5 0 1 1 0.6 0 1 1 0.7 0 1 1 0.9 0 1 1
1 0.1 1 1.0 0.0 0.4 0 1 1 0.5 0 1 1 0.6 0 1 1 0.7 0 1 1 0.9 0 1 1
1 0.1 1 1.0 0.0 0.4 0 1 1 0.5 0 1 1 0.6 0 1 1 0.7 0 1 1 0.9 0 1 1
1 0.1 4 0.25 0.0 0.4 0 1 1 0.5 0 1 1 0.6 0 1 1 0.7 0 1 1 0.9 0 1 1
1 0.1 6 0.16666666666666666 0.0 0.4 0 1 1 0.5 0 1 1 0.6 0 1 1 0.7 0 1 1 0.9 0 1 1
1 0.1 6 0.16666666666666666 0.0 0.4 0 1 1 0.5 0 1 1 0.6 0 1 1 0.7 0 1 1 0.9 0 1 1
1 0.1 4 0.25 0.0 0.4 0 1 1 0.5 0 1 1 0.6 0 1 1 0.7 0 1 1 0.9 0 1 1
1 0.1 6 0.16666666666666666 0.0 0.4 0 1 1 0.5 0 1 1 0.6 0 1 1 0.7 0 1 1 0.9 0 1 1
1 0.1 2 0.0 0.0 0.4 0 1 1 0.5 0 1 1 0.6 0 1 1 0.7 0 1 1 0.9 0 1 1
1 0.1 5 0.2 0.0 0.4 0 1 1 0.5 0 1 1 0.6 0 1 1 0.7 0 1 1 0.9 0 1 1
1 0.1 4 0.25 0.0 0.4 1 1.0 0.0 0.5 0 1 1 0.6 0 1 1 0.7 0 1 1 0.9 0 1 1
1 0.1 1 1.0 0.0 0.4 0 1 1 0.5 0 1 1 0.6 0 1 1 0.7 0 1 1 0.9 0 1 1
1 0.1 0 1 1 0.4 0 1 1 0.5 0 1 1 0.6 0 1 1 0.7 0 1 1 0.9 0 1 1
1 0.1 2 0.5 0.0 0.4 0 1 1 0.5 0 1 1 0.6 0 1 1 0.7 0 1 1 0.9 0 1 1
1 0.1 2 0.5 0.0 0.4 0 1 1 0.5 0 1 1 0.6 0 1 1 0.7 0 1 1 0.9 0 1 1
1 0.1 2 0.5 0.0 0.4 0 1 1 0.5 0 1 1 0.6 0 1 1 0.7 0 1 1 0.9 0 1 1
1 0.1 2 0.5 0.0 0.4 0 1 1 0.5 0 1 1 0.6 0 1 1 0.7 0 1 1 0.9 0 1 1
1 0.1 5 0.2 0.0 0.4 2 0.5 0.0 0.5 0 1 1 0.6 0 1 1 0.7 0 1 1 0.9 0 1 1
1 0.1 3 0.3333333333333333 0.0 0.4 1 1.0 0.0 0.5 0 1 1 0.6 0 1 1 0.7 0 1 1 0.9 0 1 1
1 0.1 2 0.5 0.0 0.4 0 1 1 0.5 0 1 1 0.6 0 1 1 0.7 0 1 1 0.9 0 1 1
1 0.1 4 0.25 0.0 0.4 0 1 1 0.5 0 1 1 0.6 0 1 1 0.7 0 1 1 0.9 0 1 1
1 0.1 2 0.5 0.0 0.4 0 1 1 0.5 0 1 1 0.6 0 1 1 0.7 0 1 1 0.9 0 1 1
1 0.1 1 1.0 0.0 0.4 0 1 1 0.5 0 1 1 0.6 0 1 1 0.7 0 1 1 0.9 0 1 1
1 0.1 0 1 1 0.4 0 1 1 0.5 0 1 1 0.6 0 1 1 0.7 0 1 1 0.9 0 1 1
1 0.1 3 0.3333333333333333 0.0 0.4 0 1 1 0.5 0 1 1 0.6 0 1 1 0.7 0 1 1 0.9 0 1 1
1 0.1 17 0.058823529411764705 0.0 0.4 2 0.0 0.0 0.5 0 1 1 0.6 0 1 1 0.7 0 1 1 0.9 0 1 1
1 0.1 1 0.0 0.0 0.4 0 1 1 0.5 0 1 1 0.6 0 1 1 0.7 0 1 1 0.9 0 1 1
1 0.1 0 1 1 0.4 0 1 1 0.5 0 1 1 0.6 0 1 1 0.7 0 1 1 0.9 0 1 1
1 0.1 2 0.5 0.0 0.4 0 1 1 0.5 0 1 1 0.6 0 1 1 0.7 0 1 1 0.9 0 1 1
1 0.1 4 0.25 0.0 0.4 1 1.0 0.0 0.5 0 1 1 0.6 0 1 1 0.7 0 1 1 0.9 0 1 1
1 0.1 2 0.5 0.0 0.4 0 1 1 0.5 0 1 1 0.6 0 1 1 0.7 0 1 1 0.9 0 1 1
1 0.1 4 0.25 0.0 0.4 2 0.5 0.0 0.5 1 0.0 0.0 0.6 0 1 1 0.7 0 1 1 0.9 0 1 1
1 0.1 4 0.25 0.0 0.4 1 0.0 0.0 0.5 1 0.0 0.0 0.6 0 1 1 0.7 0 1 1 0.9 0 1 1
1 0.1 4 0.25 0.0 0.4 2 0.5 0.0 0.5 1 0.0 0.0 0.6 1 0.0 0.0 0.7 1 0.0 0.0 0.9 0 1 1
1 0.1 4 0.25 0.0 0.4 2 0.5 0.0 0.5 2 0.5 0.0 0.6 1 1.0 0.0 0.7 0 1 1 0.9 0 1 1
1 0.1 8 0.125 0.0 0.4 0 1 1 0.5 0 1 1 0.6 0 1 1 0.7 0 1 1 0.9 0 1 1
1 0.1 4 0.25 0.0 0.4 0 1 1 0.5 0 1 1 0.6 0 1 1 0.7 0 1 1 0.9 0 1 1
1 0.1 2 0.5 0.0 0.4 0 1 1 0.5 0 1 1 0.6 0 1 1 0.7 0 1 1 0.9 0 1 1
1 0.1 2 0.5 0.0 0.4 0 1 1 0.5 0 1 1 0.6 0 1 1 0.7 0 1 1 0.9 0 1 1
1 0.1 1 1.0 0.0 0.4 0 1 1 0.5 0 1 1 0.6 0 1 1 0.7 0 1 1 0.9 0 1 1
1 0.1 1 1.0 0.0 0.4 0 1 1 0.5 0 1 1 0.6 0 1 1 0.7 0 1 1 0.9 0 1 1
1 0.1 4 0.25 0.0 0.4 0 1 1 0.5 0 1 1 0.6 0 1 1 0.7 0 1 1 0.9 0 1 1
1 0.1 2 0.5 0.0 0.4 1 1.0 0.0 0.5 1 1.0 0.0 0.6 0 1 1 0.7 0 1 1 0.9 0 1 1
1 0.1 1 1.0 0.0 0.4 1 1.0 0.0 0.5 1 1.0 0.0 0.6 0 1 1 0.7 0 1 1 0.9 0 1 1
1 0.1 1 1.0 0.0 0.4 0 1 1 0.5 0 1 1 0.6 0 1 1 0.7 0 1 1 0.9 0 1 1
1 0.1 4 0.25 0.0 0.4 0 1 1 0.5 0 1 1 0.6 0 1 1 0.7 0 1 1 0.9 0 1 1
1 0.1 1 0.0 0.0 0.4 0 1 1 0.5 0 1 1 0.6 0 1 1 0.7 0 1 1 0.9 0 1 1
1 0.1 4 0.25 0.0 0.4 0 1 1 0.5 0 1 1 0.6 0 1 1 0.7 0 1 1 0.9 0 1 1
1 0.1 3 0.3333333333333333 0.0 0.4 0 1 1 0.5 0 1 1 0.6 0 1 1 0.7 0 1 1 0.9 0 1 1
1 0.1 1 1.0 0.0 0.4 0 1 1 0.5 0 1 1 0.6 0 1 1 0.7 0 1 1 0.9 0 1 1
1 0.1 3 0.3333333333333333 0.0 0.4 0 1 1 0.5 0 1 1 0.6 0 1 1 0.7 0 1 1 0.9 0 1 1
1 0.1 1 0.0 0.0 0.4 0 1 1 0.5 0 1 1 0.6 0 1 1 0.7 0 1 1 0.9 0 1 1
1 0.1 0 1 1 0.4 0 1 1 0.5 0 1 1 0.6 0 1 1 0.7 0 1 1 0.9 0 1 1
1 0.1 1 1.0 0.0 0.4 0 1 1 0.5 0 1 1 0.6 0 1 1 0.7 0 1 1 0.9 0 1 1
1 0.1 0 1 1 0.4 0 1 1 0.5 0 1 1 0.6 0 1 1 0.7 0 1 1 0.9 0 1 1
1 0.1 3 0.3333333333333333 0.0 0.4 0 1 1 0.5 0 1 1 0.6 0 1 1 0.7 0 1 1 0.9 0 1 1
1 0.1 4 0.25 0.0 0.4 0 1 1 0.5 0 1 1 0.6 0 1 1 0.7 0 1 1 0.9 0 1 1
1 0.1 5 0.2 0.0 0.4 0 1 1 0.5 0 1 1 0.6 0 1 1 0.7 0 1 1 0.9 0 1 1
1 0.1 6 0.16666666666666666 0.0 0.4 0 1 1 0.5 0 1 1 0.6 0 1 1 0.7 0 1 1 0.9 0 1 1
1 0.1 0 1 1 0.4 0 1 1 0.5 0 1 1 0.6 0 1 1 0.7 0 1 1 0.9 0 1 1
1 0.1 0 1 1 0.4 0 1 1 0.5 0 1 1 0.6 0 1 1 0.7 0 1 1 0.9 0 1 1
1 0.1 1 0.0 0.0 0.4 0 1 1 0.5 0 1 1 0.6 0 1 1 0.7 0 1 1 0.9 0 1 1
1 0.1 3 0.3333333333333333 0.0 0.4 0 1 1 0.5 0 1 1 0.6 0 1 1 0.7 0 1 1 0.9 0 1 1
1 0.1 5 0.2 0.0 0.4 1 0.0 0.0 0.5 1 0.0 0.0 0.6 0 1 1 0.7 0 1 1 0.9 0 1 1
1 0.1 6 0.16666666666666666 0.0 0.4 1 0.0 0.0 0.5 0 1 1 0.6 0 1 1 0.7 0 1 1 0.9 0 1 1
1 0.1 5 0.2 0.0 0.4 2 0.0 0.0 0.5 1 0.0 0.0 0.6 1 0.0 0.0 0.7 1 0.0 0.0 0.9 0 1 1
1 0.1 4 0.25 0.0 0.4 0 1 1 0.5 0 1 1 0.6 0 1 1 0.7 0 1 1 0.9 0 1 1
1 0.1 3 0.3333333333333333 0.0 0.4 0 1 1 0.5 0 1 1 0.6 0 1 1 0.7 0 1 1 0.9 0 1 1
1 0.1 2 0.0 0.0 0.4 0 1 1 0.5 0 1 1 0.6 0 1 1 0.7 0 1 1 0.9 0 1 1
1 0.1 1 1.0 0.0 0.4 0 1 1 0.5 0 1 1 0.6 0 1 1 0.7 0 1 1 0.9 0 1 1
1 0.1 3 0.3333333333333333 0.0 0.4 0 1 1 0.5 0 1 1 0.6 0 1 1 0.7 0 1 1 0.9 0 1 1
1 0.1 3 0.3333333333333333 0.0 0.4 2 0.5 0.0 0.5 1 1.0 0.0 0.6 0 1 1 0.7 0 1 1 0.9 0 1 1
1 0.1 6 0.16666666666666666 0.0 0.4 2 0.5 0.0 0.5 0 1 1 0.6 0 1 1 0.7 0 1 1 0.9 0 1 1
1 0.1 6 0.16666666666666666 0.0 0.4 1 0.0 0.0 0.5 1 0.0 0.0 0.6 0 1 1 0.7 0 1 1 0.9 0 1 1
1 0.1 6 0.16666666666666666 0.0 0.4 1 0.0 0.0 0.5 1 0.0 0.0 0.6 0 1 1 0.7 0 1 1 0.9 0 1 1
1 0.1 2 0.5 0.0 0.4 1 0.0 0.0 0.5 0 1 1 0.6 0 1 1 0.7 0 1 1 0.9 0 1 1
1 0.1 3 0.3333333333333333 0.0 0.4 1 0.0 0.0 0.5 1 0.0 0.0 0.6 1 0.0 0.0 0.7 0 1 1 0.9 0 1 1
1 0.1 2 0.5 0.0 0.4 1 1.0 0.0 0.5 0 1 1 0.6 0 1 1 0.7 0 1 1 0.9 0 1 1
1 0.1 2 0.5 0.0 0.4 1 1.0 0.0 0.5 0 1 1 0.6 0 1 1 0.7 0 1 1 0.9 0 1 1
1 0.1 2 0.5 0.0 0.4 1 1.0 0.0 0.5 1 1.0 0.0 0.6 0 1 1 0.7 0 1 1 0.9 0 1 1
1 0.1 3 0.3333333333333333 0.0 0.4 0 1 1 0.5 0 1 1 0.6 0 1 1 0.7 0 1 1 0.9 0 1 1
1 0.1 5 0.2 0.0 0.4 2 0.5 0.0 0.5 1 1.0 0.0 0.6 0 1 1 0.7 0 1 1 0.9 0 1 1
1 0.1 5 0.2 0.0 0.4 2 0.5 0.0 0.5 1 1.0 0.0 0.6 1 1.0 0.0 0.7 0 1 1 0.9 0 1 1
1 0.1 4 0.25 0.0 0.4 1 0.0 0.0 0.5 0 1 1 0.6 0 1 1 0.7 0 1 1 0.9 0 1 1
1 0.1 5 0.2 0.0 0.4 3 0.3333333333333333 0.0 0.5 2 0.5 0.0 0.6 1 0.0 0.0 0.7 0 1 1 0.9 0 1 1
1 0.1 4 0.25 0.0 0.4 0 1 1 0.5 0 1 1 0.6 0 1 1 0.7 0 1 1 0.9 0 1 1
1 0.1 6 0.16666666666666666 0.0 0.4 1 0.0 0.0 0.5 1 0.0 0.0 0.6 0 1 1 0.7 0 1 1 0.9 0 1 1
1 0.1 7 0.14285714285714285 0.0 0.4 0 1 1 0.5 0 1 1 0.6 0 1 1 0.7 0 1 1 0.9 0 1 1
1 0.1 8 0.125 0.0 0.4 2 0.5 0.0 0.5 0 1 1 0.6 0 1 1 0.7 0 1 1 0.9 0 1 1
1 0.1 6 0.16666666666666666 0.0 0.4 2 0.5 0.0 0.5 1 0.0 0.0 0.6 1 0.0 0.0 0.7 0 1 1 0.9 0 1 1
1 0.1 5 0.2 0.0 0.4 2 0.5 0.0 0.5 1 0.0 0.0 0.6 1 0.0 0.0 0.7 1 0.0 0.0 0.9 0 1 1
1 0.1 3 0.3333333333333333 0.0 0.4 2 0.5 0.0 0.5 2 0.5 0.0 0.6 1 0.0 0.0 0.7 0 1 1 0.9 0 1 1
1 0.1 4 0.25 0.0 0.4 1 0.0 0.0 0.5 1 0.0 0.0 0.6 0 1 1 0.7 0 1 1 0.9 0 1 1
1 0.1 6 0.16666666666666666 0.0 0.4 2 0.5 0.0 0.5 0 1 1 0.6 0 1 1 0.7 0 1 1 0.9 0 1 1
1 0.1 5 0.2 0.0 0.4 2 0.5 0.0 0.5 0 1 1 0.6 0 1 1 0.7 0 1 1 0.9 0 1 1
1 0.1 5 0.2 0.0 0.4 1 1.0 0.0 0.5 0 1 1 0.6 0 1 1 0.7 0 1 1 0.9 0 1 1
1 0.1 5 0.2 0.0 0.4 1 1.0 0.0 0.5 1 1.0 0.0 0.6 0 1 1 0.7 0 1 1 0.9 0 1 1
1 0.1 6 0.16666666666666666 0.0 0.4 2 0.5 0.0 0.5 2 0.5 0.0 0.6 1 1.0 0.0 0.7 0 1 1 0.9 0 1 1
1 0.1 6 0.16666666666666666 0.0 0.4 2 0.5 0.0 0.5 2 0.5 0.0 0.6 1 0.0 0.0 0.7 0 1 1 0.9 0 1 1
1 0.1 4 0.25 0.0 0.4 2 0.5 0.0 0.5 1 0.0 0.0 0.6 0 1 1 0.7 0 1 1 0.9 0 1 1
1 0.1 4 0.25 0.0 0.4 0 1 1 0.5 0 1 1 0.6 0 1 1 0.7 0 1 1 0.9 0 1 1
1 0.1 2 0.5 0.0 0.4 0 1 1 0.5 0 1 1 0.6 0 1 1 0.7 0 1 1 0.9 0 1 1
1 0.1 4 0.25 0.0 0.4 2 0.5 0.0 0.5 1 1.0 0.0 0.6 0 1 1 0.7 0 1 1 0.9 0 1 1
1 0.1 5 0.2 0.0 0.4 1 0.0 0.0 0.5 1 0.0 0.0 0.6 0 1 1 0.7 0 1 1 0.9 0 1 1
1 0.1 6 0.16666666666666666 0.0 0.4 2 0.5 0.0 0.5 1 0.0 0.0 0.6 0 1 1 0.7 0 1 1 0.9 0 1 1
1 0.1 6 0.16666666666666666 0.0 0.4 0 1 1 0.5 0 1 1 0.6 0 1 1 0.7 0 1 1 0.9 0 1 1
1 0.1 6 0.16666666666666666 0.0 0.4 0 1 1 0.5 0 1 1 0.6 0 1 1 0.7 0 1 1 0.9 0 1 1
1 0.1 4 0.25 0.0 0.4 0 1 1 0.5 0 1 1 0.6 0 1 1 0.7 0 1 1 0.9 0 1 1
1 0.1 3 0.3333333333333333 0.0 0.4 0 1 1 0.5 0 1 1 0.6 0 1 1 0.7 0 1 1 0.9 0 1 1
1 0.1 5 0.2 0.0 0.4 2 0.5 0.0 0.5 1 0.0 0.0 0.6 0 1 1 0.7 0 1 1 0.9 0 1 1
1 0.1 7 0.14285714285714285 0.0 0.4 2 0.5 0.0 0.5 1 0.0 0.0 0.6 1 0.0 0.0 0.7 0 1 1 0.9 0 1 1
1 0.1 7 0.14285714285714285 0.0 0.4 1 0.0 0.0 0.5 1 0.0 0.0 0.6 1 0.0 0.0 0.7 0 1 1 0.9 0 1 1
1 0.1 5 0.2 0.0 0.4 2 0.0 0.0 0.5 0 1 1 0.6 0 1 1 0.7 0 1 1 0.9 0 1 1
1 0.1 1 0.0 0.0 0.4 1 0.0 0.0 0.5 0 1 1 0.6 0 1 1 0.7 0 1 1 0.9 0 1 1
1 0.1 4 0.25 0.0 0.4 1 0.0 0.0 0.5 0 1 1 0.6 0 1 1 0.7 0 1 1 0.9 0 1 1
1 0.1 4 0.25 0.0 0.4 0 1 1 0.5 0 1 1 0.6 0 1 1 0.7 0 1 1 0.9 0 1 1
1 0.1 2 0.5 0.0 0.4 0 1 1 0.5 0 1 1 0.6 0 1 1 0.7 0 1 1 0.9 0 1 1
1 0.1 1 0.0 0.0 0.4 0 1 1 0.5 0 1 1 0.6 0 1 1 0.7 0 1 1 0.9 0 1 1
1 0.1 3 0.3333333333333333 0.0 0.4 1 1.0 0.0 0.5 0 1 1 0.6 0 1 1 0.7 0 1 1 0.9 0 1 1
1 0.1 4 0.25 0.0 0.4 0 1 1 0.5 0 1 1 0.6 0 1 1 0.7 0 1 1 0.9 0 1 1
1 0.1 7 0.14285714285714285 0.0 0.4 2 0.5 0.0 0.5 2 0.5 0.0 0.6 0 1 1 0.7 0 1 1 0.9 0 1 1
1 0.1 5 0.2 0.0 0.4 3 0.3333333333333333 0.0 0.5 2 0.5 0.0 0.6 1 1.0 0.0 0.7 0 1 1 0.9 0 1 1
1 0.1 3 0.3333333333333333 0.0 0.4 0 1 1 0.5 0 1 1 0.6 0 1 1 0.7 0 1 1 0.9 0 1 1
1 0.1 3 0.3333333333333333 0.0 0.4 1 1.0 0.0 0.5 0 1 1 0.6 0 1 1 0.7 0 1 1 0.9 0 1 1
1 0.1 4 0.25 0.0 0.4 2 0.5 0.0 0.5 2 0.5 0.0 0.6 1 0.0 0.0 0.7 0 1 1 0.9 0 1 1
1 0.1 2 0.0 0.0 0.4 0 1 1 0.5 0 1 1 0.6 0 1 1 0.7 0 1 1 0.9 0 1 1
1 0.1 0 1 1 0.4 0 1 1 0.5 0 1 1 0.6 0 1 1 0.7 0 1 1 0.9 0 1 1
1 0.1 5 0.2 0.0 0.4 1 0.0 0.0 0.5 1 0.0 0.0 0.6 0 1 1 0.7 0 1 1 0.9 0 1 1
1 0.1 5 0.2 0.0 0.4 1 0.0 0.0 0.5 1 0.0 0.0 0.6 0 1 1 0.7 0 1 1 0.9 0 1 1
1 0.1 7 0.14285714285714285 0.0 0.4 3 0.0 0.0 0.5 2 0.0 0.0 0.6 2 0.0 0.0 0.7 1 0.0 0.0 0.9 0 1 1
1 0.1 7 0.14285714285714285 0.0 0.4 1 0.0 0.0 0.5 1 0.0 0.0 0.6 1 0.0 0.0 0.7 0 1 1 0.9 0 1 1
1 0.1 5 0.2 0.0 0.4 2 0.5 0.0 0.5 1 0.0 0.0 0.6 0 1 1 0.7 0 1 1 0.9 0 1 1
1 0.1 4 0.25 0.0 0.4 2 0.0 0.0 0.5 1 0.0 0.0 0.6 0 1 1 0.7 0 1 1 0.9 0 1 1
1 0.1 5 0.2 0.0 0.4 2 0.5 0.0 0.5 1 0.0 0.0 0.6 0 1 1 0.7 0 1 1 0.9 0 1 1
1 0.1 6 0.16666666666666666 0.0 0.4 1 0.0 0.0 0.5 1 0.0 0.0 0.6 0 1 1 0.7 0 1 1 0.9 0 1 1
1 0.1 5 0.2 0.0 0.4 0 1 1 0.5 0 1 1 0.6 0 1 1 0.7 0 1 1 0.9 0 1 1
1 0.1 5 0.2 0.0 0.4 2 0.5 0.0 0.5 0 1 1 0.6 0 1 1 0.7 0 1 1 0.9 0 1 1
1 0.1 3 0.3333333333333333 0.0 0.4 1 0.0 0.0 0.5 0 1 1 0.6 0 1 1 0.7 0 1 1 0.9 0 1 1
1 0.1 4 0.25 0.0 0.4 1 1.0 0.0 0.5 0 1 1 0.6 0 1 1 0.7 0 1 1 0.9 0 1 1
1 0.1 1 0.0 0.0 0.4 0 1 1 0.5 0 1 1 0.6 0 1 1 0.7 0 1 1 0.9 0 1 1
1 0.1 2 0.5 0.0 0.4 1 0.0 0.0 0.5 0 1 1 0.6 0 1 1 0.7 0 1 1 0.9 0 1 1
1 0.1 4 0.25 0.0 0.4 0 1 1 0.5 0 1 1 0.6 0 1 1 0.7 0 1 1 0.9 0 1 1
1 0.1 2 0.5 0.0 0.4 0 1 1 0.5 0 1 1 0.6 0 1 1 0.7 0 1 1 0.9 0 1 1
1 0.1 4 0.25 0.0 0.4 1 1.0 0.0 0.5 0 1 1 0.6 0 1 1 0.7 0 1 1 0.9 0 1 1
1 0.1 4 0.25 0.0 0.4 2 0.5 0.0 0.5 1 1.0 0.0 0.6 0 1 1 0.7 0 1 1 0.9 0 1 1
1 0.1 4 0.25 0.0 0.4 3 0.3333333333333333 0.0 0.5 2 0.5 0.0 0.6 0 1 1 0.7 0 1 1 0.9 0 1 1
1 0.1 4 0.25 0.0 0.4 2 0.5 0.0 0.5 1 0.0 0.0 0.6 0 1 1 0.7 0 1 1 0.9 0 1 1
1 0.1 3 0.3333333333333333 0.0 0.4 1 0.0 0.0 0.5 1 0.0 0.0 0.6 0 1 1 0.7 0 1 1 0.9 0 1 1
1 0.1 4 0.25 0.0 0.4 2 0.5 0.0 0.5 0 1 1 0.6 0 1 1 0.7 0 1 1 0.9 0 1 1
1 0.1 4 0.25 0.0 0.4 0 1 1 0.5 0 1 1 0.6 0 1 1 0.7 0 1 1 0.9 0 1 1
1 0.1 4 0.25 0.0 0.4 0 1 1 0.5 0 1 1 0.6 0 1 1 0.7 0 1 1 0.9 0 1 1
1 0.1 4 0.25 0.0 0.4 1 0.0 0.0 0.5 0 1 1 0.6 0 1 1 0.7 0 1 1 0.9 0 1 1
1 0.1 4 0.25 0.0 0.4 0 1 1 0.5 0 1 1 0.6 0 1 1 0.7 0 1 1 0.9 0 1 1
1 0.1 3 0.3333333333333333 0.0 0.4 2 0.5 0.0 0.5 0 1 1 0.6 0 1 1 0.7 0 1 1 0.9 0 1 1
1 0.1 2 0.5 0.0 0.4 0 1 1 0.5 0 1 1 0.6 0 1 1 0.7 0 1 1 0.9 0 1 1
1 0.1 4 0.25 0.0 0.4 1 0.0 0.0 0.5 0 1 1 0.6 0 1 1 0.7 0 1 1 0.9 0 1 1
1 0.1 5 0.2 0.0 0.4 1 1.0 0.0 0.5 0 1 1 0.6 0 1 1 0.7 0 1 1 0.9 0 1 1
1 0.1 3 0.3333333333333333 0.0 0.4 2 0.5 0.0 0.5 1 1.0 0.0 0.6 0 1 1 0.7 0 1 1 0.9 0 1 1
1 0.1 4 0.25 0.0 0.4 1 0.0 0.0 0.5 0 1 1 0.6 0 1 1 0.7 0 1 1 0.9 0 1 1
1 0.1 3 0.3333333333333333 0.0 0.4 0 1 1 0.5 0 1 1 0.6 0 1 1 0.7 0 1 1 0.9 0 1 1
1 0.1 5 0.2 0.0 0.4 2 0.5 0.0 0.5 2 0.5 0.0 0.6 1 0.0 0.0 0.7 1 0.0 0.0 0.9 0 1 1
1 0.1 5 0.2 0.0 0.4 3 0.3333333333333333 0.0 0.5 1 0.0 0.0 0.6 1 0.0 0.0 0.7 0 1 1 0.9 0 1 1
1 0.1 4 0.25 0.0 0.4 3 0.3333333333333333 0.0 0.5 2 0.0 0.0 0.6 1 0.0 0.0 0.7 1 0.0 0.0 0.9 0 1 1
1 0.1 5 0.2 0.0 0.4 2 0.0 0.0 0.5 1 0.0 0.0 0.6 1 0.0 0.0 0.7 1 0.0 0.0 0.9 0 1 1
1 0.1 5 0.2 0.0 0.4 2 0.5 0.0 0.5 2 0.5 0.0 0.6 1 0.0 0.0 0.7 1 0.0 0.0 0.9 0 1 1
1 0.1 6 0.16666666666666666 0.0 0.4 4 0.25 0.0 0.5 3 0.3333333333333333 0.0 0.6 0 1 1 0.7 0 1 1 0.9 0 1 1
1 0.1 5 0.2 0.0 0.4 2 0.5 0.0 0.5 1 1.0 0.0 0.6 0 1 1 0.7 0 1 1 0.9 0 1 1
1 0.1 3 0.3333333333333333 0.0 0.4 1 0.0 0.0 0.5 1 0.0 0.0 0.6 0 1 1 0.7 0 1 1 0.9 0 1 1
1 0.1 5 0.2 0.0 0.4 3 0.3333333333333333 0.0 0.5 2 0.5 0.0 0.6 1 0.0 0.0 0.7 0 1 1 0.9 0 1 1
1 0.1 4 0.25 0.0 0.4 2 0.5 0.0 0.5 1 1.0 0.0 0.6 0 1 1 0.7 0 1 1 0.9 0 1 1
1 0.1 4 0.25 0.0 0.4 3 0.3333333333333333 0.0 0.5 3 0.3333333333333333 0.0 0.6 0 1 1 0.7 0 1 1 0.9 0 1 1
1 0.1 4 0.25 0.0 0.4 4 0.25 0.0 0.5 3 0.3333333333333333 0.0 0.6 3 0.3333333333333333 0.0 0.7 0 1 1 0.9 0 1 1
1 0.1 5 0.2 0.0 0.4 4 0.25 0.0 0.5 4 0.25 0.0 0.6 1 1.0 0.0 0.7 0 1 1 0.9 0 1 1
1 0.1 3 0.3333333333333333 0.0 0.4 3 0.3333333333333333 0.0 0.5 1 0.0 0.0 0.6 0 1 1 0.7 0 1 1 0.9 0 1 1
1 0.1 5 0.2 0.0 0.4 2 0.0 0.0 0.5 2 0.0 0.0 0.6 2 0.0 0.0 0.7 0 1 1 0.9 0 1 1
1 0.1 4 0.25 0.0 0.4 1 0.0 0.0 0.5 1 0.0 0.0 0.6 0 1 1 0.7 0 1 1 0.9 0 1 1
1 0.1 5 0.2 0.0 0.4 2 0.0 0.0 0.5 2 0.0 0.0 0.6 1 0.0 0.0 0.7 0 1 1 0.9 0 1 1
1 0.1 5 0.2 0.0 0.4 2 0.0 0.0 0.5 0 1 1 0.6 0 1 1 0.7 0 1 1 0.9 0 1 1
1 0.1 5 0.2 0.0 0.4 0 1 1 0.5 0 1 1 0.6 0 1 1 0.7 0 1 1 0.9 0 1 1
1 0.1 6 0.16666666666666666 0.0 0.4 1 0.0 0.0 0.5 0 1 1 0.6 0 1 1 0.7 0 1 1 0.9 0 1 1
1 0.1 3 0.3333333333333333 0.0 0.4 1 0.0 0.0 0.5 0 1 1 0.6 0 1 1 0.7 0 1 1 0.9 0 1 1
