14 0.1 0 1 1 0.4 0 1 1 0.5 0 1 1 0.6 0 1 1 0.7 0 1 1 0.9 0 1 1
14 0.1 1 0.0 0.0 0.4 0 1 1 0.5 0 1 1 0.6 0 1 1 0.7 0 1 1 0.9 0 1 1
14 0.1 1 0.0 0.0 0.4 0 1 1 0.5 0 1 1 0.6 0 1 1 0.7 0 1 1 0.9 0 1 1
14 0.1 5 0.4 0.0 0.4 0 1 1 0.5 0 1 1 0.6 0 1 1 0.7 0 1 1 0.9 0 1 1
14 0.1 18 0.1111111111111111 0.0 0.4 0 1 1 0.5 0 1 1 0.6 0 1 1 0.7 0 1 1 0.9 0 1 1
14 0.1 208 0.03365384615384615 0.0 0.4 4 0.25 0.0 0.5 1 0.0 0.0 0.6 0 1 1 0.7 0 1 1 0.9 0 1 1
14 0.1 42 0.047619047619047616 0.0 0.4 1 0.0 0.0 0.5 0 1 1 0.6 0 1 1 0.7 0 1 1 0.9 0 1 1
14 0.1 545 0.025688073394495414 0.0 0.4 72 0.05555555555555555 0.0 0.5 21 0.09523809523809523 0.0 0.6 1 0.0 0.0 0.7 0 1 1 0.9 0 1 1
14 0.1 353 0.036827195467422094 0.0 0.4 32 0.1875 0.0 0.5 6 0.16666666666666666 0.0 0.6 0 1 1 0.7 0 1 1 0.9 0 1 1
14 0.1 288 0.04861111111111111 0.0 0.4 2 0.5 0.0 0.5 1 1.0 0.0 0.6 0 1 1 0.7 0 1 1 0.9 0 1 1
14 0.1 107 0.07476635514018691 0.0 0.4 4 0.25 0.0 0.5 1 1.0 0.0 0.6 0 1 1 0.7 0 1 1 0.9 0 1 1
14 0.1 220 0.06363636363636363 0.0 0.4 15 0.26666666666666666 0.0 0.5 4 0.75 0.0 0.6 2 0.5 0.0 0.7 0 1 1 0.9 0 1 1
14 0.1 151 0.06622516556291391 0.0 0.4 19 0.10526315789473684 0.0 0.5 8 0.125 0.0 0.6 3 0.0 0.0 0.7 1 0.0 0.0 0.9 0 1 1
14 0.1 210 0.06190476190476191 0.0 0.4 16 0.25 0.0 0.5 6 0.16666666666666666 0.0 0.6 0 1 1 0.7 0 1 1 0.9 0 1 1
14 0.1 115 0.0782608695652174 0.0 0.4 3 1.0 0.0 0.5 0 1 1 0.6 0 1 1 0.7 0 1 1 0.9 0 1 1
14 0.1 117 0.1111111111111111 0.0 0.4 25 0.28 0.0 0.5 12 0.4166666666666667 0.0 0.6 5 0.6 0.0 0.7 0 1 1 0.9 0 1 1
14 0.1 176 0.07954545454545454 0.0 0.4 25 0.2 0.0 0.5 7 0.5714285714285714 0.0 0.6 0 1 1 0.7 0 1 1 0.9 0 1 1
14 0.1 108 0.1111111111111111 0.0 0.4 12 0.4166666666666667 0.0 0.5 2 0.5 0.0 0.6 0 1 1 0.7 0 1 1 0.9 0 1 1
14 0.1 74 0.17567567567567569 0.0 0.4 14 0.42857142857142855 0.0 0.5 9 0.5555555555555556 0.0 0.6 6 0.6666666666666666 0.0 0.7 1 1.0 0.0 0.9 0 1 1
14 0.1 81 0.13580246913580246 0.0 0.4 14 0.35714285714285715 0.0 0.5 6 0.5 0.0 0.6 2 1.0 0.0 0.7 0 1 1 0.9 0 1 1
14 0.1 28 0.25 0.0 0.4 11 0.5454545454545454 0.0 0.5 5 0.8 0.0 0.6 3 1.0 0.0 0.7 1 1.0 0.0 0.9 0 1 1
14 0.1 76 0.15789473684210525 0.0 0.4 12 0.75 0.0 0.5 6 0.6666666666666666 0.0 0.6 2 1.0 0.0 0.7 0 1 1 0.9 0 1 1
14 0.1 63 0.2222222222222222 0.0 0.4 17 0.5294117647058824 0.0 0.5 10 0.7 0.0 0.6 7 0.7142857142857143 0.0 0.7 0 1 1 0.9 0 1 1
14 0.1 71 0.18309859154929578 0.0 0.4 11 0.6363636363636364 0.0 0.5 4 1.0 0.0 0.6 2 1.0 0.0 0.7 0 1 1 0.9 0 1 1
14 0.1 9 0.3333333333333333 0.0 0.4 0 1 1 0.5 0 1 1 0.6 0 1 1 0.7 0 1 1 0.9 0 1 1
14 0.1 82 0.14634146341463414 0.0 0.4 25 0.24 0.0 0.5 14 0.35714285714285715 0.0 0.6 6 0.5 0.0 0.7 3 0.6666666666666666 0.0 0.9 0 1 1
14 0.1 51 0.21568627450980393 0.0 0.4 10 0.4 0.0 0.5 2 1.0 0.0 0.6 2 1.0 0.0 0.7 0 1 1 0.9 0 1 1
14 0.1 44 0.20454545454545456 0.0 0.4 6 0.5 0.0 0.5 4 0.5 0.0 0.6 2 1.0 0.0 0.7 1 1.0 0.0 0.9 0 1 1
14 0.1 39 0.23076923076923078 0.0 0.4 8 0.5 0.0 0.5 3 0.6666666666666666 0.0 0.6 0 1 1 0.7 0 1 1 0.9 0 1 1
14 0.1 94 0.14893617021276595 0.0 0.4 38 0.34210526315789475 0.0 0.5 27 0.4074074074074074 0.0 0.6 19 0.47368421052631576 0.0 0.7 13 0.5384615384615384 0.0 0.9 0 1 1
14 0.1 34 0.38235294117647056 0.0 0.4 8 0.5 0.0 0.5 7 0.5714285714285714 0.0 0.6 6 0.5 0.0 0.7 2 0.5 0.0 0.9 0 1 1
14 0.1 31 0.2903225806451613 0.03225806451612903 0.4 8 0.5 0.125 0.5 7 0.5714285714285714 0.14285714285714285 0.6 7 0.5714285714285714 0.14285714285714285 0.7 2 1.0 0.5 0.9 0 1 1
14 0.1 61 0.16393442622950818 0.0 0.4 12 0.5 0.0 0.5 9 0.4444444444444444 0.0 0.6 3 0.6666666666666666 0.0 0.7 0 1 1 0.9 0 1 1
14 0.1 84 0.14285714285714285 0.0 0.4 14 0.42857142857142855 0.0 0.5 7 0.7142857142857143 0.0 0.6 2 1.0 0.0 0.7 1 1.0 0.0 0.9 0 1 1
14 0.1 18 0.16666666666666666 0.0 0.4 6 0.3333333333333333 0.0 0.5 4 0.5 0.0 0.6 1 1.0 0.0 0.7 0 1 1 0.9 0 1 1
14 0.1 64 0.21875 0.0 0.4 21 0.47619047619047616 0.0 0.5 15 0.4666666666666667 0.0 0.6 7 0.7142857142857143 0.0 0.7 3 1.0 0.0 0.9 0 1 1
14 0.1 15 0.4666666666666667 0.0 0.4 3 1.0 0.0 0.5 1 1.0 0.0 0.6 1 1.0 0.0 0.7 1 1.0 0.0 0.9 0 1 1
14 0.1 1 0.0 0.0 0.4 0 1 1 0.5 0 1 1 0.6 0 1 1 0.7 0 1 1 0.9 0 1 1
14 0.1 96 0.13541666666666666 0.0 0.4 16 0.5 0.0 0.5 7 0.5714285714285714 0.0 0.6 2 1.0 0.0 0.7 1 1.0 0.0 0.9 0 1 1
14 0.1 21 0.23809523809523808 0.0 0.4 4 0.75 0.0 0.5 2 1.0 0.0 0.6 1 1.0 0.0 0.7 0 1 1 0.9 0 1 1
14 0.1 21 0.23809523809523808 0.0 0.4 4 0.75 0.0 0.5 2 1.0 0.0 0.6 0 1 1 0.7 0 1 1 0.9 0 1 1
14 0.1 41 0.17073170731707318 0.0 0.4 10 0.2 0.0 0.5 5 0.2 0.0 0.6 1 1.0 0.0 0.7 0 1 1 0.9 0 1 1
14 0.1 11 0.45454545454545453 0.0 0.4 1 0.0 0.0 0.5 0 1 1 0.6 0 1 1 0.7 0 1 1 0.9 0 1 1
14 0.1 9 0.5555555555555556 0.0 0.4 1 1.0 0.0 0.5 0 1 1 0.6 0 1 1 0.7 0 1 1 0.9 0 1 1
14 0.1 0 1 1 0.4 0 1 1 0.5 0 1 1 0.6 0 1 1 0.7 0 1 1 0.9 0 1 1
14 0.1 1 0.0 0.0 0.4 0 1 1 0.5 0 1 1 0.6 0 1 1 0.7 0 1 1 0.9 0 1 1
14 0.1 0 1 1 0.4 0 1 1 0.5 0 1 1 0.6 0 1 1 0.7 0 1 1 0.9 0 1 1
14 0.1 0 1 1 0.4 0 1 1 0.5 0 1 1 0.6 0 1 1 0.7 0 1 1 0.9 0 1 1
14 0.1 0 1 1 0.4 0 1 1 0.5 0 1 1 0.6 0 1 1 0.7 0 1 1 0.9 0 1 1
14 0.1 2 0.0 0.0 0.4 0 1 1 0.5 0 1 1 0.6 0 1 1 0.7 0 1 1 0.9 0 1 1
14 0.1 4 0.25 0.0 0.4 0 1 1 0.5 0 1 1 0.6 0 1 1 0.7 0 1 1 0.9 0 1 1
14 0.1 27 0.25925925925925924 0.0 0.4 7 0.14285714285714285 0.0 0.5 2 0.0 0.0 0.6 1 0.0 0.0 0.7 1 0.0 0.0 0.9 0 1 1
14 0.1 16 0.4375 0.0 0.4 3 1.0 0.0 0.5 1 1.0 0.0 0.6 0 1 1 0.7 0 1 1 0.9 0 1 1
14 0.1 26 0.2692307692307692 0.0 0.4 5 0.6 0.0 0.5 2 1.0 0.0 0.6 1 1.0 0.0 0.7 0 1 1 0.9 0 1 1
14 0.1 29 0.13793103448275862 0.0 0.4 5 0.2 0.0 0.5 4 0.0 0.0 0.6 1 0.0 0.0 0.7 0 1 1 0.9 0 1 1
14 0.1 9 0.1111111111111111 0.0 0.4 0 1 1 0.5 0 1 1 0.6 0 1 1 0.7 0 1 1 0.9 0 1 1
14 0.1 14 0.35714285714285715 0.0 0.4 0 1 1 0.5 0 1 1 0.6 0 1 1 0.7 0 1 1 0.9 0 1 1
14 0.1 72 0.16666666666666666 0.0 0.4 16 0.5625 0.0 0.5 12 0.5833333333333334 0.0 0.6 7 0.5714285714285714 0.0 0.7 4 0.75 0.0 0.9 0 1 1
14 0.1 33 0.2727272727272727 0.0 0.4 10 0.6 0.0 0.5 4 0.75 0.0 0.6 4 0.75 0.0 0.7 1 1.0 0.0 0.9 0 1 1
14 0.1 107 0.09345794392523364 0.0 0.4 3 0.0 0.0 0.5 1 0.0 0.0 0.6 0 1 1 0.7 0 1 1 0.9 0 1 1
14 0.1 28 0.21428571428571427 0.0 0.4 7 0.42857142857142855 0.0 0.5 2 0.5 0.0 0.6 0 1 1 0.7 0 1 1 0.9 0 1 1
14 0.1 31 0.22580645161290322 0.0 0.4 4 0.5 0.0 0.5 0 1 1 0.6 0 1 1 0.7 0 1 1 0.9 0 1 1
14 0.1 54 0.2037037037037037 0.0 0.4 7 0.5714285714285714 0.0 0.5 2 0.5 0.0 0.6 1 1.0 0.0 0.7 0 1 1 0.9 0 1 1
14 0.1 46 0.2608695652173913 0.021739130434782608 0.4 14 0.5714285714285714 0.07142857142857142 0.5 10 0.7 0.1 0.6 6 0.5 0.16666666666666666 0.7 1 1.0 0.0 0.9 0 1 1
14 0.1 46 0.2608695652173913 0.0 0.4 12 0.6666666666666666 0.0 0.5 8 0.625 0.0 0.6 4 0.75 0.0 0.7 0 1 1 0.9 0 1 1
14 0.1 35 0.34285714285714286 0.0 0.4 11 0.5454545454545454 0.0 0.5 8 0.75 0.0 0.6 1 1.0 0.0 0.7 0 1 1 0.9 0 1 1
14 0.1 45 0.26666666666666666 0.0 0.4 8 0.5 0.0 0.5 4 1.0 0.0 0.6 1 1.0 0.0 0.7 0 1 1 0.9 0 1 1
14 0.1 7 0.14285714285714285 0.0 0.4 1 0.0 0.0 0.5 1 0.0 0.0 0.6 0 1 1 0.7 0 1 1 0.9 0 1 1
14 0.1 5 0.0 0.0 0.4 0 1 1 0.5 0 1 1 0.6 0 1 1 0.7 0 1 1 0.9 0 1 1
14 0.1 9 0.0 0.0 0.4 0 1 1 0.5 0 1 1 0.6 0 1 1 0.7 0 1 1 0.9 0 1 1
14 0.1 36 0.2777777777777778 0.0 0.4 11 0.36363636363636365 0.0 0.5 7 0.2857142857142857 0.0 0.6 5 0.2 0.0 0.7 1 0.0 0.0 0.9 0 1 1
14 0.1 51 0.2549019607843137 0.0 0.4 12 0.4166666666666667 0.0 0.5 11 0.45454545454545453 0.0 0.6 6 0.3333333333333333 0.0 0.7 1 0.0 0.0 0.9 0 1 1
14 0.1 43 0.27906976744186046 0.0 0.4 15 0.4666666666666667 0.0 0.5 10 0.5 0.0 0.6 6 0.5 0.0 0.7 0 1 1 0.9 0 1 1
14 0.1 20 0.35 0.0 0.4 2 0.5 0.0 0.5 1 0.0 0.0 0.6 0 1 1 0.7 0 1 1 0.9 0 1 1
14 0.1 21 0.42857142857142855 0.0 0.4 6 0.6666666666666666 0.0 0.5 3 0.6666666666666666 0.0 0.6 1 1.0 0.0 0.7 0 1 1 0.9 0 1 1
14 0.1 34 0.3235294117647059 0.0 0.4 11 0.6363636363636364 0.0 0.5 5 0.8 0.0 0.6 2 0.5 0.0 0.7 0 1 1 0.9 0 1 1
14 0.1 38 0.2894736842105263 0.02631578947368421 0.4 11 0.5454545454545454 0.09090909090909091 0.5 10 0.6 0.1 0.6 4 0.5 0.0 0.7 0 1 1 0.9 0 1 1
14 0.1 44 0.29545454545454547 0.0 0.4 9 0.5555555555555556 0.0 0.5 4 0.5 0.0 0.6 1 1.0 0.0 0.7 0 1 1 0.9 0 1 1
14 0.1 74 0.16216216216216217 0.0 0.4 6 0.16666666666666666 0.0 0.5 4 0.25 0.0 0.6 0 1 1 0.7 0 1 1 0.9 0 1 1
14 0.1 71 0.16901408450704225 0.0 0.4 19 0.42105263157894735 0.0 0.5 13 0.38461538461538464 0.0 0.6 10 0.4 0.0 0.7 3 0.3333333333333333 0.0 0.9 0 1 1
14 0.1 201 0.06965174129353234 0.0 0.4 36 0.3055555555555556 0.0 0.5 26 0.34615384615384615 0.0 0.6 9 0.3333333333333333 0.0 0.7 5 0.4 0.0 0.9 0 1 1
14 0.1 32 0.28125 0.0 0.4 9 0.6666666666666666 0.0 0.5 7 0.5714285714285714 0.0 0.6 2 0.5 0.0 0.7 0 1 1 0.9 0 1 1
14 0.1 23 0.391304347826087 0.08695652173913043 0.4 6 0.5 0.3333333333333333 0.5 3 0.3333333333333333 0.3333333333333333 0.6 1 0.0 0.0 0.7 0 1 1 0.9 0 1 1
14 0.1 30 0.36666666666666664 0.0 0.4 10 0.6 0.0 0.5 8 0.75 0.0 0.6 4 0.75 0.0 0.7 0 1 1 0.9 0 1 1
14 0.1 31 0.3548387096774194 0.0 0.4 9 0.6666666666666666 0.0 0.5 7 0.7142857142857143 0.0 0.6 6 0.8333333333333334 0.0 0.7 1 0.0 0.0 0.9 0 1 1
14 0.1 22 0.4090909090909091 0.0 0.4 6 0.6666666666666666 0.0 0.5 3 0.6666666666666666 0.0 0.6 1 0.0 0.0 0.7 0 1 1 0.9 0 1 1
14 0.1 24 0.4166666666666667 0.0 0.4 9 0.6666666666666666 0.0 0.5 6 0.6666666666666666 0.0 0.6 2 0.5 0.0 0.7 0 1 1 0.9 0 1 1
14 0.1 28 0.4642857142857143 0.03571428571428571 0.4 10 0.7 0.1 0.5 8 0.75 0.125 0.6 4 0.75 0.0 0.7 1 1.0 0.0 0.9 0 1 1
14 0.1 31 0.3225806451612903 0.0 0.4 11 0.6363636363636364 0.0 0.5 11 0.6363636363636364 0.0 0.6 5 0.8 0.0 0.7 1 1.0 0.0 0.9 0 1 1
14 0.1 29 0.41379310344827586 0.0 0.4 12 0.5833333333333334 0.0 0.5 10 0.7 0.0 0.6 8 0.75 0.0 0.7 4 0.75 0.0 0.9 0 1 1
14 0.1 39 0.3333333333333333 0.0 0.4 15 0.6 0.0 0.5 10 0.6 0.0 0.6 6 0.6666666666666666 0.0 0.7 1 1.0 0.0 0.9 0 1 1
14 0.1 22 0.4090909090909091 0.0 0.4 6 0.6666666666666666 0.0 0.5 4 1.0 0.0 0.6 2 1.0 0.0 0.7 0 1 1 0.9 0 1 1
14 0.1 29 0.3448275862068966 0.0 0.4 13 0.5384615384615384 0.0 0.5 12 0.5833333333333334 0.0 0.6 8 0.75 0.0 0.7 3 0.6666666666666666 0.0 0.9 0 1 1
14 0.1 89 0.1348314606741573 0.0 0.4 13 0.5384615384615384 0.0 0.5 3 0.3333333333333333 0.0 0.6 1 0.0 0.0 0.7 0 1 1 0.9 0 1 1
14 0.1 16 0.5 0.0 0.4 3 0.6666666666666666 0.0 0.5 2 0.5 0.0 0.6 0 1 1 0.7 0 1 1 0.9 0 1 1
14 0.1 40 0.275 0.0 0.4 2 1.0 0.0 0.5 0 1 1 0.6 0 1 1 0.7 0 1 1 0.9 0 1 1
14 0.1 47 0.23404255319148937 0.0 0.4 14 0.5714285714285714 0.0 0.5 10 0.6 0.0 0.6 9 0.5555555555555556 0.0 0.7 1 1.0 0.0 0.9 0 1 1
14 0.1 36 0.3333333333333333 0.0 0.4 12 0.5833333333333334 0.0 0.5 11 0.6363636363636364 0.0 0.6 6 0.6666666666666666 0.0 0.7 5 0.6 0.0 0.9 0 1 1
14 0.1 23 0.4782608695652174 0.0 0.4 8 0.625 0.0 0.5 5 0.6 0.0 0.6 4 0.75 0.0 0.7 1 1.0 0.0 0.9 0 1 1
14 0.1 24 0.4166666666666667 0.0 0.4 9 0.6666666666666666 0.0 0.5 4 0.5 0.0 0.6 3 0.3333333333333333 0.0 0.7 0 1 1 0.9 0 1 1
14 0.1 122 0.11475409836065574 0.0 0.4 27 0.37037037037037035 0.0 0.5 17 0.5294117647058824 0.0 0.6 8 0.625 0.0 0.7 3 0.6666666666666666 0.0 0.9 0 1 1
14 0.1 19 0.47368421052631576 0.0 0.4 8 0.625 0.0 0.5 6 0.6666666666666666 0.0 0.6 4 0.75 0.0 0.7 2 0.5 0.0 0.9 0 1 1
14 0.1 26 0.38461538461538464 0.0 0.4 14 0.5714285714285714 0.0 0.5 12 0.5833333333333334 0.0 0.6 9 0.5555555555555556 0.0 0.7 7 0.5714285714285714 0.0 0.9 0 1 1
14 0.1 23 0.43478260869565216 0.0 0.4 10 0.4 0.0 0.5 8 0.5 0.0 0.6 5 0.6 0.0 0.7 2 0.5 0.0 0.9 0 1 1
14 0.1 25 0.4 0.04 0.4 9 0.6666666666666666 0.1111111111111111 0.5 9 0.6666666666666666 0.1111111111111111 0.6 6 0.6666666666666666 0.0 0.7 3 0.3333333333333333 0.0 0.9 0 1 1
14 0.1 33 0.3333333333333333 0.0 0.4 17 0.47058823529411764 0.0 0.5 12 0.4166666666666667 0.0 0.6 10 0.5 0.0 0.7 5 0.6 0.0 0.9 0 1 1
14 0.1 54 0.24074074074074073 0.0 0.4 23 0.391304347826087 0.0 0.5 18 0.5 0.0 0.6 14 0.5 0.0 0.7 10 0.5 0.0 0.9 0 1 1
14 0.1 25 0.44 0.0 0.4 13 0.5384615384615384 0.0 0.5 11 0.5454545454545454 0.0 0.6 8 0.5 0.0 0.7 5 0.6 0.0 0.9 0 1 1
14 0.1 27 0.37037037037037035 0.0 0.4 12 0.5 0.0 0.5 9 0.5555555555555556 0.0 0.6 6 0.6666666666666666 0.0 0.7 3 0.6666666666666666 0.0 0.9 0 1 1
14 0.1 37 0.32432432432432434 0.0 0.4 13 0.46153846153846156 0.0 0.5 12 0.5 0.0 0.6 11 0.5454545454545454 0.0 0.7 7 0.7142857142857143 0.0 0.9 0 1 1
14 0.1 34 0.3235294117647059 0.0 0.4 16 0.5 0.0 0.5 13 0.5384615384615384 0.0 0.6 12 0.5833333333333334 0.0 0.7 8 0.5 0.0 0.9 0 1 1
14 0.1 33 0.36363636363636365 0.030303030303030304 0.4 11 0.6363636363636364 0.09090909090909091 0.5 10 0.6 0.1 0.6 9 0.6666666666666666 0.1111111111111111 0.7 6 0.6666666666666666 0.16666666666666666 0.9 0 1 1
14 0.1 31 0.3225806451612903 0.03225806451612903 0.4 12 0.5 0.08333333333333333 0.5 12 0.5 0.08333333333333333 0.6 10 0.6 0.1 0.7 3 0.6666666666666666 0.0 0.9 0 1 1
14 0.1 48 0.25 0.0 0.4 18 0.5 0.0 0.5 12 0.5 0.0 0.6 12 0.5 0.0 0.7 8 0.75 0.0 0.9 0 1 1
14 0.1 34 0.35294117647058826 0.0 0.4 13 0.5384615384615384 0.0 0.5 12 0.5 0.0 0.6 10 0.6 0.0 0.7 8 0.75 0.0 0.9 0 1 1
14 0.1 49 0.2653061224489796 0.0 0.4 14 0.5 0.0 0.5 13 0.5384615384615384 0.0 0.6 9 0.6666666666666666 0.0 0.7 8 0.75 0.0 0.9 0 1 1
14 0.1 37 0.2972972972972973 0.0 0.4 15 0.4666666666666667 0.0 0.5 13 0.46153846153846156 0.0 0.6 11 0.5454545454545454 0.0 0.7 7 0.5714285714285714 0.0 0.9 0 1 1
14 0.1 28 0.42857142857142855 0.0 0.4 11 0.5454545454545454 0.0 0.5 11 0.5454545454545454 0.0 0.6 9 0.6666666666666666 0.0 0.7 5 0.6 0.0 0.9 0 1 1
14 0.1 33 0.3333333333333333 0.06060606060606061 0.4 15 0.6 0.13333333333333333 0.5 12 0.5833333333333334 0.08333333333333333 0.6 9 0.7777777777777778 0.1111111111111111 0.7 7 0.7142857142857143 0.14285714285714285 0.9 0 1 1
14 0.1 36 0.3333333333333333 0.0 0.4 15 0.4666666666666667 0.0 0.5 12 0.5 0.0 0.6 10 0.5 0.0 0.7 7 0.7142857142857143 0.0 0.9 0 1 1
14 0.1 35 0.3142857142857143 0.0 0.4 13 0.46153846153846156 0.0 0.5 10 0.6 0.0 0.6 7 0.7142857142857143 0.0 0.7 6 0.6666666666666666 0.0 0.9 0 1 1
14 0.1 27 0.37037037037037035 0.0 0.4 13 0.6153846153846154 0.0 0.5 9 0.6666666666666666 0.0 0.6 6 0.6666666666666666 0.0 0.7 4 0.75 0.0 0.9 0 1 1
14 0.1 39 0.28205128205128205 0.0 0.4 17 0.5294117647058824 0.0 0.5 17 0.5294117647058824 0.0 0.6 15 0.6 0.0 0.7 11 0.6363636363636364 0.0 0.9 0 1 1
14 0.1 39 0.3333333333333333 0.02564102564102564 0.4 18 0.4444444444444444 0.05555555555555555 0.5 16 0.5 0.0625 0.6 14 0.5 0.07142857142857142 0.7 11 0.6363636363636364 0.09090909090909091 0.9 0 1 1
14 0.1 30 0.36666666666666664 0.06666666666666667 0.4 14 0.5 0.07142857142857142 0.5 14 0.5 0.07142857142857142 0.6 13 0.5384615384615384 0.07692307692307693 0.7 11 0.5454545454545454 0.09090909090909091 0.9 0 1 1
14 0.1 29 0.3793103448275862 0.0 0.4 15 0.4 0.0 0.5 12 0.5 0.0 0.6 9 0.6666666666666666 0.0 0.7 5 0.8 0.0 0.9 0 1 1
14 0.1 29 0.3448275862068966 0.0 0.4 14 0.42857142857142855 0.0 0.5 10 0.5 0.0 0.6 9 0.5555555555555556 0.0 0.7 5 0.6 0.0 0.9 0 1 1
14 0.1 26 0.38461538461538464 0.0 0.4 14 0.5 0.0 0.5 8 0.75 0.0 0.6 4 1.0 0.0 0.7 3 1.0 0.0 0.9 0 1 1
14 0.1 29 0.3793103448275862 0.034482758620689655 0.4 15 0.5333333333333333 0.06666666666666667 0.5 11 0.5454545454545454 0.0 0.6 8 0.5 0.0 0.7 5 0.8 0.0 0.9 0 1 1
14 0.1 23 0.391304347826087 0.0 0.4 8 0.625 0.0 0.5 8 0.625 0.0 0.6 5 0.6 0.0 0.7 5 0.6 0.0 0.9 0 1 1
14 0.1 30 0.4 0.03333333333333333 0.4 16 0.5 0.0625 0.5 16 0.5 0.0625 0.6 9 0.6666666666666666 0.1111111111111111 0.7 7 0.7142857142857143 0.14285714285714285 0.9 0 1 1
14 0.1 22 0.36363636363636365 0.045454545454545456 0.4 8 0.5 0.125 0.5 7 0.5714285714285714 0.14285714285714285 0.6 6 0.6666666666666666 0.16666666666666666 0.7 3 0.6666666666666666 0.3333333333333333 0.9 0 1 1
14 0.1 37 0.2972972972972973 0.0 0.4 19 0.47368421052631576 0.0 0.5 14 0.5 0.0 0.6 12 0.5 0.0 0.7 5 0.6 0.0 0.9 0 1 1
14 0.1 28 0.35714285714285715 0.0 0.4 14 0.42857142857142855 0.0 0.5 12 0.4166666666666667 0.0 0.6 10 0.4 0.0 0.7 7 0.5714285714285714 0.0 0.9 0 1 1
14 0.1 22 0.36363636363636365 0.0 0.4 12 0.4166666666666667 0.0 0.5 10 0.4 0.0 0.6 6 0.5 0.0 0.7 2 0.5 0.0 0.9 0 1 1
14 0.1 28 0.39285714285714285 0.03571428571428571 0.4 15 0.5333333333333333 0.06666666666666667 0.5 7 0.7142857142857143 0.14285714285714285 0.6 6 0.6666666666666666 0.16666666666666666 0.7 4 0.75 0.25 0.9 0 1 1
14 0.1 35 0.2857142857142857 0.0 0.4 16 0.375 0.0 0.5 14 0.42857142857142855 0.0 0.6 12 0.4166666666666667 0.0 0.7 11 0.45454545454545453 0.0 0.9 0 1 1
14 0.1 37 0.32432432432432434 0.0 0.4 19 0.3684210526315789 0.0 0.5 16 0.4375 0.0 0.6 12 0.5 0.0 0.7 12 0.5 0.0 0.9 0 1 1
14 0.1 25 0.36 0.04 0.4 13 0.46153846153846156 0.0 0.5 11 0.5454545454545454 0.0 0.6 9 0.5555555555555556 0.0 0.7 8 0.625 0.0 0.9 0 1 1
14 0.1 30 0.3333333333333333 0.0 0.4 18 0.3888888888888889 0.0 0.5 15 0.4 0.0 0.6 14 0.42857142857142855 0.0 0.7 13 0.46153846153846156 0.0 0.9 0 1 1
14 0.1 29 0.3448275862068966 0.06896551724137931 0.4 19 0.47368421052631576 0.10526315789473684 0.5 18 0.5 0.1111111111111111 0.6 14 0.5 0.14285714285714285 0.7 10 0.5 0.2 0.9 0 1 1
14 0.1 33 0.30303030303030304 0.030303030303030304 0.4 18 0.4444444444444444 0.05555555555555555 0.5 15 0.4666666666666667 0.06666666666666667 0.6 13 0.5384615384615384 0.07692307692307693 0.7 10 0.6 0.1 0.9 0 1 1
14 0.1 25 0.4 0.0 0.4 16 0.5 0.0 0.5 14 0.5 0.0 0.6 12 0.5 0.0 0.7 9 0.5555555555555556 0.0 0.9 0 1 1
14 0.1 37 0.2972972972972973 0.0 0.4 22 0.4090909090909091 0.0 0.5 17 0.4117647058823529 0.0 0.6 16 0.4375 0.0 0.7 10 0.5 0.0 0.9 0 1 1
14 0.1 49 0.2653061224489796 0.04081632653061224 0.4 19 0.42105263157894735 0.10526315789473684 0.5 17 0.47058823529411764 0.11764705882352941 0.6 14 0.42857142857142855 0.07142857142857142 0.7 10 0.4 0.1 0.9 0 1 1
14 0.1 34 0.3235294117647059 0.0 0.4 19 0.47368421052631576 0.0 0.5 18 0.4444444444444444 0.0 0.6 12 0.4166666666666667 0.0 0.7 9 0.4444444444444444 0.0 0.9 0 1 1
14 0.1 30 0.36666666666666664 0.03333333333333333 0.4 20 0.45 0.0 0.5 18 0.4444444444444444 0.0 0.6 12 0.4166666666666667 0.0 0.7 8 0.375 0.0 0.9 0 1 1
14 0.1 26 0.4230769230769231 0.07692307692307693 0.4 16 0.4375 0.125 0.5 14 0.42857142857142855 0.07142857142857142 0.6 11 0.45454545454545453 0.09090909090909091 0.7 7 0.42857142857142855 0.14285714285714285 0.9 0 1 1
14 0.1 41 0.2926829268292683 0.024390243902439025 0.4 26 0.4230769230769231 0.038461538461538464 0.5 23 0.43478260869565216 0.043478260869565216 0.6 20 0.5 0.05 0.7 15 0.5333333333333333 0.06666666666666667 0.9 0 1 1
14 0.1 33 0.3333333333333333 0.06060606060606061 0.4 19 0.47368421052631576 0.10526315789473684 0.5 18 0.5 0.1111111111111111 0.6 13 0.46153846153846156 0.07692307692307693 0.7 11 0.45454545454545453 0.09090909090909091 0.9 0 1 1
14 0.1 36 0.3333333333333333 0.027777777777777776 0.4 20 0.45 0.05 0.5 19 0.47368421052631576 0.05263157894736842 0.6 16 0.5 0.0625 0.7 14 0.5714285714285714 0.07142857142857142 0.9 0 1 1
14 0.1 32 0.34375 0.0 0.4 19 0.47368421052631576 0.0 0.5 18 0.4444444444444444 0.0 0.6 17 0.4117647058823529 0.0 0.7 9 0.3333333333333333 0.0 0.9 0 1 1
14 0.1 32 0.375 0.0625 0.4 20 0.4 0.1 0.5 17 0.4117647058823529 0.11764705882352941 0.6 15 0.4 0.13333333333333333 0.7 14 0.35714285714285715 0.14285714285714285 0.9 0 1 1
14 0.1 38 0.2894736842105263 0.05263157894736842 0.4 23 0.391304347826087 0.08695652173913043 0.5 18 0.3888888888888889 0.1111111111111111 0.6 17 0.4117647058823529 0.11764705882352941 0.7 16 0.375 0.125 0.9 0 1 1
14 0.1 38 0.34210526315789475 0.05263157894736842 0.4 22 0.4090909090909091 0.0 0.5 19 0.42105263157894735 0.0 0.6 15 0.4 0.0 0.7 13 0.38461538461538464 0.0 0.9 0 1 1
14 0.1 36 0.3611111111111111 0.0 0.4 23 0.391304347826087 0.0 0.5 19 0.42105263157894735 0.0 0.6 17 0.4117647058823529 0.0 0.7 15 0.4 0.0 0.9 0 1 1
14 0.1 32 0.375 0.0 0.4 19 0.47368421052631576 0.0 0.5 18 0.5 0.0 0.6 16 0.4375 0.0 0.7 15 0.4666666666666667 0.0 0.9 0 1 1
14 0.1 28 0.35714285714285715 0.0 0.4 16 0.5 0.0 0.5 16 0.5 0.0 0.6 16 0.5 0.0 0.7 14 0.5 0.0 0.9 0 1 1
14 0.1 30 0.36666666666666664 0.0 0.4 17 0.47058823529411764 0.0 0.5 15 0.4666666666666667 0.0 0.6 13 0.38461538461538464 0.0 0.7 9 0.4444444444444444 0.0 0.9 0 1 1
14 0.1 36 0.3055555555555556 0.0 0.4 19 0.3684210526315789 0.0 0.5 17 0.35294117647058826 0.0 0.6 14 0.35714285714285715 0.0 0.7 13 0.38461538461538464 0.0 0.9 0 1 1
14 0.1 38 0.3157894736842105 0.0 0.4 21 0.38095238095238093 0.0 0.5 18 0.3888888888888889 0.0 0.6 14 0.35714285714285715 0.0 0.7 14 0.35714285714285715 0.0 0.9 0 1 1
14 0.1 39 0.28205128205128205 0.02564102564102564 0.4 27 0.2962962962962963 0.037037037037037035 0.5 23 0.30434782608695654 0.043478260869565216 0.6 19 0.3157894736842105 0.05263157894736842 0.7 15 0.4 0.06666666666666667 0.9 0 1 1
14 0.1 35 0.34285714285714286 0.02857142857142857 0.4 24 0.375 0.041666666666666664 0.5 23 0.391304347826087 0.043478260869565216 0.6 18 0.4444444444444444 0.05555555555555555 0.7 17 0.47058823529411764 0.058823529411764705 0.9 0 1 1
14 0.1 32 0.375 0.0 0.4 21 0.47619047619047616 0.0 0.5 18 0.4444444444444444 0.0 0.6 16 0.5 0.0 0.7 13 0.6153846153846154 0.0 0.9 0 1 1
14 0.1 27 0.4074074074074074 0.0 0.4 16 0.4375 0.0 0.5 15 0.4 0.0 0.6 11 0.45454545454545453 0.0 0.7 10 0.5 0.0 0.9 0 1 1
14 0.1 17 0.5294117647058824 0.0 0.4 10 0.7 0.0 0.5 8 0.625 0.0 0.6 8 0.625 0.0 0.7 7 0.7142857142857143 0.0 0.9 0 1 1
14 0.1 33 0.3333333333333333 0.030303030303030304 0.4 17 0.47058823529411764 0.058823529411764705 0.5 17 0.47058823529411764 0.058823529411764705 0.6 15 0.4 0.06666666666666667 0.7 12 0.3333333333333333 0.0 0.9 0 1 1
14 0.1 29 0.3793103448275862 0.034482758620689655 0.4 21 0.42857142857142855 0.047619047619047616 0.5 15 0.6 0.06666666666666667 0.6 11 0.7272727272727273 0.09090909090909091 0.7 7 0.7142857142857143 0.14285714285714285 0.9 0 1 1
14 0.1 30 0.3333333333333333 0.0 0.4 20 0.4 0.0 0.5 17 0.47058823529411764 0.0 0.6 13 0.5384615384615384 0.0 0.7 11 0.6363636363636364 0.0 0.9 0 1 1
14 0.1 35 0.3142857142857143 0.0 0.4 19 0.47368421052631576 0.0 0.5 16 0.375 0.0 0.6 13 0.38461538461538464 0.0 0.7 11 0.45454545454545453 0.0 0.9 0 1 1
14 0.1 30 0.36666666666666664 0.03333333333333333 0.4 20 0.35 0.0 0.5 16 0.375 0.0 0.6 14 0.42857142857142855 0.0 0.7 9 0.4444444444444444 0.0 0.9 0 1 1
14 0.1 40 0.3 0.05 0.4 27 0.37037037037037035 0.07407407407407407 0.5 23 0.34782608695652173 0.08695652173913043 0.6 20 0.35 0.1 0.7 15 0.4666666666666667 0.13333333333333333 0.9 0 1 1
14 0.1 17 0.4117647058823529 0.0 0.4 9 0.3333333333333333 0.0 0.5 6 0.5 0.0 0.6 4 0.5 0.0 0.7 3 0.6666666666666666 0.0 0.9 0 1 1
14 0.1 35 0.3142857142857143 0.05714285714285714 0.4 20 0.4 0.1 0.5 14 0.5714285714285714 0.14285714285714285 0.6 13 0.5384615384615384 0.15384615384615385 0.7 10 0.6 0.2 0.9 0 1 1
14 0.1 28 0.32142857142857145 0.07142857142857142 0.4 19 0.42105263157894735 0.10526315789473684 0.5 19 0.42105263157894735 0.10526315789473684 0.6 15 0.5333333333333333 0.13333333333333333 0.7 13 0.6153846153846154 0.15384615384615385 0.9 0 1 1
14 0.1 35 0.2571428571428571 0.02857142857142857 0.4 24 0.3333333333333333 0.041666666666666664 0.5 20 0.4 0.05 0.6 19 0.42105263157894735 0.05263157894736842 0.7 15 0.5333333333333333 0.06666666666666667 0.9 0 1 1
14 0.1 32 0.3125 0.03125 0.4 20 0.35 0.05 0.5 18 0.3888888888888889 0.05555555555555555 0.6 16 0.4375 0.0625 0.7 15 0.4 0.06666666666666667 0.9 0 1 1
14 0.1 23 0.34782608695652173 0.0 0.4 18 0.3888888888888889 0.0 0.5 16 0.4375 0.0 0.6 14 0.42857142857142855 0.0 0.7 12 0.4166666666666667 0.0 0.9 0 1 1
14 0.1 21 0.38095238095238093 0.047619047619047616 0.4 14 0.5714285714285714 0.07142857142857142 0.5 14 0.5714285714285714 0.07142857142857142 0.6 13 0.5384615384615384 0.07692307692307693 0.7 8 0.5 0.125 0.9 0 1 1
14 0.1 21 0.3333333333333333 0.047619047619047616 0.4 15 0.4 0.06666666666666667 0.5 12 0.4166666666666667 0.08333333333333333 0.6 12 0.4166666666666667 0.08333333333333333 0.7 8 0.5 0.125 0.9 0 1 1
14 0.1 23 0.34782608695652173 0.0 0.4 14 0.35714285714285715 0.0 0.5 13 0.38461538461538464 0.0 0.6 12 0.4166666666666667 0.0 0.7 8 0.375 0.0 0.9 0 1 1
14 0.1 27 0.37037037037037035 0.0 0.4 15 0.3333333333333333 0.0 0.5 10 0.3 0.0 0.6 9 0.3333333333333333 0.0 0.7 9 0.3333333333333333 0.0 0.9 0 1 1
14 0.1 29 0.3103448275862069 0.0 0.4 21 0.3333333333333333 0.0 0.5 18 0.3333333333333333 0.0 0.6 15 0.3333333333333333 0.0 0.7 12 0.4166666666666667 0.0 0.9 0 1 1
14 0.1 32 0.3125 0.0 0.4 22 0.3181818181818182 0.0 0.5 20 0.35 0.0 0.6 18 0.3333333333333333 0.0 0.7 12 0.3333333333333333 0.0 0.9 0 1 1
14 0.1 41 0.2682926829268293 0.024390243902439025 0.4 30 0.3 0.03333333333333333 0.5 28 0.32142857142857145 0.03571428571428571 0.6 26 0.34615384615384615 0.038461538461538464 0.7 22 0.3181818181818182 0.045454545454545456 0.9 0 1 1
14 0.1 29 0.3448275862068966 0.034482758620689655 0.4 18 0.3888888888888889 0.05555555555555555 0.5 17 0.4117647058823529 0.058823529411764705 0.6 17 0.4117647058823529 0.058823529411764705 0.7 11 0.5454545454545454 0.09090909090909091 0.9 0 1 1
14 0.1 29 0.3103448275862069 0.034482758620689655 0.4 18 0.3888888888888889 0.05555555555555555 0.5 17 0.35294117647058826 0.058823529411764705 0.6 12 0.4166666666666667 0.08333333333333333 0.7 9 0.5555555555555556 0.1111111111111111 0.9 0 1 1
14 0.1 28 0.25 0.0 0.4 20 0.35 0.0 0.5 16 0.4375 0.0 0.6 12 0.5 0.0 0.7 7 0.5714285714285714 0.0 0.9 0 1 1
14 0.1 31 0.3548387096774194 0.03225806451612903 0.4 15 0.5333333333333333 0.06666666666666667 0.5 14 0.5 0.07142857142857142 0.6 12 0.5833333333333334 0.08333333333333333 0.7 12 0.5833333333333334 0.08333333333333333 0.9 0 1 1
14 0.1 30 0.36666666666666664 0.0 0.4 18 0.4444444444444444 0.0 0.5 14 0.5714285714285714 0.0 0.6 10 0.6 0.0 0.7 8 0.5 0.0 0.9 0 1 1
14 0.1 35 0.34285714285714286 0.02857142857142857 0.4 20 0.5 0.05 0.5 15 0.4666666666666667 0.06666666666666667 0.6 14 0.42857142857142855 0.07142857142857142 0.7 10 0.5 0.0 0.9 0 1 1
14 0.1 31 0.2903225806451613 0.03225806451612903 0.4 18 0.3333333333333333 0.0 0.5 16 0.3125 0.0 0.6 12 0.3333333333333333 0.0 0.7 11 0.36363636363636365 0.0 0.9 0 1 1
14 0.1 27 0.37037037037037035 0.07407407407407407 0.4 19 0.42105263157894735 0.05263157894736842 0.5 15 0.4 0.0 0.6 13 0.3076923076923077 0.0 0.7 9 0.3333333333333333 0.0 0.9 0 1 1
14 0.1 37 0.32432432432432434 0.02702702702702703 0.4 25 0.36 0.0 0.5 21 0.42857142857142855 0.0 0.6 18 0.4444444444444444 0.0 0.7 14 0.5 0.0 0.9 0 1 1
14 0.1 28 0.32142857142857145 0.0 0.4 18 0.3888888888888889 0.0 0.5 17 0.35294117647058826 0.0 0.6 13 0.3076923076923077 0.0 0.7 9 0.4444444444444444 0.0 0.9 0 1 1
14 0.1 31 0.3548387096774194 0.0 0.4 23 0.391304347826087 0.0 0.5 21 0.38095238095238093 0.0 0.6 19 0.3684210526315789 0.0 0.7 16 0.4375 0.0 0.9 0 1 1
14 0.1 32 0.3125 0.03125 0.4 24 0.3333333333333333 0.041666666666666664 0.5 20 0.35 0.05 0.6 17 0.35294117647058826 0.058823529411764705 0.7 15 0.3333333333333333 0.06666666666666667 0.9 0 1 1
14 0.1 30 0.3 0.06666666666666667 0.4 23 0.30434782608695654 0.08695652173913043 0.5 19 0.3684210526315789 0.10526315789473684 0.6 15 0.4666666666666667 0.13333333333333333 0.7 12 0.4166666666666667 0.16666666666666666 0.9 0 1 1
14 0.1 27 0.37037037037037035 0.0 0.4 20 0.4 0.0 0.5 19 0.42105263157894735 0.0 0.6 15 0.4666666666666667 0.0 0.7 14 0.42857142857142855 0.0 0.9 0 1 1
14 0.1 28 0.35714285714285715 0.0 0.4 17 0.4117647058823529 0.0 0.5 15 0.4666666666666667 0.0 0.6 12 0.4166666666666667 0.0 0.7 10 0.5 0.0 0.9 0 1 1
14 0.1 36 0.3333333333333333 0.027777777777777776 0.4 25 0.44 0.04 0.5 23 0.43478260869565216 0.043478260869565216 0.6 22 0.45454545454545453 0.045454545454545456 0.7 17 0.47058823529411764 0.058823529411764705 0.9 0 1 1
14 0.1 36 0.3333333333333333 0.027777777777777776 0.4 27 0.3333333333333333 0.037037037037037035 0.5 24 0.375 0.041666666666666664 0.6 20 0.4 0.05 0.7 16 0.4375 0.0625 0.9 0 1 1
14 0.1 36 0.3055555555555556 0.05555555555555555 0.4 26 0.38461538461538464 0.07692307692307693 0.5 23 0.391304347826087 0.08695652173913043 0.6 21 0.42857142857142855 0.09523809523809523 0.7 18 0.5 0.1111111111111111 0.9 0 1 1
14 0.1 31 0.3548387096774194 0.0 0.4 23 0.391304347826087 0.0 0.5 20 0.4 0.0 0.6 18 0.3888888888888889 0.0 0.7 17 0.4117647058823529 0.0 0.9 0 1 1
14 0.1 23 0.43478260869565216 0.0 0.4 17 0.4117647058823529 0.0 0.5 17 0.4117647058823529 0.0 0.6 14 0.35714285714285715 0.0 0.7 10 0.5 0.0 0.9 0 1 1
14 0.1 26 0.34615384615384615 0.0 0.4 16 0.375 0.0 0.5 13 0.38461538461538464 0.0 0.6 11 0.36363636363636365 0.0 0.7 8 0.5 0.0 0.9 0 1 1
14 0.1 27 0.37037037037037035 0.0 0.4 16 0.375 0.0 0.5 15 0.4 0.0 0.6 15 0.4 0.0 0.7 11 0.36363636363636365 0.0 0.9 0 1 1
14 0.1 31 0.3548387096774194 0.0 0.4 19 0.42105263157894735 0.0 0.5 18 0.3888888888888889 0.0 0.6 15 0.3333333333333333 0.0 0.7 15 0.3333333333333333 0.0 0.9 0 1 1
14 0.1 33 0.36363636363636365 0.030303030303030304 0.4 22 0.3181818181818182 0.045454545454545456 0.5 20 0.35 0.05 0.6 20 0.35 0.05 0.7 16 0.4375 0.0625 0.9 0 1 1
14 0.1 23 0.30434782608695654 0.043478260869565216 0.4 16 0.375 0.0625 0.5 14 0.35714285714285715 0.07142857142857142 0.6 14 0.35714285714285715 0.07142857142857142 0.7 13 0.38461538461538464 0.07692307692307693 0.9 0 1 1
14 0.1 25 0.36 0.0 0.4 17 0.35294117647058826 0.0 0.5 16 0.3125 0.0 0.6 14 0.35714285714285715 0.0 0.7 11 0.36363636363636365 0.0 0.9 0 1 1
14 0.1 24 0.3333333333333333 0.0 0.4 13 0.38461538461538464 0.0 0.5 12 0.3333333333333333 0.0 0.6 10 0.3 0.0 0.7 7 0.2857142857142857 0.0 0.9 1 0.0 0.0
14 0.1 26 0.38461538461538464 0.0 0.4 14 0.2857142857142857 0.0 0.5 14 0.2857142857142857 0.0 0.6 13 0.3076923076923077 0.0 0.7 13 0.3076923076923077 0.0 0.9 0 1 1
14 0.1 26 0.3076923076923077 0.038461538461538464 0.4 17 0.35294117647058826 0.058823529411764705 0.5 14 0.2857142857142857 0.07142857142857142 0.6 13 0.3076923076923077 0.07692307692307693 0.7 11 0.36363636363636365 0.09090909090909091 0.9 0 1 1
14 0.1 25 0.36 0.04 0.4 15 0.3333333333333333 0.0 0.5 14 0.35714285714285715 0.0 0.6 12 0.3333333333333333 0.0 0.7 10 0.3 0.0 0.9 0 1 1
14 0.1 32 0.3125 0.03125 0.4 19 0.3684210526315789 0.05263157894736842 0.5 16 0.375 0.0625 0.6 14 0.2857142857142857 0.07142857142857142 0.7 12 0.25 0.08333333333333333 0.9 0 1 1
14 0.1 24 0.375 0.0 0.4 14 0.35714285714285715 0.0 0.5 12 0.3333333333333333 0.0 0.6 11 0.36363636363636365 0.0 0.7 11 0.36363636363636365 0.0 0.9 0 1 1
14 0.1 24 0.375 0.041666666666666664 0.4 16 0.375 0.0625 0.5 15 0.4 0.06666666666666667 0.6 12 0.3333333333333333 0.08333333333333333 0.7 9 0.3333333333333333 0.1111111111111111 0.9 0 1 1
14 0.1 24 0.3333333333333333 0.0 0.4 13 0.38461538461538464 0.0 0.5 13 0.38461538461538464 0.0 0.6 12 0.4166666666666667 0.0 0.7 12 0.4166666666666667 0.0 0.9 0 1 1
14 0.1 32 0.34375 0.03125 0.4 24 0.4166666666666667 0.041666666666666664 0.5 22 0.36363636363636365 0.045454545454545456 0.6 17 0.4117647058823529 0.058823529411764705 0.7 14 0.5 0.07142857142857142 0.9 0 1 1
14 0.1 32 0.3125 0.0 0.4 27 0.37037037037037035 0.0 0.5 22 0.45454545454545453 0.0 0.6 18 0.3333333333333333 0.0 0.7 17 0.35294117647058826 0.0 0.9 0 1 1
14 0.1 26 0.38461538461538464 0.07692307692307693 0.4 21 0.42857142857142855 0.09523809523809523 0.5 20 0.45 0.1 0.6 18 0.4444444444444444 0.1111111111111111 0.7 17 0.4117647058823529 0.11764705882352941 0.9 0 1 1
14 0.1 28 0.35714285714285715 0.03571428571428571 0.4 21 0.42857142857142855 0.047619047619047616 0.5 21 0.42857142857142855 0.047619047619047616 0.6 18 0.3333333333333333 0.05555555555555555 0.7 16 0.375 0.0625 0.9 0 1 1
14 0.1 26 0.34615384615384615 0.038461538461538464 0.4 18 0.3333333333333333 0.05555555555555555 0.5 15 0.3333333333333333 0.06666666666666667 0.6 14 0.35714285714285715 0.07142857142857142 0.7 11 0.36363636363636365 0.09090909090909091 0.9 0 1 1
14 0.1 31 0.41935483870967744 0.0 0.4 23 0.34782608695652173 0.0 0.5 20 0.4 0.0 0.6 19 0.42105263157894735 0.0 0.7 18 0.3888888888888889 0.0 0.9 0 1 1
14 0.1 24 0.4583333333333333 0.0 0.4 19 0.42105263157894735 0.0 0.5 18 0.4444444444444444 0.0 0.6 15 0.3333333333333333 0.0 0.7 11 0.36363636363636365 0.0 0.9 0 1 1
14 0.1 31 0.3225806451612903 0.03225806451612903 0.4 20 0.5 0.05 0.5 19 0.5263157894736842 0.05263157894736842 0.6 17 0.47058823529411764 0.058823529411764705 0.7 15 0.4 0.06666666666666667 0.9 0 1 1
14 0.1 28 0.35714285714285715 0.10714285714285714 0.4 17 0.29411764705882354 0.11764705882352941 0.5 16 0.3125 0.125 0.6 14 0.2857142857142857 0.07142857142857142 0.7 14 0.2857142857142857 0.07142857142857142 0.9 0 1 1
14 0.1 27 0.4074074074074074 0.0 0.4 21 0.47619047619047616 0.0 0.5 19 0.42105263157894735 0.0 0.6 17 0.4117647058823529 0.0 0.7 15 0.3333333333333333 0.0 0.9 0 1 1
14 0.1 27 0.37037037037037035 0.0 0.4 18 0.3333333333333333 0.0 0.5 17 0.35294117647058826 0.0 0.6 14 0.42857142857142855 0.0 0.7 13 0.38461538461538464 0.0 0.9 0 1 1
14 0.1 28 0.39285714285714285 0.0 0.4 19 0.42105263157894735 0.0 0.5 19 0.42105263157894735 0.0 0.6 16 0.375 0.0 0.7 13 0.3076923076923077 0.0 0.9 0 1 1
14 0.1 27 0.37037037037037035 0.1111111111111111 0.4 20 0.45 0.15 0.5 19 0.42105263157894735 0.15789473684210525 0.6 19 0.42105263157894735 0.15789473684210525 0.7 15 0.4 0.2 0.9 0 1 1
14 0.1 27 0.2962962962962963 0.037037037037037035 0.4 17 0.29411764705882354 0.058823529411764705 0.5 16 0.3125 0.0625 0.6 14 0.35714285714285715 0.07142857142857142 0.7 12 0.4166666666666667 0.08333333333333333 0.9 0 1 1
14 0.1 30 0.3333333333333333 0.06666666666666667 0.4 22 0.45454545454545453 0.09090909090909091 0.5 18 0.3888888888888889 0.05555555555555555 0.6 16 0.4375 0.0625 0.7 14 0.35714285714285715 0.07142857142857142 0.9 0 1 1
14 0.1 30 0.36666666666666664 0.06666666666666667 0.4 22 0.4090909090909091 0.09090909090909091 0.5 19 0.47368421052631576 0.10526315789473684 0.6 17 0.47058823529411764 0.11764705882352941 0.7 14 0.42857142857142855 0.14285714285714285 0.9 0 1 1
14 0.1 29 0.3448275862068966 0.06896551724137931 0.4 18 0.3888888888888889 0.1111111111111111 0.5 16 0.4375 0.125 0.6 14 0.42857142857142855 0.14285714285714285 0.7 13 0.46153846153846156 0.15384615384615385 0.9 0 1 1
14 0.1 34 0.29411764705882354 0.029411764705882353 0.4 28 0.35714285714285715 0.03571428571428571 0.5 24 0.375 0.041666666666666664 0.6 20 0.4 0.05 0.7 16 0.3125 0.0 0.9 1 1.0 0.0
14 0.1 30 0.3333333333333333 0.03333333333333333 0.4 22 0.45454545454545453 0.045454545454545456 0.5 21 0.42857142857142855 0.047619047619047616 0.6 20 0.45 0.05 0.7 18 0.4444444444444444 0.05555555555555555 0.9 1 1.0 0.0
14 0.1 29 0.3448275862068966 0.0 0.4 21 0.47619047619047616 0.0 0.5 21 0.47619047619047616 0.0 0.6 20 0.5 0.0 0.7 15 0.4 0.0 0.9 0 1 1
14 0.1 31 0.3870967741935484 0.03225806451612903 0.4 20 0.4 0.05 0.5 18 0.4444444444444444 0.05555555555555555 0.6 17 0.4117647058823529 0.058823529411764705 0.7 14 0.5 0.07142857142857142 0.9 0 1 1
14 0.1 33 0.36363636363636365 0.06060606060606061 0.4 23 0.43478260869565216 0.08695652173913043 0.5 22 0.45454545454545453 0.09090909090909091 0.6 19 0.42105263157894735 0.10526315789473684 0.7 17 0.47058823529411764 0.11764705882352941 0.9 2 0.5 0.5
14 0.1 26 0.38461538461538464 0.07692307692307693 0.4 18 0.4444444444444444 0.05555555555555555 0.5 17 0.47058823529411764 0.058823529411764705 0.6 13 0.46153846153846156 0.07692307692307693 0.7 11 0.5454545454545454 0.09090909090909091 0.9 1 0.0 0.0
14 0.1 24 0.375 0.125 0.4 17 0.47058823529411764 0.17647058823529413 0.5 15 0.5333333333333333 0.2 0.6 13 0.46153846153846156 0.15384615384615385 0.7 13 0.46153846153846156 0.15384615384615385 0.9 0 1 1
14 0.1 30 0.4 0.1 0.4 22 0.45454545454545453 0.13636363636363635 0.5 21 0.47619047619047616 0.14285714285714285 0.6 20 0.45 0.1 0.7 17 0.35294117647058826 0.11764705882352941 0.9 0 1 1
14 0.1 32 0.375 0.03125 0.4 25 0.4 0.0 0.5 22 0.36363636363636365 0.0 0.6 19 0.42105263157894735 0.0 0.7 18 0.3888888888888889 0.0 0.9 0 1 1
14 0.1 26 0.38461538461538464 0.0 0.4 23 0.391304347826087 0.0 0.5 19 0.42105263157894735 0.0 0.6 16 0.5 0.0 0.7 15 0.4666666666666667 0.0 0.9 0 1 1
14 0.1 31 0.3225806451612903 0.0967741935483871 0.4 21 0.3333333333333333 0.14285714285714285 0.5 20 0.3 0.1 0.6 16 0.3125 0.125 0.7 14 0.35714285714285715 0.14285714285714285 0.9 0 1 1
14 0.1 27 0.3333333333333333 0.037037037037037035 0.4 19 0.3684210526315789 0.05263157894736842 0.5 18 0.3888888888888889 0.05555555555555555 0.6 17 0.35294117647058826 0.058823529411764705 0.7 13 0.38461538461538464 0.07692307692307693 0.9 0 1 1
14 0.1 30 0.3 0.0 0.4 20 0.35 0.0 0.5 19 0.3157894736842105 0.0 0.6 16 0.3125 0.0 0.7 14 0.35714285714285715 0.0 0.9 0 1 1
14 0.1 27 0.2962962962962963 0.07407407407407407 0.4 21 0.2857142857142857 0.09523809523809523 0.5 20 0.3 0.1 0.6 20 0.3 0.1 0.7 14 0.42857142857142855 0.14285714285714285 0.9 0 1 1
14 0.1 24 0.3333333333333333 0.041666666666666664 0.4 18 0.3888888888888889 0.05555555555555555 0.5 17 0.35294117647058826 0.058823529411764705 0.6 17 0.35294117647058826 0.058823529411764705 0.7 12 0.5 0.08333333333333333 0.9 0 1 1
14 0.1 25 0.4 0.12 0.4 19 0.47368421052631576 0.10526315789473684 0.5 18 0.4444444444444444 0.1111111111111111 0.6 16 0.4375 0.125 0.7 13 0.46153846153846156 0.15384615384615385 0.9 0 1 1
14 0.1 33 0.3333333333333333 0.09090909090909091 0.4 23 0.43478260869565216 0.13043478260869565 0.5 21 0.47619047619047616 0.14285714285714285 0.6 21 0.47619047619047616 0.14285714285714285 0.7 19 0.47368421052631576 0.15789473684210525 0.9 0 1 1
14 0.1 32 0.375 0.0625 0.4 23 0.43478260869565216 0.043478260869565216 0.5 21 0.42857142857142855 0.047619047619047616 0.6 18 0.5 0.05555555555555555 0.7 15 0.5333333333333333 0.06666666666666667 0.9 0 1 1
14 0.1 32 0.375 0.125 0.4 20 0.45 0.15 0.5 18 0.4444444444444444 0.16666666666666666 0.6 17 0.47058823529411764 0.17647058823529413 0.7 16 0.5 0.1875 0.9 0 1 1
14 0.1 33 0.3333333333333333 0.06060606060606061 0.4 23 0.43478260869565216 0.08695652173913043 0.5 20 0.4 0.05 0.6 19 0.42105263157894735 0.05263157894736842 0.7 19 0.42105263157894735 0.05263157894736842 0.9 0 1 1
14 0.1 34 0.35294117647058826 0.058823529411764705 0.4 24 0.4583333333333333 0.08333333333333333 0.5 22 0.45454545454545453 0.09090909090909091 0.6 20 0.45 0.1 0.7 18 0.4444444444444444 0.1111111111111111 0.9 2 0.5 0.0
14 0.1 31 0.3870967741935484 0.06451612903225806 0.4 21 0.47619047619047616 0.047619047619047616 0.5 21 0.47619047619047616 0.047619047619047616 0.6 19 0.47368421052631576 0.05263157894736842 0.7 18 0.5 0.05555555555555555 0.9 1 0.0 0.0
14 0.1 25 0.4 0.04 0.4 18 0.4444444444444444 0.05555555555555555 0.5 16 0.4375 0.0625 0.6 12 0.4166666666666667 0.08333333333333333 0.7 12 0.4166666666666667 0.08333333333333333 0.9 0 1 1
14 0.1 26 0.4230769230769231 0.038461538461538464 0.4 19 0.42105263157894735 0.05263157894736842 0.5 16 0.375 0.0625 0.6 14 0.42857142857142855 0.07142857142857142 0.7 13 0.46153846153846156 0.07692307692307693 0.9 2 0.5 0.0
14 0.1 31 0.3870967741935484 0.0 0.4 20 0.4 0.0 0.5 20 0.4 0.0 0.6 19 0.3684210526315789 0.0 0.7 15 0.4 0.0 0.9 1 0.0 0.0
14 0.1 34 0.35294117647058826 0.058823529411764705 0.4 24 0.3333333333333333 0.041666666666666664 0.5 22 0.36363636363636365 0.045454545454545456 0.6 20 0.4 0.05 0.7 16 0.3125 0.0625 0.9 0 1 1
14 0.1 33 0.36363636363636365 0.030303030303030304 0.4 22 0.45454545454545453 0.0 0.5 20 0.45 0.0 0.6 20 0.45 0.0 0.7 16 0.4375 0.0 0.9 0 1 1
14 0.1 34 0.35294117647058826 0.0 0.4 25 0.36 0.0 0.5 21 0.38095238095238093 0.0 0.6 18 0.3333333333333333 0.0 0.7 17 0.35294117647058826 0.0 0.9 0 1 1
14 0.1 27 0.4074074074074074 0.0 0.4 22 0.45454545454545453 0.0 0.5 21 0.47619047619047616 0.0 0.6 18 0.4444444444444444 0.0 0.7 17 0.4117647058823529 0.0 0.9 1 1.0 0.0
14 0.1 29 0.3793103448275862 0.034482758620689655 0.4 18 0.3888888888888889 0.05555555555555555 0.5 16 0.4375 0.0625 0.6 15 0.4 0.06666666666666667 0.7 14 0.42857142857142855 0.07142857142857142 0.9 1 0.0 0.0
14 0.1 32 0.375 0.0625 0.4 25 0.48 0.08 0.5 24 0.4583333333333333 0.08333333333333333 0.6 21 0.47619047619047616 0.09523809523809523 0.7 17 0.5294117647058824 0.11764705882352941 0.9 3 0.6666666666666666 0.3333333333333333
14 0.1 29 0.41379310344827586 0.06896551724137931 0.4 23 0.4782608695652174 0.08695652173913043 0.5 22 0.5 0.09090909090909091 0.6 19 0.47368421052631576 0.10526315789473684 0.7 18 0.4444444444444444 0.1111111111111111 0.9 2 0.5 0.0
14 0.1 33 0.36363636363636365 0.030303030303030304 0.4 24 0.4166666666666667 0.0 0.5 23 0.43478260869565216 0.0 0.6 19 0.3684210526315789 0.0 0.7 16 0.3125 0.0 0.9 0 1 1
14 0.1 32 0.34375 0.03125 0.4 22 0.3181818181818182 0.0 0.5 22 0.3181818181818182 0.0 0.6 20 0.3 0.0 0.7 15 0.26666666666666666 0.0 0.9 0 1 1
14 0.1 32 0.375 0.0 0.4 25 0.44 0.0 0.5 20 0.55 0.0 0.6 19 0.5263157894736842 0.0 0.7 19 0.5263157894736842 0.0 0.9 0 1 1
14 0.1 26 0.4230769230769231 0.0 0.4 18 0.5 0.0 0.5 16 0.5 0.0 0.6 14 0.5 0.0 0.7 13 0.5384615384615384 0.0 0.9 1 0.0 0.0
14 0.1 27 0.4074074074074074 0.0 0.4 22 0.45454545454545453 0.0 0.5 20 0.5 0.0 0.6 17 0.5294117647058824 0.0 0.7 15 0.5333333333333333 0.0 0.9 2 0.5 0.0
14 0.1 26 0.4230769230769231 0.0 0.4 21 0.47619047619047616 0.0 0.5 19 0.5263157894736842 0.0 0.6 18 0.5555555555555556 0.0 0.7 17 0.5294117647058824 0.0 0.9 2 0.5 0.0
14 0.1 32 0.375 0.03125 0.4 24 0.4583333333333333 0.0 0.5 21 0.42857142857142855 0.0 0.6 21 0.42857142857142855 0.0 0.7 20 0.45 0.0 0.9 1 0.0 0.0
14 0.1 34 0.35294117647058826 0.0 0.4 25 0.44 0.0 0.5 22 0.45454545454545453 0.0 0.6 22 0.45454545454545453 0.0 0.7 21 0.42857142857142855 0.0 0.9 2 0.5 0.0
14 0.1 30 0.36666666666666664 0.0 0.4 22 0.36363636363636365 0.0 0.5 22 0.36363636363636365 0.0 0.6 21 0.38095238095238093 0.0 0.7 19 0.3684210526315789 0.0 0.9 2 1.0 0.0
14 0.1 28 0.39285714285714285 0.0 0.4 23 0.43478260869565216 0.0 0.5 22 0.4090909090909091 0.0 0.6 21 0.42857142857142855 0.0 0.7 20 0.45 0.0 0.9 3 0.6666666666666666 0.0
14 0.1 24 0.4583333333333333 0.041666666666666664 0.4 21 0.42857142857142855 0.047619047619047616 0.5 21 0.42857142857142855 0.047619047619047616 0.6 18 0.4444444444444444 0.05555555555555555 0.7 17 0.47058823529411764 0.058823529411764705 0.9 0 1 1
14 0.1 26 0.38461538461538464 0.11538461538461539 0.4 21 0.42857142857142855 0.14285714285714285 0.5 20 0.45 0.15 0.6 17 0.47058823529411764 0.17647058823529413 0.7 15 0.4666666666666667 0.13333333333333333 0.9 1 0.0 0.0
14 0.1 25 0.4 0.0 0.4 20 0.45 0.0 0.5 20 0.45 0.0 0.6 17 0.47058823529411764 0.0 0.7 14 0.42857142857142855 0.0 0.9 1 1.0 0.0
14 0.1 29 0.41379310344827586 0.10344827586206896 0.4 23 0.43478260869565216 0.13043478260869565 0.5 22 0.45454545454545453 0.13636363636363635 0.6 22 0.45454545454545453 0.13636363636363635 0.7 19 0.5263157894736842 0.15789473684210525 0.9 0 1 1
14 0.1 30 0.4 0.13333333333333333 0.4 26 0.38461538461538464 0.11538461538461539 0.5 23 0.391304347826087 0.13043478260869565 0.6 21 0.42857142857142855 0.14285714285714285 0.7 19 0.47368421052631576 0.15789473684210525 0.9 1 0.0 0.0
14 0.1 24 0.375 0.08333333333333333 0.4 19 0.3684210526315789 0.05263157894736842 0.5 18 0.3888888888888889 0.05555555555555555 0.6 15 0.3333333333333333 0.06666666666666667 0.7 14 0.35714285714285715 0.07142857142857142 0.9 1 0.0 0.0
14 0.1 29 0.3793103448275862 0.0 0.4 26 0.4230769230769231 0.0 0.5 25 0.44 0.0 0.6 22 0.5 0.0 0.7 18 0.5 0.0 0.9 2 0.5 0.0
14 0.1 29 0.3793103448275862 0.0 0.4 23 0.4782608695652174 0.0 0.5 21 0.47619047619047616 0.0 0.6 19 0.47368421052631576 0.0 0.7 19 0.47368421052631576 0.0 0.9 1 0.0 0.0
14 0.1 29 0.3793103448275862 0.034482758620689655 0.4 23 0.43478260869565216 0.043478260869565216 0.5 22 0.4090909090909091 0.045454545454545456 0.6 20 0.35 0.05 0.7 18 0.3333333333333333 0.05555555555555555 0.9 2 0.5 0.0
14 0.1 27 0.3333333333333333 0.037037037037037035 0.4 24 0.375 0.041666666666666664 0.5 22 0.4090909090909091 0.045454545454545456 0.6 19 0.3684210526315789 0.05263157894736842 0.7 16 0.3125 0.0625 0.9 1 0.0 0.0
14 0.1 26 0.38461538461538464 0.038461538461538464 0.4 22 0.4090909090909091 0.045454545454545456 0.5 20 0.4 0.05 0.6 19 0.3684210526315789 0.05263157894736842 0.7 18 0.3888888888888889 0.05555555555555555 0.9 1 0.0 0.0
14 0.1 26 0.34615384615384615 0.038461538461538464 0.4 20 0.45 0.05 0.5 18 0.3888888888888889 0.05555555555555555 0.6 18 0.3888888888888889 0.05555555555555555 0.7 15 0.3333333333333333 0.06666666666666667 0.9 1 0.0 0.0
14 0.1 33 0.3333333333333333 0.06060606060606061 0.4 22 0.36363636363636365 0.09090909090909091 0.5 22 0.36363636363636365 0.09090909090909091 0.6 21 0.38095238095238093 0.09523809523809523 0.7 17 0.35294117647058826 0.058823529411764705 0.9 1 1.0 0.0
14 0.1 31 0.3870967741935484 0.06451612903225806 0.4 23 0.391304347826087 0.08695652173913043 0.5 22 0.36363636363636365 0.09090909090909091 0.6 22 0.36363636363636365 0.09090909090909091 0.7 20 0.4 0.1 0.9 1 1.0 0.0
14 0.1 30 0.4 0.06666666666666667 0.4 23 0.34782608695652173 0.08695652173913043 0.5 21 0.38095238095238093 0.09523809523809523 0.6 18 0.3888888888888889 0.1111111111111111 0.7 15 0.4666666666666667 0.13333333333333333 0.9 1 1.0 0.0
14 0.1 31 0.3870967741935484 0.0 0.4 22 0.4090909090909091 0.0 0.5 20 0.45 0.0 0.6 18 0.3888888888888889 0.0 0.7 12 0.3333333333333333 0.0 0.9 0 1 1
14 0.1 27 0.37037037037037035 0.0 0.4 20 0.4 0.0 0.5 19 0.42105263157894735 0.0 0.6 18 0.4444444444444444 0.0 0.7 16 0.4375 0.0 0.9 1 0.0 0.0
14 0.1 25 0.4 0.0 0.4 21 0.47619047619047616 0.0 0.5 18 0.5555555555555556 0.0 0.6 16 0.5 0.0 0.7 12 0.5 0.0 0.9 2 0.5 0.0
14 0.1 29 0.41379310344827586 0.0 0.4 21 0.42857142857142855 0.0 0.5 18 0.4444444444444444 0.0 0.6 17 0.47058823529411764 0.0 0.7 15 0.4666666666666667 0.0 0.9 2 0.5 0.0
14 0.1 26 0.38461538461538464 0.0 0.4 20 0.4 0.0 0.5 18 0.4444444444444444 0.0 0.6 15 0.4666666666666667 0.0 0.7 14 0.5 0.0 0.9 2 0.5 0.0
14 0.1 29 0.3793103448275862 0.0 0.4 23 0.4782608695652174 0.0 0.5 22 0.45454545454545453 0.0 0.6 22 0.45454545454545453 0.0 0.7 19 0.42105263157894735 0.0 0.9 2 0.5 0.0
14 0.1 30 0.36666666666666664 0.0 0.4 21 0.42857142857142855 0.0 0.5 20 0.4 0.0 0.6 19 0.42105263157894735 0.0 0.7 17 0.4117647058823529 0.0 0.9 2 0.5 0.0
