14 0.1 0 1 1 0.4 0 1 1 0.5 0 1 1 0.6 0 1 1 0.7 0 1 1 0.9 0 1 1
14 0.1 0 1 1 0.4 0 1 1 0.5 0 1 1 0.6 0 1 1 0.7 0 1 1 0.9 0 1 1
14 0.1 1 0.0 0.0 0.4 0 1 1 0.5 0 1 1 0.6 0 1 1 0.7 0 1 1 0.9 0 1 1
14 0.1 19 0.10526315789473684 0.0 0.4 0 1 1 0.5 0 1 1 0.6 0 1 1 0.7 0 1 1 0.9 0 1 1
14 0.1 24 0.0 0.0 0.4 1 0.0 0.0 0.5 0 1 1 0.6 0 1 1 0.7 0 1 1 0.9 0 1 1
14 0.1 85 0.09411764705882353 0.0 0.4 0 1 1 0.5 0 1 1 0.6 0 1 1 0.7 0 1 1 0.9 0 1 1
14 0.1 47 0.14893617021276595 0.0 0.4 4 0.25 0.0 0.5 0 1 1 0.6 0 1 1 0.7 0 1 1 0.9 0 1 1
14 0.1 215 0.06511627906976744 0.0 0.4 14 0.2857142857142857 0.0 0.5 3 0.6666666666666666 0.0 0.6 0 1 1 0.7 0 1 1 0.9 0 1 1
14 0.1 200 0.07 0.0 0.4 34 0.35294117647058826 0.0 0.5 5 0.6 0.0 0.6 0 1 1 0.7 0 1 1 0.9 0 1 1
14 0.1 136 0.10294117647058823 0.0 0.4 7 0.42857142857142855 0.0 0.5 1 1.0 0.0 0.6 0 1 1 0.7 0 1 1 0.9 0 1 1
14 0.1 58 0.22413793103448276 0.0 0.4 1 1.0 0.0 0.5 0 1 1 0.6 0 1 1 0.7 0 1 1 0.9 0 1 1
14 0.1 98 0.1326530612244898 0.0 0.4 11 0.36363636363636365 0.0 0.5 2 0.5 0.0 0.6 1 1.0 0.0 0.7 0 1 1 0.9 0 1 1
14 0.1 58 0.20689655172413793 0.0 0.4 11 0.36363636363636365 0.0 0.5 4 0.25 0.0 0.6 2 0.5 0.0 0.7 0 1 1 0.9 0 1 1
14 0.1 94 0.14893617021276595 0.0 0.4 28 0.32142857142857145 0.0 0.5 1 0.0 0.0 0.6 0 1 1 0.7 0 1 1 0.9 0 1 1
14 0.1 80 0.15 0.0 0.4 5 0.8 0.0 0.5 0 1 1 0.6 0 1 1 0.7 0 1 1 0.9 0 1 1
14 0.1 48 0.25 0.0 0.4 15 0.6 0.0 0.5 7 0.8571428571428571 0.0 0.6 1 1.0 0.0 0.7 0 1 1 0.9 0 1 1
14 0.1 80 0.175 0.0 0.4 21 0.38095238095238093 0.0 0.5 3 1.0 0.0 0.6 0 1 1 0.7 0 1 1 0.9 0 1 1
14 0.1 61 0.21311475409836064 0.0 0.4 3 1.0 0.0 0.5 0 1 1 0.6 0 1 1 0.7 0 1 1 0.9 0 1 1
14 0.1 44 0.29545454545454547 0.0 0.4 14 0.6428571428571429 0.0 0.5 8 0.875 0.0 0.6 5 0.8 0.0 0.7 1 1.0 0.0 0.9 0 1 1
14 0.1 49 0.2857142857142857 0.0 0.4 14 0.5 0.0 0.5 4 1.0 0.0 0.6 1 1.0 0.0 0.7 0 1 1 0.9 0 1 1
14 0.1 23 0.5652173913043478 0.0 0.4 11 0.9090909090909091 0.0 0.5 6 1.0 0.0 0.6 4 1.0 0.0 0.7 1 1.0 0.0 0.9 0 1 1
14 0.1 32 0.4375 0.0 0.4 15 0.8 0.0 0.5 10 0.9 0.0 0.6 1 1.0 0.0 0.7 0 1 1 0.9 0 1 1
14 0.1 23 0.5652173913043478 0.0 0.4 13 0.8461538461538461 0.0 0.5 8 0.875 0.0 0.6 2 1.0 0.0 0.7 0 1 1 0.9 0 1 1
14 0.1 32 0.40625 0.0 0.4 6 0.8333333333333334 0.0 0.5 2 1.0 0.0 0.6 0 1 1 0.7 0 1 1 0.9 0 1 1
14 0.1 7 0.8571428571428571 0.0 0.4 0 1 1 0.5 0 1 1 0.6 0 1 1 0.7 0 1 1 0.9 0 1 1
14 0.1 38 0.34210526315789475 0.0 0.4 10 0.7 0.0 0.5 4 0.75 0.0 0.6 2 1.0 0.0 0.7 0 1 1 0.9 0 1 1
14 0.1 36 0.3888888888888889 0.0 0.4 12 0.75 0.0 0.5 5 0.6 0.0 0.6 2 1.0 0.0 0.7 1 1.0 0.0 0.9 0 1 1
14 0.1 26 0.5384615384615384 0.0 0.4 11 0.8181818181818182 0.0 0.5 6 1.0 0.0 0.6 3 1.0 0.0 0.7 0 1 1 0.9 0 1 1
14 0.1 23 0.43478260869565216 0.0 0.4 2 1.0 0.0 0.5 0 1 1 0.6 0 1 1 0.7 0 1 1 0.9 0 1 1
14 0.1 31 0.45161290322580644 0.0 0.4 20 0.7 0.0 0.5 16 0.75 0.0 0.6 14 0.7857142857142857 0.0 0.7 7 0.8571428571428571 0.0 0.9 0 1 1
14 0.1 16 0.875 0.0 0.4 11 0.9090909090909091 0.0 0.5 8 0.875 0.0 0.6 3 1.0 0.0 0.7 0 1 1 0.9 0 1 1
14 0.1 18 0.7222222222222222 0.0 0.4 10 1.0 0.0 0.5 6 1.0 0.0 0.6 4 1.0 0.0 0.7 2 1.0 0.0 0.9 0 1 1
14 0.1 27 0.5185185185185185 0.0 0.4 14 0.8571428571428571 0.0 0.5 9 0.8888888888888888 0.0 0.6 5 0.8 0.0 0.7 3 1.0 0.0 0.9 0 1 1
14 0.1 35 0.4 0.0 0.4 16 0.8125 0.0 0.5 13 0.7692307692307693 0.0 0.6 8 0.75 0.0 0.7 4 0.75 0.0 0.9 0 1 1
14 0.1 16 0.5625 0.0 0.4 1 1.0 0.0 0.5 1 1.0 0.0 0.6 0 1 1 0.7 0 1 1 0.9 0 1 1
14 0.1 20 0.65 0.0 0.4 15 0.7333333333333333 0.0 0.5 11 0.8181818181818182 0.0 0.6 6 0.8333333333333334 0.0 0.7 2 0.5 0.0 0.9 0 1 1
14 0.1 16 0.6875 0.0 0.4 3 1.0 0.0 0.5 1 1.0 0.0 0.6 1 1.0 0.0 0.7 1 1.0 0.0 0.9 0 1 1
14 0.1 1 1.0 0.0 0.4 0 1 1 0.5 0 1 1 0.6 0 1 1 0.7 0 1 1 0.9 0 1 1
14 0.1 32 0.375 0.0 0.4 11 0.7272727272727273 0.0 0.5 8 0.625 0.0 0.6 4 0.75 0.0 0.7 0 1 1 0.9 0 1 1
14 0.1 21 0.47619047619047616 0.0 0.4 6 0.8333333333333334 0.0 0.5 4 0.75 0.0 0.6 2 1.0 0.0 0.7 0 1 1 0.9 0 1 1
14 0.1 15 0.7333333333333333 0.0 0.4 2 1.0 0.0 0.5 2 1.0 0.0 0.6 1 1.0 0.0 0.7 0 1 1 0.9 0 1 1
14 0.1 21 0.5714285714285714 0.0 0.4 5 1.0 0.0 0.5 2 1.0 0.0 0.6 1 1.0 0.0 0.7 0 1 1 0.9 0 1 1
14 0.1 7 0.8571428571428571 0.0 0.4 0 1 1 0.5 0 1 1 0.6 0 1 1 0.7 0 1 1 0.9 0 1 1
14 0.1 4 0.5 0.0 0.4 0 1 1 0.5 0 1 1 0.6 0 1 1 0.7 0 1 1 0.9 0 1 1
14 0.1 0 1 1 0.4 0 1 1 0.5 0 1 1 0.6 0 1 1 0.7 0 1 1 0.9 0 1 1
14 0.1 2 0.0 0.0 0.4 0 1 1 0.5 0 1 1 0.6 0 1 1 0.7 0 1 1 0.9 0 1 1
14 0.1 0 1 1 0.4 0 1 1 0.5 0 1 1 0.6 0 1 1 0.7 0 1 1 0.9 0 1 1
14 0.1 0 1 1 0.4 0 1 1 0.5 0 1 1 0.6 0 1 1 0.7 0 1 1 0.9 0 1 1
14 0.1 1 1.0 0.0 0.4 0 1 1 0.5 0 1 1 0.6 0 1 1 0.7 0 1 1 0.9 0 1 1
14 0.1 3 0.0 0.0 0.4 0 1 1 0.5 0 1 1 0.6 0 1 1 0.7 0 1 1 0.9 0 1 1
14 0.1 2 0.5 0.0 0.4 0 1 1 0.5 0 1 1 0.6 0 1 1 0.7 0 1 1 0.9 0 1 1
14 0.1 15 0.6 0.0 0.4 4 1.0 0.0 0.5 2 1.0 0.0 0.6 1 1.0 0.0 0.7 0 1 1 0.9 0 1 1
14 0.1 9 0.7777777777777778 0.0 0.4 0 1 1 0.5 0 1 1 0.6 0 1 1 0.7 0 1 1 0.9 0 1 1
14 0.1 17 0.7647058823529411 0.0 0.4 4 1.0 0.0 0.5 1 1.0 0.0 0.6 1 1.0 0.0 0.7 1 1.0 0.0 0.9 0 1 1
14 0.1 16 0.25 0.0 0.4 3 0.0 0.0 0.5 1 0.0 0.0 0.6 0 1 1 0.7 0 1 1 0.9 0 1 1
14 0.1 7 0.8571428571428571 0.0 0.4 0 1 1 0.5 0 1 1 0.6 0 1 1 0.7 0 1 1 0.9 0 1 1
14 0.1 7 0.5714285714285714 0.0 0.4 0 1 1 0.5 0 1 1 0.6 0 1 1 0.7 0 1 1 0.9 0 1 1
14 0.1 24 0.5833333333333334 0.0 0.4 13 0.7692307692307693 0.0 0.5 7 0.8571428571428571 0.0 0.6 0 1 1 0.7 0 1 1 0.9 0 1 1
14 0.1 18 0.7777777777777778 0.0 0.4 3 1.0 0.0 0.5 2 1.0 0.0 0.6 0 1 1 0.7 0 1 1 0.9 0 1 1
14 0.1 30 0.36666666666666664 0.0 0.4 0 1 1 0.5 0 1 1 0.6 0 1 1 0.7 0 1 1 0.9 0 1 1
14 0.1 10 0.7 0.0 0.4 2 1.0 0.0 0.5 1 1.0 0.0 0.6 1 1.0 0.0 0.7 0 1 1 0.9 0 1 1
14 0.1 21 0.5714285714285714 0.0 0.4 5 0.8 0.0 0.5 2 1.0 0.0 0.6 0 1 1 0.7 0 1 1 0.9 0 1 1
14 0.1 22 0.5909090909090909 0.0 0.4 5 1.0 0.0 0.5 2 1.0 0.0 0.6 0 1 1 0.7 0 1 1 0.9 0 1 1
14 0.1 23 0.6086956521739131 0.043478260869565216 0.4 14 0.8571428571428571 0.07142857142857142 0.5 6 0.8333333333333334 0.16666666666666666 0.6 4 1.0 0.25 0.7 2 1.0 0.5 0.9 0 1 1
14 0.1 25 0.56 0.0 0.4 7 0.8571428571428571 0.0 0.5 4 1.0 0.0 0.6 0 1 1 0.7 0 1 1 0.9 0 1 1
14 0.1 23 0.6086956521739131 0.043478260869565216 0.4 9 0.7777777777777778 0.0 0.5 5 0.8 0.0 0.6 3 1.0 0.0 0.7 0 1 1 0.9 0 1 1
14 0.1 23 0.6086956521739131 0.0 0.4 8 0.875 0.0 0.5 6 0.8333333333333334 0.0 0.6 2 1.0 0.0 0.7 0 1 1 0.9 0 1 1
14 0.1 2 1.0 0.0 0.4 0 1 1 0.5 0 1 1 0.6 0 1 1 0.7 0 1 1 0.9 0 1 1
14 0.1 0 1 1 0.4 0 1 1 0.5 0 1 1 0.6 0 1 1 0.7 0 1 1 0.9 0 1 1
14 0.1 1 1.0 0.0 0.4 0 1 1 0.5 0 1 1 0.6 0 1 1 0.7 0 1 1 0.9 0 1 1
14 0.1 11 0.7272727272727273 0.0 0.4 5 1.0 0.0 0.5 2 1.0 0.0 0.6 1 1.0 0.0 0.7 1 1.0 0.0 0.9 0 1 1
14 0.1 25 0.56 0.0 0.4 13 0.8461538461538461 0.0 0.5 8 0.875 0.0 0.6 4 0.75 0.0 0.7 1 1.0 0.0 0.9 0 1 1
14 0.1 23 0.5217391304347826 0.0 0.4 14 0.6428571428571429 0.0 0.5 8 0.625 0.0 0.6 4 0.5 0.0 0.7 1 1.0 0.0 0.9 0 1 1
14 0.1 13 0.7692307692307693 0.0 0.4 2 1.0 0.0 0.5 1 1.0 0.0 0.6 1 1.0 0.0 0.7 1 1.0 0.0 0.9 0 1 1
14 0.1 17 0.6470588235294118 0.0 0.4 1 1.0 0.0 0.5 0 1 1 0.6 0 1 1 0.7 0 1 1 0.9 0 1 1
14 0.1 21 0.6666666666666666 0.0 0.4 7 0.8571428571428571 0.0 0.5 4 1.0 0.0 0.6 1 1.0 0.0 0.7 0 1 1 0.9 0 1 1
14 0.1 19 0.7368421052631579 0.0 0.4 8 0.875 0.0 0.5 7 0.8571428571428571 0.0 0.6 3 1.0 0.0 0.7 0 1 1 0.9 0 1 1
14 0.1 24 0.5416666666666666 0.041666666666666664 0.4 6 1.0 0.0 0.5 3 1.0 0.0 0.6 1 1.0 0.0 0.7 0 1 1 0.9 0 1 1
14 0.1 61 0.18032786885245902 0.0 0.4 1 0.0 0.0 0.5 0 1 1 0.6 0 1 1 0.7 0 1 1 0.9 0 1 1
14 0.1 35 0.4 0.0 0.4 9 0.7777777777777778 0.0 0.5 7 0.7142857142857143 0.0 0.6 4 0.75 0.0 0.7 2 0.5 0.0 0.9 0 1 1
14 0.1 115 0.10434782608695652 0.0 0.4 15 0.4 0.0 0.5 6 0.5 0.0 0.6 3 0.6666666666666666 0.0 0.7 0 1 1 0.9 0 1 1
14 0.1 18 0.6666666666666666 0.0 0.4 1 1.0 0.0 0.5 1 1.0 0.0 0.6 0 1 1 0.7 0 1 1 0.9 0 1 1
14 0.1 8 0.875 0.0 0.4 2 1.0 0.0 0.5 0 1 1 0.6 0 1 1 0.7 0 1 1 0.9 0 1 1
14 0.1 19 0.6842105263157895 0.0 0.4 9 1.0 0.0 0.5 7 1.0 0.0 0.6 1 1.0 0.0 0.7 0 1 1 0.9 0 1 1
14 0.1 17 0.8235294117647058 0.0 0.4 7 0.8571428571428571 0.0 0.5 5 1.0 0.0 0.6 2 1.0 0.0 0.7 1 1.0 0.0 0.9 0 1 1
14 0.1 13 0.7692307692307693 0.0 0.4 4 1.0 0.0 0.5 2 1.0 0.0 0.6 0 1 1 0.7 0 1 1 0.9 0 1 1
14 0.1 15 0.8666666666666667 0.0 0.4 7 0.8571428571428571 0.0 0.5 4 0.75 0.0 0.6 2 1.0 0.0 0.7 1 1.0 0.0 0.9 0 1 1
14 0.1 20 0.7 0.0 0.4 7 0.8571428571428571 0.0 0.5 4 0.75 0.0 0.6 4 0.75 0.0 0.7 2 1.0 0.0 0.9 0 1 1
14 0.1 22 0.6363636363636364 0.0 0.4 8 0.875 0.0 0.5 6 0.8333333333333334 0.0 0.6 5 1.0 0.0 0.7 3 1.0 0.0 0.9 0 1 1
14 0.1 21 0.6666666666666666 0.0 0.4 10 0.9 0.0 0.5 6 0.8333333333333334 0.0 0.6 3 1.0 0.0 0.7 1 1.0 0.0 0.9 0 1 1
14 0.1 23 0.6086956521739131 0.0 0.4 14 0.8571428571428571 0.0 0.5 9 0.8888888888888888 0.0 0.6 7 1.0 0.0 0.7 4 1.0 0.0 0.9 0 1 1
14 0.1 15 0.8666666666666667 0.0 0.4 5 1.0 0.0 0.5 2 1.0 0.0 0.6 1 1.0 0.0 0.7 0 1 1 0.9 0 1 1
14 0.1 22 0.6363636363636364 0.0 0.4 13 0.8461538461538461 0.0 0.5 11 0.8181818181818182 0.0 0.6 7 1.0 0.0 0.7 5 1.0 0.0 0.9 0 1 1
14 0.1 66 0.16666666666666666 0.0 0.4 8 0.625 0.0 0.5 4 0.75 0.0 0.6 0 1 1 0.7 0 1 1 0.9 0 1 1
14 0.1 9 1.0 0.0 0.4 4 1.0 0.0 0.5 0 1 1 0.6 0 1 1 0.7 0 1 1 0.9 0 1 1
14 0.1 23 0.5217391304347826 0.043478260869565216 0.4 4 0.75 0.0 0.5 1 0.0 0.0 0.6 0 1 1 0.7 0 1 1 0.9 0 1 1
14 0.1 25 0.56 0.0 0.4 15 0.8666666666666667 0.0 0.5 8 0.875 0.0 0.6 5 1.0 0.0 0.7 0 1 1 0.9 0 1 1
14 0.1 21 0.6666666666666666 0.0 0.4 10 0.9 0.0 0.5 6 1.0 0.0 0.6 4 1.0 0.0 0.7 3 1.0 0.0 0.9 0 1 1
14 0.1 18 0.7777777777777778 0.0 0.4 7 1.0 0.0 0.5 4 1.0 0.0 0.6 2 1.0 0.0 0.7 1 1.0 0.0 0.9 0 1 1
14 0.1 14 0.7857142857142857 0.0 0.4 5 1.0 0.0 0.5 1 1.0 0.0 0.6 0 1 1 0.7 0 1 1 0.9 0 1 1
14 0.1 59 0.23728813559322035 0.0 0.4 10 0.5 0.0 0.5 5 0.8 0.0 0.6 3 1.0 0.0 0.7 1 1.0 0.0 0.9 0 1 1
14 0.1 11 0.9090909090909091 0.0 0.4 4 1.0 0.0 0.5 3 1.0 0.0 0.6 0 1 1 0.7 0 1 1 0.9 0 1 1
14 0.1 16 0.75 0.0 0.4 8 1.0 0.0 0.5 5 1.0 0.0 0.6 3 1.0 0.0 0.7 0 1 1 0.9 0 1 1
14 0.1 19 0.6842105263157895 0.0 0.4 5 1.0 0.0 0.5 2 1.0 0.0 0.6 1 1.0 0.0 0.7 0 1 1 0.9 0 1 1
14 0.1 18 0.7222222222222222 0.0 0.4 8 0.875 0.0 0.5 5 0.8 0.0 0.6 1 1.0 0.0 0.7 0 1 1 0.9 0 1 1
14 0.1 19 0.6842105263157895 0.0 0.4 7 0.8571428571428571 0.0 0.5 5 1.0 0.0 0.6 4 1.0 0.0 0.7 0 1 1 0.9 0 1 1
14 0.1 22 0.6363636363636364 0.0 0.4 16 0.875 0.0 0.5 13 0.9230769230769231 0.0 0.6 9 0.8888888888888888 0.0 0.7 5 0.8 0.0 0.9 0 1 1
14 0.1 18 0.7222222222222222 0.0 0.4 10 0.9 0.0 0.5 9 0.8888888888888888 0.0 0.6 6 0.8333333333333334 0.0 0.7 3 1.0 0.0 0.9 0 1 1
14 0.1 17 0.8235294117647058 0.058823529411764705 0.4 10 0.9 0.0 0.5 6 0.8333333333333334 0.0 0.6 6 0.8333333333333334 0.0 0.7 2 1.0 0.0 0.9 0 1 1
14 0.1 21 0.6666666666666666 0.047619047619047616 0.4 13 0.9230769230769231 0.07692307692307693 0.5 12 0.9166666666666666 0.08333333333333333 0.6 6 0.8333333333333334 0.0 0.7 3 1.0 0.0 0.9 0 1 1
14 0.1 21 0.6666666666666666 0.0 0.4 14 0.8571428571428571 0.0 0.5 11 0.9090909090909091 0.0 0.6 7 1.0 0.0 0.7 4 1.0 0.0 0.9 0 1 1
14 0.1 17 0.7647058823529411 0.11764705882352941 0.4 11 0.9090909090909091 0.18181818181818182 0.5 6 1.0 0.16666666666666666 0.6 5 1.0 0.2 0.7 4 1.0 0.25 0.9 0 1 1
14 0.1 18 0.7777777777777778 0.0 0.4 10 0.9 0.0 0.5 8 0.875 0.0 0.6 6 1.0 0.0 0.7 2 1.0 0.0 0.9 0 1 1
14 0.1 22 0.6363636363636364 0.09090909090909091 0.4 18 0.7777777777777778 0.1111111111111111 0.5 13 0.8461538461538461 0.07692307692307693 0.6 11 0.8181818181818182 0.09090909090909091 0.7 10 0.9 0.1 0.9 0 1 1
14 0.1 19 0.7368421052631579 0.0 0.4 12 0.8333333333333334 0.0 0.5 10 0.8 0.0 0.6 8 0.875 0.0 0.7 4 1.0 0.0 0.9 0 1 1
14 0.1 24 0.5833333333333334 0.0 0.4 13 0.9230769230769231 0.0 0.5 10 0.9 0.0 0.6 6 0.8333333333333334 0.0 0.7 2 1.0 0.0 0.9 0 1 1
14 0.1 24 0.5833333333333334 0.0 0.4 11 0.9090909090909091 0.0 0.5 8 0.875 0.0 0.6 7 0.8571428571428571 0.0 0.7 5 0.8 0.0 0.9 0 1 1
14 0.1 16 0.8125 0.0 0.4 11 0.9090909090909091 0.0 0.5 7 1.0 0.0 0.6 4 1.0 0.0 0.7 1 1.0 0.0 0.9 0 1 1
14 0.1 19 0.7368421052631579 0.05263157894736842 0.4 14 0.9285714285714286 0.07142857142857142 0.5 11 0.9090909090909091 0.09090909090909091 0.6 8 0.875 0.0 0.7 6 0.8333333333333334 0.0 0.9 0 1 1
14 0.1 29 0.4827586206896552 0.034482758620689655 0.4 16 0.8125 0.0625 0.5 12 0.8333333333333334 0.0 0.6 12 0.8333333333333334 0.0 0.7 6 0.8333333333333334 0.0 0.9 0 1 1
14 0.1 17 0.7647058823529411 0.11764705882352941 0.4 9 0.8888888888888888 0.1111111111111111 0.5 7 0.8571428571428571 0.0 0.6 6 1.0 0.0 0.7 3 1.0 0.0 0.9 0 1 1
14 0.1 17 0.7647058823529411 0.0 0.4 10 0.9 0.0 0.5 10 0.9 0.0 0.6 7 1.0 0.0 0.7 4 1.0 0.0 0.9 0 1 1
14 0.1 20 0.7 0.1 0.4 15 0.8666666666666667 0.13333333333333333 0.5 12 0.9166666666666666 0.16666666666666666 0.6 11 0.9090909090909091 0.18181818181818182 0.7 9 0.8888888888888888 0.1111111111111111 0.9 0 1 1
14 0.1 21 0.6190476190476191 0.0 0.4 16 0.8125 0.0 0.5 13 0.8461538461538461 0.0 0.6 11 0.8181818181818182 0.0 0.7 10 0.8 0.0 0.9 0 1 1
14 0.1 20 0.7 0.0 0.4 15 0.8666666666666667 0.0 0.5 14 0.8571428571428571 0.0 0.6 11 0.8181818181818182 0.0 0.7 8 0.75 0.0 0.9 0 1 1
14 0.1 17 0.7647058823529411 0.058823529411764705 0.4 11 0.8181818181818182 0.09090909090909091 0.5 9 0.8888888888888888 0.1111111111111111 0.6 9 0.8888888888888888 0.1111111111111111 0.7 6 0.8333333333333334 0.0 0.9 0 1 1
14 0.1 19 0.7368421052631579 0.0 0.4 7 0.8571428571428571 0.0 0.5 7 0.8571428571428571 0.0 0.6 3 1.0 0.0 0.7 1 1.0 0.0 0.9 0 1 1
14 0.1 20 0.65 0.05 0.4 10 0.9 0.1 0.5 9 1.0 0.1111111111111111 0.6 9 1.0 0.1111111111111111 0.7 5 1.0 0.0 0.9 0 1 1
14 0.1 20 0.7 0.0 0.4 13 0.8461538461538461 0.0 0.5 10 0.9 0.0 0.6 9 0.8888888888888888 0.0 0.7 7 0.8571428571428571 0.0 0.9 0 1 1
14 0.1 15 0.8666666666666667 0.0 0.4 10 0.9 0.0 0.5 9 0.8888888888888888 0.0 0.6 7 0.8571428571428571 0.0 0.7 6 0.8333333333333334 0.0 0.9 0 1 1
14 0.1 19 0.7368421052631579 0.10526315789473684 0.4 15 0.7333333333333333 0.13333333333333333 0.5 14 0.7142857142857143 0.14285714285714285 0.6 11 0.8181818181818182 0.18181818181818182 0.7 7 0.8571428571428571 0.2857142857142857 0.9 0 1 1
14 0.1 10 1.0 0.1 0.4 6 1.0 0.16666666666666666 0.5 5 1.0 0.2 0.6 4 1.0 0.25 0.7 2 1.0 0.5 0.9 0 1 1
14 0.1 19 0.6842105263157895 0.0 0.4 16 0.8125 0.0 0.5 15 0.8 0.0 0.6 10 0.8 0.0 0.7 5 1.0 0.0 0.9 0 1 1
14 0.1 20 0.7 0.0 0.4 15 0.8666666666666667 0.0 0.5 11 0.9090909090909091 0.0 0.6 9 0.8888888888888888 0.0 0.7 9 0.8888888888888888 0.0 0.9 0 1 1
14 0.1 16 0.8125 0.0625 0.4 7 0.8571428571428571 0.14285714285714285 0.5 7 0.8571428571428571 0.14285714285714285 0.6 5 1.0 0.2 0.7 3 1.0 0.3333333333333333 0.9 0 1 1
14 0.1 16 0.8125 0.0625 0.4 11 0.9090909090909091 0.09090909090909091 0.5 10 0.9 0.1 0.6 8 0.875 0.125 0.7 5 0.8 0.2 0.9 0 1 1
14 0.1 21 0.6666666666666666 0.0 0.4 13 0.9230769230769231 0.0 0.5 12 0.9166666666666666 0.0 0.6 12 0.9166666666666666 0.0 0.7 10 0.9 0.0 0.9 0 1 1
14 0.1 20 0.7 0.05 0.4 16 0.875 0.0625 0.5 14 0.8571428571428571 0.07142857142857142 0.6 13 0.8461538461538461 0.07692307692307693 0.7 13 0.8461538461538461 0.07692307692307693 0.9 0 1 1
14 0.1 21 0.6666666666666666 0.09523809523809523 0.4 15 0.7333333333333333 0.06666666666666667 0.5 13 0.8461538461538461 0.07692307692307693 0.6 12 0.9166666666666666 0.08333333333333333 0.7 4 1.0 0.0 0.9 0 1 1
14 0.1 19 0.6842105263157895 0.0 0.4 13 0.8461538461538461 0.0 0.5 10 0.9 0.0 0.6 9 1.0 0.0 0.7 5 1.0 0.0 0.9 0 1 1
14 0.1 22 0.6363636363636364 0.13636363636363635 0.4 15 0.8666666666666667 0.2 0.5 14 0.8571428571428571 0.21428571428571427 0.6 13 0.8461538461538461 0.15384615384615385 0.7 11 0.8181818181818182 0.09090909090909091 0.9 0 1 1
14 0.1 22 0.6363636363636364 0.0 0.4 14 0.8571428571428571 0.0 0.5 12 0.9166666666666666 0.0 0.6 11 1.0 0.0 0.7 9 1.0 0.0 0.9 0 1 1
14 0.1 18 0.7777777777777778 0.05555555555555555 0.4 12 0.8333333333333334 0.08333333333333333 0.5 12 0.8333333333333334 0.08333333333333333 0.6 12 0.8333333333333334 0.08333333333333333 0.7 9 0.8888888888888888 0.1111111111111111 0.9 0 1 1
14 0.1 22 0.5909090909090909 0.0 0.4 14 0.8571428571428571 0.0 0.5 13 0.8461538461538461 0.0 0.6 9 1.0 0.0 0.7 9 1.0 0.0 0.9 0 1 1
14 0.1 51 0.27450980392156865 0.0 0.4 27 0.4074074074074074 0.0 0.5 22 0.45454545454545453 0.0 0.6 19 0.5263157894736842 0.0 0.7 9 0.5555555555555556 0.0 0.9 0 1 1
14 0.1 21 0.6666666666666666 0.0 0.4 16 0.8125 0.0 0.5 16 0.8125 0.0 0.6 14 0.9285714285714286 0.0 0.7 9 1.0 0.0 0.9 0 1 1
14 0.1 19 0.7368421052631579 0.0 0.4 17 0.7647058823529411 0.0 0.5 13 0.7692307692307693 0.0 0.6 13 0.7692307692307693 0.0 0.7 10 0.8 0.0 0.9 0 1 1
14 0.1 17 0.8235294117647058 0.058823529411764705 0.4 13 0.7692307692307693 0.07692307692307693 0.5 11 0.8181818181818182 0.09090909090909091 0.6 11 0.8181818181818182 0.09090909090909091 0.7 11 0.8181818181818182 0.09090909090909091 0.9 0 1 1
14 0.1 23 0.6086956521739131 0.0 0.4 18 0.7777777777777778 0.0 0.5 17 0.8235294117647058 0.0 0.6 14 0.8571428571428571 0.0 0.7 14 0.8571428571428571 0.0 0.9 0 1 1
14 0.1 17 0.7647058823529411 0.058823529411764705 0.4 15 0.8 0.06666666666666667 0.5 15 0.8 0.06666666666666667 0.6 12 0.9166666666666666 0.08333333333333333 0.7 10 1.0 0.1 0.9 0 1 1
14 0.1 21 0.6190476190476191 0.0 0.4 15 0.8 0.0 0.5 15 0.8 0.0 0.6 13 0.7692307692307693 0.0 0.7 11 0.8181818181818182 0.0 0.9 0 1 1
14 0.1 20 0.65 0.05 0.4 16 0.8125 0.0625 0.5 16 0.8125 0.0625 0.6 14 0.8571428571428571 0.07142857142857142 0.7 14 0.8571428571428571 0.07142857142857142 0.9 0 1 1
14 0.1 23 0.6086956521739131 0.08695652173913043 0.4 17 0.7647058823529411 0.11764705882352941 0.5 16 0.8125 0.125 0.6 16 0.8125 0.125 0.7 16 0.8125 0.125 0.9 0 1 1
14 0.1 22 0.6363636363636364 0.0 0.4 18 0.7222222222222222 0.0 0.5 16 0.8125 0.0 0.6 16 0.8125 0.0 0.7 15 0.8 0.0 0.9 0 1 1
14 0.1 31 0.45161290322580644 0.0 0.4 17 0.7058823529411765 0.0 0.5 15 0.6666666666666666 0.0 0.6 14 0.6428571428571429 0.0 0.7 8 0.75 0.0 0.9 0 1 1
14 0.1 22 0.6363636363636364 0.09090909090909091 0.4 15 0.8 0.13333333333333333 0.5 15 0.8 0.13333333333333333 0.6 15 0.8 0.13333333333333333 0.7 12 0.8333333333333334 0.16666666666666666 0.9 0 1 1
14 0.1 23 0.5652173913043478 0.0 0.4 17 0.7647058823529411 0.0 0.5 16 0.8125 0.0 0.6 13 0.8461538461538461 0.0 0.7 10 0.9 0.0 0.9 0 1 1
14 0.1 19 0.6842105263157895 0.05263157894736842 0.4 15 0.8 0.06666666666666667 0.5 13 0.9230769230769231 0.07692307692307693 0.6 11 0.9090909090909091 0.0 0.7 10 0.9 0.0 0.9 0 1 1
14 0.1 19 0.7368421052631579 0.0 0.4 16 0.8125 0.0 0.5 15 0.8 0.0 0.6 13 0.8461538461538461 0.0 0.7 12 0.8333333333333334 0.0 0.9 0 1 1
14 0.1 22 0.6363636363636364 0.045454545454545456 0.4 18 0.7777777777777778 0.05555555555555555 0.5 16 0.875 0.0625 0.6 13 0.8461538461538461 0.07692307692307693 0.7 12 0.8333333333333334 0.08333333333333333 0.9 0 1 1
14 0.1 23 0.6086956521739131 0.0 0.4 17 0.7058823529411765 0.0 0.5 16 0.75 0.0 0.6 15 0.8 0.0 0.7 13 0.8461538461538461 0.0 0.9 0 1 1
14 0.1 21 0.6666666666666666 0.047619047619047616 0.4 18 0.7222222222222222 0.05555555555555555 0.5 16 0.8125 0.0625 0.6 16 0.8125 0.0625 0.7 15 0.8666666666666667 0.06666666666666667 0.9 0 1 1
14 0.1 23 0.6086956521739131 0.0 0.4 20 0.7 0.0 0.5 18 0.7777777777777778 0.0 0.6 16 0.8125 0.0 0.7 11 0.8181818181818182 0.0 0.9 0 1 1
14 0.1 22 0.6363636363636364 0.0 0.4 18 0.7777777777777778 0.0 0.5 17 0.7647058823529411 0.0 0.6 16 0.8125 0.0 0.7 13 0.7692307692307693 0.0 0.9 0 1 1
14 0.1 19 0.6842105263157895 0.0 0.4 13 0.7692307692307693 0.0 0.5 11 0.8181818181818182 0.0 0.6 10 0.8 0.0 0.7 7 0.8571428571428571 0.0 0.9 0 1 1
14 0.1 15 0.8 0.0 0.4 10 0.9 0.0 0.5 8 1.0 0.0 0.6 5 1.0 0.0 0.7 3 1.0 0.0 0.9 0 1 1
14 0.1 24 0.5833333333333334 0.0 0.4 20 0.7 0.0 0.5 19 0.6842105263157895 0.0 0.6 16 0.6875 0.0 0.7 12 0.75 0.0 0.9 0 1 1
14 0.1 18 0.7222222222222222 0.0 0.4 14 0.7857142857142857 0.0 0.5 14 0.7857142857142857 0.0 0.6 13 0.7692307692307693 0.0 0.7 9 0.6666666666666666 0.0 0.9 0 1 1
14 0.1 19 0.6842105263157895 0.0 0.4 15 0.7333333333333333 0.0 0.5 14 0.7142857142857143 0.0 0.6 11 0.7272727272727273 0.0 0.7 10 0.7 0.0 0.9 0 1 1
14 0.1 19 0.6842105263157895 0.0 0.4 15 0.8 0.0 0.5 14 0.8571428571428571 0.0 0.6 14 0.8571428571428571 0.0 0.7 11 0.8181818181818182 0.0 0.9 0 1 1
14 0.1 17 0.7647058823529411 0.0 0.4 16 0.75 0.0 0.5 13 0.7692307692307693 0.0 0.6 11 0.7272727272727273 0.0 0.7 8 0.75 0.0 0.9 0 1 1
14 0.1 19 0.7368421052631579 0.05263157894736842 0.4 13 0.7692307692307693 0.07692307692307693 0.5 13 0.7692307692307693 0.07692307692307693 0.6 13 0.7692307692307693 0.07692307692307693 0.7 10 0.7 0.0 0.9 0 1 1
14 0.1 10 0.8 0.0 0.4 7 0.8571428571428571 0.0 0.5 5 0.8 0.0 0.6 5 0.8 0.0 0.7 2 1.0 0.0 0.9 0 1 1
14 0.1 18 0.7777777777777778 0.0 0.4 12 0.75 0.0 0.5 12 0.75 0.0 0.6 10 0.7 0.0 0.7 9 0.6666666666666666 0.0 0.9 0 1 1
14 0.1 22 0.6363636363636364 0.045454545454545456 0.4 15 0.7333333333333333 0.06666666666666667 0.5 14 0.7857142857142857 0.07142857142857142 0.6 12 0.8333333333333334 0.08333333333333333 0.7 12 0.8333333333333334 0.08333333333333333 0.9 0 1 1
14 0.1 21 0.6666666666666666 0.047619047619047616 0.4 17 0.7058823529411765 0.058823529411764705 0.5 15 0.8 0.06666666666666667 0.6 13 0.8461538461538461 0.07692307692307693 0.7 13 0.8461538461538461 0.07692307692307693 0.9 0 1 1
14 0.1 21 0.6666666666666666 0.09523809523809523 0.4 17 0.7647058823529411 0.11764705882352941 0.5 16 0.8125 0.125 0.6 15 0.8666666666666667 0.13333333333333333 0.7 13 0.8461538461538461 0.15384615384615385 0.9 0 1 1
14 0.1 22 0.6363636363636364 0.09090909090909091 0.4 18 0.7777777777777778 0.1111111111111111 0.5 16 0.8125 0.125 0.6 14 0.8571428571428571 0.14285714285714285 0.7 14 0.8571428571428571 0.14285714285714285 0.9 0 1 1
14 0.1 18 0.7222222222222222 0.0 0.4 13 0.7692307692307693 0.0 0.5 10 0.8 0.0 0.6 9 0.8888888888888888 0.0 0.7 7 0.8571428571428571 0.0 0.9 0 1 1
14 0.1 18 0.7222222222222222 0.05555555555555555 0.4 12 0.75 0.0 0.5 11 0.8181818181818182 0.0 0.6 10 0.8 0.0 0.7 10 0.8 0.0 0.9 0 1 1
14 0.1 15 0.6666666666666666 0.0 0.4 12 0.6666666666666666 0.0 0.5 12 0.6666666666666666 0.0 0.6 10 0.8 0.0 0.7 9 0.7777777777777778 0.0 0.9 0 1 1
14 0.1 19 0.7368421052631579 0.05263157894736842 0.4 13 0.7692307692307693 0.07692307692307693 0.5 12 0.75 0.0 0.6 11 0.7272727272727273 0.0 0.7 11 0.7272727272727273 0.0 0.9 0 1 1
14 0.1 23 0.6086956521739131 0.0 0.4 20 0.6 0.0 0.5 17 0.7058823529411765 0.0 0.6 15 0.7333333333333333 0.0 0.7 15 0.7333333333333333 0.0 0.9 0 1 1
14 0.1 24 0.5833333333333334 0.0 0.4 19 0.6842105263157895 0.0 0.5 18 0.7222222222222222 0.0 0.6 16 0.75 0.0 0.7 15 0.7333333333333333 0.0 0.9 0 1 1
14 0.1 23 0.6086956521739131 0.043478260869565216 0.4 22 0.6363636363636364 0.045454545454545456 0.5 21 0.6666666666666666 0.047619047619047616 0.6 18 0.7777777777777778 0.05555555555555555 0.7 16 0.8125 0.0625 0.9 0 1 1
14 0.1 20 0.7 0.0 0.4 15 0.7333333333333333 0.0 0.5 12 0.8333333333333334 0.0 0.6 12 0.8333333333333334 0.0 0.7 11 0.8181818181818182 0.0 0.9 0 1 1
14 0.1 19 0.6842105263157895 0.05263157894736842 0.4 16 0.75 0.0625 0.5 14 0.7857142857142857 0.07142857142857142 0.6 14 0.7857142857142857 0.07142857142857142 0.7 10 0.8 0.1 0.9 0 1 1
14 0.1 23 0.6086956521739131 0.043478260869565216 0.4 15 0.7333333333333333 0.06666666666666667 0.5 15 0.7333333333333333 0.06666666666666667 0.6 14 0.7857142857142857 0.07142857142857142 0.7 11 0.7272727272727273 0.09090909090909091 0.9 0 1 1
14 0.1 19 0.7368421052631579 0.0 0.4 15 0.7333333333333333 0.0 0.5 14 0.7142857142857143 0.0 0.6 14 0.7142857142857143 0.0 0.7 12 0.75 0.0 0.9 0 1 1
14 0.1 19 0.7368421052631579 0.05263157894736842 0.4 14 0.7142857142857143 0.0 0.5 13 0.6923076923076923 0.0 0.6 11 0.8181818181818182 0.0 0.7 10 0.8 0.0 0.9 0 1 1
14 0.1 19 0.631578947368421 0.10526315789473684 0.4 14 0.7142857142857143 0.14285714285714285 0.5 14 0.7142857142857143 0.14285714285714285 0.6 12 0.75 0.16666666666666666 0.7 11 0.8181818181818182 0.18181818181818182 0.9 0 1 1
14 0.1 21 0.6666666666666666 0.047619047619047616 0.4 15 0.8 0.06666666666666667 0.5 14 0.8571428571428571 0.07142857142857142 0.6 13 0.8461538461538461 0.07692307692307693 0.7 10 0.8 0.1 0.9 0 1 1
14 0.1 22 0.6363636363636364 0.045454545454545456 0.4 15 0.8 0.06666666666666667 0.5 14 0.8571428571428571 0.07142857142857142 0.6 14 0.8571428571428571 0.07142857142857142 0.7 12 0.8333333333333334 0.08333333333333333 0.9 0 1 1
14 0.1 21 0.6666666666666666 0.14285714285714285 0.4 19 0.7368421052631579 0.15789473684210525 0.5 18 0.7777777777777778 0.16666666666666666 0.6 17 0.8235294117647058 0.17647058823529413 0.7 14 0.7857142857142857 0.14285714285714285 0.9 0 1 1
14 0.1 18 0.7777777777777778 0.0 0.4 15 0.8666666666666667 0.0 0.5 14 0.8571428571428571 0.0 0.6 14 0.8571428571428571 0.0 0.7 13 0.8461538461538461 0.0 0.9 0 1 1
14 0.1 23 0.6086956521739131 0.08695652173913043 0.4 18 0.7777777777777778 0.1111111111111111 0.5 18 0.7777777777777778 0.1111111111111111 0.6 17 0.8235294117647058 0.11764705882352941 0.7 17 0.8235294117647058 0.11764705882352941 0.9 0 1 1
14 0.1 20 0.7 0.05 0.4 16 0.75 0.0625 0.5 14 0.7857142857142857 0.07142857142857142 0.6 14 0.7857142857142857 0.07142857142857142 0.7 14 0.7857142857142857 0.07142857142857142 0.9 0 1 1
14 0.1 21 0.6666666666666666 0.0 0.4 16 0.6875 0.0 0.5 14 0.7857142857142857 0.0 0.6 14 0.7857142857142857 0.0 0.7 14 0.7857142857142857 0.0 0.9 0 1 1
14 0.1 22 0.6363636363636364 0.045454545454545456 0.4 16 0.6875 0.0625 0.5 15 0.7333333333333333 0.06666666666666667 0.6 15 0.7333333333333333 0.06666666666666667 0.7 15 0.7333333333333333 0.06666666666666667 0.9 0 1 1
14 0.1 18 0.7222222222222222 0.0 0.4 16 0.6875 0.0 0.5 13 0.7692307692307693 0.0 0.6 11 0.8181818181818182 0.0 0.7 10 0.8 0.0 0.9 0 1 1
14 0.1 21 0.6190476190476191 0.047619047619047616 0.4 17 0.7058823529411765 0.058823529411764705 0.5 13 0.6923076923076923 0.0 0.6 13 0.6923076923076923 0.0 0.7 12 0.75 0.0 0.9 0 1 1
14 0.1 23 0.6086956521739131 0.0 0.4 16 0.6875 0.0 0.5 16 0.6875 0.0 0.6 16 0.6875 0.0 0.7 15 0.6666666666666666 0.0 0.9 0 1 1
14 0.1 22 0.6363636363636364 0.0 0.4 18 0.6666666666666666 0.0 0.5 16 0.75 0.0 0.6 15 0.7333333333333333 0.0 0.7 14 0.7857142857142857 0.0 0.9 0 1 1
14 0.1 21 0.6666666666666666 0.047619047619047616 0.4 19 0.7368421052631579 0.05263157894736842 0.5 16 0.75 0.0625 0.6 16 0.75 0.0625 0.7 13 0.7692307692307693 0.0 0.9 0 1 1
14 0.1 21 0.6190476190476191 0.047619047619047616 0.4 14 0.7857142857142857 0.07142857142857142 0.5 14 0.7857142857142857 0.07142857142857142 0.6 12 0.75 0.08333333333333333 0.7 11 0.7272727272727273 0.09090909090909091 0.9 0 1 1
14 0.1 21 0.6190476190476191 0.047619047619047616 0.4 12 0.6666666666666666 0.08333333333333333 0.5 12 0.6666666666666666 0.08333333333333333 0.6 12 0.6666666666666666 0.08333333333333333 0.7 12 0.6666666666666666 0.08333333333333333 0.9 0 1 1
14 0.1 23 0.6086956521739131 0.043478260869565216 0.4 17 0.7058823529411765 0.058823529411764705 0.5 15 0.7333333333333333 0.06666666666666667 0.6 13 0.6923076923076923 0.07692307692307693 0.7 12 0.6666666666666666 0.08333333333333333 0.9 0 1 1
14 0.1 22 0.6363636363636364 0.045454545454545456 0.4 17 0.7647058823529411 0.058823529411764705 0.5 16 0.75 0.0625 0.6 16 0.75 0.0625 0.7 13 0.7692307692307693 0.07692307692307693 0.9 0 1 1
14 0.1 23 0.6086956521739131 0.08695652173913043 0.4 20 0.7 0.1 0.5 19 0.7368421052631579 0.10526315789473684 0.6 17 0.7058823529411765 0.11764705882352941 0.7 14 0.7142857142857143 0.14285714285714285 0.9 0 1 1
14 0.1 22 0.6363636363636364 0.09090909090909091 0.4 18 0.7777777777777778 0.1111111111111111 0.5 17 0.7647058823529411 0.11764705882352941 0.6 16 0.75 0.125 0.7 15 0.8 0.13333333333333333 0.9 0 1 1
14 0.1 21 0.6666666666666666 0.09523809523809523 0.4 17 0.7647058823529411 0.11764705882352941 0.5 16 0.75 0.125 0.6 15 0.7333333333333333 0.13333333333333333 0.7 13 0.7692307692307693 0.15384615384615385 0.9 0 1 1
14 0.1 21 0.6666666666666666 0.047619047619047616 0.4 18 0.7777777777777778 0.05555555555555555 0.5 16 0.8125 0.0625 0.6 15 0.8 0.06666666666666667 0.7 14 0.7857142857142857 0.07142857142857142 0.9 1 0.0 0.0
14 0.1 21 0.6666666666666666 0.0 0.4 15 0.7333333333333333 0.0 0.5 14 0.7857142857142857 0.0 0.6 14 0.7857142857142857 0.0 0.7 13 0.7692307692307693 0.0 0.9 0 1 1
14 0.1 20 0.7 0.1 0.4 14 0.7857142857142857 0.14285714285714285 0.5 14 0.7857142857142857 0.14285714285714285 0.6 13 0.7692307692307693 0.15384615384615385 0.7 11 0.7272727272727273 0.18181818181818182 0.9 0 1 1
14 0.1 19 0.6842105263157895 0.05263157894736842 0.4 16 0.75 0.0625 0.5 14 0.8571428571428571 0.07142857142857142 0.6 14 0.8571428571428571 0.07142857142857142 0.7 13 0.8461538461538461 0.07692307692307693 0.9 0 1 1
14 0.1 21 0.6666666666666666 0.09523809523809523 0.4 16 0.6875 0.125 0.5 16 0.6875 0.125 0.6 15 0.7333333333333333 0.13333333333333333 0.7 13 0.7692307692307693 0.15384615384615385 0.9 0 1 1
14 0.1 21 0.6666666666666666 0.0 0.4 17 0.6470588235294118 0.0 0.5 17 0.6470588235294118 0.0 0.6 14 0.7142857142857143 0.0 0.7 13 0.6923076923076923 0.0 0.9 0 1 1
14 0.1 22 0.5909090909090909 0.09090909090909091 0.4 18 0.6666666666666666 0.1111111111111111 0.5 16 0.6875 0.125 0.6 14 0.7142857142857143 0.14285714285714285 0.7 13 0.6923076923076923 0.15384615384615385 0.9 0 1 1
14 0.1 18 0.6666666666666666 0.05555555555555555 0.4 14 0.7142857142857143 0.07142857142857142 0.5 14 0.7142857142857143 0.07142857142857142 0.6 14 0.7142857142857143 0.07142857142857142 0.7 13 0.6923076923076923 0.07692307692307693 0.9 0 1 1
14 0.1 19 0.6842105263157895 0.05263157894736842 0.4 16 0.6875 0.0625 0.5 16 0.6875 0.0625 0.6 16 0.6875 0.0625 0.7 15 0.7333333333333333 0.06666666666666667 0.9 0 1 1
14 0.1 20 0.7 0.05 0.4 20 0.7 0.05 0.5 19 0.6842105263157895 0.05263157894736842 0.6 17 0.6470588235294118 0.0 0.7 16 0.6875 0.0 0.9 0 1 1
14 0.1 20 0.65 0.05 0.4 16 0.6875 0.0625 0.5 16 0.6875 0.0625 0.6 15 0.6666666666666666 0.06666666666666667 0.7 13 0.6923076923076923 0.07692307692307693 0.9 0 1 1
14 0.1 22 0.5909090909090909 0.09090909090909091 0.4 19 0.6842105263157895 0.10526315789473684 0.5 18 0.7222222222222222 0.1111111111111111 0.6 16 0.6875 0.0625 0.7 13 0.6923076923076923 0.07692307692307693 0.9 0 1 1
14 0.1 20 0.65 0.05 0.4 17 0.7647058823529411 0.058823529411764705 0.5 17 0.7647058823529411 0.058823529411764705 0.6 16 0.8125 0.0625 0.7 14 0.7857142857142857 0.07142857142857142 0.9 0 1 1
14 0.1 21 0.6666666666666666 0.047619047619047616 0.4 19 0.6842105263157895 0.05263157894736842 0.5 19 0.6842105263157895 0.05263157894736842 0.6 18 0.7222222222222222 0.05555555555555555 0.7 16 0.6875 0.0625 0.9 0 1 1
14 0.1 20 0.7 0.05 0.4 16 0.6875 0.0625 0.5 16 0.6875 0.0625 0.6 15 0.7333333333333333 0.06666666666666667 0.7 14 0.7857142857142857 0.07142857142857142 0.9 0 1 1
14 0.1 21 0.6666666666666666 0.0 0.4 19 0.631578947368421 0.0 0.5 17 0.7058823529411765 0.0 0.6 17 0.7058823529411765 0.0 0.7 16 0.6875 0.0 0.9 0 1 1
14 0.1 20 0.65 0.05 0.4 15 0.7333333333333333 0.06666666666666667 0.5 15 0.7333333333333333 0.06666666666666667 0.6 13 0.7692307692307693 0.07692307692307693 0.7 13 0.7692307692307693 0.07692307692307693 0.9 0 1 1
14 0.1 21 0.6666666666666666 0.0 0.4 19 0.7368421052631579 0.0 0.5 19 0.7368421052631579 0.0 0.6 18 0.7222222222222222 0.0 0.7 18 0.7222222222222222 0.0 0.9 0 1 1
14 0.1 21 0.6666666666666666 0.047619047619047616 0.4 20 0.7 0.05 0.5 19 0.7368421052631579 0.05263157894736842 0.6 18 0.7777777777777778 0.05555555555555555 0.7 18 0.7777777777777778 0.05555555555555555 0.9 1 1.0 0.0
14 0.1 23 0.6086956521739131 0.043478260869565216 0.4 19 0.7368421052631579 0.05263157894736842 0.5 17 0.7647058823529411 0.058823529411764705 0.6 17 0.7647058823529411 0.058823529411764705 0.7 16 0.75 0.0625 0.9 0 1 1
14 0.1 21 0.6666666666666666 0.09523809523809523 0.4 17 0.7647058823529411 0.058823529411764705 0.5 16 0.8125 0.0625 0.6 16 0.8125 0.0625 0.7 14 0.7857142857142857 0.07142857142857142 0.9 0 1 1
14 0.1 20 0.65 0.05 0.4 16 0.8125 0.0625 0.5 16 0.8125 0.0625 0.6 14 0.7857142857142857 0.07142857142857142 0.7 12 0.8333333333333334 0.08333333333333333 0.9 0 1 1
14 0.1 19 0.6842105263157895 0.05263157894736842 0.4 15 0.8 0.06666666666666667 0.5 15 0.8 0.06666666666666667 0.6 14 0.7857142857142857 0.07142857142857142 0.7 14 0.7857142857142857 0.07142857142857142 0.9 0 1 1
14 0.1 21 0.6666666666666666 0.0 0.4 17 0.7058823529411765 0.0 0.5 15 0.7333333333333333 0.0 0.6 14 0.7857142857142857 0.0 0.7 13 0.7692307692307693 0.0 0.9 0 1 1
14 0.1 18 0.7222222222222222 0.0 0.4 15 0.7333333333333333 0.0 0.5 14 0.7857142857142857 0.0 0.6 13 0.7692307692307693 0.0 0.7 13 0.7692307692307693 0.0 0.9 0 1 1
14 0.1 16 0.75 0.0 0.4 16 0.75 0.0 0.5 14 0.7142857142857143 0.0 0.6 11 0.8181818181818182 0.0 0.7 11 0.8181818181818182 0.0 0.9 0 1 1
14 0.1 23 0.6086956521739131 0.0 0.4 18 0.7222222222222222 0.0 0.5 16 0.75 0.0 0.6 14 0.7857142857142857 0.0 0.7 14 0.7857142857142857 0.0 0.9 1 1.0 0.0
14 0.1 22 0.6363636363636364 0.045454545454545456 0.4 17 0.7058823529411765 0.058823529411764705 0.5 17 0.7058823529411765 0.058823529411764705 0.6 16 0.75 0.0625 0.7 16 0.75 0.0625 0.9 0 1 1
14 0.1 23 0.6086956521739131 0.043478260869565216 0.4 19 0.7368421052631579 0.05263157894736842 0.5 18 0.7777777777777778 0.05555555555555555 0.6 17 0.7647058823529411 0.058823529411764705 0.7 16 0.75 0.0625 0.9 0 1 1
14 0.1 19 0.7368421052631579 0.10526315789473684 0.4 18 0.7777777777777778 0.1111111111111111 0.5 18 0.7777777777777778 0.1111111111111111 0.6 18 0.7777777777777778 0.1111111111111111 0.7 16 0.75 0.125 0.9 1 1.0 0.0
14 0.1 20 0.65 0.0 0.4 16 0.75 0.0 0.5 15 0.7333333333333333 0.0 0.6 14 0.7142857142857143 0.0 0.7 14 0.7142857142857143 0.0 0.9 0 1 1
14 0.1 16 0.75 0.0625 0.4 14 0.7142857142857143 0.07142857142857142 0.5 13 0.7692307692307693 0.07692307692307693 0.6 13 0.7692307692307693 0.07692307692307693 0.7 12 0.75 0.08333333333333333 0.9 0 1 1
14 0.1 21 0.6666666666666666 0.047619047619047616 0.4 18 0.7777777777777778 0.05555555555555555 0.5 18 0.7777777777777778 0.05555555555555555 0.6 17 0.7647058823529411 0.058823529411764705 0.7 17 0.7647058823529411 0.058823529411764705 0.9 1 1.0 0.0
14 0.1 20 0.65 0.05 0.4 16 0.6875 0.0625 0.5 15 0.7333333333333333 0.06666666666666667 0.6 15 0.7333333333333333 0.06666666666666667 0.7 14 0.7142857142857143 0.07142857142857142 0.9 0 1 1
14 0.1 20 0.65 0.0 0.4 16 0.6875 0.0 0.5 15 0.7333333333333333 0.0 0.6 14 0.7142857142857143 0.0 0.7 13 0.6923076923076923 0.0 0.9 0 1 1
14 0.1 21 0.6666666666666666 0.09523809523809523 0.4 19 0.7368421052631579 0.10526315789473684 0.5 18 0.7777777777777778 0.1111111111111111 0.6 18 0.7777777777777778 0.1111111111111111 0.7 18 0.7777777777777778 0.1111111111111111 0.9 0 1 1
14 0.1 22 0.6363636363636364 0.045454545454545456 0.4 20 0.7 0.05 0.5 18 0.7777777777777778 0.05555555555555555 0.6 17 0.8235294117647058 0.058823529411764705 0.7 17 0.8235294117647058 0.058823529411764705 0.9 2 0.5 0.0
14 0.1 21 0.6190476190476191 0.09523809523809523 0.4 18 0.7222222222222222 0.1111111111111111 0.5 16 0.8125 0.125 0.6 16 0.8125 0.125 0.7 15 0.8 0.13333333333333333 0.9 1 1.0 0.0
14 0.1 21 0.6666666666666666 0.0 0.4 16 0.75 0.0 0.5 16 0.75 0.0 0.6 15 0.8 0.0 0.7 14 0.7857142857142857 0.0 0.9 1 1.0 0.0
14 0.1 20 0.7 0.05 0.4 16 0.75 0.0625 0.5 14 0.7857142857142857 0.07142857142857142 0.6 14 0.7857142857142857 0.07142857142857142 0.7 13 0.7692307692307693 0.07692307692307693 0.9 0 1 1
14 0.1 23 0.6086956521739131 0.0 0.4 17 0.7058823529411765 0.0 0.5 15 0.8 0.0 0.6 14 0.7857142857142857 0.0 0.7 12 0.8333333333333334 0.0 0.9 1 0.0 0.0
14 0.1 21 0.6666666666666666 0.047619047619047616 0.4 17 0.7647058823529411 0.058823529411764705 0.5 16 0.8125 0.0625 0.6 15 0.8 0.06666666666666667 0.7 15 0.8 0.06666666666666667 0.9 2 0.5 0.0
14 0.1 22 0.6363636363636364 0.0 0.4 19 0.7368421052631579 0.0 0.5 19 0.7368421052631579 0.0 0.6 17 0.8235294117647058 0.0 0.7 16 0.8125 0.0 0.9 1 0.0 0.0
14 0.1 23 0.6086956521739131 0.043478260869565216 0.4 19 0.7368421052631579 0.05263157894736842 0.5 19 0.7368421052631579 0.05263157894736842 0.6 18 0.7222222222222222 0.05555555555555555 0.7 15 0.7333333333333333 0.06666666666666667 0.9 1 0.0 0.0
14 0.1 22 0.6363636363636364 0.045454545454545456 0.4 18 0.7222222222222222 0.05555555555555555 0.5 17 0.7058823529411765 0.058823529411764705 0.6 16 0.6875 0.0 0.7 16 0.6875 0.0 0.9 0 1 1
14 0.1 22 0.6363636363636364 0.0 0.4 19 0.6842105263157895 0.0 0.5 19 0.6842105263157895 0.0 0.6 19 0.6842105263157895 0.0 0.7 15 0.6666666666666666 0.0 0.9 2 0.5 0.0
14 0.1 21 0.6666666666666666 0.0 0.4 18 0.7222222222222222 0.0 0.5 18 0.7222222222222222 0.0 0.6 18 0.7222222222222222 0.0 0.7 18 0.7222222222222222 0.0 0.9 2 0.5 0.0
14 0.1 20 0.7 0.05 0.4 16 0.75 0.0625 0.5 15 0.7333333333333333 0.06666666666666667 0.6 15 0.7333333333333333 0.06666666666666667 0.7 13 0.6923076923076923 0.07692307692307693 0.9 1 0.0 0.0
14 0.1 19 0.7368421052631579 0.10526315789473684 0.4 18 0.7777777777777778 0.1111111111111111 0.5 18 0.7777777777777778 0.1111111111111111 0.6 17 0.8235294117647058 0.11764705882352941 0.7 16 0.8125 0.125 0.9 2 0.5 0.0
14 0.1 20 0.7 0.1 0.4 18 0.7777777777777778 0.1111111111111111 0.5 18 0.7777777777777778 0.1111111111111111 0.6 18 0.7777777777777778 0.1111111111111111 0.7 16 0.75 0.0625 0.9 0 1 1
14 0.1 24 0.5833333333333334 0.08333333333333333 0.4 19 0.7368421052631579 0.10526315789473684 0.5 18 0.7777777777777778 0.1111111111111111 0.6 17 0.7647058823529411 0.11764705882352941 0.7 15 0.7333333333333333 0.06666666666666667 0.9 0 1 1
14 0.1 24 0.5833333333333334 0.08333333333333333 0.4 20 0.7 0.1 0.5 19 0.7368421052631579 0.10526315789473684 0.6 18 0.7777777777777778 0.1111111111111111 0.7 17 0.8235294117647058 0.11764705882352941 0.9 2 0.5 0.0
14 0.1 21 0.6666666666666666 0.047619047619047616 0.4 19 0.7368421052631579 0.05263157894736842 0.5 19 0.7368421052631579 0.05263157894736842 0.6 18 0.7777777777777778 0.05555555555555555 0.7 16 0.8125 0.0625 0.9 1 1.0 0.0
14 0.1 24 0.5833333333333334 0.0 0.4 19 0.7368421052631579 0.0 0.5 19 0.7368421052631579 0.0 0.6 18 0.7777777777777778 0.0 0.7 17 0.8235294117647058 0.0 0.9 2 0.5 0.0
14 0.1 20 0.7 0.05 0.4 18 0.7777777777777778 0.05555555555555555 0.5 18 0.7777777777777778 0.05555555555555555 0.6 18 0.7777777777777778 0.05555555555555555 0.7 17 0.7647058823529411 0.058823529411764705 0.9 2 0.5 0.0
14 0.1 21 0.6666666666666666 0.047619047619047616 0.4 19 0.7368421052631579 0.05263157894736842 0.5 19 0.7368421052631579 0.05263157894736842 0.6 19 0.7368421052631579 0.05263157894736842 0.7 17 0.8235294117647058 0.058823529411764705 0.9 3 0.3333333333333333 0.0
14 0.1 21 0.6666666666666666 0.047619047619047616 0.4 18 0.7222222222222222 0.05555555555555555 0.5 18 0.7222222222222222 0.05555555555555555 0.6 18 0.7222222222222222 0.05555555555555555 0.7 17 0.7058823529411765 0.058823529411764705 0.9 2 0.5 0.0
14 0.1 21 0.6666666666666666 0.047619047619047616 0.4 18 0.7777777777777778 0.05555555555555555 0.5 18 0.7777777777777778 0.05555555555555555 0.6 18 0.7777777777777778 0.05555555555555555 0.7 16 0.75 0.0625 0.9 1 0.0 0.0
14 0.1 19 0.7368421052631579 0.05263157894736842 0.4 18 0.7777777777777778 0.05555555555555555 0.5 17 0.7647058823529411 0.058823529411764705 0.6 17 0.7647058823529411 0.058823529411764705 0.7 15 0.7333333333333333 0.0 0.9 0 1 1
14 0.1 20 0.7 0.1 0.4 17 0.7647058823529411 0.058823529411764705 0.5 17 0.7647058823529411 0.058823529411764705 0.6 17 0.7647058823529411 0.058823529411764705 0.7 16 0.75 0.0625 0.9 1 0.0 0.0
14 0.1 18 0.7222222222222222 0.1111111111111111 0.4 16 0.75 0.125 0.5 14 0.8571428571428571 0.14285714285714285 0.6 14 0.8571428571428571 0.14285714285714285 0.7 14 0.8571428571428571 0.14285714285714285 0.9 1 0.0 0.0
14 0.1 20 0.7 0.05 0.4 17 0.7647058823529411 0.058823529411764705 0.5 17 0.7647058823529411 0.058823529411764705 0.6 17 0.7647058823529411 0.058823529411764705 0.7 15 0.7333333333333333 0.06666666666666667 0.9 2 0.5 0.0
14 0.1 19 0.6842105263157895 0.0 0.4 17 0.7647058823529411 0.0 0.5 16 0.75 0.0 0.6 15 0.7333333333333333 0.0 0.7 15 0.7333333333333333 0.0 0.9 2 0.5 0.0
14 0.1 20 0.7 0.0 0.4 18 0.7777777777777778 0.0 0.5 18 0.7777777777777778 0.0 0.6 16 0.75 0.0 0.7 16 0.75 0.0 0.9 3 0.3333333333333333 0.0
14 0.1 21 0.6666666666666666 0.0 0.4 18 0.7777777777777778 0.0 0.5 18 0.7777777777777778 0.0 0.6 18 0.7777777777777778 0.0 0.7 15 0.7333333333333333 0.0 0.9 3 0.3333333333333333 0.0
14 0.1 21 0.6666666666666666 0.0 0.4 17 0.7647058823529411 0.0 0.5 16 0.75 0.0 0.6 15 0.7333333333333333 0.0 0.7 14 0.7857142857142857 0.0 0.9 3 0.3333333333333333 0.0
14 0.1 21 0.6666666666666666 0.0 0.4 18 0.7777777777777778 0.0 0.5 18 0.7777777777777778 0.0 0.6 18 0.7777777777777778 0.0 0.7 17 0.7647058823529411 0.0 0.9 4 0.5 0.0
14 0.1 20 0.7 0.05 0.4 19 0.7368421052631579 0.05263157894736842 0.5 17 0.7647058823529411 0.058823529411764705 0.6 17 0.7647058823529411 0.058823529411764705 0.7 15 0.8 0.06666666666666667 0.9 2 0.5 0.0
14 0.1 20 0.7 0.0 0.4 18 0.7777777777777778 0.0 0.5 18 0.7777777777777778 0.0 0.6 18 0.7777777777777778 0.0 0.7 14 0.7857142857142857 0.0 0.9 2 0.5 0.0
14 0.1 20 0.7 0.0 0.4 17 0.7647058823529411 0.0 0.5 15 0.8 0.0 0.6 14 0.7857142857142857 0.0 0.7 13 0.7692307692307693 0.0 0.9 1 0.0 0.0
14 0.1 21 0.6666666666666666 0.0 0.4 18 0.7777777777777778 0.0 0.5 18 0.7777777777777778 0.0 0.6 15 0.7333333333333333 0.0 0.7 14 0.7857142857142857 0.0 0.9 1 1.0 0.0
14 0.1 19 0.7368421052631579 0.0 0.4 19 0.7368421052631579 0.0 0.5 19 0.7368421052631579 0.0 0.6 18 0.7777777777777778 0.0 0.7 14 0.7857142857142857 0.0 0.9 2 1.0 0.0
14 0.1 19 0.7368421052631579 0.10526315789473684 0.4 17 0.7647058823529411 0.11764705882352941 0.5 16 0.75 0.125 0.6 15 0.7333333333333333 0.13333333333333333 0.7 13 0.7692307692307693 0.15384615384615385 0.9 3 0.6666666666666666 0.0
14 0.1 20 0.7 0.0 0.4 18 0.7777777777777778 0.0 0.5 18 0.7777777777777778 0.0 0.6 18 0.7777777777777778 0.0 0.7 17 0.8235294117647058 0.0 0.9 4 0.5 0.0
14 0.1 19 0.7368421052631579 0.05263157894736842 0.4 18 0.7777777777777778 0.05555555555555555 0.5 16 0.8125 0.0625 0.6 15 0.8 0.06666666666666667 0.7 14 0.7857142857142857 0.07142857142857142 0.9 4 0.5 0.0
14 0.1 22 0.6363636363636364 0.045454545454545456 0.4 18 0.7777777777777778 0.05555555555555555 0.5 18 0.7777777777777778 0.05555555555555555 0.6 17 0.7647058823529411 0.058823529411764705 0.7 16 0.75 0.0625 0.9 3 0.3333333333333333 0.0
14 0.1 20 0.7 0.05 0.4 18 0.7777777777777778 0.05555555555555555 0.5 18 0.7777777777777778 0.05555555555555555 0.6 17 0.7647058823529411 0.058823529411764705 0.7 16 0.75 0.0625 0.9 1 1.0 0.0
14 0.1 21 0.6666666666666666 0.0 0.4 18 0.7222222222222222 0.0 0.5 18 0.7222222222222222 0.0 0.6 17 0.7647058823529411 0.0 0.7 16 0.75 0.0 0.9 1 1.0 0.0
14 0.1 20 0.7 0.15 0.4 18 0.7777777777777778 0.16666666666666666 0.5 18 0.7777777777777778 0.16666666666666666 0.6 18 0.7777777777777778 0.16666666666666666 0.7 17 0.7647058823529411 0.17647058823529413 0.9 1 1.0 0.0
14 0.1 21 0.6666666666666666 0.0 0.4 19 0.7368421052631579 0.0 0.5 19 0.7368421052631579 0.0 0.6 19 0.7368421052631579 0.0 0.7 18 0.7777777777777778 0.0 0.9 2 0.5 0.0
14 0.1 22 0.6363636363636364 0.0 0.4 19 0.7368421052631579 0.0 0.5 19 0.7368421052631579 0.0 0.6 18 0.7222222222222222 0.0 0.7 17 0.7647058823529411 0.0 0.9 2 0.5 0.0
14 0.1 21 0.6666666666666666 0.19047619047619047 0.4 18 0.7777777777777778 0.2222222222222222 0.5 17 0.7647058823529411 0.23529411764705882 0.6 17 0.7647058823529411 0.23529411764705882 0.7 17 0.7647058823529411 0.23529411764705882 0.9 2 0.5 0.0
14 0.1 22 0.6363636363636364 0.09090909090909091 0.4 20 0.7 0.1 0.5 18 0.7777777777777778 0.1111111111111111 0.6 17 0.7647058823529411 0.11764705882352941 0.7 16 0.75 0.125 0.9 0 1 1
14 0.1 20 0.7 0.05 0.4 19 0.6842105263157895 0.05263157894736842 0.5 18 0.7222222222222222 0.05555555555555555 0.6 17 0.7058823529411765 0.058823529411764705 0.7 14 0.7857142857142857 0.07142857142857142 0.9 1 0.0 0.0
14 0.1 20 0.65 0.15 0.4 19 0.6842105263157895 0.15789473684210525 0.5 18 0.7222222222222222 0.16666666666666666 0.6 17 0.7647058823529411 0.17647058823529413 0.7 15 0.8 0.2 0.9 3 0.3333333333333333 0.0
14 0.1 19 0.6842105263157895 0.10526315789473684 0.4 18 0.7222222222222222 0.1111111111111111 0.5 18 0.7222222222222222 0.1111111111111111 0.6 18 0.7222222222222222 0.1111111111111111 0.7 17 0.7647058823529411 0.11764705882352941 0.9 2 0.5 0.0
14 0.1 21 0.6666666666666666 0.09523809523809523 0.4 18 0.7777777777777778 0.1111111111111111 0.5 17 0.7647058823529411 0.11764705882352941 0.6 17 0.7647058823529411 0.11764705882352941 0.7 16 0.8125 0.125 0.9 3 0.3333333333333333 0.0
14 0.1 22 0.6363636363636364 0.045454545454545456 0.4 20 0.7 0.05 0.5 19 0.7368421052631579 0.05263157894736842 0.6 19 0.7368421052631579 0.05263157894736842 0.7 16 0.75 0.0625 0.9 2 0.5 0.0
14 0.1 21 0.6666666666666666 0.0 0.4 18 0.7222222222222222 0.0 0.5 17 0.7647058823529411 0.0 0.6 17 0.7647058823529411 0.0 0.7 17 0.7647058823529411 0.0 0.9 2 0.5 0.0
