13 0.1 0 1 1 0.4 0 1 1 0.5 0 1 1 0.6 0 1 1 0.7 0 1 1 0.9 0 1 1
13 0.1 0 1 1 0.4 0 1 1 0.5 0 1 1 0.6 0 1 1 0.7 0 1 1 0.9 0 1 1
13 0.1 1 0.0 0.0 0.4 0 1 1 0.5 0 1 1 0.6 0 1 1 0.7 0 1 1 0.9 0 1 1
13 0.1 10 0.0 0.0 0.4 0 1 1 0.5 0 1 1 0.6 0 1 1 0.7 0 1 1 0.9 0 1 1
13 0.1 31 0.03225806451612903 0.0 0.4 0 1 1 0.5 0 1 1 0.6 0 1 1 0.7 0 1 1 0.9 0 1 1
13 0.1 157 0.050955414012738856 0.0 0.4 7 0.0 0.0 0.5 2 0.0 0.0 0.6 1 0.0 0.0 0.7 0 1 1 0.9 0 1 1
13 0.1 34 0.14705882352941177 0.0 0.4 2 0.5 0.0 0.5 0 1 1 0.6 0 1 1 0.7 0 1 1 0.9 0 1 1
13 0.1 477 0.025157232704402517 0.0 0.4 44 0.13636363636363635 0.0 0.5 9 0.1111111111111111 0.0 0.6 1 0.0 0.0 0.7 0 1 1 0.9 0 1 1
13 0.1 284 0.045774647887323945 0.0 0.4 14 0.2857142857142857 0.0 0.5 2 0.5 0.0 0.6 0 1 1 0.7 0 1 1 0.9 0 1 1
13 0.1 238 0.046218487394957986 0.0 0.4 3 1.0 0.0 0.5 1 1.0 0.0 0.6 0 1 1 0.7 0 1 1 0.9 0 1 1
13 0.1 75 0.12 0.0 0.4 4 0.75 0.0 0.5 0 1 1 0.6 0 1 1 0.7 0 1 1 0.9 0 1 1
13 0.1 183 0.06557377049180328 0.0 0.4 14 0.35714285714285715 0.0 0.5 6 0.5 0.0 0.6 0 1 1 0.7 0 1 1 0.9 0 1 1
13 0.1 86 0.12790697674418605 0.0 0.4 9 0.5555555555555556 0.0 0.5 7 0.7142857142857143 0.0 0.6 3 0.3333333333333333 0.0 0.7 0 1 1 0.9 0 1 1
13 0.1 162 0.07407407407407407 0.0 0.4 22 0.2727272727272727 0.0 0.5 4 0.0 0.0 0.6 0 1 1 0.7 0 1 1 0.9 0 1 1
13 0.1 95 0.11578947368421053 0.0 0.4 4 0.75 0.0 0.5 1 1.0 0.0 0.6 0 1 1 0.7 0 1 1 0.9 0 1 1
13 0.1 98 0.11224489795918367 0.0 0.4 16 0.375 0.0 0.5 9 0.3333333333333333 0.0 0.6 4 0.5 0.0 0.7 0 1 1 0.9 0 1 1
13 0.1 131 0.09923664122137404 0.0 0.4 21 0.3333333333333333 0.0 0.5 8 0.375 0.0 0.6 2 1.0 0.0 0.7 0 1 1 0.9 0 1 1
13 0.1 94 0.1276595744680851 0.0 0.4 10 0.4 0.0 0.5 0 1 1 0.6 0 1 1 0.7 0 1 1 0.9 0 1 1
13 0.1 61 0.21311475409836064 0.0 0.4 14 0.6428571428571429 0.0 0.5 10 0.8 0.0 0.6 2 1.0 0.0 0.7 0 1 1 0.9 0 1 1
13 0.1 74 0.17567567567567569 0.0 0.4 14 0.42857142857142855 0.0 0.5 3 1.0 0.0 0.6 2 1.0 0.0 0.7 0 1 1 0.9 0 1 1
13 0.1 24 0.375 0.0 0.4 11 0.5454545454545454 0.0 0.5 5 0.6 0.0 0.6 3 0.6666666666666666 0.0 0.7 1 1.0 0.0 0.9 0 1 1
13 0.1 53 0.22641509433962265 0.0 0.4 9 0.6666666666666666 0.0 0.5 4 0.75 0.0 0.6 1 1.0 0.0 0.7 0 1 1 0.9 0 1 1
13 0.1 44 0.29545454545454547 0.0 0.4 12 0.6666666666666666 0.0 0.5 12 0.6666666666666666 0.0 0.6 4 0.5 0.0 0.7 1 1.0 0.0 0.9 0 1 1
13 0.1 60 0.18333333333333332 0.0 0.4 7 0.5714285714285714 0.0 0.5 1 1.0 0.0 0.6 1 1.0 0.0 0.7 0 1 1 0.9 0 1 1
13 0.1 7 0.7142857142857143 0.0 0.4 1 1.0 0.0 0.5 0 1 1 0.6 0 1 1 0.7 0 1 1 0.9 0 1 1
13 0.1 74 0.16216216216216217 0.0 0.4 14 0.5 0.0 0.5 11 0.45454545454545453 0.0 0.6 9 0.5555555555555556 0.0 0.7 2 0.5 0.0 0.9 0 1 1
13 0.1 37 0.2972972972972973 0.0 0.4 8 0.625 0.0 0.5 5 0.8 0.0 0.6 1 1.0 0.0 0.7 0 1 1 0.9 0 1 1
13 0.1 38 0.2894736842105263 0.0 0.4 10 0.5 0.0 0.5 5 0.8 0.0 0.6 3 1.0 0.0 0.7 1 1.0 0.0 0.9 0 1 1
13 0.1 39 0.28205128205128205 0.0 0.4 5 0.8 0.0 0.5 2 0.5 0.0 0.6 1 1.0 0.0 0.7 0 1 1 0.9 0 1 1
13 0.1 74 0.17567567567567569 0.0 0.4 31 0.41935483870967744 0.0 0.5 24 0.5 0.0 0.6 16 0.5625 0.0 0.7 11 0.6363636363636364 0.0 0.9 0 1 1
13 0.1 22 0.45454545454545453 0.0 0.4 9 0.6666666666666666 0.0 0.5 5 0.8 0.0 0.6 4 0.75 0.0 0.7 3 1.0 0.0 0.9 0 1 1
13 0.1 28 0.42857142857142855 0.0 0.4 11 0.6363636363636364 0.0 0.5 7 0.8571428571428571 0.0 0.6 3 1.0 0.0 0.7 1 1.0 0.0 0.9 0 1 1
13 0.1 33 0.21212121212121213 0.0 0.4 14 0.5 0.0 0.5 10 0.6 0.0 0.6 5 0.8 0.0 0.7 3 1.0 0.0 0.9 0 1 1
13 0.1 67 0.19402985074626866 0.0 0.4 19 0.3684210526315789 0.0 0.5 11 0.45454545454545453 0.0 0.6 6 0.8333333333333334 0.0 0.7 2 1.0 0.0 0.9 0 1 1
13 0.1 16 0.3125 0.0 0.4 2 0.5 0.0 0.5 2 0.5 0.0 0.6 1 1.0 0.0 0.7 0 1 1 0.9 0 1 1
13 0.1 41 0.2926829268292683 0.0 0.4 13 0.6923076923076923 0.0 0.5 9 0.8888888888888888 0.0 0.6 7 1.0 0.0 0.7 4 1.0 0.0 0.9 0 1 1
13 0.1 20 0.5 0.0 0.4 5 1.0 0.0 0.5 2 1.0 0.0 0.6 0 1 1 0.7 0 1 1 0.9 0 1 1
13 0.1 0 1 1 0.4 0 1 1 0.5 0 1 1 0.6 0 1 1 0.7 0 1 1 0.9 0 1 1
13 0.1 71 0.14084507042253522 0.0 0.4 16 0.375 0.0 0.5 9 0.4444444444444444 0.0 0.6 3 0.6666666666666666 0.0 0.7 1 1.0 0.0 0.9 0 1 1
13 0.1 18 0.2777777777777778 0.0 0.4 2 0.5 0.0 0.5 0 1 1 0.6 0 1 1 0.7 0 1 1 0.9 0 1 1
13 0.1 18 0.3333333333333333 0.0 0.4 2 1.0 0.0 0.5 1 1.0 0.0 0.6 1 1.0 0.0 0.7 0 1 1 0.9 0 1 1
13 0.1 36 0.3055555555555556 0.0 0.4 8 0.875 0.0 0.5 1 1.0 0.0 0.6 1 1.0 0.0 0.7 0 1 1 0.9 0 1 1
13 0.1 5 0.6 0.0 0.4 1 1.0 0.0 0.5 1 1.0 0.0 0.6 0 1 1 0.7 0 1 1 0.9 0 1 1
13 0.1 5 0.8 0.0 0.4 0 1 1 0.5 0 1 1 0.6 0 1 1 0.7 0 1 1 0.9 0 1 1
13 0.1 1 0.0 0.0 0.4 0 1 1 0.5 0 1 1 0.6 0 1 1 0.7 0 1 1 0.9 0 1 1
13 0.1 1 0.0 0.0 0.4 0 1 1 0.5 0 1 1 0.6 0 1 1 0.7 0 1 1 0.9 0 1 1
13 0.1 0 1 1 0.4 0 1 1 0.5 0 1 1 0.6 0 1 1 0.7 0 1 1 0.9 0 1 1
13 0.1 0 1 1 0.4 0 1 1 0.5 0 1 1 0.6 0 1 1 0.7 0 1 1 0.9 0 1 1
13 0.1 0 1 1 0.4 0 1 1 0.5 0 1 1 0.6 0 1 1 0.7 0 1 1 0.9 0 1 1
13 0.1 0 1 1 0.4 0 1 1 0.5 0 1 1 0.6 0 1 1 0.7 0 1 1 0.9 0 1 1
13 0.1 4 0.75 0.0 0.4 0 1 1 0.5 0 1 1 0.6 0 1 1 0.7 0 1 1 0.9 0 1 1
13 0.1 24 0.20833333333333334 0.0 0.4 2 0.0 0.0 0.5 1 0.0 0.0 0.6 0 1 1 0.7 0 1 1 0.9 0 1 1
13 0.1 15 0.3333333333333333 0.0 0.4 1 1.0 0.0 0.5 0 1 1 0.6 0 1 1 0.7 0 1 1 0.9 0 1 1
13 0.1 31 0.22580645161290322 0.0 0.4 3 1.0 0.0 0.5 2 1.0 0.0 0.6 2 1.0 0.0 0.7 1 1.0 0.0 0.9 0 1 1
13 0.1 33 0.18181818181818182 0.0 0.4 4 0.75 0.0 0.5 1 1.0 0.0 0.6 1 1.0 0.0 0.7 0 1 1 0.9 0 1 1
13 0.1 6 0.3333333333333333 0.0 0.4 0 1 1 0.5 0 1 1 0.6 0 1 1 0.7 0 1 1 0.9 0 1 1
13 0.1 9 0.2222222222222222 0.0 0.4 0 1 1 0.5 0 1 1 0.6 0 1 1 0.7 0 1 1 0.9 0 1 1
13 0.1 67 0.1791044776119403 0.0 0.4 17 0.47058823529411764 0.0 0.5 11 0.5454545454545454 0.0 0.6 6 0.6666666666666666 0.0 0.7 3 1.0 0.0 0.9 0 1 1
13 0.1 28 0.35714285714285715 0.0 0.4 7 0.7142857142857143 0.0 0.5 5 0.8 0.0 0.6 4 0.75 0.0 0.7 2 1.0 0.0 0.9 0 1 1
13 0.1 122 0.08196721311475409 0.0 0.4 4 0.25 0.0 0.5 0 1 1 0.6 0 1 1 0.7 0 1 1 0.9 0 1 1
13 0.1 27 0.2962962962962963 0.0 0.4 8 0.625 0.0 0.5 4 0.75 0.0 0.6 2 1.0 0.0 0.7 0 1 1 0.9 0 1 1
13 0.1 20 0.3 0.0 0.4 5 0.6 0.0 0.5 3 1.0 0.0 0.6 1 1.0 0.0 0.7 1 1.0 0.0 0.9 0 1 1
13 0.1 47 0.23404255319148937 0.0 0.4 7 0.7142857142857143 0.0 0.5 3 1.0 0.0 0.6 3 1.0 0.0 0.7 0 1 1 0.9 0 1 1
13 0.1 51 0.21568627450980393 0.0196078431372549 0.4 12 0.5 0.08333333333333333 0.5 7 0.5714285714285714 0.14285714285714285 0.6 3 0.6666666666666666 0.3333333333333333 0.7 1 1.0 1.0 0.9 0 1 1
13 0.1 62 0.1774193548387097 0.0 0.4 15 0.4666666666666667 0.0 0.5 8 0.625 0.0 0.6 5 0.8 0.0 0.7 2 1.0 0.0 0.9 0 1 1
13 0.1 39 0.3076923076923077 0.0 0.4 12 0.5833333333333334 0.0 0.5 9 0.6666666666666666 0.0 0.6 5 0.6 0.0 0.7 2 1.0 0.0 0.9 0 1 1
13 0.1 47 0.2765957446808511 0.0 0.4 10 0.6 0.0 0.5 5 0.8 0.0 0.6 2 1.0 0.0 0.7 2 1.0 0.0 0.9 0 1 1
13 0.1 9 0.3333333333333333 0.0 0.4 1 1.0 0.0 0.5 0 1 1 0.6 0 1 1 0.7 0 1 1 0.9 0 1 1
13 0.1 2 0.0 0.0 0.4 0 1 1 0.5 0 1 1 0.6 0 1 1 0.7 0 1 1 0.9 0 1 1
13 0.1 4 0.75 0.0 0.4 0 1 1 0.5 0 1 1 0.6 0 1 1 0.7 0 1 1 0.9 0 1 1
13 0.1 19 0.42105263157894735 0.0 0.4 8 0.875 0.0 0.5 7 0.8571428571428571 0.0 0.6 3 1.0 0.0 0.7 1 1.0 0.0 0.9 0 1 1
13 0.1 39 0.23076923076923078 0.0 0.4 9 0.5555555555555556 0.0 0.5 8 0.625 0.0 0.6 5 0.8 0.0 0.7 2 1.0 0.0 0.9 0 1 1
13 0.1 41 0.2926829268292683 0.0 0.4 11 0.7272727272727273 0.0 0.5 7 0.8571428571428571 0.0 0.6 4 1.0 0.0 0.7 1 1.0 0.0 0.9 0 1 1
13 0.1 17 0.4117647058823529 0.0 0.4 4 0.75 0.0 0.5 2 1.0 0.0 0.6 1 1.0 0.0 0.7 0 1 1 0.9 0 1 1
13 0.1 18 0.3888888888888889 0.0 0.4 4 1.0 0.0 0.5 1 1.0 0.0 0.6 0 1 1 0.7 0 1 1 0.9 0 1 1
13 0.1 30 0.4 0.0 0.4 8 0.875 0.0 0.5 5 1.0 0.0 0.6 3 1.0 0.0 0.7 1 1.0 0.0 0.9 0 1 1
13 0.1 29 0.27586206896551724 0.0 0.4 8 0.625 0.0 0.5 6 0.8333333333333334 0.0 0.6 3 1.0 0.0 0.7 2 1.0 0.0 0.9 0 1 1
13 0.1 45 0.28888888888888886 0.0 0.4 8 0.75 0.0 0.5 3 1.0 0.0 0.6 2 1.0 0.0 0.7 2 1.0 0.0 0.9 0 1 1
13 0.1 94 0.09574468085106383 0.010638297872340425 0.4 5 0.8 0.2 0.5 1 1.0 1.0 0.6 1 1.0 1.0 0.7 0 1 1 0.9 0 1 1
13 0.1 57 0.17543859649122806 0.0 0.4 15 0.4 0.0 0.5 9 0.6666666666666666 0.0 0.6 7 0.7142857142857143 0.0 0.7 4 0.75 0.0 0.9 0 1 1
13 0.1 237 0.05485232067510549 0.0 0.4 46 0.1956521739130435 0.0 0.5 24 0.25 0.0 0.6 10 0.3 0.0 0.7 6 0.5 0.0 0.9 0 1 1
13 0.1 32 0.34375 0.0 0.4 7 0.7142857142857143 0.0 0.5 6 0.6666666666666666 0.0 0.6 2 1.0 0.0 0.7 1 1.0 0.0 0.9 0 1 1
13 0.1 21 0.47619047619047616 0.0 0.4 5 0.8 0.0 0.5 4 0.75 0.0 0.6 2 1.0 0.0 0.7 1 1.0 0.0 0.9 0 1 1
13 0.1 27 0.4074074074074074 0.0 0.4 11 0.6363636363636364 0.0 0.5 6 0.6666666666666666 0.0 0.6 3 1.0 0.0 0.7 1 1.0 0.0 0.9 0 1 1
13 0.1 24 0.5 0.0 0.4 10 0.8 0.0 0.5 8 0.875 0.0 0.6 6 1.0 0.0 0.7 5 1.0 0.0 0.9 0 1 1
13 0.1 23 0.4782608695652174 0.0 0.4 7 1.0 0.0 0.5 6 1.0 0.0 0.6 4 1.0 0.0 0.7 0 1 1 0.9 0 1 1
13 0.1 19 0.5789473684210527 0.0 0.4 8 0.75 0.0 0.5 5 1.0 0.0 0.6 3 1.0 0.0 0.7 3 1.0 0.0 0.9 0 1 1
13 0.1 25 0.4 0.0 0.4 10 0.8 0.0 0.5 6 1.0 0.0 0.6 5 1.0 0.0 0.7 3 1.0 0.0 0.9 0 1 1
13 0.1 29 0.3793103448275862 0.0 0.4 10 0.8 0.0 0.5 7 0.7142857142857143 0.0 0.6 5 0.8 0.0 0.7 2 1.0 0.0 0.9 0 1 1
13 0.1 23 0.391304347826087 0.0 0.4 11 0.8181818181818182 0.0 0.5 9 0.8888888888888888 0.0 0.6 7 0.8571428571428571 0.0 0.7 4 1.0 0.0 0.9 0 1 1
13 0.1 33 0.3333333333333333 0.0 0.4 14 0.7142857142857143 0.0 0.5 10 0.6 0.0 0.6 8 0.75 0.0 0.7 4 1.0 0.0 0.9 0 1 1
13 0.1 21 0.5238095238095238 0.0 0.4 5 0.8 0.0 0.5 3 1.0 0.0 0.6 1 1.0 0.0 0.7 0 1 1 0.9 0 1 1
13 0.1 29 0.41379310344827586 0.0 0.4 12 0.6666666666666666 0.0 0.5 11 0.6363636363636364 0.0 0.6 6 0.8333333333333334 0.0 0.7 5 1.0 0.0 0.9 0 1 1
13 0.1 130 0.1 0.0 0.4 15 0.3333333333333333 0.0 0.5 6 0.5 0.0 0.6 5 0.6 0.0 0.7 2 1.0 0.0 0.9 0 1 1
13 0.1 16 0.625 0.0 0.4 5 0.8 0.0 0.5 3 1.0 0.0 0.6 2 1.0 0.0 0.7 0 1 1 0.9 0 1 1
13 0.1 27 0.2222222222222222 0.0 0.4 4 0.75 0.0 0.5 2 1.0 0.0 0.6 1 1.0 0.0 0.7 1 1.0 0.0 0.9 0 1 1
13 0.1 35 0.34285714285714286 0.02857142857142857 0.4 12 0.6666666666666666 0.08333333333333333 0.5 11 0.6363636363636364 0.09090909090909091 0.6 5 1.0 0.2 0.7 2 1.0 0.5 0.9 0 1 1
13 0.1 24 0.5 0.041666666666666664 0.4 15 0.6 0.06666666666666667 0.5 10 0.8 0.1 0.6 9 0.7777777777777778 0.1111111111111111 0.7 4 0.75 0.25 0.9 0 1 1
13 0.1 22 0.5454545454545454 0.0 0.4 7 1.0 0.0 0.5 6 1.0 0.0 0.6 5 1.0 0.0 0.7 2 1.0 0.0 0.9 0 1 1
13 0.1 20 0.5 0.0 0.4 5 1.0 0.0 0.5 4 1.0 0.0 0.6 2 1.0 0.0 0.7 2 1.0 0.0 0.9 0 1 1
13 0.1 125 0.096 0.008 0.4 17 0.4117647058823529 0.058823529411764705 0.5 10 0.6 0.1 0.6 8 0.625 0.125 0.7 2 1.0 0.5 0.9 0 1 1
13 0.1 22 0.45454545454545453 0.0 0.4 5 1.0 0.0 0.5 4 1.0 0.0 0.6 3 1.0 0.0 0.7 2 1.0 0.0 0.9 0 1 1
13 0.1 29 0.4482758620689655 0.0 0.4 12 0.8333333333333334 0.0 0.5 10 0.8 0.0 0.6 6 0.8333333333333334 0.0 0.7 5 1.0 0.0 0.9 0 1 1
13 0.1 27 0.4444444444444444 0.0 0.4 10 0.8 0.0 0.5 5 0.8 0.0 0.6 4 1.0 0.0 0.7 2 1.0 0.0 0.9 0 1 1
13 0.1 27 0.4444444444444444 0.07407407407407407 0.4 10 0.9 0.2 0.5 7 0.8571428571428571 0.2857142857142857 0.6 6 1.0 0.3333333333333333 0.7 5 1.0 0.4 0.9 0 1 1
13 0.1 27 0.4444444444444444 0.0 0.4 13 0.7692307692307693 0.0 0.5 10 0.7 0.0 0.6 8 0.875 0.0 0.7 6 1.0 0.0 0.9 0 1 1
13 0.1 34 0.35294117647058826 0.0 0.4 18 0.5555555555555556 0.0 0.5 15 0.6666666666666666 0.0 0.6 11 0.8181818181818182 0.0 0.7 6 0.8333333333333334 0.0 0.9 0 1 1
13 0.1 22 0.45454545454545453 0.045454545454545456 0.4 11 0.7272727272727273 0.09090909090909091 0.5 10 0.8 0.1 0.6 6 0.8333333333333334 0.16666666666666666 0.7 4 1.0 0.25 0.9 0 1 1
13 0.1 23 0.5217391304347826 0.0 0.4 10 0.7 0.0 0.5 8 0.75 0.0 0.6 5 0.8 0.0 0.7 4 1.0 0.0 0.9 0 1 1
13 0.1 29 0.4482758620689655 0.034482758620689655 0.4 12 0.6666666666666666 0.08333333333333333 0.5 10 0.8 0.1 0.6 8 0.75 0.125 0.7 7 0.7142857142857143 0.14285714285714285 0.9 0 1 1
13 0.1 23 0.5652173913043478 0.0 0.4 13 0.6923076923076923 0.0 0.5 10 0.8 0.0 0.6 9 0.7777777777777778 0.0 0.7 6 0.8333333333333334 0.0 0.9 0 1 1
13 0.1 27 0.48148148148148145 0.0 0.4 9 0.8888888888888888 0.0 0.5 8 0.875 0.0 0.6 5 1.0 0.0 0.7 5 1.0 0.0 0.9 0 1 1
13 0.1 25 0.44 0.0 0.4 8 0.875 0.0 0.5 5 1.0 0.0 0.6 4 1.0 0.0 0.7 3 1.0 0.0 0.9 0 1 1
13 0.1 32 0.34375 0.0 0.4 14 0.7857142857142857 0.0 0.5 10 0.8 0.0 0.6 6 0.8333333333333334 0.0 0.7 4 0.75 0.0 0.9 0 1 1
13 0.1 24 0.4583333333333333 0.041666666666666664 0.4 10 0.8 0.1 0.5 9 0.7777777777777778 0.1111111111111111 0.6 7 0.8571428571428571 0.14285714285714285 0.7 4 1.0 0.25 0.9 0 1 1
13 0.1 26 0.46153846153846156 0.0 0.4 13 0.6923076923076923 0.0 0.5 7 1.0 0.0 0.6 6 1.0 0.0 0.7 5 1.0 0.0 0.9 0 1 1
13 0.1 23 0.43478260869565216 0.0 0.4 13 0.6153846153846154 0.0 0.5 10 0.6 0.0 0.6 7 0.8571428571428571 0.0 0.7 3 1.0 0.0 0.9 0 1 1
13 0.1 21 0.5238095238095238 0.0 0.4 9 0.8888888888888888 0.0 0.5 7 1.0 0.0 0.6 6 1.0 0.0 0.7 5 1.0 0.0 0.9 0 1 1
13 0.1 27 0.4444444444444444 0.0 0.4 12 0.6666666666666666 0.0 0.5 10 0.8 0.0 0.6 8 0.75 0.0 0.7 3 1.0 0.0 0.9 0 1 1
13 0.1 32 0.375 0.0 0.4 11 0.8181818181818182 0.0 0.5 9 0.8888888888888888 0.0 0.6 8 0.875 0.0 0.7 5 1.0 0.0 0.9 0 1 1
13 0.1 30 0.4 0.03333333333333333 0.4 14 0.7142857142857143 0.0 0.5 11 0.7272727272727273 0.0 0.6 9 0.8888888888888888 0.0 0.7 4 1.0 0.0 0.9 0 1 1
13 0.1 24 0.5416666666666666 0.0 0.4 13 0.6923076923076923 0.0 0.5 9 0.8888888888888888 0.0 0.6 7 1.0 0.0 0.7 6 1.0 0.0 0.9 0 1 1
13 0.1 33 0.3939393939393939 0.0 0.4 17 0.5882352941176471 0.0 0.5 14 0.6428571428571429 0.0 0.6 11 0.7272727272727273 0.0 0.7 8 0.75 0.0 0.9 0 1 1
13 0.1 36 0.3333333333333333 0.027777777777777776 0.4 17 0.5882352941176471 0.058823529411764705 0.5 13 0.6923076923076923 0.07692307692307693 0.6 11 0.8181818181818182 0.09090909090909091 0.7 8 0.75 0.125 0.9 0 1 1
13 0.1 29 0.3448275862068966 0.0 0.4 16 0.625 0.0 0.5 12 0.75 0.0 0.6 11 0.7272727272727273 0.0 0.7 9 0.6666666666666666 0.0 0.9 0 1 1
13 0.1 23 0.4782608695652174 0.0 0.4 13 0.6923076923076923 0.0 0.5 10 0.7 0.0 0.6 10 0.7 0.0 0.7 5 1.0 0.0 0.9 0 1 1
13 0.1 20 0.45 0.0 0.4 8 0.875 0.0 0.5 6 1.0 0.0 0.6 4 1.0 0.0 0.7 2 1.0 0.0 0.9 0 1 1
13 0.1 29 0.41379310344827586 0.034482758620689655 0.4 14 0.6428571428571429 0.07142857142857142 0.5 11 0.7272727272727273 0.09090909090909091 0.6 10 0.7 0.1 0.7 8 0.75 0.125 0.9 0 1 1
13 0.1 30 0.4 0.0 0.4 17 0.6470588235294118 0.0 0.5 15 0.6666666666666666 0.0 0.6 12 0.6666666666666666 0.0 0.7 6 1.0 0.0 0.9 0 1 1
13 0.1 18 0.6666666666666666 0.0 0.4 11 0.7272727272727273 0.0 0.5 8 0.875 0.0 0.6 6 1.0 0.0 0.7 5 1.0 0.0 0.9 0 1 1
13 0.1 25 0.52 0.04 0.4 12 0.75 0.08333333333333333 0.5 11 0.7272727272727273 0.09090909090909091 0.6 9 0.7777777777777778 0.1111111111111111 0.7 7 0.8571428571428571 0.0 0.9 0 1 1
13 0.1 17 0.5882352941176471 0.0 0.4 9 0.7777777777777778 0.0 0.5 7 1.0 0.0 0.6 6 1.0 0.0 0.7 5 1.0 0.0 0.9 0 1 1
13 0.1 22 0.5454545454545454 0.0 0.4 12 0.75 0.0 0.5 12 0.75 0.0 0.6 8 0.875 0.0 0.7 5 1.0 0.0 0.9 0 1 1
13 0.1 21 0.5714285714285714 0.0 0.4 11 0.8181818181818182 0.0 0.5 11 0.8181818181818182 0.0 0.6 9 0.7777777777777778 0.0 0.7 7 0.8571428571428571 0.0 0.9 0 1 1
13 0.1 22 0.5909090909090909 0.0 0.4 13 0.6923076923076923 0.0 0.5 12 0.75 0.0 0.6 11 0.7272727272727273 0.0 0.7 8 0.875 0.0 0.9 0 1 1
13 0.1 23 0.5217391304347826 0.0 0.4 11 0.8181818181818182 0.0 0.5 11 0.8181818181818182 0.0 0.6 9 0.8888888888888888 0.0 0.7 7 1.0 0.0 0.9 0 1 1
13 0.1 32 0.375 0.03125 0.4 15 0.6666666666666666 0.06666666666666667 0.5 13 0.6923076923076923 0.07692307692307693 0.6 11 0.7272727272727273 0.09090909090909091 0.7 11 0.7272727272727273 0.09090909090909091 0.9 0 1 1
13 0.1 29 0.41379310344827586 0.0 0.4 12 0.75 0.0 0.5 12 0.75 0.0 0.6 11 0.7272727272727273 0.0 0.7 9 0.7777777777777778 0.0 0.9 0 1 1
13 0.1 24 0.5 0.041666666666666664 0.4 10 0.7 0.1 0.5 8 0.875 0.125 0.6 7 0.8571428571428571 0.14285714285714285 0.7 6 0.8333333333333334 0.16666666666666666 0.9 0 1 1
13 0.1 23 0.4782608695652174 0.043478260869565216 0.4 12 0.75 0.08333333333333333 0.5 10 0.9 0.1 0.6 9 0.8888888888888888 0.1111111111111111 0.7 8 0.875 0.125 0.9 0 1 1
13 0.1 26 0.46153846153846156 0.11538461538461539 0.4 13 0.6923076923076923 0.15384615384615385 0.5 11 0.7272727272727273 0.18181818181818182 0.6 9 0.7777777777777778 0.2222222222222222 0.7 8 0.75 0.25 0.9 0 1 1
13 0.1 28 0.42857142857142855 0.03571428571428571 0.4 15 0.5333333333333333 0.06666666666666667 0.5 13 0.5384615384615384 0.07692307692307693 0.6 11 0.6363636363636364 0.09090909090909091 0.7 7 0.8571428571428571 0.14285714285714285 0.9 1 1.0 0.0
13 0.1 20 0.55 0.0 0.4 14 0.5714285714285714 0.0 0.5 11 0.5454545454545454 0.0 0.6 9 0.6666666666666666 0.0 0.7 8 0.75 0.0 0.9 1 1.0 0.0
13 0.1 28 0.4642857142857143 0.0 0.4 17 0.5882352941176471 0.0 0.5 16 0.625 0.0 0.6 15 0.6666666666666666 0.0 0.7 11 0.7272727272727273 0.0 0.9 1 1.0 0.0
13 0.1 53 0.22641509433962265 0.0 0.4 17 0.47058823529411764 0.0 0.5 16 0.4375 0.0 0.6 11 0.36363636363636365 0.0 0.7 7 0.42857142857142855 0.0 0.9 1 1.0 0.0
13 0.1 36 0.3333333333333333 0.0 0.4 16 0.625 0.0 0.5 15 0.6666666666666666 0.0 0.6 13 0.6923076923076923 0.0 0.7 9 0.7777777777777778 0.0 0.9 0 1 1
13 0.1 28 0.4642857142857143 0.0 0.4 15 0.7333333333333333 0.0 0.5 12 0.75 0.0 0.6 10 0.7 0.0 0.7 9 0.6666666666666666 0.0 0.9 1 1.0 0.0
13 0.1 25 0.44 0.0 0.4 13 0.6153846153846154 0.0 0.5 11 0.5454545454545454 0.0 0.6 10 0.6 0.0 0.7 8 0.75 0.0 0.9 1 1.0 0.0
13 0.1 35 0.37142857142857144 0.0 0.4 18 0.5555555555555556 0.0 0.5 18 0.5555555555555556 0.0 0.6 15 0.6 0.0 0.7 13 0.5384615384615384 0.0 0.9 1 1.0 0.0
13 0.1 36 0.3611111111111111 0.0 0.4 17 0.5294117647058824 0.0 0.5 13 0.5384615384615384 0.0 0.6 13 0.5384615384615384 0.0 0.7 13 0.5384615384615384 0.0 0.9 1 1.0 0.0
13 0.1 29 0.4482758620689655 0.0 0.4 17 0.5882352941176471 0.0 0.5 15 0.6666666666666666 0.0 0.6 13 0.6923076923076923 0.0 0.7 11 0.7272727272727273 0.0 0.9 1 1.0 0.0
13 0.1 26 0.46153846153846156 0.038461538461538464 0.4 13 0.6153846153846154 0.0 0.5 13 0.6153846153846154 0.0 0.6 13 0.6153846153846154 0.0 0.7 9 0.7777777777777778 0.0 0.9 0 1 1
13 0.1 30 0.43333333333333335 0.0 0.4 19 0.5789473684210527 0.0 0.5 17 0.5882352941176471 0.0 0.6 14 0.7142857142857143 0.0 0.7 12 0.75 0.0 0.9 1 1.0 0.0
13 0.1 34 0.35294117647058826 0.029411764705882353 0.4 18 0.5555555555555556 0.05555555555555555 0.5 15 0.6 0.06666666666666667 0.6 14 0.6428571428571429 0.07142857142857142 0.7 13 0.6923076923076923 0.07692307692307693 0.9 2 1.0 0.0
13 0.1 33 0.36363636363636365 0.0 0.4 17 0.5882352941176471 0.0 0.5 15 0.5333333333333333 0.0 0.6 12 0.5833333333333334 0.0 0.7 9 0.6666666666666666 0.0 0.9 0 1 1
13 0.1 29 0.41379310344827586 0.06896551724137931 0.4 17 0.5882352941176471 0.11764705882352941 0.5 16 0.625 0.125 0.6 16 0.625 0.125 0.7 14 0.6428571428571429 0.14285714285714285 0.9 1 1.0 0.0
13 0.1 26 0.46153846153846156 0.0 0.4 18 0.5 0.0 0.5 17 0.5294117647058824 0.0 0.6 15 0.6 0.0 0.7 14 0.5714285714285714 0.0 0.9 1 1.0 0.0
13 0.1 23 0.5217391304347826 0.08695652173913043 0.4 15 0.5333333333333333 0.06666666666666667 0.5 13 0.5384615384615384 0.07692307692307693 0.6 13 0.5384615384615384 0.07692307692307693 0.7 10 0.5 0.1 0.9 0 1 1
13 0.1 20 0.55 0.0 0.4 12 0.75 0.0 0.5 11 0.7272727272727273 0.0 0.6 10 0.7 0.0 0.7 7 0.8571428571428571 0.0 0.9 0 1 1
13 0.1 23 0.5217391304347826 0.0 0.4 14 0.6428571428571429 0.0 0.5 13 0.6923076923076923 0.0 0.6 12 0.75 0.0 0.7 9 0.7777777777777778 0.0 0.9 0 1 1
13 0.1 27 0.48148148148148145 0.07407407407407407 0.4 18 0.5555555555555556 0.1111111111111111 0.5 13 0.6923076923076923 0.15384615384615385 0.6 13 0.6923076923076923 0.15384615384615385 0.7 12 0.6666666666666666 0.16666666666666666 0.9 0 1 1
13 0.1 29 0.4482758620689655 0.034482758620689655 0.4 21 0.5238095238095238 0.047619047619047616 0.5 17 0.5882352941176471 0.0 0.6 15 0.6666666666666666 0.0 0.7 12 0.6666666666666666 0.0 0.9 0 1 1
13 0.1 26 0.5 0.038461538461538464 0.4 19 0.5789473684210527 0.05263157894736842 0.5 16 0.625 0.0625 0.6 12 0.75 0.08333333333333333 0.7 10 0.7 0.1 0.9 1 1.0 1.0
13 0.1 24 0.4583333333333333 0.041666666666666664 0.4 18 0.5 0.05555555555555555 0.5 14 0.5 0.07142857142857142 0.6 11 0.6363636363636364 0.09090909090909091 0.7 9 0.7777777777777778 0.1111111111111111 0.9 1 1.0 0.0
13 0.1 26 0.46153846153846156 0.038461538461538464 0.4 13 0.6923076923076923 0.07692307692307693 0.5 9 0.8888888888888888 0.1111111111111111 0.6 8 0.875 0.125 0.7 7 0.8571428571428571 0.14285714285714285 0.9 1 1.0 0.0
13 0.1 23 0.5217391304347826 0.0 0.4 11 0.8181818181818182 0.0 0.5 8 0.75 0.0 0.6 7 0.8571428571428571 0.0 0.7 6 0.8333333333333334 0.0 0.9 1 1.0 0.0
13 0.1 29 0.41379310344827586 0.0 0.4 19 0.5263157894736842 0.0 0.5 17 0.5294117647058824 0.0 0.6 16 0.5625 0.0 0.7 11 0.6363636363636364 0.0 0.9 1 1.0 0.0
13 0.1 24 0.4583333333333333 0.08333333333333333 0.4 14 0.6428571428571429 0.14285714285714285 0.5 13 0.6923076923076923 0.15384615384615385 0.6 10 0.8 0.2 0.7 10 0.8 0.2 0.9 1 1.0 0.0
13 0.1 24 0.4583333333333333 0.041666666666666664 0.4 15 0.6 0.06666666666666667 0.5 13 0.5384615384615384 0.07692307692307693 0.6 12 0.5833333333333334 0.08333333333333333 0.7 9 0.6666666666666666 0.1111111111111111 0.9 1 1.0 0.0
13 0.1 26 0.5 0.0 0.4 13 0.7692307692307693 0.0 0.5 13 0.7692307692307693 0.0 0.6 11 0.7272727272727273 0.0 0.7 8 0.875 0.0 0.9 1 1.0 0.0
13 0.1 23 0.4782608695652174 0.08695652173913043 0.4 15 0.6666666666666666 0.13333333333333333 0.5 12 0.75 0.16666666666666666 0.6 9 0.8888888888888888 0.2222222222222222 0.7 8 1.0 0.25 0.9 0 1 1
13 0.1 26 0.46153846153846156 0.038461538461538464 0.4 16 0.5625 0.0625 0.5 14 0.6428571428571429 0.07142857142857142 0.6 12 0.6666666666666666 0.08333333333333333 0.7 11 0.7272727272727273 0.09090909090909091 0.9 0 1 1
13 0.1 13 0.6923076923076923 0.0 0.4 10 0.8 0.0 0.5 10 0.8 0.0 0.6 8 0.875 0.0 0.7 7 1.0 0.0 0.9 0 1 1
13 0.1 24 0.5 0.041666666666666664 0.4 15 0.5333333333333333 0.06666666666666667 0.5 14 0.5714285714285714 0.07142857142857142 0.6 12 0.6666666666666666 0.08333333333333333 0.7 7 0.8571428571428571 0.14285714285714285 0.9 0 1 1
13 0.1 24 0.5 0.0 0.4 16 0.625 0.0 0.5 15 0.6666666666666666 0.0 0.6 12 0.75 0.0 0.7 11 0.7272727272727273 0.0 0.9 0 1 1
13 0.1 27 0.4444444444444444 0.037037037037037035 0.4 17 0.6470588235294118 0.058823529411764705 0.5 15 0.6666666666666666 0.06666666666666667 0.6 13 0.6923076923076923 0.07692307692307693 0.7 12 0.75 0.08333333333333333 0.9 2 1.0 0.5
13 0.1 24 0.5416666666666666 0.041666666666666664 0.4 14 0.7142857142857143 0.07142857142857142 0.5 12 0.75 0.08333333333333333 0.6 12 0.75 0.08333333333333333 0.7 10 0.7 0.1 0.9 1 1.0 1.0
13 0.1 21 0.47619047619047616 0.047619047619047616 0.4 11 0.7272727272727273 0.09090909090909091 0.5 10 0.8 0.1 0.6 10 0.8 0.1 0.7 10 0.8 0.1 0.9 1 1.0 0.0
13 0.1 14 0.5714285714285714 0.07142857142857142 0.4 10 0.8 0.1 0.5 10 0.8 0.1 0.6 9 0.7777777777777778 0.1111111111111111 0.7 9 0.7777777777777778 0.1111111111111111 0.9 1 1.0 0.0
13 0.1 22 0.5 0.0 0.4 12 0.6666666666666666 0.0 0.5 11 0.7272727272727273 0.0 0.6 11 0.7272727272727273 0.0 0.7 10 0.7 0.0 0.9 1 1.0 0.0
13 0.1 15 0.6 0.0 0.4 9 0.8888888888888888 0.0 0.5 9 0.8888888888888888 0.0 0.6 7 0.8571428571428571 0.0 0.7 5 1.0 0.0 0.9 0 1 1
13 0.1 23 0.5217391304347826 0.08695652173913043 0.4 12 0.6666666666666666 0.08333333333333333 0.5 12 0.6666666666666666 0.08333333333333333 0.6 11 0.7272727272727273 0.09090909090909091 0.7 10 0.7 0.1 0.9 0 1 1
13 0.1 20 0.55 0.05 0.4 16 0.6875 0.0625 0.5 13 0.6153846153846154 0.07692307692307693 0.6 13 0.6153846153846154 0.07692307692307693 0.7 12 0.6666666666666666 0.08333333333333333 0.9 2 1.0 0.5
13 0.1 23 0.5217391304347826 0.043478260869565216 0.4 16 0.6875 0.0625 0.5 15 0.6666666666666666 0.06666666666666667 0.6 15 0.6666666666666666 0.06666666666666667 0.7 14 0.6428571428571429 0.07142857142857142 0.9 1 1.0 0.0
13 0.1 28 0.42857142857142855 0.03571428571428571 0.4 18 0.6111111111111112 0.05555555555555555 0.5 17 0.6470588235294118 0.058823529411764705 0.6 16 0.6875 0.0625 0.7 15 0.6666666666666666 0.06666666666666667 0.9 1 1.0 0.0
13 0.1 26 0.5 0.0 0.4 14 0.7857142857142857 0.0 0.5 13 0.7692307692307693 0.0 0.6 12 0.75 0.0 0.7 11 0.7272727272727273 0.0 0.9 0 1 1
13 0.1 24 0.5 0.0 0.4 14 0.7142857142857143 0.0 0.5 12 0.75 0.0 0.6 12 0.75 0.0 0.7 7 0.8571428571428571 0.0 0.9 0 1 1
13 0.1 24 0.4583333333333333 0.08333333333333333 0.4 14 0.5714285714285714 0.14285714285714285 0.5 11 0.6363636363636364 0.09090909090909091 0.6 10 0.6 0.1 0.7 10 0.6 0.1 0.9 0 1 1
13 0.1 23 0.5217391304347826 0.043478260869565216 0.4 16 0.5625 0.0625 0.5 15 0.6 0.06666666666666667 0.6 14 0.5714285714285714 0.07142857142857142 0.7 13 0.5384615384615384 0.07692307692307693 0.9 1 1.0 1.0
13 0.1 23 0.43478260869565216 0.0 0.4 16 0.5625 0.0 0.5 15 0.6 0.0 0.6 13 0.6153846153846154 0.0 0.7 12 0.5833333333333334 0.0 0.9 0 1 1
13 0.1 28 0.4642857142857143 0.0 0.4 18 0.6666666666666666 0.0 0.5 18 0.6666666666666666 0.0 0.6 15 0.6 0.0 0.7 12 0.6666666666666666 0.0 0.9 0 1 1
13 0.1 28 0.42857142857142855 0.0 0.4 17 0.6470588235294118 0.0 0.5 17 0.6470588235294118 0.0 0.6 13 0.6923076923076923 0.0 0.7 11 0.7272727272727273 0.0 0.9 1 1.0 0.0
13 0.1 27 0.48148148148148145 0.0 0.4 17 0.7058823529411765 0.0 0.5 17 0.7058823529411765 0.0 0.6 16 0.6875 0.0 0.7 15 0.7333333333333333 0.0 0.9 1 1.0 0.0
13 0.1 29 0.4482758620689655 0.034482758620689655 0.4 19 0.5789473684210527 0.05263157894736842 0.5 17 0.6470588235294118 0.058823529411764705 0.6 15 0.6666666666666666 0.06666666666666667 0.7 13 0.7692307692307693 0.07692307692307693 0.9 1 1.0 1.0
13 0.1 19 0.5789473684210527 0.0 0.4 15 0.6666666666666666 0.0 0.5 15 0.6666666666666666 0.0 0.6 12 0.75 0.0 0.7 10 0.7 0.0 0.9 0 1 1
13 0.1 26 0.46153846153846156 0.07692307692307693 0.4 18 0.6111111111111112 0.1111111111111111 0.5 14 0.7142857142857143 0.07142857142857142 0.6 14 0.7142857142857143 0.07142857142857142 0.7 11 0.7272727272727273 0.09090909090909091 0.9 2 1.0 0.5
13 0.1 25 0.52 0.04 0.4 17 0.7058823529411765 0.058823529411764705 0.5 16 0.6875 0.0625 0.6 13 0.6923076923076923 0.07692307692307693 0.7 12 0.6666666666666666 0.08333333333333333 0.9 1 1.0 0.0
13 0.1 24 0.5416666666666666 0.0 0.4 17 0.7058823529411765 0.0 0.5 17 0.7058823529411765 0.0 0.6 16 0.6875 0.0 0.7 12 0.75 0.0 0.9 1 1.0 0.0
13 0.1 24 0.5416666666666666 0.0 0.4 17 0.5882352941176471 0.0 0.5 14 0.6428571428571429 0.0 0.6 13 0.6153846153846154 0.0 0.7 10 0.7 0.0 0.9 1 1.0 0.0
13 0.1 21 0.5714285714285714 0.0 0.4 14 0.6428571428571429 0.0 0.5 12 0.6666666666666666 0.0 0.6 12 0.6666666666666666 0.0 0.7 10 0.7 0.0 0.9 1 1.0 0.0
13 0.1 28 0.4642857142857143 0.0 0.4 19 0.5789473684210527 0.0 0.5 18 0.6111111111111112 0.0 0.6 15 0.6666666666666666 0.0 0.7 14 0.6428571428571429 0.0 0.9 1 1.0 0.0
13 0.1 35 0.34285714285714286 0.0 0.4 22 0.5454545454545454 0.0 0.5 20 0.6 0.0 0.6 18 0.5555555555555556 0.0 0.7 13 0.6923076923076923 0.0 0.9 0 1 1
13 0.1 29 0.4482758620689655 0.06896551724137931 0.4 19 0.5263157894736842 0.10526315789473684 0.5 18 0.5555555555555556 0.1111111111111111 0.6 16 0.625 0.125 0.7 15 0.6666666666666666 0.13333333333333333 0.9 1 1.0 0.0
13 0.1 28 0.42857142857142855 0.0 0.4 21 0.5714285714285714 0.0 0.5 19 0.5789473684210527 0.0 0.6 17 0.6470588235294118 0.0 0.7 15 0.7333333333333333 0.0 0.9 1 1.0 0.0
13 0.1 20 0.55 0.05 0.4 16 0.625 0.0625 0.5 15 0.6666666666666666 0.06666666666666667 0.6 13 0.6923076923076923 0.07692307692307693 0.7 12 0.75 0.08333333333333333 0.9 0 1 1
13 0.1 23 0.4782608695652174 0.043478260869565216 0.4 15 0.6666666666666666 0.06666666666666667 0.5 13 0.6923076923076923 0.07692307692307693 0.6 12 0.6666666666666666 0.08333333333333333 0.7 12 0.6666666666666666 0.08333333333333333 0.9 0 1 1
13 0.1 23 0.5217391304347826 0.0 0.4 16 0.625 0.0 0.5 14 0.6428571428571429 0.0 0.6 13 0.6923076923076923 0.0 0.7 11 0.7272727272727273 0.0 0.9 0 1 1
13 0.1 25 0.48 0.0 0.4 16 0.625 0.0 0.5 14 0.6428571428571429 0.0 0.6 12 0.6666666666666666 0.0 0.7 11 0.7272727272727273 0.0 0.9 0 1 1
13 0.1 23 0.5217391304347826 0.08695652173913043 0.4 17 0.6470588235294118 0.11764705882352941 0.5 16 0.6875 0.125 0.6 13 0.6923076923076923 0.15384615384615385 0.7 12 0.75 0.16666666666666666 0.9 0 1 1
13 0.1 16 0.625 0.0 0.4 14 0.7142857142857143 0.0 0.5 14 0.7142857142857143 0.0 0.6 13 0.6923076923076923 0.0 0.7 13 0.6923076923076923 0.0 0.9 1 1.0 0.0
13 0.1 22 0.45454545454545453 0.0 0.4 14 0.6428571428571429 0.0 0.5 13 0.6923076923076923 0.0 0.6 13 0.6923076923076923 0.0 0.7 13 0.6923076923076923 0.0 0.9 0 1 1
13 0.1 19 0.5263157894736842 0.05263157894736842 0.4 14 0.6428571428571429 0.07142857142857142 0.5 13 0.6923076923076923 0.07692307692307693 0.6 13 0.6923076923076923 0.07692307692307693 0.7 11 0.6363636363636364 0.09090909090909091 0.9 1 1.0 1.0
13 0.1 24 0.5416666666666666 0.0 0.4 16 0.6875 0.0 0.5 16 0.6875 0.0 0.6 14 0.6428571428571429 0.0 0.7 12 0.75 0.0 0.9 0 1 1
13 0.1 24 0.5 0.0 0.4 17 0.6470588235294118 0.0 0.5 15 0.7333333333333333 0.0 0.6 14 0.7857142857142857 0.0 0.7 14 0.7857142857142857 0.0 0.9 1 1.0 0.0
13 0.1 24 0.5 0.041666666666666664 0.4 15 0.7333333333333333 0.06666666666666667 0.5 15 0.7333333333333333 0.06666666666666667 0.6 15 0.7333333333333333 0.06666666666666667 0.7 11 0.8181818181818182 0.09090909090909091 0.9 1 1.0 1.0
13 0.1 24 0.4583333333333333 0.0 0.4 17 0.5882352941176471 0.0 0.5 16 0.625 0.0 0.6 13 0.6153846153846154 0.0 0.7 11 0.6363636363636364 0.0 0.9 2 1.0 0.0
13 0.1 22 0.45454545454545453 0.045454545454545456 0.4 15 0.6666666666666666 0.06666666666666667 0.5 15 0.6666666666666666 0.06666666666666667 0.6 14 0.6428571428571429 0.07142857142857142 0.7 11 0.7272727272727273 0.09090909090909091 0.9 1 1.0 0.0
13 0.1 24 0.4583333333333333 0.041666666666666664 0.4 15 0.6 0.06666666666666667 0.5 14 0.6428571428571429 0.07142857142857142 0.6 14 0.6428571428571429 0.07142857142857142 0.7 13 0.6923076923076923 0.07692307692307693 0.9 2 1.0 0.5
13 0.1 24 0.4583333333333333 0.041666666666666664 0.4 16 0.5625 0.0625 0.5 14 0.6428571428571429 0.07142857142857142 0.6 12 0.6666666666666666 0.08333333333333333 0.7 11 0.6363636363636364 0.09090909090909091 0.9 1 1.0 1.0
13 0.1 21 0.5238095238095238 0.047619047619047616 0.4 12 0.6666666666666666 0.08333333333333333 0.5 11 0.7272727272727273 0.09090909090909091 0.6 11 0.7272727272727273 0.09090909090909091 0.7 11 0.7272727272727273 0.09090909090909091 0.9 1 1.0 1.0
13 0.1 23 0.5217391304347826 0.13043478260869565 0.4 18 0.5555555555555556 0.16666666666666666 0.5 17 0.5882352941176471 0.17647058823529413 0.6 14 0.6428571428571429 0.21428571428571427 0.7 14 0.6428571428571429 0.21428571428571427 0.9 2 1.0 0.5
13 0.1 26 0.5 0.038461538461538464 0.4 19 0.631578947368421 0.05263157894736842 0.5 14 0.7142857142857143 0.07142857142857142 0.6 13 0.6923076923076923 0.07692307692307693 0.7 12 0.6666666666666666 0.08333333333333333 0.9 2 1.0 0.5
13 0.1 26 0.5 0.07692307692307693 0.4 18 0.6111111111111112 0.1111111111111111 0.5 16 0.6875 0.125 0.6 15 0.6666666666666666 0.13333333333333333 0.7 13 0.6923076923076923 0.15384615384615385 0.9 1 1.0 0.0
13 0.1 24 0.5416666666666666 0.0 0.4 17 0.5882352941176471 0.0 0.5 14 0.6428571428571429 0.0 0.6 13 0.6923076923076923 0.0 0.7 11 0.8181818181818182 0.0 0.9 1 1.0 0.0
13 0.1 26 0.46153846153846156 0.0 0.4 18 0.5 0.0 0.5 18 0.5 0.0 0.6 17 0.5294117647058824 0.0 0.7 14 0.5714285714285714 0.0 0.9 2 1.0 0.0
13 0.1 22 0.4090909090909091 0.0 0.4 15 0.6 0.0 0.5 14 0.6428571428571429 0.0 0.6 13 0.6153846153846154 0.0 0.7 11 0.7272727272727273 0.0 0.9 1 1.0 0.0
13 0.1 23 0.4782608695652174 0.043478260869565216 0.4 17 0.5294117647058824 0.058823529411764705 0.5 12 0.5833333333333334 0.08333333333333333 0.6 11 0.6363636363636364 0.09090909090909091 0.7 10 0.7 0.1 0.9 1 1.0 1.0
13 0.1 24 0.4583333333333333 0.041666666666666664 0.4 16 0.5625 0.0625 0.5 16 0.5625 0.0625 0.6 16 0.5625 0.0625 0.7 14 0.5714285714285714 0.07142857142857142 0.9 2 1.0 0.5
13 0.1 19 0.5263157894736842 0.0 0.4 16 0.5625 0.0 0.5 14 0.5714285714285714 0.0 0.6 13 0.6153846153846154 0.0 0.7 12 0.6666666666666666 0.0 0.9 2 1.0 0.0
13 0.1 18 0.5 0.1111111111111111 0.4 15 0.6 0.13333333333333333 0.5 14 0.6428571428571429 0.14285714285714285 0.6 14 0.6428571428571429 0.14285714285714285 0.7 13 0.6153846153846154 0.15384615384615385 0.9 1 1.0 1.0
13 0.1 21 0.5238095238095238 0.047619047619047616 0.4 17 0.5882352941176471 0.058823529411764705 0.5 15 0.6 0.06666666666666667 0.6 15 0.6 0.06666666666666667 0.7 12 0.6666666666666666 0.08333333333333333 0.9 1 1.0 1.0
13 0.1 25 0.48 0.04 0.4 16 0.625 0.0625 0.5 16 0.625 0.0625 0.6 13 0.6923076923076923 0.07692307692307693 0.7 12 0.75 0.08333333333333333 0.9 1 1.0 1.0
13 0.1 24 0.5416666666666666 0.0 0.4 17 0.5882352941176471 0.0 0.5 17 0.5882352941176471 0.0 0.6 17 0.5882352941176471 0.0 0.7 12 0.75 0.0 0.9 1 1.0 0.0
13 0.1 22 0.5 0.0 0.4 16 0.5625 0.0 0.5 15 0.6 0.0 0.6 13 0.6153846153846154 0.0 0.7 12 0.6666666666666666 0.0 0.9 1 1.0 0.0
13 0.1 24 0.5 0.041666666666666664 0.4 16 0.5625 0.0625 0.5 12 0.5833333333333334 0.08333333333333333 0.6 11 0.6363636363636364 0.09090909090909091 0.7 10 0.7 0.1 0.9 1 1.0 1.0
13 0.1 24 0.4166666666666667 0.041666666666666664 0.4 16 0.5625 0.0625 0.5 13 0.6923076923076923 0.07692307692307693 0.6 12 0.6666666666666666 0.08333333333333333 0.7 11 0.6363636363636364 0.09090909090909091 0.9 1 1.0 1.0
13 0.1 23 0.4782608695652174 0.0 0.4 19 0.5789473684210527 0.0 0.5 15 0.6666666666666666 0.0 0.6 15 0.6666666666666666 0.0 0.7 14 0.7142857142857143 0.0 0.9 2 1.0 0.0
13 0.1 25 0.44 0.12 0.4 17 0.47058823529411764 0.17647058823529413 0.5 15 0.5333333333333333 0.2 0.6 12 0.6666666666666666 0.25 0.7 12 0.6666666666666666 0.25 0.9 2 1.0 0.5
13 0.1 21 0.5238095238095238 0.09523809523809523 0.4 14 0.5714285714285714 0.14285714285714285 0.5 13 0.6153846153846154 0.15384615384615385 0.6 12 0.6666666666666666 0.16666666666666666 0.7 10 0.7 0.2 0.9 0 1 1
13 0.1 24 0.4583333333333333 0.0 0.4 13 0.6153846153846154 0.0 0.5 12 0.6666666666666666 0.0 0.6 12 0.6666666666666666 0.0 0.7 9 0.7777777777777778 0.0 0.9 0 1 1
13 0.1 24 0.5 0.0 0.4 15 0.6 0.0 0.5 15 0.6 0.0 0.6 15 0.6 0.0 0.7 12 0.5833333333333334 0.0 0.9 2 1.0 0.0
13 0.1 19 0.5789473684210527 0.05263157894736842 0.4 13 0.6153846153846154 0.07692307692307693 0.5 12 0.6666666666666666 0.08333333333333333 0.6 11 0.6363636363636364 0.09090909090909091 0.7 10 0.7 0.1 0.9 0 1 1
13 0.1 19 0.5789473684210527 0.05263157894736842 0.4 11 0.6363636363636364 0.09090909090909091 0.5 11 0.6363636363636364 0.09090909090909091 0.6 11 0.6363636363636364 0.09090909090909091 0.7 11 0.6363636363636364 0.09090909090909091 0.9 1 1.0 1.0
13 0.1 21 0.5714285714285714 0.14285714285714285 0.4 16 0.625 0.1875 0.5 15 0.6 0.2 0.6 13 0.6153846153846154 0.23076923076923078 0.7 12 0.5833333333333334 0.25 0.9 1 1.0 1.0
13 0.1 24 0.4583333333333333 0.0 0.4 16 0.5625 0.0 0.5 14 0.6428571428571429 0.0 0.6 12 0.5833333333333334 0.0 0.7 11 0.6363636363636364 0.0 0.9 1 1.0 0.0
13 0.1 21 0.5238095238095238 0.0 0.4 16 0.5625 0.0 0.5 13 0.6923076923076923 0.0 0.6 12 0.6666666666666666 0.0 0.7 9 0.5555555555555556 0.0 0.9 0 1 1
13 0.1 22 0.5 0.045454545454545456 0.4 15 0.6 0.06666666666666667 0.5 15 0.6 0.06666666666666667 0.6 14 0.5714285714285714 0.07142857142857142 0.7 14 0.5714285714285714 0.07142857142857142 0.9 1 1.0 1.0
13 0.1 24 0.5 0.041666666666666664 0.4 16 0.625 0.0625 0.5 15 0.6 0.06666666666666667 0.6 15 0.6 0.06666666666666667 0.7 15 0.6 0.06666666666666667 0.9 2 1.0 0.5
13 0.1 24 0.5416666666666666 0.0 0.4 17 0.5294117647058824 0.0 0.5 16 0.5625 0.0 0.6 15 0.6 0.0 0.7 14 0.5714285714285714 0.0 0.9 2 1.0 0.0
13 0.1 21 0.5714285714285714 0.047619047619047616 0.4 17 0.5882352941176471 0.058823529411764705 0.5 16 0.625 0.0625 0.6 15 0.6 0.06666666666666667 0.7 14 0.5714285714285714 0.07142857142857142 0.9 2 1.0 0.5
13 0.1 21 0.5714285714285714 0.14285714285714285 0.4 18 0.6111111111111112 0.16666666666666666 0.5 16 0.625 0.1875 0.6 15 0.6666666666666666 0.2 0.7 14 0.6428571428571429 0.21428571428571427 0.9 2 1.0 1.0
13 0.1 22 0.5454545454545454 0.09090909090909091 0.4 17 0.5882352941176471 0.11764705882352941 0.5 16 0.625 0.125 0.6 16 0.625 0.125 0.7 12 0.6666666666666666 0.16666666666666666 0.9 1 1.0 1.0
13 0.1 20 0.55 0.1 0.4 17 0.5294117647058824 0.11764705882352941 0.5 16 0.5625 0.125 0.6 15 0.6 0.13333333333333333 0.7 15 0.6 0.13333333333333333 0.9 2 1.0 0.5
13 0.1 22 0.5454545454545454 0.045454545454545456 0.4 17 0.5882352941176471 0.058823529411764705 0.5 17 0.5882352941176471 0.058823529411764705 0.6 15 0.6 0.06666666666666667 0.7 14 0.6428571428571429 0.07142857142857142 0.9 2 1.0 0.5
13 0.1 21 0.47619047619047616 0.0 0.4 17 0.5882352941176471 0.0 0.5 16 0.625 0.0 0.6 15 0.6666666666666666 0.0 0.7 15 0.6666666666666666 0.0 0.9 2 1.0 0.0
13 0.1 24 0.5 0.0 0.4 18 0.6111111111111112 0.0 0.5 18 0.6111111111111112 0.0 0.6 17 0.5882352941176471 0.0 0.7 15 0.6 0.0 0.9 1 1.0 0.0
13 0.1 24 0.5 0.08333333333333333 0.4 16 0.625 0.125 0.5 16 0.625 0.125 0.6 16 0.625 0.125 0.7 15 0.6 0.13333333333333333 0.9 1 1.0 1.0
13 0.1 23 0.5217391304347826 0.13043478260869565 0.4 17 0.5294117647058824 0.17647058823529413 0.5 14 0.6428571428571429 0.21428571428571427 0.6 14 0.6428571428571429 0.21428571428571427 0.7 14 0.6428571428571429 0.21428571428571427 0.9 3 1.0 0.6666666666666666
13 0.1 19 0.5263157894736842 0.15789473684210525 0.4 14 0.6428571428571429 0.21428571428571427 0.5 13 0.6153846153846154 0.23076923076923078 0.6 12 0.5833333333333334 0.25 0.7 11 0.6363636363636364 0.2727272727272727 0.9 1 1.0 1.0
13 0.1 20 0.5 0.05 0.4 16 0.625 0.0625 0.5 13 0.7692307692307693 0.07692307692307693 0.6 11 0.7272727272727273 0.09090909090909091 0.7 10 0.7 0.1 0.9 2 1.0 0.5
13 0.1 21 0.5238095238095238 0.09523809523809523 0.4 17 0.5882352941176471 0.11764705882352941 0.5 15 0.6666666666666666 0.13333333333333333 0.6 14 0.6428571428571429 0.14285714285714285 0.7 13 0.6923076923076923 0.15384615384615385 0.9 2 1.0 0.5
13 0.1 21 0.5238095238095238 0.0 0.4 16 0.625 0.0 0.5 13 0.6923076923076923 0.0 0.6 12 0.6666666666666666 0.0 0.7 12 0.6666666666666666 0.0 0.9 2 1.0 0.0
13 0.1 23 0.5652173913043478 0.043478260869565216 0.4 16 0.5 0.0625 0.5 15 0.5333333333333333 0.06666666666666667 0.6 15 0.5333333333333333 0.06666666666666667 0.7 14 0.5714285714285714 0.07142857142857142 0.9 2 1.0 0.0
13 0.1 21 0.5714285714285714 0.047619047619047616 0.4 17 0.5882352941176471 0.058823529411764705 0.5 14 0.5714285714285714 0.07142857142857142 0.6 14 0.5714285714285714 0.07142857142857142 0.7 13 0.6153846153846154 0.07692307692307693 0.9 2 1.0 0.5
13 0.1 19 0.5789473684210527 0.10526315789473684 0.4 15 0.6666666666666666 0.13333333333333333 0.5 14 0.7142857142857143 0.14285714285714285 0.6 13 0.6923076923076923 0.15384615384615385 0.7 12 0.6666666666666666 0.16666666666666666 0.9 1 1.0 1.0
13 0.1 20 0.55 0.05 0.4 16 0.5625 0.0625 0.5 15 0.6 0.06666666666666667 0.6 15 0.6 0.06666666666666667 0.7 14 0.6428571428571429 0.07142857142857142 0.9 2 1.0 0.0
13 0.1 20 0.55 0.05 0.4 16 0.5625 0.0625 0.5 16 0.5625 0.0625 0.6 15 0.6 0.06666666666666667 0.7 12 0.6666666666666666 0.08333333333333333 0.9 2 1.0 0.5
13 0.1 20 0.55 0.1 0.4 15 0.6 0.13333333333333333 0.5 14 0.6428571428571429 0.14285714285714285 0.6 13 0.6923076923076923 0.15384615384615385 0.7 11 0.7272727272727273 0.18181818181818182 0.9 1 1.0 0.0
13 0.1 22 0.5454545454545454 0.045454545454545456 0.4 18 0.6111111111111112 0.05555555555555555 0.5 16 0.625 0.0625 0.6 16 0.625 0.0625 0.7 13 0.6153846153846154 0.07692307692307693 0.9 1 1.0 0.0
13 0.1 22 0.5909090909090909 0.045454545454545456 0.4 17 0.6470588235294118 0.058823529411764705 0.5 14 0.6428571428571429 0.07142857142857142 0.6 14 0.6428571428571429 0.07142857142857142 0.7 13 0.6153846153846154 0.07692307692307693 0.9 1 1.0 0.0
13 0.1 18 0.6111111111111112 0.0 0.4 16 0.625 0.0 0.5 16 0.625 0.0 0.6 13 0.6153846153846154 0.0 0.7 11 0.7272727272727273 0.0 0.9 0 1 1
13 0.1 17 0.5882352941176471 0.0 0.4 15 0.6 0.0 0.5 14 0.6428571428571429 0.0 0.6 12 0.6666666666666666 0.0 0.7 10 0.7 0.0 0.9 0 1 1
13 0.1 18 0.5555555555555556 0.0 0.4 15 0.6 0.0 0.5 15 0.6 0.0 0.6 14 0.6428571428571429 0.0 0.7 13 0.6153846153846154 0.0 0.9 1 1.0 0.0
13 0.1 17 0.5882352941176471 0.0 0.4 15 0.6 0.0 0.5 14 0.6428571428571429 0.0 0.6 13 0.6923076923076923 0.0 0.7 12 0.6666666666666666 0.0 0.9 1 1.0 0.0
13 0.1 17 0.5294117647058824 0.0 0.4 16 0.5625 0.0 0.5 15 0.6 0.0 0.6 15 0.6 0.0 0.7 14 0.6428571428571429 0.0 0.9 3 1.0 0.0
13 0.1 17 0.5294117647058824 0.058823529411764705 0.4 16 0.5625 0.0625 0.5 14 0.6428571428571429 0.07142857142857142 0.6 14 0.6428571428571429 0.07142857142857142 0.7 14 0.6428571428571429 0.07142857142857142 0.9 3 0.6666666666666666 0.0
13 0.1 19 0.5789473684210527 0.0 0.4 16 0.625 0.0 0.5 16 0.625 0.0 0.6 15 0.6666666666666666 0.0 0.7 14 0.6428571428571429 0.0 0.9 3 1.0 0.0
13 0.1 19 0.5789473684210527 0.0 0.4 16 0.625 0.0 0.5 15 0.6 0.0 0.6 14 0.6428571428571429 0.0 0.7 14 0.6428571428571429 0.0 0.9 3 1.0 0.0
13 0.1 18 0.6111111111111112 0.05555555555555555 0.4 16 0.5625 0.0625 0.5 14 0.6428571428571429 0.07142857142857142 0.6 14 0.6428571428571429 0.07142857142857142 0.7 14 0.6428571428571429 0.07142857142857142 0.9 3 1.0 0.3333333333333333
13 0.1 19 0.5263157894736842 0.10526315789473684 0.4 18 0.5555555555555556 0.1111111111111111 0.5 17 0.5882352941176471 0.11764705882352941 0.6 15 0.6 0.13333333333333333 0.7 14 0.6428571428571429 0.14285714285714285 0.9 2 1.0 0.5
13 0.1 19 0.5263157894736842 0.10526315789473684 0.4 16 0.5625 0.125 0.5 14 0.6428571428571429 0.14285714285714285 0.6 14 0.6428571428571429 0.14285714285714285 0.7 14 0.6428571428571429 0.14285714285714285 0.9 1 1.0 0.0
13 0.1 22 0.5454545454545454 0.09090909090909091 0.4 17 0.5294117647058824 0.11764705882352941 0.5 16 0.5625 0.125 0.6 14 0.6428571428571429 0.14285714285714285 0.7 14 0.6428571428571429 0.14285714285714285 0.9 1 1.0 0.0
13 0.1 20 0.55 0.05 0.4 15 0.6 0.06666666666666667 0.5 14 0.6428571428571429 0.07142857142857142 0.6 14 0.6428571428571429 0.07142857142857142 0.7 14 0.6428571428571429 0.07142857142857142 0.9 2 1.0 0.5
13 0.1 19 0.5789473684210527 0.0 0.4 15 0.6 0.0 0.5 14 0.6428571428571429 0.0 0.6 14 0.6428571428571429 0.0 0.7 13 0.6153846153846154 0.0 0.9 2 1.0 0.0
13 0.1 17 0.5294117647058824 0.0 0.4 15 0.6 0.0 0.5 14 0.6428571428571429 0.0 0.6 14 0.6428571428571429 0.0 0.7 14 0.6428571428571429 0.0 0.9 2 1.0 0.0
13 0.1 17 0.5294117647058824 0.0 0.4 16 0.5625 0.0 0.5 14 0.6428571428571429 0.0 0.6 13 0.6153846153846154 0.0 0.7 13 0.6153846153846154 0.0 0.9 2 1.0 0.0
13 0.1 18 0.5555555555555556 0.1111111111111111 0.4 18 0.5555555555555556 0.1111111111111111 0.5 16 0.625 0.125 0.6 15 0.6 0.13333333333333333 0.7 14 0.6428571428571429 0.14285714285714285 0.9 2 1.0 1.0
13 0.1 23 0.4782608695652174 0.043478260869565216 0.4 17 0.5294117647058824 0.058823529411764705 0.5 17 0.5294117647058824 0.058823529411764705 0.6 15 0.6 0.06666666666666667 0.7 14 0.6428571428571429 0.07142857142857142 0.9 2 1.0 0.5
13 0.1 20 0.55 0.05 0.4 17 0.5882352941176471 0.058823529411764705 0.5 17 0.5882352941176471 0.058823529411764705 0.6 16 0.625 0.0625 0.7 13 0.6923076923076923 0.07692307692307693 0.9 3 1.0 0.3333333333333333
13 0.1 22 0.5 0.0 0.4 17 0.5882352941176471 0.0 0.5 16 0.625 0.0 0.6 16 0.625 0.0 0.7 16 0.625 0.0 0.9 2 1.0 0.0
13 0.1 23 0.5217391304347826 0.08695652173913043 0.4 19 0.5263157894736842 0.10526315789473684 0.5 19 0.5263157894736842 0.10526315789473684 0.6 17 0.5882352941176471 0.11764705882352941 0.7 14 0.6428571428571429 0.14285714285714285 0.9 2 1.0 0.5
13 0.1 23 0.5217391304347826 0.0 0.4 18 0.5555555555555556 0.0 0.5 18 0.5555555555555556 0.0 0.6 17 0.5294117647058824 0.0 0.7 15 0.6 0.0 0.9 2 1.0 0.0
13 0.1 21 0.5238095238095238 0.0 0.4 16 0.5625 0.0 0.5 16 0.5625 0.0 0.6 15 0.6 0.0 0.7 15 0.6 0.0 0.9 2 1.0 0.0
13 0.1 25 0.52 0.0 0.4 18 0.5 0.0 0.5 17 0.5294117647058824 0.0 0.6 15 0.6 0.0 0.7 14 0.6428571428571429 0.0 0.9 2 1.0 0.0
13 0.1 20 0.55 0.05 0.4 18 0.5555555555555556 0.05555555555555555 0.5 17 0.5882352941176471 0.058823529411764705 0.6 15 0.6 0.06666666666666667 0.7 13 0.6923076923076923 0.07692307692307693 0.9 2 1.0 0.5
13 0.1 18 0.5555555555555556 0.0 0.4 13 0.6923076923076923 0.0 0.5 13 0.6923076923076923 0.0 0.6 12 0.75 0.0 0.7 12 0.75 0.0 0.9 2 1.0 0.0
13 0.1 21 0.5238095238095238 0.0 0.4 15 0.6 0.0 0.5 14 0.6428571428571429 0.0 0.6 13 0.6923076923076923 0.0 0.7 13 0.6923076923076923 0.0 0.9 2 1.0 0.0
13 0.1 22 0.5454545454545454 0.045454545454545456 0.4 18 0.5555555555555556 0.05555555555555555 0.5 15 0.6 0.06666666666666667 0.6 15 0.6 0.06666666666666667 0.7 14 0.6428571428571429 0.07142857142857142 0.9 2 1.0 0.5
13 0.1 19 0.5263157894736842 0.0 0.4 18 0.5555555555555556 0.0 0.5 18 0.5555555555555556 0.0 0.6 15 0.6 0.0 0.7 14 0.6428571428571429 0.0 0.9 2 1.0 0.0
13 0.1 21 0.47619047619047616 0.0 0.4 19 0.5263157894736842 0.0 0.5 18 0.5555555555555556 0.0 0.6 16 0.625 0.0 0.7 16 0.625 0.0 0.9 2 1.0 0.0
