4 0.1 0 1 1 0.4 0 1 1 0.5 0 1 1 0.6 0 1 1 0.7 0 1 1 0.9 0 1 1
4 0.1 1 0.0 0.0 0.4 0 1 1 0.5 0 1 1 0.6 0 1 1 0.7 0 1 1 0.9 0 1 1
4 0.1 0 1 1 0.4 0 1 1 0.5 0 1 1 0.6 0 1 1 0.7 0 1 1 0.9 0 1 1
4 0.1 7 0.0 0.0 0.4 0 1 1 0.5 0 1 1 0.6 0 1 1 0.7 0 1 1 0.9 0 1 1
4 0.1 21 0.0 0.0 0.4 0 1 1 0.5 0 1 1 0.6 0 1 1 0.7 0 1 1 0.9 0 1 1
4 0.1 47 0.06382978723404255 0.0 0.4 0 1 1 0.5 0 1 1 0.6 0 1 1 0.7 0 1 1 0.9 0 1 1
4 0.1 19 0.10526315789473684 0.0 0.4 0 1 1 0.5 0 1 1 0.6 0 1 1 0.7 0 1 1 0.9 0 1 1
4 0.1 126 0.031746031746031744 0.0 0.4 7 0.2857142857142857 0.0 0.5 1 1.0 0.0 0.6 0 1 1 0.7 0 1 1 0.9 0 1 1
4 0.1 79 0.05063291139240506 0.0 0.4 8 0.375 0.0 0.5 1 1.0 0.0 0.6 0 1 1 0.7 0 1 1 0.9 0 1 1
4 0.1 54 0.07407407407407407 0.0 0.4 0 1 1 0.5 0 1 1 0.6 0 1 1 0.7 0 1 1 0.9 0 1 1
4 0.1 18 0.16666666666666666 0.0 0.4 1 0.0 0.0 0.5 0 1 1 0.6 0 1 1 0.7 0 1 1 0.9 0 1 1
4 0.1 51 0.0784313725490196 0.0 0.4 0 1 1 0.5 0 1 1 0.6 0 1 1 0.7 0 1 1 0.9 0 1 1
4 0.1 29 0.13793103448275862 0.0 0.4 2 0.5 0.0 0.5 0 1 1 0.6 0 1 1 0.7 0 1 1 0.9 0 1 1
4 0.1 47 0.0851063829787234 0.0 0.4 8 0.125 0.0 0.5 2 0.0 0.0 0.6 0 1 1 0.7 0 1 1 0.9 0 1 1
4 0.1 25 0.12 0.0 0.4 0 1 1 0.5 0 1 1 0.6 0 1 1 0.7 0 1 1 0.9 0 1 1
4 0.1 16 0.25 0.0 0.4 1 1.0 0.0 0.5 0 1 1 0.6 0 1 1 0.7 0 1 1 0.9 0 1 1
4 0.1 21 0.19047619047619047 0.0 0.4 3 0.3333333333333333 0.0 0.5 0 1 1 0.6 0 1 1 0.7 0 1 1 0.9 0 1 1
4 0.1 23 0.17391304347826086 0.0 0.4 1 1.0 0.0 0.5 0 1 1 0.6 0 1 1 0.7 0 1 1 0.9 0 1 1
4 0.1 14 0.2857142857142857 0.0 0.4 5 0.8 0.0 0.5 2 1.0 0.0 0.6 1 1.0 0.0 0.7 1 1.0 0.0 0.9 0 1 1
4 0.1 17 0.23529411764705882 0.0 0.4 6 0.5 0.0 0.5 2 1.0 0.0 0.6 0 1 1 0.7 0 1 1 0.9 0 1 1
4 0.1 7 0.42857142857142855 0.0 0.4 1 1.0 0.0 0.5 0 1 1 0.6 0 1 1 0.7 0 1 1 0.9 0 1 1
4 0.1 21 0.19047619047619047 0.0 0.4 5 0.6 0.0 0.5 2 1.0 0.0 0.6 0 1 1 0.7 0 1 1 0.9 0 1 1
4 0.1 9 0.4444444444444444 0.0 0.4 3 1.0 0.0 0.5 3 1.0 0.0 0.6 1 1.0 0.0 0.7 0 1 1 0.9 0 1 1
4 0.1 14 0.2857142857142857 0.0 0.4 1 1.0 0.0 0.5 1 1.0 0.0 0.6 0 1 1 0.7 0 1 1 0.9 0 1 1
4 0.1 2 0.5 0.0 0.4 0 1 1 0.5 0 1 1 0.6 0 1 1 0.7 0 1 1 0.9 0 1 1
4 0.1 17 0.23529411764705882 0.0 0.4 2 1.0 0.0 0.5 1 1.0 0.0 0.6 0 1 1 0.7 0 1 1 0.9 0 1 1
4 0.1 14 0.2857142857142857 0.0 0.4 3 0.6666666666666666 0.0 0.5 2 1.0 0.0 0.6 0 1 1 0.7 0 1 1 0.9 0 1 1
4 0.1 7 0.42857142857142855 0.0 0.4 0 1 1 0.5 0 1 1 0.6 0 1 1 0.7 0 1 1 0.9 0 1 1
4 0.1 6 0.5 0.0 0.4 1 1.0 0.0 0.5 0 1 1 0.6 0 1 1 0.7 0 1 1 0.9 0 1 1
4 0.1 16 0.25 0.0 0.4 9 0.4444444444444444 0.0 0.5 8 0.5 0.0 0.6 4 0.75 0.0 0.7 3 0.6666666666666666 0.0 0.9 0 1 1
4 0.1 10 0.4 0.0 0.4 2 1.0 0.0 0.5 2 1.0 0.0 0.6 0 1 1 0.7 0 1 1 0.9 0 1 1
4 0.1 9 0.4444444444444444 0.0 0.4 4 0.5 0.0 0.5 2 0.5 0.0 0.6 2 0.5 0.0 0.7 1 1.0 0.0 0.9 0 1 1
4 0.1 12 0.25 0.0 0.4 0 1 1 0.5 0 1 1 0.6 0 1 1 0.7 0 1 1 0.9 0 1 1
4 0.1 14 0.2857142857142857 0.0 0.4 4 0.75 0.0 0.5 3 0.6666666666666666 0.0 0.6 0 1 1 0.7 0 1 1 0.9 0 1 1
4 0.1 3 0.6666666666666666 0.0 0.4 0 1 1 0.5 0 1 1 0.6 0 1 1 0.7 0 1 1 0.9 0 1 1
4 0.1 14 0.2857142857142857 0.0 0.4 5 0.4 0.0 0.5 2 1.0 0.0 0.6 1 1.0 0.0 0.7 1 1.0 0.0 0.9 0 1 1
4 0.1 6 0.5 0.0 0.4 3 0.6666666666666666 0.0 0.5 1 1.0 0.0 0.6 0 1 1 0.7 0 1 1 0.9 0 1 1
4 0.1 0 1 1 0.4 0 1 1 0.5 0 1 1 0.6 0 1 1 0.7 0 1 1 0.9 0 1 1
4 0.1 9 0.4444444444444444 0.0 0.4 3 0.6666666666666666 0.0 0.5 2 0.5 0.0 0.6 2 0.5 0.0 0.7 0 1 1 0.9 0 1 1
4 0.1 7 0.14285714285714285 0.0 0.4 0 1 1 0.5 0 1 1 0.6 0 1 1 0.7 0 1 1 0.9 0 1 1
4 0.1 4 1.0 0.0 0.4 0 1 1 0.5 0 1 1 0.6 0 1 1 0.7 0 1 1 0.9 0 1 1
4 0.1 19 0.21052631578947367 0.0 0.4 0 1 1 0.5 0 1 1 0.6 0 1 1 0.7 0 1 1 0.9 0 1 1
4 0.1 3 0.3333333333333333 0.0 0.4 0 1 1 0.5 0 1 1 0.6 0 1 1 0.7 0 1 1 0.9 0 1 1
4 0.1 2 1.0 0.0 0.4 0 1 1 0.5 0 1 1 0.6 0 1 1 0.7 0 1 1 0.9 0 1 1
4 0.1 0 1 1 0.4 0 1 1 0.5 0 1 1 0.6 0 1 1 0.7 0 1 1 0.9 0 1 1
4 0.1 1 0.0 0.0 0.4 0 1 1 0.5 0 1 1 0.6 0 1 1 0.7 0 1 1 0.9 0 1 1
4 0.1 0 1 1 0.4 0 1 1 0.5 0 1 1 0.6 0 1 1 0.7 0 1 1 0.9 0 1 1
4 0.1 0 1 1 0.4 0 1 1 0.5 0 1 1 0.6 0 1 1 0.7 0 1 1 0.9 0 1 1
4 0.1 0 1 1 0.4 0 1 1 0.5 0 1 1 0.6 0 1 1 0.7 0 1 1 0.9 0 1 1
4 0.1 0 1 1 0.4 0 1 1 0.5 0 1 1 0.6 0 1 1 0.7 0 1 1 0.9 0 1 1
4 0.1 1 0.0 0.0 0.4 0 1 1 0.5 0 1 1 0.6 0 1 1 0.7 0 1 1 0.9 0 1 1
4 0.1 8 0.375 0.0 0.4 2 0.5 0.0 0.5 1 0.0 0.0 0.6 0 1 1 0.7 0 1 1 0.9 0 1 1
4 0.1 6 0.5 0.0 0.4 0 1 1 0.5 0 1 1 0.6 0 1 1 0.7 0 1 1 0.9 0 1 1
4 0.1 9 0.3333333333333333 0.0 0.4 2 1.0 0.0 0.5 2 1.0 0.0 0.6 1 1.0 0.0 0.7 0 1 1 0.9 0 1 1
4 0.1 11 0.0 0.0 0.4 0 1 1 0.5 0 1 1 0.6 0 1 1 0.7 0 1 1 0.9 0 1 1
4 0.1 7 0.2857142857142857 0.0 0.4 1 0.0 0.0 0.5 0 1 1 0.6 0 1 1 0.7 0 1 1 0.9 0 1 1
4 0.1 4 0.5 0.0 0.4 0 1 1 0.5 0 1 1 0.6 0 1 1 0.7 0 1 1 0.9 0 1 1
4 0.1 7 0.5714285714285714 0.0 0.4 4 0.75 0.0 0.5 3 0.6666666666666666 0.0 0.6 3 0.6666666666666666 0.0 0.7 0 1 1 0.9 0 1 1
4 0.1 5 0.6 0.0 0.4 2 0.5 0.0 0.5 1 0.0 0.0 0.6 0 1 1 0.7 0 1 1 0.9 0 1 1
4 0.1 29 0.034482758620689655 0.0 0.4 4 0.0 0.0 0.5 1 0.0 0.0 0.6 0 1 1 0.7 0 1 1 0.9 0 1 1
4 0.1 4 0.5 0.0 0.4 0 1 1 0.5 0 1 1 0.6 0 1 1 0.7 0 1 1 0.9 0 1 1
4 0.1 5 0.2 0.0 0.4 1 0.0 0.0 0.5 0 1 1 0.6 0 1 1 0.7 0 1 1 0.9 0 1 1
4 0.1 8 0.5 0.0 0.4 1 0.0 0.0 0.5 1 0.0 0.0 0.6 0 1 1 0.7 0 1 1 0.9 0 1 1
4 0.1 6 0.6666666666666666 0.0 0.4 4 0.75 0.0 0.5 4 0.75 0.0 0.6 1 0.0 0.0 0.7 1 0.0 0.0 0.9 0 1 1
4 0.1 5 0.8 0.0 0.4 4 0.75 0.0 0.5 2 1.0 0.0 0.6 1 1.0 0.0 0.7 1 1.0 0.0 0.9 0 1 1
4 0.1 5 0.8 0.0 0.4 4 0.75 0.0 0.5 4 0.75 0.0 0.6 2 0.5 0.0 0.7 0 1 1 0.9 0 1 1
4 0.1 6 0.6666666666666666 0.0 0.4 3 0.6666666666666666 0.0 0.5 3 0.6666666666666666 0.0 0.6 2 1.0 0.0 0.7 0 1 1 0.9 0 1 1
4 0.1 2 0.5 0.0 0.4 0 1 1 0.5 0 1 1 0.6 0 1 1 0.7 0 1 1 0.9 0 1 1
4 0.1 1 0.0 0.0 0.4 0 1 1 0.5 0 1 1 0.6 0 1 1 0.7 0 1 1 0.9 0 1 1
4 0.1 1 0.0 0.0 0.4 1 0.0 0.0 0.5 1 0.0 0.0 0.6 1 0.0 0.0 0.7 0 1 1 0.9 0 1 1
4 0.1 5 0.6 0.0 0.4 3 0.6666666666666666 0.0 0.5 1 1.0 0.0 0.6 1 1.0 0.0 0.7 0 1 1 0.9 0 1 1
4 0.1 12 0.3333333333333333 0.0 0.4 5 0.6 0.0 0.5 5 0.6 0.0 0.6 2 0.5 0.0 0.7 1 1.0 0.0 0.9 0 1 1
4 0.1 5 0.6 0.0 0.4 4 0.5 0.0 0.5 4 0.5 0.0 0.6 2 0.5 0.0 0.7 1 0.0 0.0 0.9 0 1 1
4 0.1 6 0.3333333333333333 0.0 0.4 1 1.0 0.0 0.5 1 1.0 0.0 0.6 0 1 1 0.7 0 1 1 0.9 0 1 1
4 0.1 5 0.6 0.0 0.4 0 1 1 0.5 0 1 1 0.6 0 1 1 0.7 0 1 1 0.9 0 1 1
4 0.1 4 0.75 0.0 0.4 4 0.75 0.0 0.5 2 1.0 0.0 0.6 0 1 1 0.7 0 1 1 0.9 0 1 1
4 0.1 6 0.3333333333333333 0.0 0.4 3 0.3333333333333333 0.0 0.5 2 0.5 0.0 0.6 2 0.5 0.0 0.7 0 1 1 0.9 0 1 1
4 0.1 5 0.6 0.0 0.4 2 0.5 0.0 0.5 2 0.5 0.0 0.6 2 0.5 0.0 0.7 0 1 1 0.9 0 1 1
4 0.1 13 0.07692307692307693 0.0 0.4 0 1 1 0.5 0 1 1 0.6 0 1 1 0.7 0 1 1 0.9 0 1 1
4 0.1 10 0.3 0.0 0.4 3 0.6666666666666666 0.0 0.5 1 1.0 0.0 0.6 1 1.0 0.0 0.7 1 1.0 0.0 0.9 0 1 1
4 0.1 49 0.08163265306122448 0.0 0.4 14 0.14285714285714285 0.0 0.5 4 0.5 0.0 0.6 2 0.5 0.0 0.7 0 1 1 0.9 0 1 1
4 0.1 5 0.6 0.2 0.4 3 0.6666666666666666 0.0 0.5 1 1.0 0.0 0.6 1 1.0 0.0 0.7 0 1 1 0.9 0 1 1
4 0.1 4 0.75 0.0 0.4 2 1.0 0.0 0.5 1 1.0 0.0 0.6 0 1 1 0.7 0 1 1 0.9 0 1 1
4 0.1 4 0.75 0.0 0.4 3 1.0 0.0 0.5 2 1.0 0.0 0.6 1 1.0 0.0 0.7 0 1 1 0.9 0 1 1
4 0.1 4 0.75 0.0 0.4 4 0.75 0.0 0.5 1 1.0 0.0 0.6 0 1 1 0.7 0 1 1 0.9 0 1 1
4 0.1 4 0.75 0.0 0.4 2 1.0 0.0 0.5 1 1.0 0.0 0.6 0 1 1 0.7 0 1 1 0.9 0 1 1
4 0.1 4 0.75 0.0 0.4 3 1.0 0.0 0.5 1 1.0 0.0 0.6 0 1 1 0.7 0 1 1 0.9 0 1 1
4 0.1 5 0.6 0.0 0.4 4 0.75 0.0 0.5 2 1.0 0.0 0.6 2 1.0 0.0 0.7 0 1 1 0.9 0 1 1
4 0.1 5 0.6 0.0 0.4 4 0.75 0.0 0.5 3 1.0 0.0 0.6 2 1.0 0.0 0.7 2 1.0 0.0 0.9 0 1 1
4 0.1 5 0.6 0.0 0.4 2 1.0 0.0 0.5 1 1.0 0.0 0.6 1 1.0 0.0 0.7 0 1 1 0.9 0 1 1
4 0.1 7 0.5714285714285714 0.0 0.4 4 0.75 0.0 0.5 4 0.75 0.0 0.6 3 0.6666666666666666 0.0 0.7 2 1.0 0.0 0.9 0 1 1
4 0.1 4 0.5 0.0 0.4 3 0.6666666666666666 0.0 0.5 3 0.6666666666666666 0.0 0.6 2 1.0 0.0 0.7 1 1.0 0.0 0.9 0 1 1
4 0.1 6 0.6666666666666666 0.0 0.4 4 0.75 0.0 0.5 4 0.75 0.0 0.6 3 0.6666666666666666 0.0 0.7 2 1.0 0.0 0.9 0 1 1
4 0.1 46 0.08695652173913043 0.0 0.4 8 0.125 0.0 0.5 2 0.5 0.0 0.6 0 1 1 0.7 0 1 1 0.9 0 1 1
4 0.1 4 0.75 0.0 0.4 2 1.0 0.0 0.5 1 1.0 0.0 0.6 0 1 1 0.7 0 1 1 0.9 0 1 1
4 0.1 18 0.16666666666666666 0.05555555555555555 0.4 2 0.5 0.5 0.5 2 0.5 0.5 0.6 1 0.0 0.0 0.7 0 1 1 0.9 0 1 1
4 0.1 9 0.4444444444444444 0.0 0.4 3 0.6666666666666666 0.0 0.5 3 0.6666666666666666 0.0 0.6 2 0.5 0.0 0.7 1 1.0 0.0 0.9 0 1 1
4 0.1 4 0.75 0.0 0.4 3 0.6666666666666666 0.0 0.5 2 1.0 0.0 0.6 2 1.0 0.0 0.7 1 1.0 0.0 0.9 0 1 1
4 0.1 4 0.75 0.0 0.4 4 0.75 0.0 0.5 4 0.75 0.0 0.6 2 1.0 0.0 0.7 1 1.0 0.0 0.9 0 1 1
4 0.1 5 0.2 0.0 0.4 3 0.3333333333333333 0.0 0.5 2 0.5 0.0 0.6 1 1.0 0.0 0.7 0 1 1 0.9 0 1 1
4 0.1 30 0.1 0.0 0.4 3 0.3333333333333333 0.0 0.5 1 1.0 0.0 0.6 1 1.0 0.0 0.7 0 1 1 0.9 0 1 1
4 0.1 4 0.75 0.0 0.4 3 0.6666666666666666 0.0 0.5 1 1.0 0.0 0.6 0 1 1 0.7 0 1 1 0.9 0 1 1
4 0.1 4 0.75 0.0 0.4 4 0.75 0.0 0.5 4 0.75 0.0 0.6 2 1.0 0.0 0.7 1 1.0 0.0 0.9 0 1 1
4 0.1 4 0.25 0.0 0.4 3 0.3333333333333333 0.0 0.5 3 0.3333333333333333 0.0 0.6 2 0.5 0.0 0.7 1 1.0 0.0 0.9 0 1 1
4 0.1 4 0.75 0.0 0.4 4 0.75 0.0 0.5 3 0.6666666666666666 0.0 0.6 2 0.5 0.0 0.7 1 1.0 0.0 0.9 0 1 1
4 0.1 4 0.75 0.0 0.4 3 1.0 0.0 0.5 1 1.0 0.0 0.6 1 1.0 0.0 0.7 1 1.0 0.0 0.9 0 1 1
4 0.1 6 0.5 0.0 0.4 4 0.75 0.0 0.5 4 0.75 0.0 0.6 4 0.75 0.0 0.7 4 0.75 0.0 0.9 0 1 1
4 0.1 4 0.75 0.0 0.4 4 0.75 0.0 0.5 3 0.6666666666666666 0.0 0.6 2 1.0 0.0 0.7 2 1.0 0.0 0.9 0 1 1
4 0.1 5 0.6 0.0 0.4 4 0.75 0.0 0.5 4 0.75 0.0 0.6 4 0.75 0.0 0.7 3 1.0 0.0 0.9 0 1 1
4 0.1 6 0.6666666666666666 0.0 0.4 4 0.75 0.0 0.5 4 0.75 0.0 0.6 3 1.0 0.0 0.7 2 1.0 0.0 0.9 0 1 1
4 0.1 5 0.4 0.0 0.4 4 0.5 0.0 0.5 4 0.5 0.0 0.6 4 0.5 0.0 0.7 4 0.5 0.0 0.9 0 1 1
4 0.1 7 0.42857142857142855 0.0 0.4 4 0.75 0.0 0.5 4 0.75 0.0 0.6 4 0.75 0.0 0.7 0 1 1 0.9 0 1 1
4 0.1 6 0.6666666666666666 0.0 0.4 4 0.75 0.0 0.5 4 0.75 0.0 0.6 4 0.75 0.0 0.7 1 1.0 0.0 0.9 0 1 1
4 0.1 6 0.6666666666666666 0.0 0.4 4 0.75 0.0 0.5 4 0.75 0.0 0.6 3 0.6666666666666666 0.0 0.7 1 1.0 0.0 0.9 0 1 1
4 0.1 5 0.6 0.0 0.4 3 0.6666666666666666 0.0 0.5 3 0.6666666666666666 0.0 0.6 3 0.6666666666666666 0.0 0.7 2 0.5 0.0 0.9 0 1 1
4 0.1 13 0.23076923076923078 0.0 0.4 5 0.6 0.0 0.5 3 0.6666666666666666 0.0 0.6 1 1.0 0.0 0.7 0 1 1 0.9 0 1 1
4 0.1 6 0.5 0.0 0.4 3 0.6666666666666666 0.0 0.5 3 0.6666666666666666 0.0 0.6 3 0.6666666666666666 0.0 0.7 2 1.0 0.0 0.9 0 1 1
4 0.1 14 0.21428571428571427 0.0 0.4 5 0.6 0.0 0.5 4 0.5 0.0 0.6 2 1.0 0.0 0.7 1 1.0 0.0 0.9 0 1 1
4 0.1 6 0.5 0.16666666666666666 0.4 5 0.6 0.2 0.5 5 0.6 0.2 0.6 3 0.6666666666666666 0.3333333333333333 0.7 3 0.6666666666666666 0.3333333333333333 0.9 0 1 1
4 0.1 7 0.5714285714285714 0.2857142857142857 0.4 3 0.6666666666666666 0.3333333333333333 0.5 3 0.6666666666666666 0.3333333333333333 0.6 3 0.6666666666666666 0.3333333333333333 0.7 3 0.6666666666666666 0.3333333333333333 0.9 0 1 1
4 0.1 5 0.6 0.0 0.4 4 0.5 0.0 0.5 3 0.6666666666666666 0.0 0.6 3 0.6666666666666666 0.0 0.7 3 0.6666666666666666 0.0 0.9 0 1 1
4 0.1 5 0.4 0.0 0.4 3 0.6666666666666666 0.0 0.5 2 1.0 0.0 0.6 2 1.0 0.0 0.7 2 1.0 0.0 0.9 0 1 1
4 0.1 6 0.6666666666666666 0.0 0.4 4 0.5 0.0 0.5 3 0.6666666666666666 0.0 0.6 3 0.6666666666666666 0.0 0.7 2 1.0 0.0 0.9 0 1 1
4 0.1 7 0.42857142857142855 0.0 0.4 5 0.6 0.0 0.5 4 0.5 0.0 0.6 3 0.6666666666666666 0.0 0.7 3 0.6666666666666666 0.0 0.9 0 1 1
4 0.1 5 0.6 0.0 0.4 3 0.6666666666666666 0.0 0.5 3 0.6666666666666666 0.0 0.6 3 0.6666666666666666 0.0 0.7 3 0.6666666666666666 0.0 0.9 0 1 1
4 0.1 7 0.5714285714285714 0.0 0.4 4 0.75 0.0 0.5 3 0.6666666666666666 0.0 0.6 3 0.6666666666666666 0.0 0.7 2 1.0 0.0 0.9 0 1 1
4 0.1 6 0.5 0.0 0.4 3 0.6666666666666666 0.0 0.5 2 1.0 0.0 0.6 2 1.0 0.0 0.7 1 1.0 0.0 0.9 0 1 1
4 0.1 7 0.5714285714285714 0.0 0.4 3 1.0 0.0 0.5 3 1.0 0.0 0.6 2 1.0 0.0 0.7 2 1.0 0.0 0.9 0 1 1
4 0.1 5 0.8 0.2 0.4 4 0.75 0.25 0.5 3 0.6666666666666666 0.3333333333333333 0.6 3 0.6666666666666666 0.3333333333333333 0.7 3 0.6666666666666666 0.3333333333333333 0.9 0 1 1
4 0.1 5 0.6 0.0 0.4 3 0.6666666666666666 0.0 0.5 3 0.6666666666666666 0.0 0.6 2 1.0 0.0 0.7 2 1.0 0.0 0.9 0 1 1
4 0.1 5 0.6 0.2 0.4 3 0.6666666666666666 0.3333333333333333 0.5 3 0.6666666666666666 0.3333333333333333 0.6 3 0.6666666666666666 0.3333333333333333 0.7 2 1.0 0.5 0.9 0 1 1
4 0.1 5 0.6 0.0 0.4 3 1.0 0.0 0.5 3 1.0 0.0 0.6 3 1.0 0.0 0.7 2 1.0 0.0 0.9 0 1 1
4 0.1 5 0.6 0.0 0.4 4 0.75 0.0 0.5 3 0.6666666666666666 0.0 0.6 3 0.6666666666666666 0.0 0.7 3 0.6666666666666666 0.0 0.9 0 1 1
4 0.1 5 0.6 0.0 0.4 3 0.6666666666666666 0.0 0.5 3 0.6666666666666666 0.0 0.6 3 0.6666666666666666 0.0 0.7 3 0.6666666666666666 0.0 0.9 0 1 1
4 0.1 5 0.6 0.0 0.4 4 0.75 0.0 0.5 3 1.0 0.0 0.6 2 1.0 0.0 0.7 2 1.0 0.0 0.9 0 1 1
4 0.1 5 0.6 0.2 0.4 5 0.6 0.2 0.5 4 0.75 0.25 0.6 3 0.6666666666666666 0.3333333333333333 0.7 2 1.0 0.5 0.9 0 1 1
4 0.1 7 0.5714285714285714 0.0 0.4 4 0.75 0.0 0.5 3 1.0 0.0 0.6 3 1.0 0.0 0.7 2 1.0 0.0 0.9 0 1 1
4 0.1 5 0.8 0.0 0.4 5 0.8 0.0 0.5 3 0.6666666666666666 0.0 0.6 3 0.6666666666666666 0.0 0.7 3 0.6666666666666666 0.0 0.9 0 1 1
4 0.1 4 0.5 0.0 0.4 4 0.5 0.0 0.5 4 0.5 0.0 0.6 4 0.5 0.0 0.7 2 1.0 0.0 0.9 0 1 1
4 0.1 5 0.6 0.0 0.4 4 0.5 0.0 0.5 4 0.5 0.0 0.6 4 0.5 0.0 0.7 4 0.5 0.0 0.9 0 1 1
4 0.1 5 0.6 0.2 0.4 4 0.5 0.25 0.5 4 0.5 0.25 0.6 4 0.5 0.25 0.7 3 0.6666666666666666 0.3333333333333333 0.9 0 1 1
4 0.1 6 0.5 0.0 0.4 4 0.5 0.0 0.5 4 0.5 0.0 0.6 2 0.5 0.0 0.7 1 1.0 0.0 0.9 0 1 1
4 0.1 5 0.6 0.0 0.4 3 0.6666666666666666 0.0 0.5 3 0.6666666666666666 0.0 0.6 3 0.6666666666666666 0.0 0.7 2 1.0 0.0 0.9 0 1 1
4 0.1 6 0.5 0.0 0.4 3 0.6666666666666666 0.0 0.5 3 0.6666666666666666 0.0 0.6 2 1.0 0.0 0.7 1 1.0 0.0 0.9 0 1 1
4 0.1 18 0.16666666666666666 0.0 0.4 7 0.2857142857142857 0.0 0.5 4 0.5 0.0 0.6 1 1.0 0.0 0.7 1 1.0 0.0 0.9 0 1 1
4 0.1 6 0.6666666666666666 0.0 0.4 4 0.5 0.0 0.5 4 0.5 0.0 0.6 3 0.6666666666666666 0.0 0.7 3 0.6666666666666666 0.0 0.9 0 1 1
4 0.1 6 0.6666666666666666 0.0 0.4 4 0.5 0.0 0.5 4 0.5 0.0 0.6 3 0.6666666666666666 0.0 0.7 3 0.6666666666666666 0.0 0.9 0 1 1
4 0.1 4 0.75 0.0 0.4 3 0.6666666666666666 0.0 0.5 3 0.6666666666666666 0.0 0.6 3 0.6666666666666666 0.0 0.7 2 0.5 0.0 0.9 0 1 1
4 0.1 5 0.8 0.0 0.4 4 0.75 0.0 0.5 4 0.75 0.0 0.6 4 0.75 0.0 0.7 3 0.6666666666666666 0.0 0.9 0 1 1
4 0.1 5 0.6 0.2 0.4 4 0.5 0.25 0.5 4 0.5 0.25 0.6 2 0.5 0.5 0.7 1 1.0 1.0 0.9 0 1 1
4 0.1 4 0.75 0.0 0.4 3 0.6666666666666666 0.0 0.5 3 0.6666666666666666 0.0 0.6 3 0.6666666666666666 0.0 0.7 3 0.6666666666666666 0.0 0.9 0 1 1
4 0.1 5 0.6 0.0 0.4 3 0.6666666666666666 0.0 0.5 3 0.6666666666666666 0.0 0.6 3 0.6666666666666666 0.0 0.7 3 0.6666666666666666 0.0 0.9 0 1 1
4 0.1 7 0.5714285714285714 0.0 0.4 4 0.75 0.0 0.5 4 0.75 0.0 0.6 4 0.75 0.0 0.7 4 0.75 0.0 0.9 0 1 1
4 0.1 6 0.6666666666666666 0.0 0.4 5 0.6 0.0 0.5 5 0.6 0.0 0.6 4 0.75 0.0 0.7 4 0.75 0.0 0.9 0 1 1
4 0.1 10 0.2 0.0 0.4 5 0.4 0.0 0.5 3 0.3333333333333333 0.0 0.6 3 0.3333333333333333 0.0 0.7 1 1.0 0.0 0.9 0 1 1
4 0.1 5 0.6 0.2 0.4 5 0.6 0.2 0.5 5 0.6 0.2 0.6 4 0.75 0.25 0.7 3 0.6666666666666666 0.3333333333333333 0.9 0 1 1
4 0.1 6 0.5 0.16666666666666666 0.4 4 0.5 0.25 0.5 3 0.6666666666666666 0.3333333333333333 0.6 3 0.6666666666666666 0.3333333333333333 0.7 3 0.6666666666666666 0.3333333333333333 0.9 1 1.0 1.0
4 0.1 4 0.5 0.0 0.4 4 0.5 0.0 0.5 4 0.5 0.0 0.6 3 0.6666666666666666 0.0 0.7 3 0.6666666666666666 0.0 0.9 0 1 1
4 0.1 4 0.75 0.0 0.4 3 0.6666666666666666 0.0 0.5 3 0.6666666666666666 0.0 0.6 3 0.6666666666666666 0.0 0.7 3 0.6666666666666666 0.0 0.9 0 1 1
4 0.1 6 0.5 0.0 0.4 4 0.75 0.0 0.5 4 0.75 0.0 0.6 4 0.75 0.0 0.7 3 0.6666666666666666 0.0 0.9 0 1 1
4 0.1 4 0.75 0.0 0.4 4 0.75 0.0 0.5 4 0.75 0.0 0.6 4 0.75 0.0 0.7 4 0.75 0.0 0.9 1 1.0 0.0
4 0.1 6 0.5 0.0 0.4 5 0.6 0.0 0.5 4 0.75 0.0 0.6 4 0.75 0.0 0.7 4 0.75 0.0 0.9 0 1 1
4 0.1 4 0.75 0.0 0.4 4 0.75 0.0 0.5 4 0.75 0.0 0.6 4 0.75 0.0 0.7 4 0.75 0.0 0.9 0 1 1
4 0.1 5 0.6 0.0 0.4 4 0.75 0.0 0.5 4 0.75 0.0 0.6 4 0.75 0.0 0.7 4 0.75 0.0 0.9 0 1 1
4 0.1 5 0.6 0.0 0.4 4 0.75 0.0 0.5 4 0.75 0.0 0.6 3 0.6666666666666666 0.0 0.7 2 1.0 0.0 0.9 0 1 1
4 0.1 4 0.75 0.0 0.4 3 1.0 0.0 0.5 2 1.0 0.0 0.6 1 1.0 0.0 0.7 0 1 1 0.9 0 1 1
4 0.1 6 0.6666666666666666 0.0 0.4 5 0.6 0.0 0.5 4 0.75 0.0 0.6 3 0.6666666666666666 0.0 0.7 3 0.6666666666666666 0.0 0.9 0 1 1
4 0.1 5 0.8 0.0 0.4 4 0.75 0.0 0.5 4 0.75 0.0 0.6 3 1.0 0.0 0.7 2 1.0 0.0 0.9 0 1 1
4 0.1 4 0.75 0.0 0.4 4 0.75 0.0 0.5 4 0.75 0.0 0.6 3 0.6666666666666666 0.0 0.7 3 0.6666666666666666 0.0 0.9 0 1 1
4 0.1 5 0.8 0.2 0.4 4 0.75 0.25 0.5 4 0.75 0.25 0.6 3 0.6666666666666666 0.3333333333333333 0.7 3 0.6666666666666666 0.3333333333333333 0.9 0 1 1
4 0.1 4 0.75 0.0 0.4 4 0.75 0.0 0.5 4 0.75 0.0 0.6 4 0.75 0.0 0.7 4 0.75 0.0 0.9 0 1 1
4 0.1 4 0.75 0.25 0.4 4 0.75 0.25 0.5 4 0.75 0.25 0.6 3 0.6666666666666666 0.3333333333333333 0.7 3 0.6666666666666666 0.3333333333333333 0.9 0 1 1
4 0.1 4 0.75 0.0 0.4 3 1.0 0.0 0.5 2 1.0 0.0 0.6 2 1.0 0.0 0.7 1 1.0 0.0 0.9 0 1 1
4 0.1 4 0.5 0.0 0.4 2 0.5 0.0 0.5 2 0.5 0.0 0.6 2 0.5 0.0 0.7 2 0.5 0.0 0.9 0 1 1
4 0.1 4 0.75 0.0 0.4 4 0.75 0.0 0.5 4 0.75 0.0 0.6 4 0.75 0.0 0.7 4 0.75 0.0 0.9 0 1 1
4 0.1 4 0.75 0.0 0.4 4 0.75 0.0 0.5 4 0.75 0.0 0.6 3 0.6666666666666666 0.0 0.7 3 0.6666666666666666 0.0 0.9 0 1 1
4 0.1 4 0.75 0.25 0.4 3 0.6666666666666666 0.3333333333333333 0.5 3 0.6666666666666666 0.3333333333333333 0.6 3 0.6666666666666666 0.3333333333333333 0.7 2 0.5 0.5 0.9 0 1 1
4 0.1 3 0.6666666666666666 0.3333333333333333 0.4 3 0.6666666666666666 0.3333333333333333 0.5 3 0.6666666666666666 0.3333333333333333 0.6 3 0.6666666666666666 0.3333333333333333 0.7 3 0.6666666666666666 0.3333333333333333 0.9 0 1 1
4 0.1 4 0.75 0.0 0.4 3 0.6666666666666666 0.0 0.5 2 0.5 0.0 0.6 2 0.5 0.0 0.7 2 0.5 0.0 0.9 0 1 1
4 0.1 4 0.75 0.0 0.4 4 0.75 0.0 0.5 4 0.75 0.0 0.6 3 0.6666666666666666 0.0 0.7 3 0.6666666666666666 0.0 0.9 0 1 1
4 0.1 4 0.75 0.0 0.4 4 0.75 0.0 0.5 3 0.6666666666666666 0.0 0.6 3 0.6666666666666666 0.0 0.7 3 0.6666666666666666 0.0 0.9 0 1 1
4 0.1 6 0.6666666666666666 0.0 0.4 5 0.6 0.0 0.5 5 0.6 0.0 0.6 4 0.75 0.0 0.7 3 0.6666666666666666 0.0 0.9 0 1 1
4 0.1 4 0.75 0.0 0.4 4 0.75 0.0 0.5 4 0.75 0.0 0.6 4 0.75 0.0 0.7 3 0.6666666666666666 0.0 0.9 1 1.0 0.0
4 0.1 5 0.6 0.2 0.4 4 0.75 0.25 0.5 4 0.75 0.25 0.6 3 0.6666666666666666 0.3333333333333333 0.7 3 0.6666666666666666 0.3333333333333333 0.9 0 1 1
4 0.1 7 0.5714285714285714 0.14285714285714285 0.4 4 0.75 0.25 0.5 4 0.75 0.25 0.6 4 0.75 0.25 0.7 3 0.6666666666666666 0.3333333333333333 0.9 0 1 1
4 0.1 7 0.42857142857142855 0.0 0.4 4 0.75 0.0 0.5 4 0.75 0.0 0.6 4 0.75 0.0 0.7 3 0.6666666666666666 0.0 0.9 0 1 1
4 0.1 5 0.6 0.0 0.4 4 0.75 0.0 0.5 4 0.75 0.0 0.6 4 0.75 0.0 0.7 2 1.0 0.0 0.9 0 1 1
4 0.1 4 0.75 0.0 0.4 4 0.75 0.0 0.5 3 0.6666666666666666 0.0 0.6 3 0.6666666666666666 0.0 0.7 3 0.6666666666666666 0.0 0.9 0 1 1
4 0.1 4 0.75 0.0 0.4 4 0.75 0.0 0.5 4 0.75 0.0 0.6 3 0.6666666666666666 0.0 0.7 3 0.6666666666666666 0.0 0.9 0 1 1
4 0.1 4 0.75 0.25 0.4 4 0.75 0.25 0.5 4 0.75 0.25 0.6 3 0.6666666666666666 0.3333333333333333 0.7 3 0.6666666666666666 0.3333333333333333 0.9 0 1 1
4 0.1 5 0.8 0.0 0.4 4 0.75 0.0 0.5 4 0.75 0.0 0.6 4 0.75 0.0 0.7 4 0.75 0.0 0.9 0 1 1
4 0.1 4 0.75 0.25 0.4 4 0.75 0.25 0.5 4 0.75 0.25 0.6 3 0.6666666666666666 0.3333333333333333 0.7 3 0.6666666666666666 0.3333333333333333 0.9 0 1 1
4 0.1 5 0.6 0.0 0.4 4 0.75 0.0 0.5 4 0.75 0.0 0.6 3 0.6666666666666666 0.0 0.7 3 0.6666666666666666 0.0 0.9 0 1 1
4 0.1 4 0.5 0.0 0.4 4 0.5 0.0 0.5 3 0.6666666666666666 0.0 0.6 3 0.6666666666666666 0.0 0.7 3 0.6666666666666666 0.0 0.9 0 1 1
4 0.1 4 0.75 0.0 0.4 3 0.6666666666666666 0.0 0.5 3 0.6666666666666666 0.0 0.6 3 0.6666666666666666 0.0 0.7 3 0.6666666666666666 0.0 0.9 0 1 1
4 0.1 4 0.75 0.0 0.4 4 0.75 0.0 0.5 3 0.6666666666666666 0.0 0.6 3 0.6666666666666666 0.0 0.7 3 0.6666666666666666 0.0 0.9 0 1 1
4 0.1 5 0.6 0.0 0.4 3 0.6666666666666666 0.0 0.5 3 0.6666666666666666 0.0 0.6 3 0.6666666666666666 0.0 0.7 3 0.6666666666666666 0.0 0.9 0 1 1
4 0.1 5 0.4 0.0 0.4 3 0.6666666666666666 0.0 0.5 3 0.6666666666666666 0.0 0.6 3 0.6666666666666666 0.0 0.7 3 0.6666666666666666 0.0 0.9 0 1 1
4 0.1 6 0.6666666666666666 0.0 0.4 4 0.75 0.0 0.5 4 0.75 0.0 0.6 3 0.6666666666666666 0.0 0.7 3 0.6666666666666666 0.0 0.9 0 1 1
4 0.1 8 0.5 0.0 0.4 5 0.6 0.0 0.5 4 0.5 0.0 0.6 3 0.6666666666666666 0.0 0.7 3 0.6666666666666666 0.0 0.9 0 1 1
4 0.1 5 0.8 0.0 0.4 5 0.8 0.0 0.5 4 0.75 0.0 0.6 4 0.75 0.0 0.7 4 0.75 0.0 0.9 0 1 1
4 0.1 6 0.6666666666666666 0.0 0.4 5 0.8 0.0 0.5 4 0.75 0.0 0.6 4 0.75 0.0 0.7 4 0.75 0.0 0.9 0 1 1
4 0.1 3 0.3333333333333333 0.3333333333333333 0.4 2 0.5 0.5 0.5 2 0.5 0.5 0.6 2 0.5 0.5 0.7 2 0.5 0.5 0.9 0 1 1
4 0.1 5 0.6 0.0 0.4 5 0.6 0.0 0.5 5 0.6 0.0 0.6 5 0.6 0.0 0.7 3 0.6666666666666666 0.0 0.9 0 1 1
4 0.1 4 0.75 0.0 0.4 3 0.6666666666666666 0.0 0.5 2 0.5 0.0 0.6 2 0.5 0.0 0.7 2 0.5 0.0 0.9 0 1 1
4 0.1 5 0.6 0.2 0.4 3 0.6666666666666666 0.3333333333333333 0.5 2 0.5 0.5 0.6 2 0.5 0.5 0.7 2 0.5 0.5 0.9 0 1 1
4 0.1 4 0.75 0.0 0.4 4 0.75 0.0 0.5 3 0.6666666666666666 0.0 0.6 3 0.6666666666666666 0.0 0.7 2 0.5 0.0 0.9 0 1 1
4 0.1 4 0.75 0.0 0.4 4 0.75 0.0 0.5 4 0.75 0.0 0.6 4 0.75 0.0 0.7 3 0.6666666666666666 0.0 0.9 0 1 1
4 0.1 4 0.75 0.25 0.4 4 0.75 0.25 0.5 4 0.75 0.25 0.6 4 0.75 0.25 0.7 4 0.75 0.25 0.9 0 1 1
4 0.1 4 0.75 0.0 0.4 4 0.75 0.0 0.5 4 0.75 0.0 0.6 4 0.75 0.0 0.7 4 0.75 0.0 0.9 0 1 1
4 0.1 4 0.75 0.0 0.4 4 0.75 0.0 0.5 4 0.75 0.0 0.6 4 0.75 0.0 0.7 3 0.6666666666666666 0.0 0.9 0 1 1
4 0.1 4 0.75 0.25 0.4 4 0.75 0.25 0.5 4 0.75 0.25 0.6 4 0.75 0.25 0.7 3 0.6666666666666666 0.3333333333333333 0.9 0 1 1
4 0.1 4 0.75 0.25 0.4 4 0.75 0.25 0.5 4 0.75 0.25 0.6 4 0.75 0.25 0.7 4 0.75 0.25 0.9 0 1 1
4 0.1 4 0.75 0.25 0.4 4 0.75 0.25 0.5 4 0.75 0.25 0.6 4 0.75 0.25 0.7 4 0.75 0.25 0.9 0 1 1
4 0.1 4 0.75 0.0 0.4 4 0.75 0.0 0.5 4 0.75 0.0 0.6 4 0.75 0.0 0.7 4 0.75 0.0 0.9 0 1 1
4 0.1 3 0.6666666666666666 0.0 0.4 3 0.6666666666666666 0.0 0.5 3 0.6666666666666666 0.0 0.6 3 0.6666666666666666 0.0 0.7 3 0.6666666666666666 0.0 0.9 0 1 1
4 0.1 4 0.75 0.0 0.4 3 0.6666666666666666 0.0 0.5 3 0.6666666666666666 0.0 0.6 3 0.6666666666666666 0.0 0.7 3 0.6666666666666666 0.0 0.9 0 1 1
4 0.1 4 0.75 0.0 0.4 3 0.6666666666666666 0.0 0.5 3 0.6666666666666666 0.0 0.6 3 0.6666666666666666 0.0 0.7 3 0.6666666666666666 0.0 0.9 0 1 1
4 0.1 5 0.4 0.0 0.4 3 0.6666666666666666 0.0 0.5 3 0.6666666666666666 0.0 0.6 3 0.6666666666666666 0.0 0.7 2 0.5 0.0 0.9 0 1 1
4 0.1 4 0.75 0.0 0.4 3 0.6666666666666666 0.0 0.5 3 0.6666666666666666 0.0 0.6 3 0.6666666666666666 0.0 0.7 3 0.6666666666666666 0.0 0.9 0 1 1
4 0.1 6 0.5 0.0 0.4 3 0.6666666666666666 0.0 0.5 3 0.6666666666666666 0.0 0.6 3 0.6666666666666666 0.0 0.7 3 0.6666666666666666 0.0 0.9 0 1 1
4 0.1 4 0.75 0.0 0.4 4 0.75 0.0 0.5 4 0.75 0.0 0.6 4 0.75 0.0 0.7 4 0.75 0.0 0.9 0 1 1
4 0.1 5 0.6 0.2 0.4 4 0.75 0.25 0.5 4 0.75 0.25 0.6 4 0.75 0.25 0.7 3 0.6666666666666666 0.3333333333333333 0.9 0 1 1
4 0.1 6 0.6666666666666666 0.0 0.4 5 0.6 0.0 0.5 4 0.75 0.0 0.6 4 0.75 0.0 0.7 4 0.75 0.0 0.9 0 1 1
4 0.1 5 0.6 0.0 0.4 3 0.6666666666666666 0.0 0.5 3 0.6666666666666666 0.0 0.6 3 0.6666666666666666 0.0 0.7 3 0.6666666666666666 0.0 0.9 0 1 1
4 0.1 5 0.6 0.0 0.4 4 0.75 0.0 0.5 4 0.75 0.0 0.6 4 0.75 0.0 0.7 4 0.75 0.0 0.9 0 1 1
4 0.1 4 0.75 0.0 0.4 4 0.75 0.0 0.5 4 0.75 0.0 0.6 4 0.75 0.0 0.7 4 0.75 0.0 0.9 0 1 1
4 0.1 4 0.75 0.0 0.4 3 0.6666666666666666 0.0 0.5 3 0.6666666666666666 0.0 0.6 3 0.6666666666666666 0.0 0.7 3 0.6666666666666666 0.0 0.9 0 1 1
4 0.1 4 0.75 0.25 0.4 4 0.75 0.25 0.5 4 0.75 0.25 0.6 3 0.6666666666666666 0.3333333333333333 0.7 2 0.5 0.5 0.9 0 1 1
4 0.1 4 0.75 0.0 0.4 4 0.75 0.0 0.5 4 0.75 0.0 0.6 4 0.75 0.0 0.7 4 0.75 0.0 0.9 0 1 1
4 0.1 4 0.75 0.0 0.4 4 0.75 0.0 0.5 4 0.75 0.0 0.6 4 0.75 0.0 0.7 3 0.6666666666666666 0.0 0.9 0 1 1
4 0.1 4 0.75 0.0 0.4 4 0.75 0.0 0.5 4 0.75 0.0 0.6 4 0.75 0.0 0.7 4 0.75 0.0 0.9 1 1.0 0.0
4 0.1 4 0.75 0.0 0.4 3 0.6666666666666666 0.0 0.5 3 0.6666666666666666 0.0 0.6 3 0.6666666666666666 0.0 0.7 3 0.6666666666666666 0.0 0.9 0 1 1
4 0.1 4 0.75 0.0 0.4 4 0.75 0.0 0.5 4 0.75 0.0 0.6 4 0.75 0.0 0.7 3 0.6666666666666666 0.0 0.9 0 1 1
4 0.1 4 0.75 0.25 0.4 4 0.75 0.25 0.5 4 0.75 0.25 0.6 3 0.6666666666666666 0.3333333333333333 0.7 3 0.6666666666666666 0.3333333333333333 0.9 0 1 1
4 0.1 4 0.75 0.0 0.4 4 0.75 0.0 0.5 4 0.75 0.0 0.6 4 0.75 0.0 0.7 4 0.75 0.0 0.9 0 1 1
4 0.1 2 0.5 0.0 0.4 2 0.5 0.0 0.5 2 0.5 0.0 0.6 2 0.5 0.0 0.7 2 0.5 0.0 0.9 0 1 1
4 0.1 4 0.75 0.0 0.4 4 0.75 0.0 0.5 4 0.75 0.0 0.6 4 0.75 0.0 0.7 4 0.75 0.0 0.9 0 1 1
4 0.1 5 0.6 0.2 0.4 4 0.75 0.25 0.5 4 0.75 0.25 0.6 4 0.75 0.25 0.7 3 0.6666666666666666 0.3333333333333333 0.9 0 1 1
4 0.1 5 0.6 0.0 0.4 4 0.75 0.0 0.5 4 0.75 0.0 0.6 4 0.75 0.0 0.7 4 0.75 0.0 0.9 0 1 1
4 0.1 5 0.6 0.0 0.4 4 0.75 0.0 0.5 4 0.75 0.0 0.6 4 0.75 0.0 0.7 4 0.75 0.0 0.9 0 1 1
4 0.1 4 0.75 0.25 0.4 3 0.6666666666666666 0.3333333333333333 0.5 3 0.6666666666666666 0.3333333333333333 0.6 3 0.6666666666666666 0.3333333333333333 0.7 3 0.6666666666666666 0.3333333333333333 0.9 0 1 1
4 0.1 4 0.75 0.0 0.4 4 0.75 0.0 0.5 3 0.6666666666666666 0.0 0.6 3 0.6666666666666666 0.0 0.7 3 0.6666666666666666 0.0 0.9 0 1 1
4 0.1 5 0.6 0.0 0.4 4 0.75 0.0 0.5 4 0.75 0.0 0.6 4 0.75 0.0 0.7 4 0.75 0.0 0.9 0 1 1
4 0.1 5 0.6 0.0 0.4 2 0.5 0.0 0.5 2 0.5 0.0 0.6 2 0.5 0.0 0.7 2 0.5 0.0 0.9 0 1 1
4 0.1 4 0.75 0.0 0.4 3 0.6666666666666666 0.0 0.5 3 0.6666666666666666 0.0 0.6 3 0.6666666666666666 0.0 0.7 2 0.5 0.0 0.9 0 1 1
4 0.1 4 0.75 0.0 0.4 4 0.75 0.0 0.5 4 0.75 0.0 0.6 4 0.75 0.0 0.7 4 0.75 0.0 0.9 0 1 1
4 0.1 6 0.5 0.0 0.4 4 0.75 0.0 0.5 4 0.75 0.0 0.6 4 0.75 0.0 0.7 4 0.75 0.0 0.9 0 1 1
4 0.1 5 0.6 0.0 0.4 3 0.6666666666666666 0.0 0.5 3 0.6666666666666666 0.0 0.6 3 0.6666666666666666 0.0 0.7 2 0.5 0.0 0.9 0 1 1
4 0.1 5 0.6 0.2 0.4 4 0.75 0.25 0.5 4 0.75 0.25 0.6 4 0.75 0.25 0.7 3 0.6666666666666666 0.3333333333333333 0.9 0 1 1
4 0.1 4 0.75 0.0 0.4 4 0.75 0.0 0.5 4 0.75 0.0 0.6 4 0.75 0.0 0.7 4 0.75 0.0 0.9 0 1 1
4 0.1 4 0.75 0.0 0.4 4 0.75 0.0 0.5 4 0.75 0.0 0.6 4 0.75 0.0 0.7 4 0.75 0.0 0.9 0 1 1
4 0.1 4 0.75 0.0 0.4 4 0.75 0.0 0.5 4 0.75 0.0 0.6 4 0.75 0.0 0.7 3 0.6666666666666666 0.0 0.9 0 1 1
4 0.1 5 0.6 0.2 0.4 4 0.75 0.25 0.5 4 0.75 0.25 0.6 4 0.75 0.25 0.7 4 0.75 0.25 0.9 0 1 1
4 0.1 4 0.75 0.0 0.4 4 0.75 0.0 0.5 4 0.75 0.0 0.6 4 0.75 0.0 0.7 4 0.75 0.0 0.9 0 1 1
4 0.1 5 0.8 0.0 0.4 4 0.75 0.0 0.5 4 0.75 0.0 0.6 4 0.75 0.0 0.7 4 0.75 0.0 0.9 0 1 1
4 0.1 4 0.75 0.0 0.4 4 0.75 0.0 0.5 4 0.75 0.0 0.6 4 0.75 0.0 0.7 3 0.6666666666666666 0.0 0.9 1 1.0 0.0
4 0.1 4 0.75 0.0 0.4 4 0.75 0.0 0.5 4 0.75 0.0 0.6 4 0.75 0.0 0.7 4 0.75 0.0 0.9 1 1.0 0.0
4 0.1 5 0.6 0.0 0.4 3 0.6666666666666666 0.0 0.5 2 0.5 0.0 0.6 2 0.5 0.0 0.7 2 0.5 0.0 0.9 0 1 1
4 0.1 4 0.75 0.0 0.4 4 0.75 0.0 0.5 4 0.75 0.0 0.6 4 0.75 0.0 0.7 4 0.75 0.0 0.9 0 1 1
4 0.1 5 0.6 0.0 0.4 3 0.6666666666666666 0.0 0.5 3 0.6666666666666666 0.0 0.6 3 0.6666666666666666 0.0 0.7 3 0.6666666666666666 0.0 0.9 0 1 1
4 0.1 4 0.75 0.0 0.4 3 0.6666666666666666 0.0 0.5 3 0.6666666666666666 0.0 0.6 3 0.6666666666666666 0.0 0.7 3 0.6666666666666666 0.0 0.9 0 1 1
4 0.1 4 0.75 0.0 0.4 4 0.75 0.0 0.5 4 0.75 0.0 0.6 3 0.6666666666666666 0.0 0.7 3 0.6666666666666666 0.0 0.9 0 1 1
4 0.1 4 0.75 0.0 0.4 4 0.75 0.0 0.5 4 0.75 0.0 0.6 4 0.75 0.0 0.7 4 0.75 0.0 0.9 0 1 1
4 0.1 4 0.75 0.0 0.4 4 0.75 0.0 0.5 4 0.75 0.0 0.6 4 0.75 0.0 0.7 4 0.75 0.0 0.9 0 1 1
4 0.1 5 0.6 0.0 0.4 5 0.6 0.0 0.5 4 0.75 0.0 0.6 4 0.75 0.0 0.7 4 0.75 0.0 0.9 0 1 1
4 0.1 4 0.75 0.0 0.4 4 0.75 0.0 0.5 4 0.75 0.0 0.6 4 0.75 0.0 0.7 4 0.75 0.0 0.9 0 1 1
4 0.1 4 0.75 0.25 0.4 4 0.75 0.25 0.5 4 0.75 0.25 0.6 4 0.75 0.25 0.7 4 0.75 0.25 0.9 0 1 1
4 0.1 5 0.6 0.0 0.4 4 0.75 0.0 0.5 4 0.75 0.0 0.6 4 0.75 0.0 0.7 4 0.75 0.0 0.9 0 1 1
4 0.1 5 0.6 0.0 0.4 5 0.6 0.0 0.5 5 0.6 0.0 0.6 5 0.6 0.0 0.7 5 0.6 0.0 0.9 0 1 1
4 0.1 6 0.5 0.16666666666666666 0.4 4 0.75 0.25 0.5 4 0.75 0.25 0.6 4 0.75 0.25 0.7 4 0.75 0.25 0.9 0 1 1
4 0.1 5 0.6 0.0 0.4 4 0.75 0.0 0.5 4 0.75 0.0 0.6 4 0.75 0.0 0.7 4 0.75 0.0 0.9 0 1 1
4 0.1 4 0.75 0.25 0.4 4 0.75 0.25 0.5 4 0.75 0.25 0.6 4 0.75 0.25 0.7 4 0.75 0.25 0.9 0 1 1
4 0.1 4 0.75 0.25 0.4 4 0.75 0.25 0.5 4 0.75 0.25 0.6 4 0.75 0.25 0.7 4 0.75 0.25 0.9 0 1 1
4 0.1 4 0.75 0.25 0.4 4 0.75 0.25 0.5 4 0.75 0.25 0.6 4 0.75 0.25 0.7 4 0.75 0.25 0.9 0 1 1
4 0.1 4 0.75 0.25 0.4 4 0.75 0.25 0.5 4 0.75 0.25 0.6 4 0.75 0.25 0.7 4 0.75 0.25 0.9 0 1 1
4 0.1 4 0.75 0.0 0.4 4 0.75 0.0 0.5 4 0.75 0.0 0.6 4 0.75 0.0 0.7 4 0.75 0.0 0.9 0 1 1
4 0.1 4 0.75 0.0 0.4 4 0.75 0.0 0.5 4 0.75 0.0 0.6 4 0.75 0.0 0.7 4 0.75 0.0 0.9 0 1 1
4 0.1 4 0.75 0.0 0.4 4 0.75 0.0 0.5 4 0.75 0.0 0.6 4 0.75 0.0 0.7 4 0.75 0.0 0.9 0 1 1
4 0.1 5 0.6 0.2 0.4 4 0.75 0.25 0.5 4 0.75 0.25 0.6 4 0.75 0.25 0.7 4 0.75 0.25 0.9 0 1 1
4 0.1 4 0.75 0.25 0.4 4 0.75 0.25 0.5 4 0.75 0.25 0.6 4 0.75 0.25 0.7 4 0.75 0.25 0.9 0 1 1
4 0.1 4 0.75 0.0 0.4 4 0.75 0.0 0.5 4 0.75 0.0 0.6 4 0.75 0.0 0.7 4 0.75 0.0 0.9 0 1 1
4 0.1 4 0.75 0.0 0.4 4 0.75 0.0 0.5 4 0.75 0.0 0.6 4 0.75 0.0 0.7 4 0.75 0.0 0.9 0 1 1
4 0.1 4 0.75 0.0 0.4 4 0.75 0.0 0.5 4 0.75 0.0 0.6 4 0.75 0.0 0.7 4 0.75 0.0 0.9 0 1 1
4 0.1 4 0.75 0.0 0.4 4 0.75 0.0 0.5 4 0.75 0.0 0.6 4 0.75 0.0 0.7 4 0.75 0.0 0.9 0 1 1
4 0.1 4 0.75 0.0 0.4 4 0.75 0.0 0.5 4 0.75 0.0 0.6 4 0.75 0.0 0.7 4 0.75 0.0 0.9 0 1 1
4 0.1 4 0.75 0.0 0.4 4 0.75 0.0 0.5 4 0.75 0.0 0.6 4 0.75 0.0 0.7 4 0.75 0.0 0.9 0 1 1
4 0.1 4 0.75 0.0 0.4 4 0.75 0.0 0.5 4 0.75 0.0 0.6 4 0.75 0.0 0.7 4 0.75 0.0 0.9 0 1 1
4 0.1 4 0.75 0.0 0.4 4 0.75 0.0 0.5 4 0.75 0.0 0.6 4 0.75 0.0 0.7 4 0.75 0.0 0.9 0 1 1
4 0.1 4 0.75 0.0 0.4 4 0.75 0.0 0.5 4 0.75 0.0 0.6 4 0.75 0.0 0.7 4 0.75 0.0 0.9 0 1 1
4 0.1 5 0.6 0.2 0.4 4 0.75 0.25 0.5 4 0.75 0.25 0.6 4 0.75 0.25 0.7 4 0.75 0.25 0.9 0 1 1
4 0.1 6 0.6666666666666666 0.0 0.4 4 0.75 0.0 0.5 4 0.75 0.0 0.6 4 0.75 0.0 0.7 4 0.75 0.0 0.9 0 1 1
4 0.1 4 0.75 0.0 0.4 4 0.75 0.0 0.5 4 0.75 0.0 0.6 4 0.75 0.0 0.7 4 0.75 0.0 0.9 0 1 1
4 0.1 4 0.75 0.0 0.4 4 0.75 0.0 0.5 4 0.75 0.0 0.6 4 0.75 0.0 0.7 4 0.75 0.0 0.9 0 1 1
4 0.1 4 0.75 0.0 0.4 4 0.75 0.0 0.5 4 0.75 0.0 0.6 4 0.75 0.0 0.7 4 0.75 0.0 0.9 0 1 1
4 0.1 4 0.75 0.0 0.4 4 0.75 0.0 0.5 4 0.75 0.0 0.6 4 0.75 0.0 0.7 4 0.75 0.0 0.9 0 1 1
4 0.1 4 0.75 0.0 0.4 4 0.75 0.0 0.5 4 0.75 0.0 0.6 4 0.75 0.0 0.7 4 0.75 0.0 0.9 0 1 1
4 0.1 6 0.5 0.0 0.4 4 0.75 0.0 0.5 4 0.75 0.0 0.6 4 0.75 0.0 0.7 4 0.75 0.0 0.9 0 1 1
4 0.1 6 0.5 0.0 0.4 4 0.75 0.0 0.5 4 0.75 0.0 0.6 4 0.75 0.0 0.7 4 0.75 0.0 0.9 0 1 1
4 0.1 5 0.6 0.2 0.4 4 0.75 0.25 0.5 4 0.75 0.25 0.6 4 0.75 0.25 0.7 4 0.75 0.25 0.9 0 1 1
