4 0.1 0 1 1 0.4 0 1 1 0.5 0 1 1 0.6 0 1 1 0.7 0 1 1 0.9 0 1 1
4 0.1 0 1 1 0.4 0 1 1 0.5 0 1 1 0.6 0 1 1 0.7 0 1 1 0.9 0 1 1
4 0.1 0 1 1 0.4 0 1 1 0.5 0 1 1 0.6 0 1 1 0.7 0 1 1 0.9 0 1 1
4 0.1 4 0.25 0.0 0.4 0 1 1 0.5 0 1 1 0.6 0 1 1 0.7 0 1 1 0.9 0 1 1
4 0.1 11 0.18181818181818182 0.0 0.4 0 1 1 0.5 0 1 1 0.6 0 1 1 0.7 0 1 1 0.9 0 1 1
4 0.1 50 0.06 0.0 0.4 0 1 1 0.5 0 1 1 0.6 0 1 1 0.7 0 1 1 0.9 0 1 1
4 0.1 18 0.05555555555555555 0.0 0.4 0 1 1 0.5 0 1 1 0.6 0 1 1 0.7 0 1 1 0.9 0 1 1
4 0.1 170 0.023529411764705882 0.0 0.4 16 0.1875 0.0 0.5 7 0.14285714285714285 0.0 0.6 1 0.0 0.0 0.7 0 1 1 0.9 0 1 1
4 0.1 102 0.0392156862745098 0.0 0.4 10 0.3 0.0 0.5 5 0.4 0.0 0.6 0 1 1 0.7 0 1 1 0.9 0 1 1
4 0.1 78 0.05128205128205128 0.0 0.4 1 0.0 0.0 0.5 1 0.0 0.0 0.6 0 1 1 0.7 0 1 1 0.9 0 1 1
4 0.1 28 0.10714285714285714 0.0 0.4 0 1 1 0.5 0 1 1 0.6 0 1 1 0.7 0 1 1 0.9 0 1 1
4 0.1 48 0.08333333333333333 0.0 0.4 1 0.0 0.0 0.5 0 1 1 0.6 0 1 1 0.7 0 1 1 0.9 0 1 1
4 0.1 32 0.125 0.0 0.4 1 1.0 0.0 0.5 0 1 1 0.6 0 1 1 0.7 0 1 1 0.9 0 1 1
4 0.1 59 0.06779661016949153 0.0 0.4 11 0.09090909090909091 0.0 0.5 2 0.0 0.0 0.6 0 1 1 0.7 0 1 1 0.9 0 1 1
4 0.1 37 0.08108108108108109 0.0 0.4 0 1 1 0.5 0 1 1 0.6 0 1 1 0.7 0 1 1 0.9 0 1 1
4 0.1 30 0.13333333333333333 0.0 0.4 8 0.125 0.0 0.5 2 0.5 0.0 0.6 0 1 1 0.7 0 1 1 0.9 0 1 1
4 0.1 47 0.0851063829787234 0.0 0.4 8 0.125 0.0 0.5 3 0.0 0.0 0.6 0 1 1 0.7 0 1 1 0.9 0 1 1
4 0.1 28 0.10714285714285714 0.0 0.4 1 1.0 0.0 0.5 0 1 1 0.6 0 1 1 0.7 0 1 1 0.9 0 1 1
4 0.1 18 0.2222222222222222 0.0 0.4 6 0.5 0.0 0.5 3 0.6666666666666666 0.0 0.6 0 1 1 0.7 0 1 1 0.9 0 1 1
4 0.1 25 0.12 0.0 0.4 4 0.5 0.0 0.5 1 1.0 0.0 0.6 0 1 1 0.7 0 1 1 0.9 0 1 1
4 0.1 9 0.3333333333333333 0.0 0.4 3 0.6666666666666666 0.0 0.5 1 0.0 0.0 0.6 1 0.0 0.0 0.7 0 1 1 0.9 0 1 1
4 0.1 18 0.2222222222222222 0.0 0.4 5 0.6 0.0 0.5 3 0.6666666666666666 0.0 0.6 0 1 1 0.7 0 1 1 0.9 0 1 1
4 0.1 11 0.36363636363636365 0.0 0.4 5 0.6 0.0 0.5 4 0.75 0.0 0.6 2 1.0 0.0 0.7 0 1 1 0.9 0 1 1
4 0.1 18 0.2222222222222222 0.0 0.4 5 0.8 0.0 0.5 1 1.0 0.0 0.6 0 1 1 0.7 0 1 1 0.9 0 1 1
4 0.1 6 0.5 0.0 0.4 1 0.0 0.0 0.5 0 1 1 0.6 0 1 1 0.7 0 1 1 0.9 0 1 1
4 0.1 19 0.21052631578947367 0.0 0.4 2 1.0 0.0 0.5 2 1.0 0.0 0.6 2 1.0 0.0 0.7 0 1 1 0.9 0 1 1
4 0.1 18 0.16666666666666666 0.0 0.4 8 0.25 0.0 0.5 5 0.4 0.0 0.6 2 0.5 0.0 0.7 1 1.0 0.0 0.9 0 1 1
4 0.1 11 0.2727272727272727 0.0 0.4 2 1.0 0.0 0.5 2 1.0 0.0 0.6 1 1.0 0.0 0.7 0 1 1 0.9 0 1 1
4 0.1 13 0.23076923076923078 0.0 0.4 2 0.5 0.0 0.5 0 1 1 0.6 0 1 1 0.7 0 1 1 0.9 0 1 1
4 0.1 20 0.2 0.0 0.4 9 0.3333333333333333 0.0 0.5 6 0.5 0.0 0.6 6 0.5 0.0 0.7 4 0.5 0.0 0.9 0 1 1
4 0.1 10 0.4 0.0 0.4 6 0.5 0.0 0.5 4 0.5 0.0 0.6 3 0.3333333333333333 0.0 0.7 1 1.0 0.0 0.9 0 1 1
4 0.1 8 0.375 0.0 0.4 6 0.5 0.0 0.5 5 0.6 0.0 0.6 3 0.6666666666666666 0.0 0.7 0 1 1 0.9 0 1 1
4 0.1 9 0.3333333333333333 0.0 0.4 5 0.6 0.0 0.5 3 0.3333333333333333 0.0 0.6 3 0.3333333333333333 0.0 0.7 1 0.0 0.0 0.9 0 1 1
4 0.1 17 0.23529411764705882 0.0 0.4 9 0.3333333333333333 0.0 0.5 6 0.5 0.0 0.6 3 0.6666666666666666 0.0 0.7 2 0.5 0.0 0.9 0 1 1
4 0.1 8 0.25 0.0 0.4 2 0.5 0.0 0.5 2 0.5 0.0 0.6 0 1 1 0.7 0 1 1 0.9 0 1 1
4 0.1 14 0.14285714285714285 0.0 0.4 9 0.2222222222222222 0.0 0.5 7 0.2857142857142857 0.0 0.6 3 0.3333333333333333 0.0 0.7 2 0.5 0.0 0.9 0 1 1
4 0.1 7 0.2857142857142857 0.0 0.4 3 0.6666666666666666 0.0 0.5 2 1.0 0.0 0.6 2 1.0 0.0 0.7 0 1 1 0.9 0 1 1
4 0.1 3 0.3333333333333333 0.0 0.4 0 1 1 0.5 0 1 1 0.6 0 1 1 0.7 0 1 1 0.9 0 1 1
4 0.1 17 0.23529411764705882 0.0 0.4 4 0.25 0.0 0.5 3 0.3333333333333333 0.0 0.6 2 0.5 0.0 0.7 2 0.5 0.0 0.9 0 1 1
4 0.1 10 0.1 0.0 0.4 5 0.2 0.0 0.5 3 0.3333333333333333 0.0 0.6 1 1.0 0.0 0.7 0 1 1 0.9 0 1 1
4 0.1 6 0.3333333333333333 0.0 0.4 1 1.0 0.0 0.5 1 1.0 0.0 0.6 1 1.0 0.0 0.7 0 1 1 0.9 0 1 1
4 0.1 9 0.2222222222222222 0.0 0.4 1 0.0 0.0 0.5 0 1 1 0.6 0 1 1 0.7 0 1 1 0.9 0 1 1
4 0.1 2 0.0 0.0 0.4 0 1 1 0.5 0 1 1 0.6 0 1 1 0.7 0 1 1 0.9 0 1 1
4 0.1 1 1.0 0.0 0.4 1 1.0 0.0 0.5 1 1.0 0.0 0.6 1 1.0 0.0 0.7 0 1 1 0.9 0 1 1
4 0.1 0 1 1 0.4 0 1 1 0.5 0 1 1 0.6 0 1 1 0.7 0 1 1 0.9 0 1 1
4 0.1 1 0.0 0.0 0.4 0 1 1 0.5 0 1 1 0.6 0 1 1 0.7 0 1 1 0.9 0 1 1
4 0.1 0 1 1 0.4 0 1 1 0.5 0 1 1 0.6 0 1 1 0.7 0 1 1 0.9 0 1 1
4 0.1 0 1 1 0.4 0 1 1 0.5 0 1 1 0.6 0 1 1 0.7 0 1 1 0.9 0 1 1
4 0.1 0 1 1 0.4 0 1 1 0.5 0 1 1 0.6 0 1 1 0.7 0 1 1 0.9 0 1 1
4 0.1 0 1 1 0.4 0 1 1 0.5 0 1 1 0.6 0 1 1 0.7 0 1 1 0.9 0 1 1
4 0.1 0 1 1 0.4 0 1 1 0.5 0 1 1 0.6 0 1 1 0.7 0 1 1 0.9 0 1 1
4 0.1 3 0.3333333333333333 0.0 0.4 3 0.3333333333333333 0.0 0.5 2 0.5 0.0 0.6 1 0.0 0.0 0.7 1 0.0 0.0 0.9 0 1 1
4 0.1 4 0.5 0.0 0.4 0 1 1 0.5 0 1 1 0.6 0 1 1 0.7 0 1 1 0.9 0 1 1
4 0.1 7 0.42857142857142855 0.0 0.4 3 1.0 0.0 0.5 2 1.0 0.0 0.6 1 1.0 0.0 0.7 0 1 1 0.9 0 1 1
4 0.1 7 0.0 0.0 0.4 0 1 1 0.5 0 1 1 0.6 0 1 1 0.7 0 1 1 0.9 0 1 1
4 0.1 3 0.0 0.0 0.4 1 0.0 0.0 0.5 0 1 1 0.6 0 1 1 0.7 0 1 1 0.9 0 1 1
4 0.1 2 0.0 0.0 0.4 0 1 1 0.5 0 1 1 0.6 0 1 1 0.7 0 1 1 0.9 0 1 1
4 0.1 9 0.4444444444444444 0.0 0.4 4 0.5 0.0 0.5 3 0.3333333333333333 0.0 0.6 3 0.3333333333333333 0.0 0.7 2 0.5 0.0 0.9 0 1 1
4 0.1 6 0.5 0.0 0.4 4 0.5 0.0 0.5 3 0.3333333333333333 0.0 0.6 1 0.0 0.0 0.7 0 1 1 0.9 0 1 1
4 0.1 5 0.2 0.0 0.4 0 1 1 0.5 0 1 1 0.6 0 1 1 0.7 0 1 1 0.9 0 1 1
4 0.1 5 0.6 0.0 0.4 1 1.0 0.0 0.5 0 1 1 0.6 0 1 1 0.7 0 1 1 0.9 0 1 1
4 0.1 6 0.3333333333333333 0.0 0.4 1 1.0 0.0 0.5 1 1.0 0.0 0.6 0 1 1 0.7 0 1 1 0.9 0 1 1
4 0.1 8 0.375 0.0 0.4 3 0.3333333333333333 0.0 0.5 2 0.5 0.0 0.6 1 1.0 0.0 0.7 0 1 1 0.9 0 1 1
4 0.1 10 0.4 0.0 0.4 3 0.3333333333333333 0.0 0.5 3 0.3333333333333333 0.0 0.6 2 0.5 0.0 0.7 1 1.0 0.0 0.9 0 1 1
4 0.1 9 0.4444444444444444 0.0 0.4 4 0.25 0.0 0.5 3 0.3333333333333333 0.0 0.6 3 0.3333333333333333 0.0 0.7 1 1.0 0.0 0.9 0 1 1
4 0.1 11 0.36363636363636365 0.0 0.4 4 0.5 0.0 0.5 2 0.5 0.0 0.6 1 1.0 0.0 0.7 1 1.0 0.0 0.9 0 1 1
4 0.1 11 0.36363636363636365 0.0 0.4 5 0.6 0.0 0.5 3 0.6666666666666666 0.0 0.6 2 1.0 0.0 0.7 2 1.0 0.0 0.9 0 1 1
4 0.1 1 1.0 0.0 0.4 0 1 1 0.5 0 1 1 0.6 0 1 1 0.7 0 1 1 0.9 0 1 1
4 0.1 0 1 1 0.4 0 1 1 0.5 0 1 1 0.6 0 1 1 0.7 0 1 1 0.9 0 1 1
4 0.1 0 1 1 0.4 0 1 1 0.5 0 1 1 0.6 0 1 1 0.7 0 1 1 0.9 0 1 1
4 0.1 7 0.2857142857142857 0.0 0.4 4 0.25 0.0 0.5 2 0.5 0.0 0.6 1 0.0 0.0 0.7 0 1 1 0.9 0 1 1
4 0.1 11 0.2727272727272727 0.0 0.4 2 0.5 0.0 0.5 2 0.5 0.0 0.6 2 0.5 0.0 0.7 2 0.5 0.0 0.9 0 1 1
4 0.1 13 0.3076923076923077 0.0 0.4 3 0.6666666666666666 0.0 0.5 2 0.5 0.0 0.6 1 1.0 0.0 0.7 1 1.0 0.0 0.9 0 1 1
4 0.1 5 0.4 0.0 0.4 0 1 1 0.5 0 1 1 0.6 0 1 1 0.7 0 1 1 0.9 0 1 1
4 0.1 5 0.4 0.0 0.4 1 1.0 0.0 0.5 1 1.0 0.0 0.6 1 1.0 0.0 0.7 1 1.0 0.0 0.9 0 1 1
4 0.1 10 0.4 0.0 0.4 3 0.6666666666666666 0.0 0.5 3 0.6666666666666666 0.0 0.6 0 1 1 0.7 0 1 1 0.9 0 1 1
4 0.1 14 0.2857142857142857 0.0 0.4 4 0.75 0.0 0.5 3 0.6666666666666666 0.0 0.6 3 0.6666666666666666 0.0 0.7 0 1 1 0.9 0 1 1
4 0.1 9 0.4444444444444444 0.0 0.4 2 0.5 0.0 0.5 2 0.5 0.0 0.6 1 1.0 0.0 0.7 1 1.0 0.0 0.9 0 1 1
4 0.1 9 0.1111111111111111 0.0 0.4 1 1.0 0.0 0.5 1 1.0 0.0 0.6 1 1.0 0.0 0.7 0 1 1 0.9 0 1 1
4 0.1 16 0.1875 0.0 0.4 2 0.5 0.0 0.5 2 0.5 0.0 0.6 1 1.0 0.0 0.7 1 1.0 0.0 0.9 0 1 1
4 0.1 54 0.018518518518518517 0.0 0.4 4 0.25 0.0 0.5 2 0.5 0.0 0.6 1 1.0 0.0 0.7 1 1.0 0.0 0.9 0 1 1
4 0.1 6 0.5 0.0 0.4 2 0.5 0.0 0.5 1 1.0 0.0 0.6 1 1.0 0.0 0.7 1 1.0 0.0 0.9 0 1 1
4 0.1 4 0.5 0.0 0.4 2 1.0 0.0 0.5 2 1.0 0.0 0.6 0 1 1 0.7 0 1 1 0.9 0 1 1
4 0.1 8 0.5 0.0 0.4 1 1.0 0.0 0.5 1 1.0 0.0 0.6 1 1.0 0.0 0.7 1 1.0 0.0 0.9 0 1 1
4 0.1 6 0.6666666666666666 0.0 0.4 3 0.6666666666666666 0.0 0.5 3 0.6666666666666666 0.0 0.6 3 0.6666666666666666 0.0 0.7 1 1.0 0.0 0.9 0 1 1
4 0.1 5 0.6 0.0 0.4 3 0.6666666666666666 0.0 0.5 2 1.0 0.0 0.6 1 1.0 0.0 0.7 1 1.0 0.0 0.9 0 1 1
4 0.1 8 0.375 0.0 0.4 4 0.75 0.0 0.5 1 1.0 0.0 0.6 1 1.0 0.0 0.7 1 1.0 0.0 0.9 0 1 1
4 0.1 8 0.375 0.0 0.4 3 0.6666666666666666 0.0 0.5 3 0.6666666666666666 0.0 0.6 2 1.0 0.0 0.7 2 1.0 0.0 0.9 0 1 1
4 0.1 7 0.42857142857142855 0.0 0.4 4 0.75 0.0 0.5 3 0.6666666666666666 0.0 0.6 2 1.0 0.0 0.7 1 1.0 0.0 0.9 0 1 1
4 0.1 7 0.5714285714285714 0.0 0.4 3 0.6666666666666666 0.0 0.5 3 0.6666666666666666 0.0 0.6 3 0.6666666666666666 0.0 0.7 1 1.0 0.0 0.9 0 1 1
4 0.1 8 0.5 0.0 0.4 4 0.5 0.0 0.5 4 0.5 0.0 0.6 2 0.5 0.0 0.7 1 1.0 0.0 0.9 0 1 1
4 0.1 4 0.75 0.0 0.4 2 1.0 0.0 0.5 2 1.0 0.0 0.6 1 1.0 0.0 0.7 1 1.0 0.0 0.9 0 1 1
4 0.1 8 0.5 0.0 0.4 4 0.75 0.0 0.5 4 0.75 0.0 0.6 4 0.75 0.0 0.7 2 1.0 0.0 0.9 0 1 1
4 0.1 57 0.017543859649122806 0.0 0.4 7 0.14285714285714285 0.0 0.5 2 0.5 0.0 0.6 1 1.0 0.0 0.7 1 1.0 0.0 0.9 0 1 1
4 0.1 6 0.6666666666666666 0.0 0.4 4 0.75 0.0 0.5 2 1.0 0.0 0.6 1 1.0 0.0 0.7 1 1.0 0.0 0.9 0 1 1
4 0.1 11 0.36363636363636365 0.0 0.4 1 1.0 0.0 0.5 1 1.0 0.0 0.6 1 1.0 0.0 0.7 0 1 1 0.9 0 1 1
4 0.1 9 0.4444444444444444 0.0 0.4 5 0.6 0.0 0.5 4 0.75 0.0 0.6 2 1.0 0.0 0.7 1 1.0 0.0 0.9 0 1 1
4 0.1 9 0.4444444444444444 0.0 0.4 5 0.8 0.0 0.5 5 0.8 0.0 0.6 4 0.75 0.0 0.7 2 0.5 0.0 0.9 0 1 1
4 0.1 9 0.4444444444444444 0.0 0.4 5 0.8 0.0 0.5 4 0.75 0.0 0.6 2 1.0 0.0 0.7 2 1.0 0.0 0.9 0 1 1
4 0.1 9 0.4444444444444444 0.0 0.4 3 0.6666666666666666 0.0 0.5 3 0.6666666666666666 0.0 0.6 2 1.0 0.0 0.7 1 1.0 0.0 0.9 0 1 1
4 0.1 40 0.075 0.0 0.4 5 0.2 0.0 0.5 4 0.25 0.0 0.6 2 0.5 0.0 0.7 1 1.0 0.0 0.9 0 1 1
4 0.1 6 0.6666666666666666 0.0 0.4 4 0.5 0.0 0.5 3 0.6666666666666666 0.0 0.6 3 0.6666666666666666 0.0 0.7 2 0.5 0.0 0.9 0 1 1
4 0.1 8 0.5 0.0 0.4 4 0.5 0.0 0.5 4 0.5 0.0 0.6 3 0.6666666666666666 0.0 0.7 3 0.6666666666666666 0.0 0.9 0 1 1
4 0.1 9 0.2222222222222222 0.0 0.4 4 0.5 0.0 0.5 4 0.5 0.0 0.6 3 0.6666666666666666 0.0 0.7 2 1.0 0.0 0.9 0 1 1
4 0.1 9 0.4444444444444444 0.0 0.4 6 0.6666666666666666 0.0 0.5 6 0.6666666666666666 0.0 0.6 3 0.6666666666666666 0.0 0.7 2 1.0 0.0 0.9 0 1 1
4 0.1 10 0.4 0.0 0.4 3 0.6666666666666666 0.0 0.5 3 0.6666666666666666 0.0 0.6 3 0.6666666666666666 0.0 0.7 1 1.0 0.0 0.9 0 1 1
4 0.1 6 0.6666666666666666 0.16666666666666666 0.4 2 1.0 0.0 0.5 2 1.0 0.0 0.6 2 1.0 0.0 0.7 2 1.0 0.0 0.9 0 1 1
4 0.1 10 0.4 0.0 0.4 5 0.8 0.0 0.5 5 0.8 0.0 0.6 3 0.6666666666666666 0.0 0.7 2 1.0 0.0 0.9 0 1 1
4 0.1 7 0.5714285714285714 0.0 0.4 3 1.0 0.0 0.5 2 1.0 0.0 0.6 2 1.0 0.0 0.7 2 1.0 0.0 0.9 0 1 1
4 0.1 11 0.36363636363636365 0.0 0.4 3 1.0 0.0 0.5 3 1.0 0.0 0.6 3 1.0 0.0 0.7 3 1.0 0.0 0.9 0 1 1
4 0.1 10 0.4 0.0 0.4 4 0.75 0.0 0.5 3 1.0 0.0 0.6 2 1.0 0.0 0.7 2 1.0 0.0 0.9 0 1 1
4 0.1 11 0.36363636363636365 0.0 0.4 5 0.4 0.0 0.5 3 0.6666666666666666 0.0 0.6 3 0.6666666666666666 0.0 0.7 2 1.0 0.0 0.9 0 1 1
4 0.1 10 0.4 0.0 0.4 5 0.6 0.0 0.5 3 0.6666666666666666 0.0 0.6 2 1.0 0.0 0.7 2 1.0 0.0 0.9 0 1 1
4 0.1 9 0.3333333333333333 0.0 0.4 3 0.6666666666666666 0.0 0.5 2 0.5 0.0 0.6 2 0.5 0.0 0.7 1 1.0 0.0 0.9 0 1 1
4 0.1 5 0.6 0.0 0.4 3 0.6666666666666666 0.0 0.5 3 0.6666666666666666 0.0 0.6 2 1.0 0.0 0.7 2 1.0 0.0 0.9 0 1 1
4 0.1 12 0.25 0.0 0.4 2 1.0 0.0 0.5 2 1.0 0.0 0.6 1 1.0 0.0 0.7 1 1.0 0.0 0.9 0 1 1
4 0.1 7 0.5714285714285714 0.0 0.4 3 0.6666666666666666 0.0 0.5 3 0.6666666666666666 0.0 0.6 3 0.6666666666666666 0.0 0.7 2 1.0 0.0 0.9 0 1 1
4 0.1 15 0.26666666666666666 0.0 0.4 5 0.6 0.0 0.5 3 0.6666666666666666 0.0 0.6 2 1.0 0.0 0.7 1 1.0 0.0 0.9 0 1 1
4 0.1 9 0.3333333333333333 0.0 0.4 3 0.3333333333333333 0.0 0.5 3 0.3333333333333333 0.0 0.6 2 0.5 0.0 0.7 2 0.5 0.0 0.9 0 1 1
4 0.1 5 0.4 0.0 0.4 2 0.5 0.0 0.5 2 0.5 0.0 0.6 2 0.5 0.0 0.7 1 1.0 0.0 0.9 0 1 1
4 0.1 7 0.42857142857142855 0.0 0.4 3 0.6666666666666666 0.0 0.5 1 1.0 0.0 0.6 1 1.0 0.0 0.7 1 1.0 0.0 0.9 0 1 1
4 0.1 8 0.5 0.0 0.4 3 1.0 0.0 0.5 3 1.0 0.0 0.6 3 1.0 0.0 0.7 2 1.0 0.0 0.9 0 1 1
4 0.1 9 0.4444444444444444 0.0 0.4 4 0.75 0.0 0.5 4 0.75 0.0 0.6 4 0.75 0.0 0.7 3 1.0 0.0 0.9 0 1 1
4 0.1 10 0.2 0.0 0.4 3 0.3333333333333333 0.0 0.5 2 0.5 0.0 0.6 2 0.5 0.0 0.7 1 1.0 0.0 0.9 0 1 1
4 0.1 6 0.3333333333333333 0.0 0.4 2 1.0 0.0 0.5 2 1.0 0.0 0.6 1 1.0 0.0 0.7 1 1.0 0.0 0.9 0 1 1
4 0.1 8 0.5 0.0 0.4 2 1.0 0.0 0.5 2 1.0 0.0 0.6 2 1.0 0.0 0.7 1 1.0 0.0 0.9 0 1 1
4 0.1 5 0.4 0.0 0.4 3 0.3333333333333333 0.0 0.5 2 0.5 0.0 0.6 1 1.0 0.0 0.7 1 1.0 0.0 0.9 0 1 1
4 0.1 10 0.4 0.0 0.4 4 0.75 0.0 0.5 3 0.6666666666666666 0.0 0.6 3 0.6666666666666666 0.0 0.7 1 1.0 0.0 0.9 0 1 1
4 0.1 7 0.42857142857142855 0.14285714285714285 0.4 4 0.75 0.25 0.5 2 1.0 0.5 0.6 2 1.0 0.5 0.7 1 1.0 0.0 0.9 0 1 1
4 0.1 5 0.6 0.0 0.4 3 0.6666666666666666 0.0 0.5 2 1.0 0.0 0.6 2 1.0 0.0 0.7 1 1.0 0.0 0.9 0 1 1
4 0.1 7 0.42857142857142855 0.0 0.4 2 1.0 0.0 0.5 2 1.0 0.0 0.6 2 1.0 0.0 0.7 2 1.0 0.0 0.9 0 1 1
4 0.1 6 0.6666666666666666 0.0 0.4 4 1.0 0.0 0.5 2 1.0 0.0 0.6 1 1.0 0.0 0.7 1 1.0 0.0 0.9 0 1 1
4 0.1 7 0.42857142857142855 0.0 0.4 3 0.6666666666666666 0.0 0.5 3 0.6666666666666666 0.0 0.6 3 0.6666666666666666 0.0 0.7 2 0.5 0.0 0.9 0 1 1
4 0.1 9 0.4444444444444444 0.0 0.4 5 0.8 0.0 0.5 4 0.75 0.0 0.6 4 0.75 0.0 0.7 4 0.75 0.0 0.9 0 1 1
4 0.1 5 0.6 0.0 0.4 4 0.75 0.0 0.5 4 0.75 0.0 0.6 3 0.6666666666666666 0.0 0.7 3 0.6666666666666666 0.0 0.9 0 1 1
4 0.1 8 0.5 0.0 0.4 3 0.6666666666666666 0.0 0.5 3 0.6666666666666666 0.0 0.6 2 1.0 0.0 0.7 2 1.0 0.0 0.9 0 1 1
4 0.1 15 0.26666666666666666 0.0 0.4 4 0.75 0.0 0.5 4 0.75 0.0 0.6 3 1.0 0.0 0.7 3 1.0 0.0 0.9 0 1 1
4 0.1 10 0.4 0.1 0.4 6 0.6666666666666666 0.16666666666666666 0.5 4 1.0 0.25 0.6 3 1.0 0.3333333333333333 0.7 3 1.0 0.3333333333333333 0.9 0 1 1
4 0.1 9 0.4444444444444444 0.0 0.4 5 0.6 0.0 0.5 4 0.5 0.0 0.6 4 0.5 0.0 0.7 2 1.0 0.0 0.9 0 1 1
4 0.1 10 0.4 0.0 0.4 3 0.6666666666666666 0.0 0.5 2 1.0 0.0 0.6 2 1.0 0.0 0.7 2 1.0 0.0 0.9 0 1 1
4 0.1 9 0.4444444444444444 0.0 0.4 4 0.75 0.0 0.5 4 0.75 0.0 0.6 2 1.0 0.0 0.7 2 1.0 0.0 0.9 0 1 1
4 0.1 8 0.5 0.0 0.4 5 0.8 0.0 0.5 2 1.0 0.0 0.6 2 1.0 0.0 0.7 1 1.0 0.0 0.9 0 1 1
4 0.1 9 0.4444444444444444 0.1111111111111111 0.4 4 1.0 0.25 0.5 4 1.0 0.25 0.6 4 1.0 0.25 0.7 2 1.0 0.0 0.9 0 1 1
4 0.1 8 0.5 0.125 0.4 6 0.6666666666666666 0.16666666666666666 0.5 5 0.8 0.2 0.6 5 0.8 0.2 0.7 3 1.0 0.3333333333333333 0.9 0 1 1
4 0.1 39 0.10256410256410256 0.0 0.4 15 0.26666666666666666 0.0 0.5 11 0.2727272727272727 0.0 0.6 8 0.375 0.0 0.7 4 0.5 0.0 0.9 0 1 1
4 0.1 9 0.4444444444444444 0.0 0.4 5 0.8 0.0 0.5 4 1.0 0.0 0.6 4 1.0 0.0 0.7 3 1.0 0.0 0.9 0 1 1
4 0.1 6 0.6666666666666666 0.0 0.4 3 1.0 0.0 0.5 1 1.0 0.0 0.6 1 1.0 0.0 0.7 1 1.0 0.0 0.9 0 1 1
4 0.1 6 0.6666666666666666 0.0 0.4 4 1.0 0.0 0.5 3 1.0 0.0 0.6 3 1.0 0.0 0.7 3 1.0 0.0 0.9 0 1 1
4 0.1 9 0.4444444444444444 0.0 0.4 6 0.6666666666666666 0.0 0.5 5 0.8 0.0 0.6 5 0.8 0.0 0.7 5 0.8 0.0 0.9 0 1 1
4 0.1 8 0.5 0.0 0.4 4 0.5 0.0 0.5 3 0.6666666666666666 0.0 0.6 1 1.0 0.0 0.7 1 1.0 0.0 0.9 0 1 1
4 0.1 11 0.36363636363636365 0.0 0.4 6 0.6666666666666666 0.0 0.5 6 0.6666666666666666 0.0 0.6 5 0.8 0.0 0.7 5 0.8 0.0 0.9 0 1 1
4 0.1 9 0.4444444444444444 0.0 0.4 6 0.6666666666666666 0.0 0.5 4 0.75 0.0 0.6 4 0.75 0.0 0.7 2 1.0 0.0 0.9 0 1 1
4 0.1 12 0.3333333333333333 0.0 0.4 5 0.8 0.0 0.5 4 1.0 0.0 0.6 4 1.0 0.0 0.7 4 1.0 0.0 0.9 0 1 1
4 0.1 10 0.4 0.0 0.4 6 0.6666666666666666 0.0 0.5 5 0.8 0.0 0.6 5 0.8 0.0 0.7 5 0.8 0.0 0.9 0 1 1
4 0.1 21 0.19047619047619047 0.0 0.4 8 0.375 0.0 0.5 6 0.5 0.0 0.6 4 0.5 0.0 0.7 4 0.5 0.0 0.9 0 1 1
4 0.1 10 0.4 0.1 0.4 6 0.6666666666666666 0.16666666666666666 0.5 5 0.8 0.2 0.6 5 0.8 0.2 0.7 4 0.75 0.25 0.9 0 1 1
4 0.1 12 0.3333333333333333 0.0 0.4 5 0.8 0.0 0.5 5 0.8 0.0 0.6 4 0.75 0.0 0.7 4 0.75 0.0 0.9 0 1 1
4 0.1 10 0.4 0.0 0.4 4 0.75 0.0 0.5 4 0.75 0.0 0.6 4 0.75 0.0 0.7 2 1.0 0.0 0.9 0 1 1
4 0.1 8 0.375 0.0 0.4 5 0.6 0.0 0.5 5 0.6 0.0 0.6 3 0.6666666666666666 0.0 0.7 3 0.6666666666666666 0.0 0.9 0 1 1
4 0.1 10 0.4 0.0 0.4 6 0.6666666666666666 0.0 0.5 6 0.6666666666666666 0.0 0.6 5 0.8 0.0 0.7 2 1.0 0.0 0.9 0 1 1
4 0.1 13 0.3076923076923077 0.0 0.4 5 0.8 0.0 0.5 5 0.8 0.0 0.6 5 0.8 0.0 0.7 5 0.8 0.0 0.9 0 1 1
4 0.1 13 0.3076923076923077 0.0 0.4 7 0.5714285714285714 0.0 0.5 4 1.0 0.0 0.6 4 1.0 0.0 0.7 4 1.0 0.0 0.9 0 1 1
4 0.1 9 0.4444444444444444 0.0 0.4 6 0.6666666666666666 0.0 0.5 5 0.8 0.0 0.6 5 0.8 0.0 0.7 5 0.8 0.0 0.9 0 1 1
4 0.1 8 0.5 0.0 0.4 5 0.8 0.0 0.5 5 0.8 0.0 0.6 5 0.8 0.0 0.7 4 0.75 0.0 0.9 0 1 1
4 0.1 10 0.4 0.0 0.4 5 0.8 0.0 0.5 5 0.8 0.0 0.6 5 0.8 0.0 0.7 4 0.75 0.0 0.9 0 1 1
4 0.1 9 0.4444444444444444 0.0 0.4 5 0.8 0.0 0.5 5 0.8 0.0 0.6 5 0.8 0.0 0.7 5 0.8 0.0 0.9 0 1 1
4 0.1 18 0.2222222222222222 0.0 0.4 5 0.4 0.0 0.5 4 0.5 0.0 0.6 4 0.5 0.0 0.7 4 0.5 0.0 0.9 0 1 1
4 0.1 10 0.4 0.0 0.4 7 0.5714285714285714 0.0 0.5 6 0.6666666666666666 0.0 0.6 6 0.6666666666666666 0.0 0.7 5 0.6 0.0 0.9 0 1 1
4 0.1 10 0.4 0.0 0.4 4 0.75 0.0 0.5 4 0.75 0.0 0.6 3 0.6666666666666666 0.0 0.7 2 0.5 0.0 0.9 0 1 1
4 0.1 9 0.4444444444444444 0.0 0.4 6 0.5 0.0 0.5 5 0.6 0.0 0.6 4 0.5 0.0 0.7 4 0.5 0.0 0.9 0 1 1
4 0.1 5 0.4 0.0 0.4 4 0.5 0.0 0.5 3 0.6666666666666666 0.0 0.6 3 0.6666666666666666 0.0 0.7 3 0.6666666666666666 0.0 0.9 0 1 1
4 0.1 6 0.3333333333333333 0.0 0.4 3 0.6666666666666666 0.0 0.5 3 0.6666666666666666 0.0 0.6 3 0.6666666666666666 0.0 0.7 3 0.6666666666666666 0.0 0.9 0 1 1
4 0.1 7 0.5714285714285714 0.0 0.4 5 0.8 0.0 0.5 3 1.0 0.0 0.6 3 1.0 0.0 0.7 2 1.0 0.0 0.9 0 1 1
4 0.1 9 0.4444444444444444 0.1111111111111111 0.4 3 0.6666666666666666 0.3333333333333333 0.5 3 0.6666666666666666 0.3333333333333333 0.6 2 0.5 0.0 0.7 2 0.5 0.0 0.9 0 1 1
4 0.1 8 0.5 0.0 0.4 5 0.8 0.0 0.5 5 0.8 0.0 0.6 4 0.75 0.0 0.7 3 0.6666666666666666 0.0 0.9 0 1 1
4 0.1 10 0.4 0.0 0.4 6 0.6666666666666666 0.0 0.5 6 0.6666666666666666 0.0 0.6 5 0.8 0.0 0.7 5 0.8 0.0 0.9 0 1 1
4 0.1 11 0.36363636363636365 0.0 0.4 5 0.8 0.0 0.5 5 0.8 0.0 0.6 5 0.8 0.0 0.7 5 0.8 0.0 0.9 0 1 1
4 0.1 8 0.5 0.0 0.4 5 0.8 0.0 0.5 5 0.8 0.0 0.6 5 0.8 0.0 0.7 5 0.8 0.0 0.9 0 1 1
4 0.1 7 0.5714285714285714 0.0 0.4 4 0.75 0.0 0.5 4 0.75 0.0 0.6 3 0.6666666666666666 0.0 0.7 3 0.6666666666666666 0.0 0.9 0 1 1
4 0.1 9 0.4444444444444444 0.0 0.4 6 0.6666666666666666 0.0 0.5 6 0.6666666666666666 0.0 0.6 5 0.6 0.0 0.7 4 0.75 0.0 0.9 0 1 1
4 0.1 8 0.375 0.0 0.4 3 0.3333333333333333 0.0 0.5 2 0.5 0.0 0.6 2 0.5 0.0 0.7 2 0.5 0.0 0.9 0 1 1
4 0.1 10 0.4 0.0 0.4 6 0.6666666666666666 0.0 0.5 5 0.8 0.0 0.6 5 0.8 0.0 0.7 4 0.75 0.0 0.9 0 1 1
4 0.1 9 0.4444444444444444 0.0 0.4 8 0.5 0.0 0.5 7 0.5714285714285714 0.0 0.6 5 0.8 0.0 0.7 5 0.8 0.0 0.9 0 1 1
4 0.1 10 0.4 0.0 0.4 8 0.5 0.0 0.5 7 0.5714285714285714 0.0 0.6 5 0.8 0.0 0.7 5 0.8 0.0 0.9 0 1 1
4 0.1 11 0.36363636363636365 0.09090909090909091 0.4 7 0.5714285714285714 0.14285714285714285 0.5 6 0.6666666666666666 0.16666666666666666 0.6 6 0.6666666666666666 0.16666666666666666 0.7 5 0.8 0.2 0.9 0 1 1
4 0.1 10 0.4 0.0 0.4 5 0.4 0.0 0.5 3 0.6666666666666666 0.0 0.6 3 0.6666666666666666 0.0 0.7 3 0.6666666666666666 0.0 0.9 0 1 1
4 0.1 8 0.375 0.0 0.4 5 0.6 0.0 0.5 5 0.6 0.0 0.6 3 0.6666666666666666 0.0 0.7 3 0.6666666666666666 0.0 0.9 0 1 1
4 0.1 8 0.5 0.0 0.4 5 0.8 0.0 0.5 5 0.8 0.0 0.6 5 0.8 0.0 0.7 4 0.75 0.0 0.9 0 1 1
4 0.1 9 0.4444444444444444 0.0 0.4 6 0.6666666666666666 0.0 0.5 6 0.6666666666666666 0.0 0.6 6 0.6666666666666666 0.0 0.7 5 0.8 0.0 0.9 0 1 1
4 0.1 8 0.5 0.0 0.4 6 0.6666666666666666 0.0 0.5 6 0.6666666666666666 0.0 0.6 6 0.6666666666666666 0.0 0.7 6 0.6666666666666666 0.0 0.9 0 1 1
4 0.1 8 0.5 0.0 0.4 6 0.6666666666666666 0.0 0.5 6 0.6666666666666666 0.0 0.6 6 0.6666666666666666 0.0 0.7 6 0.6666666666666666 0.0 0.9 0 1 1
4 0.1 10 0.4 0.0 0.4 6 0.6666666666666666 0.0 0.5 6 0.6666666666666666 0.0 0.6 6 0.6666666666666666 0.0 0.7 6 0.6666666666666666 0.0 0.9 0 1 1
4 0.1 9 0.4444444444444444 0.0 0.4 7 0.5714285714285714 0.0 0.5 6 0.6666666666666666 0.0 0.6 6 0.6666666666666666 0.0 0.7 5 0.8 0.0 0.9 0 1 1
4 0.1 9 0.4444444444444444 0.0 0.4 6 0.6666666666666666 0.0 0.5 6 0.6666666666666666 0.0 0.6 5 0.8 0.0 0.7 5 0.8 0.0 0.9 0 1 1
4 0.1 9 0.4444444444444444 0.0 0.4 6 0.6666666666666666 0.0 0.5 6 0.6666666666666666 0.0 0.6 5 0.8 0.0 0.7 4 0.75 0.0 0.9 0 1 1
4 0.1 11 0.36363636363636365 0.0 0.4 7 0.5714285714285714 0.0 0.5 6 0.6666666666666666 0.0 0.6 5 0.8 0.0 0.7 5 0.8 0.0 0.9 0 1 1
4 0.1 9 0.4444444444444444 0.0 0.4 6 0.6666666666666666 0.0 0.5 6 0.6666666666666666 0.0 0.6 5 0.8 0.0 0.7 4 0.75 0.0 0.9 0 1 1
4 0.1 10 0.4 0.1 0.4 7 0.5714285714285714 0.14285714285714285 0.5 6 0.6666666666666666 0.16666666666666666 0.6 6 0.6666666666666666 0.16666666666666666 0.7 5 0.8 0.2 0.9 0 1 1
4 0.1 11 0.36363636363636365 0.0 0.4 8 0.5 0.0 0.5 7 0.5714285714285714 0.0 0.6 6 0.6666666666666666 0.0 0.7 5 0.8 0.0 0.9 0 1 1
4 0.1 10 0.4 0.1 0.4 5 0.8 0.2 0.5 5 0.8 0.2 0.6 5 0.8 0.2 0.7 5 0.8 0.2 0.9 0 1 1
4 0.1 11 0.36363636363636365 0.0 0.4 7 0.5714285714285714 0.0 0.5 6 0.6666666666666666 0.0 0.6 6 0.6666666666666666 0.0 0.7 5 0.8 0.0 0.9 0 1 1
4 0.1 10 0.4 0.0 0.4 7 0.5714285714285714 0.0 0.5 6 0.6666666666666666 0.0 0.6 5 0.8 0.0 0.7 5 0.8 0.0 0.9 0 1 1
4 0.1 6 0.6666666666666666 0.0 0.4 5 0.6 0.0 0.5 5 0.6 0.0 0.6 4 0.75 0.0 0.7 4 0.75 0.0 0.9 0 1 1
4 0.1 7 0.5714285714285714 0.14285714285714285 0.4 6 0.6666666666666666 0.16666666666666666 0.5 5 0.8 0.2 0.6 5 0.8 0.2 0.7 4 0.75 0.25 0.9 0 1 1
4 0.1 7 0.5714285714285714 0.0 0.4 5 0.8 0.0 0.5 5 0.8 0.0 0.6 4 0.75 0.0 0.7 3 0.6666666666666666 0.0 0.9 0 1 1
4 0.1 7 0.42857142857142855 0.0 0.4 3 0.6666666666666666 0.0 0.5 3 0.6666666666666666 0.0 0.6 3 0.6666666666666666 0.0 0.7 2 0.5 0.0 0.9 0 1 1
4 0.1 9 0.4444444444444444 0.0 0.4 6 0.6666666666666666 0.0 0.5 5 0.8 0.0 0.6 5 0.8 0.0 0.7 4 0.75 0.0 0.9 0 1 1
4 0.1 9 0.4444444444444444 0.0 0.4 6 0.6666666666666666 0.0 0.5 5 0.8 0.0 0.6 5 0.8 0.0 0.7 4 0.75 0.0 0.9 0 1 1
4 0.1 10 0.4 0.0 0.4 7 0.5714285714285714 0.0 0.5 5 0.8 0.0 0.6 4 0.75 0.0 0.7 4 0.75 0.0 0.9 0 1 1
4 0.1 11 0.36363636363636365 0.0 0.4 9 0.4444444444444444 0.0 0.5 6 0.6666666666666666 0.0 0.6 6 0.6666666666666666 0.0 0.7 5 0.8 0.0 0.9 0 1 1
4 0.1 9 0.4444444444444444 0.0 0.4 7 0.5714285714285714 0.0 0.5 7 0.5714285714285714 0.0 0.6 6 0.6666666666666666 0.0 0.7 6 0.6666666666666666 0.0 0.9 0 1 1
4 0.1 9 0.4444444444444444 0.0 0.4 7 0.5714285714285714 0.0 0.5 6 0.6666666666666666 0.0 0.6 6 0.6666666666666666 0.0 0.7 6 0.6666666666666666 0.0 0.9 0 1 1
4 0.1 10 0.4 0.0 0.4 6 0.6666666666666666 0.0 0.5 6 0.6666666666666666 0.0 0.6 5 0.6 0.0 0.7 4 0.75 0.0 0.9 0 1 1
4 0.1 9 0.4444444444444444 0.1111111111111111 0.4 7 0.5714285714285714 0.14285714285714285 0.5 5 0.8 0.2 0.6 5 0.8 0.2 0.7 5 0.8 0.2 0.9 0 1 1
4 0.1 8 0.5 0.0 0.4 5 0.6 0.0 0.5 4 0.75 0.0 0.6 4 0.75 0.0 0.7 4 0.75 0.0 0.9 0 1 1
4 0.1 9 0.4444444444444444 0.0 0.4 6 0.6666666666666666 0.0 0.5 6 0.6666666666666666 0.0 0.6 5 0.8 0.0 0.7 4 0.75 0.0 0.9 0 1 1
4 0.1 9 0.4444444444444444 0.0 0.4 6 0.6666666666666666 0.0 0.5 6 0.6666666666666666 0.0 0.6 5 0.8 0.0 0.7 5 0.8 0.0 0.9 0 1 1
4 0.1 9 0.4444444444444444 0.1111111111111111 0.4 5 0.8 0.2 0.5 5 0.8 0.2 0.6 5 0.8 0.2 0.7 5 0.8 0.2 0.9 0 1 1
4 0.1 8 0.5 0.0 0.4 5 0.8 0.0 0.5 5 0.8 0.0 0.6 5 0.8 0.0 0.7 4 0.75 0.0 0.9 0 1 1
4 0.1 11 0.36363636363636365 0.0 0.4 5 0.4 0.0 0.5 3 0.6666666666666666 0.0 0.6 3 0.6666666666666666 0.0 0.7 3 0.6666666666666666 0.0 0.9 0 1 1
4 0.1 11 0.36363636363636365 0.0 0.4 6 0.6666666666666666 0.0 0.5 5 0.6 0.0 0.6 4 0.75 0.0 0.7 4 0.75 0.0 0.9 0 1 1
4 0.1 9 0.4444444444444444 0.0 0.4 6 0.6666666666666666 0.0 0.5 6 0.6666666666666666 0.0 0.6 5 0.8 0.0 0.7 5 0.8 0.0 0.9 0 1 1
4 0.1 7 0.5714285714285714 0.0 0.4 6 0.6666666666666666 0.0 0.5 6 0.6666666666666666 0.0 0.6 5 0.8 0.0 0.7 5 0.8 0.0 0.9 0 1 1
4 0.1 9 0.4444444444444444 0.0 0.4 6 0.6666666666666666 0.0 0.5 5 0.8 0.0 0.6 5 0.8 0.0 0.7 5 0.8 0.0 0.9 0 1 1
4 0.1 10 0.4 0.1 0.4 6 0.6666666666666666 0.16666666666666666 0.5 6 0.6666666666666666 0.16666666666666666 0.6 5 0.8 0.2 0.7 5 0.8 0.2 0.9 0 1 1
4 0.1 8 0.5 0.0 0.4 6 0.6666666666666666 0.0 0.5 6 0.6666666666666666 0.0 0.6 6 0.6666666666666666 0.0 0.7 5 0.8 0.0 0.9 0 1 1
4 0.1 9 0.4444444444444444 0.0 0.4 5 0.6 0.0 0.5 4 0.75 0.0 0.6 4 0.75 0.0 0.7 4 0.75 0.0 0.9 0 1 1
4 0.1 9 0.4444444444444444 0.0 0.4 5 0.8 0.0 0.5 5 0.8 0.0 0.6 5 0.8 0.0 0.7 5 0.8 0.0 0.9 0 1 1
4 0.1 10 0.4 0.0 0.4 6 0.6666666666666666 0.0 0.5 6 0.6666666666666666 0.0 0.6 6 0.6666666666666666 0.0 0.7 5 0.8 0.0 0.9 0 1 1
4 0.1 9 0.4444444444444444 0.0 0.4 8 0.5 0.0 0.5 6 0.6666666666666666 0.0 0.6 5 0.8 0.0 0.7 5 0.8 0.0 0.9 0 1 1
4 0.1 8 0.5 0.125 0.4 5 0.8 0.2 0.5 5 0.8 0.2 0.6 5 0.8 0.2 0.7 5 0.8 0.2 0.9 0 1 1
4 0.1 9 0.4444444444444444 0.0 0.4 6 0.6666666666666666 0.0 0.5 6 0.6666666666666666 0.0 0.6 5 0.8 0.0 0.7 5 0.8 0.0 0.9 0 1 1
4 0.1 10 0.4 0.1 0.4 6 0.6666666666666666 0.16666666666666666 0.5 5 0.8 0.2 0.6 5 0.8 0.2 0.7 5 0.8 0.2 0.9 0 1 1
4 0.1 9 0.4444444444444444 0.0 0.4 7 0.5714285714285714 0.0 0.5 5 0.8 0.0 0.6 5 0.8 0.0 0.7 5 0.8 0.0 0.9 0 1 1
4 0.1 8 0.5 0.0 0.4 6 0.6666666666666666 0.0 0.5 6 0.6666666666666666 0.0 0.6 5 0.8 0.0 0.7 5 0.8 0.0 0.9 0 1 1
4 0.1 9 0.4444444444444444 0.2222222222222222 0.4 7 0.5714285714285714 0.2857142857142857 0.5 5 0.8 0.4 0.6 5 0.8 0.4 0.7 4 0.75 0.25 0.9 0 1 1
4 0.1 5 0.6 0.0 0.4 4 0.75 0.0 0.5 4 0.75 0.0 0.6 3 0.6666666666666666 0.0 0.7 3 0.6666666666666666 0.0 0.9 0 1 1
4 0.1 8 0.5 0.125 0.4 6 0.6666666666666666 0.16666666666666666 0.5 6 0.6666666666666666 0.16666666666666666 0.6 5 0.8 0.2 0.7 5 0.8 0.2 0.9 0 1 1
4 0.1 9 0.4444444444444444 0.0 0.4 7 0.5714285714285714 0.0 0.5 6 0.6666666666666666 0.0 0.6 5 0.8 0.0 0.7 4 0.75 0.0 0.9 0 1 1
4 0.1 8 0.5 0.0 0.4 6 0.6666666666666666 0.0 0.5 6 0.6666666666666666 0.0 0.6 5 0.8 0.0 0.7 5 0.8 0.0 0.9 0 1 1
4 0.1 9 0.4444444444444444 0.0 0.4 7 0.5714285714285714 0.0 0.5 6 0.6666666666666666 0.0 0.6 5 0.8 0.0 0.7 5 0.8 0.0 0.9 0 1 1
4 0.1 5 0.6 0.0 0.4 3 0.6666666666666666 0.0 0.5 3 0.6666666666666666 0.0 0.6 3 0.6666666666666666 0.0 0.7 3 0.6666666666666666 0.0 0.9 0 1 1
4 0.1 8 0.5 0.0 0.4 5 0.8 0.0 0.5 5 0.8 0.0 0.6 5 0.8 0.0 0.7 5 0.8 0.0 0.9 0 1 1
4 0.1 9 0.4444444444444444 0.0 0.4 7 0.5714285714285714 0.0 0.5 7 0.5714285714285714 0.0 0.6 6 0.6666666666666666 0.0 0.7 5 0.8 0.0 0.9 0 1 1
4 0.1 8 0.5 0.0 0.4 5 0.6 0.0 0.5 5 0.6 0.0 0.6 5 0.6 0.0 0.7 4 0.75 0.0 0.9 0 1 1
4 0.1 7 0.42857142857142855 0.0 0.4 5 0.6 0.0 0.5 5 0.6 0.0 0.6 4 0.5 0.0 0.7 3 0.6666666666666666 0.0 0.9 0 1 1
4 0.1 10 0.4 0.0 0.4 7 0.42857142857142855 0.0 0.5 7 0.42857142857142855 0.0 0.6 6 0.5 0.0 0.7 4 0.75 0.0 0.9 0 1 1
4 0.1 11 0.36363636363636365 0.0 0.4 7 0.5714285714285714 0.0 0.5 7 0.5714285714285714 0.0 0.6 7 0.5714285714285714 0.0 0.7 5 0.8 0.0 0.9 0 1 1
4 0.1 10 0.3 0.2 0.4 6 0.5 0.3333333333333333 0.5 5 0.6 0.4 0.6 4 0.75 0.5 0.7 4 0.75 0.5 0.9 0 1 1
4 0.1 9 0.4444444444444444 0.0 0.4 6 0.5 0.0 0.5 6 0.5 0.0 0.6 4 0.75 0.0 0.7 4 0.75 0.0 0.9 0 1 1
4 0.1 10 0.4 0.0 0.4 8 0.5 0.0 0.5 7 0.5714285714285714 0.0 0.6 6 0.6666666666666666 0.0 0.7 5 0.8 0.0 0.9 0 1 1
4 0.1 9 0.4444444444444444 0.0 0.4 8 0.5 0.0 0.5 7 0.5714285714285714 0.0 0.6 7 0.5714285714285714 0.0 0.7 6 0.6666666666666666 0.0 0.9 0 1 1
4 0.1 10 0.4 0.0 0.4 7 0.5714285714285714 0.0 0.5 6 0.5 0.0 0.6 5 0.6 0.0 0.7 4 0.75 0.0 0.9 0 1 1
4 0.1 10 0.4 0.0 0.4 7 0.5714285714285714 0.0 0.5 7 0.5714285714285714 0.0 0.6 6 0.6666666666666666 0.0 0.7 6 0.6666666666666666 0.0 0.9 0 1 1
4 0.1 11 0.36363636363636365 0.0 0.4 7 0.5714285714285714 0.0 0.5 7 0.5714285714285714 0.0 0.6 6 0.6666666666666666 0.0 0.7 6 0.6666666666666666 0.0 0.9 0 1 1
4 0.1 10 0.4 0.2 0.4 8 0.5 0.25 0.5 6 0.6666666666666666 0.3333333333333333 0.6 6 0.6666666666666666 0.3333333333333333 0.7 6 0.6666666666666666 0.3333333333333333 0.9 0 1 1
4 0.1 9 0.4444444444444444 0.0 0.4 7 0.5714285714285714 0.0 0.5 6 0.6666666666666666 0.0 0.6 5 0.8 0.0 0.7 5 0.8 0.0 0.9 0 1 1
4 0.1 9 0.4444444444444444 0.0 0.4 6 0.6666666666666666 0.0 0.5 5 0.8 0.0 0.6 5 0.8 0.0 0.7 5 0.8 0.0 0.9 0 1 1
4 0.1 7 0.5714285714285714 0.0 0.4 3 0.6666666666666666 0.0 0.5 3 0.6666666666666666 0.0 0.6 3 0.6666666666666666 0.0 0.7 3 0.6666666666666666 0.0 0.9 0 1 1
4 0.1 9 0.4444444444444444 0.0 0.4 7 0.5714285714285714 0.0 0.5 5 0.8 0.0 0.6 4 0.75 0.0 0.7 4 0.75 0.0 0.9 0 1 1
4 0.1 8 0.5 0.125 0.4 6 0.6666666666666666 0.16666666666666666 0.5 5 0.8 0.2 0.6 5 0.8 0.2 0.7 5 0.8 0.2 0.9 0 1 1
4 0.1 7 0.5714285714285714 0.14285714285714285 0.4 5 0.8 0.2 0.5 4 0.75 0.0 0.6 4 0.75 0.0 0.7 4 0.75 0.0 0.9 0 1 1
4 0.1 8 0.5 0.125 0.4 5 0.8 0.2 0.5 5 0.8 0.2 0.6 5 0.8 0.2 0.7 5 0.8 0.2 0.9 0 1 1
4 0.1 8 0.5 0.0 0.4 5 0.8 0.0 0.5 5 0.8 0.0 0.6 5 0.8 0.0 0.7 5 0.8 0.0 0.9 0 1 1
4 0.1 8 0.5 0.0 0.4 6 0.6666666666666666 0.0 0.5 5 0.8 0.0 0.6 4 0.75 0.0 0.7 4 0.75 0.0 0.9 0 1 1
4 0.1 9 0.4444444444444444 0.0 0.4 5 0.8 0.0 0.5 5 0.8 0.0 0.6 5 0.8 0.0 0.7 5 0.8 0.0 0.9 0 1 1
4 0.1 9 0.4444444444444444 0.0 0.4 6 0.6666666666666666 0.0 0.5 6 0.6666666666666666 0.0 0.6 4 0.75 0.0 0.7 4 0.75 0.0 0.9 0 1 1
4 0.1 7 0.42857142857142855 0.0 0.4 5 0.6 0.0 0.5 5 0.6 0.0 0.6 5 0.6 0.0 0.7 4 0.75 0.0 0.9 0 1 1
4 0.1 9 0.4444444444444444 0.0 0.4 6 0.6666666666666666 0.0 0.5 6 0.6666666666666666 0.0 0.6 4 0.75 0.0 0.7 4 0.75 0.0 0.9 0 1 1
4 0.1 8 0.5 0.0 0.4 5 0.8 0.0 0.5 5 0.8 0.0 0.6 5 0.8 0.0 0.7 5 0.8 0.0 0.9 0 1 1
4 0.1 6 0.5 0.0 0.4 4 0.75 0.0 0.5 4 0.75 0.0 0.6 4 0.75 0.0 0.7 4 0.75 0.0 0.9 0 1 1
4 0.1 8 0.5 0.0 0.4 5 0.6 0.0 0.5 4 0.75 0.0 0.6 4 0.75 0.0 0.7 4 0.75 0.0 0.9 1 1.0 0.0
4 0.1 9 0.4444444444444444 0.0 0.4 6 0.6666666666666666 0.0 0.5 6 0.6666666666666666 0.0 0.6 4 0.75 0.0 0.7 4 0.75 0.0 0.9 1 1.0 0.0
4 0.1 8 0.375 0.0 0.4 6 0.5 0.0 0.5 4 0.75 0.0 0.6 4 0.75 0.0 0.7 4 0.75 0.0 0.9 0 1 1
4 0.1 9 0.4444444444444444 0.0 0.4 8 0.5 0.0 0.5 7 0.5714285714285714 0.0 0.6 6 0.6666666666666666 0.0 0.7 5 0.8 0.0 0.9 1 1.0 0.0
4 0.1 9 0.4444444444444444 0.0 0.4 7 0.5714285714285714 0.0 0.5 7 0.5714285714285714 0.0 0.6 6 0.6666666666666666 0.0 0.7 5 0.8 0.0 0.9 1 1.0 0.0
4 0.1 9 0.4444444444444444 0.0 0.4 7 0.5714285714285714 0.0 0.5 7 0.5714285714285714 0.0 0.6 7 0.5714285714285714 0.0 0.7 4 0.75 0.0 0.9 1 1.0 0.0
4 0.1 9 0.4444444444444444 0.0 0.4 5 0.6 0.0 0.5 5 0.6 0.0 0.6 5 0.6 0.0 0.7 4 0.75 0.0 0.9 0 1 1
4 0.1 9 0.4444444444444444 0.0 0.4 6 0.6666666666666666 0.0 0.5 5 0.8 0.0 0.6 4 0.75 0.0 0.7 4 0.75 0.0 0.9 0 1 1
4 0.1 9 0.4444444444444444 0.0 0.4 8 0.5 0.0 0.5 7 0.5714285714285714 0.0 0.6 6 0.6666666666666666 0.0 0.7 5 0.8 0.0 0.9 1 1.0 0.0
4 0.1 9 0.4444444444444444 0.0 0.4 7 0.5714285714285714 0.0 0.5 7 0.5714285714285714 0.0 0.6 6 0.6666666666666666 0.0 0.7 4 0.75 0.0 0.9 0 1 1
4 0.1 9 0.4444444444444444 0.0 0.4 7 0.5714285714285714 0.0 0.5 7 0.5714285714285714 0.0 0.6 6 0.6666666666666666 0.0 0.7 5 0.8 0.0 0.9 0 1 1
4 0.1 9 0.4444444444444444 0.0 0.4 7 0.5714285714285714 0.0 0.5 7 0.5714285714285714 0.0 0.6 6 0.6666666666666666 0.0 0.7 5 0.8 0.0 0.9 0 1 1
4 0.1 9 0.4444444444444444 0.0 0.4 7 0.5714285714285714 0.0 0.5 7 0.5714285714285714 0.0 0.6 7 0.5714285714285714 0.0 0.7 5 0.8 0.0 0.9 0 1 1
4 0.1 9 0.4444444444444444 0.1111111111111111 0.4 7 0.5714285714285714 0.14285714285714285 0.5 7 0.5714285714285714 0.14285714285714285 0.6 6 0.6666666666666666 0.16666666666666666 0.7 4 0.75 0.0 0.9 0 1 1
4 0.1 8 0.5 0.0 0.4 5 0.6 0.0 0.5 5 0.6 0.0 0.6 4 0.75 0.0 0.7 4 0.75 0.0 0.9 0 1 1
4 0.1 8 0.5 0.0 0.4 6 0.6666666666666666 0.0 0.5 6 0.6666666666666666 0.0 0.6 5 0.6 0.0 0.7 4 0.75 0.0 0.9 0 1 1
4 0.1 10 0.4 0.1 0.4 7 0.5714285714285714 0.14285714285714285 0.5 7 0.5714285714285714 0.14285714285714285 0.6 5 0.6 0.0 0.7 5 0.6 0.0 0.9 1 1.0 0.0
4 0.1 8 0.5 0.0 0.4 7 0.5714285714285714 0.0 0.5 6 0.5 0.0 0.6 5 0.6 0.0 0.7 5 0.6 0.0 0.9 0 1 1
4 0.1 9 0.4444444444444444 0.1111111111111111 0.4 7 0.5714285714285714 0.14285714285714285 0.5 6 0.6666666666666666 0.16666666666666666 0.6 6 0.6666666666666666 0.16666666666666666 0.7 6 0.6666666666666666 0.16666666666666666 0.9 0 1 1
4 0.1 9 0.4444444444444444 0.0 0.4 7 0.5714285714285714 0.0 0.5 7 0.5714285714285714 0.0 0.6 6 0.6666666666666666 0.0 0.7 6 0.6666666666666666 0.0 0.9 0 1 1
4 0.1 8 0.5 0.0 0.4 7 0.5714285714285714 0.0 0.5 7 0.5714285714285714 0.0 0.6 6 0.6666666666666666 0.0 0.7 6 0.6666666666666666 0.0 0.9 0 1 1
4 0.1 9 0.4444444444444444 0.0 0.4 8 0.5 0.0 0.5 7 0.5714285714285714 0.0 0.6 6 0.6666666666666666 0.0 0.7 6 0.6666666666666666 0.0 0.9 1 1.0 0.0
4 0.1 8 0.5 0.125 0.4 7 0.5714285714285714 0.14285714285714285 0.5 7 0.5714285714285714 0.14285714285714285 0.6 7 0.5714285714285714 0.14285714285714285 0.7 6 0.6666666666666666 0.16666666666666666 0.9 0 1 1
4 0.1 9 0.4444444444444444 0.0 0.4 7 0.5714285714285714 0.0 0.5 7 0.5714285714285714 0.0 0.6 6 0.6666666666666666 0.0 0.7 4 0.75 0.0 0.9 0 1 1
4 0.1 9 0.4444444444444444 0.1111111111111111 0.4 6 0.5 0.16666666666666666 0.5 5 0.6 0.2 0.6 5 0.6 0.2 0.7 5 0.6 0.2 0.9 0 1 1
4 0.1 8 0.5 0.0 0.4 6 0.5 0.0 0.5 6 0.5 0.0 0.6 5 0.6 0.0 0.7 4 0.75 0.0 0.9 0 1 1
4 0.1 9 0.4444444444444444 0.1111111111111111 0.4 7 0.5714285714285714 0.14285714285714285 0.5 6 0.6666666666666666 0.16666666666666666 0.6 5 0.6 0.0 0.7 4 0.75 0.0 0.9 0 1 1
4 0.1 8 0.5 0.0 0.4 7 0.5714285714285714 0.0 0.5 7 0.5714285714285714 0.0 0.6 5 0.8 0.0 0.7 4 0.75 0.0 0.9 0 1 1
4 0.1 8 0.5 0.0 0.4 7 0.5714285714285714 0.0 0.5 7 0.5714285714285714 0.0 0.6 6 0.6666666666666666 0.0 0.7 5 0.6 0.0 0.9 0 1 1
