7 0.1 0 1 1 0.4 0 1 1 0.5 0 1 1 0.6 0 1 1 0.7 0 1 1 0.9 0 1 1
7 0.1 0 1 1 0.4 0 1 1 0.5 0 1 1 0.6 0 1 1 0.7 0 1 1 0.9 0 1 1
7 0.1 8 0.0 0.0 0.4 1 0.0 0.0 0.5 0 1 1 0.6 0 1 1 0.7 0 1 1 0.9 0 1 1
7 0.1 11 0.0 0.0 0.4 0 1 1 0.5 0 1 1 0.6 0 1 1 0.7 0 1 1 0.9 0 1 1
7 0.1 26 0.038461538461538464 0.0 0.4 1 0.0 0.0 0.5 1 0.0 0.0 0.6 0 1 1 0.7 0 1 1 0.9 0 1 1
7 0.1 75 0.08 0.0 0.4 2 0.0 0.0 0.5 0 1 1 0.6 0 1 1 0.7 0 1 1 0.9 0 1 1
7 0.1 19 0.05263157894736842 0.0 0.4 0 1 1 0.5 0 1 1 0.6 0 1 1 0.7 0 1 1 0.9 0 1 1
7 0.1 242 0.024793388429752067 0.0 0.4 16 0.1875 0.0 0.5 2 0.5 0.0 0.6 0 1 1 0.7 0 1 1 0.9 0 1 1
7 0.1 169 0.04142011834319527 0.0 0.4 12 0.4166666666666667 0.0 0.5 4 0.5 0.0 0.6 1 0.0 0.0 0.7 0 1 1 0.9 0 1 1
7 0.1 114 0.06140350877192982 0.0 0.4 0 1 1 0.5 0 1 1 0.6 0 1 1 0.7 0 1 1 0.9 0 1 1
7 0.1 47 0.14893617021276595 0.0 0.4 3 0.3333333333333333 0.0 0.5 0 1 1 0.6 0 1 1 0.7 0 1 1 0.9 0 1 1
7 0.1 106 0.0660377358490566 0.0 0.4 9 0.1111111111111111 0.0 0.5 1 1.0 0.0 0.6 1 1.0 0.0 0.7 0 1 1 0.9 0 1 1
7 0.1 52 0.11538461538461539 0.0 0.4 7 0.14285714285714285 0.0 0.5 2 0.0 0.0 0.6 1 0.0 0.0 0.7 0 1 1 0.9 0 1 1
7 0.1 88 0.06818181818181818 0.0 0.4 23 0.21739130434782608 0.0 0.5 2 0.0 0.0 0.6 0 1 1 0.7 0 1 1 0.9 0 1 1
7 0.1 60 0.08333333333333333 0.0 0.4 1 1.0 0.0 0.5 0 1 1 0.6 0 1 1 0.7 0 1 1 0.9 0 1 1
7 0.1 47 0.14893617021276595 0.0 0.4 9 0.3333333333333333 0.0 0.5 3 0.6666666666666666 0.0 0.6 2 0.5 0.0 0.7 1 0.0 0.0 0.9 0 1 1
7 0.1 63 0.09523809523809523 0.0 0.4 11 0.18181818181818182 0.0 0.5 2 0.5 0.0 0.6 0 1 1 0.7 0 1 1 0.9 0 1 1
7 0.1 54 0.12962962962962962 0.0 0.4 3 0.3333333333333333 0.0 0.5 0 1 1 0.6 0 1 1 0.7 0 1 1 0.9 0 1 1
7 0.1 36 0.16666666666666666 0.0 0.4 8 0.5 0.0 0.5 6 0.6666666666666666 0.0 0.6 2 0.5 0.0 0.7 0 1 1 0.9 0 1 1
7 0.1 42 0.14285714285714285 0.0 0.4 5 0.6 0.0 0.5 2 1.0 0.0 0.6 1 1.0 0.0 0.7 0 1 1 0.9 0 1 1
7 0.1 14 0.35714285714285715 0.0 0.4 3 0.3333333333333333 0.0 0.5 2 0.5 0.0 0.6 2 0.5 0.0 0.7 1 1.0 0.0 0.9 0 1 1
7 0.1 33 0.21212121212121213 0.0 0.4 7 0.42857142857142855 0.0 0.5 4 0.75 0.0 0.6 0 1 1 0.7 0 1 1 0.9 0 1 1
7 0.1 19 0.3157894736842105 0.0 0.4 8 0.5 0.0 0.5 4 0.5 0.0 0.6 1 1.0 0.0 0.7 1 1.0 0.0 0.9 0 1 1
7 0.1 31 0.22580645161290322 0.0 0.4 7 0.5714285714285714 0.0 0.5 3 0.6666666666666666 0.0 0.6 0 1 1 0.7 0 1 1 0.9 0 1 1
7 0.1 8 0.125 0.0 0.4 2 0.5 0.0 0.5 1 1.0 0.0 0.6 0 1 1 0.7 0 1 1 0.9 0 1 1
7 0.1 39 0.1794871794871795 0.0 0.4 6 0.3333333333333333 0.0 0.5 3 0.3333333333333333 0.0 0.6 1 0.0 0.0 0.7 0 1 1 0.9 0 1 1
7 0.1 32 0.21875 0.0 0.4 6 0.5 0.0 0.5 3 0.6666666666666666 0.0 0.6 1 1.0 0.0 0.7 0 1 1 0.9 0 1 1
7 0.1 21 0.2857142857142857 0.0 0.4 6 0.3333333333333333 0.0 0.5 5 0.4 0.0 0.6 4 0.5 0.0 0.7 1 1.0 0.0 0.9 0 1 1
7 0.1 7 0.42857142857142855 0.0 0.4 3 0.6666666666666666 0.0 0.5 1 1.0 0.0 0.6 0 1 1 0.7 0 1 1 0.9 0 1 1
7 0.1 36 0.19444444444444445 0.0 0.4 13 0.46153846153846156 0.0 0.5 8 0.5 0.0 0.6 6 0.6666666666666666 0.0 0.7 4 0.5 0.0 0.9 0 1 1
7 0.1 14 0.2857142857142857 0.0 0.4 4 0.5 0.0 0.5 2 0.5 0.0 0.6 2 0.5 0.0 0.7 2 0.5 0.0 0.9 0 1 1
7 0.1 14 0.35714285714285715 0.0 0.4 6 0.6666666666666666 0.0 0.5 4 0.75 0.0 0.6 3 1.0 0.0 0.7 1 1.0 0.0 0.9 0 1 1
7 0.1 21 0.23809523809523808 0.0 0.4 5 0.4 0.0 0.5 4 0.5 0.0 0.6 0 1 1 0.7 0 1 1 0.9 0 1 1
7 0.1 37 0.16216216216216217 0.0 0.4 12 0.4166666666666667 0.0 0.5 8 0.625 0.0 0.6 6 0.6666666666666666 0.0 0.7 1 1.0 0.0 0.9 0 1 1
7 0.1 9 0.3333333333333333 0.0 0.4 2 0.5 0.0 0.5 1 0.0 0.0 0.6 0 1 1 0.7 0 1 1 0.9 0 1 1
7 0.1 25 0.24 0.0 0.4 12 0.3333333333333333 0.0 0.5 7 0.5714285714285714 0.0 0.6 5 0.8 0.0 0.7 3 1.0 0.0 0.9 0 1 1
7 0.1 10 0.5 0.0 0.4 3 0.6666666666666666 0.0 0.5 2 1.0 0.0 0.6 1 1.0 0.0 0.7 0 1 1 0.9 0 1 1
7 0.1 1 0.0 0.0 0.4 0 1 1 0.5 0 1 1 0.6 0 1 1 0.7 0 1 1 0.9 0 1 1
7 0.1 49 0.14285714285714285 0.0 0.4 11 0.45454545454545453 0.0 0.5 8 0.375 0.0 0.6 2 0.5 0.0 0.7 1 1.0 0.0 0.9 0 1 1
7 0.1 16 0.25 0.0 0.4 4 0.25 0.0 0.5 2 0.0 0.0 0.6 1 0.0 0.0 0.7 0 1 1 0.9 0 1 1
7 0.1 10 0.3 0.1 0.4 2 1.0 0.5 0.5 1 1.0 1.0 0.6 0 1 1 0.7 0 1 1 0.9 0 1 1
7 0.1 14 0.14285714285714285 0.0 0.4 1 1.0 0.0 0.5 1 1.0 0.0 0.6 0 1 1 0.7 0 1 1 0.9 0 1 1
7 0.1 4 0.25 0.0 0.4 1 0.0 0.0 0.5 0 1 1 0.6 0 1 1 0.7 0 1 1 0.9 0 1 1
7 0.1 7 0.2857142857142857 0.0 0.4 0 1 1 0.5 0 1 1 0.6 0 1 1 0.7 0 1 1 0.9 0 1 1
7 0.1 0 1 1 0.4 0 1 1 0.5 0 1 1 0.6 0 1 1 0.7 0 1 1 0.9 0 1 1
7 0.1 1 0.0 0.0 0.4 0 1 1 0.5 0 1 1 0.6 0 1 1 0.7 0 1 1 0.9 0 1 1
7 0.1 0 1 1 0.4 0 1 1 0.5 0 1 1 0.6 0 1 1 0.7 0 1 1 0.9 0 1 1
7 0.1 0 1 1 0.4 0 1 1 0.5 0 1 1 0.6 0 1 1 0.7 0 1 1 0.9 0 1 1
7 0.1 0 1 1 0.4 0 1 1 0.5 0 1 1 0.6 0 1 1 0.7 0 1 1 0.9 0 1 1
7 0.1 0 1 1 0.4 0 1 1 0.5 0 1 1 0.6 0 1 1 0.7 0 1 1 0.9 0 1 1
7 0.1 1 1.0 0.0 0.4 0 1 1 0.5 0 1 1 0.6 0 1 1 0.7 0 1 1 0.9 0 1 1
7 0.1 18 0.16666666666666666 0.0 0.4 2 0.5 0.0 0.5 2 0.5 0.0 0.6 1 1.0 0.0 0.7 0 1 1 0.9 0 1 1
7 0.1 5 0.6 0.0 0.4 2 1.0 0.0 0.5 1 1.0 0.0 0.6 1 1.0 0.0 0.7 0 1 1 0.9 0 1 1
7 0.1 16 0.375 0.0 0.4 4 0.75 0.0 0.5 2 1.0 0.0 0.6 2 1.0 0.0 0.7 0 1 1 0.9 0 1 1
7 0.1 15 0.06666666666666667 0.0 0.4 2 0.5 0.0 0.5 2 0.5 0.0 0.6 0 1 1 0.7 0 1 1 0.9 0 1 1
7 0.1 3 0.6666666666666666 0.0 0.4 0 1 1 0.5 0 1 1 0.6 0 1 1 0.7 0 1 1 0.9 0 1 1
7 0.1 5 0.2 0.0 0.4 0 1 1 0.5 0 1 1 0.6 0 1 1 0.7 0 1 1 0.9 0 1 1
7 0.1 26 0.19230769230769232 0.0 0.4 8 0.5 0.0 0.5 5 0.8 0.0 0.6 2 1.0 0.0 0.7 0 1 1 0.9 0 1 1
7 0.1 15 0.26666666666666666 0.0 0.4 3 1.0 0.0 0.5 1 1.0 0.0 0.6 1 1.0 0.0 0.7 0 1 1 0.9 0 1 1
7 0.1 51 0.0784313725490196 0.0 0.4 1 0.0 0.0 0.5 0 1 1 0.6 0 1 1 0.7 0 1 1 0.9 0 1 1
7 0.1 11 0.18181818181818182 0.0 0.4 1 1.0 0.0 0.5 0 1 1 0.6 0 1 1 0.7 0 1 1 0.9 0 1 1
7 0.1 11 0.36363636363636365 0.0 0.4 1 0.0 0.0 0.5 0 1 1 0.6 0 1 1 0.7 0 1 1 0.9 0 1 1
7 0.1 23 0.21739130434782608 0.0 0.4 1 1.0 0.0 0.5 0 1 1 0.6 0 1 1 0.7 0 1 1 0.9 0 1 1
7 0.1 22 0.2727272727272727 0.0 0.4 8 0.5 0.0 0.5 2 1.0 0.0 0.6 2 1.0 0.0 0.7 0 1 1 0.9 0 1 1
7 0.1 18 0.2777777777777778 0.0 0.4 6 0.6666666666666666 0.0 0.5 3 1.0 0.0 0.6 3 1.0 0.0 0.7 0 1 1 0.9 0 1 1
7 0.1 24 0.2916666666666667 0.0 0.4 7 0.5714285714285714 0.0 0.5 5 0.8 0.0 0.6 1 1.0 0.0 0.7 1 1.0 0.0 0.9 0 1 1
7 0.1 25 0.24 0.0 0.4 5 0.8 0.0 0.5 4 1.0 0.0 0.6 2 1.0 0.0 0.7 0 1 1 0.9 0 1 1
7 0.1 4 0.0 0.0 0.4 0 1 1 0.5 0 1 1 0.6 0 1 1 0.7 0 1 1 0.9 0 1 1
7 0.1 0 1 1 0.4 0 1 1 0.5 0 1 1 0.6 0 1 1 0.7 0 1 1 0.9 0 1 1
7 0.1 4 0.0 0.0 0.4 0 1 1 0.5 0 1 1 0.6 0 1 1 0.7 0 1 1 0.9 0 1 1
7 0.1 7 0.5714285714285714 0.0 0.4 2 1.0 0.0 0.5 1 1.0 0.0 0.6 1 1.0 0.0 0.7 1 1.0 0.0 0.9 0 1 1
7 0.1 27 0.18518518518518517 0.0 0.4 8 0.5 0.0 0.5 5 0.8 0.0 0.6 3 1.0 0.0 0.7 0 1 1 0.9 0 1 1
7 0.1 27 0.25925925925925924 0.0 0.4 7 0.5714285714285714 0.0 0.5 4 1.0 0.0 0.6 3 1.0 0.0 0.7 0 1 1 0.9 0 1 1
7 0.1 7 0.42857142857142855 0.0 0.4 1 1.0 0.0 0.5 1 1.0 0.0 0.6 0 1 1 0.7 0 1 1 0.9 0 1 1
7 0.1 12 0.3333333333333333 0.0 0.4 2 0.5 0.0 0.5 1 1.0 0.0 0.6 0 1 1 0.7 0 1 1 0.9 0 1 1
7 0.1 17 0.29411764705882354 0.0 0.4 3 1.0 0.0 0.5 3 1.0 0.0 0.6 0 1 1 0.7 0 1 1 0.9 0 1 1
7 0.1 24 0.2916666666666667 0.0 0.4 5 0.6 0.0 0.5 3 1.0 0.0 0.6 0 1 1 0.7 0 1 1 0.9 0 1 1
7 0.1 25 0.28 0.0 0.4 6 0.5 0.0 0.5 3 0.6666666666666666 0.0 0.6 1 1.0 0.0 0.7 0 1 1 0.9 0 1 1
7 0.1 39 0.15384615384615385 0.0 0.4 2 0.0 0.0 0.5 1 0.0 0.0 0.6 0 1 1 0.7 0 1 1 0.9 0 1 1
7 0.1 33 0.18181818181818182 0.0 0.4 11 0.2727272727272727 0.0 0.5 7 0.2857142857142857 0.0 0.6 3 0.3333333333333333 0.0 0.7 0 1 1 0.9 0 1 1
7 0.1 129 0.046511627906976744 0.0 0.4 23 0.17391304347826086 0.0 0.5 10 0.3 0.0 0.6 8 0.25 0.0 0.7 3 0.0 0.0 0.9 0 1 1
7 0.1 20 0.25 0.0 0.4 4 0.75 0.0 0.5 2 0.5 0.0 0.6 0 1 1 0.7 0 1 1 0.9 0 1 1
7 0.1 6 0.5 0.0 0.4 3 0.6666666666666666 0.0 0.5 3 0.6666666666666666 0.0 0.6 1 1.0 0.0 0.7 1 1.0 0.0 0.9 0 1 1
7 0.1 14 0.35714285714285715 0.0 0.4 3 1.0 0.0 0.5 2 1.0 0.0 0.6 0 1 1 0.7 0 1 1 0.9 0 1 1
7 0.1 15 0.3333333333333333 0.0 0.4 4 0.75 0.0 0.5 4 0.75 0.0 0.6 2 1.0 0.0 0.7 1 1.0 0.0 0.9 0 1 1
7 0.1 10 0.4 0.0 0.4 4 0.75 0.0 0.5 2 1.0 0.0 0.6 1 1.0 0.0 0.7 0 1 1 0.9 0 1 1
7 0.1 9 0.5555555555555556 0.0 0.4 3 0.6666666666666666 0.0 0.5 2 1.0 0.0 0.6 1 1.0 0.0 0.7 1 1.0 0.0 0.9 0 1 1
7 0.1 11 0.45454545454545453 0.0 0.4 4 0.75 0.0 0.5 3 0.6666666666666666 0.0 0.6 3 0.6666666666666666 0.0 0.7 1 1.0 0.0 0.9 0 1 1
7 0.1 13 0.38461538461538464 0.0 0.4 4 0.75 0.0 0.5 2 0.5 0.0 0.6 2 0.5 0.0 0.7 1 1.0 0.0 0.9 0 1 1
7 0.1 9 0.5555555555555556 0.0 0.4 5 0.8 0.0 0.5 3 0.6666666666666666 0.0 0.6 3 0.6666666666666666 0.0 0.7 1 1.0 0.0 0.9 0 1 1
7 0.1 15 0.3333333333333333 0.0 0.4 8 0.625 0.0 0.5 6 0.8333333333333334 0.0 0.6 4 0.75 0.0 0.7 1 1.0 0.0 0.9 0 1 1
7 0.1 10 0.5 0.0 0.4 4 0.75 0.0 0.5 3 0.6666666666666666 0.0 0.6 1 1.0 0.0 0.7 0 1 1 0.9 0 1 1
7 0.1 22 0.2727272727272727 0.0 0.4 8 0.625 0.0 0.5 6 0.6666666666666666 0.0 0.6 3 1.0 0.0 0.7 3 1.0 0.0 0.9 0 1 1
7 0.1 70 0.07142857142857142 0.0 0.4 7 0.2857142857142857 0.0 0.5 4 0.25 0.0 0.6 3 0.3333333333333333 0.0 0.7 1 0.0 0.0 0.9 0 1 1
7 0.1 4 0.75 0.0 0.4 1 1.0 0.0 0.5 1 1.0 0.0 0.6 1 1.0 0.0 0.7 0 1 1 0.9 0 1 1
7 0.1 15 0.4666666666666667 0.0 0.4 1 0.0 0.0 0.5 0 1 1 0.6 0 1 1 0.7 0 1 1 0.9 0 1 1
7 0.1 23 0.2608695652173913 0.0 0.4 5 0.6 0.0 0.5 4 0.75 0.0 0.6 1 1.0 0.0 0.7 0 1 1 0.9 0 1 1
7 0.1 11 0.45454545454545453 0.0 0.4 6 0.6666666666666666 0.0 0.5 4 1.0 0.0 0.6 3 1.0 0.0 0.7 2 1.0 0.0 0.9 0 1 1
7 0.1 12 0.3333333333333333 0.0 0.4 4 0.75 0.0 0.5 1 1.0 0.0 0.6 1 1.0 0.0 0.7 1 1.0 0.0 0.9 0 1 1
7 0.1 14 0.2857142857142857 0.0 0.4 1 1.0 0.0 0.5 1 1.0 0.0 0.6 1 1.0 0.0 0.7 1 1.0 0.0 0.9 0 1 1
7 0.1 61 0.08196721311475409 0.0 0.4 15 0.26666666666666666 0.0 0.5 6 0.5 0.0 0.6 1 1.0 0.0 0.7 0 1 1 0.9 0 1 1
7 0.1 10 0.4 0.0 0.4 4 0.75 0.0 0.5 4 0.75 0.0 0.6 2 1.0 0.0 0.7 2 1.0 0.0 0.9 0 1 1
7 0.1 12 0.3333333333333333 0.0 0.4 5 0.6 0.0 0.5 5 0.6 0.0 0.6 4 0.75 0.0 0.7 2 1.0 0.0 0.9 0 1 1
7 0.1 14 0.2857142857142857 0.0 0.4 4 0.75 0.0 0.5 4 0.75 0.0 0.6 4 0.75 0.0 0.7 1 1.0 0.0 0.9 0 1 1
7 0.1 21 0.2857142857142857 0.0 0.4 5 0.6 0.0 0.5 3 0.6666666666666666 0.0 0.6 3 0.6666666666666666 0.0 0.7 2 0.5 0.0 0.9 0 1 1
7 0.1 14 0.2857142857142857 0.0 0.4 3 0.6666666666666666 0.0 0.5 2 0.5 0.0 0.6 2 0.5 0.0 0.7 1 1.0 0.0 0.9 0 1 1
7 0.1 27 0.2222222222222222 0.0 0.4 6 0.6666666666666666 0.0 0.5 5 0.8 0.0 0.6 4 0.75 0.0 0.7 3 1.0 0.0 0.9 0 1 1
7 0.1 17 0.4117647058823529 0.0 0.4 6 0.5 0.0 0.5 4 0.75 0.0 0.6 4 0.75 0.0 0.7 2 0.5 0.0 0.9 0 1 1
7 0.1 13 0.38461538461538464 0.0 0.4 5 0.6 0.0 0.5 4 0.75 0.0 0.6 4 0.75 0.0 0.7 3 0.6666666666666666 0.0 0.9 0 1 1
7 0.1 17 0.29411764705882354 0.0 0.4 4 0.75 0.0 0.5 4 0.75 0.0 0.6 2 0.5 0.0 0.7 1 1.0 0.0 0.9 0 1 1
7 0.1 19 0.2631578947368421 0.0 0.4 7 0.5714285714285714 0.0 0.5 6 0.6666666666666666 0.0 0.6 5 0.8 0.0 0.7 2 1.0 0.0 0.9 0 1 1
7 0.1 16 0.3125 0.0 0.4 6 0.5 0.0 0.5 4 0.75 0.0 0.6 4 0.75 0.0 0.7 3 0.6666666666666666 0.0 0.9 0 1 1
7 0.1 15 0.26666666666666666 0.0 0.4 4 0.75 0.0 0.5 4 0.75 0.0 0.6 3 1.0 0.0 0.7 2 1.0 0.0 0.9 0 1 1
7 0.1 18 0.2222222222222222 0.0 0.4 6 0.6666666666666666 0.0 0.5 5 0.8 0.0 0.6 4 0.75 0.0 0.7 2 1.0 0.0 0.9 0 1 1
7 0.1 11 0.36363636363636365 0.0 0.4 4 0.75 0.0 0.5 4 0.75 0.0 0.6 3 0.6666666666666666 0.0 0.7 3 0.6666666666666666 0.0 0.9 0 1 1
7 0.1 19 0.2631578947368421 0.0 0.4 5 0.6 0.0 0.5 4 0.75 0.0 0.6 4 0.75 0.0 0.7 0 1 1 0.9 0 1 1
7 0.1 13 0.3076923076923077 0.0 0.4 6 0.6666666666666666 0.0 0.5 6 0.6666666666666666 0.0 0.6 2 1.0 0.0 0.7 2 1.0 0.0 0.9 0 1 1
7 0.1 12 0.3333333333333333 0.0 0.4 3 0.6666666666666666 0.0 0.5 3 0.6666666666666666 0.0 0.6 1 1.0 0.0 0.7 1 1.0 0.0 0.9 0 1 1
7 0.1 8 0.5 0.0 0.4 4 0.75 0.0 0.5 4 0.75 0.0 0.6 4 0.75 0.0 0.7 2 1.0 0.0 0.9 0 1 1
7 0.1 18 0.2777777777777778 0.0 0.4 4 0.75 0.0 0.5 4 0.75 0.0 0.6 4 0.75 0.0 0.7 2 1.0 0.0 0.9 0 1 1
7 0.1 15 0.26666666666666666 0.0 0.4 4 0.75 0.0 0.5 4 0.75 0.0 0.6 3 0.6666666666666666 0.0 0.7 1 0.0 0.0 0.9 0 1 1
7 0.1 11 0.36363636363636365 0.0 0.4 4 0.75 0.0 0.5 4 0.75 0.0 0.6 4 0.75 0.0 0.7 3 0.6666666666666666 0.0 0.9 0 1 1
7 0.1 23 0.2608695652173913 0.0 0.4 7 0.42857142857142855 0.0 0.5 5 0.6 0.0 0.6 4 0.75 0.0 0.7 4 0.75 0.0 0.9 0 1 1
7 0.1 22 0.2727272727272727 0.0 0.4 6 0.6666666666666666 0.0 0.5 5 0.8 0.0 0.6 4 0.75 0.0 0.7 3 0.6666666666666666 0.0 0.9 0 1 1
7 0.1 18 0.2777777777777778 0.0 0.4 6 0.6666666666666666 0.0 0.5 4 0.75 0.0 0.6 4 0.75 0.0 0.7 2 1.0 0.0 0.9 0 1 1
7 0.1 15 0.4 0.0 0.4 4 0.75 0.0 0.5 4 0.75 0.0 0.6 4 0.75 0.0 0.7 2 1.0 0.0 0.9 0 1 1
7 0.1 11 0.45454545454545453 0.0 0.4 4 0.75 0.0 0.5 4 0.75 0.0 0.6 3 0.6666666666666666 0.0 0.7 0 1 1 0.9 0 1 1
7 0.1 14 0.2857142857142857 0.0 0.4 6 0.6666666666666666 0.0 0.5 5 0.8 0.0 0.6 3 1.0 0.0 0.7 1 1.0 0.0 0.9 0 1 1
7 0.1 14 0.35714285714285715 0.0 0.4 4 0.75 0.0 0.5 4 0.75 0.0 0.6 2 0.5 0.0 0.7 1 1.0 0.0 0.9 0 1 1
7 0.1 12 0.4166666666666667 0.0 0.4 3 0.6666666666666666 0.0 0.5 3 0.6666666666666666 0.0 0.6 2 0.5 0.0 0.7 1 1.0 0.0 0.9 0 1 1
7 0.1 11 0.45454545454545453 0.09090909090909091 0.4 6 0.6666666666666666 0.16666666666666666 0.5 5 0.6 0.0 0.6 5 0.6 0.0 0.7 3 0.6666666666666666 0.0 0.9 0 1 1
7 0.1 6 0.5 0.0 0.4 5 0.6 0.0 0.5 4 0.5 0.0 0.6 3 0.6666666666666666 0.0 0.7 2 0.5 0.0 0.9 0 1 1
7 0.1 15 0.3333333333333333 0.0 0.4 4 0.75 0.0 0.5 4 0.75 0.0 0.6 4 0.75 0.0 0.7 3 0.6666666666666666 0.0 0.9 0 1 1
7 0.1 14 0.21428571428571427 0.0 0.4 7 0.42857142857142855 0.0 0.5 4 0.75 0.0 0.6 4 0.75 0.0 0.7 4 0.75 0.0 0.9 0 1 1
7 0.1 17 0.17647058823529413 0.0 0.4 6 0.5 0.0 0.5 4 0.75 0.0 0.6 4 0.75 0.0 0.7 4 0.75 0.0 0.9 0 1 1
7 0.1 16 0.25 0.0 0.4 8 0.5 0.0 0.5 6 0.5 0.0 0.6 5 0.6 0.0 0.7 3 0.6666666666666666 0.0 0.9 0 1 1
7 0.1 23 0.2608695652173913 0.0 0.4 9 0.4444444444444444 0.0 0.5 7 0.5714285714285714 0.0 0.6 4 0.75 0.0 0.7 4 0.75 0.0 0.9 0 1 1
7 0.1 16 0.3125 0.0 0.4 8 0.625 0.0 0.5 6 0.8333333333333334 0.0 0.6 5 0.8 0.0 0.7 4 0.75 0.0 0.9 0 1 1
7 0.1 13 0.38461538461538464 0.0 0.4 5 0.8 0.0 0.5 4 0.75 0.0 0.6 4 0.75 0.0 0.7 3 0.6666666666666666 0.0 0.9 0 1 1
7 0.1 13 0.38461538461538464 0.0 0.4 6 0.6666666666666666 0.0 0.5 5 0.6 0.0 0.6 5 0.6 0.0 0.7 3 0.3333333333333333 0.0 0.9 0 1 1
7 0.1 14 0.35714285714285715 0.0 0.4 7 0.7142857142857143 0.0 0.5 5 0.8 0.0 0.6 5 0.8 0.0 0.7 5 0.8 0.0 0.9 0 1 1
7 0.1 20 0.3 0.0 0.4 5 0.8 0.0 0.5 5 0.8 0.0 0.6 5 0.8 0.0 0.7 4 0.75 0.0 0.9 0 1 1
7 0.1 10 0.5 0.0 0.4 5 0.8 0.0 0.5 5 0.8 0.0 0.6 4 0.75 0.0 0.7 4 0.75 0.0 0.9 0 1 1
7 0.1 15 0.26666666666666666 0.0 0.4 4 0.75 0.0 0.5 4 0.75 0.0 0.6 4 0.75 0.0 0.7 4 0.75 0.0 0.9 0 1 1
7 0.1 34 0.17647058823529413 0.0 0.4 10 0.4 0.0 0.5 9 0.4444444444444444 0.0 0.6 5 0.6 0.0 0.7 4 0.5 0.0 0.9 0 1 1
7 0.1 21 0.2857142857142857 0.0 0.4 8 0.5 0.0 0.5 8 0.5 0.0 0.6 7 0.5714285714285714 0.0 0.7 4 0.75 0.0 0.9 0 1 1
7 0.1 16 0.3125 0.0625 0.4 7 0.5714285714285714 0.14285714285714285 0.5 6 0.5 0.16666666666666666 0.6 5 0.6 0.2 0.7 2 1.0 0.0 0.9 0 1 1
7 0.1 14 0.35714285714285715 0.0 0.4 7 0.5714285714285714 0.0 0.5 4 0.5 0.0 0.6 3 0.6666666666666666 0.0 0.7 2 0.5 0.0 0.9 0 1 1
7 0.1 21 0.23809523809523808 0.0 0.4 11 0.45454545454545453 0.0 0.5 11 0.45454545454545453 0.0 0.6 10 0.5 0.0 0.7 7 0.5714285714285714 0.0 0.9 0 1 1
7 0.1 19 0.2631578947368421 0.0 0.4 7 0.42857142857142855 0.0 0.5 5 0.6 0.0 0.6 4 0.75 0.0 0.7 3 0.6666666666666666 0.0 0.9 0 1 1
7 0.1 21 0.23809523809523808 0.0 0.4 5 0.8 0.0 0.5 4 0.75 0.0 0.6 4 0.75 0.0 0.7 4 0.75 0.0 0.9 0 1 1
7 0.1 22 0.2727272727272727 0.0 0.4 6 0.6666666666666666 0.0 0.5 5 0.8 0.0 0.6 5 0.8 0.0 0.7 4 0.75 0.0 0.9 0 1 1
7 0.1 20 0.3 0.0 0.4 10 0.5 0.0 0.5 7 0.5714285714285714 0.0 0.6 6 0.6666666666666666 0.0 0.7 4 0.75 0.0 0.9 0 1 1
7 0.1 21 0.2857142857142857 0.0 0.4 8 0.5 0.0 0.5 8 0.5 0.0 0.6 6 0.6666666666666666 0.0 0.7 5 0.8 0.0 0.9 0 1 1
7 0.1 22 0.22727272727272727 0.0 0.4 10 0.5 0.0 0.5 8 0.5 0.0 0.6 7 0.5714285714285714 0.0 0.7 4 0.5 0.0 0.9 0 1 1
7 0.1 15 0.4 0.0 0.4 8 0.625 0.0 0.5 8 0.625 0.0 0.6 7 0.5714285714285714 0.0 0.7 6 0.6666666666666666 0.0 0.9 0 1 1
7 0.1 17 0.35294117647058826 0.0 0.4 9 0.4444444444444444 0.0 0.5 8 0.5 0.0 0.6 8 0.5 0.0 0.7 5 0.6 0.0 0.9 0 1 1
7 0.1 11 0.36363636363636365 0.0 0.4 5 0.6 0.0 0.5 5 0.6 0.0 0.6 5 0.6 0.0 0.7 5 0.6 0.0 0.9 0 1 1
7 0.1 11 0.36363636363636365 0.0 0.4 7 0.5714285714285714 0.0 0.5 6 0.6666666666666666 0.0 0.6 5 0.6 0.0 0.7 4 0.75 0.0 0.9 0 1 1
7 0.1 11 0.36363636363636365 0.09090909090909091 0.4 6 0.6666666666666666 0.16666666666666666 0.5 6 0.6666666666666666 0.16666666666666666 0.6 6 0.6666666666666666 0.16666666666666666 0.7 5 0.6 0.2 0.9 0 1 1
7 0.1 18 0.2777777777777778 0.0 0.4 6 0.6666666666666666 0.0 0.5 6 0.6666666666666666 0.0 0.6 6 0.6666666666666666 0.0 0.7 6 0.6666666666666666 0.0 0.9 0 1 1
7 0.1 22 0.2727272727272727 0.0 0.4 7 0.5714285714285714 0.0 0.5 7 0.5714285714285714 0.0 0.6 7 0.5714285714285714 0.0 0.7 6 0.6666666666666666 0.0 0.9 0 1 1
7 0.1 18 0.3333333333333333 0.0 0.4 8 0.625 0.0 0.5 8 0.625 0.0 0.6 7 0.5714285714285714 0.0 0.7 6 0.6666666666666666 0.0 0.9 0 1 1
7 0.1 19 0.3157894736842105 0.0 0.4 8 0.625 0.0 0.5 8 0.625 0.0 0.6 6 0.8333333333333334 0.0 0.7 5 0.8 0.0 0.9 0 1 1
7 0.1 18 0.2777777777777778 0.0 0.4 6 0.6666666666666666 0.0 0.5 5 0.8 0.0 0.6 4 0.75 0.0 0.7 3 0.6666666666666666 0.0 0.9 0 1 1
7 0.1 14 0.42857142857142855 0.0 0.4 8 0.625 0.0 0.5 7 0.5714285714285714 0.0 0.6 3 0.3333333333333333 0.0 0.7 2 0.0 0.0 0.9 0 1 1
7 0.1 18 0.2777777777777778 0.0 0.4 10 0.5 0.0 0.5 8 0.625 0.0 0.6 6 0.6666666666666666 0.0 0.7 5 0.6 0.0 0.9 0 1 1
7 0.1 14 0.35714285714285715 0.0 0.4 6 0.5 0.0 0.5 6 0.5 0.0 0.6 5 0.6 0.0 0.7 5 0.6 0.0 0.9 0 1 1
7 0.1 13 0.38461538461538464 0.0 0.4 6 0.6666666666666666 0.0 0.5 4 0.5 0.0 0.6 3 0.3333333333333333 0.0 0.7 2 0.5 0.0 0.9 0 1 1
7 0.1 16 0.375 0.0625 0.4 8 0.625 0.125 0.5 7 0.7142857142857143 0.14285714285714285 0.6 7 0.7142857142857143 0.14285714285714285 0.7 5 0.6 0.0 0.9 0 1 1
7 0.1 9 0.5555555555555556 0.0 0.4 6 0.6666666666666666 0.0 0.5 6 0.6666666666666666 0.0 0.6 5 0.8 0.0 0.7 3 0.6666666666666666 0.0 0.9 0 1 1
7 0.1 12 0.4166666666666667 0.0 0.4 6 0.6666666666666666 0.0 0.5 6 0.6666666666666666 0.0 0.6 4 0.75 0.0 0.7 4 0.75 0.0 0.9 0 1 1
7 0.1 8 0.5 0.0 0.4 4 0.5 0.0 0.5 4 0.5 0.0 0.6 2 0.5 0.0 0.7 1 0.0 0.0 0.9 0 1 1
7 0.1 16 0.3125 0.0 0.4 6 0.5 0.0 0.5 4 0.75 0.0 0.6 4 0.75 0.0 0.7 3 1.0 0.0 0.9 0 1 1
7 0.1 13 0.38461538461538464 0.0 0.4 8 0.5 0.0 0.5 6 0.5 0.0 0.6 6 0.5 0.0 0.7 6 0.5 0.0 0.9 0 1 1
7 0.1 14 0.42857142857142855 0.0 0.4 9 0.5555555555555556 0.0 0.5 7 0.5714285714285714 0.0 0.6 6 0.6666666666666666 0.0 0.7 6 0.6666666666666666 0.0 0.9 0 1 1
7 0.1 11 0.45454545454545453 0.0 0.4 7 0.5714285714285714 0.0 0.5 6 0.6666666666666666 0.0 0.6 6 0.6666666666666666 0.0 0.7 6 0.6666666666666666 0.0 0.9 0 1 1
7 0.1 7 0.5714285714285714 0.0 0.4 6 0.6666666666666666 0.0 0.5 6 0.6666666666666666 0.0 0.6 6 0.6666666666666666 0.0 0.7 6 0.6666666666666666 0.0 0.9 0 1 1
7 0.1 7 0.5714285714285714 0.0 0.4 5 0.8 0.0 0.5 5 0.8 0.0 0.6 3 0.6666666666666666 0.0 0.7 2 0.5 0.0 0.9 0 1 1
7 0.1 8 0.5 0.0 0.4 6 0.6666666666666666 0.0 0.5 6 0.6666666666666666 0.0 0.6 6 0.6666666666666666 0.0 0.7 5 0.8 0.0 0.9 0 1 1
7 0.1 8 0.375 0.0 0.4 4 0.75 0.0 0.5 4 0.75 0.0 0.6 4 0.75 0.0 0.7 2 0.5 0.0 0.9 0 1 1
7 0.1 13 0.38461538461538464 0.0 0.4 9 0.5555555555555556 0.0 0.5 6 0.6666666666666666 0.0 0.6 5 0.8 0.0 0.7 4 0.75 0.0 0.9 0 1 1
7 0.1 9 0.5555555555555556 0.0 0.4 7 0.7142857142857143 0.0 0.5 7 0.7142857142857143 0.0 0.6 7 0.7142857142857143 0.0 0.7 6 0.6666666666666666 0.0 0.9 0 1 1
7 0.1 11 0.45454545454545453 0.0 0.4 7 0.7142857142857143 0.0 0.5 7 0.7142857142857143 0.0 0.6 7 0.7142857142857143 0.0 0.7 4 0.75 0.0 0.9 0 1 1
7 0.1 10 0.5 0.0 0.4 8 0.625 0.0 0.5 8 0.625 0.0 0.6 8 0.625 0.0 0.7 7 0.5714285714285714 0.0 0.9 0 1 1
7 0.1 12 0.4166666666666667 0.0 0.4 8 0.625 0.0 0.5 7 0.7142857142857143 0.0 0.6 4 0.75 0.0 0.7 3 0.6666666666666666 0.0 0.9 0 1 1
7 0.1 12 0.5 0.0 0.4 7 0.5714285714285714 0.0 0.5 6 0.5 0.0 0.6 5 0.6 0.0 0.7 3 0.6666666666666666 0.0 0.9 0 1 1
7 0.1 10 0.5 0.0 0.4 7 0.5714285714285714 0.0 0.5 6 0.5 0.0 0.6 3 0.6666666666666666 0.0 0.7 3 0.6666666666666666 0.0 0.9 0 1 1
7 0.1 11 0.36363636363636365 0.0 0.4 7 0.5714285714285714 0.0 0.5 7 0.5714285714285714 0.0 0.6 6 0.6666666666666666 0.0 0.7 4 0.75 0.0 0.9 0 1 1
7 0.1 10 0.4 0.0 0.4 5 0.8 0.0 0.5 5 0.8 0.0 0.6 5 0.8 0.0 0.7 5 0.8 0.0 0.9 0 1 1
7 0.1 9 0.4444444444444444 0.1111111111111111 0.4 5 0.8 0.2 0.5 5 0.8 0.2 0.6 4 0.75 0.0 0.7 3 0.6666666666666666 0.0 0.9 0 1 1
7 0.1 11 0.36363636363636365 0.0 0.4 5 0.8 0.0 0.5 5 0.8 0.0 0.6 5 0.8 0.0 0.7 4 0.75 0.0 0.9 0 1 1
7 0.1 12 0.3333333333333333 0.0 0.4 5 0.6 0.0 0.5 4 0.75 0.0 0.6 4 0.75 0.0 0.7 4 0.75 0.0 0.9 0 1 1
7 0.1 13 0.3076923076923077 0.07692307692307693 0.4 6 0.6666666666666666 0.16666666666666666 0.5 6 0.6666666666666666 0.16666666666666666 0.6 6 0.6666666666666666 0.16666666666666666 0.7 4 0.75 0.25 0.9 0 1 1
7 0.1 10 0.4 0.1 0.4 6 0.6666666666666666 0.16666666666666666 0.5 6 0.6666666666666666 0.16666666666666666 0.6 6 0.6666666666666666 0.16666666666666666 0.7 6 0.6666666666666666 0.16666666666666666 0.9 0 1 1
7 0.1 12 0.3333333333333333 0.0 0.4 7 0.5714285714285714 0.0 0.5 6 0.6666666666666666 0.0 0.6 6 0.6666666666666666 0.0 0.7 6 0.6666666666666666 0.0 0.9 0 1 1
7 0.1 12 0.3333333333333333 0.0 0.4 6 0.6666666666666666 0.0 0.5 5 0.8 0.0 0.6 5 0.8 0.0 0.7 5 0.8 0.0 0.9 0 1 1
7 0.1 12 0.3333333333333333 0.0 0.4 6 0.6666666666666666 0.0 0.5 6 0.6666666666666666 0.0 0.6 6 0.6666666666666666 0.0 0.7 5 0.6 0.0 0.9 0 1 1
7 0.1 14 0.2857142857142857 0.0 0.4 7 0.5714285714285714 0.0 0.5 6 0.6666666666666666 0.0 0.6 6 0.6666666666666666 0.0 0.7 6 0.6666666666666666 0.0 0.9 0 1 1
7 0.1 12 0.4166666666666667 0.0 0.4 7 0.5714285714285714 0.0 0.5 7 0.5714285714285714 0.0 0.6 6 0.6666666666666666 0.0 0.7 5 0.6 0.0 0.9 0 1 1
7 0.1 14 0.35714285714285715 0.0 0.4 7 0.5714285714285714 0.0 0.5 6 0.6666666666666666 0.0 0.6 6 0.6666666666666666 0.0 0.7 6 0.6666666666666666 0.0 0.9 0 1 1
7 0.1 16 0.375 0.0 0.4 6 0.6666666666666666 0.0 0.5 6 0.6666666666666666 0.0 0.6 6 0.6666666666666666 0.0 0.7 6 0.6666666666666666 0.0 0.9 0 1 1
7 0.1 13 0.38461538461538464 0.0 0.4 8 0.625 0.0 0.5 7 0.7142857142857143 0.0 0.6 6 0.6666666666666666 0.0 0.7 6 0.6666666666666666 0.0 0.9 0 1 1
7 0.1 12 0.4166666666666667 0.0 0.4 6 0.6666666666666666 0.0 0.5 6 0.6666666666666666 0.0 0.6 6 0.6666666666666666 0.0 0.7 6 0.6666666666666666 0.0 0.9 0 1 1
7 0.1 14 0.35714285714285715 0.0 0.4 5 0.6 0.0 0.5 5 0.6 0.0 0.6 5 0.6 0.0 0.7 3 1.0 0.0 0.9 0 1 1
7 0.1 12 0.3333333333333333 0.0 0.4 5 0.6 0.0 0.5 3 0.6666666666666666 0.0 0.6 3 0.6666666666666666 0.0 0.7 3 0.6666666666666666 0.0 0.9 0 1 1
7 0.1 9 0.4444444444444444 0.0 0.4 7 0.5714285714285714 0.0 0.5 6 0.6666666666666666 0.0 0.6 6 0.6666666666666666 0.0 0.7 5 0.6 0.0 0.9 0 1 1
7 0.1 11 0.36363636363636365 0.09090909090909091 0.4 7 0.5714285714285714 0.14285714285714285 0.5 7 0.5714285714285714 0.14285714285714285 0.6 6 0.6666666666666666 0.16666666666666666 0.7 5 0.6 0.0 0.9 0 1 1
7 0.1 12 0.4166666666666667 0.0 0.4 7 0.5714285714285714 0.0 0.5 7 0.5714285714285714 0.0 0.6 7 0.5714285714285714 0.0 0.7 7 0.5714285714285714 0.0 0.9 0 1 1
7 0.1 10 0.5 0.0 0.4 7 0.5714285714285714 0.0 0.5 7 0.5714285714285714 0.0 0.6 7 0.5714285714285714 0.0 0.7 7 0.5714285714285714 0.0 0.9 0 1 1
7 0.1 11 0.45454545454545453 0.0 0.4 7 0.5714285714285714 0.0 0.5 6 0.6666666666666666 0.0 0.6 6 0.6666666666666666 0.0 0.7 6 0.6666666666666666 0.0 0.9 0 1 1
7 0.1 11 0.45454545454545453 0.0 0.4 7 0.5714285714285714 0.0 0.5 7 0.5714285714285714 0.0 0.6 7 0.5714285714285714 0.0 0.7 6 0.6666666666666666 0.0 0.9 0 1 1
7 0.1 11 0.45454545454545453 0.0 0.4 8 0.5 0.0 0.5 5 0.8 0.0 0.6 5 0.8 0.0 0.7 4 0.75 0.0 0.9 0 1 1
7 0.1 15 0.4 0.0 0.4 7 0.5714285714285714 0.0 0.5 7 0.5714285714285714 0.0 0.6 6 0.6666666666666666 0.0 0.7 5 0.8 0.0 0.9 0 1 1
7 0.1 12 0.4166666666666667 0.0 0.4 7 0.5714285714285714 0.0 0.5 5 0.8 0.0 0.6 5 0.8 0.0 0.7 5 0.8 0.0 0.9 0 1 1
7 0.1 13 0.38461538461538464 0.0 0.4 8 0.625 0.0 0.5 7 0.5714285714285714 0.0 0.6 7 0.5714285714285714 0.0 0.7 6 0.6666666666666666 0.0 0.9 0 1 1
7 0.1 10 0.5 0.0 0.4 7 0.7142857142857143 0.0 0.5 7 0.7142857142857143 0.0 0.6 7 0.7142857142857143 0.0 0.7 5 0.8 0.0 0.9 0 1 1
7 0.1 10 0.5 0.0 0.4 8 0.625 0.0 0.5 8 0.625 0.0 0.6 7 0.7142857142857143 0.0 0.7 5 0.8 0.0 0.9 0 1 1
7 0.1 12 0.4166666666666667 0.0 0.4 7 0.5714285714285714 0.0 0.5 7 0.5714285714285714 0.0 0.6 6 0.5 0.0 0.7 6 0.5 0.0 0.9 0 1 1
7 0.1 15 0.3333333333333333 0.0 0.4 8 0.625 0.0 0.5 6 0.6666666666666666 0.0 0.6 6 0.6666666666666666 0.0 0.7 3 0.6666666666666666 0.0 0.9 0 1 1
7 0.1 10 0.6 0.0 0.4 7 0.5714285714285714 0.0 0.5 7 0.5714285714285714 0.0 0.6 7 0.5714285714285714 0.0 0.7 6 0.6666666666666666 0.0 0.9 0 1 1
7 0.1 10 0.5 0.0 0.4 7 0.7142857142857143 0.0 0.5 7 0.7142857142857143 0.0 0.6 6 0.6666666666666666 0.0 0.7 6 0.6666666666666666 0.0 0.9 0 1 1
7 0.1 12 0.4166666666666667 0.0 0.4 8 0.625 0.0 0.5 7 0.7142857142857143 0.0 0.6 7 0.7142857142857143 0.0 0.7 7 0.7142857142857143 0.0 0.9 0 1 1
7 0.1 11 0.45454545454545453 0.0 0.4 9 0.5555555555555556 0.0 0.5 8 0.625 0.0 0.6 6 0.6666666666666666 0.0 0.7 6 0.6666666666666666 0.0 0.9 0 1 1
7 0.1 14 0.35714285714285715 0.0 0.4 9 0.5555555555555556 0.0 0.5 8 0.625 0.0 0.6 8 0.625 0.0 0.7 8 0.625 0.0 0.9 0 1 1
7 0.1 13 0.38461538461538464 0.07692307692307693 0.4 8 0.625 0.125 0.5 8 0.625 0.125 0.6 8 0.625 0.125 0.7 5 0.6 0.0 0.9 0 1 1
7 0.1 15 0.3333333333333333 0.0 0.4 9 0.5555555555555556 0.0 0.5 6 0.8333333333333334 0.0 0.6 5 0.8 0.0 0.7 4 0.75 0.0 0.9 0 1 1
7 0.1 10 0.5 0.1 0.4 7 0.7142857142857143 0.14285714285714285 0.5 7 0.7142857142857143 0.14285714285714285 0.6 7 0.7142857142857143 0.14285714285714285 0.7 7 0.7142857142857143 0.14285714285714285 0.9 0 1 1
7 0.1 11 0.45454545454545453 0.0 0.4 8 0.625 0.0 0.5 8 0.625 0.0 0.6 7 0.7142857142857143 0.0 0.7 7 0.7142857142857143 0.0 0.9 0 1 1
7 0.1 14 0.35714285714285715 0.0 0.4 8 0.625 0.0 0.5 7 0.7142857142857143 0.0 0.6 7 0.7142857142857143 0.0 0.7 7 0.7142857142857143 0.0 0.9 0 1 1
7 0.1 11 0.45454545454545453 0.09090909090909091 0.4 8 0.625 0.125 0.5 8 0.625 0.125 0.6 8 0.625 0.125 0.7 6 0.6666666666666666 0.0 0.9 0 1 1
7 0.1 10 0.5 0.0 0.4 5 0.8 0.0 0.5 5 0.8 0.0 0.6 5 0.8 0.0 0.7 4 0.75 0.0 0.9 0 1 1
7 0.1 10 0.5 0.0 0.4 8 0.625 0.0 0.5 7 0.7142857142857143 0.0 0.6 5 0.8 0.0 0.7 4 0.75 0.0 0.9 0 1 1
7 0.1 12 0.4166666666666667 0.08333333333333333 0.4 8 0.625 0.125 0.5 8 0.625 0.125 0.6 7 0.7142857142857143 0.14285714285714285 0.7 7 0.7142857142857143 0.14285714285714285 0.9 0 1 1
7 0.1 11 0.45454545454545453 0.0 0.4 9 0.5555555555555556 0.0 0.5 9 0.5555555555555556 0.0 0.6 8 0.625 0.0 0.7 6 0.6666666666666666 0.0 0.9 0 1 1
7 0.1 12 0.4166666666666667 0.08333333333333333 0.4 6 0.5 0.0 0.5 5 0.6 0.0 0.6 4 0.75 0.0 0.7 4 0.75 0.0 0.9 0 1 1
7 0.1 10 0.5 0.0 0.4 7 0.5714285714285714 0.0 0.5 7 0.5714285714285714 0.0 0.6 7 0.5714285714285714 0.0 0.7 7 0.5714285714285714 0.0 0.9 0 1 1
7 0.1 12 0.4166666666666667 0.0 0.4 9 0.5555555555555556 0.0 0.5 8 0.625 0.0 0.6 7 0.5714285714285714 0.0 0.7 5 0.6 0.0 0.9 0 1 1
7 0.1 11 0.45454545454545453 0.0 0.4 8 0.625 0.0 0.5 7 0.7142857142857143 0.0 0.6 6 0.8333333333333334 0.0 0.7 4 0.75 0.0 0.9 0 1 1
7 0.1 11 0.45454545454545453 0.0 0.4 8 0.625 0.0 0.5 7 0.7142857142857143 0.0 0.6 6 0.8333333333333334 0.0 0.7 4 0.75 0.0 0.9 0 1 1
7 0.1 12 0.4166666666666667 0.0 0.4 6 0.6666666666666666 0.0 0.5 6 0.6666666666666666 0.0 0.6 6 0.6666666666666666 0.0 0.7 6 0.6666666666666666 0.0 0.9 0 1 1
7 0.1 10 0.5 0.0 0.4 7 0.7142857142857143 0.0 0.5 6 0.8333333333333334 0.0 0.6 6 0.8333333333333334 0.0 0.7 6 0.8333333333333334 0.0 0.9 0 1 1
7 0.1 11 0.45454545454545453 0.0 0.4 4 0.75 0.0 0.5 4 0.75 0.0 0.6 4 0.75 0.0 0.7 4 0.75 0.0 0.9 0 1 1
7 0.1 13 0.38461538461538464 0.0 0.4 7 0.5714285714285714 0.0 0.5 6 0.6666666666666666 0.0 0.6 6 0.6666666666666666 0.0 0.7 3 0.6666666666666666 0.0 0.9 0 1 1
7 0.1 11 0.45454545454545453 0.0 0.4 8 0.625 0.0 0.5 7 0.5714285714285714 0.0 0.6 6 0.5 0.0 0.7 5 0.6 0.0 0.9 0 1 1
7 0.1 11 0.45454545454545453 0.0 0.4 8 0.625 0.0 0.5 7 0.7142857142857143 0.0 0.6 7 0.7142857142857143 0.0 0.7 5 0.8 0.0 0.9 0 1 1
7 0.1 11 0.45454545454545453 0.0 0.4 7 0.5714285714285714 0.0 0.5 7 0.5714285714285714 0.0 0.6 7 0.5714285714285714 0.0 0.7 7 0.5714285714285714 0.0 0.9 0 1 1
7 0.1 15 0.3333333333333333 0.0 0.4 8 0.5 0.0 0.5 7 0.5714285714285714 0.0 0.6 7 0.5714285714285714 0.0 0.7 7 0.5714285714285714 0.0 0.9 0 1 1
7 0.1 10 0.5 0.0 0.4 9 0.5555555555555556 0.0 0.5 8 0.625 0.0 0.6 8 0.625 0.0 0.7 8 0.625 0.0 0.9 0 1 1
7 0.1 14 0.35714285714285715 0.0 0.4 8 0.625 0.0 0.5 8 0.625 0.0 0.6 8 0.625 0.0 0.7 7 0.5714285714285714 0.0 0.9 0 1 1
7 0.1 12 0.4166666666666667 0.0 0.4 7 0.7142857142857143 0.0 0.5 7 0.7142857142857143 0.0 0.6 7 0.7142857142857143 0.0 0.7 6 0.6666666666666666 0.0 0.9 0 1 1
7 0.1 10 0.5 0.0 0.4 8 0.625 0.0 0.5 7 0.7142857142857143 0.0 0.6 6 0.6666666666666666 0.0 0.7 5 0.6 0.0 0.9 0 1 1
7 0.1 14 0.35714285714285715 0.07142857142857142 0.4 8 0.625 0.125 0.5 8 0.625 0.125 0.6 8 0.625 0.125 0.7 8 0.625 0.125 0.9 0 1 1
7 0.1 10 0.5 0.0 0.4 8 0.625 0.0 0.5 8 0.625 0.0 0.6 8 0.625 0.0 0.7 8 0.625 0.0 0.9 0 1 1
7 0.1 13 0.38461538461538464 0.0 0.4 9 0.5555555555555556 0.0 0.5 8 0.625 0.0 0.6 7 0.5714285714285714 0.0 0.7 7 0.5714285714285714 0.0 0.9 0 1 1
7 0.1 12 0.4166666666666667 0.0 0.4 9 0.5555555555555556 0.0 0.5 9 0.5555555555555556 0.0 0.6 8 0.625 0.0 0.7 6 0.6666666666666666 0.0 0.9 0 1 1
7 0.1 9 0.5555555555555556 0.1111111111111111 0.4 9 0.5555555555555556 0.1111111111111111 0.5 8 0.625 0.125 0.6 8 0.625 0.125 0.7 8 0.625 0.125 0.9 0 1 1
7 0.1 10 0.5 0.0 0.4 8 0.625 0.0 0.5 8 0.625 0.0 0.6 8 0.625 0.0 0.7 8 0.625 0.0 0.9 0 1 1
7 0.1 10 0.5 0.0 0.4 7 0.7142857142857143 0.0 0.5 7 0.7142857142857143 0.0 0.6 7 0.7142857142857143 0.0 0.7 6 0.6666666666666666 0.0 0.9 0 1 1
7 0.1 11 0.45454545454545453 0.0 0.4 7 0.7142857142857143 0.0 0.5 7 0.7142857142857143 0.0 0.6 7 0.7142857142857143 0.0 0.7 6 0.6666666666666666 0.0 0.9 0 1 1
7 0.1 9 0.5555555555555556 0.0 0.4 7 0.7142857142857143 0.0 0.5 7 0.7142857142857143 0.0 0.6 6 0.6666666666666666 0.0 0.7 5 0.6 0.0 0.9 0 1 1
7 0.1 10 0.5 0.1 0.4 7 0.7142857142857143 0.14285714285714285 0.5 7 0.7142857142857143 0.14285714285714285 0.6 7 0.7142857142857143 0.14285714285714285 0.7 7 0.7142857142857143 0.14285714285714285 0.9 0 1 1
7 0.1 11 0.45454545454545453 0.09090909090909091 0.4 7 0.7142857142857143 0.14285714285714285 0.5 7 0.7142857142857143 0.14285714285714285 0.6 7 0.7142857142857143 0.14285714285714285 0.7 7 0.7142857142857143 0.14285714285714285 0.9 0 1 1
7 0.1 9 0.5555555555555556 0.1111111111111111 0.4 8 0.625 0.125 0.5 7 0.7142857142857143 0.14285714285714285 0.6 7 0.7142857142857143 0.14285714285714285 0.7 7 0.7142857142857143 0.14285714285714285 0.9 0 1 1
7 0.1 13 0.38461538461538464 0.0 0.4 7 0.7142857142857143 0.0 0.5 7 0.7142857142857143 0.0 0.6 7 0.7142857142857143 0.0 0.7 7 0.7142857142857143 0.0 0.9 0 1 1
7 0.1 11 0.45454545454545453 0.09090909090909091 0.4 6 0.6666666666666666 0.16666666666666666 0.5 6 0.6666666666666666 0.16666666666666666 0.6 6 0.6666666666666666 0.16666666666666666 0.7 6 0.6666666666666666 0.16666666666666666 0.9 0 1 1
7 0.1 10 0.5 0.0 0.4 7 0.7142857142857143 0.0 0.5 7 0.7142857142857143 0.0 0.6 6 0.6666666666666666 0.0 0.7 6 0.6666666666666666 0.0 0.9 0 1 1
7 0.1 13 0.38461538461538464 0.0 0.4 8 0.625 0.0 0.5 7 0.7142857142857143 0.0 0.6 6 0.8333333333333334 0.0 0.7 5 0.8 0.0 0.9 0 1 1
7 0.1 10 0.5 0.1 0.4 7 0.5714285714285714 0.14285714285714285 0.5 7 0.5714285714285714 0.14285714285714285 0.6 7 0.5714285714285714 0.14285714285714285 0.7 6 0.6666666666666666 0.16666666666666666 0.9 0 1 1
7 0.1 10 0.4 0.1 0.4 7 0.5714285714285714 0.14285714285714285 0.5 6 0.6666666666666666 0.16666666666666666 0.6 6 0.6666666666666666 0.16666666666666666 0.7 6 0.6666666666666666 0.16666666666666666 0.9 0 1 1
7 0.1 13 0.38461538461538464 0.07692307692307693 0.4 8 0.625 0.125 0.5 8 0.625 0.125 0.6 8 0.625 0.125 0.7 7 0.5714285714285714 0.14285714285714285 0.9 0 1 1
7 0.1 10 0.5 0.1 0.4 6 0.6666666666666666 0.16666666666666666 0.5 6 0.6666666666666666 0.16666666666666666 0.6 5 0.6 0.0 0.7 5 0.6 0.0 0.9 1 1.0 0.0
7 0.1 9 0.5555555555555556 0.0 0.4 7 0.7142857142857143 0.0 0.5 7 0.7142857142857143 0.0 0.6 7 0.7142857142857143 0.0 0.7 7 0.7142857142857143 0.0 0.9 1 1.0 0.0
7 0.1 8 0.625 0.0 0.4 7 0.7142857142857143 0.0 0.5 7 0.7142857142857143 0.0 0.6 6 0.8333333333333334 0.0 0.7 5 0.8 0.0 0.9 0 1 1
7 0.1 9 0.5555555555555556 0.0 0.4 7 0.7142857142857143 0.0 0.5 7 0.7142857142857143 0.0 0.6 7 0.7142857142857143 0.0 0.7 7 0.7142857142857143 0.0 0.9 0 1 1
7 0.1 12 0.4166666666666667 0.0 0.4 8 0.625 0.0 0.5 8 0.625 0.0 0.6 8 0.625 0.0 0.7 6 0.6666666666666666 0.0 0.9 0 1 1
7 0.1 10 0.5 0.1 0.4 8 0.625 0.125 0.5 8 0.625 0.125 0.6 8 0.625 0.125 0.7 7 0.7142857142857143 0.14285714285714285 0.9 0 1 1
7 0.1 9 0.5555555555555556 0.1111111111111111 0.4 9 0.5555555555555556 0.1111111111111111 0.5 8 0.625 0.125 0.6 8 0.625 0.125 0.7 6 0.6666666666666666 0.0 0.9 1 1.0 0.0
7 0.1 9 0.5555555555555556 0.1111111111111111 0.4 7 0.7142857142857143 0.14285714285714285 0.5 7 0.7142857142857143 0.14285714285714285 0.6 7 0.7142857142857143 0.14285714285714285 0.7 6 0.6666666666666666 0.0 0.9 1 1.0 0.0
7 0.1 10 0.5 0.0 0.4 8 0.625 0.0 0.5 8 0.625 0.0 0.6 8 0.625 0.0 0.7 8 0.625 0.0 0.9 0 1 1
7 0.1 11 0.45454545454545453 0.0 0.4 8 0.625 0.0 0.5 8 0.625 0.0 0.6 8 0.625 0.0 0.7 6 0.6666666666666666 0.0 0.9 0 1 1
7 0.1 11 0.45454545454545453 0.0 0.4 9 0.5555555555555556 0.0 0.5 9 0.5555555555555556 0.0 0.6 7 0.5714285714285714 0.0 0.7 7 0.5714285714285714 0.0 0.9 0 1 1
7 0.1 10 0.5 0.0 0.4 9 0.5555555555555556 0.0 0.5 8 0.625 0.0 0.6 8 0.625 0.0 0.7 7 0.5714285714285714 0.0 0.9 0 1 1
7 0.1 12 0.4166666666666667 0.08333333333333333 0.4 8 0.625 0.125 0.5 7 0.7142857142857143 0.14285714285714285 0.6 7 0.7142857142857143 0.14285714285714285 0.7 6 0.8333333333333334 0.16666666666666666 0.9 0 1 1
7 0.1 13 0.38461538461538464 0.0 0.4 7 0.7142857142857143 0.0 0.5 7 0.7142857142857143 0.0 0.6 7 0.7142857142857143 0.0 0.7 6 0.6666666666666666 0.0 0.9 1 1.0 0.0
7 0.1 12 0.4166666666666667 0.0 0.4 8 0.625 0.0 0.5 8 0.625 0.0 0.6 7 0.7142857142857143 0.0 0.7 7 0.7142857142857143 0.0 0.9 1 1.0 0.0
7 0.1 11 0.45454545454545453 0.0 0.4 8 0.625 0.0 0.5 8 0.625 0.0 0.6 8 0.625 0.0 0.7 8 0.625 0.0 0.9 0 1 1
7 0.1 9 0.5555555555555556 0.1111111111111111 0.4 8 0.625 0.125 0.5 7 0.7142857142857143 0.14285714285714285 0.6 7 0.7142857142857143 0.14285714285714285 0.7 7 0.7142857142857143 0.14285714285714285 0.9 1 1.0 0.0
7 0.1 9 0.5555555555555556 0.0 0.4 7 0.5714285714285714 0.0 0.5 6 0.6666666666666666 0.0 0.6 6 0.6666666666666666 0.0 0.7 6 0.6666666666666666 0.0 0.9 0 1 1
7 0.1 11 0.45454545454545453 0.09090909090909091 0.4 8 0.625 0.125 0.5 7 0.5714285714285714 0.14285714285714285 0.6 7 0.5714285714285714 0.14285714285714285 0.7 7 0.5714285714285714 0.14285714285714285 0.9 0 1 1
7 0.1 11 0.45454545454545453 0.0 0.4 8 0.625 0.0 0.5 8 0.625 0.0 0.6 8 0.625 0.0 0.7 8 0.625 0.0 0.9 0 1 1
7 0.1 9 0.5555555555555556 0.0 0.4 8 0.625 0.0 0.5 8 0.625 0.0 0.6 8 0.625 0.0 0.7 7 0.5714285714285714 0.0 0.9 0 1 1
7 0.1 9 0.5555555555555556 0.1111111111111111 0.4 7 0.5714285714285714 0.14285714285714285 0.5 7 0.5714285714285714 0.14285714285714285 0.6 7 0.5714285714285714 0.14285714285714285 0.7 7 0.5714285714285714 0.14285714285714285 0.9 0 1 1
7 0.1 10 0.5 0.0 0.4 7 0.7142857142857143 0.0 0.5 6 0.6666666666666666 0.0 0.6 6 0.6666666666666666 0.0 0.7 5 0.6 0.0 0.9 0 1 1
7 0.1 9 0.5555555555555556 0.0 0.4 7 0.5714285714285714 0.0 0.5 7 0.5714285714285714 0.0 0.6 7 0.5714285714285714 0.0 0.7 6 0.5 0.0 0.9 0 1 1
7 0.1 10 0.5 0.0 0.4 7 0.5714285714285714 0.0 0.5 7 0.5714285714285714 0.0 0.6 7 0.5714285714285714 0.0 0.7 5 0.6 0.0 0.9 0 1 1
7 0.1 11 0.45454545454545453 0.0 0.4 9 0.5555555555555556 0.0 0.5 8 0.625 0.0 0.6 7 0.5714285714285714 0.0 0.7 7 0.5714285714285714 0.0 0.9 0 1 1
7 0.1 9 0.4444444444444444 0.0 0.4 7 0.5714285714285714 0.0 0.5 7 0.5714285714285714 0.0 0.6 7 0.5714285714285714 0.0 0.7 6 0.6666666666666666 0.0 0.9 0 1 1
7 0.1 13 0.38461538461538464 0.0 0.4 7 0.5714285714285714 0.0 0.5 7 0.5714285714285714 0.0 0.6 7 0.5714285714285714 0.0 0.7 7 0.5714285714285714 0.0 0.9 0 1 1
7 0.1 12 0.4166666666666667 0.0 0.4 8 0.625 0.0 0.5 7 0.5714285714285714 0.0 0.6 7 0.5714285714285714 0.0 0.7 6 0.6666666666666666 0.0 0.9 0 1 1
