16 0.1 0 1 1 0.4 0 1 1 0.5 0 1 1 0.6 0 1 1 0.7 0 1 1 0.9 0 1 1
16 0.1 0 1 1 0.4 0 1 1 0.5 0 1 1 0.6 0 1 1 0.7 0 1 1 0.9 0 1 1
16 0.1 0 1 1 0.4 0 1 1 0.5 0 1 1 0.6 0 1 1 0.7 0 1 1 0.9 0 1 1
16 0.1 19 0.05263157894736842 0.0 0.4 0 1 1 0.5 0 1 1 0.6 0 1 1 0.7 0 1 1 0.9 0 1 1
16 0.1 45 0.08888888888888889 0.0 0.4 5 0.2 0.0 0.5 2 0.0 0.0 0.6 1 0.0 0.0 0.7 0 1 1 0.9 0 1 1
16 0.1 148 0.06756756756756757 0.0 0.4 7 0.2857142857142857 0.0 0.5 1 0.0 0.0 0.6 0 1 1 0.7 0 1 1 0.9 0 1 1
16 0.1 60 0.1 0.0 0.4 3 0.3333333333333333 0.0 0.5 0 1 1 0.6 0 1 1 0.7 0 1 1 0.9 0 1 1
16 0.1 375 0.042666666666666665 0.0 0.4 37 0.16216216216216217 0.0 0.5 3 0.0 0.0 0.6 0 1 1 0.7 0 1 1 0.9 0 1 1
16 0.1 250 0.064 0.0 0.4 39 0.28205128205128205 0.0 0.5 11 0.36363636363636365 0.0 0.6 1 1.0 0.0 0.7 0 1 1 0.9 0 1 1
16 0.1 190 0.08421052631578947 0.0 0.4 6 0.3333333333333333 0.0 0.5 2 0.5 0.0 0.6 0 1 1 0.7 0 1 1 0.9 0 1 1
16 0.1 77 0.18181818181818182 0.0 0.4 4 0.5 0.0 0.5 0 1 1 0.6 0 1 1 0.7 0 1 1 0.9 0 1 1
16 0.1 132 0.11363636363636363 0.0 0.4 6 0.3333333333333333 0.0 0.5 1 1.0 0.0 0.6 0 1 1 0.7 0 1 1 0.9 0 1 1
16 0.1 71 0.19718309859154928 0.0 0.4 7 0.5714285714285714 0.0 0.5 3 0.6666666666666666 0.0 0.6 1 1.0 0.0 0.7 0 1 1 0.9 0 1 1
16 0.1 118 0.13559322033898305 0.0 0.4 14 0.35714285714285715 0.0 0.5 2 0.5 0.0 0.6 0 1 1 0.7 0 1 1 0.9 0 1 1
16 0.1 82 0.17073170731707318 0.0 0.4 4 0.5 0.0 0.5 0 1 1 0.6 0 1 1 0.7 0 1 1 0.9 0 1 1
16 0.1 77 0.18181818181818182 0.0 0.4 18 0.5555555555555556 0.0 0.5 7 0.5714285714285714 0.0 0.6 3 0.6666666666666666 0.0 0.7 0 1 1 0.9 0 1 1
16 0.1 94 0.1595744680851064 0.0 0.4 14 0.35714285714285715 0.0 0.5 3 0.6666666666666666 0.0 0.6 1 1.0 0.0 0.7 0 1 1 0.9 0 1 1
16 0.1 74 0.1891891891891892 0.0 0.4 8 0.375 0.0 0.5 2 1.0 0.0 0.6 0 1 1 0.7 0 1 1 0.9 0 1 1
16 0.1 53 0.2830188679245283 0.0 0.4 14 0.5714285714285714 0.0 0.5 3 0.6666666666666666 0.0 0.6 2 1.0 0.0 0.7 1 1.0 0.0 0.9 0 1 1
16 0.1 75 0.21333333333333335 0.0 0.4 7 0.42857142857142855 0.0 0.5 3 1.0 0.0 0.6 2 1.0 0.0 0.7 0 1 1 0.9 0 1 1
16 0.1 23 0.4782608695652174 0.0 0.4 8 0.625 0.0 0.5 7 0.7142857142857143 0.0 0.6 4 1.0 0.0 0.7 0 1 1 0.9 0 1 1
16 0.1 50 0.32 0.0 0.4 13 0.6923076923076923 0.0 0.5 5 1.0 0.0 0.6 0 1 1 0.7 0 1 1 0.9 0 1 1
16 0.1 34 0.4411764705882353 0.0 0.4 11 0.6363636363636364 0.0 0.5 3 1.0 0.0 0.6 2 1.0 0.0 0.7 0 1 1 0.9 0 1 1
16 0.1 42 0.2857142857142857 0.023809523809523808 0.4 7 0.7142857142857143 0.14285714285714285 0.5 3 1.0 0.0 0.6 1 1.0 0.0 0.7 0 1 1 0.9 0 1 1
16 0.1 9 0.3333333333333333 0.0 0.4 0 1 1 0.5 0 1 1 0.6 0 1 1 0.7 0 1 1 0.9 0 1 1
16 0.1 48 0.2916666666666667 0.0 0.4 13 0.46153846153846156 0.0 0.5 9 0.5555555555555556 0.0 0.6 4 0.5 0.0 0.7 2 0.5 0.0 0.9 0 1 1
16 0.1 40 0.35 0.0 0.4 12 0.5833333333333334 0.0 0.5 5 0.8 0.0 0.6 2 1.0 0.0 0.7 0 1 1 0.9 0 1 1
16 0.1 25 0.48 0.0 0.4 7 0.8571428571428571 0.0 0.5 4 0.75 0.0 0.6 4 0.75 0.0 0.7 2 1.0 0.0 0.9 0 1 1
16 0.1 23 0.34782608695652173 0.0 0.4 7 0.5714285714285714 0.0 0.5 1 1.0 0.0 0.6 0 1 1 0.7 0 1 1 0.9 0 1 1
16 0.1 54 0.2962962962962963 0.0 0.4 29 0.5172413793103449 0.0 0.5 24 0.5416666666666666 0.0 0.6 16 0.625 0.0 0.7 10 0.9 0.0 0.9 0 1 1
16 0.1 27 0.4444444444444444 0.0 0.4 9 0.6666666666666666 0.0 0.5 8 0.75 0.0 0.6 5 1.0 0.0 0.7 4 1.0 0.0 0.9 0 1 1
16 0.1 22 0.6363636363636364 0.0 0.4 10 0.8 0.0 0.5 6 0.8333333333333334 0.0 0.6 5 0.8 0.0 0.7 4 1.0 0.0 0.9 0 1 1
16 0.1 36 0.3611111111111111 0.0 0.4 12 0.5833333333333334 0.0 0.5 7 0.7142857142857143 0.0 0.6 6 0.6666666666666666 0.0 0.7 3 0.6666666666666666 0.0 0.9 0 1 1
16 0.1 52 0.28846153846153844 0.0 0.4 19 0.5789473684210527 0.0 0.5 12 0.6666666666666666 0.0 0.6 7 0.8571428571428571 0.0 0.7 4 1.0 0.0 0.9 0 1 1
16 0.1 9 0.5555555555555556 0.0 0.4 5 0.6 0.0 0.5 3 0.6666666666666666 0.0 0.6 1 1.0 0.0 0.7 0 1 1 0.9 0 1 1
16 0.1 33 0.45454545454545453 0.0 0.4 17 0.7647058823529411 0.0 0.5 14 0.7142857142857143 0.0 0.6 8 0.75 0.0 0.7 5 0.8 0.0 0.9 0 1 1
16 0.1 15 0.6 0.0 0.4 4 1.0 0.0 0.5 3 1.0 0.0 0.6 2 1.0 0.0 0.7 0 1 1 0.9 0 1 1
16 0.1 0 1 1 0.4 0 1 1 0.5 0 1 1 0.6 0 1 1 0.7 0 1 1 0.9 0 1 1
16 0.1 44 0.20454545454545456 0.0 0.4 11 0.6363636363636364 0.0 0.5 9 0.6666666666666666 0.0 0.6 5 0.8 0.0 0.7 2 1.0 0.0 0.9 0 1 1
16 0.1 24 0.3333333333333333 0.0 0.4 4 0.5 0.0 0.5 4 0.5 0.0 0.6 1 0.0 0.0 0.7 0 1 1 0.9 0 1 1
16 0.1 17 0.47058823529411764 0.0 0.4 3 1.0 0.0 0.5 2 1.0 0.0 0.6 0 1 1 0.7 0 1 1 0.9 0 1 1
16 0.1 27 0.2962962962962963 0.0 0.4 1 0.0 0.0 0.5 1 0.0 0.0 0.6 0 1 1 0.7 0 1 1 0.9 0 1 1
16 0.1 5 0.6 0.0 0.4 0 1 1 0.5 0 1 1 0.6 0 1 1 0.7 0 1 1 0.9 0 1 1
16 0.1 7 0.7142857142857143 0.0 0.4 1 1.0 0.0 0.5 0 1 1 0.6 0 1 1 0.7 0 1 1 0.9 0 1 1
16 0.1 0 1 1 0.4 0 1 1 0.5 0 1 1 0.6 0 1 1 0.7 0 1 1 0.9 0 1 1
16 0.1 1 0.0 0.0 0.4 0 1 1 0.5 0 1 1 0.6 0 1 1 0.7 0 1 1 0.9 0 1 1
16 0.1 0 1 1 0.4 0 1 1 0.5 0 1 1 0.6 0 1 1 0.7 0 1 1 0.9 0 1 1
16 0.1 0 1 1 0.4 0 1 1 0.5 0 1 1 0.6 0 1 1 0.7 0 1 1 0.9 0 1 1
16 0.1 0 1 1 0.4 0 1 1 0.5 0 1 1 0.6 0 1 1 0.7 0 1 1 0.9 0 1 1
16 0.1 0 1 1 0.4 0 1 1 0.5 0 1 1 0.6 0 1 1 0.7 0 1 1 0.9 0 1 1
16 0.1 2 0.5 0.0 0.4 0 1 1 0.5 0 1 1 0.6 0 1 1 0.7 0 1 1 0.9 0 1 1
16 0.1 20 0.4 0.05 0.4 5 0.6 0.0 0.5 1 1.0 0.0 0.6 0 1 1 0.7 0 1 1 0.9 0 1 1
16 0.1 22 0.5454545454545454 0.0 0.4 2 0.5 0.0 0.5 0 1 1 0.6 0 1 1 0.7 0 1 1 0.9 0 1 1
16 0.1 20 0.55 0.0 0.4 6 0.8333333333333334 0.0 0.5 4 0.75 0.0 0.6 3 1.0 0.0 0.7 0 1 1 0.9 0 1 1
16 0.1 20 0.25 0.0 0.4 4 0.5 0.0 0.5 3 0.3333333333333333 0.0 0.6 0 1 1 0.7 0 1 1 0.9 0 1 1
16 0.1 9 0.2222222222222222 0.0 0.4 0 1 1 0.5 0 1 1 0.6 0 1 1 0.7 0 1 1 0.9 0 1 1
16 0.1 11 0.45454545454545453 0.0 0.4 0 1 1 0.5 0 1 1 0.6 0 1 1 0.7 0 1 1 0.9 0 1 1
16 0.1 39 0.38461538461538464 0.0 0.4 15 0.6 0.0 0.5 10 0.6 0.0 0.6 7 0.7142857142857143 0.0 0.7 2 1.0 0.0 0.9 0 1 1
16 0.1 27 0.5185185185185185 0.0 0.4 8 0.75 0.0 0.5 5 1.0 0.0 0.6 3 1.0 0.0 0.7 0 1 1 0.9 0 1 1
16 0.1 48 0.20833333333333334 0.0 0.4 0 1 1 0.5 0 1 1 0.6 0 1 1 0.7 0 1 1 0.9 0 1 1
16 0.1 18 0.5 0.0 0.4 5 0.6 0.0 0.5 4 0.75 0.0 0.6 2 1.0 0.0 0.7 1 1.0 0.0 0.9 0 1 1
16 0.1 21 0.42857142857142855 0.0 0.4 6 0.6666666666666666 0.0 0.5 5 0.6 0.0 0.6 3 1.0 0.0 0.7 2 1.0 0.0 0.9 0 1 1
16 0.1 31 0.41935483870967744 0.0 0.4 9 0.6666666666666666 0.0 0.5 6 0.8333333333333334 0.0 0.6 2 1.0 0.0 0.7 0 1 1 0.9 0 1 1
16 0.1 35 0.4 0.0 0.4 19 0.47368421052631576 0.0 0.5 12 0.5833333333333334 0.0 0.6 7 0.8571428571428571 0.0 0.7 3 1.0 0.0 0.9 0 1 1
16 0.1 34 0.47058823529411764 0.0 0.4 14 0.5714285714285714 0.0 0.5 9 0.6666666666666666 0.0 0.6 6 0.8333333333333334 0.0 0.7 4 1.0 0.0 0.9 0 1 1
16 0.1 31 0.41935483870967744 0.0 0.4 13 0.6153846153846154 0.0 0.5 8 0.875 0.0 0.6 5 0.8 0.0 0.7 2 1.0 0.0 0.9 0 1 1
16 0.1 31 0.45161290322580644 0.0 0.4 13 0.6153846153846154 0.0 0.5 8 0.75 0.0 0.6 3 1.0 0.0 0.7 3 1.0 0.0 0.9 0 1 1
16 0.1 6 0.3333333333333333 0.0 0.4 0 1 1 0.5 0 1 1 0.6 0 1 1 0.7 0 1 1 0.9 0 1 1
16 0.1 1 0.0 0.0 0.4 0 1 1 0.5 0 1 1 0.6 0 1 1 0.7 0 1 1 0.9 0 1 1
16 0.1 5 0.6 0.0 0.4 1 0.0 0.0 0.5 1 0.0 0.0 0.6 0 1 1 0.7 0 1 1 0.9 0 1 1
16 0.1 23 0.4782608695652174 0.0 0.4 8 0.75 0.0 0.5 5 0.8 0.0 0.6 3 1.0 0.0 0.7 3 1.0 0.0 0.9 0 1 1
16 0.1 37 0.40540540540540543 0.0 0.4 16 0.6875 0.0 0.5 11 0.6363636363636364 0.0 0.6 7 0.7142857142857143 0.0 0.7 1 1.0 0.0 0.9 0 1 1
16 0.1 36 0.4166666666666667 0.0 0.4 14 0.5714285714285714 0.0 0.5 11 0.6363636363636364 0.0 0.6 4 1.0 0.0 0.7 4 1.0 0.0 0.9 0 1 1
16 0.1 14 0.5714285714285714 0.0 0.4 1 1.0 0.0 0.5 1 1.0 0.0 0.6 0 1 1 0.7 0 1 1 0.9 0 1 1
16 0.1 23 0.4782608695652174 0.0 0.4 8 0.75 0.0 0.5 6 0.8333333333333334 0.0 0.6 2 1.0 0.0 0.7 0 1 1 0.9 0 1 1
16 0.1 28 0.5 0.0 0.4 12 0.6666666666666666 0.0 0.5 8 0.75 0.0 0.6 2 1.0 0.0 0.7 0 1 1 0.9 0 1 1
16 0.1 34 0.4411764705882353 0.058823529411764705 0.4 12 0.6666666666666666 0.08333333333333333 0.5 10 0.7 0.1 0.6 7 0.8571428571428571 0.0 0.7 2 1.0 0.0 0.9 0 1 1
16 0.1 37 0.40540540540540543 0.0 0.4 12 0.6666666666666666 0.0 0.5 10 0.7 0.0 0.6 5 0.8 0.0 0.7 0 1 1 0.9 0 1 1
16 0.1 36 0.3333333333333333 0.0 0.4 4 0.5 0.0 0.5 1 0.0 0.0 0.6 0 1 1 0.7 0 1 1 0.9 0 1 1
16 0.1 41 0.36585365853658536 0.024390243902439025 0.4 20 0.5 0.0 0.5 15 0.4666666666666667 0.0 0.6 12 0.5 0.0 0.7 4 0.5 0.0 0.9 0 1 1
16 0.1 92 0.14130434782608695 0.0 0.4 24 0.2916666666666667 0.0 0.5 15 0.4 0.0 0.6 9 0.4444444444444444 0.0 0.7 4 0.5 0.0 0.9 0 1 1
16 0.1 24 0.5 0.0 0.4 10 0.7 0.0 0.5 7 0.8571428571428571 0.0 0.6 4 1.0 0.0 0.7 0 1 1 0.9 0 1 1
16 0.1 17 0.5882352941176471 0.0 0.4 4 1.0 0.0 0.5 3 1.0 0.0 0.6 2 1.0 0.0 0.7 0 1 1 0.9 0 1 1
16 0.1 26 0.5384615384615384 0.0 0.4 12 0.75 0.0 0.5 8 0.75 0.0 0.6 5 1.0 0.0 0.7 2 1.0 0.0 0.9 0 1 1
16 0.1 24 0.5416666666666666 0.0 0.4 8 0.875 0.0 0.5 6 1.0 0.0 0.6 5 1.0 0.0 0.7 2 1.0 0.0 0.9 0 1 1
16 0.1 20 0.55 0.0 0.4 7 1.0 0.0 0.5 5 1.0 0.0 0.6 2 1.0 0.0 0.7 1 1.0 0.0 0.9 0 1 1
16 0.1 24 0.5 0.041666666666666664 0.4 5 1.0 0.2 0.5 5 1.0 0.2 0.6 4 1.0 0.25 0.7 2 1.0 0.5 0.9 0 1 1
16 0.1 29 0.4827586206896552 0.034482758620689655 0.4 12 0.6666666666666666 0.0 0.5 9 0.7777777777777778 0.0 0.6 6 1.0 0.0 0.7 4 1.0 0.0 0.9 0 1 1
16 0.1 24 0.5416666666666666 0.0 0.4 8 0.75 0.0 0.5 6 0.8333333333333334 0.0 0.6 4 1.0 0.0 0.7 3 1.0 0.0 0.9 0 1 1
16 0.1 30 0.4666666666666667 0.0 0.4 11 0.8181818181818182 0.0 0.5 9 0.8888888888888888 0.0 0.6 7 1.0 0.0 0.7 4 1.0 0.0 0.9 0 1 1
16 0.1 31 0.45161290322580644 0.03225806451612903 0.4 16 0.6875 0.0625 0.5 12 0.6666666666666666 0.08333333333333333 0.6 8 0.875 0.125 0.7 4 1.0 0.0 0.9 0 1 1
16 0.1 22 0.5 0.0 0.4 8 0.875 0.0 0.5 7 0.8571428571428571 0.0 0.6 6 1.0 0.0 0.7 2 1.0 0.0 0.9 0 1 1
16 0.1 29 0.5172413793103449 0.0 0.4 16 0.6875 0.0 0.5 14 0.7857142857142857 0.0 0.6 12 0.9166666666666666 0.0 0.7 5 1.0 0.0 0.9 0 1 1
16 0.1 91 0.16483516483516483 0.0 0.4 14 0.35714285714285715 0.0 0.5 4 0.5 0.0 0.6 1 1.0 0.0 0.7 0 1 1 0.9 0 1 1
16 0.1 15 0.7333333333333333 0.0 0.4 7 0.8571428571428571 0.0 0.5 6 1.0 0.0 0.6 3 1.0 0.0 0.7 2 1.0 0.0 0.9 0 1 1
16 0.1 43 0.32558139534883723 0.0 0.4 13 0.5384615384615384 0.0 0.5 6 0.6666666666666666 0.0 0.6 3 1.0 0.0 0.7 0 1 1 0.9 0 1 1
16 0.1 33 0.42424242424242425 0.0 0.4 18 0.6666666666666666 0.0 0.5 15 0.7333333333333333 0.0 0.6 9 0.7777777777777778 0.0 0.7 4 0.75 0.0 0.9 0 1 1
16 0.1 27 0.5185185185185185 0.0 0.4 15 0.7333333333333333 0.0 0.5 12 0.75 0.0 0.6 11 0.7272727272727273 0.0 0.7 6 0.6666666666666666 0.0 0.9 0 1 1
16 0.1 20 0.6 0.0 0.4 8 0.75 0.0 0.5 7 0.7142857142857143 0.0 0.6 5 0.8 0.0 0.7 3 1.0 0.0 0.9 0 1 1
16 0.1 20 0.45 0.0 0.4 9 0.8888888888888888 0.0 0.5 5 0.8 0.0 0.6 3 1.0 0.0 0.7 1 1.0 0.0 0.9 0 1 1
16 0.1 47 0.3191489361702128 0.0 0.4 24 0.5 0.0 0.5 18 0.5555555555555556 0.0 0.6 12 0.5833333333333334 0.0 0.7 4 0.75 0.0 0.9 0 1 1
16 0.1 20 0.6 0.05 0.4 7 0.8571428571428571 0.0 0.5 4 1.0 0.0 0.6 3 1.0 0.0 0.7 2 1.0 0.0 0.9 0 1 1
16 0.1 23 0.5652173913043478 0.0 0.4 11 0.7272727272727273 0.0 0.5 9 0.6666666666666666 0.0 0.6 5 1.0 0.0 0.7 3 1.0 0.0 0.9 0 1 1
16 0.1 26 0.5 0.0 0.4 8 0.625 0.0 0.5 7 0.7142857142857143 0.0 0.6 5 0.8 0.0 0.7 1 1.0 0.0 0.9 0 1 1
16 0.1 30 0.5 0.0 0.4 8 0.75 0.0 0.5 7 0.7142857142857143 0.0 0.6 5 1.0 0.0 0.7 4 1.0 0.0 0.9 0 1 1
16 0.1 25 0.56 0.0 0.4 11 0.6363636363636364 0.0 0.5 9 0.7777777777777778 0.0 0.6 8 0.875 0.0 0.7 3 1.0 0.0 0.9 0 1 1
16 0.1 28 0.5 0.0 0.4 16 0.6875 0.0 0.5 13 0.6923076923076923 0.0 0.6 10 0.9 0.0 0.7 6 0.8333333333333334 0.0 0.9 0 1 1
16 0.1 25 0.52 0.0 0.4 13 0.7692307692307693 0.0 0.5 11 0.8181818181818182 0.0 0.6 6 1.0 0.0 0.7 4 1.0 0.0 0.9 0 1 1
16 0.1 24 0.5416666666666666 0.125 0.4 12 0.6666666666666666 0.08333333333333333 0.5 10 0.7 0.1 0.6 7 0.8571428571428571 0.14285714285714285 0.7 4 1.0 0.25 0.9 0 1 1
16 0.1 24 0.5833333333333334 0.041666666666666664 0.4 14 0.6428571428571429 0.07142857142857142 0.5 11 0.7272727272727273 0.09090909090909091 0.6 9 0.7777777777777778 0.1111111111111111 0.7 5 1.0 0.2 0.9 0 1 1
16 0.1 29 0.4827586206896552 0.0 0.4 15 0.6 0.0 0.5 14 0.6428571428571429 0.0 0.6 9 0.7777777777777778 0.0 0.7 5 0.8 0.0 0.9 0 1 1
16 0.1 20 0.5 0.1 0.4 13 0.6923076923076923 0.15384615384615385 0.5 10 0.8 0.1 0.6 6 0.6666666666666666 0.0 0.7 3 1.0 0.0 0.9 0 1 1
16 0.1 22 0.5454545454545454 0.0 0.4 10 0.8 0.0 0.5 10 0.8 0.0 0.6 8 0.875 0.0 0.7 3 1.0 0.0 0.9 0 1 1
16 0.1 27 0.48148148148148145 0.037037037037037035 0.4 20 0.6 0.05 0.5 16 0.6875 0.0625 0.6 13 0.6923076923076923 0.07692307692307693 0.7 7 0.7142857142857143 0.14285714285714285 0.9 0 1 1
16 0.1 25 0.56 0.0 0.4 14 0.7142857142857143 0.0 0.5 9 0.7777777777777778 0.0 0.6 8 0.75 0.0 0.7 5 0.8 0.0 0.9 0 1 1
16 0.1 29 0.4827586206896552 0.0 0.4 16 0.6875 0.0 0.5 10 0.8 0.0 0.6 4 0.75 0.0 0.7 2 1.0 0.0 0.9 0 1 1
16 0.1 28 0.5 0.0 0.4 13 0.8461538461538461 0.0 0.5 13 0.8461538461538461 0.0 0.6 11 0.9090909090909091 0.0 0.7 4 1.0 0.0 0.9 0 1 1
16 0.1 23 0.5217391304347826 0.0 0.4 10 0.8 0.0 0.5 6 1.0 0.0 0.6 6 1.0 0.0 0.7 3 1.0 0.0 0.9 0 1 1
16 0.1 30 0.43333333333333335 0.0 0.4 13 0.6923076923076923 0.0 0.5 9 0.8888888888888888 0.0 0.6 7 1.0 0.0 0.7 6 1.0 0.0 0.9 0 1 1
16 0.1 26 0.5384615384615384 0.038461538461538464 0.4 12 0.6666666666666666 0.0 0.5 10 0.7 0.0 0.6 8 0.75 0.0 0.7 4 1.0 0.0 0.9 0 1 1
16 0.1 23 0.5652173913043478 0.043478260869565216 0.4 14 0.6428571428571429 0.07142857142857142 0.5 11 0.6363636363636364 0.09090909090909091 0.6 8 0.75 0.125 0.7 4 1.0 0.25 0.9 0 1 1
16 0.1 22 0.5909090909090909 0.045454545454545456 0.4 11 0.7272727272727273 0.0 0.5 8 0.875 0.0 0.6 6 0.8333333333333334 0.0 0.7 5 1.0 0.0 0.9 0 1 1
16 0.1 24 0.5833333333333334 0.0 0.4 19 0.631578947368421 0.0 0.5 17 0.5882352941176471 0.0 0.6 14 0.7142857142857143 0.0 0.7 8 1.0 0.0 0.9 0 1 1
16 0.1 32 0.46875 0.0 0.4 24 0.5833333333333334 0.0 0.5 19 0.6842105263157895 0.0 0.6 16 0.75 0.0 0.7 12 0.75 0.0 0.9 0 1 1
16 0.1 31 0.4838709677419355 0.0 0.4 17 0.7647058823529411 0.0 0.5 15 0.7333333333333333 0.0 0.6 12 0.8333333333333334 0.0 0.7 8 0.875 0.0 0.9 0 1 1
16 0.1 23 0.5652173913043478 0.043478260869565216 0.4 17 0.7058823529411765 0.058823529411764705 0.5 15 0.8 0.06666666666666667 0.6 10 0.9 0.0 0.7 7 0.8571428571428571 0.0 0.9 0 1 1
16 0.1 25 0.48 0.0 0.4 12 0.75 0.0 0.5 9 0.7777777777777778 0.0 0.6 3 1.0 0.0 0.7 2 1.0 0.0 0.9 0 1 1
16 0.1 26 0.5 0.0 0.4 18 0.7222222222222222 0.0 0.5 16 0.75 0.0 0.6 12 0.75 0.0 0.7 9 0.7777777777777778 0.0 0.9 0 1 1
16 0.1 22 0.5909090909090909 0.0 0.4 12 0.75 0.0 0.5 11 0.7272727272727273 0.0 0.6 7 0.8571428571428571 0.0 0.7 6 0.8333333333333334 0.0 0.9 0 1 1
16 0.1 18 0.5555555555555556 0.0 0.4 9 0.6666666666666666 0.0 0.5 6 0.8333333333333334 0.0 0.6 5 0.8 0.0 0.7 4 1.0 0.0 0.9 0 1 1
16 0.1 23 0.6086956521739131 0.043478260869565216 0.4 16 0.625 0.0625 0.5 13 0.6923076923076923 0.07692307692307693 0.6 11 0.8181818181818182 0.09090909090909091 0.7 9 0.7777777777777778 0.1111111111111111 0.9 0 1 1
16 0.1 17 0.5294117647058824 0.058823529411764705 0.4 9 0.7777777777777778 0.1111111111111111 0.5 9 0.7777777777777778 0.1111111111111111 0.6 6 0.8333333333333334 0.16666666666666666 0.7 4 1.0 0.25 0.9 0 1 1
16 0.1 19 0.5789473684210527 0.05263157894736842 0.4 9 0.7777777777777778 0.1111111111111111 0.5 8 0.75 0.125 0.6 6 0.8333333333333334 0.16666666666666666 0.7 4 1.0 0.25 0.9 0 1 1
16 0.1 23 0.5217391304347826 0.0 0.4 14 0.6428571428571429 0.0 0.5 11 0.7272727272727273 0.0 0.6 9 0.8888888888888888 0.0 0.7 7 0.8571428571428571 0.0 0.9 0 1 1
16 0.1 23 0.5652173913043478 0.0 0.4 13 0.6923076923076923 0.0 0.5 12 0.75 0.0 0.6 8 0.875 0.0 0.7 7 0.8571428571428571 0.0 0.9 0 1 1
16 0.1 25 0.48 0.04 0.4 16 0.5625 0.0625 0.5 14 0.6428571428571429 0.07142857142857142 0.6 11 0.7272727272727273 0.09090909090909091 0.7 7 1.0 0.14285714285714285 0.9 0 1 1
16 0.1 33 0.42424242424242425 0.0 0.4 17 0.7058823529411765 0.0 0.5 16 0.6875 0.0 0.6 12 0.75 0.0 0.7 8 1.0 0.0 0.9 0 1 1
16 0.1 26 0.5384615384615384 0.038461538461538464 0.4 16 0.6875 0.0625 0.5 13 0.8461538461538461 0.07692307692307693 0.6 11 0.8181818181818182 0.09090909090909091 0.7 8 0.75 0.125 0.9 0 1 1
16 0.1 23 0.5652173913043478 0.043478260869565216 0.4 13 0.7692307692307693 0.0 0.5 8 0.75 0.0 0.6 8 0.75 0.0 0.7 7 0.7142857142857143 0.0 0.9 0 1 1
16 0.1 24 0.5833333333333334 0.0 0.4 12 0.75 0.0 0.5 10 0.8 0.0 0.6 9 0.8888888888888888 0.0 0.7 8 0.875 0.0 0.9 0 1 1
16 0.1 25 0.56 0.08 0.4 14 0.6428571428571429 0.14285714285714285 0.5 13 0.6153846153846154 0.07692307692307693 0.6 10 0.7 0.1 0.7 8 0.75 0.125 0.9 0 1 1
16 0.1 23 0.5652173913043478 0.0 0.4 18 0.6111111111111112 0.0 0.5 13 0.6923076923076923 0.0 0.6 10 0.8 0.0 0.7 8 0.75 0.0 0.9 0 1 1
16 0.1 22 0.5909090909090909 0.0 0.4 15 0.7333333333333333 0.0 0.5 13 0.7692307692307693 0.0 0.6 12 0.75 0.0 0.7 9 0.8888888888888888 0.0 0.9 0 1 1
16 0.1 23 0.5652173913043478 0.0 0.4 14 0.7857142857142857 0.0 0.5 12 0.8333333333333334 0.0 0.6 10 0.8 0.0 0.7 7 0.8571428571428571 0.0 0.9 0 1 1
16 0.1 43 0.37209302325581395 0.0 0.4 30 0.4666666666666667 0.0 0.5 29 0.4827586206896552 0.0 0.6 25 0.52 0.0 0.7 14 0.6428571428571429 0.0 0.9 1 1.0 0.0
16 0.1 25 0.52 0.08 0.4 19 0.5263157894736842 0.10526315789473684 0.5 16 0.5625 0.125 0.6 12 0.5833333333333334 0.16666666666666666 0.7 11 0.6363636363636364 0.18181818181818182 0.9 0 1 1
16 0.1 25 0.52 0.0 0.4 15 0.6666666666666666 0.0 0.5 12 0.6666666666666666 0.0 0.6 12 0.6666666666666666 0.0 0.7 10 0.6 0.0 0.9 1 1.0 0.0
16 0.1 19 0.631578947368421 0.05263157894736842 0.4 14 0.7142857142857143 0.07142857142857142 0.5 12 0.75 0.08333333333333333 0.6 8 0.625 0.125 0.7 8 0.625 0.125 0.9 0 1 1
16 0.1 25 0.52 0.04 0.4 18 0.6666666666666666 0.0 0.5 15 0.6 0.0 0.6 13 0.6153846153846154 0.0 0.7 11 0.6363636363636364 0.0 0.9 0 1 1
16 0.1 19 0.631578947368421 0.0 0.4 14 0.7142857142857143 0.0 0.5 13 0.6923076923076923 0.0 0.6 10 0.7 0.0 0.7 7 0.5714285714285714 0.0 0.9 0 1 1
16 0.1 25 0.6 0.0 0.4 16 0.625 0.0 0.5 15 0.6666666666666666 0.0 0.6 14 0.7142857142857143 0.0 0.7 8 0.875 0.0 0.9 0 1 1
16 0.1 25 0.56 0.04 0.4 16 0.6875 0.0625 0.5 14 0.7857142857142857 0.07142857142857142 0.6 12 0.75 0.08333333333333333 0.7 12 0.75 0.08333333333333333 0.9 0 1 1
16 0.1 28 0.5 0.0 0.4 19 0.631578947368421 0.0 0.5 18 0.6666666666666666 0.0 0.6 17 0.7058823529411765 0.0 0.7 14 0.6428571428571429 0.0 0.9 1 1.0 0.0
16 0.1 25 0.52 0.08 0.4 20 0.6 0.1 0.5 17 0.7058823529411765 0.11764705882352941 0.6 16 0.6875 0.125 0.7 12 0.6666666666666666 0.08333333333333333 0.9 1 1.0 0.0
16 0.1 29 0.4482758620689655 0.06896551724137931 0.4 14 0.5714285714285714 0.14285714285714285 0.5 11 0.6363636363636364 0.18181818181818182 0.6 10 0.6 0.2 0.7 9 0.6666666666666666 0.2222222222222222 0.9 0 1 1
16 0.1 24 0.5416666666666666 0.041666666666666664 0.4 18 0.5555555555555556 0.05555555555555555 0.5 15 0.5333333333333333 0.06666666666666667 0.6 12 0.6666666666666666 0.08333333333333333 0.7 11 0.6363636363636364 0.09090909090909091 0.9 0 1 1
16 0.1 23 0.5652173913043478 0.08695652173913043 0.4 18 0.5555555555555556 0.1111111111111111 0.5 17 0.5882352941176471 0.11764705882352941 0.6 14 0.7142857142857143 0.14285714285714285 0.7 12 0.75 0.16666666666666666 0.9 0 1 1
16 0.1 20 0.6 0.05 0.4 13 0.6153846153846154 0.07692307692307693 0.5 11 0.6363636363636364 0.09090909090909091 0.6 10 0.7 0.1 0.7 8 0.75 0.125 0.9 0 1 1
16 0.1 19 0.631578947368421 0.15789473684210525 0.4 16 0.6875 0.1875 0.5 13 0.6923076923076923 0.15384615384615385 0.6 11 0.8181818181818182 0.18181818181818182 0.7 7 0.8571428571428571 0.2857142857142857 0.9 0 1 1
16 0.1 21 0.6190476190476191 0.09523809523809523 0.4 16 0.6875 0.0625 0.5 14 0.6428571428571429 0.07142857142857142 0.6 11 0.7272727272727273 0.09090909090909091 0.7 7 0.8571428571428571 0.14285714285714285 0.9 0 1 1
16 0.1 24 0.5416666666666666 0.041666666666666664 0.4 16 0.6875 0.0625 0.5 15 0.7333333333333333 0.06666666666666667 0.6 13 0.6923076923076923 0.07692307692307693 0.7 12 0.75 0.08333333333333333 0.9 0 1 1
16 0.1 25 0.52 0.04 0.4 19 0.631578947368421 0.05263157894736842 0.5 19 0.631578947368421 0.05263157894736842 0.6 17 0.6470588235294118 0.058823529411764705 0.7 13 0.8461538461538461 0.07692307692307693 0.9 0 1 1
16 0.1 22 0.5909090909090909 0.09090909090909091 0.4 16 0.6875 0.125 0.5 14 0.7857142857142857 0.14285714285714285 0.6 11 0.8181818181818182 0.18181818181818182 0.7 10 0.8 0.2 0.9 0 1 1
16 0.1 24 0.5416666666666666 0.041666666666666664 0.4 17 0.6470588235294118 0.058823529411764705 0.5 14 0.7142857142857143 0.07142857142857142 0.6 10 0.8 0.1 0.7 9 0.8888888888888888 0.1111111111111111 0.9 1 1.0 0.0
16 0.1 20 0.6 0.0 0.4 12 0.75 0.0 0.5 11 0.8181818181818182 0.0 0.6 8 0.75 0.0 0.7 7 0.8571428571428571 0.0 0.9 0 1 1
16 0.1 15 0.7333333333333333 0.0 0.4 7 0.8571428571428571 0.0 0.5 7 0.8571428571428571 0.0 0.6 6 1.0 0.0 0.7 3 1.0 0.0 0.9 0 1 1
16 0.1 29 0.41379310344827586 0.0 0.4 17 0.5882352941176471 0.0 0.5 11 0.7272727272727273 0.0 0.6 9 0.6666666666666666 0.0 0.7 7 0.8571428571428571 0.0 0.9 0 1 1
16 0.1 25 0.56 0.04 0.4 13 0.6923076923076923 0.0 0.5 10 0.7 0.0 0.6 9 0.7777777777777778 0.0 0.7 7 0.8571428571428571 0.0 0.9 0 1 1
16 0.1 22 0.5909090909090909 0.0 0.4 13 0.6923076923076923 0.0 0.5 11 0.7272727272727273 0.0 0.6 9 0.8888888888888888 0.0 0.7 8 0.875 0.0 0.9 0 1 1
16 0.1 23 0.5217391304347826 0.0 0.4 13 0.6923076923076923 0.0 0.5 12 0.6666666666666666 0.0 0.6 11 0.6363636363636364 0.0 0.7 9 0.7777777777777778 0.0 0.9 0 1 1
16 0.1 19 0.631578947368421 0.05263157894736842 0.4 14 0.7142857142857143 0.0 0.5 14 0.7142857142857143 0.0 0.6 9 0.6666666666666666 0.0 0.7 8 0.625 0.0 0.9 0 1 1
16 0.1 21 0.6190476190476191 0.047619047619047616 0.4 15 0.6666666666666666 0.06666666666666667 0.5 11 0.7272727272727273 0.09090909090909091 0.6 10 0.8 0.1 0.7 9 0.8888888888888888 0.1111111111111111 0.9 0 1 1
16 0.1 16 0.6875 0.1875 0.4 11 0.7272727272727273 0.18181818181818182 0.5 8 0.75 0.25 0.6 6 0.8333333333333334 0.3333333333333333 0.7 3 1.0 0.3333333333333333 0.9 0 1 1
16 0.1 21 0.6190476190476191 0.047619047619047616 0.4 11 0.7272727272727273 0.0 0.5 9 0.7777777777777778 0.0 0.6 8 0.875 0.0 0.7 5 0.8 0.0 0.9 1 1.0 0.0
16 0.1 21 0.6190476190476191 0.047619047619047616 0.4 17 0.7647058823529411 0.058823529411764705 0.5 16 0.75 0.0625 0.6 14 0.7142857142857143 0.07142857142857142 0.7 13 0.6923076923076923 0.07692307692307693 0.9 1 1.0 1.0
16 0.1 21 0.6190476190476191 0.0 0.4 19 0.6842105263157895 0.0 0.5 19 0.6842105263157895 0.0 0.6 16 0.75 0.0 0.7 12 0.8333333333333334 0.0 0.9 1 1.0 0.0
16 0.1 23 0.6521739130434783 0.0 0.4 16 0.6875 0.0 0.5 14 0.7142857142857143 0.0 0.6 11 0.6363636363636364 0.0 0.7 10 0.7 0.0 0.9 1 1.0 0.0
16 0.1 22 0.6363636363636364 0.09090909090909091 0.4 15 0.6666666666666666 0.06666666666666667 0.5 15 0.6666666666666666 0.06666666666666667 0.6 12 0.6666666666666666 0.08333333333333333 0.7 9 0.6666666666666666 0.0 0.9 0 1 1
16 0.1 15 0.6 0.06666666666666667 0.4 9 0.6666666666666666 0.1111111111111111 0.5 9 0.6666666666666666 0.1111111111111111 0.6 9 0.6666666666666666 0.1111111111111111 0.7 7 0.7142857142857143 0.14285714285714285 0.9 0 1 1
16 0.1 18 0.7222222222222222 0.0 0.4 12 0.6666666666666666 0.0 0.5 10 0.6 0.0 0.6 9 0.6666666666666666 0.0 0.7 7 0.7142857142857143 0.0 0.9 0 1 1
16 0.1 19 0.631578947368421 0.0 0.4 11 0.6363636363636364 0.0 0.5 9 0.6666666666666666 0.0 0.6 9 0.6666666666666666 0.0 0.7 8 0.75 0.0 0.9 0 1 1
16 0.1 19 0.6842105263157895 0.05263157894736842 0.4 13 0.6923076923076923 0.07692307692307693 0.5 13 0.6923076923076923 0.07692307692307693 0.6 12 0.75 0.08333333333333333 0.7 10 0.7 0.1 0.9 0 1 1
16 0.1 22 0.5909090909090909 0.0 0.4 12 0.8333333333333334 0.0 0.5 10 0.8 0.0 0.6 10 0.8 0.0 0.7 10 0.8 0.0 0.9 0 1 1
16 0.1 24 0.5833333333333334 0.08333333333333333 0.4 14 0.7142857142857143 0.07142857142857142 0.5 12 0.75 0.08333333333333333 0.6 11 0.8181818181818182 0.09090909090909091 0.7 10 0.9 0.1 0.9 0 1 1
16 0.1 21 0.6190476190476191 0.047619047619047616 0.4 15 0.7333333333333333 0.06666666666666667 0.5 13 0.6923076923076923 0.07692307692307693 0.6 12 0.75 0.08333333333333333 0.7 11 0.8181818181818182 0.09090909090909091 0.9 1 1.0 0.0
16 0.1 18 0.6111111111111112 0.05555555555555555 0.4 13 0.7692307692307693 0.07692307692307693 0.5 12 0.75 0.08333333333333333 0.6 11 0.8181818181818182 0.09090909090909091 0.7 8 0.875 0.125 0.9 0 1 1
16 0.1 17 0.6470588235294118 0.058823529411764705 0.4 14 0.7857142857142857 0.07142857142857142 0.5 13 0.7692307692307693 0.07692307692307693 0.6 12 0.75 0.08333333333333333 0.7 9 0.7777777777777778 0.0 0.9 0 1 1
16 0.1 20 0.55 0.05 0.4 11 0.8181818181818182 0.09090909090909091 0.5 9 0.8888888888888888 0.1111111111111111 0.6 9 0.8888888888888888 0.1111111111111111 0.7 8 0.875 0.125 0.9 0 1 1
16 0.1 18 0.6111111111111112 0.0 0.4 15 0.7333333333333333 0.0 0.5 14 0.7142857142857143 0.0 0.6 12 0.75 0.0 0.7 9 0.8888888888888888 0.0 0.9 0 1 1
16 0.1 17 0.6470588235294118 0.11764705882352941 0.4 13 0.7692307692307693 0.07692307692307693 0.5 13 0.7692307692307693 0.07692307692307693 0.6 12 0.75 0.08333333333333333 0.7 9 0.6666666666666666 0.1111111111111111 0.9 0 1 1
16 0.1 21 0.6190476190476191 0.0 0.4 15 0.6666666666666666 0.0 0.5 15 0.6666666666666666 0.0 0.6 14 0.6428571428571429 0.0 0.7 11 0.7272727272727273 0.0 0.9 0 1 1
16 0.1 22 0.5454545454545454 0.045454545454545456 0.4 19 0.631578947368421 0.05263157894736842 0.5 17 0.6470588235294118 0.058823529411764705 0.6 13 0.7692307692307693 0.07692307692307693 0.7 8 0.75 0.125 0.9 0 1 1
16 0.1 25 0.52 0.0 0.4 19 0.631578947368421 0.0 0.5 18 0.6111111111111112 0.0 0.6 17 0.6470588235294118 0.0 0.7 12 0.75 0.0 0.9 0 1 1
16 0.1 21 0.5714285714285714 0.19047619047619047 0.4 17 0.6470588235294118 0.17647058823529413 0.5 15 0.6666666666666666 0.2 0.6 13 0.6923076923076923 0.23076923076923078 0.7 13 0.6923076923076923 0.23076923076923078 0.9 1 1.0 1.0
16 0.1 20 0.65 0.1 0.4 15 0.7333333333333333 0.06666666666666667 0.5 13 0.7692307692307693 0.07692307692307693 0.6 12 0.8333333333333334 0.08333333333333333 0.7 11 0.8181818181818182 0.09090909090909091 0.9 0 1 1
16 0.1 21 0.5714285714285714 0.09523809523809523 0.4 16 0.6875 0.0625 0.5 15 0.7333333333333333 0.06666666666666667 0.6 15 0.7333333333333333 0.06666666666666667 0.7 12 0.75 0.08333333333333333 0.9 0 1 1
16 0.1 27 0.5185185185185185 0.07407407407407407 0.4 16 0.75 0.125 0.5 14 0.7142857142857143 0.14285714285714285 0.6 13 0.7692307692307693 0.15384615384615385 0.7 12 0.75 0.16666666666666666 0.9 0 1 1
16 0.1 21 0.6666666666666666 0.0 0.4 18 0.7222222222222222 0.0 0.5 17 0.7647058823529411 0.0 0.6 16 0.75 0.0 0.7 15 0.7333333333333333 0.0 0.9 0 1 1
16 0.1 22 0.6363636363636364 0.0 0.4 18 0.7777777777777778 0.0 0.5 17 0.7647058823529411 0.0 0.6 15 0.7333333333333333 0.0 0.7 15 0.7333333333333333 0.0 0.9 0 1 1
16 0.1 20 0.7 0.0 0.4 18 0.7222222222222222 0.0 0.5 15 0.8 0.0 0.6 13 0.7692307692307693 0.0 0.7 11 0.7272727272727273 0.0 0.9 1 1.0 0.0
16 0.1 21 0.6666666666666666 0.0 0.4 17 0.7647058823529411 0.0 0.5 17 0.7647058823529411 0.0 0.6 16 0.75 0.0 0.7 14 0.7142857142857143 0.0 0.9 1 1.0 0.0
16 0.1 24 0.5833333333333334 0.0 0.4 17 0.7647058823529411 0.0 0.5 16 0.75 0.0 0.6 15 0.7333333333333333 0.0 0.7 12 0.6666666666666666 0.0 0.9 0 1 1
16 0.1 18 0.6666666666666666 0.0 0.4 13 0.7692307692307693 0.0 0.5 10 0.8 0.0 0.6 8 0.875 0.0 0.7 7 1.0 0.0 0.9 0 1 1
16 0.1 21 0.6666666666666666 0.0 0.4 16 0.625 0.0 0.5 15 0.6666666666666666 0.0 0.6 13 0.6923076923076923 0.0 0.7 13 0.6923076923076923 0.0 0.9 0 1 1
16 0.1 21 0.6190476190476191 0.09523809523809523 0.4 11 0.7272727272727273 0.09090909090909091 0.5 10 0.8 0.1 0.6 9 0.7777777777777778 0.0 0.7 9 0.7777777777777778 0.0 0.9 0 1 1
16 0.1 23 0.6086956521739131 0.043478260869565216 0.4 13 0.6923076923076923 0.07692307692307693 0.5 10 0.7 0.1 0.6 10 0.7 0.1 0.7 8 0.75 0.125 0.9 0 1 1
16 0.1 21 0.6666666666666666 0.09523809523809523 0.4 18 0.6111111111111112 0.1111111111111111 0.5 17 0.6470588235294118 0.11764705882352941 0.6 11 0.6363636363636364 0.09090909090909091 0.7 8 0.75 0.125 0.9 0 1 1
16 0.1 22 0.6363636363636364 0.045454545454545456 0.4 17 0.5882352941176471 0.058823529411764705 0.5 16 0.625 0.0625 0.6 14 0.7142857142857143 0.07142857142857142 0.7 9 0.7777777777777778 0.1111111111111111 0.9 0 1 1
16 0.1 25 0.56 0.0 0.4 18 0.6666666666666666 0.0 0.5 17 0.7058823529411765 0.0 0.6 14 0.7142857142857143 0.0 0.7 14 0.7142857142857143 0.0 0.9 1 1.0 0.0
16 0.1 22 0.5454545454545454 0.0 0.4 17 0.6470588235294118 0.0 0.5 14 0.7142857142857143 0.0 0.6 14 0.7142857142857143 0.0 0.7 12 0.8333333333333334 0.0 0.9 0 1 1
16 0.1 24 0.625 0.041666666666666664 0.4 15 0.6666666666666666 0.06666666666666667 0.5 14 0.7142857142857143 0.07142857142857142 0.6 13 0.7692307692307693 0.07692307692307693 0.7 11 0.8181818181818182 0.09090909090909091 0.9 0 1 1
16 0.1 23 0.6086956521739131 0.0 0.4 16 0.6875 0.0 0.5 15 0.6666666666666666 0.0 0.6 13 0.7692307692307693 0.0 0.7 12 0.8333333333333334 0.0 0.9 0 1 1
16 0.1 24 0.625 0.0 0.4 15 0.6666666666666666 0.0 0.5 14 0.6428571428571429 0.0 0.6 13 0.6923076923076923 0.0 0.7 10 0.7 0.0 0.9 0 1 1
16 0.1 23 0.6086956521739131 0.0 0.4 16 0.6875 0.0 0.5 16 0.6875 0.0 0.6 13 0.7692307692307693 0.0 0.7 12 0.75 0.0 0.9 0 1 1
16 0.1 19 0.7368421052631579 0.05263157894736842 0.4 15 0.7333333333333333 0.06666666666666667 0.5 13 0.6923076923076923 0.0 0.6 13 0.6923076923076923 0.0 0.7 11 0.7272727272727273 0.0 0.9 0 1 1
16 0.1 19 0.6842105263157895 0.0 0.4 16 0.75 0.0 0.5 15 0.7333333333333333 0.0 0.6 12 0.6666666666666666 0.0 0.7 9 0.7777777777777778 0.0 0.9 1 1.0 0.0
16 0.1 22 0.5909090909090909 0.045454545454545456 0.4 16 0.75 0.0625 0.5 16 0.75 0.0625 0.6 15 0.7333333333333333 0.06666666666666667 0.7 15 0.7333333333333333 0.06666666666666667 0.9 1 1.0 0.0
16 0.1 20 0.65 0.05 0.4 15 0.6666666666666666 0.06666666666666667 0.5 14 0.6428571428571429 0.07142857142857142 0.6 12 0.75 0.08333333333333333 0.7 11 0.7272727272727273 0.09090909090909091 0.9 1 1.0 1.0
16 0.1 19 0.631578947368421 0.05263157894736842 0.4 15 0.6666666666666666 0.06666666666666667 0.5 10 0.7 0.1 0.6 10 0.7 0.1 0.7 7 0.8571428571428571 0.14285714285714285 0.9 1 1.0 0.0
16 0.1 23 0.6086956521739131 0.0 0.4 16 0.75 0.0 0.5 15 0.7333333333333333 0.0 0.6 14 0.7857142857142857 0.0 0.7 13 0.7692307692307693 0.0 0.9 0 1 1
16 0.1 23 0.5652173913043478 0.0 0.4 20 0.65 0.0 0.5 19 0.631578947368421 0.0 0.6 18 0.6666666666666666 0.0 0.7 15 0.7333333333333333 0.0 0.9 2 1.0 0.0
16 0.1 22 0.5909090909090909 0.045454545454545456 0.4 16 0.6875 0.0625 0.5 15 0.6666666666666666 0.06666666666666667 0.6 13 0.6153846153846154 0.07692307692307693 0.7 10 0.6 0.1 0.9 0 1 1
16 0.1 21 0.6190476190476191 0.047619047619047616 0.4 16 0.6875 0.0625 0.5 16 0.6875 0.0625 0.6 13 0.6923076923076923 0.07692307692307693 0.7 11 0.7272727272727273 0.09090909090909091 0.9 0 1 1
16 0.1 22 0.5909090909090909 0.0 0.4 17 0.6470588235294118 0.0 0.5 15 0.6666666666666666 0.0 0.6 14 0.7142857142857143 0.0 0.7 13 0.7692307692307693 0.0 0.9 0 1 1
16 0.1 22 0.5909090909090909 0.045454545454545456 0.4 19 0.631578947368421 0.05263157894736842 0.5 18 0.6666666666666666 0.05555555555555555 0.6 16 0.6875 0.0625 0.7 12 0.8333333333333334 0.08333333333333333 0.9 0 1 1
16 0.1 21 0.6190476190476191 0.047619047619047616 0.4 14 0.6428571428571429 0.07142857142857142 0.5 14 0.6428571428571429 0.07142857142857142 0.6 12 0.6666666666666666 0.08333333333333333 0.7 10 0.8 0.1 0.9 0 1 1
16 0.1 21 0.6190476190476191 0.14285714285714285 0.4 13 0.6923076923076923 0.23076923076923078 0.5 12 0.6666666666666666 0.25 0.6 11 0.7272727272727273 0.2727272727272727 0.7 11 0.7272727272727273 0.2727272727272727 0.9 0 1 1
16 0.1 18 0.6666666666666666 0.05555555555555555 0.4 15 0.8 0.06666666666666667 0.5 14 0.7857142857142857 0.07142857142857142 0.6 12 0.8333333333333334 0.08333333333333333 0.7 10 0.9 0.1 0.9 1 1.0 1.0
16 0.1 21 0.6666666666666666 0.09523809523809523 0.4 16 0.8125 0.125 0.5 14 0.7857142857142857 0.07142857142857142 0.6 13 0.7692307692307693 0.07692307692307693 0.7 13 0.7692307692307693 0.07692307692307693 0.9 2 1.0 0.0
16 0.1 20 0.65 0.1 0.4 17 0.7647058823529411 0.11764705882352941 0.5 15 0.8 0.13333333333333333 0.6 15 0.8 0.13333333333333333 0.7 14 0.7857142857142857 0.14285714285714285 0.9 1 1.0 1.0
16 0.1 20 0.65 0.1 0.4 15 0.8 0.13333333333333333 0.5 15 0.8 0.13333333333333333 0.6 14 0.7857142857142857 0.14285714285714285 0.7 14 0.7857142857142857 0.14285714285714285 0.9 1 1.0 1.0
16 0.1 20 0.65 0.05 0.4 14 0.7142857142857143 0.07142857142857142 0.5 13 0.6923076923076923 0.07692307692307693 0.6 12 0.75 0.08333333333333333 0.7 12 0.75 0.08333333333333333 0.9 1 1.0 1.0
16 0.1 17 0.7647058823529411 0.11764705882352941 0.4 13 0.7692307692307693 0.15384615384615385 0.5 13 0.7692307692307693 0.15384615384615385 0.6 13 0.7692307692307693 0.15384615384615385 0.7 13 0.7692307692307693 0.15384615384615385 0.9 1 1.0 1.0
16 0.1 19 0.6842105263157895 0.05263157894736842 0.4 13 0.6923076923076923 0.07692307692307693 0.5 13 0.6923076923076923 0.07692307692307693 0.6 12 0.75 0.08333333333333333 0.7 10 0.8 0.1 0.9 1 1.0 0.0
16 0.1 19 0.631578947368421 0.05263157894736842 0.4 15 0.7333333333333333 0.06666666666666667 0.5 14 0.7142857142857143 0.07142857142857142 0.6 11 0.7272727272727273 0.09090909090909091 0.7 10 0.7 0.1 0.9 1 1.0 0.0
16 0.1 20 0.65 0.0 0.4 17 0.7058823529411765 0.0 0.5 16 0.75 0.0 0.6 15 0.7333333333333333 0.0 0.7 11 0.7272727272727273 0.0 0.9 2 1.0 0.0
16 0.1 17 0.6470588235294118 0.0 0.4 15 0.6666666666666666 0.0 0.5 15 0.6666666666666666 0.0 0.6 13 0.7692307692307693 0.0 0.7 12 0.8333333333333334 0.0 0.9 1 1.0 0.0
16 0.1 18 0.7222222222222222 0.0 0.4 17 0.7647058823529411 0.0 0.5 17 0.7647058823529411 0.0 0.6 16 0.75 0.0 0.7 13 0.7692307692307693 0.0 0.9 1 1.0 0.0
16 0.1 21 0.6666666666666666 0.09523809523809523 0.4 16 0.75 0.125 0.5 15 0.8 0.13333333333333333 0.6 15 0.8 0.13333333333333333 0.7 14 0.7857142857142857 0.14285714285714285 0.9 0 1 1
16 0.1 20 0.7 0.0 0.4 17 0.7647058823529411 0.0 0.5 16 0.75 0.0 0.6 16 0.75 0.0 0.7 14 0.7857142857142857 0.0 0.9 0 1 1
16 0.1 21 0.6190476190476191 0.047619047619047616 0.4 17 0.7058823529411765 0.058823529411764705 0.5 15 0.7333333333333333 0.06666666666666667 0.6 15 0.7333333333333333 0.06666666666666667 0.7 14 0.7857142857142857 0.07142857142857142 0.9 2 1.0 0.0
16 0.1 20 0.65 0.05 0.4 15 0.7333333333333333 0.06666666666666667 0.5 14 0.7142857142857143 0.07142857142857142 0.6 12 0.75 0.08333333333333333 0.7 10 0.8 0.1 0.9 1 1.0 0.0
16 0.1 19 0.6842105263157895 0.10526315789473684 0.4 16 0.75 0.125 0.5 16 0.75 0.125 0.6 15 0.7333333333333333 0.13333333333333333 0.7 13 0.7692307692307693 0.15384615384615385 0.9 1 1.0 1.0
16 0.1 20 0.65 0.05 0.4 20 0.65 0.05 0.5 18 0.6666666666666666 0.05555555555555555 0.6 18 0.6666666666666666 0.05555555555555555 0.7 17 0.7058823529411765 0.058823529411764705 0.9 2 1.0 0.0
16 0.1 20 0.65 0.05 0.4 18 0.7222222222222222 0.05555555555555555 0.5 17 0.7058823529411765 0.058823529411764705 0.6 17 0.7058823529411765 0.058823529411764705 0.7 14 0.7142857142857143 0.07142857142857142 0.9 1 1.0 0.0
16 0.1 20 0.65 0.1 0.4 18 0.6666666666666666 0.1111111111111111 0.5 16 0.75 0.125 0.6 15 0.7333333333333333 0.13333333333333333 0.7 14 0.7142857142857143 0.07142857142857142 0.9 1 1.0 0.0
16 0.1 19 0.6842105263157895 0.05263157894736842 0.4 18 0.7222222222222222 0.05555555555555555 0.5 18 0.7222222222222222 0.05555555555555555 0.6 17 0.7058823529411765 0.058823529411764705 0.7 15 0.8 0.06666666666666667 0.9 1 1.0 0.0
16 0.1 19 0.6842105263157895 0.10526315789473684 0.4 16 0.75 0.125 0.5 16 0.75 0.125 0.6 16 0.75 0.125 0.7 16 0.75 0.125 0.9 3 1.0 0.3333333333333333
16 0.1 20 0.65 0.0 0.4 18 0.7222222222222222 0.0 0.5 15 0.6666666666666666 0.0 0.6 13 0.6153846153846154 0.0 0.7 10 0.8 0.0 0.9 1 1.0 0.0
16 0.1 19 0.6842105263157895 0.10526315789473684 0.4 16 0.75 0.125 0.5 12 0.8333333333333334 0.16666666666666666 0.6 12 0.8333333333333334 0.16666666666666666 0.7 11 0.8181818181818182 0.18181818181818182 0.9 1 1.0 1.0
16 0.1 18 0.7222222222222222 0.1111111111111111 0.4 14 0.7142857142857143 0.14285714285714285 0.5 13 0.7692307692307693 0.15384615384615385 0.6 11 0.8181818181818182 0.18181818181818182 0.7 10 0.8 0.2 0.9 1 1.0 0.0
16 0.1 18 0.6666666666666666 0.1111111111111111 0.4 15 0.8 0.13333333333333333 0.5 15 0.8 0.13333333333333333 0.6 12 0.8333333333333334 0.16666666666666666 0.7 10 0.8 0.2 0.9 2 1.0 0.5
16 0.1 19 0.631578947368421 0.0 0.4 16 0.75 0.0 0.5 15 0.7333333333333333 0.0 0.6 10 0.8 0.0 0.7 8 0.75 0.0 0.9 2 1.0 0.0
16 0.1 20 0.65 0.05 0.4 18 0.6666666666666666 0.05555555555555555 0.5 16 0.6875 0.0625 0.6 15 0.7333333333333333 0.06666666666666667 0.7 13 0.7692307692307693 0.07692307692307693 0.9 1 1.0 0.0
16 0.1 22 0.6818181818181818 0.13636363636363635 0.4 17 0.7058823529411765 0.17647058823529413 0.5 15 0.6666666666666666 0.13333333333333333 0.6 14 0.7142857142857143 0.14285714285714285 0.7 12 0.75 0.16666666666666666 0.9 0 1 1
16 0.1 22 0.5909090909090909 0.0 0.4 18 0.6666666666666666 0.0 0.5 17 0.7058823529411765 0.0 0.6 16 0.75 0.0 0.7 14 0.7857142857142857 0.0 0.9 0 1 1
16 0.1 22 0.5909090909090909 0.09090909090909091 0.4 17 0.7647058823529411 0.11764705882352941 0.5 16 0.75 0.125 0.6 16 0.75 0.125 0.7 15 0.7333333333333333 0.06666666666666667 0.9 1 1.0 0.0
16 0.1 21 0.6190476190476191 0.047619047619047616 0.4 17 0.7058823529411765 0.058823529411764705 0.5 17 0.7058823529411765 0.058823529411764705 0.6 14 0.7857142857142857 0.07142857142857142 0.7 13 0.7692307692307693 0.0 0.9 0 1 1
16 0.1 19 0.7368421052631579 0.05263157894736842 0.4 13 0.7692307692307693 0.07692307692307693 0.5 13 0.7692307692307693 0.07692307692307693 0.6 13 0.7692307692307693 0.07692307692307693 0.7 12 0.8333333333333334 0.08333333333333333 0.9 0 1 1
16 0.1 20 0.65 0.05 0.4 18 0.7222222222222222 0.05555555555555555 0.5 16 0.75 0.0625 0.6 16 0.75 0.0625 0.7 13 0.7692307692307693 0.07692307692307693 0.9 1 1.0 0.0
16 0.1 19 0.6842105263157895 0.05263157894736842 0.4 17 0.7647058823529411 0.058823529411764705 0.5 16 0.75 0.0625 0.6 15 0.7333333333333333 0.06666666666666667 0.7 14 0.7142857142857143 0.07142857142857142 0.9 2 1.0 0.0
16 0.1 18 0.7222222222222222 0.0 0.4 15 0.8 0.0 0.5 15 0.8 0.0 0.6 15 0.8 0.0 0.7 13 0.7692307692307693 0.0 0.9 1 1.0 0.0
16 0.1 21 0.6190476190476191 0.047619047619047616 0.4 18 0.7222222222222222 0.05555555555555555 0.5 17 0.7647058823529411 0.058823529411764705 0.6 15 0.8 0.06666666666666667 0.7 13 0.7692307692307693 0.07692307692307693 0.9 1 1.0 0.0
16 0.1 23 0.6086956521739131 0.043478260869565216 0.4 18 0.7222222222222222 0.05555555555555555 0.5 17 0.7058823529411765 0.058823529411764705 0.6 16 0.75 0.0625 0.7 14 0.7857142857142857 0.07142857142857142 0.9 1 1.0 0.0
16 0.1 23 0.6086956521739131 0.043478260869565216 0.4 18 0.7222222222222222 0.05555555555555555 0.5 18 0.7222222222222222 0.05555555555555555 0.6 16 0.75 0.0625 0.7 14 0.7142857142857143 0.07142857142857142 0.9 1 1.0 0.0
16 0.1 22 0.6363636363636364 0.045454545454545456 0.4 18 0.7222222222222222 0.05555555555555555 0.5 17 0.7058823529411765 0.058823529411764705 0.6 14 0.7857142857142857 0.07142857142857142 0.7 14 0.7857142857142857 0.07142857142857142 0.9 1 1.0 0.0
16 0.1 23 0.6086956521739131 0.08695652173913043 0.4 20 0.7 0.1 0.5 18 0.7222222222222222 0.1111111111111111 0.6 17 0.7058823529411765 0.11764705882352941 0.7 15 0.7333333333333333 0.13333333333333333 0.9 2 1.0 0.5
16 0.1 23 0.6521739130434783 0.08695652173913043 0.4 19 0.6842105263157895 0.10526315789473684 0.5 14 0.7142857142857143 0.14285714285714285 0.6 13 0.7692307692307693 0.15384615384615385 0.7 12 0.75 0.16666666666666666 0.9 0 1 1
16 0.1 21 0.6666666666666666 0.0 0.4 17 0.7058823529411765 0.0 0.5 17 0.7058823529411765 0.0 0.6 14 0.7857142857142857 0.0 0.7 14 0.7857142857142857 0.0 0.9 0 1 1
16 0.1 24 0.5833333333333334 0.0 0.4 20 0.7 0.0 0.5 14 0.7857142857142857 0.0 0.6 14 0.7857142857142857 0.0 0.7 14 0.7857142857142857 0.0 0.9 0 1 1
16 0.1 25 0.64 0.04 0.4 19 0.7368421052631579 0.05263157894736842 0.5 15 0.7333333333333333 0.06666666666666667 0.6 15 0.7333333333333333 0.06666666666666667 0.7 14 0.7142857142857143 0.07142857142857142 0.9 0 1 1
16 0.1 18 0.7222222222222222 0.0 0.4 14 0.6428571428571429 0.0 0.5 14 0.6428571428571429 0.0 0.6 14 0.6428571428571429 0.0 0.7 12 0.5833333333333334 0.0 0.9 1 1.0 0.0
16 0.1 22 0.6363636363636364 0.045454545454545456 0.4 18 0.7777777777777778 0.05555555555555555 0.5 17 0.7647058823529411 0.058823529411764705 0.6 15 0.7333333333333333 0.06666666666666667 0.7 15 0.7333333333333333 0.06666666666666667 0.9 2 1.0 0.5
16 0.1 20 0.7 0.1 0.4 14 0.7142857142857143 0.07142857142857142 0.5 13 0.6923076923076923 0.07692307692307693 0.6 11 0.6363636363636364 0.09090909090909091 0.7 11 0.6363636363636364 0.09090909090909091 0.9 0 1 1
16 0.1 19 0.7368421052631579 0.10526315789473684 0.4 16 0.6875 0.125 0.5 16 0.6875 0.125 0.6 16 0.6875 0.125 0.7 15 0.6666666666666666 0.06666666666666667 0.9 2 1.0 0.5
16 0.1 21 0.6666666666666666 0.09523809523809523 0.4 17 0.7058823529411765 0.11764705882352941 0.5 17 0.7058823529411765 0.11764705882352941 0.6 16 0.6875 0.125 0.7 14 0.7142857142857143 0.14285714285714285 0.9 2 1.0 0.0
16 0.1 21 0.6666666666666666 0.047619047619047616 0.4 17 0.7647058823529411 0.058823529411764705 0.5 16 0.75 0.0625 0.6 14 0.7142857142857143 0.07142857142857142 0.7 14 0.7142857142857143 0.07142857142857142 0.9 2 1.0 0.5
16 0.1 20 0.7 0.05 0.4 18 0.7222222222222222 0.05555555555555555 0.5 17 0.7647058823529411 0.058823529411764705 0.6 15 0.7333333333333333 0.06666666666666667 0.7 14 0.7142857142857143 0.07142857142857142 0.9 2 1.0 0.0
16 0.1 22 0.6363636363636364 0.045454545454545456 0.4 16 0.75 0.0625 0.5 15 0.7333333333333333 0.06666666666666667 0.6 13 0.8461538461538461 0.07692307692307693 0.7 12 0.8333333333333334 0.08333333333333333 0.9 1 1.0 0.0
16 0.1 22 0.6363636363636364 0.045454545454545456 0.4 17 0.7058823529411765 0.058823529411764705 0.5 16 0.75 0.0625 0.6 16 0.75 0.0625 0.7 15 0.7333333333333333 0.06666666666666667 0.9 1 1.0 0.0
16 0.1 18 0.7222222222222222 0.05555555555555555 0.4 17 0.7058823529411765 0.058823529411764705 0.5 15 0.7333333333333333 0.06666666666666667 0.6 15 0.7333333333333333 0.06666666666666667 0.7 13 0.6923076923076923 0.0 0.9 0 1 1
16 0.1 20 0.65 0.1 0.4 15 0.7333333333333333 0.13333333333333333 0.5 15 0.7333333333333333 0.13333333333333333 0.6 14 0.7142857142857143 0.14285714285714285 0.7 14 0.7142857142857143 0.14285714285714285 0.9 0 1 1
16 0.1 20 0.65 0.05 0.4 17 0.7058823529411765 0.058823529411764705 0.5 16 0.6875 0.0625 0.6 15 0.7333333333333333 0.06666666666666667 0.7 11 0.9090909090909091 0.09090909090909091 0.9 0 1 1
16 0.1 19 0.6842105263157895 0.05263157894736842 0.4 18 0.6666666666666666 0.05555555555555555 0.5 17 0.7058823529411765 0.058823529411764705 0.6 15 0.7333333333333333 0.06666666666666667 0.7 14 0.7857142857142857 0.07142857142857142 0.9 1 1.0 0.0
16 0.1 19 0.6842105263157895 0.10526315789473684 0.4 16 0.75 0.125 0.5 15 0.7333333333333333 0.13333333333333333 0.6 15 0.7333333333333333 0.13333333333333333 0.7 15 0.7333333333333333 0.13333333333333333 0.9 2 1.0 0.0
16 0.1 18 0.7777777777777778 0.0 0.4 16 0.75 0.0 0.5 14 0.7857142857142857 0.0 0.6 13 0.7692307692307693 0.0 0.7 11 0.8181818181818182 0.0 0.9 1 1.0 0.0
16 0.1 20 0.7 0.05 0.4 17 0.8235294117647058 0.058823529411764705 0.5 17 0.8235294117647058 0.058823529411764705 0.6 17 0.8235294117647058 0.058823529411764705 0.7 15 0.8666666666666667 0.06666666666666667 0.9 3 1.0 0.0
16 0.1 22 0.6818181818181818 0.045454545454545456 0.4 17 0.7647058823529411 0.058823529411764705 0.5 17 0.7647058823529411 0.058823529411764705 0.6 17 0.7647058823529411 0.058823529411764705 0.7 15 0.8 0.06666666666666667 0.9 2 1.0 0.0
16 0.1 23 0.6086956521739131 0.0 0.4 17 0.8235294117647058 0.0 0.5 17 0.8235294117647058 0.0 0.6 17 0.8235294117647058 0.0 0.7 16 0.8125 0.0 0.9 1 1.0 0.0
16 0.1 20 0.7 0.05 0.4 16 0.8125 0.0625 0.5 16 0.8125 0.0625 0.6 15 0.8 0.06666666666666667 0.7 14 0.8571428571428571 0.07142857142857142 0.9 2 1.0 0.0
16 0.1 23 0.6521739130434783 0.08695652173913043 0.4 19 0.7368421052631579 0.10526315789473684 0.5 19 0.7368421052631579 0.10526315789473684 0.6 17 0.8235294117647058 0.11764705882352941 0.7 15 0.8 0.13333333333333333 0.9 2 1.0 0.5
16 0.1 24 0.625 0.08333333333333333 0.4 20 0.75 0.1 0.5 19 0.7368421052631579 0.10526315789473684 0.6 18 0.7777777777777778 0.1111111111111111 0.7 16 0.8125 0.125 0.9 2 1.0 0.5
16 0.1 22 0.6818181818181818 0.0 0.4 18 0.8333333333333334 0.0 0.5 18 0.8333333333333334 0.0 0.6 16 0.875 0.0 0.7 15 0.8666666666666667 0.0 0.9 1 1.0 0.0
16 0.1 22 0.6818181818181818 0.045454545454545456 0.4 17 0.7647058823529411 0.058823529411764705 0.5 16 0.8125 0.0625 0.6 16 0.8125 0.0625 0.7 15 0.8 0.06666666666666667 0.9 1 1.0 0.0
16 0.1 21 0.6666666666666666 0.09523809523809523 0.4 19 0.7368421052631579 0.10526315789473684 0.5 17 0.7647058823529411 0.11764705882352941 0.6 16 0.8125 0.125 0.7 12 0.9166666666666666 0.08333333333333333 0.9 2 1.0 0.0
16 0.1 24 0.625 0.0 0.4 18 0.7777777777777778 0.0 0.5 17 0.7647058823529411 0.0 0.6 16 0.75 0.0 0.7 15 0.7333333333333333 0.0 0.9 2 1.0 0.0
16 0.1 23 0.6521739130434783 0.0 0.4 18 0.7777777777777778 0.0 0.5 18 0.7777777777777778 0.0 0.6 17 0.7647058823529411 0.0 0.7 16 0.8125 0.0 0.9 2 1.0 0.0
16 0.1 22 0.6818181818181818 0.045454545454545456 0.4 17 0.7647058823529411 0.058823529411764705 0.5 17 0.7647058823529411 0.058823529411764705 0.6 15 0.7333333333333333 0.0 0.7 13 0.7692307692307693 0.0 0.9 2 1.0 0.0
16 0.1 24 0.625 0.041666666666666664 0.4 18 0.7222222222222222 0.05555555555555555 0.5 17 0.7058823529411765 0.058823529411764705 0.6 16 0.75 0.0625 0.7 14 0.7857142857142857 0.07142857142857142 0.9 1 1.0 1.0
16 0.1 21 0.7142857142857143 0.047619047619047616 0.4 19 0.7368421052631579 0.05263157894736842 0.5 17 0.7058823529411765 0.058823529411764705 0.6 16 0.75 0.0625 0.7 13 0.8461538461538461 0.07692307692307693 0.9 1 1.0 1.0
