30 0.1 0 1 1 0.4 0 1 1 0.5 0 1 1 0.6 0 1 1 0.7 0 1 1 0.9 0 1 1
30 0.1 0 1 1 0.4 0 1 1 0.5 0 1 1 0.6 0 1 1 0.7 0 1 1 0.9 0 1 1
30 0.1 0 1 1 0.4 0 1 1 0.5 0 1 1 0.6 0 1 1 0.7 0 1 1 0.9 0 1 1
30 0.1 12 0.16666666666666666 0.0 0.4 0 1 1 0.5 0 1 1 0.6 0 1 1 0.7 0 1 1 0.9 0 1 1
30 0.1 37 0.08108108108108109 0.0 0.4 2 0.5 0.0 0.5 1 1.0 0.0 0.6 1 1.0 0.0 0.7 0 1 1 0.9 0 1 1
30 0.1 134 0.12686567164179105 0.0 0.4 3 0.0 0.0 0.5 1 0.0 0.0 0.6 0 1 1 0.7 0 1 1 0.9 0 1 1
30 0.1 30 0.16666666666666666 0.0 0.4 0 1 1 0.5 0 1 1 0.6 0 1 1 0.7 0 1 1 0.9 0 1 1
30 0.1 428 0.07009345794392523 0.0 0.4 67 0.2537313432835821 0.0 0.5 15 0.4 0.0 0.6 6 0.5 0.0 0.7 0 1 1 0.9 0 1 1
30 0.1 295 0.09830508474576272 0.0 0.4 48 0.3958333333333333 0.0 0.5 14 0.7142857142857143 0.0 0.6 3 1.0 0.0 0.7 0 1 1 0.9 0 1 1
30 0.1 237 0.11392405063291139 0.0 0.4 15 0.6666666666666666 0.0 0.5 4 0.75 0.0 0.6 2 1.0 0.0 0.7 0 1 1 0.9 0 1 1
30 0.1 128 0.1796875 0.0 0.4 8 0.625 0.0 0.5 3 0.3333333333333333 0.0 0.6 0 1 1 0.7 0 1 1 0.9 0 1 1
30 0.1 186 0.14516129032258066 0.0 0.4 34 0.4411764705882353 0.0 0.5 7 0.8571428571428571 0.0 0.6 1 1.0 0.0 0.7 0 1 1 0.9 0 1 1
30 0.1 116 0.19827586206896552 0.0 0.4 28 0.32142857142857145 0.0 0.5 13 0.46153846153846156 0.0 0.6 3 0.3333333333333333 0.0 0.7 0 1 1 0.9 0 1 1
30 0.1 193 0.15025906735751296 0.0 0.4 48 0.2916666666666667 0.0 0.5 14 0.35714285714285715 0.0 0.6 2 0.5 0.0 0.7 0 1 1 0.9 0 1 1
30 0.1 95 0.18947368421052632 0.0 0.4 3 0.6666666666666666 0.0 0.5 0 1 1 0.6 0 1 1 0.7 0 1 1 0.9 0 1 1
30 0.1 108 0.25925925925925924 0.0 0.4 23 0.8260869565217391 0.0 0.5 11 0.9090909090909091 0.0 0.6 4 1.0 0.0 0.7 0 1 1 0.9 0 1 1
30 0.1 152 0.18421052631578946 0.0 0.4 36 0.4722222222222222 0.0 0.5 11 0.6363636363636364 0.0 0.6 1 1.0 0.0 0.7 0 1 1 0.9 0 1 1
30 0.1 130 0.2153846153846154 0.0 0.4 25 0.52 0.0 0.5 4 1.0 0.0 0.6 0 1 1 0.7 0 1 1 0.9 0 1 1
30 0.1 66 0.42424242424242425 0.0 0.4 20 0.9 0.0 0.5 12 0.9166666666666666 0.0 0.6 4 1.0 0.0 0.7 0 1 1 0.9 0 1 1
30 0.1 95 0.2631578947368421 0.010526315789473684 0.4 30 0.5333333333333333 0.03333333333333333 0.5 10 0.9 0.1 0.6 4 1.0 0.25 0.7 0 1 1 0.9 0 1 1
30 0.1 36 0.6111111111111112 0.0 0.4 14 0.7857142857142857 0.0 0.5 9 0.8888888888888888 0.0 0.6 5 1.0 0.0 0.7 2 1.0 0.0 0.9 0 1 1
30 0.1 69 0.391304347826087 0.0 0.4 19 0.8421052631578947 0.0 0.5 8 1.0 0.0 0.6 2 1.0 0.0 0.7 0 1 1 0.9 0 1 1
30 0.1 44 0.6136363636363636 0.0 0.4 24 0.9166666666666666 0.0 0.5 16 1.0 0.0 0.6 11 1.0 0.0 0.7 2 1.0 0.0 0.9 0 1 1
30 0.1 68 0.38235294117647056 0.0 0.4 19 0.7368421052631579 0.0 0.5 8 0.875 0.0 0.6 3 1.0 0.0 0.7 0 1 1 0.9 0 1 1
30 0.1 16 0.75 0.0 0.4 0 1 1 0.5 0 1 1 0.6 0 1 1 0.7 0 1 1 0.9 0 1 1
30 0.1 88 0.29545454545454547 0.0 0.4 27 0.4444444444444444 0.0 0.5 15 0.5333333333333333 0.0 0.6 5 0.6 0.0 0.7 0 1 1 0.9 0 1 1
30 0.1 65 0.3384615384615385 0.0 0.4 16 0.75 0.0 0.5 8 0.75 0.0 0.6 4 0.75 0.0 0.7 0 1 1 0.9 0 1 1
30 0.1 46 0.5869565217391305 0.0 0.4 16 0.8125 0.0 0.5 10 0.8 0.0 0.6 4 1.0 0.0 0.7 1 1.0 0.0 0.9 0 1 1
30 0.1 49 0.40816326530612246 0.0 0.4 16 0.5625 0.0 0.5 7 0.8571428571428571 0.0 0.6 1 1.0 0.0 0.7 0 1 1 0.9 0 1 1
30 0.1 76 0.3815789473684211 0.0 0.4 35 0.7714285714285715 0.0 0.5 31 0.8387096774193549 0.0 0.6 25 0.84 0.0 0.7 20 0.85 0.0 0.9 0 1 1
30 0.1 36 0.6666666666666666 0.0 0.4 17 0.8823529411764706 0.0 0.5 14 0.8571428571428571 0.0 0.6 12 0.9166666666666666 0.0 0.7 5 1.0 0.0 0.9 0 1 1
30 0.1 35 0.7142857142857143 0.0 0.4 19 0.7894736842105263 0.0 0.5 16 0.75 0.0 0.6 14 0.7857142857142857 0.0 0.7 6 1.0 0.0 0.9 0 1 1
30 0.1 40 0.45 0.0 0.4 16 0.6875 0.0 0.5 11 0.9090909090909091 0.0 0.6 7 0.8571428571428571 0.0 0.7 5 0.8 0.0 0.9 0 1 1
30 0.1 81 0.3333333333333333 0.0 0.4 26 0.7692307692307693 0.0 0.5 20 0.9 0.0 0.6 8 1.0 0.0 0.7 5 1.0 0.0 0.9 0 1 1
30 0.1 23 0.4782608695652174 0.0 0.4 3 0.6666666666666666 0.0 0.5 1 1.0 0.0 0.6 0 1 1 0.7 0 1 1 0.9 0 1 1
30 0.1 59 0.4915254237288136 0.0 0.4 26 0.8461538461538461 0.0 0.5 23 0.8695652173913043 0.0 0.6 17 1.0 0.0 0.7 8 1.0 0.0 0.9 0 1 1
30 0.1 29 0.7586206896551724 0.0 0.4 10 1.0 0.0 0.5 6 1.0 0.0 0.6 3 1.0 0.0 0.7 0 1 1 0.9 0 1 1
30 0.1 0 1 1 0.4 0 1 1 0.5 0 1 1 0.6 0 1 1 0.7 0 1 1 0.9 0 1 1
30 0.1 70 0.37142857142857144 0.0 0.4 27 0.6296296296296297 0.0 0.5 21 0.6666666666666666 0.0 0.6 12 0.6666666666666666 0.0 0.7 4 0.75 0.0 0.9 0 1 1
30 0.1 10 0.5 0.0 0.4 1 1.0 0.0 0.5 0 1 1 0.6 0 1 1 0.7 0 1 1 0.9 0 1 1
30 0.1 27 0.6666666666666666 0.0 0.4 4 0.75 0.0 0.5 0 1 1 0.6 0 1 1 0.7 0 1 1 0.9 0 1 1
30 0.1 51 0.39215686274509803 0.0 0.4 11 0.9090909090909091 0.0 0.5 10 0.9 0.0 0.6 1 1.0 0.0 0.7 0 1 1 0.9 0 1 1
30 0.1 13 0.5384615384615384 0.0 0.4 0 1 1 0.5 0 1 1 0.6 0 1 1 0.7 0 1 1 0.9 0 1 1
30 0.1 12 0.75 0.0 0.4 1 1.0 0.0 0.5 1 1.0 0.0 0.6 0 1 1 0.7 0 1 1 0.9 0 1 1
30 0.1 0 1 1 0.4 0 1 1 0.5 0 1 1 0.6 0 1 1 0.7 0 1 1 0.9 0 1 1
30 0.1 1 0.0 0.0 0.4 0 1 1 0.5 0 1 1 0.6 0 1 1 0.7 0 1 1 0.9 0 1 1
30 0.1 0 1 1 0.4 0 1 1 0.5 0 1 1 0.6 0 1 1 0.7 0 1 1 0.9 0 1 1
30 0.1 0 1 1 0.4 0 1 1 0.5 0 1 1 0.6 0 1 1 0.7 0 1 1 0.9 0 1 1
30 0.1 0 1 1 0.4 0 1 1 0.5 0 1 1 0.6 0 1 1 0.7 0 1 1 0.9 0 1 1
30 0.1 3 0.3333333333333333 0.0 0.4 0 1 1 0.5 0 1 1 0.6 0 1 1 0.7 0 1 1 0.9 0 1 1
30 0.1 2 1.0 0.0 0.4 0 1 1 0.5 0 1 1 0.6 0 1 1 0.7 0 1 1 0.9 0 1 1
30 0.1 21 0.47619047619047616 0.0 0.4 6 0.5 0.0 0.5 3 0.3333333333333333 0.0 0.6 0 1 1 0.7 0 1 1 0.9 0 1 1
30 0.1 14 0.8571428571428571 0.0 0.4 2 1.0 0.0 0.5 2 1.0 0.0 0.6 2 1.0 0.0 0.7 1 1.0 0.0 0.9 0 1 1
30 0.1 27 0.6296296296296297 0.0 0.4 6 0.8333333333333334 0.0 0.5 1 1.0 0.0 0.6 1 1.0 0.0 0.7 0 1 1 0.9 0 1 1
30 0.1 29 0.27586206896551724 0.0 0.4 3 0.6666666666666666 0.0 0.5 0 1 1 0.6 0 1 1 0.7 0 1 1 0.9 0 1 1
30 0.1 12 0.5833333333333334 0.0 0.4 0 1 1 0.5 0 1 1 0.6 0 1 1 0.7 0 1 1 0.9 0 1 1
30 0.1 11 0.8181818181818182 0.0 0.4 0 1 1 0.5 0 1 1 0.6 0 1 1 0.7 0 1 1 0.9 0 1 1
30 0.1 53 0.5471698113207547 0.0 0.4 21 0.8095238095238095 0.0 0.5 17 0.8823529411764706 0.0 0.6 8 0.875 0.0 0.7 3 1.0 0.0 0.9 0 1 1
30 0.1 32 0.65625 0.0 0.4 10 0.9 0.0 0.5 4 0.75 0.0 0.6 2 1.0 0.0 0.7 1 1.0 0.0 0.9 0 1 1
30 0.1 69 0.2898550724637681 0.0 0.4 3 1.0 0.0 0.5 0 1 1 0.6 0 1 1 0.7 0 1 1 0.9 0 1 1
30 0.1 29 0.5517241379310345 0.0 0.4 3 0.3333333333333333 0.0 0.5 0 1 1 0.6 0 1 1 0.7 0 1 1 0.9 0 1 1
30 0.1 29 0.5862068965517241 0.0 0.4 2 1.0 0.0 0.5 0 1 1 0.6 0 1 1 0.7 0 1 1 0.9 0 1 1
30 0.1 51 0.5490196078431373 0.0 0.4 11 0.9090909090909091 0.0 0.5 6 1.0 0.0 0.6 1 1.0 0.0 0.7 0 1 1 0.9 0 1 1
30 0.1 38 0.6842105263157895 0.05263157894736842 0.4 18 1.0 0.1111111111111111 0.5 13 1.0 0.15384615384615385 0.6 5 1.0 0.2 0.7 2 1.0 0.5 0.9 0 1 1
30 0.1 49 0.5918367346938775 0.0 0.4 18 0.8888888888888888 0.0 0.5 8 1.0 0.0 0.6 7 1.0 0.0 0.7 3 1.0 0.0 0.9 0 1 1
30 0.1 40 0.7 0.025 0.4 19 0.9473684210526315 0.05263157894736842 0.5 14 1.0 0.07142857142857142 0.6 9 1.0 0.1111111111111111 0.7 4 1.0 0.25 0.9 0 1 1
30 0.1 48 0.6041666666666666 0.0 0.4 17 0.9411764705882353 0.0 0.5 12 0.9166666666666666 0.0 0.6 7 1.0 0.0 0.7 1 1.0 0.0 0.9 0 1 1
30 0.1 7 0.42857142857142855 0.0 0.4 0 1 1 0.5 0 1 1 0.6 0 1 1 0.7 0 1 1 0.9 0 1 1
30 0.1 2 0.5 0.0 0.4 0 1 1 0.5 0 1 1 0.6 0 1 1 0.7 0 1 1 0.9 0 1 1
30 0.1 5 0.2 0.0 0.4 0 1 1 0.5 0 1 1 0.6 0 1 1 0.7 0 1 1 0.9 0 1 1
30 0.1 25 0.76 0.0 0.4 10 0.9 0.0 0.5 5 0.8 0.0 0.6 1 1.0 0.0 0.7 0 1 1 0.9 0 1 1
30 0.1 44 0.5227272727272727 0.0 0.4 18 0.8333333333333334 0.0 0.5 10 0.9 0.0 0.6 2 1.0 0.0 0.7 0 1 1 0.9 0 1 1
30 0.1 40 0.725 0.0 0.4 20 0.95 0.0 0.5 14 1.0 0.0 0.6 7 1.0 0.0 0.7 3 1.0 0.0 0.9 0 1 1
30 0.1 19 0.631578947368421 0.0 0.4 6 0.6666666666666666 0.0 0.5 2 1.0 0.0 0.6 0 1 1 0.7 0 1 1 0.9 0 1 1
30 0.1 26 0.7692307692307693 0.0 0.4 7 1.0 0.0 0.5 4 1.0 0.0 0.6 3 1.0 0.0 0.7 0 1 1 0.9 0 1 1
30 0.1 32 0.84375 0.03125 0.4 17 0.9411764705882353 0.058823529411764705 0.5 10 1.0 0.1 0.6 5 1.0 0.0 0.7 1 1.0 0.0 0.9 0 1 1
30 0.1 37 0.6486486486486487 0.02702702702702703 0.4 11 0.7272727272727273 0.0 0.5 7 1.0 0.0 0.6 4 1.0 0.0 0.7 2 1.0 0.0 0.9 0 1 1
30 0.1 43 0.627906976744186 0.023255813953488372 0.4 12 1.0 0.08333333333333333 0.5 6 1.0 0.16666666666666666 0.6 5 1.0 0.2 0.7 1 1.0 0.0 0.9 0 1 1
30 0.1 67 0.34328358208955223 0.0 0.4 3 1.0 0.0 0.5 1 1.0 0.0 0.6 1 1.0 0.0 0.7 0 1 1 0.9 0 1 1
30 0.1 65 0.4307692307692308 0.0 0.4 24 0.6666666666666666 0.0 0.5 19 0.631578947368421 0.0 0.6 12 0.75 0.0 0.7 4 1.0 0.0 0.9 0 1 1
30 0.1 131 0.22900763358778625 0.0 0.4 39 0.5128205128205128 0.0 0.5 26 0.5769230769230769 0.0 0.6 16 0.625 0.0 0.7 8 0.75 0.0 0.9 0 1 1
30 0.1 29 0.7586206896551724 0.0 0.4 12 1.0 0.0 0.5 7 1.0 0.0 0.6 4 1.0 0.0 0.7 4 1.0 0.0 0.9 0 1 1
30 0.1 27 0.8148148148148148 0.037037037037037035 0.4 12 0.9166666666666666 0.08333333333333333 0.5 9 1.0 0.1111111111111111 0.6 5 1.0 0.2 0.7 1 1.0 0.0 0.9 0 1 1
30 0.1 30 0.7333333333333333 0.0 0.4 14 0.7857142857142857 0.0 0.5 8 1.0 0.0 0.6 8 1.0 0.0 0.7 1 1.0 0.0 0.9 0 1 1
30 0.1 32 0.75 0.0 0.4 20 0.95 0.0 0.5 16 0.9375 0.0 0.6 11 1.0 0.0 0.7 6 1.0 0.0 0.9 0 1 1
30 0.1 29 0.7931034482758621 0.0 0.4 13 0.9230769230769231 0.0 0.5 10 1.0 0.0 0.6 4 1.0 0.0 0.7 1 1.0 0.0 0.9 0 1 1
30 0.1 32 0.78125 0.0 0.4 16 0.9375 0.0 0.5 11 1.0 0.0 0.6 7 1.0 0.0 0.7 3 1.0 0.0 0.9 0 1 1
30 0.1 32 0.8125 0.0 0.4 23 0.9130434782608695 0.0 0.5 17 1.0 0.0 0.6 12 1.0 0.0 0.7 6 1.0 0.0 0.9 0 1 1
30 0.1 34 0.7941176470588235 0.0 0.4 18 0.9444444444444444 0.0 0.5 13 1.0 0.0 0.6 11 1.0 0.0 0.7 5 1.0 0.0 0.9 0 1 1
30 0.1 34 0.7058823529411765 0.0 0.4 20 0.9 0.0 0.5 15 1.0 0.0 0.6 11 1.0 0.0 0.7 6 1.0 0.0 0.9 0 1 1
30 0.1 36 0.7222222222222222 0.0 0.4 22 0.9545454545454546 0.0 0.5 19 0.9473684210526315 0.0 0.6 14 0.9285714285714286 0.0 0.7 8 1.0 0.0 0.9 0 1 1
30 0.1 32 0.78125 0.0 0.4 11 1.0 0.0 0.5 6 1.0 0.0 0.6 5 1.0 0.0 0.7 1 1.0 0.0 0.9 0 1 1
30 0.1 42 0.6428571428571429 0.0 0.4 25 0.92 0.0 0.5 25 0.92 0.0 0.6 20 1.0 0.0 0.7 13 1.0 0.0 0.9 0 1 1
30 0.1 98 0.2653061224489796 0.0 0.4 21 0.6190476190476191 0.0 0.5 10 0.8 0.0 0.6 3 0.6666666666666666 0.0 0.7 1 1.0 0.0 0.9 0 1 1
30 0.1 22 0.8636363636363636 0.0 0.4 8 1.0 0.0 0.5 6 1.0 0.0 0.6 5 1.0 0.0 0.7 3 1.0 0.0 0.9 0 1 1
30 0.1 37 0.5405405405405406 0.0 0.4 9 0.7777777777777778 0.0 0.5 4 0.75 0.0 0.6 3 1.0 0.0 0.7 1 1.0 0.0 0.9 0 1 1
30 0.1 40 0.6 0.0 0.4 17 0.8823529411764706 0.0 0.5 17 0.8823529411764706 0.0 0.6 10 0.9 0.0 0.7 2 1.0 0.0 0.9 0 1 1
30 0.1 31 0.7096774193548387 0.0 0.4 24 0.8333333333333334 0.0 0.5 18 0.9444444444444444 0.0 0.6 12 1.0 0.0 0.7 8 1.0 0.0 0.9 0 1 1
30 0.1 31 0.7741935483870968 0.0 0.4 22 0.9090909090909091 0.0 0.5 18 0.8888888888888888 0.0 0.6 12 1.0 0.0 0.7 8 1.0 0.0 0.9 0 1 1
30 0.1 28 0.7142857142857143 0.0 0.4 14 1.0 0.0 0.5 11 1.0 0.0 0.6 9 1.0 0.0 0.7 3 1.0 0.0 0.9 0 1 1
30 0.1 83 0.3253012048192771 0.0 0.4 27 0.6666666666666666 0.0 0.5 20 0.7 0.0 0.6 11 0.8181818181818182 0.0 0.7 5 1.0 0.0 0.9 0 1 1
30 0.1 23 0.782608695652174 0.0 0.4 12 1.0 0.0 0.5 11 1.0 0.0 0.6 9 1.0 0.0 0.7 4 1.0 0.0 0.9 0 1 1
30 0.1 31 0.8064516129032258 0.0 0.4 20 0.95 0.0 0.5 16 0.9375 0.0 0.6 15 0.9333333333333333 0.0 0.7 12 1.0 0.0 0.9 0 1 1
30 0.1 34 0.7352941176470589 0.0 0.4 16 0.8125 0.0 0.5 12 0.9166666666666666 0.0 0.6 9 1.0 0.0 0.7 4 1.0 0.0 0.9 0 1 1
30 0.1 31 0.7096774193548387 0.03225806451612903 0.4 15 0.9333333333333333 0.0 0.5 14 0.9285714285714286 0.0 0.6 12 0.9166666666666666 0.0 0.7 7 1.0 0.0 0.9 0 1 1
30 0.1 35 0.6571428571428571 0.0 0.4 20 0.95 0.0 0.5 16 1.0 0.0 0.6 13 1.0 0.0 0.7 8 1.0 0.0 0.9 0 1 1
30 0.1 45 0.6222222222222222 0.0 0.4 26 0.8076923076923077 0.0 0.5 22 0.9090909090909091 0.0 0.6 18 0.8888888888888888 0.0 0.7 11 1.0 0.0 0.9 0 1 1
30 0.1 31 0.7096774193548387 0.0 0.4 17 0.8823529411764706 0.0 0.5 15 0.9333333333333333 0.0 0.6 12 1.0 0.0 0.7 6 1.0 0.0 0.9 0 1 1
30 0.1 33 0.7878787878787878 0.0 0.4 26 0.8461538461538461 0.0 0.5 23 0.9130434782608695 0.0 0.6 20 0.9 0.0 0.7 13 1.0 0.0 0.9 1 1.0 0.0
30 0.1 38 0.7105263157894737 0.0 0.4 26 0.8846153846153846 0.0 0.5 20 0.95 0.0 0.6 18 1.0 0.0 0.7 12 1.0 0.0 0.9 0 1 1
30 0.1 34 0.8235294117647058 0.0 0.4 27 0.8888888888888888 0.0 0.5 25 0.92 0.0 0.6 17 1.0 0.0 0.7 16 1.0 0.0 0.9 0 1 1
30 0.1 30 0.7666666666666667 0.0 0.4 23 0.8260869565217391 0.0 0.5 18 0.8888888888888888 0.0 0.6 12 0.9166666666666666 0.0 0.7 9 1.0 0.0 0.9 0 1 1
30 0.1 32 0.8125 0.0 0.4 19 0.8421052631578947 0.0 0.5 16 0.875 0.0 0.6 15 0.9333333333333333 0.0 0.7 8 1.0 0.0 0.9 0 1 1
30 0.1 39 0.717948717948718 0.02564102564102564 0.4 29 0.8275862068965517 0.0 0.5 24 0.875 0.0 0.6 19 0.8947368421052632 0.0 0.7 15 0.8666666666666667 0.0 0.9 0 1 1
30 0.1 37 0.6486486486486487 0.0 0.4 22 0.8636363636363636 0.0 0.5 19 0.8947368421052632 0.0 0.6 16 0.9375 0.0 0.7 9 1.0 0.0 0.9 0 1 1
30 0.1 43 0.627906976744186 0.0 0.4 26 0.8076923076923077 0.0 0.5 20 0.85 0.0 0.6 14 1.0 0.0 0.7 9 1.0 0.0 0.9 0 1 1
30 0.1 38 0.7105263157894737 0.0 0.4 22 0.8636363636363636 0.0 0.5 18 0.9444444444444444 0.0 0.6 14 0.9285714285714286 0.0 0.7 11 0.9090909090909091 0.0 0.9 0 1 1
30 0.1 35 0.7428571428571429 0.0 0.4 20 0.95 0.0 0.5 16 0.9375 0.0 0.6 13 1.0 0.0 0.7 10 1.0 0.0 0.9 0 1 1
30 0.1 34 0.7647058823529411 0.029411764705882353 0.4 23 0.8695652173913043 0.043478260869565216 0.5 22 0.8636363636363636 0.045454545454545456 0.6 19 0.8947368421052632 0.05263157894736842 0.7 17 0.8823529411764706 0.058823529411764705 0.9 0 1 1
30 0.1 34 0.7647058823529411 0.0 0.4 25 0.88 0.0 0.5 22 0.8636363636363636 0.0 0.6 19 0.9473684210526315 0.0 0.7 14 0.9285714285714286 0.0 0.9 0 1 1
30 0.1 31 0.8709677419354839 0.0 0.4 25 0.92 0.0 0.5 22 0.9090909090909091 0.0 0.6 18 0.8888888888888888 0.0 0.7 13 0.9230769230769231 0.0 0.9 0 1 1
30 0.1 29 0.8275862068965517 0.034482758620689655 0.4 22 0.9545454545454546 0.045454545454545456 0.5 20 0.95 0.05 0.6 16 1.0 0.0625 0.7 13 1.0 0.07692307692307693 0.9 0 1 1
30 0.1 40 0.65 0.025 0.4 28 0.8214285714285714 0.0 0.5 24 0.875 0.0 0.6 23 0.8695652173913043 0.0 0.7 20 0.95 0.0 0.9 0 1 1
30 0.1 42 0.6666666666666666 0.023809523809523808 0.4 30 0.8 0.03333333333333333 0.5 26 0.8461538461538461 0.038461538461538464 0.6 24 0.875 0.041666666666666664 0.7 21 0.8571428571428571 0.047619047619047616 0.9 0 1 1
30 0.1 34 0.7352941176470589 0.029411764705882353 0.4 26 0.8846153846153846 0.038461538461538464 0.5 24 0.875 0.041666666666666664 0.6 22 0.8636363636363636 0.045454545454545456 0.7 19 1.0 0.05263157894736842 0.9 0 1 1
30 0.1 37 0.7027027027027027 0.0 0.4 24 0.875 0.0 0.5 21 0.8571428571428571 0.0 0.6 19 0.8947368421052632 0.0 0.7 16 0.9375 0.0 0.9 0 1 1
30 0.1 35 0.6571428571428571 0.0 0.4 11 1.0 0.0 0.5 7 1.0 0.0 0.6 6 1.0 0.0 0.7 2 1.0 0.0 0.9 0 1 1
30 0.1 41 0.6829268292682927 0.0 0.4 24 0.8333333333333334 0.0 0.5 20 0.85 0.0 0.6 16 0.9375 0.0 0.7 13 1.0 0.0 0.9 0 1 1
30 0.1 36 0.75 0.027777777777777776 0.4 24 0.8333333333333334 0.041666666666666664 0.5 19 0.9473684210526315 0.05263157894736842 0.6 19 0.9473684210526315 0.05263157894736842 0.7 15 1.0 0.06666666666666667 0.9 0 1 1
30 0.1 34 0.7352941176470589 0.0 0.4 17 0.8823529411764706 0.0 0.5 15 0.9333333333333333 0.0 0.6 14 1.0 0.0 0.7 11 1.0 0.0 0.9 0 1 1
30 0.1 33 0.7878787878787878 0.030303030303030304 0.4 29 0.7586206896551724 0.034482758620689655 0.5 25 0.8 0.04 0.6 20 0.9 0.05 0.7 17 0.9411764705882353 0.058823529411764705 0.9 0 1 1
30 0.1 23 0.782608695652174 0.0 0.4 12 1.0 0.0 0.5 11 1.0 0.0 0.6 11 1.0 0.0 0.7 9 1.0 0.0 0.9 0 1 1
30 0.1 35 0.8 0.05714285714285714 0.4 24 0.9166666666666666 0.08333333333333333 0.5 22 0.9090909090909091 0.09090909090909091 0.6 19 0.9473684210526315 0.10526315789473684 0.7 16 0.9375 0.125 0.9 0 1 1
30 0.1 32 0.75 0.0 0.4 22 0.9545454545454546 0.0 0.5 18 1.0 0.0 0.6 18 1.0 0.0 0.7 16 1.0 0.0 0.9 0 1 1
30 0.1 34 0.7941176470588235 0.0 0.4 24 0.875 0.0 0.5 21 0.9523809523809523 0.0 0.6 18 1.0 0.0 0.7 13 1.0 0.0 0.9 0 1 1
30 0.1 29 0.7586206896551724 0.0 0.4 22 0.9090909090909091 0.0 0.5 18 0.8888888888888888 0.0 0.6 14 0.8571428571428571 0.0 0.7 11 0.9090909090909091 0.0 0.9 0 1 1
30 0.1 36 0.6666666666666666 0.0 0.4 29 0.7931034482758621 0.0 0.5 27 0.8518518518518519 0.0 0.6 22 0.8181818181818182 0.0 0.7 17 0.8235294117647058 0.0 0.9 0 1 1
30 0.1 34 0.7941176470588235 0.0 0.4 26 0.8846153846153846 0.0 0.5 24 0.875 0.0 0.6 24 0.875 0.0 0.7 23 0.9130434782608695 0.0 0.9 0 1 1
30 0.1 39 0.6923076923076923 0.02564102564102564 0.4 26 0.8846153846153846 0.038461538461538464 0.5 25 0.88 0.04 0.6 21 0.9047619047619048 0.047619047619047616 0.7 14 1.0 0.07142857142857142 0.9 0 1 1
30 0.1 41 0.6585365853658537 0.024390243902439025 0.4 25 0.88 0.04 0.5 22 0.8636363636363636 0.045454545454545456 0.6 17 0.8235294117647058 0.058823529411764705 0.7 12 0.75 0.0 0.9 0 1 1
30 0.1 40 0.675 0.0 0.4 29 0.8620689655172413 0.0 0.5 28 0.8571428571428571 0.0 0.6 25 0.92 0.0 0.7 23 0.9130434782608695 0.0 0.9 0 1 1
30 0.1 44 0.6590909090909091 0.0 0.4 31 0.8064516129032258 0.0 0.5 27 0.8888888888888888 0.0 0.6 26 0.8846153846153846 0.0 0.7 23 0.8695652173913043 0.0 0.9 1 1.0 0.0
30 0.1 34 0.7941176470588235 0.058823529411764705 0.4 28 0.8571428571428571 0.07142857142857142 0.5 26 0.8846153846153846 0.07692307692307693 0.6 24 0.875 0.08333333333333333 0.7 22 0.9090909090909091 0.09090909090909091 0.9 2 1.0 0.0
30 0.1 42 0.6904761904761905 0.023809523809523808 0.4 34 0.7647058823529411 0.0 0.5 30 0.8333333333333334 0.0 0.6 24 0.8333333333333334 0.0 0.7 21 0.8571428571428571 0.0 0.9 1 1.0 0.0
30 0.1 57 0.49122807017543857 0.0 0.4 25 0.84 0.0 0.5 24 0.8333333333333334 0.0 0.6 16 0.9375 0.0 0.7 11 0.9090909090909091 0.0 0.9 0 1 1
30 0.1 43 0.6744186046511628 0.0 0.4 28 0.8214285714285714 0.0 0.5 27 0.8148148148148148 0.0 0.6 23 0.9565217391304348 0.0 0.7 19 1.0 0.0 0.9 0 1 1
30 0.1 36 0.7777777777777778 0.027777777777777776 0.4 27 0.8518518518518519 0.037037037037037035 0.5 23 0.9130434782608695 0.043478260869565216 0.6 22 0.9090909090909091 0.0 0.7 20 0.95 0.0 0.9 0 1 1
30 0.1 35 0.8 0.0 0.4 23 0.9130434782608695 0.0 0.5 21 0.9047619047619048 0.0 0.6 20 0.9 0.0 0.7 17 0.8823529411764706 0.0 0.9 0 1 1
30 0.1 44 0.6590909090909091 0.0 0.4 32 0.78125 0.0 0.5 28 0.7857142857142857 0.0 0.6 23 0.8695652173913043 0.0 0.7 21 0.9047619047619048 0.0 0.9 1 1.0 0.0
30 0.1 39 0.7435897435897436 0.0 0.4 27 0.8148148148148148 0.0 0.5 26 0.8076923076923077 0.0 0.6 24 0.875 0.0 0.7 20 0.9 0.0 0.9 0 1 1
30 0.1 45 0.6222222222222222 0.0 0.4 33 0.7878787878787878 0.0 0.5 30 0.8333333333333334 0.0 0.6 27 0.8518518518518519 0.0 0.7 22 0.8636363636363636 0.0 0.9 1 1.0 0.0
30 0.1 44 0.6590909090909091 0.022727272727272728 0.4 28 0.8214285714285714 0.03571428571428571 0.5 23 0.8695652173913043 0.0 0.6 22 0.9090909090909091 0.0 0.7 20 0.9 0.0 0.9 0 1 1
30 0.1 42 0.6904761904761905 0.023809523809523808 0.4 32 0.8125 0.03125 0.5 29 0.8620689655172413 0.034482758620689655 0.6 28 0.8571428571428571 0.03571428571428571 0.7 26 0.8846153846153846 0.038461538461538464 0.9 2 1.0 0.0
30 0.1 42 0.6666666666666666 0.047619047619047616 0.4 31 0.7419354838709677 0.03225806451612903 0.5 29 0.7931034482758621 0.034482758620689655 0.6 26 0.8461538461538461 0.038461538461538464 0.7 24 0.8333333333333334 0.041666666666666664 0.9 3 1.0 0.0
30 0.1 42 0.6190476190476191 0.023809523809523808 0.4 26 0.7307692307692307 0.038461538461538464 0.5 24 0.75 0.041666666666666664 0.6 20 0.75 0.05 0.7 15 0.8 0.0 0.9 0 1 1
30 0.1 39 0.7435897435897436 0.02564102564102564 0.4 30 0.8666666666666667 0.03333333333333333 0.5 28 0.8571428571428571 0.03571428571428571 0.6 28 0.8571428571428571 0.03571428571428571 0.7 25 0.84 0.04 0.9 2 1.0 0.0
30 0.1 40 0.725 0.025 0.4 29 0.8620689655172413 0.034482758620689655 0.5 26 0.8846153846153846 0.038461538461538464 0.6 25 0.88 0.04 0.7 23 0.9130434782608695 0.043478260869565216 0.9 1 1.0 0.0
30 0.1 36 0.7777777777777778 0.08333333333333333 0.4 28 0.8571428571428571 0.10714285714285714 0.5 23 0.9130434782608695 0.08695652173913043 0.6 22 0.9090909090909091 0.045454545454545456 0.7 20 0.9 0.05 0.9 0 1 1
30 0.1 33 0.7878787878787878 0.0 0.4 26 0.8076923076923077 0.0 0.5 26 0.8076923076923077 0.0 0.6 21 0.9047619047619048 0.0 0.7 17 0.9411764705882353 0.0 0.9 0 1 1
30 0.1 36 0.7777777777777778 0.05555555555555555 0.4 27 0.8148148148148148 0.037037037037037035 0.5 26 0.8076923076923077 0.038461538461538464 0.6 25 0.84 0.04 0.7 23 0.8695652173913043 0.043478260869565216 0.9 2 1.0 0.0
30 0.1 42 0.6666666666666666 0.07142857142857142 0.4 30 0.8 0.1 0.5 28 0.8214285714285714 0.07142857142857142 0.6 28 0.8214285714285714 0.07142857142857142 0.7 25 0.88 0.08 0.9 2 1.0 0.0
30 0.1 41 0.6829268292682927 0.04878048780487805 0.4 33 0.8181818181818182 0.06060606060606061 0.5 30 0.8666666666666667 0.06666666666666667 0.6 29 0.8620689655172413 0.06896551724137931 0.7 23 0.9130434782608695 0.08695652173913043 0.9 2 1.0 0.0
30 0.1 41 0.6829268292682927 0.04878048780487805 0.4 31 0.8064516129032258 0.03225806451612903 0.5 28 0.8214285714285714 0.03571428571428571 0.6 28 0.8214285714285714 0.03571428571428571 0.7 25 0.84 0.04 0.9 1 1.0 0.0
30 0.1 38 0.7368421052631579 0.0 0.4 27 0.7777777777777778 0.0 0.5 27 0.7777777777777778 0.0 0.6 25 0.84 0.0 0.7 25 0.84 0.0 0.9 1 1.0 0.0
30 0.1 37 0.6756756756756757 0.0 0.4 25 0.8 0.0 0.5 20 0.85 0.0 0.6 16 0.8125 0.0 0.7 14 0.8571428571428571 0.0 0.9 0 1 1
30 0.1 29 0.7931034482758621 0.0 0.4 16 0.875 0.0 0.5 14 0.9285714285714286 0.0 0.6 12 0.9166666666666666 0.0 0.7 9 1.0 0.0 0.9 0 1 1
30 0.1 39 0.717948717948718 0.0 0.4 30 0.7666666666666667 0.0 0.5 29 0.7931034482758621 0.0 0.6 27 0.8148148148148148 0.0 0.7 23 0.8695652173913043 0.0 0.9 0 1 1
30 0.1 38 0.7631578947368421 0.0 0.4 25 0.84 0.0 0.5 24 0.8333333333333334 0.0 0.6 22 0.8636363636363636 0.0 0.7 19 0.9473684210526315 0.0 0.9 1 1.0 0.0
30 0.1 34 0.7941176470588235 0.0 0.4 29 0.8275862068965517 0.0 0.5 26 0.8076923076923077 0.0 0.6 22 0.8181818181818182 0.0 0.7 19 0.9473684210526315 0.0 0.9 1 1.0 0.0
30 0.1 40 0.725 0.025 0.4 30 0.8333333333333334 0.03333333333333333 0.5 28 0.8928571428571429 0.03571428571428571 0.6 25 0.88 0.04 0.7 21 0.9523809523809523 0.047619047619047616 0.9 2 1.0 0.0
30 0.1 34 0.7941176470588235 0.058823529411764705 0.4 28 0.8571428571428571 0.07142857142857142 0.5 26 0.8846153846153846 0.07692307692307693 0.6 22 0.9090909090909091 0.09090909090909091 0.7 17 0.9411764705882353 0.11764705882352941 0.9 0 1 1
30 0.1 39 0.717948717948718 0.02564102564102564 0.4 27 0.8148148148148148 0.0 0.5 26 0.8461538461538461 0.0 0.6 24 0.875 0.0 0.7 23 0.8695652173913043 0.0 0.9 1 1.0 0.0
30 0.1 25 0.8 0.0 0.4 16 0.9375 0.0 0.5 14 1.0 0.0 0.6 12 1.0 0.0 0.7 12 1.0 0.0 0.9 0 1 1
30 0.1 33 0.8181818181818182 0.030303030303030304 0.4 23 0.8695652173913043 0.043478260869565216 0.5 21 0.9047619047619048 0.047619047619047616 0.6 19 0.8947368421052632 0.0 0.7 17 0.9411764705882353 0.0 0.9 1 1.0 0.0
30 0.1 43 0.6511627906976745 0.023255813953488372 0.4 32 0.8125 0.03125 0.5 29 0.8275862068965517 0.034482758620689655 0.6 27 0.8148148148148148 0.037037037037037035 0.7 25 0.8 0.04 0.9 3 1.0 0.0
30 0.1 42 0.6666666666666666 0.023809523809523808 0.4 33 0.7878787878787878 0.030303030303030304 0.5 29 0.8620689655172413 0.034482758620689655 0.6 28 0.8571428571428571 0.03571428571428571 0.7 24 0.875 0.041666666666666664 0.9 4 1.0 0.0
30 0.1 40 0.7 0.025 0.4 33 0.7878787878787878 0.030303030303030304 0.5 29 0.8275862068965517 0.034482758620689655 0.6 27 0.8518518518518519 0.037037037037037035 0.7 25 0.84 0.04 0.9 3 1.0 0.0
30 0.1 37 0.7027027027027027 0.02702702702702703 0.4 28 0.8214285714285714 0.0 0.5 27 0.8518518518518519 0.0 0.6 23 0.8695652173913043 0.0 0.7 23 0.8695652173913043 0.0 0.9 3 1.0 0.0
30 0.1 29 0.8275862068965517 0.0 0.4 24 0.875 0.0 0.5 23 0.8695652173913043 0.0 0.6 22 0.8636363636363636 0.0 0.7 17 0.8823529411764706 0.0 0.9 1 1.0 0.0
30 0.1 32 0.8125 0.03125 0.4 26 0.8846153846153846 0.038461538461538464 0.5 24 0.875 0.0 0.6 22 0.9090909090909091 0.0 0.7 21 0.9047619047619048 0.0 0.9 0 1 1
30 0.1 27 0.8148148148148148 0.0 0.4 21 0.8571428571428571 0.0 0.5 18 0.8333333333333334 0.0 0.6 15 0.9333333333333333 0.0 0.7 14 0.9285714285714286 0.0 0.9 0 1 1
30 0.1 36 0.75 0.05555555555555555 0.4 26 0.8461538461538461 0.038461538461538464 0.5 25 0.88 0.04 0.6 22 0.9090909090909091 0.045454545454545456 0.7 22 0.9090909090909091 0.045454545454545456 0.9 0 1 1
30 0.1 33 0.7878787878787878 0.0 0.4 30 0.8333333333333334 0.0 0.5 28 0.8571428571428571 0.0 0.6 27 0.8888888888888888 0.0 0.7 25 0.88 0.0 0.9 2 1.0 0.0
30 0.1 36 0.75 0.0 0.4 31 0.8064516129032258 0.0 0.5 27 0.8888888888888888 0.0 0.6 26 0.8846153846153846 0.0 0.7 26 0.8846153846153846 0.0 0.9 2 1.0 0.0
30 0.1 39 0.717948717948718 0.02564102564102564 0.4 30 0.8333333333333334 0.03333333333333333 0.5 29 0.8275862068965517 0.034482758620689655 0.6 27 0.8518518518518519 0.037037037037037035 0.7 23 0.8695652173913043 0.043478260869565216 0.9 2 1.0 0.0
30 0.1 37 0.7297297297297297 0.02702702702702703 0.4 27 0.8518518518518519 0.037037037037037035 0.5 25 0.84 0.04 0.6 25 0.84 0.04 0.7 22 0.8636363636363636 0.045454545454545456 0.9 0 1 1
30 0.1 37 0.7027027027027027 0.02702702702702703 0.4 30 0.8 0.03333333333333333 0.5 27 0.8148148148148148 0.037037037037037035 0.6 24 0.875 0.041666666666666664 0.7 24 0.875 0.041666666666666664 0.9 0 1 1
30 0.1 38 0.7105263157894737 0.05263157894736842 0.4 30 0.8333333333333334 0.0 0.5 30 0.8333333333333334 0.0 0.6 25 0.84 0.0 0.7 19 0.8421052631578947 0.0 0.9 0 1 1
30 0.1 34 0.7647058823529411 0.029411764705882353 0.4 29 0.7931034482758621 0.034482758620689655 0.5 28 0.8214285714285714 0.03571428571428571 0.6 27 0.8148148148148148 0.037037037037037035 0.7 23 0.8695652173913043 0.043478260869565216 0.9 1 1.0 0.0
30 0.1 33 0.7878787878787878 0.030303030303030304 0.4 28 0.8571428571428571 0.03571428571428571 0.5 27 0.8518518518518519 0.037037037037037035 0.6 26 0.8846153846153846 0.038461538461538464 0.7 20 0.9 0.05 0.9 2 1.0 0.0
30 0.1 37 0.7297297297297297 0.0 0.4 28 0.8571428571428571 0.0 0.5 27 0.8888888888888888 0.0 0.6 25 0.88 0.0 0.7 24 0.9166666666666666 0.0 0.9 1 1.0 0.0
30 0.1 33 0.7878787878787878 0.0 0.4 29 0.8620689655172413 0.0 0.5 28 0.8571428571428571 0.0 0.6 25 0.92 0.0 0.7 23 0.9130434782608695 0.0 0.9 1 1.0 0.0
30 0.1 33 0.7575757575757576 0.030303030303030304 0.4 30 0.8333333333333334 0.03333333333333333 0.5 29 0.8620689655172413 0.034482758620689655 0.6 27 0.8888888888888888 0.037037037037037035 0.7 26 0.8846153846153846 0.038461538461538464 0.9 1 1.0 0.0
30 0.1 39 0.6666666666666666 0.02564102564102564 0.4 28 0.8214285714285714 0.03571428571428571 0.5 27 0.8148148148148148 0.037037037037037035 0.6 26 0.8461538461538461 0.038461538461538464 0.7 25 0.84 0.04 0.9 3 1.0 0.0
30 0.1 32 0.78125 0.0 0.4 26 0.8846153846153846 0.0 0.5 23 0.9130434782608695 0.0 0.6 21 0.9047619047619048 0.0 0.7 20 0.95 0.0 0.9 2 1.0 0.0
30 0.1 39 0.6666666666666666 0.02564102564102564 0.4 29 0.8620689655172413 0.034482758620689655 0.5 26 0.9230769230769231 0.038461538461538464 0.6 23 0.9130434782608695 0.043478260869565216 0.7 20 0.95 0.05 0.9 4 1.0 0.0
30 0.1 37 0.7027027027027027 0.02702702702702703 0.4 27 0.8888888888888888 0.037037037037037035 0.5 25 0.92 0.04 0.6 23 0.9130434782608695 0.043478260869565216 0.7 21 0.9523809523809523 0.047619047619047616 0.9 1 1.0 0.0
30 0.1 39 0.6923076923076923 0.02564102564102564 0.4 27 0.8888888888888888 0.037037037037037035 0.5 27 0.8888888888888888 0.037037037037037035 0.6 24 0.9583333333333334 0.041666666666666664 0.7 23 0.9565217391304348 0.043478260869565216 0.9 1 1.0 0.0
30 0.1 40 0.65 0.0 0.4 32 0.8125 0.0 0.5 30 0.8666666666666667 0.0 0.6 27 0.8518518518518519 0.0 0.7 24 0.9166666666666666 0.0 0.9 4 1.0 0.0
30 0.1 37 0.7027027027027027 0.0 0.4 29 0.8620689655172413 0.0 0.5 27 0.8518518518518519 0.0 0.6 25 0.88 0.0 0.7 24 0.9166666666666666 0.0 0.9 2 1.0 0.0
30 0.1 41 0.6585365853658537 0.04878048780487805 0.4 31 0.7741935483870968 0.06451612903225806 0.5 28 0.8571428571428571 0.07142857142857142 0.6 26 0.8461538461538461 0.07692307692307693 0.7 26 0.8461538461538461 0.07692307692307693 0.9 6 1.0 0.16666666666666666
30 0.1 41 0.6341463414634146 0.024390243902439025 0.4 32 0.78125 0.03125 0.5 31 0.7741935483870968 0.03225806451612903 0.6 30 0.8 0.03333333333333333 0.7 25 0.84 0.04 0.9 2 1.0 0.0
30 0.1 38 0.6842105263157895 0.0 0.4 28 0.8214285714285714 0.0 0.5 26 0.8076923076923077 0.0 0.6 23 0.8695652173913043 0.0 0.7 19 0.9473684210526315 0.0 0.9 2 1.0 0.0
30 0.1 37 0.7027027027027027 0.02702702702702703 0.4 28 0.8214285714285714 0.03571428571428571 0.5 25 0.84 0.04 0.6 23 0.8695652173913043 0.043478260869565216 0.7 20 0.9 0.05 0.9 2 1.0 0.0
30 0.1 38 0.631578947368421 0.0 0.4 28 0.7142857142857143 0.0 0.5 26 0.7692307692307693 0.0 0.6 25 0.76 0.0 0.7 21 0.8095238095238095 0.0 0.9 3 1.0 0.0
30 0.1 33 0.7272727272727273 0.09090909090909091 0.4 26 0.8076923076923077 0.038461538461538464 0.5 24 0.8333333333333334 0.041666666666666664 0.6 23 0.8260869565217391 0.043478260869565216 0.7 22 0.8181818181818182 0.045454545454545456 0.9 1 1.0 0.0
30 0.1 38 0.7105263157894737 0.05263157894736842 0.4 30 0.8 0.06666666666666667 0.5 25 0.84 0.08 0.6 25 0.84 0.08 0.7 23 0.8260869565217391 0.08695652173913043 0.9 2 1.0 0.0
30 0.1 40 0.675 0.025 0.4 29 0.7931034482758621 0.034482758620689655 0.5 27 0.8148148148148148 0.037037037037037035 0.6 26 0.8461538461538461 0.038461538461538464 0.7 25 0.84 0.04 0.9 3 1.0 0.0
30 0.1 39 0.6923076923076923 0.05128205128205128 0.4 30 0.8333333333333334 0.06666666666666667 0.5 29 0.8275862068965517 0.06896551724137931 0.6 28 0.8571428571428571 0.07142857142857142 0.7 27 0.8888888888888888 0.07407407407407407 0.9 3 1.0 0.0
30 0.1 41 0.7073170731707317 0.04878048780487805 0.4 32 0.875 0.0625 0.5 27 0.8888888888888888 0.037037037037037035 0.6 27 0.8888888888888888 0.037037037037037035 0.7 24 0.9166666666666666 0.041666666666666664 0.9 1 1.0 0.0
30 0.1 37 0.7837837837837838 0.02702702702702703 0.4 30 0.8666666666666667 0.03333333333333333 0.5 27 0.8888888888888888 0.037037037037037035 0.6 26 0.8846153846153846 0.038461538461538464 0.7 24 0.9166666666666666 0.041666666666666664 0.9 2 1.0 0.0
30 0.1 40 0.725 0.0 0.4 30 0.8 0.0 0.5 28 0.8571428571428571 0.0 0.6 26 0.8846153846153846 0.0 0.7 23 0.9130434782608695 0.0 0.9 1 1.0 0.0
30 0.1 39 0.6666666666666666 0.05128205128205128 0.4 29 0.8620689655172413 0.06896551724137931 0.5 29 0.8620689655172413 0.06896551724137931 0.6 27 0.8518518518518519 0.07407407407407407 0.7 26 0.8461538461538461 0.038461538461538464 0.9 0 1 1
30 0.1 36 0.7222222222222222 0.05555555555555555 0.4 28 0.8928571428571429 0.07142857142857142 0.5 28 0.8928571428571429 0.07142857142857142 0.6 28 0.8928571428571429 0.07142857142857142 0.7 24 0.9583333333333334 0.041666666666666664 0.9 2 1.0 0.5
30 0.1 37 0.7297297297297297 0.02702702702702703 0.4 28 0.8571428571428571 0.03571428571428571 0.5 28 0.8571428571428571 0.03571428571428571 0.6 26 0.8846153846153846 0.0 0.7 23 0.9130434782608695 0.0 0.9 3 1.0 0.0
30 0.1 37 0.7567567567567568 0.0 0.4 29 0.8620689655172413 0.0 0.5 26 0.8846153846153846 0.0 0.6 25 0.88 0.0 0.7 25 0.88 0.0 0.9 4 1.0 0.0
30 0.1 38 0.7105263157894737 0.0 0.4 29 0.8620689655172413 0.0 0.5 29 0.8620689655172413 0.0 0.6 27 0.8888888888888888 0.0 0.7 26 0.9230769230769231 0.0 0.9 2 1.0 0.0
30 0.1 35 0.7428571428571429 0.02857142857142857 0.4 31 0.8387096774193549 0.03225806451612903 0.5 26 0.9230769230769231 0.038461538461538464 0.6 25 0.92 0.04 0.7 24 0.9166666666666666 0.041666666666666664 0.9 4 1.0 0.25
30 0.1 35 0.7714285714285715 0.02857142857142857 0.4 26 0.8076923076923077 0.038461538461538464 0.5 25 0.84 0.04 0.6 23 0.8260869565217391 0.043478260869565216 0.7 21 0.8095238095238095 0.047619047619047616 0.9 2 1.0 0.5
30 0.1 39 0.717948717948718 0.02564102564102564 0.4 31 0.8387096774193549 0.03225806451612903 0.5 29 0.8620689655172413 0.034482758620689655 0.6 25 0.92 0.04 0.7 22 0.9090909090909091 0.045454545454545456 0.9 3 1.0 0.3333333333333333
30 0.1 36 0.7777777777777778 0.05555555555555555 0.4 32 0.8125 0.0625 0.5 30 0.8 0.06666666666666667 0.6 29 0.8275862068965517 0.06896551724137931 0.7 27 0.8888888888888888 0.07407407407407407 0.9 3 1.0 0.0
30 0.1 35 0.7714285714285715 0.0 0.4 30 0.8333333333333334 0.0 0.5 29 0.8620689655172413 0.0 0.6 29 0.8620689655172413 0.0 0.7 28 0.8571428571428571 0.0 0.9 4 1.0 0.0
30 0.1 40 0.675 0.025 0.4 31 0.7741935483870968 0.03225806451612903 0.5 29 0.8275862068965517 0.034482758620689655 0.6 28 0.8214285714285714 0.03571428571428571 0.7 25 0.92 0.04 0.9 3 1.0 0.0
30 0.1 38 0.7105263157894737 0.05263157894736842 0.4 32 0.78125 0.0625 0.5 31 0.8064516129032258 0.06451612903225806 0.6 27 0.8518518518518519 0.037037037037037035 0.7 26 0.8846153846153846 0.038461538461538464 0.9 3 1.0 0.0
30 0.1 40 0.7 0.05 0.4 35 0.8 0.05714285714285714 0.5 32 0.84375 0.0625 0.6 30 0.8333333333333334 0.06666666666666667 0.7 29 0.8275862068965517 0.06896551724137931 0.9 6 1.0 0.16666666666666666
30 0.1 38 0.7105263157894737 0.02631578947368421 0.4 30 0.8333333333333334 0.03333333333333333 0.5 29 0.8620689655172413 0.034482758620689655 0.6 28 0.8928571428571429 0.03571428571428571 0.7 26 0.9230769230769231 0.038461538461538464 0.9 3 1.0 0.0
30 0.1 39 0.6923076923076923 0.05128205128205128 0.4 31 0.8064516129032258 0.06451612903225806 0.5 29 0.8620689655172413 0.06896551724137931 0.6 27 0.9259259259259259 0.07407407407407407 0.7 24 0.9166666666666666 0.041666666666666664 0.9 3 1.0 0.3333333333333333
30 0.1 36 0.7222222222222222 0.027777777777777776 0.4 27 0.8888888888888888 0.037037037037037035 0.5 26 0.8846153846153846 0.038461538461538464 0.6 25 0.92 0.04 0.7 24 0.9583333333333334 0.041666666666666664 0.9 2 1.0 0.0
30 0.1 43 0.627906976744186 0.0 0.4 30 0.8666666666666667 0.0 0.5 27 0.8888888888888888 0.0 0.6 27 0.8888888888888888 0.0 0.7 23 0.9565217391304348 0.0 0.9 5 1.0 0.0
30 0.1 40 0.725 0.025 0.4 32 0.8125 0.03125 0.5 31 0.8387096774193549 0.03225806451612903 0.6 29 0.8620689655172413 0.034482758620689655 0.7 28 0.8928571428571429 0.03571428571428571 0.9 4 1.0 0.0
30 0.1 36 0.75 0.027777777777777776 0.4 30 0.8333333333333334 0.03333333333333333 0.5 28 0.8571428571428571 0.0 0.6 27 0.8888888888888888 0.0 0.7 26 0.9230769230769231 0.0 0.9 3 1.0 0.0
30 0.1 38 0.7105263157894737 0.0 0.4 31 0.8064516129032258 0.0 0.5 31 0.8064516129032258 0.0 0.6 27 0.8888888888888888 0.0 0.7 25 0.92 0.0 0.9 4 1.0 0.0
30 0.1 41 0.6829268292682927 0.024390243902439025 0.4 30 0.8333333333333334 0.03333333333333333 0.5 28 0.8571428571428571 0.03571428571428571 0.6 26 0.9230769230769231 0.038461538461538464 0.7 25 0.92 0.04 0.9 2 1.0 0.5
30 0.1 37 0.7567567567567568 0.0 0.4 31 0.8709677419354839 0.0 0.5 28 0.8928571428571429 0.0 0.6 27 0.8888888888888888 0.0 0.7 25 0.88 0.0 0.9 2 1.0 0.0
30 0.1 37 0.7297297297297297 0.05405405405405406 0.4 30 0.8 0.06666666666666667 0.5 27 0.8888888888888888 0.07407407407407407 0.6 25 0.88 0.08 0.7 25 0.88 0.08 0.9 2 1.0 0.0
30 0.1 34 0.7647058823529411 0.058823529411764705 0.4 27 0.8888888888888888 0.037037037037037035 0.5 27 0.8888888888888888 0.037037037037037035 0.6 24 0.875 0.041666666666666664 0.7 24 0.875 0.041666666666666664 0.9 5 1.0 0.0
30 0.1 36 0.75 0.027777777777777776 0.4 26 0.8846153846153846 0.038461538461538464 0.5 26 0.8846153846153846 0.038461538461538464 0.6 25 0.88 0.04 0.7 23 0.8695652173913043 0.043478260869565216 0.9 5 1.0 0.2
30 0.1 35 0.7714285714285715 0.02857142857142857 0.4 32 0.8125 0.03125 0.5 30 0.8333333333333334 0.03333333333333333 0.6 29 0.8620689655172413 0.034482758620689655 0.7 27 0.8888888888888888 0.037037037037037035 0.9 5 1.0 0.0
30 0.1 37 0.7297297297297297 0.05405405405405406 0.4 31 0.8709677419354839 0.06451612903225806 0.5 30 0.8666666666666667 0.06666666666666667 0.6 27 0.8888888888888888 0.07407407407407407 0.7 27 0.8888888888888888 0.07407407407407407 0.9 2 1.0 0.0
30 0.1 42 0.6666666666666666 0.047619047619047616 0.4 31 0.8387096774193549 0.06451612903225806 0.5 29 0.8620689655172413 0.06896551724137931 0.6 27 0.8888888888888888 0.037037037037037035 0.7 27 0.8888888888888888 0.037037037037037035 0.9 3 1.0 0.0
30 0.1 35 0.7714285714285715 0.0 0.4 32 0.78125 0.0 0.5 29 0.8275862068965517 0.0 0.6 27 0.8888888888888888 0.0 0.7 26 0.9230769230769231 0.0 0.9 7 1.0 0.0
30 0.1 35 0.7714285714285715 0.02857142857142857 0.4 31 0.8064516129032258 0.03225806451612903 0.5 28 0.8928571428571429 0.03571428571428571 0.6 28 0.8928571428571429 0.03571428571428571 0.7 27 0.8888888888888888 0.037037037037037035 0.9 5 1.0 0.0
30 0.1 34 0.7647058823529411 0.029411764705882353 0.4 29 0.8275862068965517 0.0 0.5 29 0.8275862068965517 0.0 0.6 27 0.8888888888888888 0.0 0.7 24 0.9166666666666666 0.0 0.9 6 1.0 0.0
30 0.1 39 0.717948717948718 0.02564102564102564 0.4 33 0.7878787878787878 0.030303030303030304 0.5 32 0.8125 0.03125 0.6 31 0.8387096774193549 0.03225806451612903 0.7 30 0.8333333333333334 0.03333333333333333 0.9 7 1.0 0.0
30 0.1 37 0.7567567567567568 0.0 0.4 31 0.8387096774193549 0.0 0.5 31 0.8387096774193549 0.0 0.6 29 0.8620689655172413 0.0 0.7 26 0.8461538461538461 0.0 0.9 5 1.0 0.0
30 0.1 37 0.7567567567567568 0.02702702702702703 0.4 33 0.8181818181818182 0.030303030303030304 0.5 32 0.84375 0.03125 0.6 28 0.8571428571428571 0.03571428571428571 0.7 22 0.8636363636363636 0.045454545454545456 0.9 4 1.0 0.25
30 0.1 39 0.7435897435897436 0.05128205128205128 0.4 32 0.84375 0.0625 0.5 31 0.8709677419354839 0.06451612903225806 0.6 31 0.8709677419354839 0.06451612903225806 0.7 29 0.8620689655172413 0.06896551724137931 0.9 5 1.0 0.2
30 0.1 36 0.7777777777777778 0.0 0.4 30 0.8666666666666667 0.0 0.5 29 0.8620689655172413 0.0 0.6 29 0.8620689655172413 0.0 0.7 27 0.8888888888888888 0.0 0.9 6 1.0 0.0
30 0.1 34 0.7647058823529411 0.058823529411764705 0.4 30 0.8666666666666667 0.06666666666666667 0.5 29 0.8620689655172413 0.06896551724137931 0.6 29 0.8620689655172413 0.06896551724137931 0.7 26 0.8461538461538461 0.07692307692307693 0.9 6 1.0 0.16666666666666666
30 0.1 37 0.7297297297297297 0.05405405405405406 0.4 30 0.8666666666666667 0.06666666666666667 0.5 30 0.8666666666666667 0.06666666666666667 0.6 28 0.8571428571428571 0.03571428571428571 0.7 28 0.8571428571428571 0.03571428571428571 0.9 4 1.0 0.0
30 0.1 37 0.7297297297297297 0.02702702702702703 0.4 30 0.8666666666666667 0.03333333333333333 0.5 30 0.8666666666666667 0.03333333333333333 0.6 29 0.8620689655172413 0.034482758620689655 0.7 28 0.8928571428571429 0.03571428571428571 0.9 5 1.0 0.0
30 0.1 35 0.7714285714285715 0.02857142857142857 0.4 31 0.8387096774193549 0.03225806451612903 0.5 30 0.8666666666666667 0.03333333333333333 0.6 28 0.8571428571428571 0.03571428571428571 0.7 26 0.8846153846153846 0.038461538461538464 0.9 5 1.0 0.0
30 0.1 38 0.7368421052631579 0.02631578947368421 0.4 31 0.8387096774193549 0.03225806451612903 0.5 29 0.8620689655172413 0.034482758620689655 0.6 29 0.8620689655172413 0.034482758620689655 0.7 29 0.8620689655172413 0.034482758620689655 0.9 5 1.0 0.2
30 0.1 39 0.717948717948718 0.05128205128205128 0.4 30 0.8666666666666667 0.06666666666666667 0.5 30 0.8666666666666667 0.06666666666666667 0.6 29 0.8620689655172413 0.06896551724137931 0.7 28 0.8571428571428571 0.07142857142857142 0.9 5 1.0 0.2
30 0.1 38 0.7105263157894737 0.05263157894736842 0.4 30 0.8666666666666667 0.06666666666666667 0.5 30 0.8666666666666667 0.06666666666666667 0.6 30 0.8666666666666667 0.06666666666666667 0.7 30 0.8666666666666667 0.06666666666666667 0.9 6 1.0 0.16666666666666666
30 0.1 40 0.7 0.05 0.4 31 0.8387096774193549 0.06451612903225806 0.5 31 0.8387096774193549 0.06451612903225806 0.6 31 0.8387096774193549 0.06451612903225806 0.7 28 0.8571428571428571 0.07142857142857142 0.9 5 1.0 0.2
30 0.1 38 0.7105263157894737 0.07894736842105263 0.4 32 0.8125 0.09375 0.5 32 0.8125 0.09375 0.6 31 0.8387096774193549 0.0967741935483871 0.7 28 0.8571428571428571 0.10714285714285714 0.9 7 1.0 0.14285714285714285
30 0.1 37 0.7297297297297297 0.05405405405405406 0.4 31 0.8064516129032258 0.06451612903225806 0.5 31 0.8064516129032258 0.06451612903225806 0.6 30 0.8333333333333334 0.06666666666666667 0.7 29 0.8620689655172413 0.06896551724137931 0.9 8 1.0 0.125
30 0.1 37 0.7567567567567568 0.08108108108108109 0.4 30 0.8333333333333334 0.1 0.5 28 0.8571428571428571 0.10714285714285714 0.6 27 0.8518518518518519 0.1111111111111111 0.7 24 0.875 0.08333333333333333 0.9 6 1.0 0.0
30 0.1 38 0.7105263157894737 0.02631578947368421 0.4 30 0.8333333333333334 0.03333333333333333 0.5 30 0.8333333333333334 0.03333333333333333 0.6 27 0.8518518518518519 0.037037037037037035 0.7 26 0.8461538461538461 0.038461538461538464 0.9 7 1.0 0.0
30 0.1 39 0.6666666666666666 0.05128205128205128 0.4 31 0.8064516129032258 0.06451612903225806 0.5 30 0.8333333333333334 0.06666666666666667 0.6 30 0.8333333333333334 0.06666666666666667 0.7 28 0.8571428571428571 0.03571428571428571 0.9 5 1.0 0.0
30 0.1 36 0.75 0.027777777777777776 0.4 31 0.8064516129032258 0.03225806451612903 0.5 30 0.8333333333333334 0.03333333333333333 0.6 29 0.8275862068965517 0.034482758620689655 0.7 27 0.8518518518518519 0.037037037037037035 0.9 5 1.0 0.2
30 0.1 37 0.7027027027027027 0.02702702702702703 0.4 32 0.8125 0.03125 0.5 32 0.8125 0.03125 0.6 31 0.8064516129032258 0.03225806451612903 0.7 30 0.8 0.03333333333333333 0.9 7 1.0 0.0
30 0.1 39 0.6666666666666666 0.0 0.4 32 0.8125 0.0 0.5 31 0.8064516129032258 0.0 0.6 31 0.8064516129032258 0.0 0.7 30 0.8 0.0 0.9 7 1.0 0.0
30 0.1 39 0.6923076923076923 0.02564102564102564 0.4 32 0.8125 0.03125 0.5 31 0.8064516129032258 0.03225806451612903 0.6 30 0.8 0.03333333333333333 0.7 28 0.8214285714285714 0.03571428571428571 0.9 5 1.0 0.0
30 0.1 38 0.7105263157894737 0.05263157894736842 0.4 31 0.8064516129032258 0.06451612903225806 0.5 31 0.8064516129032258 0.06451612903225806 0.6 31 0.8064516129032258 0.06451612903225806 0.7 30 0.8333333333333334 0.06666666666666667 0.9 6 1.0 0.0
30 0.1 37 0.7027027027027027 0.02702702702702703 0.4 30 0.8333333333333334 0.03333333333333333 0.5 30 0.8333333333333334 0.03333333333333333 0.6 30 0.8333333333333334 0.03333333333333333 0.7 30 0.8333333333333334 0.03333333333333333 0.9 8 1.0 0.125
30 0.1 40 0.725 0.05 0.4 30 0.8333333333333334 0.06666666666666667 0.5 30 0.8333333333333334 0.06666666666666667 0.6 30 0.8333333333333334 0.06666666666666667 0.7 29 0.8620689655172413 0.06896551724137931 0.9 5 1.0 0.0
30 0.1 39 0.6923076923076923 0.07692307692307693 0.4 30 0.8333333333333334 0.1 0.5 30 0.8333333333333334 0.1 0.6 29 0.8275862068965517 0.10344827586206896 0.7 29 0.8275862068965517 0.10344827586206896 0.9 5 1.0 0.0
30 0.1 37 0.7567567567567568 0.02702702702702703 0.4 33 0.7878787878787878 0.030303030303030304 0.5 29 0.8275862068965517 0.034482758620689655 0.6 29 0.8275862068965517 0.034482758620689655 0.7 27 0.8888888888888888 0.037037037037037035 0.9 4 1.0 0.0
30 0.1 36 0.75 0.08333333333333333 0.4 30 0.8666666666666667 0.1 0.5 30 0.8666666666666667 0.1 0.6 30 0.8666666666666667 0.1 0.7 27 0.8888888888888888 0.1111111111111111 0.9 6 1.0 0.16666666666666666
30 0.1 34 0.7647058823529411 0.08823529411764706 0.4 29 0.8620689655172413 0.10344827586206896 0.5 28 0.8928571428571429 0.10714285714285714 0.6 27 0.8888888888888888 0.1111111111111111 0.7 25 0.88 0.12 0.9 5 1.0 0.2
30 0.1 38 0.6842105263157895 0.07894736842105263 0.4 29 0.8620689655172413 0.10344827586206896 0.5 29 0.8620689655172413 0.10344827586206896 0.6 27 0.9259259259259259 0.1111111111111111 0.7 27 0.9259259259259259 0.1111111111111111 0.9 9 1.0 0.1111111111111111
30 0.1 37 0.7027027027027027 0.0 0.4 29 0.8620689655172413 0.0 0.5 28 0.8928571428571429 0.0 0.6 28 0.8928571428571429 0.0 0.7 26 0.9230769230769231 0.0 0.9 8 1.0 0.0
30 0.1 38 0.7105263157894737 0.05263157894736842 0.4 32 0.8125 0.0625 0.5 31 0.8387096774193549 0.06451612903225806 0.6 29 0.8620689655172413 0.06896551724137931 0.7 28 0.8928571428571429 0.07142857142857142 0.9 7 1.0 0.0
30 0.1 38 0.7105263157894737 0.02631578947368421 0.4 32 0.8125 0.03125 0.5 29 0.8275862068965517 0.034482758620689655 0.6 28 0.8214285714285714 0.03571428571428571 0.7 26 0.8846153846153846 0.038461538461538464 0.9 8 1.0 0.0
30 0.1 35 0.7428571428571429 0.08571428571428572 0.4 29 0.8275862068965517 0.10344827586206896 0.5 28 0.8214285714285714 0.10714285714285714 0.6 28 0.8214285714285714 0.10714285714285714 0.7 26 0.8461538461538461 0.11538461538461539 0.9 9 1.0 0.1111111111111111
30 0.1 33 0.7575757575757576 0.09090909090909091 0.4 28 0.8214285714285714 0.10714285714285714 0.5 28 0.8214285714285714 0.10714285714285714 0.6 27 0.8518518518518519 0.1111111111111111 0.7 27 0.8518518518518519 0.1111111111111111 0.9 9 1.0 0.1111111111111111
30 0.1 33 0.7878787878787878 0.030303030303030304 0.4 29 0.8275862068965517 0.034482758620689655 0.5 28 0.8571428571428571 0.03571428571428571 0.6 27 0.8518518518518519 0.037037037037037035 0.7 25 0.88 0.04 0.9 7 1.0 0.0
30 0.1 33 0.7575757575757576 0.12121212121212122 0.4 29 0.8275862068965517 0.10344827586206896 0.5 29 0.8275862068965517 0.10344827586206896 0.6 28 0.8571428571428571 0.10714285714285714 0.7 27 0.8518518518518519 0.1111111111111111 0.9 10 1.0 0.0
30 0.1 32 0.78125 0.09375 0.4 29 0.8275862068965517 0.10344827586206896 0.5 29 0.8275862068965517 0.10344827586206896 0.6 28 0.8571428571428571 0.10714285714285714 0.7 23 0.8695652173913043 0.13043478260869565 0.9 4 1.0 0.0
30 0.1 35 0.7142857142857143 0.05714285714285714 0.4 30 0.8 0.06666666666666667 0.5 30 0.8 0.06666666666666667 0.6 29 0.8275862068965517 0.06896551724137931 0.7 27 0.8518518518518519 0.07407407407407407 0.9 5 1.0 0.0
30 0.1 33 0.7575757575757576 0.06060606060606061 0.4 29 0.7931034482758621 0.034482758620689655 0.5 28 0.8214285714285714 0.03571428571428571 0.6 28 0.8214285714285714 0.03571428571428571 0.7 27 0.8518518518518519 0.037037037037037035 0.9 5 1.0 0.0
30 0.1 35 0.7714285714285715 0.05714285714285714 0.4 30 0.8333333333333334 0.03333333333333333 0.5 28 0.8571428571428571 0.03571428571428571 0.6 28 0.8571428571428571 0.03571428571428571 0.7 26 0.8846153846153846 0.038461538461538464 0.9 7 1.0 0.14285714285714285
30 0.1 36 0.75 0.08333333333333333 0.4 29 0.8620689655172413 0.06896551724137931 0.5 28 0.8571428571428571 0.07142857142857142 0.6 28 0.8571428571428571 0.07142857142857142 0.7 27 0.8518518518518519 0.07407407407407407 0.9 8 1.0 0.125
30 0.1 35 0.7428571428571429 0.11428571428571428 0.4 29 0.8620689655172413 0.13793103448275862 0.5 28 0.8571428571428571 0.14285714285714285 0.6 27 0.8518518518518519 0.1111111111111111 0.7 27 0.8518518518518519 0.1111111111111111 0.9 7 1.0 0.14285714285714285
30 0.1 36 0.8055555555555556 0.027777777777777776 0.4 32 0.8125 0.03125 0.5 30 0.8333333333333334 0.0 0.6 27 0.8518518518518519 0.0 0.7 26 0.8846153846153846 0.0 0.9 7 1.0 0.0
30 0.1 36 0.7777777777777778 0.027777777777777776 0.4 31 0.8387096774193549 0.0 0.5 29 0.8620689655172413 0.0 0.6 29 0.8620689655172413 0.0 0.7 28 0.8571428571428571 0.0 0.9 9 1.0 0.0
30 0.1 36 0.75 0.027777777777777776 0.4 31 0.8387096774193549 0.03225806451612903 0.5 28 0.8928571428571429 0.03571428571428571 0.6 27 0.8888888888888888 0.037037037037037035 0.7 27 0.8888888888888888 0.037037037037037035 0.9 8 1.0 0.0
30 0.1 38 0.7105263157894737 0.05263157894736842 0.4 29 0.8620689655172413 0.06896551724137931 0.5 28 0.8571428571428571 0.07142857142857142 0.6 26 0.8846153846153846 0.07692307692307693 0.7 25 0.88 0.08 0.9 7 1.0 0.0
30 0.1 35 0.7714285714285715 0.05714285714285714 0.4 28 0.8571428571428571 0.07142857142857142 0.5 28 0.8571428571428571 0.07142857142857142 0.6 28 0.8571428571428571 0.07142857142857142 0.7 28 0.8571428571428571 0.07142857142857142 0.9 6 1.0 0.0
30 0.1 37 0.7297297297297297 0.10810810810810811 0.4 29 0.8620689655172413 0.13793103448275862 0.5 28 0.8571428571428571 0.14285714285714285 0.6 28 0.8571428571428571 0.14285714285714285 0.7 28 0.8571428571428571 0.14285714285714285 0.9 9 0.8888888888888888 0.1111111111111111
30 0.1 36 0.7777777777777778 0.08333333333333333 0.4 30 0.8333333333333334 0.1 0.5 28 0.8571428571428571 0.07142857142857142 0.6 28 0.8571428571428571 0.07142857142857142 0.7 27 0.8518518518518519 0.07407407407407407 0.9 6 1.0 0.16666666666666666
30 0.1 38 0.7368421052631579 0.02631578947368421 0.4 28 0.8571428571428571 0.03571428571428571 0.5 27 0.8518518518518519 0.037037037037037035 0.6 27 0.8518518518518519 0.037037037037037035 0.7 27 0.8518518518518519 0.037037037037037035 0.9 5 1.0 0.2
30 0.1 35 0.8 0.05714285714285714 0.4 30 0.8333333333333334 0.06666666666666667 0.5 29 0.8620689655172413 0.06896551724137931 0.6 28 0.8571428571428571 0.03571428571428571 0.7 26 0.8461538461538461 0.038461538461538464 0.9 6 1.0 0.16666666666666666
30 0.1 35 0.7714285714285715 0.02857142857142857 0.4 30 0.8666666666666667 0.03333333333333333 0.5 29 0.8620689655172413 0.034482758620689655 0.6 28 0.8571428571428571 0.03571428571428571 0.7 26 0.8846153846153846 0.038461538461538464 0.9 9 1.0 0.1111111111111111
30 0.1 37 0.7567567567567568 0.02702702702702703 0.4 30 0.8333333333333334 0.03333333333333333 0.5 29 0.8275862068965517 0.034482758620689655 0.6 28 0.8571428571428571 0.03571428571428571 0.7 27 0.8518518518518519 0.037037037037037035 0.9 8 1.0 0.125
30 0.1 38 0.7105263157894737 0.05263157894736842 0.4 31 0.8387096774193549 0.06451612903225806 0.5 30 0.8333333333333334 0.06666666666666667 0.6 28 0.8571428571428571 0.03571428571428571 0.7 28 0.8571428571428571 0.03571428571428571 0.9 7 1.0 0.0
30 0.1 38 0.6842105263157895 0.07894736842105263 0.4 31 0.8387096774193549 0.0967741935483871 0.5 29 0.8275862068965517 0.06896551724137931 0.6 29 0.8275862068965517 0.06896551724137931 0.7 29 0.8275862068965517 0.06896551724137931 0.9 6 1.0 0.16666666666666666
30 0.1 38 0.6842105263157895 0.05263157894736842 0.4 29 0.8620689655172413 0.06896551724137931 0.5 28 0.8571428571428571 0.03571428571428571 0.6 28 0.8571428571428571 0.03571428571428571 0.7 26 0.8846153846153846 0.038461538461538464 0.9 8 0.875 0.0
