5 0.1 0 1 1 0.4 0 1 1 0.5 0 1 1 0.6 0 1 1 0.7 0 1 1 0.9 0 1 1
5 0.1 0 1 1 0.4 0 1 1 0.5 0 1 1 0.6 0 1 1 0.7 0 1 1 0.9 0 1 1
5 0.1 0 1 1 0.4 0 1 1 0.5 0 1 1 0.6 0 1 1 0.7 0 1 1 0.9 0 1 1
5 0.1 1 0.0 0.0 0.4 0 1 1 0.5 0 1 1 0.6 0 1 1 0.7 0 1 1 0.9 0 1 1
5 0.1 6 0.16666666666666666 0.0 0.4 0 1 1 0.5 0 1 1 0.6 0 1 1 0.7 0 1 1 0.9 0 1 1
5 0.1 49 0.04081632653061224 0.0 0.4 0 1 1 0.5 0 1 1 0.6 0 1 1 0.7 0 1 1 0.9 0 1 1
5 0.1 4 0.25 0.0 0.4 0 1 1 0.5 0 1 1 0.6 0 1 1 0.7 0 1 1 0.9 0 1 1
5 0.1 125 0.032 0.0 0.4 0 1 1 0.5 0 1 1 0.6 0 1 1 0.7 0 1 1 0.9 0 1 1
5 0.1 107 0.037383177570093455 0.0 0.4 4 0.25 0.0 0.5 2 0.5 0.0 0.6 0 1 1 0.7 0 1 1 0.9 0 1 1
5 0.1 71 0.056338028169014086 0.0 0.4 0 1 1 0.5 0 1 1 0.6 0 1 1 0.7 0 1 1 0.9 0 1 1
5 0.1 21 0.14285714285714285 0.0 0.4 0 1 1 0.5 0 1 1 0.6 0 1 1 0.7 0 1 1 0.9 0 1 1
5 0.1 75 0.05333333333333334 0.0 0.4 3 0.3333333333333333 0.0 0.5 1 0.0 0.0 0.6 0 1 1 0.7 0 1 1 0.9 0 1 1
5 0.1 30 0.1 0.0 0.4 2 0.5 0.0 0.5 2 0.5 0.0 0.6 1 0.0 0.0 0.7 0 1 1 0.9 0 1 1
5 0.1 50 0.1 0.0 0.4 3 0.3333333333333333 0.0 0.5 0 1 1 0.6 0 1 1 0.7 0 1 1 0.9 0 1 1
5 0.1 31 0.06451612903225806 0.0 0.4 0 1 1 0.5 0 1 1 0.6 0 1 1 0.7 0 1 1 0.9 0 1 1
5 0.1 32 0.15625 0.0 0.4 2 1.0 0.0 0.5 0 1 1 0.6 0 1 1 0.7 0 1 1 0.9 0 1 1
5 0.1 52 0.09615384615384616 0.0 0.4 4 0.5 0.0 0.5 0 1 1 0.6 0 1 1 0.7 0 1 1 0.9 0 1 1
5 0.1 35 0.14285714285714285 0.0 0.4 1 1.0 0.0 0.5 0 1 1 0.6 0 1 1 0.7 0 1 1 0.9 0 1 1
5 0.1 21 0.23809523809523808 0.0 0.4 4 0.75 0.0 0.5 2 0.5 0.0 0.6 0 1 1 0.7 0 1 1 0.9 0 1 1
5 0.1 20 0.2 0.0 0.4 2 0.5 0.0 0.5 1 1.0 0.0 0.6 0 1 1 0.7 0 1 1 0.9 0 1 1
5 0.1 9 0.4444444444444444 0.0 0.4 2 1.0 0.0 0.5 1 1.0 0.0 0.6 1 1.0 0.0 0.7 0 1 1 0.9 0 1 1
5 0.1 23 0.17391304347826086 0.0 0.4 6 0.5 0.0 0.5 1 0.0 0.0 0.6 0 1 1 0.7 0 1 1 0.9 0 1 1
5 0.1 18 0.2777777777777778 0.0 0.4 4 0.75 0.0 0.5 3 0.6666666666666666 0.0 0.6 1 1.0 0.0 0.7 0 1 1 0.9 0 1 1
5 0.1 20 0.1 0.0 0.4 2 0.5 0.0 0.5 1 0.0 0.0 0.6 0 1 1 0.7 0 1 1 0.9 0 1 1
5 0.1 1 1.0 0.0 0.4 0 1 1 0.5 0 1 1 0.6 0 1 1 0.7 0 1 1 0.9 0 1 1
5 0.1 21 0.19047619047619047 0.0 0.4 6 0.5 0.0 0.5 3 0.3333333333333333 0.0 0.6 0 1 1 0.7 0 1 1 0.9 0 1 1
5 0.1 14 0.2857142857142857 0.0 0.4 2 0.5 0.0 0.5 2 0.5 0.0 0.6 0 1 1 0.7 0 1 1 0.9 0 1 1
5 0.1 10 0.4 0.0 0.4 2 1.0 0.0 0.5 0 1 1 0.6 0 1 1 0.7 0 1 1 0.9 0 1 1
5 0.1 7 0.42857142857142855 0.0 0.4 0 1 1 0.5 0 1 1 0.6 0 1 1 0.7 0 1 1 0.9 0 1 1
5 0.1 35 0.14285714285714285 0.0 0.4 13 0.38461538461538464 0.0 0.5 9 0.5555555555555556 0.0 0.6 6 0.6666666666666666 0.0 0.7 2 1.0 0.0 0.9 0 1 1
5 0.1 9 0.4444444444444444 0.0 0.4 3 1.0 0.0 0.5 2 1.0 0.0 0.6 1 1.0 0.0 0.7 0 1 1 0.9 0 1 1
5 0.1 8 0.5 0.0 0.4 3 1.0 0.0 0.5 1 1.0 0.0 0.6 1 1.0 0.0 0.7 0 1 1 0.9 0 1 1
5 0.1 16 0.25 0.0 0.4 2 1.0 0.0 0.5 1 1.0 0.0 0.6 1 1.0 0.0 0.7 0 1 1 0.9 0 1 1
5 0.1 22 0.18181818181818182 0.0 0.4 6 0.5 0.0 0.5 2 0.0 0.0 0.6 2 0.0 0.0 0.7 1 0.0 0.0 0.9 0 1 1
5 0.1 5 0.4 0.0 0.4 0 1 1 0.5 0 1 1 0.6 0 1 1 0.7 0 1 1 0.9 0 1 1
5 0.1 21 0.23809523809523808 0.0 0.4 5 0.8 0.0 0.5 3 0.6666666666666666 0.0 0.6 2 0.5 0.0 0.7 1 1.0 0.0 0.9 0 1 1
5 0.1 6 0.5 0.0 0.4 1 1.0 0.0 0.5 0 1 1 0.6 0 1 1 0.7 0 1 1 0.9 0 1 1
5 0.1 0 1 1 0.4 0 1 1 0.5 0 1 1 0.6 0 1 1 0.7 0 1 1 0.9 0 1 1
5 0.1 19 0.21052631578947367 0.0 0.4 6 0.5 0.0 0.5 3 0.3333333333333333 0.0 0.6 2 0.5 0.0 0.7 1 0.0 0.0 0.9 0 1 1
5 0.1 3 0.3333333333333333 0.0 0.4 1 1.0 0.0 0.5 1 1.0 0.0 0.6 0 1 1 0.7 0 1 1 0.9 0 1 1
5 0.1 5 0.6 0.0 0.4 1 0.0 0.0 0.5 0 1 1 0.6 0 1 1 0.7 0 1 1 0.9 0 1 1
5 0.1 10 0.5 0.0 0.4 3 0.6666666666666666 0.0 0.5 2 0.5 0.0 0.6 0 1 1 0.7 0 1 1 0.9 0 1 1
5 0.1 0 1 1 0.4 0 1 1 0.5 0 1 1 0.6 0 1 1 0.7 0 1 1 0.9 0 1 1
5 0.1 1 0.0 0.0 0.4 0 1 1 0.5 0 1 1 0.6 0 1 1 0.7 0 1 1 0.9 0 1 1
5 0.1 0 1 1 0.4 0 1 1 0.5 0 1 1 0.6 0 1 1 0.7 0 1 1 0.9 0 1 1
5 0.1 3 0.0 0.0 0.4 0 1 1 0.5 0 1 1 0.6 0 1 1 0.7 0 1 1 0.9 0 1 1
5 0.1 0 1 1 0.4 0 1 1 0.5 0 1 1 0.6 0 1 1 0.7 0 1 1 0.9 0 1 1
5 0.1 0 1 1 0.4 0 1 1 0.5 0 1 1 0.6 0 1 1 0.7 0 1 1 0.9 0 1 1
5 0.1 1 0.0 0.0 0.4 0 1 1 0.5 0 1 1 0.6 0 1 1 0.7 0 1 1 0.9 0 1 1
5 0.1 0 1 1 0.4 0 1 1 0.5 0 1 1 0.6 0 1 1 0.7 0 1 1 0.9 0 1 1
5 0.1 1 0.0 0.0 0.4 0 1 1 0.5 0 1 1 0.6 0 1 1 0.7 0 1 1 0.9 0 1 1
5 0.1 9 0.1111111111111111 0.0 0.4 5 0.2 0.0 0.5 1 0.0 0.0 0.6 0 1 1 0.7 0 1 1 0.9 0 1 1
5 0.1 9 0.1111111111111111 0.0 0.4 1 0.0 0.0 0.5 0 1 1 0.6 0 1 1 0.7 0 1 1 0.9 0 1 1
5 0.1 15 0.2 0.0 0.4 3 0.3333333333333333 0.0 0.5 1 0.0 0.0 0.6 0 1 1 0.7 0 1 1 0.9 0 1 1
5 0.1 8 0.0 0.0 0.4 0 1 1 0.5 0 1 1 0.6 0 1 1 0.7 0 1 1 0.9 0 1 1
5 0.1 1 0.0 0.0 0.4 0 1 1 0.5 0 1 1 0.6 0 1 1 0.7 0 1 1 0.9 0 1 1
5 0.1 7 0.2857142857142857 0.0 0.4 0 1 1 0.5 0 1 1 0.6 0 1 1 0.7 0 1 1 0.9 0 1 1
5 0.1 24 0.16666666666666666 0.0 0.4 2 0.0 0.0 0.5 1 0.0 0.0 0.6 0 1 1 0.7 0 1 1 0.9 0 1 1
5 0.1 10 0.3 0.0 0.4 0 1 1 0.5 0 1 1 0.6 0 1 1 0.7 0 1 1 0.9 0 1 1
5 0.1 42 0.047619047619047616 0.0 0.4 0 1 1 0.5 0 1 1 0.6 0 1 1 0.7 0 1 1 0.9 0 1 1
5 0.1 6 0.3333333333333333 0.0 0.4 0 1 1 0.5 0 1 1 0.6 0 1 1 0.7 0 1 1 0.9 0 1 1
5 0.1 12 0.25 0.0 0.4 0 1 1 0.5 0 1 1 0.6 0 1 1 0.7 0 1 1 0.9 0 1 1
5 0.1 16 0.25 0.0 0.4 0 1 1 0.5 0 1 1 0.6 0 1 1 0.7 0 1 1 0.9 0 1 1
5 0.1 15 0.3333333333333333 0.0 0.4 4 0.0 0.0 0.5 2 0.0 0.0 0.6 1 0.0 0.0 0.7 0 1 1 0.9 0 1 1
5 0.1 21 0.23809523809523808 0.0 0.4 1 0.0 0.0 0.5 0 1 1 0.6 0 1 1 0.7 0 1 1 0.9 0 1 1
5 0.1 12 0.4166666666666667 0.0 0.4 3 0.3333333333333333 0.0 0.5 2 0.0 0.0 0.6 1 0.0 0.0 0.7 0 1 1 0.9 0 1 1
5 0.1 17 0.29411764705882354 0.0 0.4 2 0.5 0.0 0.5 1 0.0 0.0 0.6 0 1 1 0.7 0 1 1 0.9 0 1 1
5 0.1 4 0.25 0.0 0.4 0 1 1 0.5 0 1 1 0.6 0 1 1 0.7 0 1 1 0.9 0 1 1
5 0.1 0 1 1 0.4 0 1 1 0.5 0 1 1 0.6 0 1 1 0.7 0 1 1 0.9 0 1 1
5 0.1 0 1 1 0.4 0 1 1 0.5 0 1 1 0.6 0 1 1 0.7 0 1 1 0.9 0 1 1
5 0.1 9 0.3333333333333333 0.0 0.4 3 0.6666666666666666 0.0 0.5 3 0.6666666666666666 0.0 0.6 1 1.0 0.0 0.7 1 1.0 0.0 0.9 0 1 1
5 0.1 21 0.23809523809523808 0.0 0.4 6 0.3333333333333333 0.0 0.5 1 1.0 0.0 0.6 1 1.0 0.0 0.7 0 1 1 0.9 0 1 1
5 0.1 11 0.2727272727272727 0.0 0.4 4 0.25 0.0 0.5 3 0.3333333333333333 0.0 0.6 0 1 1 0.7 0 1 1 0.9 0 1 1
5 0.1 5 0.6 0.0 0.4 2 1.0 0.0 0.5 1 1.0 0.0 0.6 0 1 1 0.7 0 1 1 0.9 0 1 1
5 0.1 11 0.2727272727272727 0.0 0.4 0 1 1 0.5 0 1 1 0.6 0 1 1 0.7 0 1 1 0.9 0 1 1
5 0.1 11 0.36363636363636365 0.0 0.4 2 0.5 0.0 0.5 0 1 1 0.6 0 1 1 0.7 0 1 1 0.9 0 1 1
5 0.1 10 0.4 0.0 0.4 2 0.0 0.0 0.5 1 0.0 0.0 0.6 0 1 1 0.7 0 1 1 0.9 0 1 1
5 0.1 15 0.2 0.0 0.4 0 1 1 0.5 0 1 1 0.6 0 1 1 0.7 0 1 1 0.9 0 1 1
5 0.1 57 0.03508771929824561 0.0 0.4 1 1.0 0.0 0.5 0 1 1 0.6 0 1 1 0.7 0 1 1 0.9 0 1 1
5 0.1 24 0.16666666666666666 0.041666666666666664 0.4 7 0.2857142857142857 0.14285714285714285 0.5 3 0.3333333333333333 0.3333333333333333 0.6 1 1.0 1.0 0.7 0 1 1 0.9 0 1 1
5 0.1 171 0.029239766081871343 0.0 0.4 17 0.11764705882352941 0.0 0.5 5 0.4 0.0 0.6 1 0.0 0.0 0.7 1 0.0 0.0 0.9 0 1 1
5 0.1 9 0.1111111111111111 0.0 0.4 0 1 1 0.5 0 1 1 0.6 0 1 1 0.7 0 1 1 0.9 0 1 1
5 0.1 7 0.5714285714285714 0.0 0.4 0 1 1 0.5 0 1 1 0.6 0 1 1 0.7 0 1 1 0.9 0 1 1
5 0.1 14 0.2857142857142857 0.0 0.4 1 0.0 0.0 0.5 1 0.0 0.0 0.6 0 1 1 0.7 0 1 1 0.9 0 1 1
5 0.1 9 0.5555555555555556 0.0 0.4 1 1.0 0.0 0.5 0 1 1 0.6 0 1 1 0.7 0 1 1 0.9 0 1 1
5 0.1 10 0.5 0.0 0.4 0 1 1 0.5 0 1 1 0.6 0 1 1 0.7 0 1 1 0.9 0 1 1
5 0.1 8 0.375 0.0 0.4 1 1.0 0.0 0.5 0 1 1 0.6 0 1 1 0.7 0 1 1 0.9 0 1 1
5 0.1 15 0.3333333333333333 0.06666666666666667 0.4 4 0.75 0.0 0.5 3 1.0 0.0 0.6 0 1 1 0.7 0 1 1 0.9 0 1 1
5 0.1 12 0.4166666666666667 0.0 0.4 5 0.6 0.0 0.5 0 1 1 0.6 0 1 1 0.7 0 1 1 0.9 0 1 1
5 0.1 13 0.38461538461538464 0.0 0.4 5 0.6 0.0 0.5 4 0.5 0.0 0.6 3 0.3333333333333333 0.0 0.7 0 1 1 0.9 0 1 1
5 0.1 13 0.38461538461538464 0.0 0.4 4 0.5 0.0 0.5 3 0.6666666666666666 0.0 0.6 2 0.5 0.0 0.7 0 1 1 0.9 0 1 1
5 0.1 10 0.2 0.0 0.4 1 0.0 0.0 0.5 0 1 1 0.6 0 1 1 0.7 0 1 1 0.9 0 1 1
5 0.1 13 0.38461538461538464 0.0 0.4 4 0.25 0.0 0.5 3 0.3333333333333333 0.0 0.6 1 0.0 0.0 0.7 0 1 1 0.9 0 1 1
5 0.1 197 0.025380710659898477 0.0 0.4 15 0.06666666666666667 0.0 0.5 0 1 1 0.6 0 1 1 0.7 0 1 1 0.9 0 1 1
5 0.1 3 0.3333333333333333 0.0 0.4 1 0.0 0.0 0.5 0 1 1 0.6 0 1 1 0.7 0 1 1 0.9 0 1 1
5 0.1 18 0.16666666666666666 0.0 0.4 2 0.5 0.0 0.5 0 1 1 0.6 0 1 1 0.7 0 1 1 0.9 0 1 1
5 0.1 17 0.29411764705882354 0.0 0.4 6 0.3333333333333333 0.0 0.5 3 0.3333333333333333 0.0 0.6 1 1.0 0.0 0.7 0 1 1 0.9 0 1 1
5 0.1 9 0.4444444444444444 0.0 0.4 1 1.0 0.0 0.5 1 1.0 0.0 0.6 1 1.0 0.0 0.7 0 1 1 0.9 0 1 1
5 0.1 5 0.8 0.0 0.4 0 1 1 0.5 0 1 1 0.6 0 1 1 0.7 0 1 1 0.9 0 1 1
5 0.1 7 0.42857142857142855 0.0 0.4 1 1.0 0.0 0.5 0 1 1 0.6 0 1 1 0.7 0 1 1 0.9 0 1 1
5 0.1 117 0.03418803418803419 0.0 0.4 6 0.16666666666666666 0.0 0.5 3 0.3333333333333333 0.0 0.6 1 1.0 0.0 0.7 0 1 1 0.9 0 1 1
5 0.1 3 0.6666666666666666 0.0 0.4 0 1 1 0.5 0 1 1 0.6 0 1 1 0.7 0 1 1 0.9 0 1 1
5 0.1 6 0.6666666666666666 0.0 0.4 1 1.0 0.0 0.5 1 1.0 0.0 0.6 1 1.0 0.0 0.7 0 1 1 0.9 0 1 1
5 0.1 8 0.5 0.0 0.4 2 1.0 0.0 0.5 1 1.0 0.0 0.6 0 1 1 0.7 0 1 1 0.9 0 1 1
5 0.1 10 0.3 0.0 0.4 3 0.6666666666666666 0.0 0.5 0 1 1 0.6 0 1 1 0.7 0 1 1 0.9 0 1 1
5 0.1 14 0.35714285714285715 0.0 0.4 6 0.6666666666666666 0.0 0.5 4 0.75 0.0 0.6 1 1.0 0.0 0.7 0 1 1 0.9 0 1 1
5 0.1 17 0.29411764705882354 0.0 0.4 11 0.36363636363636365 0.0 0.5 7 0.42857142857142855 0.0 0.6 5 0.6 0.0 0.7 4 0.75 0.0 0.9 0 1 1
5 0.1 9 0.4444444444444444 0.0 0.4 3 0.3333333333333333 0.0 0.5 2 0.5 0.0 0.6 2 0.5 0.0 0.7 1 0.0 0.0 0.9 0 1 1
5 0.1 10 0.5 0.0 0.4 3 0.6666666666666666 0.0 0.5 2 1.0 0.0 0.6 1 1.0 0.0 0.7 1 1.0 0.0 0.9 0 1 1
5 0.1 11 0.36363636363636365 0.0 0.4 7 0.5714285714285714 0.0 0.5 5 0.8 0.0 0.6 3 0.6666666666666666 0.0 0.7 2 0.5 0.0 0.9 0 1 1
5 0.1 13 0.38461538461538464 0.0 0.4 4 0.75 0.0 0.5 3 1.0 0.0 0.6 2 1.0 0.0 0.7 1 1.0 0.0 0.9 0 1 1
5 0.1 12 0.3333333333333333 0.0 0.4 2 0.5 0.0 0.5 2 0.5 0.0 0.6 1 0.0 0.0 0.7 0 1 1 0.9 0 1 1
5 0.1 12 0.3333333333333333 0.0 0.4 5 0.6 0.0 0.5 3 0.3333333333333333 0.0 0.6 2 0.5 0.0 0.7 1 1.0 0.0 0.9 0 1 1
5 0.1 16 0.3125 0.0 0.4 8 0.5 0.0 0.5 7 0.5714285714285714 0.0 0.6 5 0.8 0.0 0.7 2 1.0 0.0 0.9 0 1 1
5 0.1 11 0.36363636363636365 0.0 0.4 3 0.6666666666666666 0.0 0.5 3 0.6666666666666666 0.0 0.6 2 0.5 0.0 0.7 2 0.5 0.0 0.9 0 1 1
5 0.1 17 0.29411764705882354 0.0 0.4 5 0.8 0.0 0.5 3 0.6666666666666666 0.0 0.6 2 0.5 0.0 0.7 1 0.0 0.0 0.9 0 1 1
5 0.1 17 0.29411764705882354 0.0 0.4 6 0.5 0.0 0.5 4 0.75 0.0 0.6 3 0.6666666666666666 0.0 0.7 1 0.0 0.0 0.9 0 1 1
5 0.1 5 0.8 0.0 0.4 4 0.75 0.0 0.5 3 0.6666666666666666 0.0 0.6 2 0.5 0.0 0.7 1 1.0 0.0 0.9 0 1 1
5 0.1 11 0.45454545454545453 0.0 0.4 5 0.8 0.0 0.5 4 0.75 0.0 0.6 1 1.0 0.0 0.7 0 1 1 0.9 0 1 1
5 0.1 14 0.35714285714285715 0.0 0.4 10 0.4 0.0 0.5 8 0.375 0.0 0.6 5 0.4 0.0 0.7 1 0.0 0.0 0.9 0 1 1
5 0.1 7 0.7142857142857143 0.0 0.4 2 1.0 0.0 0.5 2 1.0 0.0 0.6 0 1 1 0.7 0 1 1 0.9 0 1 1
5 0.1 7 0.5714285714285714 0.0 0.4 2 1.0 0.0 0.5 2 1.0 0.0 0.6 1 1.0 0.0 0.7 0 1 1 0.9 0 1 1
5 0.1 11 0.36363636363636365 0.0 0.4 3 1.0 0.0 0.5 3 1.0 0.0 0.6 2 1.0 0.0 0.7 2 1.0 0.0 0.9 0 1 1
5 0.1 16 0.25 0.0 0.4 9 0.4444444444444444 0.0 0.5 7 0.42857142857142855 0.0 0.6 4 0.75 0.0 0.7 4 0.75 0.0 0.9 0 1 1
5 0.1 13 0.38461538461538464 0.0 0.4 4 0.75 0.0 0.5 2 1.0 0.0 0.6 2 1.0 0.0 0.7 1 1.0 0.0 0.9 0 1 1
5 0.1 9 0.5555555555555556 0.0 0.4 2 1.0 0.0 0.5 1 1.0 0.0 0.6 0 1 1 0.7 0 1 1 0.9 0 1 1
5 0.1 10 0.3 0.0 0.4 1 0.0 0.0 0.5 1 0.0 0.0 0.6 1 0.0 0.0 0.7 1 0.0 0.0 0.9 0 1 1
5 0.1 7 0.7142857142857143 0.0 0.4 1 0.0 0.0 0.5 1 0.0 0.0 0.6 0 1 1 0.7 0 1 1 0.9 0 1 1
5 0.1 10 0.5 0.0 0.4 4 1.0 0.0 0.5 2 1.0 0.0 0.6 1 1.0 0.0 0.7 0 1 1 0.9 0 1 1
5 0.1 8 0.625 0.0 0.4 1 1.0 0.0 0.5 0 1 1 0.6 0 1 1 0.7 0 1 1 0.9 0 1 1
5 0.1 9 0.4444444444444444 0.0 0.4 3 0.6666666666666666 0.0 0.5 3 0.6666666666666666 0.0 0.6 2 0.5 0.0 0.7 2 0.5 0.0 0.9 0 1 1
5 0.1 4 0.75 0.0 0.4 1 0.0 0.0 0.5 1 0.0 0.0 0.6 1 0.0 0.0 0.7 0 1 1 0.9 0 1 1
5 0.1 11 0.45454545454545453 0.0 0.4 5 0.6 0.0 0.5 4 0.75 0.0 0.6 4 0.75 0.0 0.7 1 1.0 0.0 0.9 0 1 1
5 0.1 7 0.7142857142857143 0.0 0.4 4 0.75 0.0 0.5 4 0.75 0.0 0.6 2 1.0 0.0 0.7 2 1.0 0.0 0.9 0 1 1
5 0.1 7 0.7142857142857143 0.0 0.4 2 0.5 0.0 0.5 2 0.5 0.0 0.6 1 1.0 0.0 0.7 1 1.0 0.0 0.9 0 1 1
5 0.1 12 0.25 0.0 0.4 3 0.3333333333333333 0.0 0.5 3 0.3333333333333333 0.0 0.6 2 0.5 0.0 0.7 1 0.0 0.0 0.9 0 1 1
5 0.1 16 0.3125 0.0 0.4 7 0.5714285714285714 0.0 0.5 5 0.6 0.0 0.6 5 0.6 0.0 0.7 3 0.6666666666666666 0.0 0.9 0 1 1
5 0.1 12 0.4166666666666667 0.0 0.4 6 0.5 0.0 0.5 6 0.5 0.0 0.6 4 0.75 0.0 0.7 4 0.75 0.0 0.9 0 1 1
5 0.1 11 0.45454545454545453 0.0 0.4 5 0.6 0.0 0.5 1 0.0 0.0 0.6 1 0.0 0.0 0.7 0 1 1 0.9 0 1 1
5 0.1 12 0.4166666666666667 0.0 0.4 4 0.75 0.0 0.5 4 0.75 0.0 0.6 2 1.0 0.0 0.7 0 1 1 0.9 0 1 1
5 0.1 11 0.45454545454545453 0.0 0.4 4 0.5 0.0 0.5 4 0.5 0.0 0.6 2 0.5 0.0 0.7 1 1.0 0.0 0.9 0 1 1
5 0.1 7 0.5714285714285714 0.0 0.4 7 0.5714285714285714 0.0 0.5 5 0.4 0.0 0.6 4 0.25 0.0 0.7 2 0.5 0.0 0.9 0 1 1
5 0.1 7 0.7142857142857143 0.0 0.4 4 0.75 0.0 0.5 4 0.75 0.0 0.6 2 1.0 0.0 0.7 0 1 1 0.9 0 1 1
5 0.1 8 0.5 0.0 0.4 6 0.5 0.0 0.5 6 0.5 0.0 0.6 3 0.6666666666666666 0.0 0.7 3 0.6666666666666666 0.0 0.9 0 1 1
5 0.1 37 0.13513513513513514 0.0 0.4 11 0.18181818181818182 0.0 0.5 9 0.2222222222222222 0.0 0.6 6 0.0 0.0 0.7 3 0.0 0.0 0.9 0 1 1
5 0.1 13 0.38461538461538464 0.0 0.4 7 0.42857142857142855 0.0 0.5 4 0.75 0.0 0.6 4 0.75 0.0 0.7 3 0.6666666666666666 0.0 0.9 0 1 1
5 0.1 11 0.36363636363636365 0.0 0.4 5 0.6 0.0 0.5 5 0.6 0.0 0.6 3 0.6666666666666666 0.0 0.7 2 0.5 0.0 0.9 0 1 1
5 0.1 10 0.4 0.0 0.4 5 0.6 0.0 0.5 3 0.6666666666666666 0.0 0.6 3 0.6666666666666666 0.0 0.7 2 1.0 0.0 0.9 0 1 1
5 0.1 15 0.3333333333333333 0.0 0.4 10 0.4 0.0 0.5 9 0.3333333333333333 0.0 0.6 9 0.3333333333333333 0.0 0.7 7 0.42857142857142855 0.0 0.9 0 1 1
5 0.1 10 0.4 0.0 0.4 5 0.6 0.0 0.5 3 0.6666666666666666 0.0 0.6 1 1.0 0.0 0.7 0 1 1 0.9 0 1 1
5 0.1 12 0.3333333333333333 0.0 0.4 8 0.5 0.0 0.5 8 0.5 0.0 0.6 5 0.6 0.0 0.7 3 0.6666666666666666 0.0 0.9 0 1 1
5 0.1 12 0.4166666666666667 0.0 0.4 8 0.5 0.0 0.5 6 0.6666666666666666 0.0 0.6 2 1.0 0.0 0.7 2 1.0 0.0 0.9 0 1 1
5 0.1 12 0.4166666666666667 0.0 0.4 10 0.5 0.0 0.5 8 0.5 0.0 0.6 5 0.6 0.0 0.7 2 0.5 0.0 0.9 0 1 1
5 0.1 12 0.4166666666666667 0.0 0.4 8 0.5 0.0 0.5 7 0.42857142857142855 0.0 0.6 5 0.6 0.0 0.7 2 0.5 0.0 0.9 0 1 1
5 0.1 15 0.26666666666666666 0.0 0.4 3 0.3333333333333333 0.0 0.5 2 0.5 0.0 0.6 1 0.0 0.0 0.7 0 1 1 0.9 0 1 1
5 0.1 12 0.4166666666666667 0.0 0.4 9 0.5555555555555556 0.0 0.5 7 0.7142857142857143 0.0 0.6 5 0.8 0.0 0.7 3 1.0 0.0 0.9 0 1 1
5 0.1 11 0.45454545454545453 0.0 0.4 5 1.0 0.0 0.5 5 1.0 0.0 0.6 5 1.0 0.0 0.7 3 1.0 0.0 0.9 0 1 1
5 0.1 8 0.625 0.0 0.4 6 0.8333333333333334 0.0 0.5 5 0.8 0.0 0.6 3 1.0 0.0 0.7 2 1.0 0.0 0.9 0 1 1
5 0.1 7 0.7142857142857143 0.0 0.4 4 0.75 0.0 0.5 4 0.75 0.0 0.6 3 0.6666666666666666 0.0 0.7 2 0.5 0.0 0.9 0 1 1
5 0.1 9 0.5555555555555556 0.0 0.4 6 0.8333333333333334 0.0 0.5 5 0.8 0.0 0.6 5 0.8 0.0 0.7 4 0.75 0.0 0.9 0 1 1
5 0.1 7 0.5714285714285714 0.0 0.4 5 0.8 0.0 0.5 5 0.8 0.0 0.6 5 0.8 0.0 0.7 5 0.8 0.0 0.9 0 1 1
5 0.1 12 0.4166666666666667 0.0 0.4 8 0.625 0.0 0.5 8 0.625 0.0 0.6 7 0.5714285714285714 0.0 0.7 5 0.6 0.0 0.9 0 1 1
5 0.1 9 0.5555555555555556 0.0 0.4 8 0.625 0.0 0.5 6 0.6666666666666666 0.0 0.6 5 0.8 0.0 0.7 3 0.6666666666666666 0.0 0.9 0 1 1
5 0.1 10 0.5 0.0 0.4 7 0.7142857142857143 0.0 0.5 7 0.7142857142857143 0.0 0.6 6 0.6666666666666666 0.0 0.7 5 0.6 0.0 0.9 0 1 1
5 0.1 8 0.625 0.0 0.4 5 0.6 0.0 0.5 4 0.75 0.0 0.6 4 0.75 0.0 0.7 1 1.0 0.0 0.9 0 1 1
5 0.1 5 0.4 0.0 0.4 4 0.5 0.0 0.5 1 1.0 0.0 0.6 1 1.0 0.0 0.7 1 1.0 0.0 0.9 0 1 1
5 0.1 15 0.3333333333333333 0.0 0.4 9 0.5555555555555556 0.0 0.5 7 0.42857142857142855 0.0 0.6 5 0.6 0.0 0.7 3 0.3333333333333333 0.0 0.9 0 1 1
5 0.1 10 0.5 0.0 0.4 4 0.5 0.0 0.5 2 0.5 0.0 0.6 2 0.5 0.0 0.7 2 0.5 0.0 0.9 0 1 1
5 0.1 10 0.5 0.0 0.4 4 0.75 0.0 0.5 4 0.75 0.0 0.6 3 0.6666666666666666 0.0 0.7 2 1.0 0.0 0.9 0 1 1
5 0.1 14 0.35714285714285715 0.0 0.4 5 0.6 0.0 0.5 3 0.3333333333333333 0.0 0.6 2 0.5 0.0 0.7 2 0.5 0.0 0.9 0 1 1
5 0.1 11 0.45454545454545453 0.0 0.4 5 0.6 0.0 0.5 5 0.6 0.0 0.6 5 0.6 0.0 0.7 3 0.3333333333333333 0.0 0.9 0 1 1
5 0.1 15 0.3333333333333333 0.0 0.4 9 0.5555555555555556 0.0 0.5 7 0.7142857142857143 0.0 0.6 6 0.6666666666666666 0.0 0.7 3 0.6666666666666666 0.0 0.9 0 1 1
5 0.1 4 0.5 0.0 0.4 3 0.6666666666666666 0.0 0.5 2 0.5 0.0 0.6 2 0.5 0.0 0.7 2 0.5 0.0 0.9 0 1 1
5 0.1 11 0.45454545454545453 0.0 0.4 4 0.75 0.0 0.5 4 0.75 0.0 0.6 4 0.75 0.0 0.7 2 1.0 0.0 0.9 0 1 1
5 0.1 10 0.5 0.0 0.4 5 0.8 0.0 0.5 4 0.75 0.0 0.6 4 0.75 0.0 0.7 3 0.6666666666666666 0.0 0.9 0 1 1
5 0.1 7 0.5714285714285714 0.0 0.4 5 0.6 0.0 0.5 4 0.75 0.0 0.6 4 0.75 0.0 0.7 4 0.75 0.0 0.9 0 1 1
5 0.1 12 0.4166666666666667 0.0 0.4 6 0.6666666666666666 0.0 0.5 5 0.6 0.0 0.6 4 0.5 0.0 0.7 4 0.5 0.0 0.9 0 1 1
5 0.1 8 0.625 0.0 0.4 7 0.7142857142857143 0.0 0.5 6 0.6666666666666666 0.0 0.6 5 0.8 0.0 0.7 3 0.6666666666666666 0.0 0.9 0 1 1
5 0.1 7 0.7142857142857143 0.0 0.4 4 1.0 0.0 0.5 4 1.0 0.0 0.6 3 1.0 0.0 0.7 2 1.0 0.0 0.9 0 1 1
5 0.1 8 0.625 0.0 0.4 6 0.6666666666666666 0.0 0.5 5 0.8 0.0 0.6 5 0.8 0.0 0.7 3 0.6666666666666666 0.0 0.9 0 1 1
5 0.1 8 0.375 0.0 0.4 5 0.4 0.0 0.5 5 0.4 0.0 0.6 5 0.4 0.0 0.7 4 0.25 0.0 0.9 0 1 1
5 0.1 11 0.45454545454545453 0.0 0.4 5 0.4 0.0 0.5 5 0.4 0.0 0.6 5 0.4 0.0 0.7 3 0.6666666666666666 0.0 0.9 0 1 1
5 0.1 12 0.4166666666666667 0.0 0.4 9 0.4444444444444444 0.0 0.5 8 0.5 0.0 0.6 5 0.6 0.0 0.7 5 0.6 0.0 0.9 0 1 1
5 0.1 10 0.4 0.0 0.4 6 0.5 0.0 0.5 6 0.5 0.0 0.6 6 0.5 0.0 0.7 6 0.5 0.0 0.9 0 1 1
5 0.1 11 0.45454545454545453 0.0 0.4 9 0.4444444444444444 0.0 0.5 8 0.5 0.0 0.6 3 0.6666666666666666 0.0 0.7 3 0.6666666666666666 0.0 0.9 0 1 1
5 0.1 8 0.625 0.0 0.4 4 0.25 0.0 0.5 3 0.0 0.0 0.6 3 0.0 0.0 0.7 2 0.0 0.0 0.9 0 1 1
5 0.1 8 0.5 0.0 0.4 4 0.5 0.0 0.5 3 0.3333333333333333 0.0 0.6 2 0.0 0.0 0.7 2 0.0 0.0 0.9 0 1 1
5 0.1 8 0.625 0.0 0.4 6 0.6666666666666666 0.0 0.5 6 0.6666666666666666 0.0 0.6 6 0.6666666666666666 0.0 0.7 5 0.6 0.0 0.9 0 1 1
5 0.1 7 0.5714285714285714 0.0 0.4 5 0.8 0.0 0.5 5 0.8 0.0 0.6 5 0.8 0.0 0.7 5 0.8 0.0 0.9 0 1 1
5 0.1 8 0.5 0.0 0.4 6 0.6666666666666666 0.0 0.5 6 0.6666666666666666 0.0 0.6 6 0.6666666666666666 0.0 0.7 5 0.8 0.0 0.9 0 1 1
5 0.1 8 0.625 0.0 0.4 7 0.7142857142857143 0.0 0.5 6 0.6666666666666666 0.0 0.6 6 0.6666666666666666 0.0 0.7 3 0.6666666666666666 0.0 0.9 0 1 1
5 0.1 8 0.625 0.0 0.4 8 0.625 0.0 0.5 5 0.6 0.0 0.6 5 0.6 0.0 0.7 5 0.6 0.0 0.9 0 1 1
5 0.1 12 0.4166666666666667 0.0 0.4 7 0.5714285714285714 0.0 0.5 6 0.5 0.0 0.6 5 0.4 0.0 0.7 3 0.6666666666666666 0.0 0.9 0 1 1
5 0.1 9 0.4444444444444444 0.0 0.4 6 0.6666666666666666 0.0 0.5 5 0.8 0.0 0.6 5 0.8 0.0 0.7 4 1.0 0.0 0.9 0 1 1
5 0.1 7 0.5714285714285714 0.0 0.4 6 0.6666666666666666 0.0 0.5 6 0.6666666666666666 0.0 0.6 6 0.6666666666666666 0.0 0.7 6 0.6666666666666666 0.0 0.9 0 1 1
5 0.1 9 0.4444444444444444 0.0 0.4 6 0.6666666666666666 0.0 0.5 5 0.8 0.0 0.6 5 0.8 0.0 0.7 5 0.8 0.0 0.9 0 1 1
5 0.1 12 0.4166666666666667 0.0 0.4 6 0.3333333333333333 0.0 0.5 5 0.4 0.0 0.6 5 0.4 0.0 0.7 4 0.5 0.0 0.9 0 1 1
5 0.1 11 0.36363636363636365 0.0 0.4 6 0.5 0.0 0.5 4 0.75 0.0 0.6 3 0.6666666666666666 0.0 0.7 3 0.6666666666666666 0.0 0.9 0 1 1
5 0.1 10 0.4 0.0 0.4 7 0.42857142857142855 0.0 0.5 4 0.75 0.0 0.6 4 0.75 0.0 0.7 4 0.75 0.0 0.9 0 1 1
5 0.1 10 0.5 0.0 0.4 5 0.8 0.0 0.5 5 0.8 0.0 0.6 5 0.8 0.0 0.7 4 1.0 0.0 0.9 0 1 1
5 0.1 11 0.45454545454545453 0.0 0.4 5 0.8 0.0 0.5 5 0.8 0.0 0.6 5 0.8 0.0 0.7 5 0.8 0.0 0.9 0 1 1
5 0.1 10 0.5 0.0 0.4 7 0.7142857142857143 0.0 0.5 6 0.8333333333333334 0.0 0.6 6 0.8333333333333334 0.0 0.7 4 1.0 0.0 0.9 0 1 1
5 0.1 9 0.5555555555555556 0.0 0.4 6 0.6666666666666666 0.0 0.5 6 0.6666666666666666 0.0 0.6 6 0.6666666666666666 0.0 0.7 5 0.8 0.0 0.9 0 1 1
5 0.1 12 0.4166666666666667 0.0 0.4 10 0.5 0.0 0.5 9 0.5555555555555556 0.0 0.6 7 0.5714285714285714 0.0 0.7 4 0.75 0.0 0.9 0 1 1
5 0.1 11 0.36363636363636365 0.0 0.4 8 0.5 0.0 0.5 6 0.5 0.0 0.6 6 0.5 0.0 0.7 5 0.6 0.0 0.9 0 1 1
5 0.1 14 0.35714285714285715 0.0 0.4 8 0.625 0.0 0.5 8 0.625 0.0 0.6 6 0.5 0.0 0.7 5 0.6 0.0 0.9 0 1 1
5 0.1 11 0.45454545454545453 0.0 0.4 8 0.625 0.0 0.5 7 0.5714285714285714 0.0 0.6 5 0.8 0.0 0.7 4 0.75 0.0 0.9 0 1 1
5 0.1 14 0.35714285714285715 0.0 0.4 10 0.5 0.0 0.5 9 0.5555555555555556 0.0 0.6 8 0.625 0.0 0.7 5 0.8 0.0 0.9 0 1 1
5 0.1 13 0.38461538461538464 0.0 0.4 9 0.5555555555555556 0.0 0.5 7 0.7142857142857143 0.0 0.6 7 0.7142857142857143 0.0 0.7 7 0.7142857142857143 0.0 0.9 0 1 1
5 0.1 9 0.5555555555555556 0.0 0.4 8 0.625 0.0 0.5 8 0.625 0.0 0.6 7 0.7142857142857143 0.0 0.7 7 0.7142857142857143 0.0 0.9 0 1 1
5 0.1 11 0.36363636363636365 0.0 0.4 8 0.5 0.0 0.5 8 0.5 0.0 0.6 6 0.5 0.0 0.7 5 0.6 0.0 0.9 0 1 1
5 0.1 13 0.38461538461538464 0.0 0.4 10 0.5 0.0 0.5 8 0.5 0.0 0.6 7 0.5714285714285714 0.0 0.7 4 0.75 0.0 0.9 0 1 1
5 0.1 12 0.4166666666666667 0.0 0.4 7 0.5714285714285714 0.0 0.5 6 0.6666666666666666 0.0 0.6 4 0.75 0.0 0.7 2 1.0 0.0 0.9 0 1 1
5 0.1 10 0.5 0.0 0.4 8 0.5 0.0 0.5 7 0.5714285714285714 0.0 0.6 6 0.6666666666666666 0.0 0.7 4 0.75 0.0 0.9 0 1 1
5 0.1 9 0.4444444444444444 0.0 0.4 4 0.75 0.0 0.5 4 0.75 0.0 0.6 3 0.6666666666666666 0.0 0.7 3 0.6666666666666666 0.0 0.9 0 1 1
5 0.1 8 0.625 0.0 0.4 5 0.6 0.0 0.5 5 0.6 0.0 0.6 4 0.5 0.0 0.7 4 0.5 0.0 0.9 0 1 1
5 0.1 10 0.5 0.0 0.4 6 0.6666666666666666 0.0 0.5 6 0.6666666666666666 0.0 0.6 6 0.6666666666666666 0.0 0.7 4 0.75 0.0 0.9 0 1 1
5 0.1 9 0.4444444444444444 0.0 0.4 7 0.5714285714285714 0.0 0.5 6 0.6666666666666666 0.0 0.6 6 0.6666666666666666 0.0 0.7 5 0.8 0.0 0.9 0 1 1
5 0.1 10 0.5 0.0 0.4 8 0.625 0.0 0.5 6 0.6666666666666666 0.0 0.6 4 0.75 0.0 0.7 4 0.75 0.0 0.9 0 1 1
5 0.1 15 0.3333333333333333 0.0 0.4 9 0.5555555555555556 0.0 0.5 8 0.5 0.0 0.6 7 0.42857142857142855 0.0 0.7 4 0.75 0.0 0.9 0 1 1
5 0.1 10 0.5 0.0 0.4 8 0.625 0.0 0.5 8 0.625 0.0 0.6 8 0.625 0.0 0.7 6 0.6666666666666666 0.0 0.9 0 1 1
5 0.1 11 0.45454545454545453 0.0 0.4 8 0.5 0.0 0.5 6 0.5 0.0 0.6 6 0.5 0.0 0.7 4 0.75 0.0 0.9 0 1 1
5 0.1 12 0.4166666666666667 0.0 0.4 10 0.5 0.0 0.5 9 0.5555555555555556 0.0 0.6 9 0.5555555555555556 0.0 0.7 7 0.5714285714285714 0.0 0.9 0 1 1
5 0.1 9 0.5555555555555556 0.0 0.4 9 0.5555555555555556 0.0 0.5 9 0.5555555555555556 0.0 0.6 6 0.6666666666666666 0.0 0.7 5 0.6 0.0 0.9 0 1 1
5 0.1 12 0.4166666666666667 0.0 0.4 11 0.45454545454545453 0.0 0.5 11 0.45454545454545453 0.0 0.6 10 0.5 0.0 0.7 7 0.5714285714285714 0.0 0.9 0 1 1
5 0.1 12 0.4166666666666667 0.0 0.4 9 0.3333333333333333 0.0 0.5 8 0.375 0.0 0.6 6 0.5 0.0 0.7 5 0.6 0.0 0.9 0 1 1
5 0.1 12 0.3333333333333333 0.0 0.4 8 0.5 0.0 0.5 8 0.5 0.0 0.6 7 0.5714285714285714 0.0 0.7 5 0.6 0.0 0.9 0 1 1
5 0.1 11 0.45454545454545453 0.0 0.4 11 0.45454545454545453 0.0 0.5 11 0.45454545454545453 0.0 0.6 8 0.375 0.0 0.7 6 0.5 0.0 0.9 0 1 1
5 0.1 12 0.4166666666666667 0.0 0.4 7 0.42857142857142855 0.0 0.5 7 0.42857142857142855 0.0 0.6 5 0.4 0.0 0.7 4 0.5 0.0 0.9 0 1 1
5 0.1 12 0.4166666666666667 0.0 0.4 8 0.5 0.0 0.5 8 0.5 0.0 0.6 7 0.5714285714285714 0.0 0.7 5 0.6 0.0 0.9 0 1 1
5 0.1 10 0.4 0.0 0.4 9 0.4444444444444444 0.0 0.5 9 0.4444444444444444 0.0 0.6 8 0.375 0.0 0.7 5 0.6 0.0 0.9 0 1 1
5 0.1 9 0.4444444444444444 0.0 0.4 8 0.5 0.0 0.5 7 0.42857142857142855 0.0 0.6 7 0.42857142857142855 0.0 0.7 5 0.6 0.0 0.9 0 1 1
5 0.1 9 0.5555555555555556 0.0 0.4 8 0.5 0.0 0.5 8 0.5 0.0 0.6 5 0.4 0.0 0.7 3 0.6666666666666666 0.0 0.9 0 1 1
5 0.1 11 0.45454545454545453 0.0 0.4 7 0.5714285714285714 0.0 0.5 6 0.6666666666666666 0.0 0.6 4 0.75 0.0 0.7 4 0.75 0.0 0.9 0 1 1
5 0.1 12 0.4166666666666667 0.0 0.4 7 0.5714285714285714 0.0 0.5 7 0.5714285714285714 0.0 0.6 6 0.6666666666666666 0.0 0.7 5 0.8 0.0 0.9 0 1 1
5 0.1 10 0.5 0.0 0.4 8 0.5 0.0 0.5 7 0.5714285714285714 0.0 0.6 5 0.6 0.0 0.7 5 0.6 0.0 0.9 0 1 1
5 0.1 8 0.625 0.0 0.4 6 0.8333333333333334 0.0 0.5 6 0.8333333333333334 0.0 0.6 6 0.8333333333333334 0.0 0.7 4 1.0 0.0 0.9 0 1 1
5 0.1 13 0.38461538461538464 0.0 0.4 9 0.4444444444444444 0.0 0.5 9 0.4444444444444444 0.0 0.6 8 0.5 0.0 0.7 6 0.6666666666666666 0.0 0.9 0 1 1
5 0.1 13 0.38461538461538464 0.0 0.4 7 0.42857142857142855 0.0 0.5 7 0.42857142857142855 0.0 0.6 5 0.6 0.0 0.7 4 0.5 0.0 0.9 0 1 1
5 0.1 10 0.4 0.0 0.4 9 0.4444444444444444 0.0 0.5 8 0.5 0.0 0.6 6 0.5 0.0 0.7 5 0.6 0.0 0.9 0 1 1
5 0.1 9 0.5555555555555556 0.0 0.4 6 0.6666666666666666 0.0 0.5 5 0.8 0.0 0.6 5 0.8 0.0 0.7 5 0.8 0.0 0.9 0 1 1
5 0.1 8 0.5 0.0 0.4 7 0.5714285714285714 0.0 0.5 5 0.6 0.0 0.6 4 0.75 0.0 0.7 4 0.75 0.0 0.9 0 1 1
5 0.1 9 0.5555555555555556 0.0 0.4 4 0.75 0.0 0.5 4 0.75 0.0 0.6 4 0.75 0.0 0.7 4 0.75 0.0 0.9 0 1 1
5 0.1 12 0.3333333333333333 0.0 0.4 5 0.6 0.0 0.5 5 0.6 0.0 0.6 4 0.75 0.0 0.7 4 0.75 0.0 0.9 0 1 1
5 0.1 10 0.5 0.0 0.4 8 0.625 0.0 0.5 6 0.6666666666666666 0.0 0.6 5 0.8 0.0 0.7 5 0.8 0.0 0.9 0 1 1
5 0.1 9 0.5555555555555556 0.0 0.4 6 0.6666666666666666 0.0 0.5 6 0.6666666666666666 0.0 0.6 4 0.75 0.0 0.7 4 0.75 0.0 0.9 0 1 1
5 0.1 12 0.4166666666666667 0.0 0.4 8 0.625 0.0 0.5 7 0.5714285714285714 0.0 0.6 7 0.5714285714285714 0.0 0.7 7 0.5714285714285714 0.0 0.9 0 1 1
5 0.1 12 0.4166666666666667 0.0 0.4 9 0.3333333333333333 0.0 0.5 7 0.42857142857142855 0.0 0.6 5 0.6 0.0 0.7 5 0.6 0.0 0.9 0 1 1
5 0.1 9 0.5555555555555556 0.0 0.4 6 0.6666666666666666 0.0 0.5 6 0.6666666666666666 0.0 0.6 5 0.8 0.0 0.7 5 0.8 0.0 0.9 0 1 1
5 0.1 11 0.45454545454545453 0.0 0.4 7 0.5714285714285714 0.0 0.5 6 0.6666666666666666 0.0 0.6 6 0.6666666666666666 0.0 0.7 5 0.8 0.0 0.9 0 1 1
5 0.1 9 0.5555555555555556 0.0 0.4 7 0.5714285714285714 0.0 0.5 5 0.6 0.0 0.6 5 0.6 0.0 0.7 5 0.6 0.0 0.9 0 1 1
5 0.1 8 0.5 0.0 0.4 6 0.6666666666666666 0.0 0.5 5 0.6 0.0 0.6 5 0.6 0.0 0.7 4 0.75 0.0 0.9 0 1 1
5 0.1 12 0.4166666666666667 0.0 0.4 9 0.5555555555555556 0.0 0.5 8 0.5 0.0 0.6 6 0.6666666666666666 0.0 0.7 5 0.8 0.0 0.9 0 1 1
5 0.1 10 0.5 0.0 0.4 5 0.8 0.0 0.5 5 0.8 0.0 0.6 5 0.8 0.0 0.7 5 0.8 0.0 0.9 0 1 1
5 0.1 11 0.45454545454545453 0.0 0.4 6 0.6666666666666666 0.0 0.5 6 0.6666666666666666 0.0 0.6 4 0.75 0.0 0.7 4 0.75 0.0 0.9 0 1 1
5 0.1 11 0.45454545454545453 0.0 0.4 7 0.7142857142857143 0.0 0.5 7 0.7142857142857143 0.0 0.6 7 0.7142857142857143 0.0 0.7 5 0.8 0.0 0.9 0 1 1
5 0.1 10 0.5 0.0 0.4 7 0.7142857142857143 0.0 0.5 7 0.7142857142857143 0.0 0.6 7 0.7142857142857143 0.0 0.7 7 0.7142857142857143 0.0 0.9 0 1 1
5 0.1 12 0.4166666666666667 0.0 0.4 8 0.625 0.0 0.5 7 0.7142857142857143 0.0 0.6 7 0.7142857142857143 0.0 0.7 6 0.6666666666666666 0.0 0.9 1 1.0 0.0
5 0.1 8 0.625 0.0 0.4 7 0.5714285714285714 0.0 0.5 6 0.5 0.0 0.6 5 0.4 0.0 0.7 4 0.5 0.0 0.9 0 1 1
5 0.1 12 0.4166666666666667 0.0 0.4 10 0.4 0.0 0.5 8 0.5 0.0 0.6 8 0.5 0.0 0.7 5 0.6 0.0 0.9 0 1 1
5 0.1 12 0.4166666666666667 0.0 0.4 10 0.5 0.0 0.5 7 0.5714285714285714 0.0 0.6 6 0.5 0.0 0.7 5 0.4 0.0 0.9 0 1 1
5 0.1 11 0.45454545454545453 0.0 0.4 9 0.4444444444444444 0.0 0.5 7 0.42857142857142855 0.0 0.6 5 0.4 0.0 0.7 4 0.5 0.0 0.9 0 1 1
5 0.1 12 0.4166666666666667 0.0 0.4 10 0.5 0.0 0.5 7 0.5714285714285714 0.0 0.6 5 0.6 0.0 0.7 5 0.6 0.0 0.9 0 1 1
5 0.1 10 0.5 0.0 0.4 9 0.5555555555555556 0.0 0.5 7 0.7142857142857143 0.0 0.6 7 0.7142857142857143 0.0 0.7 6 0.8333333333333334 0.0 0.9 1 0.0 0.0
5 0.1 10 0.5 0.0 0.4 7 0.7142857142857143 0.0 0.5 7 0.7142857142857143 0.0 0.6 4 0.75 0.0 0.7 4 0.75 0.0 0.9 1 0.0 0.0
5 0.1 9 0.5555555555555556 0.0 0.4 7 0.7142857142857143 0.0 0.5 6 0.6666666666666666 0.0 0.6 6 0.6666666666666666 0.0 0.7 5 0.8 0.0 0.9 1 0.0 0.0
5 0.1 6 0.8333333333333334 0.0 0.4 6 0.8333333333333334 0.0 0.5 6 0.8333333333333334 0.0 0.6 5 0.8 0.0 0.7 4 0.75 0.0 0.9 1 0.0 0.0
5 0.1 9 0.4444444444444444 0.0 0.4 7 0.5714285714285714 0.0 0.5 7 0.5714285714285714 0.0 0.6 5 0.6 0.0 0.7 4 0.75 0.0 0.9 0 1 1
5 0.1 8 0.625 0.0 0.4 7 0.7142857142857143 0.0 0.5 7 0.7142857142857143 0.0 0.6 6 0.8333333333333334 0.0 0.7 6 0.8333333333333334 0.0 0.9 0 1 1
5 0.1 11 0.45454545454545453 0.0 0.4 9 0.5555555555555556 0.0 0.5 8 0.625 0.0 0.6 8 0.625 0.0 0.7 7 0.7142857142857143 0.0 0.9 0 1 1
5 0.1 15 0.3333333333333333 0.0 0.4 8 0.375 0.0 0.5 7 0.2857142857142857 0.0 0.6 5 0.4 0.0 0.7 5 0.4 0.0 0.9 0 1 1
5 0.1 10 0.5 0.0 0.4 5 0.8 0.0 0.5 5 0.8 0.0 0.6 4 0.75 0.0 0.7 3 0.6666666666666666 0.0 0.9 0 1 1
5 0.1 8 0.625 0.0 0.4 7 0.7142857142857143 0.0 0.5 6 0.8333333333333334 0.0 0.6 5 0.8 0.0 0.7 5 0.8 0.0 0.9 0 1 1
5 0.1 8 0.625 0.0 0.4 4 0.75 0.0 0.5 4 0.75 0.0 0.6 4 0.75 0.0 0.7 4 0.75 0.0 0.9 0 1 1
5 0.1 8 0.625 0.0 0.4 7 0.7142857142857143 0.0 0.5 7 0.7142857142857143 0.0 0.6 6 0.8333333333333334 0.0 0.7 6 0.8333333333333334 0.0 0.9 0 1 1
5 0.1 11 0.45454545454545453 0.0 0.4 8 0.625 0.0 0.5 6 0.8333333333333334 0.0 0.6 6 0.8333333333333334 0.0 0.7 6 0.8333333333333334 0.0 0.9 0 1 1
5 0.1 8 0.625 0.0 0.4 7 0.7142857142857143 0.0 0.5 7 0.7142857142857143 0.0 0.6 7 0.7142857142857143 0.0 0.7 5 0.8 0.0 0.9 0 1 1
5 0.1 7 0.7142857142857143 0.0 0.4 7 0.7142857142857143 0.0 0.5 6 0.8333333333333334 0.0 0.6 5 0.8 0.0 0.7 4 0.75 0.0 0.9 0 1 1
5 0.1 7 0.7142857142857143 0.0 0.4 5 1.0 0.0 0.5 5 1.0 0.0 0.6 3 1.0 0.0 0.7 2 1.0 0.0 0.9 0 1 1
5 0.1 9 0.5555555555555556 0.0 0.4 6 0.8333333333333334 0.0 0.5 6 0.8333333333333334 0.0 0.6 5 0.8 0.0 0.7 4 0.75 0.0 0.9 0 1 1
5 0.1 8 0.625 0.0 0.4 6 0.6666666666666666 0.0 0.5 5 0.6 0.0 0.6 5 0.6 0.0 0.7 4 0.75 0.0 0.9 0 1 1
5 0.1 10 0.5 0.0 0.4 7 0.7142857142857143 0.0 0.5 7 0.7142857142857143 0.0 0.6 6 0.6666666666666666 0.0 0.7 5 0.8 0.0 0.9 0 1 1
5 0.1 9 0.5555555555555556 0.0 0.4 6 0.8333333333333334 0.0 0.5 6 0.8333333333333334 0.0 0.6 6 0.8333333333333334 0.0 0.7 5 0.8 0.0 0.9 0 1 1
5 0.1 7 0.7142857142857143 0.0 0.4 7 0.7142857142857143 0.0 0.5 7 0.7142857142857143 0.0 0.6 6 0.6666666666666666 0.0 0.7 5 0.8 0.0 0.9 0 1 1
5 0.1 11 0.45454545454545453 0.0 0.4 8 0.5 0.0 0.5 7 0.5714285714285714 0.0 0.6 7 0.5714285714285714 0.0 0.7 7 0.5714285714285714 0.0 0.9 0 1 1
5 0.1 7 0.42857142857142855 0.0 0.4 6 0.5 0.0 0.5 6 0.5 0.0 0.6 4 0.75 0.0 0.7 4 0.75 0.0 0.9 0 1 1
5 0.1 7 0.7142857142857143 0.0 0.4 7 0.7142857142857143 0.0 0.5 7 0.7142857142857143 0.0 0.6 7 0.7142857142857143 0.0 0.7 7 0.7142857142857143 0.0 0.9 0 1 1
5 0.1 8 0.625 0.0 0.4 6 0.6666666666666666 0.0 0.5 5 0.6 0.0 0.6 4 0.75 0.0 0.7 4 0.75 0.0 0.9 0 1 1
5 0.1 7 0.7142857142857143 0.0 0.4 7 0.7142857142857143 0.0 0.5 6 0.6666666666666666 0.0 0.6 5 0.8 0.0 0.7 5 0.8 0.0 0.9 0 1 1
5 0.1 8 0.625 0.0 0.4 4 1.0 0.0 0.5 4 1.0 0.0 0.6 4 1.0 0.0 0.7 4 1.0 0.0 0.9 0 1 1
5 0.1 8 0.625 0.0 0.4 6 0.6666666666666666 0.0 0.5 6 0.6666666666666666 0.0 0.6 6 0.6666666666666666 0.0 0.7 5 0.8 0.0 0.9 0 1 1
5 0.1 10 0.5 0.0 0.4 8 0.625 0.0 0.5 5 0.6 0.0 0.6 5 0.6 0.0 0.7 5 0.6 0.0 0.9 1 1.0 0.0
5 0.1 10 0.5 0.0 0.4 5 0.6 0.0 0.5 5 0.6 0.0 0.6 5 0.6 0.0 0.7 5 0.6 0.0 0.9 0 1 1
5 0.1 7 0.7142857142857143 0.0 0.4 5 0.6 0.0 0.5 5 0.6 0.0 0.6 5 0.6 0.0 0.7 4 0.5 0.0 0.9 0 1 1
5 0.1 7 0.5714285714285714 0.0 0.4 5 0.6 0.0 0.5 4 0.5 0.0 0.6 4 0.5 0.0 0.7 4 0.5 0.0 0.9 0 1 1
5 0.1 8 0.5 0.0 0.4 6 0.5 0.0 0.5 6 0.5 0.0 0.6 5 0.6 0.0 0.7 4 0.75 0.0 0.9 0 1 1
5 0.1 8 0.375 0.0 0.4 6 0.5 0.0 0.5 5 0.6 0.0 0.6 4 0.75 0.0 0.7 4 0.75 0.0 0.9 0 1 1
5 0.1 8 0.5 0.0 0.4 5 0.4 0.0 0.5 4 0.5 0.0 0.6 4 0.5 0.0 0.7 3 0.6666666666666666 0.0 0.9 0 1 1
5 0.1 7 0.7142857142857143 0.0 0.4 5 0.6 0.0 0.5 5 0.6 0.0 0.6 5 0.6 0.0 0.7 4 0.75 0.0 0.9 0 1 1
5 0.1 7 0.5714285714285714 0.0 0.4 5 0.8 0.0 0.5 4 0.75 0.0 0.6 4 0.75 0.0 0.7 4 0.75 0.0 0.9 0 1 1
