8 0.1 2 0.0 0.0 0.4 0 1 1 0.5 0 1 1 0.6 0 1 1 0.7 0 1 1 0.9 0 1 1
8 0.1 0 1 1 0.4 0 1 1 0.5 0 1 1 0.6 0 1 1 0.7 0 1 1 0.9 0 1 1
8 0.1 0 1 1 0.4 0 1 1 0.5 0 1 1 0.6 0 1 1 0.7 0 1 1 0.9 0 1 1
8 0.1 10 0.0 0.0 0.4 0 1 1 0.5 0 1 1 0.6 0 1 1 0.7 0 1 1 0.9 0 1 1
8 0.1 97 0.05154639175257732 0.0 0.4 3 0.3333333333333333 0.0 0.5 2 0.5 0.0 0.6 0 1 1 0.7 0 1 1 0.9 0 1 1
8 0.1 71 0.014084507042253521 0.0 0.4 2 0.0 0.0 0.5 1 0.0 0.0 0.6 0 1 1 0.7 0 1 1 0.9 0 1 1
8 0.1 157 0.03184713375796178 0.0 0.4 1 0.0 0.0 0.5 0 1 1 0.6 0 1 1 0.7 0 1 1 0.9 0 1 1
8 0.1 551 0.014519056261343012 0.0 0.4 62 0.08064516129032258 0.0 0.5 20 0.15 0.0 0.6 7 0.14285714285714285 0.0 0.7 1 1.0 0.0 0.9 0 1 1
8 0.1 416 0.019230769230769232 0.0 0.4 53 0.11320754716981132 0.0 0.5 10 0.2 0.0 0.6 2 0.5 0.0 0.7 0 1 1 0.9 0 1 1
8 0.1 378 0.021164021164021163 0.0 0.4 54 0.09259259259259259 0.0 0.5 17 0.23529411764705882 0.0 0.6 3 0.0 0.0 0.7 1 0.0 0.0 0.9 0 1 1
8 0.1 226 0.035398230088495575 0.0 0.4 44 0.11363636363636363 0.0 0.5 14 0.14285714285714285 0.0 0.6 2 0.5 0.0 0.7 0 1 1 0.9 0 1 1
8 0.1 128 0.0546875 0.0 0.4 15 0.3333333333333333 0.0 0.5 4 0.5 0.0 0.6 1 1.0 0.0 0.7 0 1 1 0.9 0 1 1
8 0.1 95 0.08421052631578947 0.0 0.4 7 0.42857142857142855 0.0 0.5 2 0.5 0.0 0.6 1 1.0 0.0 0.7 0 1 1 0.9 0 1 1
8 0.1 262 0.030534351145038167 0.0 0.4 30 0.2 0.0 0.5 8 0.25 0.0 0.6 1 1.0 0.0 0.7 0 1 1 0.9 0 1 1
8 0.1 123 0.04065040650406504 0.0 0.4 6 0.3333333333333333 0.0 0.5 2 0.5 0.0 0.6 1 0.0 0.0 0.7 0 1 1 0.9 0 1 1
8 0.1 142 0.04929577464788732 0.0 0.4 38 0.13157894736842105 0.0 0.5 16 0.1875 0.0 0.6 2 0.0 0.0 0.7 0 1 1 0.9 0 1 1
8 0.1 133 0.05263157894736842 0.0 0.4 11 0.36363636363636365 0.0 0.5 3 0.6666666666666666 0.0 0.6 0 1 1 0.7 0 1 1 0.9 0 1 1
8 0.1 147 0.047619047619047616 0.0 0.4 31 0.16129032258064516 0.0 0.5 13 0.3076923076923077 0.0 0.6 5 0.4 0.0 0.7 1 1.0 0.0 0.9 0 1 1
8 0.1 45 0.13333333333333333 0.0 0.4 15 0.3333333333333333 0.0 0.5 7 0.42857142857142855 0.0 0.6 3 0.6666666666666666 0.0 0.7 2 0.5 0.0 0.9 0 1 1
8 0.1 141 0.05673758865248227 0.0 0.4 27 0.25925925925925924 0.0 0.5 6 0.3333333333333333 0.0 0.6 2 0.5 0.0 0.7 0 1 1 0.9 0 1 1
8 0.1 112 0.07142857142857142 0.0 0.4 35 0.2 0.0 0.5 17 0.35294117647058826 0.0 0.6 5 0.6 0.0 0.7 1 1.0 0.0 0.9 0 1 1
8 0.1 61 0.11475409836065574 0.0 0.4 17 0.29411764705882354 0.0 0.5 8 0.5 0.0 0.6 2 0.5 0.0 0.7 0 1 1 0.9 0 1 1
8 0.1 35 0.22857142857142856 0.0 0.4 3 1.0 0.0 0.5 2 1.0 0.0 0.6 1 1.0 0.0 0.7 0 1 1 0.9 0 1 1
8 0.1 78 0.10256410256410256 0.0 0.4 13 0.38461538461538464 0.0 0.5 7 0.7142857142857143 0.0 0.6 4 0.75 0.0 0.7 1 1.0 0.0 0.9 0 1 1
8 0.1 91 0.08791208791208792 0.0 0.4 16 0.4375 0.0 0.5 7 0.42857142857142855 0.0 0.6 2 1.0 0.0 0.7 1 1.0 0.0 0.9 0 1 1
8 0.1 65 0.12307692307692308 0.0 0.4 29 0.27586206896551724 0.0 0.5 22 0.3181818181818182 0.0 0.6 15 0.4 0.0 0.7 6 0.6666666666666666 0.0 0.9 0 1 1
8 0.1 46 0.17391304347826086 0.0 0.4 16 0.375 0.0 0.5 9 0.4444444444444444 0.0 0.6 3 1.0 0.0 0.7 1 1.0 0.0 0.9 0 1 1
8 0.1 36 0.19444444444444445 0.0 0.4 5 0.8 0.0 0.5 3 1.0 0.0 0.6 0 1 1 0.7 0 1 1 0.9 0 1 1
8 0.1 22 0.22727272727272727 0.0 0.4 2 1.0 0.0 0.5 1 1.0 0.0 0.6 0 1 1 0.7 0 1 1 0.9 0 1 1
8 0.1 12 0.16666666666666666 0.0 0.4 2 1.0 0.0 0.5 2 1.0 0.0 0.6 2 1.0 0.0 0.7 0 1 1 0.9 0 1 1
8 0.1 31 0.16129032258064516 0.0 0.4 9 0.2222222222222222 0.0 0.5 6 0.3333333333333333 0.0 0.6 3 0.3333333333333333 0.0 0.7 0 1 1 0.9 0 1 1
8 0.1 74 0.0945945945945946 0.0 0.4 2 0.0 0.0 0.5 0 1 1 0.6 0 1 1 0.7 0 1 1 0.9 0 1 1
8 0.1 46 0.17391304347826086 0.0 0.4 7 0.42857142857142855 0.0 0.5 3 0.3333333333333333 0.0 0.6 1 1.0 0.0 0.7 0 1 1 0.9 0 1 1
8 0.1 81 0.08641975308641975 0.0 0.4 4 0.25 0.0 0.5 2 0.5 0.0 0.6 0 1 1 0.7 0 1 1 0.9 0 1 1
8 0.1 30 0.1 0.0 0.4 6 0.5 0.0 0.5 3 0.3333333333333333 0.0 0.6 2 0.5 0.0 0.7 0 1 1 0.9 0 1 1
8 0.1 16 0.3125 0.0 0.4 5 0.6 0.0 0.5 2 0.5 0.0 0.6 1 1.0 0.0 0.7 0 1 1 0.9 0 1 1
8 0.1 32 0.21875 0.0 0.4 7 0.7142857142857143 0.0 0.5 4 1.0 0.0 0.6 1 1.0 0.0 0.7 1 1.0 0.0 0.9 0 1 1
8 0.1 28 0.17857142857142858 0.0 0.4 0 1 1 0.5 0 1 1 0.6 0 1 1 0.7 0 1 1 0.9 0 1 1
8 0.1 31 0.16129032258064516 0.0 0.4 0 1 1 0.5 0 1 1 0.6 0 1 1 0.7 0 1 1 0.9 0 1 1
8 0.1 16 0.25 0.0 0.4 0 1 1 0.5 0 1 1 0.6 0 1 1 0.7 0 1 1 0.9 0 1 1
8 0.1 0 1 1 0.4 0 1 1 0.5 0 1 1 0.6 0 1 1 0.7 0 1 1 0.9 0 1 1
8 0.1 58 0.05172413793103448 0.0 0.4 7 0.2857142857142857 0.0 0.5 2 0.0 0.0 0.6 0 1 1 0.7 0 1 1 0.9 0 1 1
8 0.1 0 1 1 0.4 0 1 1 0.5 0 1 1 0.6 0 1 1 0.7 0 1 1 0.9 0 1 1
8 0.1 0 1 1 0.4 0 1 1 0.5 0 1 1 0.6 0 1 1 0.7 0 1 1 0.9 0 1 1
8 0.1 0 1 1 0.4 0 1 1 0.5 0 1 1 0.6 0 1 1 0.7 0 1 1 0.9 0 1 1
8 0.1 0 1 1 0.4 0 1 1 0.5 0 1 1 0.6 0 1 1 0.7 0 1 1 0.9 0 1 1
8 0.1 0 1 1 0.4 0 1 1 0.5 0 1 1 0.6 0 1 1 0.7 0 1 1 0.9 0 1 1
8 0.1 0 1 1 0.4 0 1 1 0.5 0 1 1 0.6 0 1 1 0.7 0 1 1 0.9 0 1 1
8 0.1 0 1 1 0.4 0 1 1 0.5 0 1 1 0.6 0 1 1 0.7 0 1 1 0.9 0 1 1
8 0.1 0 1 1 0.4 0 1 1 0.5 0 1 1 0.6 0 1 1 0.7 0 1 1 0.9 0 1 1
8 0.1 0 1 1 0.4 0 1 1 0.5 0 1 1 0.6 0 1 1 0.7 0 1 1 0.9 0 1 1
8 0.1 0 1 1 0.4 0 1 1 0.5 0 1 1 0.6 0 1 1 0.7 0 1 1 0.9 0 1 1
8 0.1 0 1 1 0.4 0 1 1 0.5 0 1 1 0.6 0 1 1 0.7 0 1 1 0.9 0 1 1
8 0.1 0 1 1 0.4 0 1 1 0.5 0 1 1 0.6 0 1 1 0.7 0 1 1 0.9 0 1 1
8 0.1 1 0.0 0.0 0.4 0 1 1 0.5 0 1 1 0.6 0 1 1 0.7 0 1 1 0.9 0 1 1
8 0.1 0 1 1 0.4 0 1 1 0.5 0 1 1 0.6 0 1 1 0.7 0 1 1 0.9 0 1 1
8 0.1 0 1 1 0.4 0 1 1 0.5 0 1 1 0.6 0 1 1 0.7 0 1 1 0.9 0 1 1
8 0.1 6 0.0 0.0 0.4 0 1 1 0.5 0 1 1 0.6 0 1 1 0.7 0 1 1 0.9 0 1 1
8 0.1 5 0.0 0.0 0.4 0 1 1 0.5 0 1 1 0.6 0 1 1 0.7 0 1 1 0.9 0 1 1
8 0.1 12 0.25 0.0 0.4 1 1.0 0.0 0.5 0 1 1 0.6 0 1 1 0.7 0 1 1 0.9 0 1 1
8 0.1 10 0.3 0.0 0.4 1 1.0 0.0 0.5 0 1 1 0.6 0 1 1 0.7 0 1 1 0.9 0 1 1
8 0.1 17 0.058823529411764705 0.0 0.4 5 0.2 0.0 0.5 3 0.3333333333333333 0.0 0.6 0 1 1 0.7 0 1 1 0.9 0 1 1
8 0.1 23 0.13043478260869565 0.0 0.4 3 0.6666666666666666 0.0 0.5 1 1.0 0.0 0.6 1 1.0 0.0 0.7 0 1 1 0.9 0 1 1
8 0.1 6 0.5 0.0 0.4 1 1.0 0.0 0.5 0 1 1 0.6 0 1 1 0.7 0 1 1 0.9 0 1 1
8 0.1 5 0.4 0.0 0.4 0 1 1 0.5 0 1 1 0.6 0 1 1 0.7 0 1 1 0.9 0 1 1
8 0.1 11 0.2727272727272727 0.0 0.4 1 1.0 0.0 0.5 0 1 1 0.6 0 1 1 0.7 0 1 1 0.9 0 1 1
8 0.1 5 0.2 0.0 0.4 1 1.0 0.0 0.5 0 1 1 0.6 0 1 1 0.7 0 1 1 0.9 0 1 1
8 0.1 11 0.36363636363636365 0.0 0.4 1 1.0 0.0 0.5 0 1 1 0.6 0 1 1 0.7 0 1 1 0.9 0 1 1
8 0.1 36 0.16666666666666666 0.0 0.4 6 0.6666666666666666 0.0 0.5 3 0.6666666666666666 0.0 0.6 1 1.0 0.0 0.7 0 1 1 0.9 0 1 1
8 0.1 50 0.16 0.0 0.4 13 0.3076923076923077 0.0 0.5 7 0.5714285714285714 0.0 0.6 3 1.0 0.0 0.7 0 1 1 0.9 0 1 1
8 0.1 35 0.22857142857142856 0.0 0.4 5 0.8 0.0 0.5 1 1.0 0.0 0.6 0 1 1 0.7 0 1 1 0.9 0 1 1
8 0.1 15 0.06666666666666667 0.0 0.4 1 0.0 0.0 0.5 0 1 1 0.6 0 1 1 0.7 0 1 1 0.9 0 1 1
8 0.1 30 0.2 0.0 0.4 10 0.5 0.0 0.5 1 1.0 0.0 0.6 1 1.0 0.0 0.7 1 1.0 0.0 0.9 0 1 1
8 0.1 23 0.30434782608695654 0.0 0.4 3 0.6666666666666666 0.0 0.5 1 1.0 0.0 0.6 0 1 1 0.7 0 1 1 0.9 0 1 1
8 0.1 38 0.21052631578947367 0.0 0.4 8 0.5 0.0 0.5 5 0.8 0.0 0.6 2 1.0 0.0 0.7 0 1 1 0.9 0 1 1
8 0.1 45 0.17777777777777778 0.0 0.4 9 0.5555555555555556 0.0 0.5 5 0.6 0.0 0.6 2 1.0 0.0 0.7 1 1.0 0.0 0.9 0 1 1
8 0.1 92 0.08695652173913043 0.0 0.4 23 0.2608695652173913 0.0 0.5 15 0.3333333333333333 0.0 0.6 8 0.5 0.0 0.7 3 0.6666666666666666 0.0 0.9 0 1 1
8 0.1 26 0.19230769230769232 0.0 0.4 8 0.375 0.0 0.5 2 1.0 0.0 0.6 1 1.0 0.0 0.7 1 1.0 0.0 0.9 0 1 1
8 0.1 49 0.16326530612244897 0.0 0.4 11 0.45454545454545453 0.0 0.5 5 0.8 0.0 0.6 2 1.0 0.0 0.7 0 1 1 0.9 0 1 1
8 0.1 29 0.20689655172413793 0.034482758620689655 0.4 3 0.6666666666666666 0.3333333333333333 0.5 1 1.0 0.0 0.6 0 1 1 0.7 0 1 1 0.9 0 1 1
8 0.1 42 0.19047619047619047 0.0 0.4 19 0.3157894736842105 0.0 0.5 14 0.35714285714285715 0.0 0.6 6 0.6666666666666666 0.0 0.7 2 1.0 0.0 0.9 0 1 1
8 0.1 41 0.1951219512195122 0.0 0.4 12 0.4166666666666667 0.0 0.5 9 0.5555555555555556 0.0 0.6 5 0.8 0.0 0.7 1 1.0 0.0 0.9 0 1 1
8 0.1 43 0.18604651162790697 0.0 0.4 15 0.4666666666666667 0.0 0.5 11 0.45454545454545453 0.0 0.6 7 0.5714285714285714 0.0 0.7 2 1.0 0.0 0.9 0 1 1
8 0.1 38 0.21052631578947367 0.0 0.4 14 0.5 0.0 0.5 10 0.6 0.0 0.6 7 0.7142857142857143 0.0 0.7 3 1.0 0.0 0.9 0 1 1
8 0.1 37 0.21621621621621623 0.0 0.4 15 0.4666666666666667 0.0 0.5 11 0.5454545454545454 0.0 0.6 7 0.5714285714285714 0.0 0.7 1 1.0 0.0 0.9 0 1 1
8 0.1 24 0.3333333333333333 0.0 0.4 8 0.625 0.0 0.5 5 0.6 0.0 0.6 2 1.0 0.0 0.7 0 1 1 0.9 0 1 1
8 0.1 54 0.14814814814814814 0.0 0.4 12 0.5 0.0 0.5 8 0.5 0.0 0.6 6 0.6666666666666666 0.0 0.7 4 0.75 0.0 0.9 0 1 1
8 0.1 15 0.26666666666666666 0.0 0.4 5 0.8 0.0 0.5 2 1.0 0.0 0.6 2 1.0 0.0 0.7 0 1 1 0.9 0 1 1
8 0.1 20 0.25 0.0 0.4 2 0.5 0.0 0.5 2 0.5 0.0 0.6 1 0.0 0.0 0.7 0 1 1 0.9 0 1 1
8 0.1 26 0.2692307692307692 0.0 0.4 10 0.5 0.0 0.5 7 0.5714285714285714 0.0 0.6 3 0.6666666666666666 0.0 0.7 3 0.6666666666666666 0.0 0.9 0 1 1
8 0.1 20 0.35 0.0 0.4 2 1.0 0.0 0.5 2 1.0 0.0 0.6 2 1.0 0.0 0.7 0 1 1 0.9 0 1 1
8 0.1 42 0.19047619047619047 0.0 0.4 17 0.47058823529411764 0.0 0.5 13 0.46153846153846156 0.0 0.6 9 0.5555555555555556 0.0 0.7 4 0.75 0.0 0.9 0 1 1
8 0.1 36 0.19444444444444445 0.0 0.4 8 0.5 0.0 0.5 5 0.4 0.0 0.6 4 0.5 0.0 0.7 2 1.0 0.0 0.9 0 1 1
8 0.1 32 0.25 0.03125 0.4 8 0.625 0.125 0.5 6 0.8333333333333334 0.16666666666666666 0.6 3 1.0 0.3333333333333333 0.7 3 1.0 0.3333333333333333 0.9 0 1 1
8 0.1 26 0.3076923076923077 0.0 0.4 8 0.5 0.0 0.5 6 0.5 0.0 0.6 3 0.6666666666666666 0.0 0.7 2 1.0 0.0 0.9 0 1 1
8 0.1 27 0.25925925925925924 0.0 0.4 8 0.5 0.0 0.5 5 0.8 0.0 0.6 3 0.6666666666666666 0.0 0.7 1 1.0 0.0 0.9 0 1 1
8 0.1 25 0.28 0.0 0.4 7 0.5714285714285714 0.0 0.5 6 0.6666666666666666 0.0 0.6 3 0.6666666666666666 0.0 0.7 0 1 1 0.9 0 1 1
8 0.1 34 0.23529411764705882 0.0 0.4 16 0.4375 0.0 0.5 10 0.5 0.0 0.6 9 0.5555555555555556 0.0 0.7 5 0.6 0.0 0.9 0 1 1
8 0.1 46 0.17391304347826086 0.0 0.4 22 0.36363636363636365 0.0 0.5 15 0.4666666666666667 0.0 0.6 13 0.46153846153846156 0.0 0.7 7 0.7142857142857143 0.0 0.9 0 1 1
8 0.1 48 0.16666666666666666 0.0 0.4 17 0.4117647058823529 0.0 0.5 13 0.5384615384615384 0.0 0.6 12 0.5833333333333334 0.0 0.7 7 0.5714285714285714 0.0 0.9 0 1 1
8 0.1 52 0.15384615384615385 0.0 0.4 4 0.75 0.0 0.5 2 1.0 0.0 0.6 1 1.0 0.0 0.7 0 1 1 0.9 0 1 1
8 0.1 38 0.21052631578947367 0.0 0.4 16 0.375 0.0 0.5 13 0.38461538461538464 0.0 0.6 13 0.38461538461538464 0.0 0.7 8 0.375 0.0 0.9 0 1 1
8 0.1 23 0.2608695652173913 0.0 0.4 7 0.42857142857142855 0.0 0.5 4 0.75 0.0 0.6 1 1.0 0.0 0.7 1 1.0 0.0 0.9 0 1 1
8 0.1 21 0.38095238095238093 0.0 0.4 7 0.5714285714285714 0.0 0.5 6 0.6666666666666666 0.0 0.6 4 0.75 0.0 0.7 0 1 1 0.9 0 1 1
8 0.1 40 0.2 0.0 0.4 15 0.4 0.0 0.5 8 0.5 0.0 0.6 7 0.5714285714285714 0.0 0.7 6 0.6666666666666666 0.0 0.9 0 1 1
8 0.1 37 0.21621621621621623 0.0 0.4 15 0.5333333333333333 0.0 0.5 9 0.5555555555555556 0.0 0.6 7 0.7142857142857143 0.0 0.7 6 0.6666666666666666 0.0 0.9 0 1 1
8 0.1 43 0.18604651162790697 0.0 0.4 17 0.35294117647058826 0.0 0.5 11 0.45454545454545453 0.0 0.6 9 0.5555555555555556 0.0 0.7 7 0.5714285714285714 0.0 0.9 0 1 1
8 0.1 46 0.17391304347826086 0.0 0.4 16 0.4375 0.0 0.5 14 0.42857142857142855 0.0 0.6 7 0.5714285714285714 0.0 0.7 5 0.6 0.0 0.9 0 1 1
8 0.1 23 0.34782608695652173 0.0 0.4 9 0.4444444444444444 0.0 0.5 4 0.5 0.0 0.6 3 0.3333333333333333 0.0 0.7 1 0.0 0.0 0.9 0 1 1
8 0.1 12 0.25 0.0 0.4 0 1 1 0.5 0 1 1 0.6 0 1 1 0.7 0 1 1 0.9 0 1 1
8 0.1 41 0.1951219512195122 0.04878048780487805 0.4 15 0.4666666666666667 0.13333333333333333 0.5 10 0.5 0.2 0.6 8 0.625 0.25 0.7 3 0.3333333333333333 0.0 0.9 0 1 1
8 0.1 37 0.21621621621621623 0.0 0.4 13 0.46153846153846156 0.0 0.5 11 0.45454545454545453 0.0 0.6 6 0.6666666666666666 0.0 0.7 4 1.0 0.0 0.9 0 1 1
8 0.1 36 0.2222222222222222 0.0 0.4 14 0.42857142857142855 0.0 0.5 10 0.5 0.0 0.6 9 0.5555555555555556 0.0 0.7 6 0.8333333333333334 0.0 0.9 0 1 1
8 0.1 35 0.22857142857142856 0.0 0.4 13 0.46153846153846156 0.0 0.5 11 0.5454545454545454 0.0 0.6 5 0.8 0.0 0.7 4 1.0 0.0 0.9 0 1 1
8 0.1 29 0.27586206896551724 0.0 0.4 9 0.6666666666666666 0.0 0.5 8 0.75 0.0 0.6 6 0.6666666666666666 0.0 0.7 4 1.0 0.0 0.9 0 1 1
8 0.1 57 0.14035087719298245 0.0 0.4 28 0.2857142857142857 0.0 0.5 23 0.34782608695652173 0.0 0.6 18 0.3333333333333333 0.0 0.7 10 0.5 0.0 0.9 0 1 1
8 0.1 20 0.3 0.05 0.4 7 0.7142857142857143 0.14285714285714285 0.5 3 1.0 0.0 0.6 3 1.0 0.0 0.7 2 1.0 0.0 0.9 0 1 1
8 0.1 28 0.2857142857142857 0.0 0.4 8 0.75 0.0 0.5 8 0.75 0.0 0.6 4 1.0 0.0 0.7 3 1.0 0.0 0.9 0 1 1
8 0.1 46 0.17391304347826086 0.0 0.4 15 0.4 0.0 0.5 11 0.45454545454545453 0.0 0.6 7 0.5714285714285714 0.0 0.7 3 1.0 0.0 0.9 0 1 1
8 0.1 44 0.18181818181818182 0.0 0.4 19 0.3684210526315789 0.0 0.5 15 0.4666666666666667 0.0 0.6 10 0.6 0.0 0.7 6 0.8333333333333334 0.0 0.9 0 1 1
8 0.1 47 0.1702127659574468 0.0 0.4 16 0.5 0.0 0.5 11 0.45454545454545453 0.0 0.6 9 0.5555555555555556 0.0 0.7 7 0.42857142857142855 0.0 0.9 0 1 1
8 0.1 36 0.2222222222222222 0.0 0.4 15 0.4 0.0 0.5 10 0.5 0.0 0.6 8 0.5 0.0 0.7 6 0.5 0.0 0.9 0 1 1
8 0.1 34 0.23529411764705882 0.0 0.4 16 0.375 0.0 0.5 13 0.46153846153846156 0.0 0.6 8 0.625 0.0 0.7 6 0.6666666666666666 0.0 0.9 0 1 1
8 0.1 51 0.1568627450980392 0.0196078431372549 0.4 22 0.36363636363636365 0.045454545454545456 0.5 18 0.3888888888888889 0.05555555555555555 0.6 11 0.45454545454545453 0.09090909090909091 0.7 8 0.5 0.125 0.9 0 1 1
8 0.1 25 0.32 0.0 0.4 9 0.5555555555555556 0.0 0.5 7 0.7142857142857143 0.0 0.6 4 0.75 0.0 0.7 4 0.75 0.0 0.9 0 1 1
8 0.1 23 0.34782608695652173 0.0 0.4 9 0.5555555555555556 0.0 0.5 6 0.6666666666666666 0.0 0.6 3 1.0 0.0 0.7 3 1.0 0.0 0.9 0 1 1
8 0.1 20 0.3 0.0 0.4 7 0.5714285714285714 0.0 0.5 4 0.5 0.0 0.6 1 0.0 0.0 0.7 0 1 1 0.9 0 1 1
8 0.1 17 0.4117647058823529 0.058823529411764705 0.4 9 0.6666666666666666 0.1111111111111111 0.5 8 0.625 0.125 0.6 5 0.8 0.2 0.7 3 1.0 0.3333333333333333 0.9 0 1 1
8 0.1 23 0.34782608695652173 0.0 0.4 12 0.5833333333333334 0.0 0.5 10 0.6 0.0 0.6 5 0.8 0.0 0.7 4 1.0 0.0 0.9 0 1 1
8 0.1 26 0.3076923076923077 0.038461538461538464 0.4 15 0.4666666666666667 0.06666666666666667 0.5 11 0.6363636363636364 0.09090909090909091 0.6 10 0.7 0.1 0.7 7 0.5714285714285714 0.14285714285714285 0.9 0 1 1
8 0.1 45 0.17777777777777778 0.022222222222222223 0.4 23 0.34782608695652173 0.043478260869565216 0.5 18 0.4444444444444444 0.05555555555555555 0.6 16 0.4375 0.0625 0.7 13 0.46153846153846156 0.07692307692307693 0.9 0 1 1
8 0.1 30 0.26666666666666666 0.03333333333333333 0.4 16 0.5 0.0625 0.5 14 0.5 0.07142857142857142 0.6 12 0.5833333333333334 0.08333333333333333 0.7 7 0.7142857142857143 0.14285714285714285 0.9 0 1 1
8 0.1 24 0.3333333333333333 0.0 0.4 13 0.5384615384615384 0.0 0.5 10 0.5 0.0 0.6 9 0.5555555555555556 0.0 0.7 7 0.5714285714285714 0.0 0.9 0 1 1
8 0.1 32 0.25 0.0 0.4 15 0.4666666666666667 0.0 0.5 15 0.4666666666666667 0.0 0.6 14 0.5 0.0 0.7 10 0.6 0.0 0.9 0 1 1
8 0.1 27 0.2962962962962963 0.0 0.4 15 0.4666666666666667 0.0 0.5 13 0.5384615384615384 0.0 0.6 11 0.6363636363636364 0.0 0.7 5 1.0 0.0 0.9 0 1 1
8 0.1 22 0.3181818181818182 0.0 0.4 7 0.7142857142857143 0.0 0.5 6 0.8333333333333334 0.0 0.6 4 1.0 0.0 0.7 4 1.0 0.0 0.9 0 1 1
8 0.1 38 0.21052631578947367 0.0 0.4 15 0.4666666666666667 0.0 0.5 12 0.5 0.0 0.6 10 0.5 0.0 0.7 7 0.42857142857142855 0.0 0.9 0 1 1
8 0.1 21 0.3333333333333333 0.0 0.4 8 0.5 0.0 0.5 6 0.5 0.0 0.6 3 1.0 0.0 0.7 3 1.0 0.0 0.9 0 1 1
8 0.1 22 0.3181818181818182 0.045454545454545456 0.4 8 0.75 0.125 0.5 5 0.8 0.2 0.6 5 0.8 0.2 0.7 4 1.0 0.25 0.9 0 1 1
8 0.1 53 0.1509433962264151 0.0 0.4 17 0.4117647058823529 0.0 0.5 14 0.42857142857142855 0.0 0.6 10 0.5 0.0 0.7 8 0.625 0.0 0.9 0 1 1
8 0.1 26 0.3076923076923077 0.038461538461538464 0.4 12 0.5 0.08333333333333333 0.5 10 0.6 0.1 0.6 8 0.5 0.125 0.7 5 0.4 0.2 0.9 0 1 1
8 0.1 38 0.21052631578947367 0.0 0.4 19 0.42105263157894735 0.0 0.5 16 0.4375 0.0 0.6 12 0.5833333333333334 0.0 0.7 10 0.6 0.0 0.9 0 1 1
8 0.1 31 0.25806451612903225 0.0 0.4 19 0.3684210526315789 0.0 0.5 15 0.4666666666666667 0.0 0.6 13 0.5384615384615384 0.0 0.7 7 0.7142857142857143 0.0 0.9 0 1 1
8 0.1 47 0.1702127659574468 0.0 0.4 24 0.3333333333333333 0.0 0.5 20 0.4 0.0 0.6 17 0.35294117647058826 0.0 0.7 9 0.5555555555555556 0.0 0.9 0 1 1
8 0.1 29 0.2413793103448276 0.0 0.4 15 0.4 0.0 0.5 13 0.46153846153846156 0.0 0.6 10 0.5 0.0 0.7 8 0.5 0.0 0.9 0 1 1
8 0.1 36 0.2222222222222222 0.0 0.4 19 0.3157894736842105 0.0 0.5 11 0.45454545454545453 0.0 0.6 10 0.5 0.0 0.7 6 0.6666666666666666 0.0 0.9 0 1 1
8 0.1 28 0.2857142857142857 0.0 0.4 10 0.5 0.0 0.5 9 0.5555555555555556 0.0 0.6 8 0.625 0.0 0.7 5 1.0 0.0 0.9 1 1.0 0.0
8 0.1 23 0.34782608695652173 0.0 0.4 9 0.7777777777777778 0.0 0.5 7 0.8571428571428571 0.0 0.6 5 1.0 0.0 0.7 3 1.0 0.0 0.9 0 1 1
8 0.1 35 0.2 0.0 0.4 18 0.3888888888888889 0.0 0.5 14 0.5 0.0 0.6 9 0.4444444444444444 0.0 0.7 8 0.5 0.0 0.9 1 1.0 0.0
8 0.1 36 0.19444444444444445 0.0 0.4 19 0.3684210526315789 0.0 0.5 14 0.42857142857142855 0.0 0.6 13 0.46153846153846156 0.0 0.7 11 0.45454545454545453 0.0 0.9 0 1 1
8 0.1 33 0.24242424242424243 0.0 0.4 17 0.35294117647058826 0.0 0.5 13 0.38461538461538464 0.0 0.6 10 0.5 0.0 0.7 6 0.6666666666666666 0.0 0.9 0 1 1
8 0.1 26 0.2692307692307692 0.038461538461538464 0.4 12 0.5 0.08333333333333333 0.5 10 0.6 0.1 0.6 9 0.5555555555555556 0.1111111111111111 0.7 7 0.5714285714285714 0.14285714285714285 0.9 0 1 1
8 0.1 26 0.23076923076923078 0.038461538461538464 0.4 12 0.4166666666666667 0.08333333333333333 0.5 9 0.5555555555555556 0.1111111111111111 0.6 6 0.6666666666666666 0.16666666666666666 0.7 4 0.75 0.25 0.9 0 1 1
8 0.1 23 0.30434782608695654 0.0 0.4 13 0.38461538461538464 0.0 0.5 11 0.45454545454545453 0.0 0.6 9 0.5555555555555556 0.0 0.7 8 0.625 0.0 0.9 0 1 1
8 0.1 22 0.2727272727272727 0.0 0.4 14 0.42857142857142855 0.0 0.5 10 0.5 0.0 0.6 10 0.5 0.0 0.7 5 0.8 0.0 0.9 0 1 1
8 0.1 29 0.2413793103448276 0.0 0.4 18 0.3333333333333333 0.0 0.5 14 0.42857142857142855 0.0 0.6 13 0.46153846153846156 0.0 0.7 12 0.4166666666666667 0.0 0.9 0 1 1
8 0.1 32 0.21875 0.03125 0.4 21 0.23809523809523808 0.047619047619047616 0.5 15 0.3333333333333333 0.06666666666666667 0.6 12 0.4166666666666667 0.08333333333333333 0.7 10 0.4 0.1 0.9 0 1 1
8 0.1 29 0.2413793103448276 0.0 0.4 21 0.2857142857142857 0.0 0.5 19 0.2631578947368421 0.0 0.6 16 0.3125 0.0 0.7 13 0.38461538461538464 0.0 0.9 0 1 1
8 0.1 28 0.2857142857142857 0.0 0.4 17 0.35294117647058826 0.0 0.5 15 0.3333333333333333 0.0 0.6 13 0.38461538461538464 0.0 0.7 9 0.5555555555555556 0.0 0.9 0 1 1
8 0.1 39 0.20512820512820512 0.0 0.4 19 0.3684210526315789 0.0 0.5 17 0.4117647058823529 0.0 0.6 13 0.46153846153846156 0.0 0.7 10 0.5 0.0 0.9 0 1 1
8 0.1 40 0.2 0.025 0.4 26 0.2692307692307692 0.038461538461538464 0.5 21 0.3333333333333333 0.047619047619047616 0.6 16 0.375 0.0625 0.7 15 0.4 0.06666666666666667 0.9 0 1 1
8 0.1 19 0.3157894736842105 0.0 0.4 8 0.75 0.0 0.5 7 0.7142857142857143 0.0 0.6 6 0.6666666666666666 0.0 0.7 4 0.75 0.0 0.9 0 1 1
8 0.1 28 0.25 0.03571428571428571 0.4 16 0.375 0.0625 0.5 14 0.42857142857142855 0.07142857142857142 0.6 9 0.5555555555555556 0.1111111111111111 0.7 6 0.8333333333333334 0.16666666666666666 0.9 0 1 1
8 0.1 34 0.23529411764705882 0.058823529411764705 0.4 16 0.4375 0.0625 0.5 15 0.4 0.0 0.6 10 0.6 0.0 0.7 6 0.6666666666666666 0.0 0.9 0 1 1
8 0.1 42 0.16666666666666666 0.0 0.4 26 0.2692307692307692 0.0 0.5 19 0.2631578947368421 0.0 0.6 14 0.35714285714285715 0.0 0.7 12 0.4166666666666667 0.0 0.9 0 1 1
8 0.1 45 0.15555555555555556 0.0 0.4 25 0.28 0.0 0.5 22 0.3181818181818182 0.0 0.6 18 0.3333333333333333 0.0 0.7 16 0.375 0.0 0.9 0 1 1
8 0.1 43 0.16279069767441862 0.0 0.4 27 0.25925925925925924 0.0 0.5 20 0.3 0.0 0.6 15 0.3333333333333333 0.0 0.7 11 0.2727272727272727 0.0 0.9 0 1 1
8 0.1 44 0.18181818181818182 0.0 0.4 26 0.3076923076923077 0.0 0.5 22 0.3181818181818182 0.0 0.6 19 0.3684210526315789 0.0 0.7 16 0.375 0.0 0.9 1 1.0 0.0
8 0.1 48 0.16666666666666666 0.0 0.4 29 0.2413793103448276 0.0 0.5 25 0.28 0.0 0.6 22 0.3181818181818182 0.0 0.7 18 0.3333333333333333 0.0 0.9 0 1 1
8 0.1 37 0.21621621621621623 0.0 0.4 21 0.3333333333333333 0.0 0.5 17 0.4117647058823529 0.0 0.6 13 0.46153846153846156 0.0 0.7 12 0.4166666666666667 0.0 0.9 1 1.0 0.0
8 0.1 28 0.25 0.03571428571428571 0.4 13 0.38461538461538464 0.07692307692307693 0.5 12 0.4166666666666667 0.08333333333333333 0.6 10 0.5 0.1 0.7 10 0.5 0.1 0.9 0 1 1
8 0.1 41 0.17073170731707318 0.0 0.4 21 0.2857142857142857 0.0 0.5 17 0.35294117647058826 0.0 0.6 16 0.375 0.0 0.7 13 0.38461538461538464 0.0 0.9 0 1 1
8 0.1 33 0.21212121212121213 0.0 0.4 18 0.3333333333333333 0.0 0.5 16 0.375 0.0 0.6 11 0.45454545454545453 0.0 0.7 9 0.4444444444444444 0.0 0.9 0 1 1
8 0.1 25 0.24 0.0 0.4 14 0.42857142857142855 0.0 0.5 13 0.46153846153846156 0.0 0.6 10 0.5 0.0 0.7 6 0.8333333333333334 0.0 0.9 0 1 1
8 0.1 23 0.2608695652173913 0.0 0.4 13 0.46153846153846156 0.0 0.5 13 0.46153846153846156 0.0 0.6 10 0.5 0.0 0.7 6 0.6666666666666666 0.0 0.9 0 1 1
8 0.1 31 0.25806451612903225 0.0 0.4 17 0.4117647058823529 0.0 0.5 15 0.4 0.0 0.6 13 0.46153846153846156 0.0 0.7 9 0.4444444444444444 0.0 0.9 0 1 1
8 0.1 36 0.2222222222222222 0.05555555555555555 0.4 20 0.3 0.1 0.5 15 0.4 0.13333333333333333 0.6 13 0.46153846153846156 0.15384615384615385 0.7 7 0.7142857142857143 0.2857142857142857 0.9 0 1 1
8 0.1 29 0.27586206896551724 0.0 0.4 15 0.5333333333333333 0.0 0.5 12 0.5833333333333334 0.0 0.6 10 0.6 0.0 0.7 7 0.7142857142857143 0.0 0.9 0 1 1
8 0.1 19 0.3684210526315789 0.05263157894736842 0.4 8 0.625 0.125 0.5 6 0.8333333333333334 0.16666666666666666 0.6 6 0.8333333333333334 0.16666666666666666 0.7 4 1.0 0.25 0.9 0 1 1
8 0.1 34 0.20588235294117646 0.0 0.4 18 0.3333333333333333 0.0 0.5 16 0.375 0.0 0.6 13 0.46153846153846156 0.0 0.7 8 0.5 0.0 0.9 0 1 1
8 0.1 35 0.22857142857142856 0.0 0.4 21 0.3333333333333333 0.0 0.5 18 0.3888888888888889 0.0 0.6 14 0.5 0.0 0.7 11 0.5454545454545454 0.0 0.9 0 1 1
8 0.1 32 0.25 0.0625 0.4 16 0.5 0.125 0.5 14 0.5714285714285714 0.14285714285714285 0.6 14 0.5714285714285714 0.14285714285714285 0.7 9 0.6666666666666666 0.1111111111111111 0.9 0 1 1
8 0.1 32 0.25 0.0 0.4 18 0.3888888888888889 0.0 0.5 14 0.5 0.0 0.6 14 0.5 0.0 0.7 11 0.6363636363636364 0.0 0.9 0 1 1
8 0.1 35 0.22857142857142856 0.0 0.4 18 0.4444444444444444 0.0 0.5 16 0.4375 0.0 0.6 15 0.4666666666666667 0.0 0.7 12 0.5833333333333334 0.0 0.9 0 1 1
8 0.1 37 0.21621621621621623 0.02702702702702703 0.4 18 0.3888888888888889 0.0 0.5 14 0.5 0.0 0.6 11 0.5454545454545454 0.0 0.7 8 0.625 0.0 0.9 0 1 1
8 0.1 23 0.2608695652173913 0.0 0.4 10 0.5 0.0 0.5 10 0.5 0.0 0.6 9 0.5555555555555556 0.0 0.7 6 0.6666666666666666 0.0 0.9 0 1 1
8 0.1 29 0.27586206896551724 0.06896551724137931 0.4 20 0.4 0.1 0.5 17 0.47058823529411764 0.11764705882352941 0.6 14 0.42857142857142855 0.14285714285714285 0.7 13 0.46153846153846156 0.15384615384615385 0.9 0 1 1
8 0.1 29 0.2413793103448276 0.0 0.4 16 0.4375 0.0 0.5 14 0.35714285714285715 0.0 0.6 10 0.5 0.0 0.7 9 0.4444444444444444 0.0 0.9 0 1 1
8 0.1 27 0.25925925925925924 0.0 0.4 13 0.46153846153846156 0.0 0.5 12 0.5 0.0 0.6 11 0.5454545454545454 0.0 0.7 8 0.625 0.0 0.9 1 1.0 0.0
8 0.1 25 0.32 0.0 0.4 13 0.46153846153846156 0.0 0.5 10 0.6 0.0 0.6 9 0.5555555555555556 0.0 0.7 7 0.5714285714285714 0.0 0.9 1 1.0 0.0
8 0.1 29 0.27586206896551724 0.034482758620689655 0.4 16 0.4375 0.0625 0.5 11 0.5454545454545454 0.09090909090909091 0.6 9 0.5555555555555556 0.1111111111111111 0.7 6 0.6666666666666666 0.16666666666666666 0.9 0 1 1
8 0.1 29 0.27586206896551724 0.0 0.4 13 0.46153846153846156 0.0 0.5 12 0.5 0.0 0.6 9 0.5555555555555556 0.0 0.7 7 0.5714285714285714 0.0 0.9 0 1 1
8 0.1 23 0.30434782608695654 0.0 0.4 10 0.6 0.0 0.5 9 0.6666666666666666 0.0 0.6 6 0.6666666666666666 0.0 0.7 6 0.6666666666666666 0.0 0.9 1 1.0 0.0
8 0.1 40 0.2 0.0 0.4 27 0.2962962962962963 0.0 0.5 25 0.32 0.0 0.6 22 0.36363636363636365 0.0 0.7 17 0.4117647058823529 0.0 0.9 1 1.0 0.0
8 0.1 31 0.25806451612903225 0.06451612903225806 0.4 17 0.4117647058823529 0.11764705882352941 0.5 16 0.4375 0.125 0.6 14 0.5 0.14285714285714285 0.7 10 0.5 0.2 0.9 0 1 1
8 0.1 29 0.27586206896551724 0.0 0.4 15 0.5333333333333333 0.0 0.5 14 0.5 0.0 0.6 11 0.6363636363636364 0.0 0.7 9 0.5555555555555556 0.0 0.9 0 1 1
8 0.1 22 0.36363636363636365 0.045454545454545456 0.4 11 0.5454545454545454 0.09090909090909091 0.5 8 0.5 0.125 0.6 7 0.5714285714285714 0.14285714285714285 0.7 7 0.5714285714285714 0.14285714285714285 0.9 0 1 1
8 0.1 21 0.3333333333333333 0.0 0.4 11 0.36363636363636365 0.0 0.5 9 0.4444444444444444 0.0 0.6 7 0.5714285714285714 0.0 0.7 7 0.5714285714285714 0.0 0.9 0 1 1
8 0.1 28 0.2857142857142857 0.03571428571428571 0.4 17 0.4117647058823529 0.058823529411764705 0.5 14 0.42857142857142855 0.07142857142857142 0.6 10 0.5 0.1 0.7 9 0.4444444444444444 0.1111111111111111 0.9 0 1 1
8 0.1 30 0.26666666666666666 0.03333333333333333 0.4 17 0.4117647058823529 0.058823529411764705 0.5 15 0.4 0.06666666666666667 0.6 15 0.4 0.06666666666666667 0.7 14 0.35714285714285715 0.07142857142857142 0.9 0 1 1
8 0.1 29 0.20689655172413793 0.034482758620689655 0.4 14 0.42857142857142855 0.07142857142857142 0.5 11 0.5454545454545454 0.09090909090909091 0.6 9 0.5555555555555556 0.1111111111111111 0.7 7 0.5714285714285714 0.14285714285714285 0.9 0 1 1
8 0.1 28 0.25 0.0 0.4 17 0.35294117647058826 0.0 0.5 16 0.375 0.0 0.6 12 0.4166666666666667 0.0 0.7 6 0.6666666666666666 0.0 0.9 1 1.0 0.0
8 0.1 32 0.25 0.0 0.4 19 0.3157894736842105 0.0 0.5 16 0.375 0.0 0.6 15 0.4 0.0 0.7 11 0.45454545454545453 0.0 0.9 0 1 1
8 0.1 32 0.25 0.0 0.4 21 0.38095238095238093 0.0 0.5 18 0.3888888888888889 0.0 0.6 16 0.4375 0.0 0.7 12 0.5 0.0 0.9 0 1 1
8 0.1 31 0.25806451612903225 0.0 0.4 21 0.38095238095238093 0.0 0.5 21 0.38095238095238093 0.0 0.6 16 0.5 0.0 0.7 10 0.6 0.0 0.9 1 1.0 0.0
8 0.1 31 0.25806451612903225 0.03225806451612903 0.4 19 0.42105263157894735 0.05263157894736842 0.5 18 0.4444444444444444 0.05555555555555555 0.6 14 0.42857142857142855 0.07142857142857142 0.7 12 0.4166666666666667 0.08333333333333333 0.9 1 1.0 0.0
8 0.1 26 0.3076923076923077 0.0 0.4 19 0.42105263157894735 0.0 0.5 17 0.47058823529411764 0.0 0.6 12 0.5 0.0 0.7 10 0.5 0.0 0.9 1 1.0 0.0
8 0.1 25 0.32 0.08 0.4 17 0.4117647058823529 0.11764705882352941 0.5 14 0.42857142857142855 0.14285714285714285 0.6 13 0.46153846153846156 0.15384615384615385 0.7 10 0.5 0.2 0.9 0 1 1
8 0.1 30 0.26666666666666666 0.0 0.4 19 0.3684210526315789 0.0 0.5 17 0.4117647058823529 0.0 0.6 14 0.5 0.0 0.7 12 0.5 0.0 0.9 1 1.0 0.0
8 0.1 24 0.3333333333333333 0.0 0.4 17 0.47058823529411764 0.0 0.5 15 0.4 0.0 0.6 11 0.45454545454545453 0.0 0.7 10 0.5 0.0 0.9 1 1.0 0.0
8 0.1 23 0.30434782608695654 0.0 0.4 15 0.4 0.0 0.5 12 0.4166666666666667 0.0 0.6 10 0.5 0.0 0.7 8 0.625 0.0 0.9 1 1.0 0.0
8 0.1 34 0.23529411764705882 0.029411764705882353 0.4 20 0.35 0.05 0.5 18 0.3888888888888889 0.05555555555555555 0.6 16 0.375 0.0625 0.7 13 0.46153846153846156 0.07692307692307693 0.9 0 1 1
8 0.1 24 0.2916666666666667 0.041666666666666664 0.4 16 0.4375 0.0625 0.5 14 0.5 0.07142857142857142 0.6 13 0.46153846153846156 0.07692307692307693 0.7 12 0.5 0.08333333333333333 0.9 0 1 1
8 0.1 26 0.3076923076923077 0.0 0.4 18 0.3888888888888889 0.0 0.5 14 0.5 0.0 0.6 9 0.5555555555555556 0.0 0.7 8 0.5 0.0 0.9 1 1.0 0.0
8 0.1 24 0.2916666666666667 0.0 0.4 19 0.3684210526315789 0.0 0.5 14 0.42857142857142855 0.0 0.6 12 0.4166666666666667 0.0 0.7 10 0.4 0.0 0.9 0 1 1
8 0.1 28 0.25 0.03571428571428571 0.4 20 0.3 0.05 0.5 17 0.29411764705882354 0.058823529411764705 0.6 13 0.38461538461538464 0.07692307692307693 0.7 10 0.4 0.1 0.9 0 1 1
8 0.1 24 0.2916666666666667 0.0 0.4 17 0.35294117647058826 0.0 0.5 17 0.35294117647058826 0.0 0.6 12 0.4166666666666667 0.0 0.7 10 0.4 0.0 0.9 0 1 1
8 0.1 23 0.2608695652173913 0.043478260869565216 0.4 18 0.3333333333333333 0.05555555555555555 0.5 14 0.35714285714285715 0.07142857142857142 0.6 11 0.36363636363636365 0.09090909090909091 0.7 9 0.4444444444444444 0.1111111111111111 0.9 0 1 1
8 0.1 22 0.3181818181818182 0.0 0.4 14 0.42857142857142855 0.0 0.5 12 0.5 0.0 0.6 10 0.4 0.0 0.7 9 0.4444444444444444 0.0 0.9 0 1 1
8 0.1 18 0.3888888888888889 0.0 0.4 13 0.38461538461538464 0.0 0.5 11 0.36363636363636365 0.0 0.6 9 0.4444444444444444 0.0 0.7 9 0.4444444444444444 0.0 0.9 0 1 1
8 0.1 27 0.25925925925925924 0.07407407407407407 0.4 15 0.4666666666666667 0.13333333333333333 0.5 13 0.5384615384615384 0.15384615384615385 0.6 13 0.5384615384615384 0.15384615384615385 0.7 11 0.45454545454545453 0.18181818181818182 0.9 0 1 1
8 0.1 32 0.25 0.0 0.4 18 0.4444444444444444 0.0 0.5 15 0.5333333333333333 0.0 0.6 14 0.5714285714285714 0.0 0.7 12 0.5833333333333334 0.0 0.9 1 1.0 0.0
8 0.1 23 0.34782608695652173 0.043478260869565216 0.4 15 0.5333333333333333 0.06666666666666667 0.5 14 0.5714285714285714 0.07142857142857142 0.6 10 0.5 0.1 0.7 8 0.625 0.125 0.9 1 1.0 1.0
8 0.1 24 0.3333333333333333 0.041666666666666664 0.4 17 0.4117647058823529 0.058823529411764705 0.5 15 0.4666666666666667 0.06666666666666667 0.6 11 0.5454545454545454 0.09090909090909091 0.7 9 0.5555555555555556 0.1111111111111111 0.9 1 1.0 1.0
8 0.1 35 0.22857142857142856 0.0 0.4 21 0.38095238095238093 0.0 0.5 21 0.38095238095238093 0.0 0.6 19 0.3684210526315789 0.0 0.7 12 0.5 0.0 0.9 2 1.0 0.0
8 0.1 27 0.2962962962962963 0.0 0.4 18 0.4444444444444444 0.0 0.5 16 0.5 0.0 0.6 12 0.5833333333333334 0.0 0.7 10 0.6 0.0 0.9 0 1 1
8 0.1 32 0.25 0.0 0.4 19 0.3684210526315789 0.0 0.5 16 0.4375 0.0 0.6 13 0.38461538461538464 0.0 0.7 11 0.45454545454545453 0.0 0.9 1 1.0 0.0
8 0.1 25 0.32 0.0 0.4 17 0.4117647058823529 0.0 0.5 15 0.4666666666666667 0.0 0.6 12 0.5 0.0 0.7 10 0.6 0.0 0.9 2 0.5 0.0
8 0.1 31 0.25806451612903225 0.03225806451612903 0.4 21 0.38095238095238093 0.047619047619047616 0.5 20 0.4 0.05 0.6 18 0.4444444444444444 0.05555555555555555 0.7 14 0.5714285714285714 0.07142857142857142 0.9 2 1.0 0.5
8 0.1 32 0.25 0.0 0.4 20 0.4 0.0 0.5 19 0.42105263157894735 0.0 0.6 18 0.4444444444444444 0.0 0.7 14 0.5714285714285714 0.0 0.9 1 1.0 0.0
8 0.1 21 0.38095238095238093 0.047619047619047616 0.4 17 0.47058823529411764 0.058823529411764705 0.5 13 0.46153846153846156 0.07692307692307693 0.6 10 0.6 0.1 0.7 8 0.625 0.125 0.9 1 1.0 1.0
8 0.1 21 0.3333333333333333 0.0 0.4 13 0.5384615384615384 0.0 0.5 12 0.5 0.0 0.6 8 0.625 0.0 0.7 6 0.8333333333333334 0.0 0.9 1 1.0 0.0
8 0.1 24 0.3333333333333333 0.041666666666666664 0.4 15 0.3333333333333333 0.06666666666666667 0.5 13 0.38461538461538464 0.07692307692307693 0.6 11 0.45454545454545453 0.09090909090909091 0.7 8 0.625 0.125 0.9 1 1.0 1.0
8 0.1 25 0.32 0.04 0.4 19 0.42105263157894735 0.05263157894736842 0.5 18 0.4444444444444444 0.05555555555555555 0.6 15 0.5333333333333333 0.06666666666666667 0.7 13 0.46153846153846156 0.07692307692307693 0.9 0 1 1
8 0.1 21 0.38095238095238093 0.047619047619047616 0.4 16 0.4375 0.0625 0.5 16 0.4375 0.0625 0.6 13 0.5384615384615384 0.07692307692307693 0.7 11 0.5454545454545454 0.09090909090909091 0.9 0 1 1
8 0.1 25 0.32 0.04 0.4 16 0.4375 0.0625 0.5 15 0.4666666666666667 0.06666666666666667 0.6 14 0.5 0.07142857142857142 0.7 13 0.46153846153846156 0.07692307692307693 0.9 0 1 1
8 0.1 24 0.3333333333333333 0.0 0.4 21 0.38095238095238093 0.0 0.5 18 0.3888888888888889 0.0 0.6 14 0.42857142857142855 0.0 0.7 13 0.46153846153846156 0.0 0.9 0 1 1
8 0.1 26 0.3076923076923077 0.11538461538461539 0.4 19 0.42105263157894735 0.15789473684210525 0.5 14 0.5 0.21428571428571427 0.6 13 0.5384615384615384 0.23076923076923078 0.7 11 0.45454545454545453 0.2727272727272727 0.9 1 1.0 1.0
8 0.1 28 0.2857142857142857 0.0 0.4 23 0.34782608695652173 0.0 0.5 17 0.47058823529411764 0.0 0.6 14 0.5 0.0 0.7 13 0.5384615384615384 0.0 0.9 3 0.6666666666666666 0.0
8 0.1 25 0.32 0.0 0.4 18 0.3888888888888889 0.0 0.5 13 0.5384615384615384 0.0 0.6 11 0.5454545454545454 0.0 0.7 9 0.5555555555555556 0.0 0.9 2 0.5 0.0
8 0.1 25 0.32 0.04 0.4 18 0.4444444444444444 0.05555555555555555 0.5 16 0.5 0.0625 0.6 14 0.5 0.07142857142857142 0.7 13 0.5384615384615384 0.07692307692307693 0.9 3 0.6666666666666666 0.3333333333333333
8 0.1 19 0.42105263157894735 0.10526315789473684 0.4 13 0.5384615384615384 0.15384615384615385 0.5 11 0.5454545454545454 0.18181818181818182 0.6 10 0.6 0.2 0.7 9 0.5555555555555556 0.2222222222222222 0.9 3 0.6666666666666666 0.6666666666666666
8 0.1 21 0.38095238095238093 0.047619047619047616 0.4 14 0.5 0.07142857142857142 0.5 13 0.5384615384615384 0.07692307692307693 0.6 10 0.6 0.1 0.7 8 0.625 0.125 0.9 2 1.0 0.5
8 0.1 27 0.2962962962962963 0.037037037037037035 0.4 18 0.4444444444444444 0.05555555555555555 0.5 16 0.5 0.0625 0.6 12 0.5833333333333334 0.08333333333333333 0.7 11 0.5454545454545454 0.09090909090909091 0.9 3 1.0 0.3333333333333333
8 0.1 24 0.3333333333333333 0.041666666666666664 0.4 16 0.5 0.0625 0.5 15 0.5333333333333333 0.06666666666666667 0.6 11 0.6363636363636364 0.09090909090909091 0.7 10 0.6 0.1 0.9 2 1.0 0.0
8 0.1 26 0.3076923076923077 0.038461538461538464 0.4 18 0.4444444444444444 0.05555555555555555 0.5 17 0.47058823529411764 0.058823529411764705 0.6 14 0.5 0.07142857142857142 0.7 12 0.5833333333333334 0.08333333333333333 0.9 0 1 1
8 0.1 27 0.2962962962962963 0.0 0.4 20 0.4 0.0 0.5 18 0.3888888888888889 0.0 0.6 14 0.42857142857142855 0.0 0.7 12 0.5 0.0 0.9 0 1 1
8 0.1 27 0.2962962962962963 0.0 0.4 19 0.42105263157894735 0.0 0.5 18 0.4444444444444444 0.0 0.6 14 0.5 0.0 0.7 12 0.5 0.0 0.9 1 1.0 0.0
8 0.1 28 0.2857142857142857 0.0 0.4 20 0.4 0.0 0.5 19 0.42105263157894735 0.0 0.6 16 0.4375 0.0 0.7 13 0.5384615384615384 0.0 0.9 0 1 1
8 0.1 24 0.3333333333333333 0.0 0.4 17 0.4117647058823529 0.0 0.5 14 0.42857142857142855 0.0 0.6 10 0.5 0.0 0.7 10 0.5 0.0 0.9 0 1 1
8 0.1 20 0.4 0.0 0.4 11 0.45454545454545453 0.0 0.5 10 0.5 0.0 0.6 10 0.5 0.0 0.7 9 0.5555555555555556 0.0 0.9 0 1 1
8 0.1 25 0.32 0.0 0.4 16 0.375 0.0 0.5 14 0.42857142857142855 0.0 0.6 14 0.42857142857142855 0.0 0.7 11 0.45454545454545453 0.0 0.9 1 1.0 0.0
8 0.1 21 0.38095238095238093 0.0 0.4 16 0.5 0.0 0.5 15 0.4666666666666667 0.0 0.6 14 0.5 0.0 0.7 11 0.45454545454545453 0.0 0.9 0 1 1
8 0.1 22 0.36363636363636365 0.09090909090909091 0.4 14 0.42857142857142855 0.14285714285714285 0.5 13 0.46153846153846156 0.15384615384615385 0.6 13 0.46153846153846156 0.15384615384615385 0.7 10 0.5 0.2 0.9 1 1.0 1.0
8 0.1 23 0.34782608695652173 0.08695652173913043 0.4 15 0.4666666666666667 0.13333333333333333 0.5 14 0.5 0.14285714285714285 0.6 12 0.5833333333333334 0.16666666666666666 0.7 11 0.5454545454545454 0.18181818181818182 0.9 1 1.0 1.0
8 0.1 24 0.2916666666666667 0.041666666666666664 0.4 16 0.4375 0.0625 0.5 14 0.5 0.07142857142857142 0.6 13 0.5384615384615384 0.07692307692307693 0.7 11 0.5454545454545454 0.09090909090909091 0.9 2 1.0 0.5
8 0.1 29 0.2413793103448276 0.0 0.4 14 0.5 0.0 0.5 13 0.46153846153846156 0.0 0.6 12 0.5 0.0 0.7 11 0.5454545454545454 0.0 0.9 3 1.0 0.0
8 0.1 18 0.3333333333333333 0.05555555555555555 0.4 14 0.42857142857142855 0.07142857142857142 0.5 12 0.5 0.08333333333333333 0.6 11 0.45454545454545453 0.09090909090909091 0.7 10 0.5 0.1 0.9 1 1.0 0.0
8 0.1 23 0.34782608695652173 0.043478260869565216 0.4 15 0.4666666666666667 0.06666666666666667 0.5 12 0.5 0.08333333333333333 0.6 12 0.5 0.08333333333333333 0.7 9 0.4444444444444444 0.1111111111111111 0.9 0 1 1
8 0.1 23 0.34782608695652173 0.0 0.4 16 0.4375 0.0 0.5 16 0.4375 0.0 0.6 14 0.5 0.0 0.7 11 0.45454545454545453 0.0 0.9 2 1.0 0.0
8 0.1 22 0.36363636363636365 0.0 0.4 16 0.4375 0.0 0.5 16 0.4375 0.0 0.6 13 0.46153846153846156 0.0 0.7 12 0.5 0.0 0.9 2 1.0 0.0
8 0.1 26 0.3076923076923077 0.0 0.4 16 0.5 0.0 0.5 14 0.5 0.0 0.6 13 0.5384615384615384 0.0 0.7 10 0.5 0.0 0.9 0 1 1
8 0.1 24 0.3333333333333333 0.0 0.4 16 0.4375 0.0 0.5 16 0.4375 0.0 0.6 15 0.4666666666666667 0.0 0.7 13 0.5384615384615384 0.0 0.9 0 1 1
8 0.1 20 0.35 0.1 0.4 16 0.4375 0.125 0.5 15 0.4 0.13333333333333333 0.6 12 0.4166666666666667 0.16666666666666666 0.7 11 0.45454545454545453 0.18181818181818182 0.9 2 1.0 1.0
8 0.1 25 0.32 0.04 0.4 16 0.4375 0.0625 0.5 14 0.5 0.07142857142857142 0.6 14 0.5 0.07142857142857142 0.7 13 0.46153846153846156 0.07692307692307693 0.9 1 1.0 0.0
8 0.1 28 0.2857142857142857 0.07142857142857142 0.4 18 0.4444444444444444 0.1111111111111111 0.5 15 0.5333333333333333 0.13333333333333333 0.6 15 0.5333333333333333 0.13333333333333333 0.7 13 0.46153846153846156 0.07692307692307693 0.9 0 1 1
8 0.1 23 0.34782608695652173 0.043478260869565216 0.4 14 0.42857142857142855 0.07142857142857142 0.5 13 0.46153846153846156 0.07692307692307693 0.6 12 0.5 0.08333333333333333 0.7 12 0.5 0.08333333333333333 0.9 1 1.0 1.0
8 0.1 24 0.3333333333333333 0.0 0.4 19 0.42105263157894735 0.0 0.5 18 0.4444444444444444 0.0 0.6 15 0.4666666666666667 0.0 0.7 12 0.5 0.0 0.9 1 1.0 0.0
8 0.1 24 0.3333333333333333 0.0 0.4 17 0.4117647058823529 0.0 0.5 16 0.375 0.0 0.6 13 0.46153846153846156 0.0 0.7 11 0.5454545454545454 0.0 0.9 0 1 1
8 0.1 21 0.38095238095238093 0.0 0.4 17 0.47058823529411764 0.0 0.5 15 0.4666666666666667 0.0 0.6 13 0.46153846153846156 0.0 0.7 10 0.5 0.0 0.9 0 1 1
8 0.1 22 0.36363636363636365 0.0 0.4 18 0.4444444444444444 0.0 0.5 15 0.4666666666666667 0.0 0.6 14 0.5 0.0 0.7 11 0.45454545454545453 0.0 0.9 0 1 1
8 0.1 22 0.36363636363636365 0.0 0.4 15 0.4666666666666667 0.0 0.5 14 0.42857142857142855 0.0 0.6 12 0.5 0.0 0.7 9 0.5555555555555556 0.0 0.9 0 1 1
8 0.1 21 0.38095238095238093 0.047619047619047616 0.4 16 0.4375 0.0625 0.5 14 0.42857142857142855 0.07142857142857142 0.6 12 0.5 0.08333333333333333 0.7 9 0.5555555555555556 0.1111111111111111 0.9 0 1 1
8 0.1 19 0.42105263157894735 0.05263157894736842 0.4 18 0.4444444444444444 0.05555555555555555 0.5 17 0.47058823529411764 0.058823529411764705 0.6 14 0.5 0.07142857142857142 0.7 10 0.5 0.1 0.9 1 1.0 0.0
8 0.1 20 0.35 0.0 0.4 15 0.4 0.0 0.5 14 0.42857142857142855 0.0 0.6 13 0.46153846153846156 0.0 0.7 12 0.5 0.0 0.9 1 1.0 0.0
8 0.1 25 0.32 0.04 0.4 18 0.4444444444444444 0.05555555555555555 0.5 18 0.4444444444444444 0.05555555555555555 0.6 17 0.47058823529411764 0.058823529411764705 0.7 16 0.5 0.0625 0.9 2 1.0 0.0
8 0.1 25 0.32 0.0 0.4 16 0.4375 0.0 0.5 16 0.4375 0.0 0.6 16 0.4375 0.0 0.7 15 0.4666666666666667 0.0 0.9 2 1.0 0.0
8 0.1 26 0.3076923076923077 0.038461538461538464 0.4 18 0.4444444444444444 0.05555555555555555 0.5 16 0.5 0.0625 0.6 12 0.5 0.08333333333333333 0.7 12 0.5 0.08333333333333333 0.9 3 1.0 0.3333333333333333
8 0.1 23 0.34782608695652173 0.043478260869565216 0.4 14 0.42857142857142855 0.07142857142857142 0.5 13 0.46153846153846156 0.07692307692307693 0.6 12 0.5 0.08333333333333333 0.7 11 0.5454545454545454 0.09090909090909091 0.9 3 1.0 0.3333333333333333
8 0.1 19 0.3157894736842105 0.0 0.4 14 0.42857142857142855 0.0 0.5 14 0.42857142857142855 0.0 0.6 13 0.46153846153846156 0.0 0.7 11 0.5454545454545454 0.0 0.9 3 1.0 0.0
8 0.1 22 0.3181818181818182 0.0 0.4 16 0.375 0.0 0.5 14 0.42857142857142855 0.0 0.6 14 0.42857142857142855 0.0 0.7 11 0.45454545454545453 0.0 0.9 1 1.0 0.0
8 0.1 25 0.32 0.0 0.4 18 0.4444444444444444 0.0 0.5 17 0.47058823529411764 0.0 0.6 16 0.5 0.0 0.7 13 0.38461538461538464 0.0 0.9 1 1.0 0.0
8 0.1 21 0.38095238095238093 0.0 0.4 18 0.4444444444444444 0.0 0.5 15 0.4666666666666667 0.0 0.6 13 0.46153846153846156 0.0 0.7 11 0.45454545454545453 0.0 0.9 1 1.0 0.0
8 0.1 22 0.36363636363636365 0.0 0.4 17 0.4117647058823529 0.0 0.5 15 0.4666666666666667 0.0 0.6 15 0.4666666666666667 0.0 0.7 12 0.5 0.0 0.9 2 1.0 0.0
8 0.1 20 0.4 0.1 0.4 16 0.4375 0.0625 0.5 13 0.46153846153846156 0.07692307692307693 0.6 13 0.46153846153846156 0.07692307692307693 0.7 11 0.5454545454545454 0.09090909090909091 0.9 2 1.0 0.5
8 0.1 22 0.36363636363636365 0.045454545454545456 0.4 15 0.4 0.06666666666666667 0.5 15 0.4 0.06666666666666667 0.6 12 0.4166666666666667 0.08333333333333333 0.7 11 0.45454545454545453 0.09090909090909091 0.9 3 0.6666666666666666 0.3333333333333333
8 0.1 17 0.35294117647058826 0.058823529411764705 0.4 13 0.46153846153846156 0.07692307692307693 0.5 12 0.5 0.08333333333333333 0.6 12 0.5 0.08333333333333333 0.7 11 0.5454545454545454 0.09090909090909091 0.9 2 1.0 0.5
8 0.1 19 0.3157894736842105 0.0 0.4 14 0.42857142857142855 0.0 0.5 14 0.42857142857142855 0.0 0.6 13 0.46153846153846156 0.0 0.7 11 0.5454545454545454 0.0 0.9 2 1.0 0.0
8 0.1 22 0.36363636363636365 0.0 0.4 16 0.4375 0.0 0.5 14 0.42857142857142855 0.0 0.6 13 0.46153846153846156 0.0 0.7 10 0.5 0.0 0.9 2 1.0 0.0
8 0.1 24 0.3333333333333333 0.0 0.4 14 0.42857142857142855 0.0 0.5 13 0.46153846153846156 0.0 0.6 12 0.5 0.0 0.7 10 0.5 0.0 0.9 1 1.0 0.0
8 0.1 19 0.3157894736842105 0.0 0.4 13 0.46153846153846156 0.0 0.5 12 0.5 0.0 0.6 12 0.5 0.0 0.7 9 0.5555555555555556 0.0 0.9 3 0.6666666666666666 0.0
8 0.1 23 0.2608695652173913 0.043478260869565216 0.4 15 0.4 0.06666666666666667 0.5 14 0.42857142857142855 0.07142857142857142 0.6 12 0.5 0.08333333333333333 0.7 10 0.5 0.1 0.9 2 1.0 0.5
8 0.1 21 0.2857142857142857 0.0 0.4 14 0.42857142857142855 0.0 0.5 11 0.5454545454545454 0.0 0.6 11 0.5454545454545454 0.0 0.7 10 0.5 0.0 0.9 2 1.0 0.0
8 0.1 21 0.2857142857142857 0.047619047619047616 0.4 15 0.4 0.06666666666666667 0.5 14 0.42857142857142855 0.07142857142857142 0.6 11 0.5454545454545454 0.09090909090909091 0.7 8 0.5 0.125 0.9 2 1.0 0.5
8 0.1 20 0.3 0.0 0.4 14 0.42857142857142855 0.0 0.5 14 0.42857142857142855 0.0 0.6 12 0.5 0.0 0.7 10 0.5 0.0 0.9 2 1.0 0.0
8 0.1 24 0.2916666666666667 0.0 0.4 16 0.4375 0.0 0.5 16 0.4375 0.0 0.6 14 0.5 0.0 0.7 12 0.4166666666666667 0.0 0.9 3 1.0 0.0
8 0.1 25 0.32 0.0 0.4 16 0.5 0.0 0.5 14 0.5 0.0 0.6 12 0.5833333333333334 0.0 0.7 11 0.5454545454545454 0.0 0.9 2 1.0 0.0
8 0.1 21 0.3333333333333333 0.0 0.4 14 0.42857142857142855 0.0 0.5 13 0.46153846153846156 0.0 0.6 12 0.5 0.0 0.7 12 0.5 0.0 0.9 2 1.0 0.0
8 0.1 27 0.2962962962962963 0.037037037037037035 0.4 20 0.4 0.05 0.5 15 0.4666666666666667 0.06666666666666667 0.6 13 0.46153846153846156 0.07692307692307693 0.7 11 0.5454545454545454 0.09090909090909091 0.9 1 1.0 1.0
8 0.1 19 0.42105263157894735 0.0 0.4 15 0.4666666666666667 0.0 0.5 15 0.4666666666666667 0.0 0.6 12 0.5833333333333334 0.0 0.7 10 0.6 0.0 0.9 3 1.0 0.0
