21 0.1 0 1 1 0.4 0 1 1 0.5 0 1 1 0.6 0 1 1 0.7 0 1 1 0.9 0 1 1
21 0.1 0 1 1 0.4 0 1 1 0.5 0 1 1 0.6 0 1 1 0.7 0 1 1 0.9 0 1 1
21 0.1 1 0.0 0.0 0.4 0 1 1 0.5 0 1 1 0.6 0 1 1 0.7 0 1 1 0.9 0 1 1
21 0.1 31 0.12903225806451613 0.0 0.4 1 0.0 0.0 0.5 1 0.0 0.0 0.6 1 0.0 0.0 0.7 0 1 1 0.9 0 1 1
21 0.1 67 0.07462686567164178 0.0 0.4 5 0.2 0.0 0.5 1 0.0 0.0 0.6 1 0.0 0.0 0.7 1 0.0 0.0 0.9 0 1 1
21 0.1 115 0.08695652173913043 0.0 0.4 4 0.25 0.0 0.5 3 0.0 0.0 0.6 1 0.0 0.0 0.7 0 1 1 0.9 0 1 1
21 0.1 52 0.11538461538461539 0.0 0.4 0 1 1 0.5 0 1 1 0.6 0 1 1 0.7 0 1 1 0.9 0 1 1
21 0.1 349 0.04297994269340974 0.0 0.4 30 0.2 0.0 0.5 6 0.3333333333333333 0.0 0.6 1 1.0 0.0 0.7 0 1 1 0.9 0 1 1
21 0.1 299 0.06688963210702341 0.0 0.4 48 0.25 0.0 0.5 17 0.47058823529411764 0.0 0.6 1 0.0 0.0 0.7 0 1 1 0.9 0 1 1
21 0.1 280 0.07142857142857142 0.0 0.4 50 0.22 0.0 0.5 15 0.4666666666666667 0.0 0.6 2 0.5 0.0 0.7 0 1 1 0.9 0 1 1
21 0.1 170 0.12352941176470589 0.0 0.4 32 0.40625 0.0 0.5 8 0.375 0.0 0.6 2 0.5 0.0 0.7 0 1 1 0.9 0 1 1
21 0.1 130 0.13846153846153847 0.0 0.4 17 0.35294117647058826 0.0 0.5 2 0.5 0.0 0.6 0 1 1 0.7 0 1 1 0.9 0 1 1
21 0.1 77 0.24675324675324675 0.0 0.4 2 0.5 0.0 0.5 0 1 1 0.6 0 1 1 0.7 0 1 1 0.9 0 1 1
21 0.1 181 0.11049723756906077 0.0 0.4 23 0.43478260869565216 0.0 0.5 3 0.6666666666666666 0.0 0.6 0 1 1 0.7 0 1 1 0.9 0 1 1
21 0.1 126 0.15873015873015872 0.0 0.4 9 0.4444444444444444 0.0 0.5 2 1.0 0.0 0.6 0 1 1 0.7 0 1 1 0.9 0 1 1
21 0.1 74 0.2702702702702703 0.0 0.4 16 0.625 0.0 0.5 9 0.5555555555555556 0.0 0.6 2 0.5 0.0 0.7 0 1 1 0.9 0 1 1
21 0.1 80 0.2125 0.0 0.4 11 0.45454545454545453 0.0 0.5 5 0.6 0.0 0.6 0 1 1 0.7 0 1 1 0.9 0 1 1
21 0.1 47 0.23404255319148937 0.0 0.4 8 0.625 0.0 0.5 3 1.0 0.0 0.6 0 1 1 0.7 0 1 1 0.9 0 1 1
21 0.1 49 0.30612244897959184 0.0 0.4 14 0.5 0.0 0.5 8 0.75 0.0 0.6 1 1.0 0.0 0.7 0 1 1 0.9 0 1 1
21 0.1 119 0.17647058823529413 0.0 0.4 20 0.45 0.0 0.5 9 0.6666666666666666 0.0 0.6 2 1.0 0.0 0.7 0 1 1 0.9 0 1 1
21 0.1 106 0.18867924528301888 0.0 0.4 34 0.4411764705882353 0.0 0.5 18 0.6666666666666666 0.0 0.6 8 1.0 0.0 0.7 1 1.0 0.0 0.9 0 1 1
21 0.1 57 0.3684210526315789 0.0 0.4 18 0.5555555555555556 0.0 0.5 14 0.5 0.0 0.6 2 0.5 0.0 0.7 0 1 1 0.9 0 1 1
21 0.1 50 0.32 0.0 0.4 8 0.625 0.0 0.5 4 0.75 0.0 0.6 1 1.0 0.0 0.7 0 1 1 0.9 0 1 1
21 0.1 68 0.2647058823529412 0.0 0.4 20 0.7 0.0 0.5 12 0.9166666666666666 0.0 0.6 8 1.0 0.0 0.7 0 1 1 0.9 0 1 1
21 0.1 99 0.21212121212121213 0.0 0.4 35 0.42857142857142855 0.0 0.5 19 0.5789473684210527 0.0 0.6 7 0.7142857142857143 0.0 0.7 3 1.0 0.0 0.9 0 1 1
21 0.1 59 0.3389830508474576 0.0 0.4 30 0.6 0.0 0.5 25 0.64 0.0 0.6 19 0.6842105263157895 0.0 0.7 9 0.8888888888888888 0.0 0.9 0 1 1
21 0.1 44 0.45454545454545453 0.0 0.4 12 0.8333333333333334 0.0 0.5 12 0.8333333333333334 0.0 0.6 6 0.8333333333333334 0.0 0.7 1 1.0 0.0 0.9 0 1 1
21 0.1 32 0.5 0.0 0.4 7 1.0 0.0 0.5 4 1.0 0.0 0.6 0 1 1 0.7 0 1 1 0.9 0 1 1
21 0.1 23 0.5652173913043478 0.0 0.4 1 1.0 0.0 0.5 1 1.0 0.0 0.6 1 1.0 0.0 0.7 0 1 1 0.9 0 1 1
21 0.1 12 0.25 0.0 0.4 1 1.0 0.0 0.5 0 1 1 0.6 0 1 1 0.7 0 1 1 0.9 0 1 1
21 0.1 42 0.35714285714285715 0.0 0.4 18 0.6666666666666666 0.0 0.5 15 0.6666666666666666 0.0 0.6 7 0.8571428571428571 0.0 0.7 2 1.0 0.0 0.9 0 1 1
21 0.1 68 0.17647058823529413 0.0 0.4 0 1 1 0.5 0 1 1 0.6 0 1 1 0.7 0 1 1 0.9 0 1 1
21 0.1 47 0.3617021276595745 0.0 0.4 6 1.0 0.0 0.5 2 1.0 0.0 0.6 0 1 1 0.7 0 1 1 0.9 0 1 1
21 0.1 80 0.175 0.0 0.4 15 0.4666666666666667 0.0 0.5 10 0.5 0.0 0.6 4 0.75 0.0 0.7 0 1 1 0.9 0 1 1
21 0.1 45 0.35555555555555557 0.0 0.4 13 0.38461538461538464 0.0 0.5 5 0.4 0.0 0.6 2 0.5 0.0 0.7 2 0.5 0.0 0.9 0 1 1
21 0.1 22 0.45454545454545453 0.0 0.4 5 0.8 0.0 0.5 3 1.0 0.0 0.6 1 1.0 0.0 0.7 1 1.0 0.0 0.9 0 1 1
21 0.1 37 0.4864864864864865 0.0 0.4 8 1.0 0.0 0.5 7 1.0 0.0 0.6 3 1.0 0.0 0.7 1 1.0 0.0 0.9 0 1 1
21 0.1 31 0.4838709677419355 0.0 0.4 0 1 1 0.5 0 1 1 0.6 0 1 1 0.7 0 1 1 0.9 0 1 1
21 0.1 30 0.5333333333333333 0.0 0.4 2 1.0 0.0 0.5 0 1 1 0.6 0 1 1 0.7 0 1 1 0.9 0 1 1
21 0.1 31 0.4838709677419355 0.0 0.4 3 1.0 0.0 0.5 2 1.0 0.0 0.6 1 1.0 0.0 0.7 0 1 1 0.9 0 1 1
21 0.1 0 1 1 0.4 0 1 1 0.5 0 1 1 0.6 0 1 1 0.7 0 1 1 0.9 0 1 1
21 0.1 38 0.18421052631578946 0.0 0.4 10 0.4 0.0 0.5 5 0.6 0.0 0.6 1 1.0 0.0 0.7 1 1.0 0.0 0.9 0 1 1
21 0.1 0 1 1 0.4 0 1 1 0.5 0 1 1 0.6 0 1 1 0.7 0 1 1 0.9 0 1 1
21 0.1 0 1 1 0.4 0 1 1 0.5 0 1 1 0.6 0 1 1 0.7 0 1 1 0.9 0 1 1
21 0.1 0 1 1 0.4 0 1 1 0.5 0 1 1 0.6 0 1 1 0.7 0 1 1 0.9 0 1 1
21 0.1 0 1 1 0.4 0 1 1 0.5 0 1 1 0.6 0 1 1 0.7 0 1 1 0.9 0 1 1
21 0.1 0 1 1 0.4 0 1 1 0.5 0 1 1 0.6 0 1 1 0.7 0 1 1 0.9 0 1 1
21 0.1 0 1 1 0.4 0 1 1 0.5 0 1 1 0.6 0 1 1 0.7 0 1 1 0.9 0 1 1
21 0.1 0 1 1 0.4 0 1 1 0.5 0 1 1 0.6 0 1 1 0.7 0 1 1 0.9 0 1 1
21 0.1 0 1 1 0.4 0 1 1 0.5 0 1 1 0.6 0 1 1 0.7 0 1 1 0.9 0 1 1
21 0.1 0 1 1 0.4 0 1 1 0.5 0 1 1 0.6 0 1 1 0.7 0 1 1 0.9 0 1 1
21 0.1 1 0.0 0.0 0.4 0 1 1 0.5 0 1 1 0.6 0 1 1 0.7 0 1 1 0.9 0 1 1
21 0.1 0 1 1 0.4 0 1 1 0.5 0 1 1 0.6 0 1 1 0.7 0 1 1 0.9 0 1 1
21 0.1 0 1 1 0.4 0 1 1 0.5 0 1 1 0.6 0 1 1 0.7 0 1 1 0.9 0 1 1
21 0.1 0 1 1 0.4 0 1 1 0.5 0 1 1 0.6 0 1 1 0.7 0 1 1 0.9 0 1 1
21 0.1 0 1 1 0.4 0 1 1 0.5 0 1 1 0.6 0 1 1 0.7 0 1 1 0.9 0 1 1
21 0.1 0 1 1 0.4 0 1 1 0.5 0 1 1 0.6 0 1 1 0.7 0 1 1 0.9 0 1 1
21 0.1 5 0.0 0.0 0.4 0 1 1 0.5 0 1 1 0.6 0 1 1 0.7 0 1 1 0.9 0 1 1
21 0.1 3 0.0 0.0 0.4 0 1 1 0.5 0 1 1 0.6 0 1 1 0.7 0 1 1 0.9 0 1 1
21 0.1 21 0.47619047619047616 0.0 0.4 2 0.5 0.0 0.5 0 1 1 0.6 0 1 1 0.7 0 1 1 0.9 0 1 1
21 0.1 12 0.3333333333333333 0.0 0.4 1 1.0 0.0 0.5 0 1 1 0.6 0 1 1 0.7 0 1 1 0.9 0 1 1
21 0.1 28 0.10714285714285714 0.0 0.4 7 0.14285714285714285 0.0 0.5 6 0.16666666666666666 0.0 0.6 2 0.5 0.0 0.7 1 1.0 0.0 0.9 0 1 1
21 0.1 25 0.44 0.0 0.4 3 0.6666666666666666 0.0 0.5 1 1.0 0.0 0.6 0 1 1 0.7 0 1 1 0.9 0 1 1
21 0.1 14 0.6428571428571429 0.0 0.4 1 1.0 0.0 0.5 1 1.0 0.0 0.6 0 1 1 0.7 0 1 1 0.9 0 1 1
21 0.1 6 0.6666666666666666 0.0 0.4 0 1 1 0.5 0 1 1 0.6 0 1 1 0.7 0 1 1 0.9 0 1 1
21 0.1 24 0.5 0.0 0.4 1 1.0 0.0 0.5 0 1 1 0.6 0 1 1 0.7 0 1 1 0.9 0 1 1
21 0.1 25 0.44 0.0 0.4 1 1.0 0.0 0.5 1 1.0 0.0 0.6 0 1 1 0.7 0 1 1 0.9 0 1 1
21 0.1 16 0.375 0.0 0.4 2 1.0 0.0 0.5 2 1.0 0.0 0.6 0 1 1 0.7 0 1 1 0.9 0 1 1
21 0.1 32 0.625 0.0625 0.4 11 0.9090909090909091 0.0 0.5 8 0.875 0.0 0.6 2 1.0 0.0 0.7 1 1.0 0.0 0.9 0 1 1
21 0.1 35 0.5714285714285714 0.0 0.4 21 0.7619047619047619 0.0 0.5 17 0.8823529411764706 0.0 0.6 11 0.9090909090909091 0.0 0.7 3 1.0 0.0 0.9 0 1 1
21 0.1 35 0.5428571428571428 0.0 0.4 14 0.8571428571428571 0.0 0.5 9 0.8888888888888888 0.0 0.6 4 1.0 0.0 0.7 1 1.0 0.0 0.9 0 1 1
21 0.1 12 0.3333333333333333 0.0 0.4 0 1 1 0.5 0 1 1 0.6 0 1 1 0.7 0 1 1 0.9 0 1 1
21 0.1 38 0.5263157894736842 0.0 0.4 15 0.7333333333333333 0.0 0.5 8 0.625 0.0 0.6 5 0.8 0.0 0.7 0 1 1 0.9 0 1 1
21 0.1 22 0.6818181818181818 0.0 0.4 4 0.75 0.0 0.5 0 1 1 0.6 0 1 1 0.7 0 1 1 0.9 0 1 1
21 0.1 27 0.7407407407407407 0.0 0.4 15 0.8666666666666667 0.0 0.5 11 0.8181818181818182 0.0 0.6 7 0.8571428571428571 0.0 0.7 1 1.0 0.0 0.9 0 1 1
21 0.1 38 0.5526315789473685 0.0 0.4 21 0.7619047619047619 0.0 0.5 16 0.75 0.0 0.6 11 0.7272727272727273 0.0 0.7 3 1.0 0.0 0.9 0 1 1
21 0.1 45 0.4444444444444444 0.0 0.4 22 0.8636363636363636 0.0 0.5 17 0.8235294117647058 0.0 0.6 15 0.8 0.0 0.7 6 0.8333333333333334 0.0 0.9 0 1 1
21 0.1 30 0.5666666666666667 0.0 0.4 9 0.6666666666666666 0.0 0.5 4 0.75 0.0 0.6 2 0.5 0.0 0.7 0 1 1 0.9 0 1 1
21 0.1 42 0.47619047619047616 0.0 0.4 20 0.8 0.0 0.5 18 0.8333333333333334 0.0 0.6 15 0.8 0.0 0.7 5 0.8 0.0 0.9 0 1 1
21 0.1 31 0.5806451612903226 0.03225806451612903 0.4 15 0.8 0.0 0.5 10 0.8 0.0 0.6 8 0.875 0.0 0.7 5 0.8 0.0 0.9 0 1 1
21 0.1 38 0.5263157894736842 0.07894736842105263 0.4 21 0.8095238095238095 0.14285714285714285 0.5 19 0.7894736842105263 0.15789473684210525 0.6 16 0.75 0.125 0.7 10 0.9 0.2 0.9 0 1 1
21 0.1 34 0.5882352941176471 0.029411764705882353 0.4 20 0.85 0.05 0.5 18 0.8333333333333334 0.05555555555555555 0.6 16 0.8125 0.0625 0.7 11 0.8181818181818182 0.09090909090909091 0.9 0 1 1
21 0.1 35 0.5714285714285714 0.02857142857142857 0.4 23 0.782608695652174 0.043478260869565216 0.5 21 0.8571428571428571 0.047619047619047616 0.6 16 0.875 0.0625 0.7 8 0.875 0.125 0.9 0 1 1
21 0.1 34 0.5882352941176471 0.0 0.4 23 0.8260869565217391 0.0 0.5 20 0.8 0.0 0.6 17 0.8235294117647058 0.0 0.7 14 0.8571428571428571 0.0 0.9 0 1 1
21 0.1 38 0.5526315789473685 0.0 0.4 24 0.75 0.0 0.5 22 0.8181818181818182 0.0 0.6 17 0.8235294117647058 0.0 0.7 12 0.9166666666666666 0.0 0.9 0 1 1
21 0.1 28 0.6428571428571429 0.03571428571428571 0.4 14 0.8571428571428571 0.07142857142857142 0.5 10 1.0 0.1 0.6 7 1.0 0.14285714285714285 0.7 1 1.0 0.0 0.9 0 1 1
21 0.1 45 0.4444444444444444 0.022222222222222223 0.4 27 0.7407407407407407 0.037037037037037035 0.5 21 0.8095238095238095 0.047619047619047616 0.6 19 0.8421052631578947 0.05263157894736842 0.7 11 1.0 0.09090909090909091 0.9 0 1 1
21 0.1 26 0.6923076923076923 0.0 0.4 14 0.8571428571428571 0.0 0.5 12 0.9166666666666666 0.0 0.6 5 0.8 0.0 0.7 2 1.0 0.0 0.9 0 1 1
21 0.1 30 0.5666666666666667 0.0 0.4 9 0.5555555555555556 0.0 0.5 5 0.6 0.0 0.6 1 1.0 0.0 0.7 0 1 1 0.9 0 1 1
21 0.1 39 0.5384615384615384 0.02564102564102564 0.4 25 0.76 0.04 0.5 21 0.7619047619047619 0.047619047619047616 0.6 14 0.7857142857142857 0.07142857142857142 0.7 6 1.0 0.16666666666666666 0.9 0 1 1
21 0.1 24 0.7083333333333334 0.0 0.4 11 0.9090909090909091 0.0 0.5 7 0.8571428571428571 0.0 0.6 5 0.8 0.0 0.7 1 1.0 0.0 0.9 0 1 1
21 0.1 36 0.5833333333333334 0.0 0.4 29 0.6896551724137931 0.0 0.5 24 0.7916666666666666 0.0 0.6 23 0.8260869565217391 0.0 0.7 18 0.8888888888888888 0.0 0.9 0 1 1
21 0.1 46 0.45652173913043476 0.0 0.4 25 0.72 0.0 0.5 20 0.85 0.0 0.6 18 0.8333333333333334 0.0 0.7 13 0.8461538461538461 0.0 0.9 0 1 1
21 0.1 32 0.625 0.0 0.4 21 0.6666666666666666 0.0 0.5 18 0.7222222222222222 0.0 0.6 14 0.7857142857142857 0.0 0.7 8 0.875 0.0 0.9 0 1 1
21 0.1 26 0.6923076923076923 0.038461538461538464 0.4 15 0.8 0.06666666666666667 0.5 12 0.8333333333333334 0.08333333333333333 0.6 12 0.8333333333333334 0.08333333333333333 0.7 6 1.0 0.0 0.9 0 1 1
21 0.1 35 0.5428571428571428 0.0 0.4 13 0.8461538461538461 0.0 0.5 9 0.7777777777777778 0.0 0.6 6 1.0 0.0 0.7 3 1.0 0.0 0.9 0 1 1
21 0.1 38 0.5263157894736842 0.02631578947368421 0.4 18 0.7222222222222222 0.05555555555555555 0.5 16 0.75 0.0625 0.6 11 0.8181818181818182 0.0 0.7 5 0.8 0.0 0.9 0 1 1
21 0.1 35 0.5714285714285714 0.0 0.4 26 0.7307692307692307 0.0 0.5 25 0.72 0.0 0.6 20 0.85 0.0 0.7 13 0.9230769230769231 0.0 0.9 0 1 1
21 0.1 44 0.4772727272727273 0.0 0.4 29 0.6896551724137931 0.0 0.5 26 0.7692307692307693 0.0 0.6 22 0.8181818181818182 0.0 0.7 16 0.875 0.0 0.9 0 1 1
21 0.1 44 0.45454545454545453 0.0 0.4 21 0.7619047619047619 0.0 0.5 20 0.8 0.0 0.6 15 0.8 0.0 0.7 9 0.8888888888888888 0.0 0.9 0 1 1
21 0.1 32 0.5625 0.03125 0.4 12 0.75 0.08333333333333333 0.5 9 0.7777777777777778 0.1111111111111111 0.6 5 0.8 0.0 0.7 1 1.0 0.0 0.9 0 1 1
21 0.1 42 0.47619047619047616 0.0 0.4 29 0.6896551724137931 0.0 0.5 27 0.7037037037037037 0.0 0.6 25 0.72 0.0 0.7 17 0.7647058823529411 0.0 0.9 0 1 1
21 0.1 34 0.5588235294117647 0.0 0.4 11 0.7272727272727273 0.0 0.5 6 0.8333333333333334 0.0 0.6 3 1.0 0.0 0.7 1 1.0 0.0 0.9 0 1 1
21 0.1 32 0.625 0.0 0.4 21 0.8095238095238095 0.0 0.5 15 0.8 0.0 0.6 13 0.8461538461538461 0.0 0.7 8 0.875 0.0 0.9 0 1 1
21 0.1 45 0.4666666666666667 0.022222222222222223 0.4 26 0.7307692307692307 0.038461538461538464 0.5 21 0.8095238095238095 0.047619047619047616 0.6 16 0.875 0.0625 0.7 11 0.8181818181818182 0.0 0.9 1 1.0 0.0
21 0.1 38 0.5263157894736842 0.05263157894736842 0.4 23 0.782608695652174 0.08695652173913043 0.5 19 0.8421052631578947 0.10526315789473684 0.6 16 0.9375 0.0625 0.7 13 0.9230769230769231 0.07692307692307693 0.9 0 1 1
21 0.1 37 0.5405405405405406 0.08108108108108109 0.4 24 0.7916666666666666 0.125 0.5 21 0.8095238095238095 0.14285714285714285 0.6 18 0.8888888888888888 0.16666666666666666 0.7 15 0.9333333333333333 0.2 0.9 0 1 1
21 0.1 40 0.525 0.025 0.4 19 0.8947368421052632 0.0 0.5 17 0.8823529411764706 0.0 0.6 14 0.9285714285714286 0.0 0.7 10 0.9 0.0 0.9 1 1.0 0.0
21 0.1 35 0.5428571428571428 0.0 0.4 14 0.9285714285714286 0.0 0.5 11 0.9090909090909091 0.0 0.6 6 0.8333333333333334 0.0 0.7 2 0.5 0.0 0.9 0 1 1
21 0.1 21 0.7619047619047619 0.0 0.4 2 1.0 0.0 0.5 1 1.0 0.0 0.6 1 1.0 0.0 0.7 0 1 1 0.9 0 1 1
21 0.1 36 0.5555555555555556 0.0 0.4 17 0.7647058823529411 0.0 0.5 15 0.8 0.0 0.6 12 0.8333333333333334 0.0 0.7 7 1.0 0.0 0.9 0 1 1
21 0.1 38 0.5263157894736842 0.0 0.4 24 0.6666666666666666 0.0 0.5 18 0.7222222222222222 0.0 0.6 15 0.7333333333333333 0.0 0.7 11 0.8181818181818182 0.0 0.9 0 1 1
21 0.1 43 0.4883720930232558 0.023255813953488372 0.4 28 0.6785714285714286 0.03571428571428571 0.5 24 0.7916666666666666 0.041666666666666664 0.6 21 0.7619047619047619 0.047619047619047616 0.7 17 0.8235294117647058 0.058823529411764705 0.9 0 1 1
21 0.1 43 0.4883720930232558 0.0 0.4 30 0.6333333333333333 0.0 0.5 24 0.75 0.0 0.6 20 0.75 0.0 0.7 16 0.8125 0.0 0.9 0 1 1
21 0.1 35 0.5428571428571428 0.0 0.4 25 0.72 0.0 0.5 20 0.85 0.0 0.6 19 0.8421052631578947 0.0 0.7 15 0.9333333333333333 0.0 0.9 0 1 1
21 0.1 44 0.4772727272727273 0.045454545454545456 0.4 32 0.625 0.0625 0.5 30 0.6666666666666666 0.06666666666666667 0.6 25 0.72 0.08 0.7 20 0.8 0.1 0.9 0 1 1
21 0.1 26 0.6153846153846154 0.0 0.4 14 0.7857142857142857 0.0 0.5 12 0.8333333333333334 0.0 0.6 7 1.0 0.0 0.7 4 1.0 0.0 0.9 0 1 1
21 0.1 30 0.6 0.03333333333333333 0.4 17 0.8823529411764706 0.058823529411764705 0.5 16 0.875 0.0625 0.6 14 0.8571428571428571 0.07142857142857142 0.7 11 0.9090909090909091 0.09090909090909091 0.9 0 1 1
21 0.1 40 0.5 0.0 0.4 22 0.7272727272727273 0.0 0.5 17 0.9411764705882353 0.0 0.6 16 0.9375 0.0 0.7 11 0.9090909090909091 0.0 0.9 0 1 1
21 0.1 41 0.5121951219512195 0.024390243902439025 0.4 27 0.7407407407407407 0.037037037037037035 0.5 24 0.7083333333333334 0.041666666666666664 0.6 21 0.7619047619047619 0.047619047619047616 0.7 18 0.8333333333333334 0.05555555555555555 0.9 0 1 1
21 0.1 43 0.4883720930232558 0.023255813953488372 0.4 26 0.6923076923076923 0.038461538461538464 0.5 21 0.8095238095238095 0.047619047619047616 0.6 19 0.8947368421052632 0.05263157894736842 0.7 15 0.8666666666666667 0.06666666666666667 0.9 0 1 1
21 0.1 32 0.65625 0.0625 0.4 21 0.8095238095238095 0.09523809523809523 0.5 18 0.8888888888888888 0.1111111111111111 0.6 18 0.8888888888888888 0.1111111111111111 0.7 15 0.8666666666666667 0.06666666666666667 0.9 0 1 1
21 0.1 37 0.5675675675675675 0.0 0.4 24 0.75 0.0 0.5 22 0.7272727272727273 0.0 0.6 19 0.7894736842105263 0.0 0.7 15 0.8666666666666667 0.0 0.9 0 1 1
21 0.1 41 0.5121951219512195 0.024390243902439025 0.4 32 0.65625 0.03125 0.5 29 0.7241379310344828 0.034482758620689655 0.6 25 0.76 0.04 0.7 21 0.8095238095238095 0.047619047619047616 0.9 1 1.0 0.0
21 0.1 37 0.5135135135135135 0.0 0.4 22 0.8181818181818182 0.0 0.5 22 0.8181818181818182 0.0 0.6 20 0.85 0.0 0.7 17 0.8235294117647058 0.0 0.9 0 1 1
21 0.1 30 0.6333333333333333 0.0 0.4 19 0.7894736842105263 0.0 0.5 16 0.875 0.0 0.6 13 0.9230769230769231 0.0 0.7 6 0.8333333333333334 0.0 0.9 0 1 1
21 0.1 24 0.6666666666666666 0.0 0.4 10 0.8 0.0 0.5 9 0.8888888888888888 0.0 0.6 6 0.8333333333333334 0.0 0.7 4 0.75 0.0 0.9 0 1 1
21 0.1 36 0.5555555555555556 0.027777777777777776 0.4 22 0.7727272727272727 0.045454545454545456 0.5 20 0.8 0.05 0.6 17 0.8823529411764706 0.058823529411764705 0.7 15 0.8666666666666667 0.06666666666666667 0.9 0 1 1
21 0.1 35 0.5714285714285714 0.0 0.4 24 0.7083333333333334 0.0 0.5 22 0.7272727272727273 0.0 0.6 18 0.8333333333333334 0.0 0.7 14 0.8571428571428571 0.0 0.9 0 1 1
21 0.1 37 0.5675675675675675 0.08108108108108109 0.4 31 0.6774193548387096 0.0967741935483871 0.5 26 0.7307692307692307 0.11538461538461539 0.6 24 0.7916666666666666 0.125 0.7 21 0.8095238095238095 0.14285714285714285 0.9 0 1 1
21 0.1 40 0.525 0.05 0.4 26 0.7307692307692307 0.07692307692307693 0.5 20 0.8 0.1 0.6 19 0.8421052631578947 0.10526315789473684 0.7 18 0.8333333333333334 0.1111111111111111 0.9 0 1 1
21 0.1 38 0.5526315789473685 0.02631578947368421 0.4 30 0.6666666666666666 0.03333333333333333 0.5 28 0.7142857142857143 0.03571428571428571 0.6 25 0.76 0.04 0.7 23 0.8260869565217391 0.043478260869565216 0.9 0 1 1
21 0.1 35 0.6 0.0 0.4 27 0.7037037037037037 0.0 0.5 25 0.72 0.0 0.6 20 0.8 0.0 0.7 17 0.8823529411764706 0.0 0.9 0 1 1
21 0.1 36 0.5833333333333334 0.027777777777777776 0.4 26 0.7307692307692307 0.038461538461538464 0.5 21 0.8095238095238095 0.047619047619047616 0.6 19 0.8421052631578947 0.05263157894736842 0.7 16 0.9375 0.0625 0.9 1 1.0 1.0
21 0.1 36 0.5833333333333334 0.027777777777777776 0.4 27 0.7407407407407407 0.037037037037037035 0.5 24 0.7916666666666666 0.041666666666666664 0.6 22 0.8636363636363636 0.045454545454545456 0.7 18 0.8333333333333334 0.05555555555555555 0.9 1 1.0 1.0
21 0.1 33 0.6060606060606061 0.0 0.4 22 0.7272727272727273 0.0 0.5 21 0.7619047619047619 0.0 0.6 20 0.75 0.0 0.7 14 0.7857142857142857 0.0 0.9 0 1 1
21 0.1 41 0.5121951219512195 0.024390243902439025 0.4 24 0.75 0.041666666666666664 0.5 22 0.7727272727272727 0.045454545454545456 0.6 20 0.85 0.05 0.7 18 0.8333333333333334 0.0 0.9 0 1 1
21 0.1 32 0.625 0.03125 0.4 25 0.72 0.04 0.5 21 0.7142857142857143 0.047619047619047616 0.6 18 0.7777777777777778 0.05555555555555555 0.7 11 0.9090909090909091 0.09090909090909091 0.9 0 1 1
21 0.1 30 0.6333333333333333 0.1 0.4 23 0.7391304347826086 0.13043478260869565 0.5 21 0.7619047619047619 0.14285714285714285 0.6 16 0.8125 0.1875 0.7 14 0.8571428571428571 0.21428571428571427 0.9 0 1 1
21 0.1 39 0.5128205128205128 0.05128205128205128 0.4 28 0.5714285714285714 0.03571428571428571 0.5 24 0.625 0.041666666666666664 0.6 19 0.7368421052631579 0.05263157894736842 0.7 13 0.8461538461538461 0.07692307692307693 0.9 0 1 1
21 0.1 39 0.5384615384615384 0.02564102564102564 0.4 27 0.7037037037037037 0.037037037037037035 0.5 25 0.72 0.04 0.6 22 0.7272727272727273 0.045454545454545456 0.7 19 0.8421052631578947 0.05263157894736842 0.9 1 1.0 1.0
21 0.1 40 0.525 0.025 0.4 28 0.7142857142857143 0.03571428571428571 0.5 27 0.7037037037037037 0.037037037037037035 0.6 24 0.75 0.041666666666666664 0.7 21 0.8095238095238095 0.047619047619047616 0.9 2 1.0 0.5
21 0.1 34 0.6176470588235294 0.0 0.4 20 0.8 0.0 0.5 20 0.8 0.0 0.6 19 0.7894736842105263 0.0 0.7 16 0.8125 0.0 0.9 0 1 1
21 0.1 43 0.4883720930232558 0.0 0.4 27 0.7037037037037037 0.0 0.5 23 0.7391304347826086 0.0 0.6 20 0.8 0.0 0.7 19 0.7894736842105263 0.0 0.9 1 1.0 0.0
21 0.1 36 0.5833333333333334 0.027777777777777776 0.4 22 0.7727272727272727 0.045454545454545456 0.5 19 0.7894736842105263 0.05263157894736842 0.6 18 0.7777777777777778 0.05555555555555555 0.7 15 0.8666666666666667 0.06666666666666667 0.9 0 1 1
21 0.1 42 0.5 0.047619047619047616 0.4 26 0.8076923076923077 0.07692307692307693 0.5 23 0.8260869565217391 0.08695652173913043 0.6 22 0.8181818181818182 0.09090909090909091 0.7 18 0.7777777777777778 0.1111111111111111 0.9 1 1.0 0.0
21 0.1 43 0.4883720930232558 0.023255813953488372 0.4 26 0.7692307692307693 0.038461538461538464 0.5 25 0.76 0.04 0.6 25 0.76 0.04 0.7 21 0.7619047619047619 0.047619047619047616 0.9 3 1.0 0.0
21 0.1 38 0.5526315789473685 0.02631578947368421 0.4 25 0.68 0.04 0.5 24 0.7083333333333334 0.041666666666666664 0.6 22 0.7272727272727273 0.045454545454545456 0.7 16 0.875 0.0625 0.9 1 1.0 0.0
21 0.1 36 0.5833333333333334 0.05555555555555555 0.4 24 0.7916666666666666 0.08333333333333333 0.5 22 0.8181818181818182 0.09090909090909091 0.6 18 0.8333333333333334 0.1111111111111111 0.7 16 0.875 0.125 0.9 1 1.0 0.0
21 0.1 42 0.5 0.0 0.4 25 0.72 0.0 0.5 21 0.7619047619047619 0.0 0.6 20 0.8 0.0 0.7 17 0.8823529411764706 0.0 0.9 0 1 1
21 0.1 40 0.5 0.025 0.4 23 0.782608695652174 0.043478260869565216 0.5 21 0.8571428571428571 0.047619047619047616 0.6 19 0.8421052631578947 0.05263157894736842 0.7 15 0.9333333333333333 0.06666666666666667 0.9 0 1 1
21 0.1 42 0.5 0.023809523809523808 0.4 24 0.75 0.041666666666666664 0.5 22 0.8181818181818182 0.045454545454545456 0.6 21 0.8095238095238095 0.047619047619047616 0.7 18 0.8888888888888888 0.05555555555555555 0.9 0 1 1
21 0.1 35 0.5714285714285714 0.0 0.4 25 0.68 0.0 0.5 22 0.7272727272727273 0.0 0.6 18 0.8333333333333334 0.0 0.7 17 0.8823529411764706 0.0 0.9 0 1 1
21 0.1 34 0.6176470588235294 0.0 0.4 25 0.72 0.0 0.5 21 0.8095238095238095 0.0 0.6 19 0.8421052631578947 0.0 0.7 16 0.9375 0.0 0.9 2 1.0 0.0
21 0.1 33 0.6363636363636364 0.030303030303030304 0.4 18 0.7222222222222222 0.05555555555555555 0.5 14 0.7142857142857143 0.07142857142857142 0.6 12 0.8333333333333334 0.08333333333333333 0.7 11 0.8181818181818182 0.09090909090909091 0.9 0 1 1
21 0.1 38 0.5526315789473685 0.0 0.4 29 0.7241379310344828 0.0 0.5 26 0.7692307692307693 0.0 0.6 24 0.8333333333333334 0.0 0.7 22 0.8181818181818182 0.0 0.9 1 1.0 0.0
21 0.1 40 0.525 0.05 0.4 27 0.7407407407407407 0.07407407407407407 0.5 25 0.76 0.08 0.6 22 0.8181818181818182 0.09090909090909091 0.7 21 0.8571428571428571 0.09523809523809523 0.9 1 1.0 0.0
21 0.1 39 0.5384615384615384 0.02564102564102564 0.4 29 0.6896551724137931 0.034482758620689655 0.5 29 0.6896551724137931 0.034482758620689655 0.6 24 0.7916666666666666 0.041666666666666664 0.7 19 0.8947368421052632 0.05263157894736842 0.9 0 1 1
21 0.1 39 0.5384615384615384 0.0 0.4 24 0.75 0.0 0.5 22 0.7727272727272727 0.0 0.6 21 0.7619047619047619 0.0 0.7 19 0.7894736842105263 0.0 0.9 0 1 1
21 0.1 46 0.45652173913043476 0.021739130434782608 0.4 29 0.6896551724137931 0.034482758620689655 0.5 25 0.76 0.04 0.6 21 0.7619047619047619 0.047619047619047616 0.7 19 0.7894736842105263 0.05263157894736842 0.9 0 1 1
21 0.1 39 0.5384615384615384 0.02564102564102564 0.4 27 0.7407407407407407 0.037037037037037035 0.5 26 0.7307692307692307 0.038461538461538464 0.6 25 0.76 0.04 0.7 19 0.7894736842105263 0.05263157894736842 0.9 3 1.0 0.3333333333333333
21 0.1 29 0.6206896551724138 0.034482758620689655 0.4 17 0.7647058823529411 0.058823529411764705 0.5 14 0.8571428571428571 0.07142857142857142 0.6 11 0.9090909090909091 0.09090909090909091 0.7 11 0.9090909090909091 0.09090909090909091 0.9 0 1 1
21 0.1 37 0.5675675675675675 0.02702702702702703 0.4 25 0.72 0.04 0.5 22 0.7272727272727273 0.045454545454545456 0.6 18 0.7777777777777778 0.05555555555555555 0.7 16 0.8125 0.0625 0.9 2 1.0 0.0
21 0.1 37 0.5675675675675675 0.05405405405405406 0.4 29 0.6896551724137931 0.06896551724137931 0.5 24 0.75 0.08333333333333333 0.6 21 0.7142857142857143 0.09523809523809523 0.7 18 0.7777777777777778 0.1111111111111111 0.9 0 1 1
21 0.1 33 0.5757575757575758 0.030303030303030304 0.4 22 0.7272727272727273 0.045454545454545456 0.5 21 0.7619047619047619 0.047619047619047616 0.6 19 0.7894736842105263 0.05263157894736842 0.7 16 0.8125 0.0625 0.9 0 1 1
21 0.1 37 0.5135135135135135 0.0 0.4 25 0.68 0.0 0.5 21 0.7619047619047619 0.0 0.6 20 0.75 0.0 0.7 19 0.7894736842105263 0.0 0.9 1 1.0 0.0
21 0.1 36 0.5555555555555556 0.0 0.4 19 0.7894736842105263 0.0 0.5 17 0.7647058823529411 0.0 0.6 15 0.8 0.0 0.7 13 0.8461538461538461 0.0 0.9 0 1 1
21 0.1 33 0.5757575757575758 0.030303030303030304 0.4 23 0.7391304347826086 0.043478260869565216 0.5 20 0.75 0.05 0.6 19 0.7894736842105263 0.05263157894736842 0.7 17 0.7647058823529411 0.058823529411764705 0.9 1 1.0 0.0
21 0.1 33 0.6060606060606061 0.09090909090909091 0.4 24 0.7083333333333334 0.125 0.5 21 0.8095238095238095 0.14285714285714285 0.6 18 0.8333333333333334 0.16666666666666666 0.7 16 0.8125 0.1875 0.9 2 1.0 0.0
21 0.1 37 0.5675675675675675 0.0 0.4 28 0.7142857142857143 0.0 0.5 27 0.7037037037037037 0.0 0.6 24 0.7916666666666666 0.0 0.7 21 0.8095238095238095 0.0 0.9 2 1.0 0.0
21 0.1 33 0.6060606060606061 0.0 0.4 25 0.68 0.0 0.5 23 0.6956521739130435 0.0 0.6 18 0.7777777777777778 0.0 0.7 15 0.8 0.0 0.9 0 1 1
21 0.1 40 0.525 0.05 0.4 27 0.7037037037037037 0.07407407407407407 0.5 23 0.782608695652174 0.08695652173913043 0.6 19 0.7894736842105263 0.10526315789473684 0.7 17 0.8235294117647058 0.11764705882352941 0.9 1 1.0 0.0
21 0.1 34 0.5882352941176471 0.058823529411764705 0.4 25 0.72 0.08 0.5 24 0.75 0.08333333333333333 0.6 22 0.7727272727272727 0.09090909090909091 0.7 20 0.8 0.1 0.9 1 1.0 0.0
21 0.1 43 0.4883720930232558 0.06976744186046512 0.4 28 0.6785714285714286 0.10714285714285714 0.5 26 0.7307692307692307 0.11538461538461539 0.6 25 0.76 0.12 0.7 23 0.782608695652174 0.13043478260869565 0.9 1 1.0 0.0
21 0.1 37 0.5675675675675675 0.0 0.4 28 0.6785714285714286 0.0 0.5 27 0.7037037037037037 0.0 0.6 26 0.7307692307692307 0.0 0.7 25 0.76 0.0 0.9 3 1.0 0.0
21 0.1 34 0.5882352941176471 0.08823529411764706 0.4 29 0.6551724137931034 0.10344827586206896 0.5 27 0.7037037037037037 0.1111111111111111 0.6 26 0.6923076923076923 0.11538461538461539 0.7 21 0.8095238095238095 0.14285714285714285 0.9 4 1.0 0.25
21 0.1 30 0.6333333333333333 0.0 0.4 22 0.8181818181818182 0.0 0.5 22 0.8181818181818182 0.0 0.6 21 0.8095238095238095 0.0 0.7 21 0.8095238095238095 0.0 0.9 3 1.0 0.0
21 0.1 31 0.6129032258064516 0.0 0.4 26 0.7307692307692307 0.0 0.5 25 0.76 0.0 0.6 24 0.7916666666666666 0.0 0.7 21 0.7619047619047619 0.0 0.9 2 1.0 0.0
21 0.1 31 0.6129032258064516 0.03225806451612903 0.4 23 0.6956521739130435 0.043478260869565216 0.5 21 0.7619047619047619 0.047619047619047616 0.6 17 0.7058823529411765 0.058823529411764705 0.7 16 0.75 0.0625 0.9 0 1 1
21 0.1 32 0.59375 0.0 0.4 26 0.6923076923076923 0.0 0.5 23 0.782608695652174 0.0 0.6 21 0.7619047619047619 0.0 0.7 20 0.8 0.0 0.9 0 1 1
21 0.1 36 0.5833333333333334 0.05555555555555555 0.4 26 0.7307692307692307 0.07692307692307693 0.5 23 0.782608695652174 0.08695652173913043 0.6 23 0.782608695652174 0.08695652173913043 0.7 21 0.8095238095238095 0.09523809523809523 0.9 3 1.0 0.0
21 0.1 34 0.5882352941176471 0.029411764705882353 0.4 27 0.7037037037037037 0.037037037037037035 0.5 24 0.7916666666666666 0.041666666666666664 0.6 22 0.8181818181818182 0.045454545454545456 0.7 18 0.8333333333333334 0.05555555555555555 0.9 0 1 1
21 0.1 36 0.5833333333333334 0.027777777777777776 0.4 31 0.6774193548387096 0.03225806451612903 0.5 29 0.7241379310344828 0.034482758620689655 0.6 28 0.7142857142857143 0.03571428571428571 0.7 25 0.76 0.04 0.9 6 1.0 0.16666666666666666
21 0.1 38 0.5526315789473685 0.0 0.4 31 0.6774193548387096 0.0 0.5 30 0.7 0.0 0.6 24 0.7916666666666666 0.0 0.7 23 0.782608695652174 0.0 0.9 3 1.0 0.0
21 0.1 40 0.525 0.025 0.4 31 0.6774193548387096 0.03225806451612903 0.5 26 0.7692307692307693 0.038461538461538464 0.6 25 0.8 0.04 0.7 22 0.7727272727272727 0.045454545454545456 0.9 0 1 1
21 0.1 34 0.5588235294117647 0.11764705882352941 0.4 24 0.75 0.16666666666666666 0.5 23 0.782608695652174 0.17391304347826086 0.6 22 0.7727272727272727 0.18181818181818182 0.7 18 0.7777777777777778 0.16666666666666666 0.9 0 1 1
21 0.1 35 0.5714285714285714 0.02857142857142857 0.4 24 0.7083333333333334 0.041666666666666664 0.5 22 0.7727272727272727 0.045454545454545456 0.6 21 0.8095238095238095 0.047619047619047616 0.7 20 0.8 0.05 0.9 0 1 1
21 0.1 39 0.5128205128205128 0.05128205128205128 0.4 26 0.7307692307692307 0.07692307692307693 0.5 26 0.7307692307692307 0.07692307692307693 0.6 24 0.7916666666666666 0.08333333333333333 0.7 23 0.782608695652174 0.043478260869565216 0.9 0 1 1
21 0.1 33 0.6060606060606061 0.06060606060606061 0.4 27 0.6666666666666666 0.07407407407407407 0.5 27 0.6666666666666666 0.07407407407407407 0.6 26 0.6923076923076923 0.07692307692307693 0.7 21 0.8095238095238095 0.09523809523809523 0.9 0 1 1
21 0.1 34 0.5882352941176471 0.0 0.4 30 0.6666666666666666 0.0 0.5 28 0.7142857142857143 0.0 0.6 27 0.7407407407407407 0.0 0.7 23 0.7391304347826086 0.0 0.9 0 1 1
21 0.1 34 0.6176470588235294 0.0 0.4 27 0.7407407407407407 0.0 0.5 23 0.7391304347826086 0.0 0.6 21 0.8095238095238095 0.0 0.7 21 0.8095238095238095 0.0 0.9 0 1 1
21 0.1 34 0.5882352941176471 0.058823529411764705 0.4 29 0.6896551724137931 0.06896551724137931 0.5 27 0.7407407407407407 0.07407407407407407 0.6 27 0.7407407407407407 0.07407407407407407 0.7 25 0.76 0.08 0.9 0 1 1
21 0.1 34 0.5882352941176471 0.029411764705882353 0.4 30 0.6666666666666666 0.03333333333333333 0.5 27 0.7407407407407407 0.037037037037037035 0.6 25 0.8 0.04 0.7 20 0.8 0.05 0.9 2 1.0 0.0
21 0.1 37 0.5405405405405406 0.0 0.4 26 0.7307692307692307 0.0 0.5 26 0.7307692307692307 0.0 0.6 24 0.7916666666666666 0.0 0.7 23 0.8260869565217391 0.0 0.9 2 1.0 0.0
21 0.1 31 0.6451612903225806 0.03225806451612903 0.4 24 0.75 0.041666666666666664 0.5 20 0.85 0.05 0.6 20 0.85 0.05 0.7 16 0.875 0.0625 0.9 0 1 1
21 0.1 41 0.5121951219512195 0.0 0.4 33 0.6363636363636364 0.0 0.5 30 0.7 0.0 0.6 28 0.75 0.0 0.7 26 0.8076923076923077 0.0 0.9 2 1.0 0.0
21 0.1 39 0.5384615384615384 0.05128205128205128 0.4 28 0.75 0.07142857142857142 0.5 28 0.75 0.07142857142857142 0.6 25 0.8 0.08 0.7 22 0.8636363636363636 0.045454545454545456 0.9 2 1.0 0.0
21 0.1 37 0.5675675675675675 0.0 0.4 28 0.7142857142857143 0.0 0.5 24 0.75 0.0 0.6 22 0.7727272727272727 0.0 0.7 19 0.8421052631578947 0.0 0.9 0 1 1
21 0.1 37 0.5675675675675675 0.02702702702702703 0.4 25 0.8 0.04 0.5 24 0.7916666666666666 0.041666666666666664 0.6 22 0.8636363636363636 0.045454545454545456 0.7 19 0.8947368421052632 0.05263157894736842 0.9 0 1 1
21 0.1 30 0.6333333333333333 0.0 0.4 20 0.75 0.0 0.5 19 0.7894736842105263 0.0 0.6 17 0.7647058823529411 0.0 0.7 16 0.8125 0.0 0.9 2 1.0 0.0
21 0.1 37 0.5675675675675675 0.0 0.4 30 0.7 0.0 0.5 26 0.7307692307692307 0.0 0.6 23 0.782608695652174 0.0 0.7 21 0.8571428571428571 0.0 0.9 4 1.0 0.0
21 0.1 33 0.6060606060606061 0.0 0.4 27 0.7037037037037037 0.0 0.5 25 0.72 0.0 0.6 24 0.75 0.0 0.7 21 0.8095238095238095 0.0 0.9 3 1.0 0.0
21 0.1 34 0.5882352941176471 0.058823529411764705 0.4 27 0.7037037037037037 0.07407407407407407 0.5 26 0.7307692307692307 0.07692307692307693 0.6 25 0.76 0.08 0.7 22 0.8181818181818182 0.09090909090909091 0.9 4 1.0 0.5
21 0.1 30 0.6333333333333333 0.0 0.4 26 0.6923076923076923 0.0 0.5 22 0.7727272727272727 0.0 0.6 21 0.8095238095238095 0.0 0.7 16 0.8125 0.0 0.9 0 1 1
21 0.1 36 0.5277777777777778 0.027777777777777776 0.4 25 0.72 0.04 0.5 24 0.75 0.041666666666666664 0.6 23 0.782608695652174 0.043478260869565216 0.7 20 0.9 0.05 0.9 0 1 1
21 0.1 35 0.5714285714285714 0.02857142857142857 0.4 28 0.6785714285714286 0.03571428571428571 0.5 27 0.7037037037037037 0.037037037037037035 0.6 25 0.72 0.04 0.7 21 0.8095238095238095 0.047619047619047616 0.9 1 1.0 1.0
21 0.1 38 0.5263157894736842 0.07894736842105263 0.4 30 0.6 0.1 0.5 25 0.72 0.12 0.6 24 0.75 0.125 0.7 21 0.8571428571428571 0.14285714285714285 0.9 1 1.0 1.0
21 0.1 33 0.6060606060606061 0.0 0.4 23 0.7391304347826086 0.0 0.5 21 0.8095238095238095 0.0 0.6 20 0.85 0.0 0.7 18 0.8888888888888888 0.0 0.9 1 1.0 0.0
21 0.1 37 0.5675675675675675 0.0 0.4 29 0.7241379310344828 0.0 0.5 28 0.7142857142857143 0.0 0.6 26 0.7307692307692307 0.0 0.7 24 0.7916666666666666 0.0 0.9 4 1.0 0.0
21 0.1 38 0.5526315789473685 0.05263157894736842 0.4 30 0.6666666666666666 0.06666666666666667 0.5 27 0.7407407407407407 0.07407407407407407 0.6 26 0.7307692307692307 0.07692307692307693 0.7 24 0.7916666666666666 0.08333333333333333 0.9 5 1.0 0.2
21 0.1 34 0.6176470588235294 0.029411764705882353 0.4 29 0.6896551724137931 0.034482758620689655 0.5 26 0.7692307692307693 0.038461538461538464 0.6 23 0.782608695652174 0.043478260869565216 0.7 20 0.8 0.05 0.9 0 1 1
21 0.1 36 0.5833333333333334 0.0 0.4 29 0.7241379310344828 0.0 0.5 28 0.75 0.0 0.6 27 0.7777777777777778 0.0 0.7 25 0.84 0.0 0.9 0 1 1
21 0.1 35 0.6 0.05714285714285714 0.4 25 0.72 0.08 0.5 24 0.75 0.08333333333333333 0.6 23 0.782608695652174 0.08695652173913043 0.7 21 0.7619047619047619 0.047619047619047616 0.9 0 1 1
21 0.1 33 0.6363636363636364 0.0 0.4 28 0.75 0.0 0.5 26 0.7692307692307693 0.0 0.6 25 0.8 0.0 0.7 23 0.8260869565217391 0.0 0.9 4 1.0 0.0
21 0.1 35 0.6 0.0 0.4 28 0.7142857142857143 0.0 0.5 26 0.7692307692307693 0.0 0.6 24 0.7916666666666666 0.0 0.7 22 0.7727272727272727 0.0 0.9 3 1.0 0.0
21 0.1 38 0.5526315789473685 0.0 0.4 29 0.6551724137931034 0.0 0.5 26 0.6538461538461539 0.0 0.6 23 0.7391304347826086 0.0 0.7 21 0.8095238095238095 0.0 0.9 0 1 1
21 0.1 36 0.5833333333333334 0.05555555555555555 0.4 28 0.6785714285714286 0.07142857142857142 0.5 26 0.7307692307692307 0.07692307692307693 0.6 26 0.7307692307692307 0.07692307692307693 0.7 24 0.75 0.08333333333333333 0.9 4 1.0 0.0
21 0.1 31 0.6774193548387096 0.0 0.4 27 0.6666666666666666 0.0 0.5 23 0.7391304347826086 0.0 0.6 20 0.8 0.0 0.7 17 0.7647058823529411 0.0 0.9 2 1.0 0.0
21 0.1 33 0.6363636363636364 0.030303030303030304 0.4 24 0.75 0.041666666666666664 0.5 22 0.7727272727272727 0.045454545454545456 0.6 20 0.8 0.05 0.7 18 0.7777777777777778 0.05555555555555555 0.9 0 1 1
21 0.1 31 0.6774193548387096 0.06451612903225806 0.4 22 0.7272727272727273 0.045454545454545456 0.5 22 0.7272727272727273 0.045454545454545456 0.6 21 0.7619047619047619 0.047619047619047616 0.7 18 0.8333333333333334 0.05555555555555555 0.9 0 1 1
21 0.1 33 0.6060606060606061 0.0 0.4 27 0.7407407407407407 0.0 0.5 25 0.76 0.0 0.6 25 0.76 0.0 0.7 23 0.8260869565217391 0.0 0.9 2 1.0 0.0
21 0.1 34 0.6176470588235294 0.0 0.4 26 0.7307692307692307 0.0 0.5 25 0.76 0.0 0.6 24 0.75 0.0 0.7 22 0.7727272727272727 0.0 0.9 2 1.0 0.0
21 0.1 32 0.625 0.03125 0.4 25 0.76 0.04 0.5 23 0.782608695652174 0.043478260869565216 0.6 21 0.7619047619047619 0.047619047619047616 0.7 20 0.75 0.05 0.9 2 1.0 0.0
21 0.1 34 0.5882352941176471 0.029411764705882353 0.4 27 0.7037037037037037 0.037037037037037035 0.5 25 0.76 0.04 0.6 25 0.76 0.04 0.7 23 0.782608695652174 0.043478260869565216 0.9 4 1.0 0.0
21 0.1 36 0.5833333333333334 0.0 0.4 29 0.6896551724137931 0.0 0.5 27 0.7407407407407407 0.0 0.6 26 0.7692307692307693 0.0 0.7 23 0.782608695652174 0.0 0.9 6 1.0 0.0
21 0.1 36 0.5833333333333334 0.027777777777777776 0.4 27 0.7777777777777778 0.037037037037037035 0.5 25 0.8 0.04 0.6 25 0.8 0.04 0.7 25 0.8 0.04 0.9 4 1.0 0.0
21 0.1 36 0.5833333333333334 0.0 0.4 26 0.6923076923076923 0.0 0.5 24 0.75 0.0 0.6 23 0.782608695652174 0.0 0.7 22 0.7727272727272727 0.0 0.9 3 1.0 0.0
21 0.1 39 0.5384615384615384 0.0 0.4 26 0.6923076923076923 0.0 0.5 26 0.6923076923076923 0.0 0.6 21 0.7619047619047619 0.0 0.7 19 0.7894736842105263 0.0 0.9 3 1.0 0.0
21 0.1 39 0.5128205128205128 0.02564102564102564 0.4 31 0.6451612903225806 0.03225806451612903 0.5 30 0.6666666666666666 0.03333333333333333 0.6 28 0.7142857142857143 0.03571428571428571 0.7 26 0.7692307692307693 0.038461538461538464 0.9 5 1.0 0.0
21 0.1 35 0.6 0.0 0.4 31 0.6451612903225806 0.0 0.5 30 0.6666666666666666 0.0 0.6 27 0.7037037037037037 0.0 0.7 25 0.76 0.0 0.9 4 1.0 0.0
21 0.1 35 0.6 0.0 0.4 26 0.6923076923076923 0.0 0.5 25 0.72 0.0 0.6 24 0.75 0.0 0.7 22 0.8181818181818182 0.0 0.9 4 1.0 0.0
21 0.1 31 0.6129032258064516 0.03225806451612903 0.4 24 0.7083333333333334 0.041666666666666664 0.5 24 0.7083333333333334 0.041666666666666664 0.6 24 0.7083333333333334 0.041666666666666664 0.7 21 0.8095238095238095 0.047619047619047616 0.9 2 1.0 0.0
21 0.1 35 0.6 0.0 0.4 25 0.72 0.0 0.5 24 0.7083333333333334 0.0 0.6 22 0.7727272727272727 0.0 0.7 20 0.8 0.0 0.9 3 1.0 0.0
21 0.1 35 0.6 0.0 0.4 31 0.6774193548387096 0.0 0.5 29 0.7241379310344828 0.0 0.6 27 0.7777777777777778 0.0 0.7 24 0.7916666666666666 0.0 0.9 5 1.0 0.0
21 0.1 31 0.6451612903225806 0.0 0.4 22 0.7727272727272727 0.0 0.5 22 0.7727272727272727 0.0 0.6 22 0.7727272727272727 0.0 0.7 20 0.75 0.0 0.9 1 1.0 0.0
21 0.1 37 0.5675675675675675 0.0 0.4 28 0.6785714285714286 0.0 0.5 25 0.76 0.0 0.6 23 0.782608695652174 0.0 0.7 22 0.7727272727272727 0.0 0.9 3 1.0 0.0
21 0.1 36 0.5833333333333334 0.0 0.4 31 0.6451612903225806 0.0 0.5 27 0.7407407407407407 0.0 0.6 27 0.7407407407407407 0.0 0.7 26 0.7692307692307693 0.0 0.9 6 1.0 0.0
21 0.1 34 0.5882352941176471 0.0 0.4 27 0.7407407407407407 0.0 0.5 26 0.7692307692307693 0.0 0.6 25 0.76 0.0 0.7 23 0.7391304347826086 0.0 0.9 6 1.0 0.0
21 0.1 39 0.5384615384615384 0.0 0.4 30 0.7 0.0 0.5 26 0.7692307692307693 0.0 0.6 26 0.7692307692307693 0.0 0.7 26 0.7692307692307693 0.0 0.9 7 1.0 0.0
21 0.1 39 0.5384615384615384 0.0 0.4 29 0.7241379310344828 0.0 0.5 26 0.7692307692307693 0.0 0.6 25 0.76 0.0 0.7 22 0.8181818181818182 0.0 0.9 7 1.0 0.0
21 0.1 35 0.6 0.02857142857142857 0.4 30 0.7 0.03333333333333333 0.5 29 0.7241379310344828 0.034482758620689655 0.6 27 0.7407407407407407 0.037037037037037035 0.7 25 0.8 0.04 0.9 7 1.0 0.14285714285714285
21 0.1 34 0.5588235294117647 0.029411764705882353 0.4 26 0.7307692307692307 0.038461538461538464 0.5 25 0.72 0.04 0.6 23 0.782608695652174 0.043478260869565216 0.7 20 0.75 0.05 0.9 4 1.0 0.0
21 0.1 32 0.625 0.03125 0.4 25 0.76 0.04 0.5 22 0.7727272727272727 0.045454545454545456 0.6 20 0.8 0.05 0.7 20 0.8 0.05 0.9 4 1.0 0.0
21 0.1 33 0.6060606060606061 0.0 0.4 30 0.6666666666666666 0.0 0.5 25 0.76 0.0 0.6 23 0.8260869565217391 0.0 0.7 19 0.8421052631578947 0.0 0.9 1 1.0 0.0
21 0.1 35 0.6 0.0 0.4 28 0.7142857142857143 0.0 0.5 26 0.7692307692307693 0.0 0.6 25 0.76 0.0 0.7 23 0.782608695652174 0.0 0.9 3 1.0 0.0
21 0.1 36 0.5833333333333334 0.0 0.4 27 0.7407407407407407 0.0 0.5 27 0.7407407407407407 0.0 0.6 25 0.76 0.0 0.7 20 0.75 0.0 0.9 0 1 1
21 0.1 36 0.5833333333333334 0.0 0.4 30 0.7 0.0 0.5 26 0.8076923076923077 0.0 0.6 26 0.8076923076923077 0.0 0.7 26 0.8076923076923077 0.0 0.9 5 1.0 0.0
21 0.1 37 0.5675675675675675 0.0 0.4 29 0.7241379310344828 0.0 0.5 27 0.7777777777777778 0.0 0.6 26 0.8076923076923077 0.0 0.7 25 0.8 0.0 0.9 6 1.0 0.0
21 0.1 38 0.5526315789473685 0.0 0.4 32 0.65625 0.0 0.5 28 0.7142857142857143 0.0 0.6 25 0.8 0.0 0.7 25 0.8 0.0 0.9 2 1.0 0.0
21 0.1 38 0.5526315789473685 0.02631578947368421 0.4 29 0.7241379310344828 0.034482758620689655 0.5 27 0.7777777777777778 0.037037037037037035 0.6 25 0.8 0.04 0.7 25 0.8 0.04 0.9 3 1.0 0.0
21 0.1 32 0.65625 0.0625 0.4 25 0.8 0.08 0.5 24 0.8333333333333334 0.08333333333333333 0.6 24 0.8333333333333334 0.08333333333333333 0.7 23 0.8260869565217391 0.08695652173913043 0.9 2 1.0 0.0
21 0.1 33 0.6363636363636364 0.0 0.4 31 0.6774193548387096 0.0 0.5 27 0.7777777777777778 0.0 0.6 25 0.8 0.0 0.7 24 0.8333333333333334 0.0 0.9 5 1.0 0.0
21 0.1 34 0.6176470588235294 0.058823529411764705 0.4 30 0.7 0.06666666666666667 0.5 28 0.75 0.07142857142857142 0.6 26 0.7692307692307693 0.07692307692307693 0.7 26 0.7692307692307693 0.07692307692307693 0.9 5 1.0 0.2
21 0.1 33 0.6363636363636364 0.0 0.4 29 0.7241379310344828 0.0 0.5 25 0.76 0.0 0.6 24 0.7916666666666666 0.0 0.7 24 0.7916666666666666 0.0 0.9 3 1.0 0.0
21 0.1 30 0.6666666666666666 0.03333333333333333 0.4 24 0.75 0.041666666666666664 0.5 24 0.75 0.041666666666666664 0.6 22 0.7727272727272727 0.045454545454545456 0.7 20 0.85 0.05 0.9 6 1.0 0.0
21 0.1 31 0.6774193548387096 0.0 0.4 28 0.75 0.0 0.5 25 0.8 0.0 0.6 25 0.8 0.0 0.7 25 0.8 0.0 0.9 8 1.0 0.0
21 0.1 34 0.6176470588235294 0.058823529411764705 0.4 29 0.7241379310344828 0.06896551724137931 0.5 28 0.7142857142857143 0.07142857142857142 0.6 22 0.7727272727272727 0.09090909090909091 0.7 21 0.7619047619047619 0.09523809523809523 0.9 3 1.0 0.3333333333333333
21 0.1 35 0.6 0.0 0.4 27 0.7037037037037037 0.0 0.5 26 0.7307692307692307 0.0 0.6 25 0.72 0.0 0.7 23 0.782608695652174 0.0 0.9 2 1.0 0.0
21 0.1 36 0.5833333333333334 0.027777777777777776 0.4 27 0.7407407407407407 0.037037037037037035 0.5 27 0.7407407407407407 0.037037037037037035 0.6 25 0.76 0.04 0.7 23 0.8260869565217391 0.043478260869565216 0.9 1 1.0 0.0
21 0.1 35 0.6 0.02857142857142857 0.4 27 0.7407407407407407 0.037037037037037035 0.5 26 0.7307692307692307 0.038461538461538464 0.6 24 0.7916666666666666 0.041666666666666664 0.7 22 0.8181818181818182 0.045454545454545456 0.9 2 1.0 0.0
21 0.1 36 0.5833333333333334 0.05555555555555555 0.4 28 0.7142857142857143 0.07142857142857142 0.5 25 0.8 0.08 0.6 24 0.7916666666666666 0.08333333333333333 0.7 23 0.8260869565217391 0.08695652173913043 0.9 4 1.0 0.0
21 0.1 33 0.6363636363636364 0.0 0.4 27 0.7407407407407407 0.0 0.5 25 0.8 0.0 0.6 24 0.8333333333333334 0.0 0.7 22 0.8181818181818182 0.0 0.9 4 1.0 0.0
21 0.1 34 0.6176470588235294 0.058823529411764705 0.4 29 0.7241379310344828 0.06896551724137931 0.5 28 0.75 0.07142857142857142 0.6 27 0.7777777777777778 0.07407407407407407 0.7 25 0.8 0.08 0.9 7 1.0 0.14285714285714285
21 0.1 35 0.6 0.02857142857142857 0.4 27 0.7037037037037037 0.037037037037037035 0.5 25 0.72 0.04 0.6 24 0.75 0.041666666666666664 0.7 23 0.782608695652174 0.043478260869565216 0.9 6 1.0 0.0
21 0.1 36 0.5833333333333334 0.0 0.4 29 0.7241379310344828 0.0 0.5 28 0.7142857142857143 0.0 0.6 24 0.7916666666666666 0.0 0.7 22 0.8181818181818182 0.0 0.9 3 1.0 0.0
21 0.1 38 0.5263157894736842 0.0 0.4 27 0.7037037037037037 0.0 0.5 23 0.7391304347826086 0.0 0.6 20 0.8 0.0 0.7 19 0.8421052631578947 0.0 0.9 3 1.0 0.0
21 0.1 29 0.6206896551724138 0.0 0.4 20 0.8 0.0 0.5 19 0.8421052631578947 0.0 0.6 18 0.8333333333333334 0.0 0.7 18 0.8333333333333334 0.0 0.9 3 1.0 0.0
21 0.1 35 0.5714285714285714 0.0 0.4 24 0.75 0.0 0.5 24 0.75 0.0 0.6 22 0.8181818181818182 0.0 0.7 21 0.8571428571428571 0.0 0.9 5 1.0 0.0
21 0.1 37 0.5675675675675675 0.0 0.4 25 0.72 0.0 0.5 24 0.75 0.0 0.6 22 0.8181818181818182 0.0 0.7 20 0.85 0.0 0.9 4 1.0 0.0
21 0.1 37 0.5675675675675675 0.0 0.4 28 0.75 0.0 0.5 26 0.8076923076923077 0.0 0.6 25 0.8 0.0 0.7 22 0.7727272727272727 0.0 0.9 5 1.0 0.0
21 0.1 32 0.65625 0.0 0.4 23 0.7391304347826086 0.0 0.5 22 0.7727272727272727 0.0 0.6 22 0.7727272727272727 0.0 0.7 21 0.7619047619047619 0.0 0.9 4 1.0 0.0
21 0.1 32 0.625 0.0 0.4 26 0.7307692307692307 0.0 0.5 22 0.8181818181818182 0.0 0.6 21 0.8095238095238095 0.0 0.7 20 0.85 0.0 0.9 5 1.0 0.0
21 0.1 33 0.6060606060606061 0.0 0.4 26 0.7307692307692307 0.0 0.5 26 0.7307692307692307 0.0 0.6 25 0.76 0.0 0.7 23 0.782608695652174 0.0 0.9 6 1.0 0.0
21 0.1 31 0.6451612903225806 0.0 0.4 29 0.6896551724137931 0.0 0.5 27 0.7037037037037037 0.0 0.6 25 0.76 0.0 0.7 23 0.8260869565217391 0.0 0.9 6 1.0 0.0
21 0.1 32 0.625 0.0 0.4 28 0.7142857142857143 0.0 0.5 26 0.7307692307692307 0.0 0.6 23 0.782608695652174 0.0 0.7 21 0.8095238095238095 0.0 0.9 6 1.0 0.0
21 0.1 34 0.6176470588235294 0.0 0.4 30 0.7 0.0 0.5 29 0.7241379310344828 0.0 0.6 27 0.7407407407407407 0.0 0.7 26 0.7692307692307693 0.0 0.9 7 1.0 0.0
21 0.1 34 0.6176470588235294 0.0 0.4 27 0.7037037037037037 0.0 0.5 26 0.6923076923076923 0.0 0.6 24 0.75 0.0 0.7 23 0.7391304347826086 0.0 0.9 12 1.0 0.0
21 0.1 29 0.7241379310344828 0.0 0.4 29 0.7241379310344828 0.0 0.5 27 0.7777777777777778 0.0 0.6 26 0.7692307692307693 0.0 0.7 24 0.75 0.0 0.9 9 1.0 0.0
21 0.1 29 0.6896551724137931 0.034482758620689655 0.4 26 0.7307692307692307 0.038461538461538464 0.5 26 0.7307692307692307 0.038461538461538464 0.6 23 0.782608695652174 0.043478260869565216 0.7 22 0.7727272727272727 0.045454545454545456 0.9 7 1.0 0.14285714285714285
21 0.1 34 0.6176470588235294 0.0 0.4 26 0.7692307692307693 0.0 0.5 25 0.76 0.0 0.6 24 0.75 0.0 0.7 23 0.7391304347826086 0.0 0.9 5 1.0 0.0
21 0.1 37 0.5675675675675675 0.02702702702702703 0.4 28 0.7142857142857143 0.03571428571428571 0.5 27 0.7407407407407407 0.037037037037037035 0.6 26 0.7692307692307693 0.038461538461538464 0.7 25 0.76 0.04 0.9 3 1.0 0.0
21 0.1 37 0.5675675675675675 0.0 0.4 30 0.7 0.0 0.5 28 0.75 0.0 0.6 27 0.7777777777777778 0.0 0.7 25 0.76 0.0 0.9 4 1.0 0.0
21 0.1 34 0.6176470588235294 0.0 0.4 30 0.7 0.0 0.5 27 0.7777777777777778 0.0 0.6 25 0.8 0.0 0.7 23 0.782608695652174 0.0 0.9 4 1.0 0.0
21 0.1 34 0.6176470588235294 0.0 0.4 28 0.7142857142857143 0.0 0.5 25 0.76 0.0 0.6 25 0.76 0.0 0.7 23 0.782608695652174 0.0 0.9 4 1.0 0.0
21 0.1 33 0.6363636363636364 0.0 0.4 29 0.7241379310344828 0.0 0.5 25 0.76 0.0 0.6 24 0.75 0.0 0.7 23 0.782608695652174 0.0 0.9 8 1.0 0.0
21 0.1 33 0.6363636363636364 0.0 0.4 29 0.7241379310344828 0.0 0.5 26 0.8076923076923077 0.0 0.6 24 0.7916666666666666 0.0 0.7 23 0.782608695652174 0.0 0.9 6 1.0 0.0
21 0.1 32 0.625 0.0 0.4 25 0.72 0.0 0.5 22 0.7727272727272727 0.0 0.6 22 0.7727272727272727 0.0 0.7 21 0.7619047619047619 0.0 0.9 5 1.0 0.0
21 0.1 35 0.6 0.0 0.4 28 0.75 0.0 0.5 26 0.7692307692307693 0.0 0.6 23 0.782608695652174 0.0 0.7 23 0.782608695652174 0.0 0.9 6 1.0 0.0
21 0.1 28 0.6071428571428571 0.0 0.4 23 0.6956521739130435 0.0 0.5 22 0.7272727272727273 0.0 0.6 21 0.7619047619047619 0.0 0.7 21 0.7619047619047619 0.0 0.9 3 1.0 0.0
21 0.1 32 0.625 0.03125 0.4 23 0.6956521739130435 0.043478260869565216 0.5 23 0.6956521739130435 0.043478260869565216 0.6 21 0.7619047619047619 0.047619047619047616 0.7 20 0.8 0.05 0.9 2 1.0 0.0
21 0.1 31 0.6129032258064516 0.03225806451612903 0.4 25 0.68 0.04 0.5 22 0.7272727272727273 0.045454545454545456 0.6 20 0.8 0.05 0.7 20 0.8 0.05 0.9 5 1.0 0.0
21 0.1 33 0.6060606060606061 0.0 0.4 25 0.72 0.0 0.5 22 0.8181818181818182 0.0 0.6 22 0.8181818181818182 0.0 0.7 20 0.8 0.0 0.9 9 1.0 0.0
21 0.1 32 0.625 0.0 0.4 25 0.76 0.0 0.5 24 0.7916666666666666 0.0 0.6 22 0.7727272727272727 0.0 0.7 21 0.7619047619047619 0.0 0.9 8 1.0 0.0
21 0.1 28 0.6785714285714286 0.07142857142857142 0.4 24 0.75 0.08333333333333333 0.5 22 0.7727272727272727 0.09090909090909091 0.6 22 0.7727272727272727 0.09090909090909091 0.7 21 0.7619047619047619 0.09523809523809523 0.9 5 1.0 0.2
21 0.1 31 0.6129032258064516 0.0 0.4 23 0.6956521739130435 0.0 0.5 20 0.8 0.0 0.6 20 0.8 0.0 0.7 20 0.8 0.0 0.9 3 1.0 0.0
21 0.1 35 0.6 0.0 0.4 27 0.7407407407407407 0.0 0.5 25 0.76 0.0 0.6 25 0.76 0.0 0.7 22 0.7727272727272727 0.0 0.9 6 1.0 0.0
21 0.1 34 0.6176470588235294 0.0 0.4 27 0.7777777777777778 0.0 0.5 26 0.7692307692307693 0.0 0.6 24 0.75 0.0 0.7 22 0.7727272727272727 0.0 0.9 4 1.0 0.0
21 0.1 34 0.5882352941176471 0.029411764705882353 0.4 26 0.7692307692307693 0.038461538461538464 0.5 23 0.782608695652174 0.043478260869565216 0.6 21 0.7619047619047619 0.047619047619047616 0.7 20 0.8 0.05 0.9 7 1.0 0.0
21 0.1 31 0.6451612903225806 0.0 0.4 23 0.7391304347826086 0.0 0.5 22 0.7727272727272727 0.0 0.6 22 0.7727272727272727 0.0 0.7 20 0.8 0.0 0.9 1 1.0 0.0
21 0.1 27 0.5925925925925926 0.0 0.4 20 0.75 0.0 0.5 20 0.75 0.0 0.6 20 0.75 0.0 0.7 19 0.7894736842105263 0.0 0.9 3 1.0 0.0
