15 0.1 0 1 1 0.4 0 1 1 0.5 0 1 1 0.6 0 1 1 0.7 0 1 1 0.9 0 1 1
15 0.1 0 1 1 0.4 0 1 1 0.5 0 1 1 0.6 0 1 1 0.7 0 1 1 0.9 0 1 1
15 0.1 0 1 1 0.4 0 1 1 0.5 0 1 1 0.6 0 1 1 0.7 0 1 1 0.9 0 1 1
15 0.1 21 0.09523809523809523 0.0 0.4 0 1 1 0.5 0 1 1 0.6 0 1 1 0.7 0 1 1 0.9 0 1 1
15 0.1 83 0.07228915662650602 0.0 0.4 3 0.0 0.0 0.5 2 0.0 0.0 0.6 0 1 1 0.7 0 1 1 0.9 0 1 1
15 0.1 108 0.08333333333333333 0.0 0.4 4 0.0 0.0 0.5 3 0.0 0.0 0.6 2 0.0 0.0 0.7 0 1 1 0.9 0 1 1
15 0.1 73 0.0958904109589041 0.0 0.4 3 0.6666666666666666 0.0 0.5 0 1 1 0.6 0 1 1 0.7 0 1 1 0.9 0 1 1
15 0.1 276 0.05434782608695652 0.0 0.4 44 0.18181818181818182 0.0 0.5 17 0.17647058823529413 0.0 0.6 5 0.2 0.0 0.7 2 0.0 0.0 0.9 0 1 1
15 0.1 191 0.07853403141361257 0.0 0.4 49 0.24489795918367346 0.0 0.5 23 0.4782608695652174 0.0 0.6 3 1.0 0.0 0.7 0 1 1 0.9 0 1 1
15 0.1 194 0.07731958762886598 0.0 0.4 45 0.24444444444444444 0.0 0.5 17 0.47058823529411764 0.0 0.6 6 0.5 0.0 0.7 0 1 1 0.9 0 1 1
15 0.1 102 0.12745098039215685 0.0 0.4 19 0.3684210526315789 0.0 0.5 6 0.5 0.0 0.6 2 0.0 0.0 0.7 0 1 1 0.9 0 1 1
15 0.1 91 0.14285714285714285 0.0 0.4 23 0.21739130434782608 0.0 0.5 9 0.3333333333333333 0.0 0.6 1 1.0 0.0 0.7 0 1 1 0.9 0 1 1
15 0.1 45 0.28888888888888886 0.0 0.4 6 0.6666666666666666 0.0 0.5 1 1.0 0.0 0.6 0 1 1 0.7 0 1 1 0.9 0 1 1
15 0.1 123 0.11382113821138211 0.0 0.4 20 0.4 0.0 0.5 5 0.4 0.0 0.6 1 1.0 0.0 0.7 0 1 1 0.9 0 1 1
15 0.1 81 0.16049382716049382 0.0 0.4 11 0.5454545454545454 0.0 0.5 4 0.5 0.0 0.6 1 1.0 0.0 0.7 0 1 1 0.9 0 1 1
15 0.1 64 0.21875 0.0 0.4 13 0.6153846153846154 0.0 0.5 8 0.5 0.0 0.6 3 0.6666666666666666 0.0 0.7 0 1 1 0.9 0 1 1
15 0.1 80 0.175 0.0 0.4 14 0.42857142857142855 0.0 0.5 2 1.0 0.0 0.6 0 1 1 0.7 0 1 1 0.9 0 1 1
15 0.1 47 0.2127659574468085 0.0 0.4 14 0.35714285714285715 0.0 0.5 9 0.5555555555555556 0.0 0.6 3 1.0 0.0 0.7 0 1 1 0.9 0 1 1
15 0.1 31 0.3225806451612903 0.0 0.4 7 0.8571428571428571 0.0 0.5 5 1.0 0.0 0.6 3 1.0 0.0 0.7 2 1.0 0.0 0.9 0 1 1
15 0.1 57 0.22807017543859648 0.0 0.4 9 0.4444444444444444 0.0 0.5 5 0.6 0.0 0.6 2 1.0 0.0 0.7 0 1 1 0.9 0 1 1
15 0.1 59 0.23728813559322035 0.0 0.4 19 0.47368421052631576 0.0 0.5 8 0.625 0.0 0.6 6 0.6666666666666666 0.0 0.7 2 1.0 0.0 0.9 0 1 1
15 0.1 33 0.3939393939393939 0.0 0.4 12 0.5 0.0 0.5 11 0.5454545454545454 0.0 0.6 5 0.6 0.0 0.7 1 1.0 0.0 0.9 0 1 1
15 0.1 22 0.4090909090909091 0.0 0.4 9 0.6666666666666666 0.0 0.5 5 0.8 0.0 0.6 4 1.0 0.0 0.7 0 1 1 0.9 0 1 1
15 0.1 33 0.42424242424242425 0.0 0.4 11 0.6363636363636364 0.0 0.5 5 0.8 0.0 0.6 4 0.75 0.0 0.7 1 1.0 0.0 0.9 0 1 1
15 0.1 38 0.34210526315789475 0.0 0.4 17 0.5882352941176471 0.0 0.5 9 0.7777777777777778 0.0 0.6 6 0.6666666666666666 0.0 0.7 2 1.0 0.0 0.9 0 1 1
15 0.1 31 0.41935483870967744 0.0 0.4 15 0.6666666666666666 0.0 0.5 13 0.6923076923076923 0.0 0.6 7 1.0 0.0 0.7 5 1.0 0.0 0.9 0 1 1
15 0.1 20 0.55 0.0 0.4 10 0.7 0.0 0.5 5 0.8 0.0 0.6 3 1.0 0.0 0.7 2 1.0 0.0 0.9 0 1 1
15 0.1 22 0.5 0.0 0.4 6 1.0 0.0 0.5 4 1.0 0.0 0.6 1 1.0 0.0 0.7 0 1 1 0.9 0 1 1
15 0.1 21 0.3333333333333333 0.047619047619047616 0.4 4 1.0 0.0 0.5 2 1.0 0.0 0.6 1 1.0 0.0 0.7 1 1.0 0.0 0.9 0 1 1
15 0.1 6 0.16666666666666666 0.0 0.4 3 0.3333333333333333 0.0 0.5 2 0.5 0.0 0.6 0 1 1 0.7 0 1 1 0.9 0 1 1
15 0.1 13 0.6923076923076923 0.0 0.4 5 1.0 0.0 0.5 3 1.0 0.0 0.6 2 1.0 0.0 0.7 2 1.0 0.0 0.9 0 1 1
15 0.1 47 0.19148936170212766 0.0 0.4 2 0.5 0.0 0.5 1 1.0 0.0 0.6 0 1 1 0.7 0 1 1 0.9 0 1 1
15 0.1 36 0.3333333333333333 0.0 0.4 9 0.4444444444444444 0.0 0.5 5 0.6 0.0 0.6 4 0.75 0.0 0.7 2 1.0 0.0 0.9 0 1 1
15 0.1 36 0.2777777777777778 0.0 0.4 8 0.5 0.0 0.5 4 0.75 0.0 0.6 1 1.0 0.0 0.7 0 1 1 0.9 0 1 1
15 0.1 17 0.47058823529411764 0.0 0.4 6 0.5 0.0 0.5 3 0.3333333333333333 0.0 0.6 2 0.5 0.0 0.7 0 1 1 0.9 0 1 1
15 0.1 12 0.5 0.0 0.4 4 1.0 0.0 0.5 4 1.0 0.0 0.6 2 1.0 0.0 0.7 1 1.0 0.0 0.9 0 1 1
15 0.1 16 0.625 0.0 0.4 6 0.8333333333333334 0.0 0.5 4 1.0 0.0 0.6 3 1.0 0.0 0.7 1 1.0 0.0 0.9 0 1 1
15 0.1 22 0.4090909090909091 0.0 0.4 1 1.0 0.0 0.5 1 1.0 0.0 0.6 0 1 1 0.7 0 1 1 0.9 0 1 1
15 0.1 18 0.5555555555555556 0.0 0.4 4 1.0 0.0 0.5 3 1.0 0.0 0.6 0 1 1 0.7 0 1 1 0.9 0 1 1
15 0.1 14 0.5714285714285714 0.0 0.4 4 0.75 0.0 0.5 2 1.0 0.0 0.6 1 1.0 0.0 0.7 0 1 1 0.9 0 1 1
15 0.1 0 1 1 0.4 0 1 1 0.5 0 1 1 0.6 0 1 1 0.7 0 1 1 0.9 0 1 1
15 0.1 20 0.3 0.0 0.4 5 0.8 0.0 0.5 2 1.0 0.0 0.6 1 1.0 0.0 0.7 0 1 1 0.9 0 1 1
15 0.1 0 1 1 0.4 0 1 1 0.5 0 1 1 0.6 0 1 1 0.7 0 1 1 0.9 0 1 1
15 0.1 0 1 1 0.4 0 1 1 0.5 0 1 1 0.6 0 1 1 0.7 0 1 1 0.9 0 1 1
15 0.1 0 1 1 0.4 0 1 1 0.5 0 1 1 0.6 0 1 1 0.7 0 1 1 0.9 0 1 1
15 0.1 0 1 1 0.4 0 1 1 0.5 0 1 1 0.6 0 1 1 0.7 0 1 1 0.9 0 1 1
15 0.1 0 1 1 0.4 0 1 1 0.5 0 1 1 0.6 0 1 1 0.7 0 1 1 0.9 0 1 1
15 0.1 0 1 1 0.4 0 1 1 0.5 0 1 1 0.6 0 1 1 0.7 0 1 1 0.9 0 1 1
15 0.1 0 1 1 0.4 0 1 1 0.5 0 1 1 0.6 0 1 1 0.7 0 1 1 0.9 0 1 1
15 0.1 0 1 1 0.4 0 1 1 0.5 0 1 1 0.6 0 1 1 0.7 0 1 1 0.9 0 1 1
15 0.1 0 1 1 0.4 0 1 1 0.5 0 1 1 0.6 0 1 1 0.7 0 1 1 0.9 0 1 1
15 0.1 1 0.0 0.0 0.4 0 1 1 0.5 0 1 1 0.6 0 1 1 0.7 0 1 1 0.9 0 1 1
15 0.1 0 1 1 0.4 0 1 1 0.5 0 1 1 0.6 0 1 1 0.7 0 1 1 0.9 0 1 1
15 0.1 0 1 1 0.4 0 1 1 0.5 0 1 1 0.6 0 1 1 0.7 0 1 1 0.9 0 1 1
15 0.1 0 1 1 0.4 0 1 1 0.5 0 1 1 0.6 0 1 1 0.7 0 1 1 0.9 0 1 1
15 0.1 0 1 1 0.4 0 1 1 0.5 0 1 1 0.6 0 1 1 0.7 0 1 1 0.9 0 1 1
15 0.1 0 1 1 0.4 0 1 1 0.5 0 1 1 0.6 0 1 1 0.7 0 1 1 0.9 0 1 1
15 0.1 2 0.0 0.0 0.4 0 1 1 0.5 0 1 1 0.6 0 1 1 0.7 0 1 1 0.9 0 1 1
15 0.1 0 1 1 0.4 0 1 1 0.5 0 1 1 0.6 0 1 1 0.7 0 1 1 0.9 0 1 1
15 0.1 5 0.6 0.0 0.4 1 1.0 0.0 0.5 0 1 1 0.6 0 1 1 0.7 0 1 1 0.9 0 1 1
15 0.1 6 0.6666666666666666 0.0 0.4 1 1.0 0.0 0.5 0 1 1 0.6 0 1 1 0.7 0 1 1 0.9 0 1 1
15 0.1 6 0.5 0.0 0.4 2 0.5 0.0 0.5 0 1 1 0.6 0 1 1 0.7 0 1 1 0.9 0 1 1
15 0.1 9 0.6666666666666666 0.0 0.4 1 1.0 0.0 0.5 1 1.0 0.0 0.6 1 1.0 0.0 0.7 0 1 1 0.9 0 1 1
15 0.1 12 0.75 0.0 0.4 4 1.0 0.0 0.5 1 1.0 0.0 0.6 0 1 1 0.7 0 1 1 0.9 0 1 1
15 0.1 3 1.0 0.0 0.4 1 1.0 0.0 0.5 1 1.0 0.0 0.6 0 1 1 0.7 0 1 1 0.9 0 1 1
15 0.1 13 0.7692307692307693 0.0 0.4 2 1.0 0.0 0.5 2 1.0 0.0 0.6 1 1.0 0.0 0.7 1 1.0 0.0 0.9 0 1 1
15 0.1 9 0.6666666666666666 0.0 0.4 1 1.0 0.0 0.5 1 1.0 0.0 0.6 1 1.0 0.0 0.7 1 1.0 0.0 0.9 0 1 1
15 0.1 6 0.5 0.0 0.4 2 1.0 0.0 0.5 1 1.0 0.0 0.6 0 1 1 0.7 0 1 1 0.9 0 1 1
15 0.1 19 0.5789473684210527 0.0 0.4 7 0.7142857142857143 0.0 0.5 5 0.8 0.0 0.6 3 1.0 0.0 0.7 1 1.0 0.0 0.9 0 1 1
15 0.1 20 0.5 0.0 0.4 9 0.7777777777777778 0.0 0.5 5 0.6 0.0 0.6 2 1.0 0.0 0.7 2 1.0 0.0 0.9 0 1 1
15 0.1 19 0.5263157894736842 0.0 0.4 4 1.0 0.0 0.5 4 1.0 0.0 0.6 4 1.0 0.0 0.7 2 1.0 0.0 0.9 0 1 1
15 0.1 7 0.2857142857142857 0.0 0.4 2 0.5 0.0 0.5 1 1.0 0.0 0.6 1 1.0 0.0 0.7 0 1 1 0.9 0 1 1
15 0.1 14 0.7857142857142857 0.0 0.4 5 1.0 0.0 0.5 2 1.0 0.0 0.6 2 1.0 0.0 0.7 2 1.0 0.0 0.9 0 1 1
15 0.1 9 0.7777777777777778 0.0 0.4 3 1.0 0.0 0.5 3 1.0 0.0 0.6 2 1.0 0.0 0.7 1 1.0 0.0 0.9 0 1 1
15 0.1 16 0.6875 0.0 0.4 5 0.8 0.0 0.5 4 1.0 0.0 0.6 3 1.0 0.0 0.7 1 1.0 0.0 0.9 0 1 1
15 0.1 16 0.625 0.0 0.4 8 0.875 0.0 0.5 7 0.8571428571428571 0.0 0.6 5 1.0 0.0 0.7 2 1.0 0.0 0.9 0 1 1
15 0.1 40 0.35 0.0 0.4 14 0.6428571428571429 0.0 0.5 7 0.8571428571428571 0.0 0.6 5 0.8 0.0 0.7 3 1.0 0.0 0.9 0 1 1
15 0.1 11 0.7272727272727273 0.0 0.4 4 0.75 0.0 0.5 3 1.0 0.0 0.6 2 1.0 0.0 0.7 1 1.0 0.0 0.9 0 1 1
15 0.1 16 0.625 0.0 0.4 8 0.75 0.0 0.5 4 1.0 0.0 0.6 2 1.0 0.0 0.7 1 1.0 0.0 0.9 0 1 1
15 0.1 14 0.6428571428571429 0.0 0.4 6 0.8333333333333334 0.0 0.5 3 0.6666666666666666 0.0 0.6 1 1.0 0.0 0.7 1 1.0 0.0 0.9 0 1 1
15 0.1 14 0.6428571428571429 0.0 0.4 8 0.75 0.0 0.5 5 1.0 0.0 0.6 5 1.0 0.0 0.7 4 1.0 0.0 0.9 0 1 1
15 0.1 19 0.5263157894736842 0.05263157894736842 0.4 8 0.875 0.125 0.5 6 1.0 0.16666666666666666 0.6 5 1.0 0.0 0.7 3 1.0 0.0 0.9 0 1 1
15 0.1 15 0.6666666666666666 0.0 0.4 7 1.0 0.0 0.5 6 1.0 0.0 0.6 4 1.0 0.0 0.7 3 1.0 0.0 0.9 0 1 1
15 0.1 17 0.5882352941176471 0.0 0.4 8 0.875 0.0 0.5 8 0.875 0.0 0.6 7 0.8571428571428571 0.0 0.7 3 1.0 0.0 0.9 0 1 1
15 0.1 18 0.6111111111111112 0.0 0.4 10 0.8 0.0 0.5 8 0.875 0.0 0.6 6 1.0 0.0 0.7 5 1.0 0.0 0.9 0 1 1
15 0.1 12 0.6666666666666666 0.0 0.4 7 0.8571428571428571 0.0 0.5 6 1.0 0.0 0.6 3 1.0 0.0 0.7 1 1.0 0.0 0.9 0 1 1
15 0.1 25 0.48 0.0 0.4 10 0.8 0.0 0.5 8 0.75 0.0 0.6 6 1.0 0.0 0.7 4 1.0 0.0 0.9 0 1 1
15 0.1 13 0.46153846153846156 0.0 0.4 4 1.0 0.0 0.5 4 1.0 0.0 0.6 2 1.0 0.0 0.7 1 1.0 0.0 0.9 0 1 1
15 0.1 9 0.7777777777777778 0.0 0.4 2 1.0 0.0 0.5 1 1.0 0.0 0.6 1 1.0 0.0 0.7 1 1.0 0.0 0.9 0 1 1
15 0.1 15 0.6666666666666666 0.0 0.4 9 0.7777777777777778 0.0 0.5 5 1.0 0.0 0.6 3 1.0 0.0 0.7 2 1.0 0.0 0.9 0 1 1
15 0.1 13 0.6923076923076923 0.0 0.4 7 0.8571428571428571 0.0 0.5 5 1.0 0.0 0.6 2 1.0 0.0 0.7 1 1.0 0.0 0.9 0 1 1
15 0.1 23 0.5217391304347826 0.0 0.4 12 0.6666666666666666 0.0 0.5 10 0.8 0.0 0.6 9 0.7777777777777778 0.0 0.7 7 0.8571428571428571 0.0 0.9 0 1 1
15 0.1 21 0.5238095238095238 0.0 0.4 10 0.8 0.0 0.5 7 1.0 0.0 0.6 5 1.0 0.0 0.7 4 1.0 0.0 0.9 0 1 1
15 0.1 12 0.8333333333333334 0.08333333333333333 0.4 9 0.7777777777777778 0.1111111111111111 0.5 8 0.75 0.125 0.6 6 0.8333333333333334 0.16666666666666666 0.7 5 0.8 0.2 0.9 0 1 1
15 0.1 12 0.75 0.0 0.4 8 0.875 0.0 0.5 7 0.8571428571428571 0.0 0.6 5 0.8 0.0 0.7 2 1.0 0.0 0.9 0 1 1
15 0.1 13 0.5384615384615384 0.0 0.4 5 1.0 0.0 0.5 5 1.0 0.0 0.6 5 1.0 0.0 0.7 2 1.0 0.0 0.9 0 1 1
15 0.1 16 0.625 0.0 0.4 6 0.8333333333333334 0.0 0.5 5 1.0 0.0 0.6 4 1.0 0.0 0.7 2 1.0 0.0 0.9 0 1 1
15 0.1 13 0.6153846153846154 0.07692307692307693 0.4 8 0.75 0.125 0.5 7 0.7142857142857143 0.14285714285714285 0.6 6 0.8333333333333334 0.16666666666666666 0.7 5 1.0 0.2 0.9 0 1 1
15 0.1 18 0.6666666666666666 0.1111111111111111 0.4 10 0.7 0.1 0.5 8 0.875 0.125 0.6 6 0.8333333333333334 0.0 0.7 5 1.0 0.0 0.9 0 1 1
15 0.1 21 0.42857142857142855 0.0 0.4 7 1.0 0.0 0.5 5 1.0 0.0 0.6 4 1.0 0.0 0.7 4 1.0 0.0 0.9 0 1 1
15 0.1 14 0.6428571428571429 0.0 0.4 6 0.8333333333333334 0.0 0.5 4 1.0 0.0 0.6 2 1.0 0.0 0.7 1 1.0 0.0 0.9 0 1 1
15 0.1 18 0.6111111111111112 0.0 0.4 12 0.75 0.0 0.5 11 0.7272727272727273 0.0 0.6 5 0.8 0.0 0.7 3 0.6666666666666666 0.0 0.9 0 1 1
15 0.1 9 0.8888888888888888 0.0 0.4 5 1.0 0.0 0.5 3 1.0 0.0 0.6 2 1.0 0.0 0.7 1 1.0 0.0 0.9 0 1 1
15 0.1 9 0.7777777777777778 0.0 0.4 6 0.8333333333333334 0.0 0.5 6 0.8333333333333334 0.0 0.6 3 0.6666666666666666 0.0 0.7 3 0.6666666666666666 0.0 0.9 0 1 1
15 0.1 18 0.5 0.0 0.4 10 0.8 0.0 0.5 8 0.75 0.0 0.6 6 0.8333333333333334 0.0 0.7 5 1.0 0.0 0.9 0 1 1
15 0.1 10 0.7 0.0 0.4 8 0.75 0.0 0.5 8 0.75 0.0 0.6 8 0.75 0.0 0.7 1 1.0 0.0 0.9 0 1 1
15 0.1 16 0.625 0.0 0.4 12 0.75 0.0 0.5 12 0.75 0.0 0.6 10 0.7 0.0 0.7 5 0.8 0.0 0.9 0 1 1
15 0.1 11 0.7272727272727273 0.0 0.4 8 0.75 0.0 0.5 7 0.7142857142857143 0.0 0.6 7 0.7142857142857143 0.0 0.7 3 1.0 0.0 0.9 0 1 1
15 0.1 9 0.8888888888888888 0.0 0.4 3 1.0 0.0 0.5 2 1.0 0.0 0.6 2 1.0 0.0 0.7 1 1.0 0.0 0.9 0 1 1
15 0.1 4 0.75 0.0 0.4 1 1.0 0.0 0.5 1 1.0 0.0 0.6 1 1.0 0.0 0.7 1 1.0 0.0 0.9 0 1 1
15 0.1 12 0.5833333333333334 0.0 0.4 5 0.8 0.0 0.5 5 0.8 0.0 0.6 4 0.75 0.0 0.7 1 1.0 0.0 0.9 0 1 1
15 0.1 13 0.6923076923076923 0.0 0.4 6 0.8333333333333334 0.0 0.5 5 0.8 0.0 0.6 2 1.0 0.0 0.7 1 1.0 0.0 0.9 0 1 1
15 0.1 13 0.7692307692307693 0.0 0.4 8 0.75 0.0 0.5 6 0.8333333333333334 0.0 0.6 5 0.8 0.0 0.7 3 1.0 0.0 0.9 0 1 1
15 0.1 11 0.7272727272727273 0.0 0.4 7 0.8571428571428571 0.0 0.5 6 1.0 0.0 0.6 3 1.0 0.0 0.7 3 1.0 0.0 0.9 1 1.0 0.0
15 0.1 10 0.7 0.0 0.4 8 0.75 0.0 0.5 7 0.8571428571428571 0.0 0.6 6 0.8333333333333334 0.0 0.7 2 1.0 0.0 0.9 0 1 1
15 0.1 17 0.5294117647058824 0.17647058823529413 0.4 10 0.8 0.3 0.5 10 0.8 0.3 0.6 9 0.7777777777777778 0.2222222222222222 0.7 6 0.8333333333333334 0.3333333333333333 0.9 0 1 1
15 0.1 10 0.8 0.0 0.4 6 0.8333333333333334 0.0 0.5 4 1.0 0.0 0.6 2 1.0 0.0 0.7 2 1.0 0.0 0.9 0 1 1
15 0.1 10 0.7 0.0 0.4 5 0.8 0.0 0.5 4 1.0 0.0 0.6 3 1.0 0.0 0.7 2 1.0 0.0 0.9 0 1 1
15 0.1 16 0.5 0.0 0.4 7 0.8571428571428571 0.0 0.5 6 0.8333333333333334 0.0 0.6 4 1.0 0.0 0.7 3 1.0 0.0 0.9 1 1.0 0.0
15 0.1 13 0.6923076923076923 0.15384615384615385 0.4 8 0.75 0.25 0.5 8 0.75 0.25 0.6 6 0.8333333333333334 0.3333333333333333 0.7 5 1.0 0.4 0.9 1 1.0 0.0
15 0.1 15 0.7333333333333333 0.06666666666666667 0.4 8 0.875 0.125 0.5 6 1.0 0.16666666666666666 0.6 5 1.0 0.2 0.7 4 1.0 0.25 0.9 0 1 1
15 0.1 9 0.7777777777777778 0.0 0.4 5 0.8 0.0 0.5 4 1.0 0.0 0.6 3 1.0 0.0 0.7 2 1.0 0.0 0.9 0 1 1
15 0.1 11 0.6363636363636364 0.09090909090909091 0.4 8 0.75 0.125 0.5 7 0.8571428571428571 0.14285714285714285 0.6 7 0.8571428571428571 0.14285714285714285 0.7 5 1.0 0.2 0.9 1 1.0 1.0
15 0.1 16 0.625 0.0625 0.4 12 0.6666666666666666 0.08333333333333333 0.5 10 0.7 0.0 0.6 7 0.8571428571428571 0.0 0.7 6 1.0 0.0 0.9 1 1.0 0.0
15 0.1 12 0.5833333333333334 0.0 0.4 7 0.8571428571428571 0.0 0.5 7 0.8571428571428571 0.0 0.6 5 1.0 0.0 0.7 5 1.0 0.0 0.9 0 1 1
15 0.1 8 0.75 0.0 0.4 3 1.0 0.0 0.5 3 1.0 0.0 0.6 2 1.0 0.0 0.7 2 1.0 0.0 0.9 0 1 1
15 0.1 8 0.75 0.0 0.4 3 1.0 0.0 0.5 3 1.0 0.0 0.6 3 1.0 0.0 0.7 2 1.0 0.0 0.9 0 1 1
15 0.1 11 0.6363636363636364 0.0 0.4 6 0.8333333333333334 0.0 0.5 6 0.8333333333333334 0.0 0.6 6 0.8333333333333334 0.0 0.7 2 1.0 0.0 0.9 0 1 1
15 0.1 9 0.6666666666666666 0.0 0.4 4 0.75 0.0 0.5 4 0.75 0.0 0.6 4 0.75 0.0 0.7 2 1.0 0.0 0.9 0 1 1
15 0.1 9 0.7777777777777778 0.1111111111111111 0.4 6 0.8333333333333334 0.16666666666666666 0.5 6 0.8333333333333334 0.16666666666666666 0.6 4 0.75 0.0 0.7 3 1.0 0.0 0.9 1 1.0 0.0
15 0.1 13 0.7692307692307693 0.0 0.4 9 0.7777777777777778 0.0 0.5 8 0.75 0.0 0.6 7 0.8571428571428571 0.0 0.7 7 0.8571428571428571 0.0 0.9 0 1 1
15 0.1 12 0.5833333333333334 0.0 0.4 8 0.75 0.0 0.5 8 0.75 0.0 0.6 6 0.8333333333333334 0.0 0.7 5 1.0 0.0 0.9 1 1.0 0.0
15 0.1 12 0.5833333333333334 0.0 0.4 7 0.8571428571428571 0.0 0.5 6 0.8333333333333334 0.0 0.6 6 0.8333333333333334 0.0 0.7 4 1.0 0.0 0.9 1 1.0 0.0
15 0.1 11 0.7272727272727273 0.0 0.4 7 0.8571428571428571 0.0 0.5 6 1.0 0.0 0.6 5 1.0 0.0 0.7 5 1.0 0.0 0.9 1 1.0 0.0
15 0.1 10 0.7 0.0 0.4 6 1.0 0.0 0.5 6 1.0 0.0 0.6 6 1.0 0.0 0.7 4 1.0 0.0 0.9 1 1.0 0.0
15 0.1 10 0.7 0.0 0.4 7 0.8571428571428571 0.0 0.5 6 0.8333333333333334 0.0 0.6 5 1.0 0.0 0.7 4 1.0 0.0 0.9 0 1 1
15 0.1 13 0.6923076923076923 0.0 0.4 7 0.8571428571428571 0.0 0.5 6 0.8333333333333334 0.0 0.6 6 0.8333333333333334 0.0 0.7 5 1.0 0.0 0.9 0 1 1
15 0.1 9 0.7777777777777778 0.0 0.4 7 0.8571428571428571 0.0 0.5 6 0.8333333333333334 0.0 0.6 6 0.8333333333333334 0.0 0.7 4 0.75 0.0 0.9 0 1 1
15 0.1 9 0.7777777777777778 0.0 0.4 3 1.0 0.0 0.5 3 1.0 0.0 0.6 3 1.0 0.0 0.7 2 1.0 0.0 0.9 0 1 1
15 0.1 12 0.75 0.08333333333333333 0.4 5 1.0 0.0 0.5 5 1.0 0.0 0.6 5 1.0 0.0 0.7 3 1.0 0.0 0.9 0 1 1
15 0.1 12 0.6666666666666666 0.0 0.4 8 0.75 0.0 0.5 6 0.8333333333333334 0.0 0.6 6 0.8333333333333334 0.0 0.7 5 0.8 0.0 0.9 0 1 1
15 0.1 10 0.8 0.0 0.4 8 0.75 0.0 0.5 7 0.7142857142857143 0.0 0.6 6 0.8333333333333334 0.0 0.7 3 1.0 0.0 0.9 1 1.0 0.0
15 0.1 7 0.8571428571428571 0.0 0.4 4 1.0 0.0 0.5 3 1.0 0.0 0.6 3 1.0 0.0 0.7 3 1.0 0.0 0.9 0 1 1
15 0.1 9 0.7777777777777778 0.0 0.4 3 1.0 0.0 0.5 3 1.0 0.0 0.6 3 1.0 0.0 0.7 3 1.0 0.0 0.9 0 1 1
15 0.1 8 0.875 0.0 0.4 3 1.0 0.0 0.5 3 1.0 0.0 0.6 3 1.0 0.0 0.7 3 1.0 0.0 0.9 0 1 1
15 0.1 9 0.7777777777777778 0.0 0.4 8 0.875 0.0 0.5 7 0.8571428571428571 0.0 0.6 6 1.0 0.0 0.7 4 1.0 0.0 0.9 0 1 1
15 0.1 11 0.6363636363636364 0.0 0.4 8 0.875 0.0 0.5 8 0.875 0.0 0.6 8 0.875 0.0 0.7 6 0.8333333333333334 0.0 0.9 0 1 1
15 0.1 11 0.6363636363636364 0.09090909090909091 0.4 8 0.75 0.125 0.5 6 0.8333333333333334 0.0 0.6 6 0.8333333333333334 0.0 0.7 6 0.8333333333333334 0.0 0.9 0 1 1
15 0.1 10 0.7 0.1 0.4 8 0.875 0.125 0.5 7 0.8571428571428571 0.0 0.6 7 0.8571428571428571 0.0 0.7 3 1.0 0.0 0.9 0 1 1
15 0.1 11 0.7272727272727273 0.0 0.4 8 0.75 0.0 0.5 7 0.8571428571428571 0.0 0.6 7 0.8571428571428571 0.0 0.7 5 1.0 0.0 0.9 0 1 1
15 0.1 12 0.6666666666666666 0.0 0.4 10 0.7 0.0 0.5 9 0.7777777777777778 0.0 0.6 8 0.75 0.0 0.7 6 1.0 0.0 0.9 0 1 1
15 0.1 13 0.6923076923076923 0.07692307692307693 0.4 8 0.875 0.125 0.5 8 0.875 0.125 0.6 7 0.8571428571428571 0.14285714285714285 0.7 7 0.8571428571428571 0.14285714285714285 0.9 1 1.0 0.0
15 0.1 12 0.75 0.0 0.4 8 0.875 0.0 0.5 8 0.875 0.0 0.6 7 0.8571428571428571 0.0 0.7 6 0.8333333333333334 0.0 0.9 2 1.0 0.0
15 0.1 10 0.8 0.0 0.4 8 0.875 0.0 0.5 8 0.875 0.0 0.6 7 0.8571428571428571 0.0 0.7 6 0.8333333333333334 0.0 0.9 1 1.0 0.0
15 0.1 9 0.8888888888888888 0.1111111111111111 0.4 7 0.8571428571428571 0.14285714285714285 0.5 5 1.0 0.2 0.6 4 1.0 0.25 0.7 4 1.0 0.25 0.9 0 1 1
15 0.1 12 0.75 0.0 0.4 8 0.875 0.0 0.5 7 0.8571428571428571 0.0 0.6 7 0.8571428571428571 0.0 0.7 7 0.8571428571428571 0.0 0.9 0 1 1
15 0.1 11 0.8181818181818182 0.09090909090909091 0.4 7 1.0 0.14285714285714285 0.5 6 1.0 0.16666666666666666 0.6 6 1.0 0.16666666666666666 0.7 6 1.0 0.16666666666666666 0.9 2 1.0 0.0
15 0.1 10 0.8 0.0 0.4 8 0.875 0.0 0.5 7 0.8571428571428571 0.0 0.6 6 1.0 0.0 0.7 5 1.0 0.0 0.9 2 1.0 0.0
15 0.1 8 0.875 0.0 0.4 6 1.0 0.0 0.5 4 1.0 0.0 0.6 3 1.0 0.0 0.7 3 1.0 0.0 0.9 0 1 1
15 0.1 15 0.5333333333333333 0.0 0.4 9 0.7777777777777778 0.0 0.5 8 0.875 0.0 0.6 6 0.8333333333333334 0.0 0.7 5 0.8 0.0 0.9 0 1 1
15 0.1 14 0.5714285714285714 0.07142857142857142 0.4 10 0.8 0.1 0.5 9 0.8888888888888888 0.1111111111111111 0.6 8 0.875 0.125 0.7 6 0.8333333333333334 0.16666666666666666 0.9 0 1 1
15 0.1 9 0.8888888888888888 0.0 0.4 7 0.8571428571428571 0.0 0.5 7 0.8571428571428571 0.0 0.6 5 0.8 0.0 0.7 4 1.0 0.0 0.9 0 1 1
15 0.1 10 0.7 0.0 0.4 7 0.8571428571428571 0.0 0.5 7 0.8571428571428571 0.0 0.6 7 0.8571428571428571 0.0 0.7 7 0.8571428571428571 0.0 0.9 0 1 1
15 0.1 9 0.8888888888888888 0.0 0.4 8 0.875 0.0 0.5 8 0.875 0.0 0.6 7 0.8571428571428571 0.0 0.7 5 1.0 0.0 0.9 0 1 1
15 0.1 12 0.8333333333333334 0.0 0.4 10 0.9 0.0 0.5 9 0.8888888888888888 0.0 0.6 8 1.0 0.0 0.7 8 1.0 0.0 0.9 0 1 1
15 0.1 14 0.8571428571428571 0.0 0.4 9 0.8888888888888888 0.0 0.5 8 0.875 0.0 0.6 7 0.8571428571428571 0.0 0.7 7 0.8571428571428571 0.0 0.9 0 1 1
15 0.1 14 0.6428571428571429 0.0 0.4 9 0.8888888888888888 0.0 0.5 7 0.8571428571428571 0.0 0.6 6 1.0 0.0 0.7 4 1.0 0.0 0.9 0 1 1
15 0.1 10 0.8 0.0 0.4 10 0.8 0.0 0.5 10 0.8 0.0 0.6 9 0.8888888888888888 0.0 0.7 6 1.0 0.0 0.9 0 1 1
15 0.1 12 0.6666666666666666 0.0 0.4 9 0.8888888888888888 0.0 0.5 8 0.875 0.0 0.6 8 0.875 0.0 0.7 8 0.875 0.0 0.9 0 1 1
15 0.1 10 0.7 0.0 0.4 7 0.8571428571428571 0.0 0.5 7 0.8571428571428571 0.0 0.6 7 0.8571428571428571 0.0 0.7 7 0.8571428571428571 0.0 0.9 1 1.0 0.0
15 0.1 10 0.8 0.0 0.4 8 0.875 0.0 0.5 7 0.8571428571428571 0.0 0.6 7 0.8571428571428571 0.0 0.7 6 0.8333333333333334 0.0 0.9 1 1.0 0.0
15 0.1 13 0.7692307692307693 0.0 0.4 9 0.7777777777777778 0.0 0.5 8 0.875 0.0 0.6 8 0.875 0.0 0.7 7 0.8571428571428571 0.0 0.9 1 1.0 0.0
15 0.1 9 0.7777777777777778 0.0 0.4 7 0.8571428571428571 0.0 0.5 7 0.8571428571428571 0.0 0.6 7 0.8571428571428571 0.0 0.7 6 0.8333333333333334 0.0 0.9 1 1.0 0.0
15 0.1 11 0.7272727272727273 0.0 0.4 11 0.7272727272727273 0.0 0.5 9 0.7777777777777778 0.0 0.6 8 0.875 0.0 0.7 8 0.875 0.0 0.9 2 1.0 0.0
15 0.1 11 0.6363636363636364 0.0 0.4 8 0.75 0.0 0.5 7 0.8571428571428571 0.0 0.6 7 0.8571428571428571 0.0 0.7 7 0.8571428571428571 0.0 0.9 2 1.0 0.0
15 0.1 10 0.7 0.0 0.4 8 0.875 0.0 0.5 8 0.875 0.0 0.6 8 0.875 0.0 0.7 8 0.875 0.0 0.9 2 1.0 0.0
15 0.1 12 0.8333333333333334 0.0 0.4 9 0.7777777777777778 0.0 0.5 8 0.75 0.0 0.6 8 0.75 0.0 0.7 7 0.8571428571428571 0.0 0.9 2 1.0 0.0
15 0.1 10 0.8 0.0 0.4 7 0.8571428571428571 0.0 0.5 7 0.8571428571428571 0.0 0.6 7 0.8571428571428571 0.0 0.7 7 0.8571428571428571 0.0 0.9 1 1.0 0.0
15 0.1 11 0.7272727272727273 0.0 0.4 8 0.75 0.0 0.5 8 0.75 0.0 0.6 8 0.75 0.0 0.7 7 0.8571428571428571 0.0 0.9 1 1.0 0.0
15 0.1 11 0.8181818181818182 0.0 0.4 9 0.7777777777777778 0.0 0.5 9 0.7777777777777778 0.0 0.6 7 0.8571428571428571 0.0 0.7 6 1.0 0.0 0.9 1 1.0 0.0
15 0.1 9 0.7777777777777778 0.0 0.4 9 0.7777777777777778 0.0 0.5 8 0.75 0.0 0.6 8 0.75 0.0 0.7 6 0.8333333333333334 0.0 0.9 0 1 1
15 0.1 10 0.8 0.0 0.4 9 0.7777777777777778 0.0 0.5 9 0.7777777777777778 0.0 0.6 7 0.8571428571428571 0.0 0.7 6 0.8333333333333334 0.0 0.9 0 1 1
15 0.1 13 0.6923076923076923 0.0 0.4 9 0.7777777777777778 0.0 0.5 9 0.7777777777777778 0.0 0.6 9 0.7777777777777778 0.0 0.7 8 0.75 0.0 0.9 0 1 1
15 0.1 12 0.75 0.0 0.4 10 0.7 0.0 0.5 8 0.75 0.0 0.6 8 0.75 0.0 0.7 6 0.8333333333333334 0.0 0.9 0 1 1
15 0.1 12 0.6666666666666666 0.0 0.4 10 0.7 0.0 0.5 10 0.7 0.0 0.6 10 0.7 0.0 0.7 7 0.8571428571428571 0.0 0.9 0 1 1
15 0.1 11 0.7272727272727273 0.09090909090909091 0.4 8 0.875 0.125 0.5 8 0.875 0.125 0.6 7 0.8571428571428571 0.0 0.7 5 1.0 0.0 0.9 0 1 1
15 0.1 9 0.7777777777777778 0.0 0.4 4 1.0 0.0 0.5 3 1.0 0.0 0.6 3 1.0 0.0 0.7 3 1.0 0.0 0.9 0 1 1
15 0.1 11 0.6363636363636364 0.0 0.4 10 0.7 0.0 0.5 8 0.75 0.0 0.6 8 0.75 0.0 0.7 8 0.75 0.0 0.9 0 1 1
15 0.1 10 0.8 0.0 0.4 9 0.7777777777777778 0.0 0.5 9 0.7777777777777778 0.0 0.6 8 0.75 0.0 0.7 7 0.8571428571428571 0.0 0.9 0 1 1
15 0.1 13 0.6923076923076923 0.0 0.4 11 0.8181818181818182 0.0 0.5 8 0.875 0.0 0.6 8 0.875 0.0 0.7 7 0.8571428571428571 0.0 0.9 1 1.0 0.0
15 0.1 10 0.7 0.0 0.4 9 0.7777777777777778 0.0 0.5 8 0.875 0.0 0.6 7 1.0 0.0 0.7 6 1.0 0.0 0.9 0 1 1
15 0.1 13 0.6923076923076923 0.0 0.4 10 0.9 0.0 0.5 8 0.875 0.0 0.6 8 0.875 0.0 0.7 7 0.8571428571428571 0.0 0.9 1 1.0 0.0
15 0.1 11 0.6363636363636364 0.0 0.4 7 0.8571428571428571 0.0 0.5 7 0.8571428571428571 0.0 0.6 7 0.8571428571428571 0.0 0.7 5 1.0 0.0 0.9 2 1.0 0.0
15 0.1 9 0.6666666666666666 0.0 0.4 7 0.8571428571428571 0.0 0.5 7 0.8571428571428571 0.0 0.6 7 0.8571428571428571 0.0 0.7 6 1.0 0.0 0.9 1 1.0 0.0
15 0.1 10 0.7 0.0 0.4 6 1.0 0.0 0.5 6 1.0 0.0 0.6 6 1.0 0.0 0.7 5 1.0 0.0 0.9 0 1 1
15 0.1 14 0.5714285714285714 0.0 0.4 10 0.7 0.0 0.5 8 0.75 0.0 0.6 7 0.8571428571428571 0.0 0.7 7 0.8571428571428571 0.0 0.9 1 1.0 0.0
15 0.1 11 0.6363636363636364 0.0 0.4 8 0.875 0.0 0.5 8 0.875 0.0 0.6 8 0.875 0.0 0.7 7 1.0 0.0 0.9 1 1.0 0.0
15 0.1 11 0.7272727272727273 0.0 0.4 9 0.8888888888888888 0.0 0.5 7 0.8571428571428571 0.0 0.6 7 0.8571428571428571 0.0 0.7 6 0.8333333333333334 0.0 0.9 0 1 1
15 0.1 10 0.7 0.1 0.4 7 0.8571428571428571 0.14285714285714285 0.5 7 0.8571428571428571 0.14285714285714285 0.6 7 0.8571428571428571 0.14285714285714285 0.7 5 1.0 0.2 0.9 0 1 1
15 0.1 10 0.7 0.0 0.4 8 0.75 0.0 0.5 8 0.75 0.0 0.6 8 0.75 0.0 0.7 8 0.75 0.0 0.9 1 1.0 0.0
15 0.1 12 0.6666666666666666 0.0 0.4 10 0.7 0.0 0.5 10 0.7 0.0 0.6 9 0.7777777777777778 0.0 0.7 9 0.7777777777777778 0.0 0.9 1 1.0 0.0
15 0.1 11 0.8181818181818182 0.0 0.4 10 0.8 0.0 0.5 9 0.7777777777777778 0.0 0.6 9 0.7777777777777778 0.0 0.7 7 0.8571428571428571 0.0 0.9 0 1 1
15 0.1 12 0.8333333333333334 0.0 0.4 10 0.8 0.0 0.5 9 0.7777777777777778 0.0 0.6 7 0.8571428571428571 0.0 0.7 6 0.8333333333333334 0.0 0.9 0 1 1
15 0.1 13 0.6923076923076923 0.0 0.4 9 0.7777777777777778 0.0 0.5 9 0.7777777777777778 0.0 0.6 9 0.7777777777777778 0.0 0.7 8 0.75 0.0 0.9 0 1 1
15 0.1 11 0.7272727272727273 0.0 0.4 8 0.75 0.0 0.5 8 0.75 0.0 0.6 8 0.75 0.0 0.7 8 0.75 0.0 0.9 0 1 1
15 0.1 11 0.7272727272727273 0.0 0.4 8 0.75 0.0 0.5 8 0.75 0.0 0.6 7 0.7142857142857143 0.0 0.7 7 0.7142857142857143 0.0 0.9 0 1 1
15 0.1 13 0.7692307692307693 0.0 0.4 9 0.7777777777777778 0.0 0.5 8 0.75 0.0 0.6 8 0.75 0.0 0.7 8 0.75 0.0 0.9 1 1.0 0.0
15 0.1 12 0.75 0.0 0.4 10 0.7 0.0 0.5 10 0.7 0.0 0.6 10 0.7 0.0 0.7 10 0.7 0.0 0.9 0 1 1
15 0.1 9 0.7777777777777778 0.0 0.4 9 0.7777777777777778 0.0 0.5 9 0.7777777777777778 0.0 0.6 9 0.7777777777777778 0.0 0.7 9 0.7777777777777778 0.0 0.9 1 1.0 0.0
15 0.1 11 0.7272727272727273 0.09090909090909091 0.4 10 0.8 0.1 0.5 9 0.7777777777777778 0.1111111111111111 0.6 9 0.7777777777777778 0.1111111111111111 0.7 9 0.7777777777777778 0.1111111111111111 0.9 3 1.0 0.0
15 0.1 10 0.8 0.0 0.4 7 0.8571428571428571 0.0 0.5 7 0.8571428571428571 0.0 0.6 4 1.0 0.0 0.7 4 1.0 0.0 0.9 0 1 1
15 0.1 11 0.8181818181818182 0.0 0.4 10 0.8 0.0 0.5 10 0.8 0.0 0.6 8 0.875 0.0 0.7 7 0.8571428571428571 0.0 0.9 0 1 1
15 0.1 9 0.7777777777777778 0.0 0.4 5 1.0 0.0 0.5 5 1.0 0.0 0.6 5 1.0 0.0 0.7 4 1.0 0.0 0.9 0 1 1
15 0.1 9 0.7777777777777778 0.0 0.4 9 0.7777777777777778 0.0 0.5 9 0.7777777777777778 0.0 0.6 9 0.7777777777777778 0.0 0.7 6 0.8333333333333334 0.0 0.9 2 1.0 0.0
15 0.1 7 0.7142857142857143 0.0 0.4 5 0.8 0.0 0.5 4 0.75 0.0 0.6 4 0.75 0.0 0.7 4 0.75 0.0 0.9 0 1 1
15 0.1 13 0.7692307692307693 0.0 0.4 8 0.75 0.0 0.5 8 0.75 0.0 0.6 7 0.8571428571428571 0.0 0.7 6 0.8333333333333334 0.0 0.9 1 1.0 0.0
15 0.1 11 0.7272727272727273 0.18181818181818182 0.4 9 0.7777777777777778 0.1111111111111111 0.5 9 0.7777777777777778 0.1111111111111111 0.6 8 0.75 0.125 0.7 6 0.8333333333333334 0.16666666666666666 0.9 0 1 1
15 0.1 10 0.8 0.1 0.4 7 0.7142857142857143 0.14285714285714285 0.5 7 0.7142857142857143 0.14285714285714285 0.6 7 0.7142857142857143 0.14285714285714285 0.7 7 0.7142857142857143 0.14285714285714285 0.9 0 1 1
15 0.1 8 0.75 0.0 0.4 6 0.8333333333333334 0.0 0.5 5 0.8 0.0 0.6 4 0.75 0.0 0.7 4 0.75 0.0 0.9 0 1 1
15 0.1 9 0.7777777777777778 0.0 0.4 5 0.8 0.0 0.5 5 0.8 0.0 0.6 5 0.8 0.0 0.7 5 0.8 0.0 0.9 0 1 1
15 0.1 10 0.7 0.1 0.4 8 0.75 0.125 0.5 6 0.6666666666666666 0.0 0.6 5 0.8 0.0 0.7 4 0.75 0.0 0.9 0 1 1
15 0.1 10 0.8 0.0 0.4 5 0.6 0.0 0.5 5 0.6 0.0 0.6 5 0.6 0.0 0.7 4 0.75 0.0 0.9 1 1.0 0.0
15 0.1 11 0.8181818181818182 0.0 0.4 7 0.7142857142857143 0.0 0.5 7 0.7142857142857143 0.0 0.6 7 0.7142857142857143 0.0 0.7 6 0.6666666666666666 0.0 0.9 0 1 1
15 0.1 11 0.8181818181818182 0.0 0.4 9 0.7777777777777778 0.0 0.5 8 0.75 0.0 0.6 8 0.75 0.0 0.7 8 0.75 0.0 0.9 0 1 1
15 0.1 12 0.75 0.0 0.4 10 0.8 0.0 0.5 10 0.8 0.0 0.6 9 0.7777777777777778 0.0 0.7 8 0.75 0.0 0.9 1 1.0 0.0
15 0.1 13 0.8461538461538461 0.07692307692307693 0.4 9 0.7777777777777778 0.1111111111111111 0.5 9 0.7777777777777778 0.1111111111111111 0.6 9 0.7777777777777778 0.1111111111111111 0.7 9 0.7777777777777778 0.1111111111111111 0.9 2 1.0 0.0
15 0.1 13 0.7692307692307693 0.0 0.4 10 0.8 0.0 0.5 8 0.75 0.0 0.6 7 0.7142857142857143 0.0 0.7 6 0.8333333333333334 0.0 0.9 1 1.0 0.0
15 0.1 10 0.8 0.1 0.4 8 0.75 0.125 0.5 7 0.8571428571428571 0.14285714285714285 0.6 6 0.8333333333333334 0.16666666666666666 0.7 6 0.8333333333333334 0.16666666666666666 0.9 2 1.0 0.0
15 0.1 12 0.75 0.08333333333333333 0.4 10 0.7 0.1 0.5 9 0.7777777777777778 0.1111111111111111 0.6 7 0.8571428571428571 0.14285714285714285 0.7 6 1.0 0.16666666666666666 0.9 2 1.0 0.0
15 0.1 11 0.7272727272727273 0.0 0.4 10 0.8 0.0 0.5 9 0.7777777777777778 0.0 0.6 9 0.7777777777777778 0.0 0.7 8 0.75 0.0 0.9 2 1.0 0.0
15 0.1 11 0.8181818181818182 0.0 0.4 9 0.7777777777777778 0.0 0.5 7 0.7142857142857143 0.0 0.6 7 0.7142857142857143 0.0 0.7 7 0.7142857142857143 0.0 0.9 1 1.0 0.0
15 0.1 12 0.75 0.0 0.4 9 0.7777777777777778 0.0 0.5 7 0.7142857142857143 0.0 0.6 7 0.7142857142857143 0.0 0.7 6 0.8333333333333334 0.0 0.9 2 1.0 0.0
15 0.1 12 0.75 0.0 0.4 10 0.8 0.0 0.5 10 0.8 0.0 0.6 10 0.8 0.0 0.7 8 0.75 0.0 0.9 1 1.0 0.0
15 0.1 11 0.7272727272727273 0.0 0.4 10 0.7 0.0 0.5 10 0.7 0.0 0.6 9 0.6666666666666666 0.0 0.7 8 0.75 0.0 0.9 1 1.0 0.0
15 0.1 9 0.7777777777777778 0.0 0.4 9 0.7777777777777778 0.0 0.5 8 0.875 0.0 0.6 8 0.875 0.0 0.7 8 0.875 0.0 0.9 0 1 1
15 0.1 12 0.75 0.0 0.4 10 0.8 0.0 0.5 9 0.7777777777777778 0.0 0.6 9 0.7777777777777778 0.0 0.7 9 0.7777777777777778 0.0 0.9 0 1 1
15 0.1 12 0.6666666666666666 0.0 0.4 8 0.75 0.0 0.5 8 0.75 0.0 0.6 8 0.75 0.0 0.7 8 0.75 0.0 0.9 0 1 1
15 0.1 11 0.7272727272727273 0.0 0.4 10 0.8 0.0 0.5 10 0.8 0.0 0.6 10 0.8 0.0 0.7 8 0.75 0.0 0.9 0 1 1
15 0.1 12 0.75 0.0 0.4 10 0.7 0.0 0.5 8 0.75 0.0 0.6 8 0.75 0.0 0.7 8 0.75 0.0 0.9 0 1 1
15 0.1 12 0.6666666666666666 0.0 0.4 9 0.7777777777777778 0.0 0.5 9 0.7777777777777778 0.0 0.6 8 0.75 0.0 0.7 8 0.75 0.0 0.9 2 1.0 0.0
15 0.1 10 0.8 0.0 0.4 9 0.7777777777777778 0.0 0.5 9 0.7777777777777778 0.0 0.6 8 0.75 0.0 0.7 7 0.8571428571428571 0.0 0.9 1 1.0 0.0
15 0.1 13 0.7692307692307693 0.0 0.4 9 0.7777777777777778 0.0 0.5 9 0.7777777777777778 0.0 0.6 9 0.7777777777777778 0.0 0.7 8 0.75 0.0 0.9 2 1.0 0.0
15 0.1 12 0.75 0.0 0.4 8 0.75 0.0 0.5 7 0.7142857142857143 0.0 0.6 7 0.7142857142857143 0.0 0.7 6 0.8333333333333334 0.0 0.9 2 1.0 0.0
15 0.1 10 0.9 0.0 0.4 7 0.8571428571428571 0.0 0.5 7 0.8571428571428571 0.0 0.6 7 0.8571428571428571 0.0 0.7 7 0.8571428571428571 0.0 0.9 1 1.0 0.0
15 0.1 9 0.6666666666666666 0.0 0.4 8 0.75 0.0 0.5 7 0.8571428571428571 0.0 0.6 6 0.8333333333333334 0.0 0.7 6 0.8333333333333334 0.0 0.9 2 1.0 0.0
15 0.1 8 0.875 0.0 0.4 6 0.8333333333333334 0.0 0.5 6 0.8333333333333334 0.0 0.6 5 1.0 0.0 0.7 5 1.0 0.0 0.9 1 1.0 0.0
15 0.1 8 0.75 0.0 0.4 8 0.75 0.0 0.5 7 0.8571428571428571 0.0 0.6 6 0.8333333333333334 0.0 0.7 6 0.8333333333333334 0.0 0.9 2 1.0 0.0
15 0.1 10 0.7 0.0 0.4 8 0.75 0.0 0.5 7 0.7142857142857143 0.0 0.6 7 0.7142857142857143 0.0 0.7 7 0.7142857142857143 0.0 0.9 2 1.0 0.0
15 0.1 10 0.8 0.0 0.4 8 0.75 0.0 0.5 8 0.75 0.0 0.6 7 0.8571428571428571 0.0 0.7 7 0.8571428571428571 0.0 0.9 1 1.0 0.0
15 0.1 12 0.75 0.08333333333333333 0.4 10 0.7 0.1 0.5 8 0.875 0.125 0.6 8 0.875 0.125 0.7 8 0.875 0.125 0.9 2 1.0 0.0
15 0.1 10 0.8 0.1 0.4 8 0.875 0.125 0.5 8 0.875 0.125 0.6 8 0.875 0.125 0.7 7 0.8571428571428571 0.14285714285714285 0.9 1 1.0 0.0
15 0.1 11 0.7272727272727273 0.0 0.4 8 0.75 0.0 0.5 7 0.8571428571428571 0.0 0.6 6 0.8333333333333334 0.0 0.7 6 0.8333333333333334 0.0 0.9 1 1.0 0.0
15 0.1 8 0.875 0.0 0.4 7 0.8571428571428571 0.0 0.5 6 0.8333333333333334 0.0 0.6 5 0.8 0.0 0.7 5 0.8 0.0 0.9 1 1.0 0.0
15 0.1 11 0.8181818181818182 0.09090909090909091 0.4 8 0.75 0.0 0.5 8 0.75 0.0 0.6 7 0.8571428571428571 0.0 0.7 7 0.8571428571428571 0.0 0.9 2 1.0 0.0
15 0.1 10 0.8 0.0 0.4 9 0.7777777777777778 0.0 0.5 9 0.7777777777777778 0.0 0.6 6 0.8333333333333334 0.0 0.7 5 1.0 0.0 0.9 1 1.0 0.0
15 0.1 13 0.6923076923076923 0.0 0.4 9 0.7777777777777778 0.0 0.5 9 0.7777777777777778 0.0 0.6 8 0.75 0.0 0.7 8 0.75 0.0 0.9 2 1.0 0.0
15 0.1 12 0.8333333333333334 0.0 0.4 7 0.7142857142857143 0.0 0.5 6 0.8333333333333334 0.0 0.6 6 0.8333333333333334 0.0 0.7 5 1.0 0.0 0.9 1 1.0 0.0
15 0.1 12 0.75 0.0 0.4 10 0.8 0.0 0.5 10 0.8 0.0 0.6 10 0.8 0.0 0.7 10 0.8 0.0 0.9 1 1.0 0.0
15 0.1 10 0.8 0.0 0.4 9 0.7777777777777778 0.0 0.5 8 0.875 0.0 0.6 8 0.875 0.0 0.7 8 0.875 0.0 0.9 0 1 1
15 0.1 10 0.8 0.1 0.4 8 0.75 0.125 0.5 8 0.75 0.125 0.6 8 0.75 0.125 0.7 7 0.8571428571428571 0.14285714285714285 0.9 0 1 1
15 0.1 12 0.75 0.0 0.4 10 0.8 0.0 0.5 9 0.7777777777777778 0.0 0.6 8 0.75 0.0 0.7 8 0.75 0.0 0.9 1 1.0 0.0
15 0.1 10 0.8 0.0 0.4 8 0.75 0.0 0.5 8 0.75 0.0 0.6 8 0.75 0.0 0.7 8 0.75 0.0 0.9 1 1.0 0.0
15 0.1 12 0.75 0.0 0.4 10 0.7 0.0 0.5 10 0.7 0.0 0.6 8 0.75 0.0 0.7 8 0.75 0.0 0.9 1 1.0 0.0
15 0.1 12 0.8333333333333334 0.0 0.4 9 0.7777777777777778 0.0 0.5 9 0.7777777777777778 0.0 0.6 9 0.7777777777777778 0.0 0.7 9 0.7777777777777778 0.0 0.9 1 1.0 0.0
15 0.1 10 0.7 0.0 0.4 9 0.7777777777777778 0.0 0.5 9 0.7777777777777778 0.0 0.6 9 0.7777777777777778 0.0 0.7 8 0.75 0.0 0.9 0 1 1
15 0.1 8 0.75 0.125 0.4 8 0.75 0.125 0.5 8 0.75 0.125 0.6 8 0.75 0.125 0.7 7 0.7142857142857143 0.14285714285714285 0.9 1 1.0 0.0
15 0.1 8 0.75 0.0 0.4 8 0.75 0.0 0.5 8 0.75 0.0 0.6 8 0.75 0.0 0.7 8 0.75 0.0 0.9 1 1.0 0.0
15 0.1 11 0.7272727272727273 0.0 0.4 8 0.75 0.0 0.5 8 0.75 0.0 0.6 8 0.75 0.0 0.7 7 0.8571428571428571 0.0 0.9 1 1.0 0.0
15 0.1 10 0.7 0.0 0.4 8 0.75 0.0 0.5 8 0.75 0.0 0.6 8 0.75 0.0 0.7 8 0.75 0.0 0.9 1 1.0 0.0
15 0.1 13 0.6923076923076923 0.0 0.4 9 0.7777777777777778 0.0 0.5 9 0.7777777777777778 0.0 0.6 9 0.7777777777777778 0.0 0.7 9 0.7777777777777778 0.0 0.9 1 1.0 0.0
15 0.1 12 0.8333333333333334 0.0 0.4 9 0.7777777777777778 0.0 0.5 9 0.7777777777777778 0.0 0.6 8 0.75 0.0 0.7 7 0.7142857142857143 0.0 0.9 1 1.0 0.0
15 0.1 8 0.75 0.0 0.4 8 0.75 0.0 0.5 7 0.7142857142857143 0.0 0.6 7 0.7142857142857143 0.0 0.7 7 0.7142857142857143 0.0 0.9 1 1.0 0.0
15 0.1 12 0.75 0.0 0.4 11 0.7272727272727273 0.0 0.5 11 0.7272727272727273 0.0 0.6 9 0.7777777777777778 0.0 0.7 9 0.7777777777777778 0.0 0.9 1 1.0 0.0
15 0.1 13 0.7692307692307693 0.0 0.4 10 0.8 0.0 0.5 9 0.7777777777777778 0.0 0.6 9 0.7777777777777778 0.0 0.7 9 0.7777777777777778 0.0 0.9 1 1.0 0.0
15 0.1 15 0.7333333333333333 0.06666666666666667 0.4 11 0.8181818181818182 0.09090909090909091 0.5 9 0.7777777777777778 0.1111111111111111 0.6 9 0.7777777777777778 0.1111111111111111 0.7 9 0.7777777777777778 0.1111111111111111 0.9 3 0.6666666666666666 0.0
15 0.1 17 0.7058823529411765 0.0 0.4 13 0.6923076923076923 0.0 0.5 11 0.7272727272727273 0.0 0.6 9 0.7777777777777778 0.0 0.7 9 0.7777777777777778 0.0 0.9 1 1.0 0.0
15 0.1 13 0.7692307692307693 0.0 0.4 11 0.8181818181818182 0.0 0.5 10 0.8 0.0 0.6 10 0.8 0.0 0.7 10 0.8 0.0 0.9 1 1.0 0.0
15 0.1 9 0.7777777777777778 0.0 0.4 6 0.8333333333333334 0.0 0.5 6 0.8333333333333334 0.0 0.6 6 0.8333333333333334 0.0 0.7 6 0.8333333333333334 0.0 0.9 1 1.0 0.0
15 0.1 11 0.7272727272727273 0.0 0.4 9 0.7777777777777778 0.0 0.5 9 0.7777777777777778 0.0 0.6 9 0.7777777777777778 0.0 0.7 9 0.7777777777777778 0.0 0.9 2 1.0 0.0
15 0.1 13 0.7692307692307693 0.07692307692307693 0.4 9 0.7777777777777778 0.1111111111111111 0.5 9 0.7777777777777778 0.1111111111111111 0.6 9 0.7777777777777778 0.1111111111111111 0.7 8 0.875 0.125 0.9 1 1.0 0.0
15 0.1 16 0.5625 0.0625 0.4 10 0.8 0.1 0.5 10 0.8 0.1 0.6 10 0.8 0.1 0.7 9 0.7777777777777778 0.1111111111111111 0.9 2 1.0 0.0
15 0.1 12 0.75 0.0 0.4 11 0.8181818181818182 0.0 0.5 11 0.8181818181818182 0.0 0.6 10 0.8 0.0 0.7 9 0.7777777777777778 0.0 0.9 1 1.0 0.0
15 0.1 11 0.8181818181818182 0.0 0.4 10 0.8 0.0 0.5 10 0.8 0.0 0.6 9 0.7777777777777778 0.0 0.7 9 0.7777777777777778 0.0 0.9 1 1.0 0.0
15 0.1 11 0.8181818181818182 0.09090909090909091 0.4 9 0.7777777777777778 0.1111111111111111 0.5 8 0.75 0.125 0.6 8 0.75 0.125 0.7 7 0.8571428571428571 0.14285714285714285 0.9 1 1.0 0.0
15 0.1 11 0.8181818181818182 0.0 0.4 10 0.8 0.0 0.5 10 0.8 0.0 0.6 9 0.7777777777777778 0.0 0.7 7 0.8571428571428571 0.0 0.9 2 0.5 0.0
15 0.1 11 0.7272727272727273 0.0 0.4 8 0.75 0.0 0.5 7 0.8571428571428571 0.0 0.6 7 0.8571428571428571 0.0 0.7 6 0.8333333333333334 0.0 0.9 1 1.0 0.0
15 0.1 12 0.75 0.0 0.4 11 0.8181818181818182 0.0 0.5 11 0.8181818181818182 0.0 0.6 9 0.7777777777777778 0.0 0.7 9 0.7777777777777778 0.0 0.9 2 1.0 0.0
15 0.1 12 0.75 0.0 0.4 9 0.6666666666666666 0.0 0.5 8 0.75 0.0 0.6 7 0.7142857142857143 0.0 0.7 7 0.7142857142857143 0.0 0.9 2 1.0 0.0
15 0.1 10 0.8 0.0 0.4 8 0.75 0.0 0.5 8 0.75 0.0 0.6 8 0.75 0.0 0.7 6 0.8333333333333334 0.0 0.9 1 1.0 0.0
15 0.1 13 0.8461538461538461 0.0 0.4 9 0.7777777777777778 0.0 0.5 9 0.7777777777777778 0.0 0.6 9 0.7777777777777778 0.0 0.7 8 0.75 0.0 0.9 1 1.0 0.0
15 0.1 11 0.8181818181818182 0.0 0.4 10 0.8 0.0 0.5 9 0.7777777777777778 0.0 0.6 9 0.7777777777777778 0.0 0.7 8 0.875 0.0 0.9 1 1.0 0.0
15 0.1 11 0.8181818181818182 0.0 0.4 10 0.8 0.0 0.5 9 0.7777777777777778 0.0 0.6 9 0.7777777777777778 0.0 0.7 9 0.7777777777777778 0.0 0.9 1 1.0 0.0
15 0.1 11 0.8181818181818182 0.0 0.4 10 0.8 0.0 0.5 9 0.7777777777777778 0.0 0.6 9 0.7777777777777778 0.0 0.7 9 0.7777777777777778 0.0 0.9 2 1.0 0.0
15 0.1 11 0.8181818181818182 0.0 0.4 10 0.8 0.0 0.5 10 0.8 0.0 0.6 9 0.7777777777777778 0.0 0.7 8 0.875 0.0 0.9 1 1.0 0.0
15 0.1 11 0.8181818181818182 0.0 0.4 10 0.8 0.0 0.5 8 0.875 0.0 0.6 8 0.875 0.0 0.7 8 0.875 0.0 0.9 1 1.0 0.0
15 0.1 11 0.7272727272727273 0.0 0.4 10 0.8 0.0 0.5 9 0.7777777777777778 0.0 0.6 8 0.75 0.0 0.7 7 0.7142857142857143 0.0 0.9 2 1.0 0.0
15 0.1 9 0.6666666666666666 0.0 0.4 8 0.75 0.0 0.5 7 0.7142857142857143 0.0 0.6 6 0.6666666666666666 0.0 0.7 5 0.8 0.0 0.9 2 1.0 0.0
15 0.1 11 0.8181818181818182 0.09090909090909091 0.4 10 0.8 0.1 0.5 10 0.8 0.1 0.6 10 0.8 0.1 0.7 10 0.8 0.1 0.9 2 1.0 0.0
15 0.1 7 0.8571428571428571 0.0 0.4 6 0.8333333333333334 0.0 0.5 6 0.8333333333333334 0.0 0.6 6 0.8333333333333334 0.0 0.7 5 0.8 0.0 0.9 1 1.0 0.0
15 0.1 9 0.7777777777777778 0.0 0.4 9 0.7777777777777778 0.0 0.5 9 0.7777777777777778 0.0 0.6 8 0.75 0.0 0.7 8 0.75 0.0 0.9 1 1.0 0.0
