6 0.1 0 1 1 0.4 0 1 1 0.5 0 1 1 0.6 0 1 1 0.7 0 1 1 0.9 0 1 1
6 0.1 0 1 1 0.4 0 1 1 0.5 0 1 1 0.6 0 1 1 0.7 0 1 1 0.9 0 1 1
6 0.1 0 1 1 0.4 0 1 1 0.5 0 1 1 0.6 0 1 1 0.7 0 1 1 0.9 0 1 1
6 0.1 19 0.0 0.0 0.4 1 0.0 0.0 0.5 0 1 1 0.6 0 1 1 0.7 0 1 1 0.9 0 1 1
6 0.1 38 0.07894736842105263 0.0 0.4 1 0.0 0.0 0.5 1 0.0 0.0 0.6 0 1 1 0.7 0 1 1 0.9 0 1 1
6 0.1 57 0.03508771929824561 0.0 0.4 3 0.0 0.0 0.5 0 1 1 0.6 0 1 1 0.7 0 1 1 0.9 0 1 1
6 0.1 24 0.041666666666666664 0.0 0.4 0 1 1 0.5 0 1 1 0.6 0 1 1 0.7 0 1 1 0.9 0 1 1
6 0.1 222 0.018018018018018018 0.0 0.4 19 0.15789473684210525 0.0 0.5 4 0.0 0.0 0.6 1 0.0 0.0 0.7 0 1 1 0.9 0 1 1
6 0.1 193 0.025906735751295335 0.0 0.4 18 0.16666666666666666 0.0 0.5 4 0.0 0.0 0.6 0 1 1 0.7 0 1 1 0.9 0 1 1
6 0.1 171 0.029239766081871343 0.0 0.4 19 0.15789473684210525 0.0 0.5 4 0.5 0.0 0.6 1 0.0 0.0 0.7 0 1 1 0.9 0 1 1
6 0.1 85 0.047058823529411764 0.0 0.4 4 0.25 0.0 0.5 1 1.0 0.0 0.6 0 1 1 0.7 0 1 1 0.9 0 1 1
6 0.1 56 0.08928571428571429 0.0 0.4 1 0.0 0.0 0.5 1 0.0 0.0 0.6 0 1 1 0.7 0 1 1 0.9 0 1 1
6 0.1 20 0.15 0.0 0.4 0 1 1 0.5 0 1 1 0.6 0 1 1 0.7 0 1 1 0.9 0 1 1
6 0.1 86 0.046511627906976744 0.0 0.4 7 0.42857142857142855 0.0 0.5 1 1.0 0.0 0.6 0 1 1 0.7 0 1 1 0.9 0 1 1
6 0.1 37 0.08108108108108109 0.0 0.4 2 0.5 0.0 0.5 0 1 1 0.6 0 1 1 0.7 0 1 1 0.9 0 1 1
6 0.1 38 0.10526315789473684 0.0 0.4 2 0.5 0.0 0.5 2 0.5 0.0 0.6 0 1 1 0.7 0 1 1 0.9 0 1 1
6 0.1 27 0.14814814814814814 0.0 0.4 1 1.0 0.0 0.5 0 1 1 0.6 0 1 1 0.7 0 1 1 0.9 0 1 1
6 0.1 29 0.13793103448275862 0.0 0.4 3 0.6666666666666666 0.0 0.5 2 1.0 0.0 0.6 0 1 1 0.7 0 1 1 0.9 0 1 1
6 0.1 13 0.23076923076923078 0.0 0.4 3 0.3333333333333333 0.0 0.5 1 1.0 0.0 0.6 1 1.0 0.0 0.7 0 1 1 0.9 0 1 1
6 0.1 42 0.14285714285714285 0.0 0.4 7 0.5714285714285714 0.0 0.5 2 0.0 0.0 0.6 0 1 1 0.7 0 1 1 0.9 0 1 1
6 0.1 40 0.125 0.0 0.4 6 0.6666666666666666 0.0 0.5 4 1.0 0.0 0.6 4 1.0 0.0 0.7 0 1 1 0.9 0 1 1
6 0.1 19 0.21052631578947367 0.0 0.4 8 0.5 0.0 0.5 4 0.5 0.0 0.6 0 1 1 0.7 0 1 1 0.9 0 1 1
6 0.1 8 0.25 0.0 0.4 0 1 1 0.5 0 1 1 0.6 0 1 1 0.7 0 1 1 0.9 0 1 1
6 0.1 20 0.25 0.0 0.4 4 1.0 0.0 0.5 3 1.0 0.0 0.6 2 1.0 0.0 0.7 0 1 1 0.9 0 1 1
6 0.1 30 0.13333333333333333 0.0 0.4 5 0.8 0.0 0.5 5 0.8 0.0 0.6 2 1.0 0.0 0.7 0 1 1 0.9 0 1 1
6 0.1 28 0.21428571428571427 0.0 0.4 7 0.5714285714285714 0.0 0.5 6 0.6666666666666666 0.0 0.6 5 0.8 0.0 0.7 3 0.6666666666666666 0.0 0.9 0 1 1
6 0.1 16 0.25 0.0 0.4 6 0.6666666666666666 0.0 0.5 5 0.8 0.0 0.6 3 1.0 0.0 0.7 0 1 1 0.9 0 1 1
6 0.1 8 0.5 0.0 0.4 3 1.0 0.0 0.5 1 1.0 0.0 0.6 0 1 1 0.7 0 1 1 0.9 0 1 1
6 0.1 2 0.5 0.0 0.4 0 1 1 0.5 0 1 1 0.6 0 1 1 0.7 0 1 1 0.9 0 1 1
6 0.1 6 0.16666666666666666 0.0 0.4 3 0.3333333333333333 0.0 0.5 2 0.5 0.0 0.6 2 0.5 0.0 0.7 0 1 1 0.9 0 1 1
6 0.1 16 0.0625 0.0 0.4 5 0.2 0.0 0.5 4 0.25 0.0 0.6 2 0.5 0.0 0.7 2 0.5 0.0 0.9 0 1 1
6 0.1 27 0.07407407407407407 0.0 0.4 0 1 1 0.5 0 1 1 0.6 0 1 1 0.7 0 1 1 0.9 0 1 1
6 0.1 13 0.15384615384615385 0.0 0.4 1 0.0 0.0 0.5 0 1 1 0.6 0 1 1 0.7 0 1 1 0.9 0 1 1
6 0.1 30 0.06666666666666667 0.0 0.4 7 0.14285714285714285 0.0 0.5 2 0.0 0.0 0.6 0 1 1 0.7 0 1 1 0.9 0 1 1
6 0.1 17 0.23529411764705882 0.0 0.4 4 0.5 0.0 0.5 1 1.0 0.0 0.6 1 1.0 0.0 0.7 0 1 1 0.9 0 1 1
6 0.1 7 0.7142857142857143 0.0 0.4 1 1.0 0.0 0.5 1 1.0 0.0 0.6 1 1.0 0.0 0.7 0 1 1 0.9 0 1 1
6 0.1 6 0.5 0.0 0.4 1 1.0 0.0 0.5 1 1.0 0.0 0.6 0 1 1 0.7 0 1 1 0.9 0 1 1
6 0.1 4 0.5 0.0 0.4 0 1 1 0.5 0 1 1 0.6 0 1 1 0.7 0 1 1 0.9 0 1 1
6 0.1 4 0.5 0.0 0.4 0 1 1 0.5 0 1 1 0.6 0 1 1 0.7 0 1 1 0.9 0 1 1
6 0.1 8 0.25 0.0 0.4 1 1.0 0.0 0.5 0 1 1 0.6 0 1 1 0.7 0 1 1 0.9 0 1 1
6 0.1 0 1 1 0.4 0 1 1 0.5 0 1 1 0.6 0 1 1 0.7 0 1 1 0.9 0 1 1
6 0.1 26 0.07692307692307693 0.0 0.4 5 0.4 0.0 0.5 3 0.6666666666666666 0.0 0.6 2 1.0 0.0 0.7 0 1 1 0.9 0 1 1
6 0.1 0 1 1 0.4 0 1 1 0.5 0 1 1 0.6 0 1 1 0.7 0 1 1 0.9 0 1 1
6 0.1 0 1 1 0.4 0 1 1 0.5 0 1 1 0.6 0 1 1 0.7 0 1 1 0.9 0 1 1
6 0.1 0 1 1 0.4 0 1 1 0.5 0 1 1 0.6 0 1 1 0.7 0 1 1 0.9 0 1 1
6 0.1 0 1 1 0.4 0 1 1 0.5 0 1 1 0.6 0 1 1 0.7 0 1 1 0.9 0 1 1
6 0.1 0 1 1 0.4 0 1 1 0.5 0 1 1 0.6 0 1 1 0.7 0 1 1 0.9 0 1 1
6 0.1 0 1 1 0.4 0 1 1 0.5 0 1 1 0.6 0 1 1 0.7 0 1 1 0.9 0 1 1
6 0.1 0 1 1 0.4 0 1 1 0.5 0 1 1 0.6 0 1 1 0.7 0 1 1 0.9 0 1 1
6 0.1 0 1 1 0.4 0 1 1 0.5 0 1 1 0.6 0 1 1 0.7 0 1 1 0.9 0 1 1
6 0.1 0 1 1 0.4 0 1 1 0.5 0 1 1 0.6 0 1 1 0.7 0 1 1 0.9 0 1 1
6 0.1 1 0.0 0.0 0.4 0 1 1 0.5 0 1 1 0.6 0 1 1 0.7 0 1 1 0.9 0 1 1
6 0.1 0 1 1 0.4 0 1 1 0.5 0 1 1 0.6 0 1 1 0.7 0 1 1 0.9 0 1 1
6 0.1 0 1 1 0.4 0 1 1 0.5 0 1 1 0.6 0 1 1 0.7 0 1 1 0.9 0 1 1
6 0.1 0 1 1 0.4 0 1 1 0.5 0 1 1 0.6 0 1 1 0.7 0 1 1 0.9 0 1 1
6 0.1 0 1 1 0.4 0 1 1 0.5 0 1 1 0.6 0 1 1 0.7 0 1 1 0.9 0 1 1
6 0.1 0 1 1 0.4 0 1 1 0.5 0 1 1 0.6 0 1 1 0.7 0 1 1 0.9 0 1 1
6 0.1 3 0.0 0.0 0.4 0 1 1 0.5 0 1 1 0.6 0 1 1 0.7 0 1 1 0.9 0 1 1
6 0.1 1 0.0 0.0 0.4 0 1 1 0.5 0 1 1 0.6 0 1 1 0.7 0 1 1 0.9 0 1 1
6 0.1 9 0.3333333333333333 0.0 0.4 1 1.0 0.0 0.5 0 1 1 0.6 0 1 1 0.7 0 1 1 0.9 0 1 1
6 0.1 6 0.3333333333333333 0.0 0.4 1 0.0 0.0 0.5 0 1 1 0.6 0 1 1 0.7 0 1 1 0.9 0 1 1
6 0.1 12 0.0 0.0 0.4 3 0.0 0.0 0.5 2 0.0 0.0 0.6 0 1 1 0.7 0 1 1 0.9 0 1 1
6 0.1 15 0.2 0.0 0.4 1 0.0 0.0 0.5 0 1 1 0.6 0 1 1 0.7 0 1 1 0.9 0 1 1
6 0.1 6 0.3333333333333333 0.0 0.4 0 1 1 0.5 0 1 1 0.6 0 1 1 0.7 0 1 1 0.9 0 1 1
6 0.1 0 1 1 0.4 0 1 1 0.5 0 1 1 0.6 0 1 1 0.7 0 1 1 0.9 0 1 1
6 0.1 7 0.2857142857142857 0.0 0.4 0 1 1 0.5 0 1 1 0.6 0 1 1 0.7 0 1 1 0.9 0 1 1
6 0.1 6 0.3333333333333333 0.0 0.4 0 1 1 0.5 0 1 1 0.6 0 1 1 0.7 0 1 1 0.9 0 1 1
6 0.1 5 0.4 0.0 0.4 0 1 1 0.5 0 1 1 0.6 0 1 1 0.7 0 1 1 0.9 0 1 1
6 0.1 10 0.4 0.0 0.4 3 0.6666666666666666 0.0 0.5 1 1.0 0.0 0.6 0 1 1 0.7 0 1 1 0.9 0 1 1
6 0.1 17 0.23529411764705882 0.0 0.4 3 1.0 0.0 0.5 2 1.0 0.0 0.6 1 1.0 0.0 0.7 0 1 1 0.9 0 1 1
6 0.1 14 0.21428571428571427 0.0 0.4 1 1.0 0.0 0.5 0 1 1 0.6 0 1 1 0.7 0 1 1 0.9 0 1 1
6 0.1 5 0.2 0.0 0.4 0 1 1 0.5 0 1 1 0.6 0 1 1 0.7 0 1 1 0.9 0 1 1
6 0.1 17 0.17647058823529413 0.0 0.4 3 0.6666666666666666 0.0 0.5 3 0.6666666666666666 0.0 0.6 1 1.0 0.0 0.7 0 1 1 0.9 0 1 1
6 0.1 5 0.6 0.0 0.4 1 1.0 0.0 0.5 0 1 1 0.6 0 1 1 0.7 0 1 1 0.9 0 1 1
6 0.1 13 0.38461538461538464 0.0 0.4 4 0.75 0.0 0.5 3 1.0 0.0 0.6 2 1.0 0.0 0.7 1 1.0 0.0 0.9 0 1 1
6 0.1 17 0.35294117647058826 0.0 0.4 6 0.6666666666666666 0.0 0.5 3 1.0 0.0 0.6 2 1.0 0.0 0.7 2 1.0 0.0 0.9 0 1 1
6 0.1 30 0.2 0.0 0.4 5 0.8 0.0 0.5 4 0.75 0.0 0.6 2 0.5 0.0 0.7 0 1 1 0.9 0 1 1
6 0.1 9 0.3333333333333333 0.0 0.4 4 0.75 0.0 0.5 2 1.0 0.0 0.6 1 1.0 0.0 0.7 0 1 1 0.9 0 1 1
6 0.1 16 0.3125 0.0 0.4 3 1.0 0.0 0.5 3 1.0 0.0 0.6 3 1.0 0.0 0.7 2 1.0 0.0 0.9 0 1 1
6 0.1 8 0.5 0.0 0.4 4 0.75 0.0 0.5 3 1.0 0.0 0.6 2 1.0 0.0 0.7 1 1.0 0.0 0.9 0 1 1
6 0.1 10 0.4 0.0 0.4 4 0.75 0.0 0.5 3 1.0 0.0 0.6 3 1.0 0.0 0.7 2 1.0 0.0 0.9 0 1 1
6 0.1 8 0.5 0.0 0.4 6 0.6666666666666666 0.0 0.5 3 1.0 0.0 0.6 2 1.0 0.0 0.7 2 1.0 0.0 0.9 0 1 1
6 0.1 13 0.3076923076923077 0.0 0.4 4 1.0 0.0 0.5 4 1.0 0.0 0.6 3 1.0 0.0 0.7 3 1.0 0.0 0.9 0 1 1
6 0.1 11 0.45454545454545453 0.0 0.4 3 1.0 0.0 0.5 3 1.0 0.0 0.6 3 1.0 0.0 0.7 2 1.0 0.0 0.9 0 1 1
6 0.1 10 0.4 0.0 0.4 4 1.0 0.0 0.5 4 1.0 0.0 0.6 4 1.0 0.0 0.7 2 1.0 0.0 0.9 0 1 1
6 0.1 6 0.6666666666666666 0.0 0.4 3 1.0 0.0 0.5 2 1.0 0.0 0.6 2 1.0 0.0 0.7 0 1 1 0.9 0 1 1
6 0.1 12 0.3333333333333333 0.0 0.4 3 1.0 0.0 0.5 3 1.0 0.0 0.6 3 1.0 0.0 0.7 2 1.0 0.0 0.9 0 1 1
6 0.1 4 1.0 0.0 0.4 3 1.0 0.0 0.5 3 1.0 0.0 0.6 2 1.0 0.0 0.7 1 1.0 0.0 0.9 0 1 1
6 0.1 5 0.6 0.0 0.4 3 1.0 0.0 0.5 2 1.0 0.0 0.6 2 1.0 0.0 0.7 0 1 1 0.9 0 1 1
6 0.1 6 0.6666666666666666 0.0 0.4 3 1.0 0.0 0.5 3 1.0 0.0 0.6 3 1.0 0.0 0.7 2 1.0 0.0 0.9 0 1 1
6 0.1 3 1.0 0.0 0.4 2 1.0 0.0 0.5 2 1.0 0.0 0.6 2 1.0 0.0 0.7 0 1 1 0.9 0 1 1
6 0.1 9 0.5555555555555556 0.0 0.4 3 1.0 0.0 0.5 3 1.0 0.0 0.6 3 1.0 0.0 0.7 2 1.0 0.0 0.9 0 1 1
6 0.1 16 0.25 0.0 0.4 4 1.0 0.0 0.5 3 1.0 0.0 0.6 3 1.0 0.0 0.7 2 1.0 0.0 0.9 0 1 1
6 0.1 5 0.6 0.0 0.4 3 1.0 0.0 0.5 3 1.0 0.0 0.6 2 1.0 0.0 0.7 1 1.0 0.0 0.9 0 1 1
6 0.1 10 0.5 0.0 0.4 2 1.0 0.0 0.5 2 1.0 0.0 0.6 2 1.0 0.0 0.7 2 1.0 0.0 0.9 0 1 1
6 0.1 9 0.5555555555555556 0.0 0.4 2 1.0 0.0 0.5 1 1.0 0.0 0.6 1 1.0 0.0 0.7 1 1.0 0.0 0.9 0 1 1
6 0.1 12 0.5 0.0 0.4 4 0.75 0.0 0.5 3 0.6666666666666666 0.0 0.6 2 1.0 0.0 0.7 2 1.0 0.0 0.9 0 1 1
6 0.1 11 0.45454545454545453 0.0 0.4 5 0.8 0.0 0.5 3 1.0 0.0 0.6 3 1.0 0.0 0.7 1 1.0 0.0 0.9 0 1 1
6 0.1 15 0.3333333333333333 0.0 0.4 5 0.8 0.0 0.5 4 0.75 0.0 0.6 3 1.0 0.0 0.7 2 1.0 0.0 0.9 0 1 1
6 0.1 16 0.3125 0.0 0.4 3 1.0 0.0 0.5 2 1.0 0.0 0.6 2 1.0 0.0 0.7 2 1.0 0.0 0.9 0 1 1
6 0.1 10 0.5 0.0 0.4 3 1.0 0.0 0.5 3 1.0 0.0 0.6 2 1.0 0.0 0.7 1 1.0 0.0 0.9 0 1 1
6 0.1 15 0.3333333333333333 0.0 0.4 5 0.8 0.0 0.5 4 0.75 0.0 0.6 3 1.0 0.0 0.7 3 1.0 0.0 0.9 0 1 1
6 0.1 6 0.6666666666666666 0.0 0.4 3 1.0 0.0 0.5 2 1.0 0.0 0.6 1 1.0 0.0 0.7 0 1 1 0.9 0 1 1
6 0.1 8 0.625 0.0 0.4 3 1.0 0.0 0.5 3 1.0 0.0 0.6 3 1.0 0.0 0.7 2 1.0 0.0 0.9 0 1 1
6 0.1 14 0.2857142857142857 0.0 0.4 5 0.8 0.0 0.5 4 1.0 0.0 0.6 4 1.0 0.0 0.7 3 1.0 0.0 0.9 0 1 1
6 0.1 9 0.4444444444444444 0.0 0.4 4 1.0 0.0 0.5 3 1.0 0.0 0.6 2 1.0 0.0 0.7 2 1.0 0.0 0.9 0 1 1
6 0.1 11 0.45454545454545453 0.0 0.4 6 0.6666666666666666 0.0 0.5 4 1.0 0.0 0.6 4 1.0 0.0 0.7 3 1.0 0.0 0.9 0 1 1
6 0.1 12 0.3333333333333333 0.0 0.4 4 1.0 0.0 0.5 4 1.0 0.0 0.6 3 1.0 0.0 0.7 3 1.0 0.0 0.9 1 1.0 0.0
6 0.1 7 0.5714285714285714 0.0 0.4 3 1.0 0.0 0.5 2 1.0 0.0 0.6 1 1.0 0.0 0.7 1 1.0 0.0 0.9 0 1 1
6 0.1 4 0.75 0.0 0.4 1 1.0 0.0 0.5 0 1 1 0.6 0 1 1 0.7 0 1 1 0.9 0 1 1
6 0.1 8 0.5 0.0 0.4 5 0.8 0.0 0.5 3 1.0 0.0 0.6 3 1.0 0.0 0.7 2 1.0 0.0 0.9 0 1 1
6 0.1 9 0.4444444444444444 0.0 0.4 5 0.8 0.0 0.5 4 1.0 0.0 0.6 3 1.0 0.0 0.7 3 1.0 0.0 0.9 0 1 1
6 0.1 9 0.5555555555555556 0.0 0.4 3 1.0 0.0 0.5 3 1.0 0.0 0.6 3 1.0 0.0 0.7 3 1.0 0.0 0.9 0 1 1
6 0.1 16 0.3125 0.0 0.4 3 1.0 0.0 0.5 3 1.0 0.0 0.6 3 1.0 0.0 0.7 3 1.0 0.0 0.9 0 1 1
6 0.1 15 0.26666666666666666 0.0 0.4 5 0.6 0.0 0.5 3 1.0 0.0 0.6 3 1.0 0.0 0.7 2 1.0 0.0 0.9 0 1 1
6 0.1 18 0.2777777777777778 0.0 0.4 10 0.4 0.0 0.5 8 0.5 0.0 0.6 6 0.5 0.0 0.7 4 0.75 0.0 0.9 0 1 1
6 0.1 6 0.6666666666666666 0.0 0.4 3 1.0 0.0 0.5 3 1.0 0.0 0.6 3 1.0 0.0 0.7 2 1.0 0.0 0.9 0 1 1
6 0.1 7 0.5714285714285714 0.14285714285714285 0.4 3 1.0 0.0 0.5 3 1.0 0.0 0.6 3 1.0 0.0 0.7 3 1.0 0.0 0.9 0 1 1
6 0.1 10 0.4 0.0 0.4 5 0.8 0.0 0.5 4 0.75 0.0 0.6 4 0.75 0.0 0.7 3 1.0 0.0 0.9 0 1 1
6 0.1 16 0.3125 0.0 0.4 6 0.8333333333333334 0.0 0.5 4 0.75 0.0 0.6 4 0.75 0.0 0.7 3 1.0 0.0 0.9 0 1 1
6 0.1 12 0.3333333333333333 0.0 0.4 5 0.6 0.0 0.5 5 0.6 0.0 0.6 3 1.0 0.0 0.7 3 1.0 0.0 0.9 0 1 1
6 0.1 6 0.6666666666666666 0.0 0.4 3 1.0 0.0 0.5 3 1.0 0.0 0.6 3 1.0 0.0 0.7 2 1.0 0.0 0.9 0 1 1
6 0.1 13 0.3076923076923077 0.0 0.4 4 0.75 0.0 0.5 3 1.0 0.0 0.6 3 1.0 0.0 0.7 3 1.0 0.0 0.9 0 1 1
6 0.1 12 0.3333333333333333 0.0 0.4 5 0.8 0.0 0.5 4 0.75 0.0 0.6 4 0.75 0.0 0.7 3 1.0 0.0 0.9 0 1 1
6 0.1 6 0.6666666666666666 0.0 0.4 3 1.0 0.0 0.5 3 1.0 0.0 0.6 2 1.0 0.0 0.7 2 1.0 0.0 0.9 0 1 1
6 0.1 9 0.5555555555555556 0.0 0.4 3 1.0 0.0 0.5 3 1.0 0.0 0.6 3 1.0 0.0 0.7 2 1.0 0.0 0.9 0 1 1
6 0.1 6 0.5 0.0 0.4 3 1.0 0.0 0.5 2 1.0 0.0 0.6 2 1.0 0.0 0.7 1 1.0 0.0 0.9 0 1 1
6 0.1 6 0.5 0.0 0.4 3 1.0 0.0 0.5 3 1.0 0.0 0.6 3 1.0 0.0 0.7 2 1.0 0.0 0.9 0 1 1
6 0.1 6 0.6666666666666666 0.0 0.4 3 1.0 0.0 0.5 3 1.0 0.0 0.6 3 1.0 0.0 0.7 3 1.0 0.0 0.9 0 1 1
6 0.1 9 0.4444444444444444 0.0 0.4 4 1.0 0.0 0.5 3 1.0 0.0 0.6 3 1.0 0.0 0.7 3 1.0 0.0 0.9 0 1 1
6 0.1 10 0.4 0.1 0.4 3 1.0 0.3333333333333333 0.5 3 1.0 0.3333333333333333 0.6 3 1.0 0.3333333333333333 0.7 3 1.0 0.3333333333333333 0.9 0 1 1
6 0.1 12 0.4166666666666667 0.0 0.4 4 1.0 0.0 0.5 3 1.0 0.0 0.6 3 1.0 0.0 0.7 3 1.0 0.0 0.9 0 1 1
6 0.1 6 0.6666666666666666 0.0 0.4 3 1.0 0.0 0.5 3 1.0 0.0 0.6 3 1.0 0.0 0.7 2 1.0 0.0 0.9 0 1 1
6 0.1 6 0.5 0.0 0.4 2 1.0 0.0 0.5 2 1.0 0.0 0.6 2 1.0 0.0 0.7 2 1.0 0.0 0.9 0 1 1
6 0.1 4 0.5 0.0 0.4 2 1.0 0.0 0.5 2 1.0 0.0 0.6 2 1.0 0.0 0.7 2 1.0 0.0 0.9 0 1 1
6 0.1 5 0.4 0.0 0.4 1 1.0 0.0 0.5 1 1.0 0.0 0.6 1 1.0 0.0 0.7 1 1.0 0.0 0.9 0 1 1
6 0.1 6 0.5 0.0 0.4 3 1.0 0.0 0.5 2 1.0 0.0 0.6 2 1.0 0.0 0.7 2 1.0 0.0 0.9 0 1 1
6 0.1 6 0.5 0.0 0.4 3 1.0 0.0 0.5 3 1.0 0.0 0.6 2 1.0 0.0 0.7 2 1.0 0.0 0.9 0 1 1
6 0.1 5 0.6 0.0 0.4 2 1.0 0.0 0.5 2 1.0 0.0 0.6 2 1.0 0.0 0.7 2 1.0 0.0 0.9 0 1 1
6 0.1 10 0.4 0.0 0.4 3 1.0 0.0 0.5 3 1.0 0.0 0.6 2 1.0 0.0 0.7 2 1.0 0.0 0.9 0 1 1
6 0.1 8 0.5 0.0 0.4 4 1.0 0.0 0.5 4 1.0 0.0 0.6 4 1.0 0.0 0.7 3 1.0 0.0 0.9 0 1 1
6 0.1 7 0.5714285714285714 0.0 0.4 6 0.6666666666666666 0.0 0.5 5 0.8 0.0 0.6 4 0.75 0.0 0.7 3 0.6666666666666666 0.0 0.9 0 1 1
6 0.1 5 0.8 0.0 0.4 2 1.0 0.0 0.5 2 1.0 0.0 0.6 2 1.0 0.0 0.7 2 1.0 0.0 0.9 0 1 1
6 0.1 9 0.4444444444444444 0.0 0.4 3 1.0 0.0 0.5 2 1.0 0.0 0.6 2 1.0 0.0 0.7 2 1.0 0.0 0.9 0 1 1
6 0.1 8 0.5 0.0 0.4 3 1.0 0.0 0.5 3 1.0 0.0 0.6 3 1.0 0.0 0.7 2 1.0 0.0 0.9 0 1 1
6 0.1 8 0.5 0.0 0.4 5 0.8 0.0 0.5 4 1.0 0.0 0.6 4 1.0 0.0 0.7 3 1.0 0.0 0.9 0 1 1
6 0.1 8 0.5 0.0 0.4 5 0.8 0.0 0.5 5 0.8 0.0 0.6 5 0.8 0.0 0.7 4 1.0 0.0 0.9 0 1 1
6 0.1 9 0.4444444444444444 0.0 0.4 4 0.75 0.0 0.5 4 0.75 0.0 0.6 4 0.75 0.0 0.7 4 0.75 0.0 0.9 0 1 1
6 0.1 9 0.4444444444444444 0.1111111111111111 0.4 6 0.6666666666666666 0.16666666666666666 0.5 6 0.6666666666666666 0.16666666666666666 0.6 5 0.8 0.2 0.7 4 0.75 0.25 0.9 0 1 1
6 0.1 10 0.5 0.0 0.4 5 0.8 0.0 0.5 4 1.0 0.0 0.6 4 1.0 0.0 0.7 4 1.0 0.0 0.9 0 1 1
6 0.1 9 0.4444444444444444 0.0 0.4 3 1.0 0.0 0.5 3 1.0 0.0 0.6 3 1.0 0.0 0.7 3 1.0 0.0 0.9 0 1 1
6 0.1 11 0.36363636363636365 0.0 0.4 3 1.0 0.0 0.5 3 1.0 0.0 0.6 3 1.0 0.0 0.7 3 1.0 0.0 0.9 0 1 1
6 0.1 9 0.4444444444444444 0.0 0.4 5 0.6 0.0 0.5 3 1.0 0.0 0.6 3 1.0 0.0 0.7 3 1.0 0.0 0.9 0 1 1
6 0.1 6 0.5 0.0 0.4 4 0.75 0.0 0.5 4 0.75 0.0 0.6 4 0.75 0.0 0.7 3 1.0 0.0 0.9 0 1 1
6 0.1 5 0.6 0.0 0.4 2 1.0 0.0 0.5 2 1.0 0.0 0.6 2 1.0 0.0 0.7 2 1.0 0.0 0.9 0 1 1
6 0.1 7 0.42857142857142855 0.0 0.4 4 0.75 0.0 0.5 3 1.0 0.0 0.6 3 1.0 0.0 0.7 3 1.0 0.0 0.9 0 1 1
6 0.1 9 0.4444444444444444 0.0 0.4 6 0.5 0.0 0.5 5 0.6 0.0 0.6 5 0.6 0.0 0.7 5 0.6 0.0 0.9 1 1.0 0.0
6 0.1 11 0.36363636363636365 0.0 0.4 5 0.8 0.0 0.5 4 0.75 0.0 0.6 4 0.75 0.0 0.7 3 1.0 0.0 0.9 0 1 1
6 0.1 8 0.5 0.0 0.4 6 0.6666666666666666 0.0 0.5 5 0.8 0.0 0.6 4 1.0 0.0 0.7 3 1.0 0.0 0.9 0 1 1
6 0.1 5 0.6 0.0 0.4 3 1.0 0.0 0.5 3 1.0 0.0 0.6 3 1.0 0.0 0.7 3 1.0 0.0 0.9 0 1 1
6 0.1 9 0.5555555555555556 0.0 0.4 6 0.6666666666666666 0.0 0.5 5 0.8 0.0 0.6 4 0.75 0.0 0.7 3 1.0 0.0 0.9 0 1 1
6 0.1 5 0.8 0.0 0.4 4 1.0 0.0 0.5 3 1.0 0.0 0.6 2 1.0 0.0 0.7 1 1.0 0.0 0.9 0 1 1
6 0.1 6 0.6666666666666666 0.0 0.4 3 1.0 0.0 0.5 3 1.0 0.0 0.6 3 1.0 0.0 0.7 3 1.0 0.0 0.9 0 1 1
6 0.1 9 0.4444444444444444 0.0 0.4 3 1.0 0.0 0.5 3 1.0 0.0 0.6 3 1.0 0.0 0.7 3 1.0 0.0 0.9 0 1 1
6 0.1 6 0.6666666666666666 0.0 0.4 5 0.8 0.0 0.5 4 1.0 0.0 0.6 4 1.0 0.0 0.7 2 1.0 0.0 0.9 0 1 1
6 0.1 7 0.7142857142857143 0.0 0.4 5 0.8 0.0 0.5 4 1.0 0.0 0.6 4 1.0 0.0 0.7 3 1.0 0.0 0.9 0 1 1
6 0.1 9 0.5555555555555556 0.0 0.4 3 0.6666666666666666 0.0 0.5 3 0.6666666666666666 0.0 0.6 2 1.0 0.0 0.7 2 1.0 0.0 0.9 0 1 1
6 0.1 7 0.5714285714285714 0.0 0.4 3 1.0 0.0 0.5 3 1.0 0.0 0.6 3 1.0 0.0 0.7 3 1.0 0.0 0.9 1 1.0 0.0
6 0.1 7 0.5714285714285714 0.0 0.4 3 1.0 0.0 0.5 3 1.0 0.0 0.6 3 1.0 0.0 0.7 3 1.0 0.0 0.9 1 1.0 0.0
6 0.1 5 1.0 0.2 0.4 4 1.0 0.25 0.5 4 1.0 0.25 0.6 4 1.0 0.25 0.7 3 1.0 0.0 0.9 1 1.0 0.0
6 0.1 4 1.0 0.0 0.4 3 1.0 0.0 0.5 3 1.0 0.0 0.6 3 1.0 0.0 0.7 3 1.0 0.0 0.9 0 1 1
6 0.1 8 0.5 0.125 0.4 3 1.0 0.3333333333333333 0.5 3 1.0 0.3333333333333333 0.6 3 1.0 0.3333333333333333 0.7 3 1.0 0.3333333333333333 0.9 0 1 1
6 0.1 10 0.4 0.0 0.4 4 0.75 0.0 0.5 4 0.75 0.0 0.6 4 0.75 0.0 0.7 3 1.0 0.0 0.9 0 1 1
6 0.1 7 0.7142857142857143 0.0 0.4 4 1.0 0.0 0.5 4 1.0 0.0 0.6 4 1.0 0.0 0.7 4 1.0 0.0 0.9 0 1 1
6 0.1 5 0.8 0.0 0.4 5 0.8 0.0 0.5 4 1.0 0.0 0.6 4 1.0 0.0 0.7 4 1.0 0.0 0.9 0 1 1
6 0.1 8 0.5 0.0 0.4 5 0.8 0.0 0.5 5 0.8 0.0 0.6 5 0.8 0.0 0.7 4 0.75 0.0 0.9 0 1 1
6 0.1 8 0.5 0.0 0.4 5 0.6 0.0 0.5 5 0.6 0.0 0.6 5 0.6 0.0 0.7 5 0.6 0.0 0.9 0 1 1
6 0.1 8 0.625 0.125 0.4 3 1.0 0.0 0.5 3 1.0 0.0 0.6 3 1.0 0.0 0.7 3 1.0 0.0 0.9 0 1 1
6 0.1 5 0.8 0.0 0.4 3 1.0 0.0 0.5 3 1.0 0.0 0.6 3 1.0 0.0 0.7 3 1.0 0.0 0.9 0 1 1
6 0.1 9 0.3333333333333333 0.0 0.4 5 0.6 0.0 0.5 3 1.0 0.0 0.6 3 1.0 0.0 0.7 3 1.0 0.0 0.9 0 1 1
6 0.1 6 0.5 0.0 0.4 4 0.75 0.0 0.5 4 0.75 0.0 0.6 4 0.75 0.0 0.7 4 0.75 0.0 0.9 0 1 1
6 0.1 7 0.7142857142857143 0.0 0.4 5 0.8 0.0 0.5 5 0.8 0.0 0.6 4 0.75 0.0 0.7 3 1.0 0.0 0.9 0 1 1
6 0.1 8 0.5 0.0 0.4 3 1.0 0.0 0.5 3 1.0 0.0 0.6 3 1.0 0.0 0.7 3 1.0 0.0 0.9 0 1 1
6 0.1 6 0.6666666666666666 0.0 0.4 4 1.0 0.0 0.5 4 1.0 0.0 0.6 4 1.0 0.0 0.7 3 1.0 0.0 0.9 0 1 1
6 0.1 9 0.4444444444444444 0.1111111111111111 0.4 4 1.0 0.25 0.5 4 1.0 0.25 0.6 4 1.0 0.25 0.7 4 1.0 0.25 0.9 0 1 1
6 0.1 6 0.6666666666666666 0.0 0.4 4 1.0 0.0 0.5 4 1.0 0.0 0.6 4 1.0 0.0 0.7 4 1.0 0.0 0.9 0 1 1
6 0.1 6 0.6666666666666666 0.0 0.4 3 1.0 0.0 0.5 3 1.0 0.0 0.6 2 1.0 0.0 0.7 2 1.0 0.0 0.9 0 1 1
6 0.1 7 0.5714285714285714 0.0 0.4 3 1.0 0.0 0.5 3 1.0 0.0 0.6 3 1.0 0.0 0.7 3 1.0 0.0 0.9 0 1 1
6 0.1 6 0.6666666666666666 0.0 0.4 4 1.0 0.0 0.5 4 1.0 0.0 0.6 4 1.0 0.0 0.7 4 1.0 0.0 0.9 0 1 1
6 0.1 5 0.8 0.0 0.4 4 1.0 0.0 0.5 4 1.0 0.0 0.6 4 1.0 0.0 0.7 4 1.0 0.0 0.9 1 1.0 0.0
6 0.1 8 0.5 0.0 0.4 5 0.8 0.0 0.5 4 1.0 0.0 0.6 4 1.0 0.0 0.7 4 1.0 0.0 0.9 0 1 1
6 0.1 11 0.5454545454545454 0.0 0.4 5 0.8 0.0 0.5 5 0.8 0.0 0.6 4 1.0 0.0 0.7 4 1.0 0.0 0.9 0 1 1
6 0.1 8 0.625 0.0 0.4 4 1.0 0.0 0.5 4 1.0 0.0 0.6 4 1.0 0.0 0.7 3 1.0 0.0 0.9 1 1.0 0.0
6 0.1 7 0.7142857142857143 0.14285714285714285 0.4 4 0.75 0.0 0.5 4 0.75 0.0 0.6 3 1.0 0.0 0.7 3 1.0 0.0 0.9 1 1.0 0.0
6 0.1 6 0.8333333333333334 0.0 0.4 4 1.0 0.0 0.5 3 1.0 0.0 0.6 3 1.0 0.0 0.7 3 1.0 0.0 0.9 0 1 1
6 0.1 6 0.6666666666666666 0.0 0.4 4 1.0 0.0 0.5 4 1.0 0.0 0.6 4 1.0 0.0 0.7 4 1.0 0.0 0.9 1 1.0 0.0
6 0.1 5 0.8 0.0 0.4 4 1.0 0.0 0.5 4 1.0 0.0 0.6 4 1.0 0.0 0.7 4 1.0 0.0 0.9 1 1.0 0.0
6 0.1 5 0.8 0.0 0.4 4 1.0 0.0 0.5 4 1.0 0.0 0.6 4 1.0 0.0 0.7 4 1.0 0.0 0.9 0 1 1
6 0.1 5 0.8 0.0 0.4 4 1.0 0.0 0.5 4 1.0 0.0 0.6 4 1.0 0.0 0.7 3 1.0 0.0 0.9 0 1 1
6 0.1 6 0.6666666666666666 0.0 0.4 4 1.0 0.0 0.5 4 1.0 0.0 0.6 4 1.0 0.0 0.7 3 1.0 0.0 0.9 0 1 1
6 0.1 6 0.6666666666666666 0.0 0.4 5 0.8 0.0 0.5 5 0.8 0.0 0.6 5 0.8 0.0 0.7 5 0.8 0.0 0.9 0 1 1
6 0.1 7 0.5714285714285714 0.0 0.4 4 1.0 0.0 0.5 4 1.0 0.0 0.6 4 1.0 0.0 0.7 4 1.0 0.0 0.9 0 1 1
6 0.1 7 0.5714285714285714 0.0 0.4 5 0.8 0.0 0.5 5 0.8 0.0 0.6 4 1.0 0.0 0.7 4 1.0 0.0 0.9 0 1 1
6 0.1 8 0.5 0.125 0.4 5 0.8 0.2 0.5 4 1.0 0.25 0.6 4 1.0 0.25 0.7 3 1.0 0.0 0.9 0 1 1
6 0.1 7 0.5714285714285714 0.14285714285714285 0.4 5 0.8 0.2 0.5 5 0.8 0.2 0.6 5 0.8 0.2 0.7 5 0.8 0.2 0.9 0 1 1
6 0.1 9 0.4444444444444444 0.0 0.4 6 0.6666666666666666 0.0 0.5 6 0.6666666666666666 0.0 0.6 4 1.0 0.0 0.7 4 1.0 0.0 0.9 0 1 1
6 0.1 8 0.5 0.125 0.4 6 0.6666666666666666 0.16666666666666666 0.5 5 0.8 0.2 0.6 4 1.0 0.25 0.7 4 1.0 0.25 0.9 0 1 1
6 0.1 6 0.5 0.0 0.4 4 0.75 0.0 0.5 3 1.0 0.0 0.6 3 1.0 0.0 0.7 2 1.0 0.0 0.9 0 1 1
6 0.1 5 0.6 0.2 0.4 4 0.75 0.25 0.5 4 0.75 0.25 0.6 3 1.0 0.3333333333333333 0.7 3 1.0 0.3333333333333333 0.9 0 1 1
6 0.1 8 0.5 0.0 0.4 5 0.8 0.0 0.5 5 0.8 0.0 0.6 5 0.8 0.0 0.7 4 1.0 0.0 0.9 0 1 1
6 0.1 6 0.6666666666666666 0.0 0.4 4 0.75 0.0 0.5 3 1.0 0.0 0.6 3 1.0 0.0 0.7 3 1.0 0.0 0.9 0 1 1
6 0.1 9 0.4444444444444444 0.0 0.4 6 0.6666666666666666 0.0 0.5 5 0.8 0.0 0.6 4 1.0 0.0 0.7 4 1.0 0.0 0.9 0 1 1
6 0.1 7 0.5714285714285714 0.0 0.4 4 1.0 0.0 0.5 4 1.0 0.0 0.6 4 1.0 0.0 0.7 4 1.0 0.0 0.9 0 1 1
6 0.1 7 0.5714285714285714 0.0 0.4 5 0.8 0.0 0.5 5 0.8 0.0 0.6 4 1.0 0.0 0.7 4 1.0 0.0 0.9 0 1 1
6 0.1 5 0.8 0.0 0.4 4 1.0 0.0 0.5 4 1.0 0.0 0.6 4 1.0 0.0 0.7 4 1.0 0.0 0.9 0 1 1
6 0.1 9 0.4444444444444444 0.0 0.4 4 1.0 0.0 0.5 4 1.0 0.0 0.6 4 1.0 0.0 0.7 4 1.0 0.0 0.9 0 1 1
6 0.1 6 0.6666666666666666 0.0 0.4 4 1.0 0.0 0.5 4 1.0 0.0 0.6 4 1.0 0.0 0.7 4 1.0 0.0 0.9 0 1 1
6 0.1 6 0.6666666666666666 0.16666666666666666 0.4 6 0.6666666666666666 0.16666666666666666 0.5 4 1.0 0.25 0.6 4 1.0 0.25 0.7 4 1.0 0.25 0.9 0 1 1
6 0.1 6 0.6666666666666666 0.0 0.4 5 0.8 0.0 0.5 4 1.0 0.0 0.6 4 1.0 0.0 0.7 4 1.0 0.0 0.9 0 1 1
6 0.1 5 0.8 0.0 0.4 4 1.0 0.0 0.5 3 1.0 0.0 0.6 3 1.0 0.0 0.7 3 1.0 0.0 0.9 0 1 1
6 0.1 8 0.5 0.0 0.4 5 0.8 0.0 0.5 5 0.8 0.0 0.6 4 0.75 0.0 0.7 3 1.0 0.0 0.9 0 1 1
6 0.1 7 0.5714285714285714 0.0 0.4 5 0.8 0.0 0.5 5 0.8 0.0 0.6 5 0.8 0.0 0.7 5 0.8 0.0 0.9 0 1 1
6 0.1 6 0.6666666666666666 0.0 0.4 4 1.0 0.0 0.5 4 1.0 0.0 0.6 4 1.0 0.0 0.7 4 1.0 0.0 0.9 1 1.0 0.0
6 0.1 7 0.5714285714285714 0.0 0.4 6 0.6666666666666666 0.0 0.5 5 0.8 0.0 0.6 5 0.8 0.0 0.7 5 0.8 0.0 0.9 3 1.0 0.0
6 0.1 8 0.5 0.0 0.4 7 0.5714285714285714 0.0 0.5 7 0.5714285714285714 0.0 0.6 6 0.6666666666666666 0.0 0.7 6 0.6666666666666666 0.0 0.9 2 1.0 0.0
6 0.1 8 0.5 0.0 0.4 7 0.5714285714285714 0.0 0.5 6 0.6666666666666666 0.0 0.6 6 0.6666666666666666 0.0 0.7 6 0.6666666666666666 0.0 0.9 1 1.0 0.0
6 0.1 10 0.4 0.0 0.4 7 0.5714285714285714 0.0 0.5 6 0.6666666666666666 0.0 0.6 5 0.8 0.0 0.7 5 0.8 0.0 0.9 2 1.0 0.0
6 0.1 8 0.5 0.0 0.4 5 0.8 0.0 0.5 4 1.0 0.0 0.6 4 1.0 0.0 0.7 4 1.0 0.0 0.9 3 1.0 0.0
6 0.1 12 0.3333333333333333 0.0 0.4 5 0.8 0.0 0.5 5 0.8 0.0 0.6 5 0.8 0.0 0.7 5 0.8 0.0 0.9 2 1.0 0.0
6 0.1 10 0.4 0.0 0.4 6 0.6666666666666666 0.0 0.5 4 1.0 0.0 0.6 4 1.0 0.0 0.7 4 1.0 0.0 0.9 1 1.0 0.0
6 0.1 6 0.6666666666666666 0.16666666666666666 0.4 4 1.0 0.25 0.5 4 1.0 0.25 0.6 4 1.0 0.25 0.7 4 1.0 0.25 0.9 1 1.0 0.0
6 0.1 6 0.6666666666666666 0.0 0.4 4 1.0 0.0 0.5 4 1.0 0.0 0.6 4 1.0 0.0 0.7 4 1.0 0.0 0.9 1 1.0 0.0
6 0.1 9 0.4444444444444444 0.0 0.4 6 0.6666666666666666 0.0 0.5 4 1.0 0.0 0.6 4 1.0 0.0 0.7 4 1.0 0.0 0.9 1 1.0 0.0
6 0.1 9 0.4444444444444444 0.0 0.4 6 0.6666666666666666 0.0 0.5 5 0.8 0.0 0.6 5 0.8 0.0 0.7 5 0.8 0.0 0.9 1 1.0 0.0
6 0.1 7 0.5714285714285714 0.0 0.4 5 0.8 0.0 0.5 5 0.8 0.0 0.6 5 0.8 0.0 0.7 5 0.8 0.0 0.9 1 1.0 0.0
6 0.1 8 0.5 0.0 0.4 6 0.6666666666666666 0.0 0.5 5 0.8 0.0 0.6 5 0.8 0.0 0.7 5 0.8 0.0 0.9 1 1.0 0.0
6 0.1 7 0.5714285714285714 0.0 0.4 6 0.6666666666666666 0.0 0.5 5 0.8 0.0 0.6 5 0.8 0.0 0.7 5 0.8 0.0 0.9 1 1.0 0.0
6 0.1 7 0.5714285714285714 0.0 0.4 6 0.6666666666666666 0.0 0.5 5 0.8 0.0 0.6 5 0.8 0.0 0.7 5 0.8 0.0 0.9 3 1.0 0.0
6 0.1 9 0.4444444444444444 0.0 0.4 6 0.6666666666666666 0.0 0.5 5 0.8 0.0 0.6 5 0.8 0.0 0.7 4 1.0 0.0 0.9 3 1.0 0.0
6 0.1 8 0.5 0.0 0.4 5 0.8 0.0 0.5 5 0.8 0.0 0.6 5 0.8 0.0 0.7 4 1.0 0.0 0.9 4 1.0 0.0
6 0.1 6 0.6666666666666666 0.0 0.4 4 1.0 0.0 0.5 4 1.0 0.0 0.6 4 1.0 0.0 0.7 4 1.0 0.0 0.9 3 1.0 0.0
6 0.1 7 0.5714285714285714 0.0 0.4 5 0.8 0.0 0.5 5 0.8 0.0 0.6 5 0.8 0.0 0.7 5 0.8 0.0 0.9 1 1.0 0.0
6 0.1 7 0.5714285714285714 0.0 0.4 4 1.0 0.0 0.5 4 1.0 0.0 0.6 4 1.0 0.0 0.7 4 1.0 0.0 0.9 1 1.0 0.0
6 0.1 6 0.6666666666666666 0.0 0.4 4 1.0 0.0 0.5 4 1.0 0.0 0.6 4 1.0 0.0 0.7 4 1.0 0.0 0.9 0 1 1
6 0.1 7 0.5714285714285714 0.0 0.4 6 0.6666666666666666 0.0 0.5 5 0.8 0.0 0.6 5 0.8 0.0 0.7 5 0.8 0.0 0.9 3 1.0 0.0
6 0.1 6 0.6666666666666666 0.0 0.4 5 0.8 0.0 0.5 5 0.8 0.0 0.6 4 1.0 0.0 0.7 4 1.0 0.0 0.9 1 1.0 0.0
6 0.1 7 0.5714285714285714 0.14285714285714285 0.4 5 0.8 0.2 0.5 5 0.8 0.2 0.6 5 0.8 0.2 0.7 5 0.8 0.2 0.9 2 1.0 0.5
6 0.1 6 0.6666666666666666 0.16666666666666666 0.4 5 0.8 0.2 0.5 5 0.8 0.2 0.6 5 0.8 0.2 0.7 5 0.8 0.2 0.9 1 1.0 0.0
6 0.1 6 0.6666666666666666 0.0 0.4 4 1.0 0.0 0.5 4 1.0 0.0 0.6 4 1.0 0.0 0.7 4 1.0 0.0 0.9 1 1.0 0.0
6 0.1 7 0.5714285714285714 0.0 0.4 6 0.6666666666666666 0.0 0.5 5 0.8 0.0 0.6 5 0.8 0.0 0.7 5 0.8 0.0 0.9 1 1.0 0.0
6 0.1 5 0.8 0.0 0.4 5 0.8 0.0 0.5 5 0.8 0.0 0.6 5 0.8 0.0 0.7 5 0.8 0.0 0.9 0 1 1
6 0.1 5 0.8 0.0 0.4 5 0.8 0.0 0.5 5 0.8 0.0 0.6 5 0.8 0.0 0.7 5 0.8 0.0 0.9 1 1.0 0.0
6 0.1 6 0.6666666666666666 0.0 0.4 4 1.0 0.0 0.5 4 1.0 0.0 0.6 4 1.0 0.0 0.7 4 1.0 0.0 0.9 1 1.0 0.0
6 0.1 7 0.5714285714285714 0.0 0.4 6 0.6666666666666666 0.0 0.5 5 0.8 0.0 0.6 5 0.8 0.0 0.7 5 0.8 0.0 0.9 1 1.0 0.0
6 0.1 6 0.6666666666666666 0.0 0.4 6 0.6666666666666666 0.0 0.5 5 0.8 0.0 0.6 5 0.8 0.0 0.7 5 0.8 0.0 0.9 1 1.0 0.0
6 0.1 6 0.6666666666666666 0.0 0.4 5 0.8 0.0 0.5 5 0.8 0.0 0.6 5 0.8 0.0 0.7 5 0.8 0.0 0.9 3 1.0 0.0
6 0.1 9 0.5555555555555556 0.0 0.4 5 0.8 0.0 0.5 4 1.0 0.0 0.6 4 1.0 0.0 0.7 4 1.0 0.0 0.9 2 1.0 0.0
6 0.1 6 0.6666666666666666 0.16666666666666666 0.4 5 0.8 0.2 0.5 5 0.8 0.2 0.6 5 0.8 0.2 0.7 5 0.8 0.2 0.9 2 1.0 0.5
6 0.1 5 0.8 0.0 0.4 5 0.8 0.0 0.5 4 1.0 0.0 0.6 4 1.0 0.0 0.7 4 1.0 0.0 0.9 1 1.0 0.0
6 0.1 5 0.8 0.0 0.4 5 0.8 0.0 0.5 4 1.0 0.0 0.6 4 1.0 0.0 0.7 4 1.0 0.0 0.9 0 1 1
6 0.1 5 0.8 0.0 0.4 5 0.8 0.0 0.5 5 0.8 0.0 0.6 5 0.8 0.0 0.7 5 0.8 0.0 0.9 0 1 1
6 0.1 5 0.8 0.0 0.4 4 1.0 0.0 0.5 4 1.0 0.0 0.6 4 1.0 0.0 0.7 4 1.0 0.0 0.9 0 1 1
6 0.1 5 0.8 0.0 0.4 5 0.8 0.0 0.5 5 0.8 0.0 0.6 5 0.8 0.0 0.7 4 1.0 0.0 0.9 1 1.0 0.0
6 0.1 5 0.8 0.0 0.4 5 0.8 0.0 0.5 5 0.8 0.0 0.6 5 0.8 0.0 0.7 5 0.8 0.0 0.9 1 1.0 0.0
6 0.1 6 0.6666666666666666 0.0 0.4 5 0.8 0.0 0.5 5 0.8 0.0 0.6 5 0.8 0.0 0.7 5 0.8 0.0 0.9 0 1 1
6 0.1 6 0.6666666666666666 0.0 0.4 4 0.75 0.0 0.5 4 0.75 0.0 0.6 4 0.75 0.0 0.7 3 1.0 0.0 0.9 0 1 1
6 0.1 5 0.8 0.0 0.4 4 1.0 0.0 0.5 4 1.0 0.0 0.6 4 1.0 0.0 0.7 4 1.0 0.0 0.9 1 1.0 0.0
6 0.1 5 0.8 0.0 0.4 5 0.8 0.0 0.5 5 0.8 0.0 0.6 3 1.0 0.0 0.7 3 1.0 0.0 0.9 0 1 1
6 0.1 7 0.5714285714285714 0.0 0.4 5 0.8 0.0 0.5 5 0.8 0.0 0.6 5 0.8 0.0 0.7 5 0.8 0.0 0.9 0 1 1
6 0.1 6 0.6666666666666666 0.0 0.4 5 0.8 0.0 0.5 5 0.8 0.0 0.6 5 0.8 0.0 0.7 4 1.0 0.0 0.9 0 1 1
6 0.1 5 0.8 0.0 0.4 4 1.0 0.0 0.5 4 1.0 0.0 0.6 4 1.0 0.0 0.7 4 1.0 0.0 0.9 1 1.0 0.0
6 0.1 5 0.8 0.0 0.4 5 0.8 0.0 0.5 5 0.8 0.0 0.6 4 1.0 0.0 0.7 4 1.0 0.0 0.9 2 1.0 0.0
6 0.1 5 0.8 0.0 0.4 4 1.0 0.0 0.5 4 1.0 0.0 0.6 4 1.0 0.0 0.7 4 1.0 0.0 0.9 2 1.0 0.0
6 0.1 6 0.6666666666666666 0.0 0.4 5 0.8 0.0 0.5 5 0.8 0.0 0.6 5 0.8 0.0 0.7 5 0.8 0.0 0.9 2 1.0 0.0
6 0.1 7 0.5714285714285714 0.0 0.4 5 0.8 0.0 0.5 5 0.8 0.0 0.6 5 0.8 0.0 0.7 5 0.8 0.0 0.9 2 1.0 0.0
6 0.1 6 0.6666666666666666 0.0 0.4 5 0.8 0.0 0.5 5 0.8 0.0 0.6 4 1.0 0.0 0.7 4 1.0 0.0 0.9 2 1.0 0.0
6 0.1 6 0.6666666666666666 0.0 0.4 5 0.8 0.0 0.5 5 0.8 0.0 0.6 5 0.8 0.0 0.7 4 1.0 0.0 0.9 3 1.0 0.0
6 0.1 6 0.6666666666666666 0.0 0.4 4 1.0 0.0 0.5 4 1.0 0.0 0.6 4 1.0 0.0 0.7 4 1.0 0.0 0.9 1 1.0 0.0
6 0.1 6 0.6666666666666666 0.0 0.4 5 0.8 0.0 0.5 5 0.8 0.0 0.6 5 0.8 0.0 0.7 5 0.8 0.0 0.9 1 1.0 0.0
6 0.1 8 0.625 0.0 0.4 5 0.8 0.0 0.5 5 0.8 0.0 0.6 5 0.8 0.0 0.7 5 0.8 0.0 0.9 1 1.0 0.0
6 0.1 8 0.5 0.0 0.4 6 0.6666666666666666 0.0 0.5 6 0.6666666666666666 0.0 0.6 6 0.6666666666666666 0.0 0.7 6 0.6666666666666666 0.0 0.9 2 1.0 0.0
6 0.1 9 0.4444444444444444 0.0 0.4 5 0.8 0.0 0.5 5 0.8 0.0 0.6 5 0.8 0.0 0.7 5 0.8 0.0 0.9 2 1.0 0.0
6 0.1 5 0.8 0.0 0.4 5 0.8 0.0 0.5 5 0.8 0.0 0.6 5 0.8 0.0 0.7 5 0.8 0.0 0.9 1 1.0 0.0
6 0.1 8 0.5 0.0 0.4 5 0.8 0.0 0.5 5 0.8 0.0 0.6 5 0.8 0.0 0.7 5 0.8 0.0 0.9 2 1.0 0.0
6 0.1 6 0.6666666666666666 0.0 0.4 5 0.8 0.0 0.5 5 0.8 0.0 0.6 5 0.8 0.0 0.7 5 0.8 0.0 0.9 3 1.0 0.0
6 0.1 5 0.8 0.0 0.4 4 1.0 0.0 0.5 4 1.0 0.0 0.6 4 1.0 0.0 0.7 4 1.0 0.0 0.9 3 1.0 0.0
6 0.1 6 0.6666666666666666 0.0 0.4 6 0.6666666666666666 0.0 0.5 6 0.6666666666666666 0.0 0.6 4 1.0 0.0 0.7 4 1.0 0.0 0.9 3 1.0 0.0
6 0.1 7 0.5714285714285714 0.0 0.4 6 0.6666666666666666 0.0 0.5 5 0.8 0.0 0.6 5 0.8 0.0 0.7 4 1.0 0.0 0.9 4 1.0 0.0
6 0.1 8 0.5 0.0 0.4 5 0.8 0.0 0.5 5 0.8 0.0 0.6 5 0.8 0.0 0.7 5 0.8 0.0 0.9 3 1.0 0.0
6 0.1 7 0.5714285714285714 0.0 0.4 5 0.8 0.0 0.5 5 0.8 0.0 0.6 5 0.8 0.0 0.7 5 0.8 0.0 0.9 2 1.0 0.0
6 0.1 8 0.5 0.0 0.4 6 0.6666666666666666 0.0 0.5 6 0.6666666666666666 0.0 0.6 5 0.8 0.0 0.7 5 0.8 0.0 0.9 2 1.0 0.0
6 0.1 9 0.4444444444444444 0.0 0.4 6 0.6666666666666666 0.0 0.5 6 0.6666666666666666 0.0 0.6 5 0.8 0.0 0.7 5 0.8 0.0 0.9 2 1.0 0.0
6 0.1 8 0.5 0.0 0.4 6 0.6666666666666666 0.0 0.5 6 0.6666666666666666 0.0 0.6 6 0.6666666666666666 0.0 0.7 5 0.8 0.0 0.9 3 1.0 0.0
6 0.1 6 0.6666666666666666 0.0 0.4 5 0.8 0.0 0.5 5 0.8 0.0 0.6 5 0.8 0.0 0.7 5 0.8 0.0 0.9 3 1.0 0.0
6 0.1 5 0.8 0.0 0.4 5 0.8 0.0 0.5 5 0.8 0.0 0.6 5 0.8 0.0 0.7 4 1.0 0.0 0.9 3 1.0 0.0
6 0.1 7 0.5714285714285714 0.0 0.4 5 0.8 0.0 0.5 5 0.8 0.0 0.6 5 0.8 0.0 0.7 4 1.0 0.0 0.9 2 1.0 0.0
6 0.1 5 0.8 0.0 0.4 5 0.8 0.0 0.5 5 0.8 0.0 0.6 5 0.8 0.0 0.7 4 1.0 0.0 0.9 1 1.0 0.0
6 0.1 7 0.5714285714285714 0.0 0.4 5 0.8 0.0 0.5 5 0.8 0.0 0.6 5 0.8 0.0 0.7 5 0.8 0.0 0.9 3 1.0 0.0
6 0.1 4 1.0 0.0 0.4 4 1.0 0.0 0.5 4 1.0 0.0 0.6 3 1.0 0.0 0.7 1 1.0 0.0 0.9 0 1 1
6 0.1 5 0.8 0.0 0.4 5 0.8 0.0 0.5 5 0.8 0.0 0.6 4 1.0 0.0 0.7 4 1.0 0.0 0.9 2 1.0 0.0
