6 0.1 0 1 1 0.4 0 1 1 0.5 0 1 1 0.6 0 1 1 0.7 0 1 1 0.9 0 1 1
6 0.1 0 1 1 0.4 0 1 1 0.5 0 1 1 0.6 0 1 1 0.7 0 1 1 0.9 0 1 1
6 0.1 0 1 1 0.4 0 1 1 0.5 0 1 1 0.6 0 1 1 0.7 0 1 1 0.9 0 1 1
6 0.1 17 0.0 0.0 0.4 0 1 1 0.5 0 1 1 0.6 0 1 1 0.7 0 1 1 0.9 0 1 1
6 0.1 36 0.08333333333333333 0.0 0.4 1 0.0 0.0 0.5 1 0.0 0.0 0.6 0 1 1 0.7 0 1 1 0.9 0 1 1
6 0.1 54 0.0 0.0 0.4 3 0.0 0.0 0.5 1 0.0 0.0 0.6 0 1 1 0.7 0 1 1 0.9 0 1 1
6 0.1 11 0.0 0.0 0.4 0 1 1 0.5 0 1 1 0.6 0 1 1 0.7 0 1 1 0.9 0 1 1
6 0.1 166 0.03614457831325301 0.0 0.4 11 0.09090909090909091 0.0 0.5 2 0.0 0.0 0.6 0 1 1 0.7 0 1 1 0.9 0 1 1
6 0.1 173 0.03468208092485549 0.0 0.4 11 0.09090909090909091 0.0 0.5 2 0.0 0.0 0.6 0 1 1 0.7 0 1 1 0.9 0 1 1
6 0.1 213 0.028169014084507043 0.0 0.4 10 0.1 0.0 0.5 1 0.0 0.0 0.6 0 1 1 0.7 0 1 1 0.9 0 1 1
6 0.1 88 0.056818181818181816 0.0 0.4 5 0.2 0.0 0.5 1 0.0 0.0 0.6 0 1 1 0.7 0 1 1 0.9 0 1 1
6 0.1 60 0.08333333333333333 0.0 0.4 2 0.0 0.0 0.5 0 1 1 0.6 0 1 1 0.7 0 1 1 0.9 0 1 1
6 0.1 24 0.16666666666666666 0.0 0.4 0 1 1 0.5 0 1 1 0.6 0 1 1 0.7 0 1 1 0.9 0 1 1
6 0.1 84 0.05952380952380952 0.0 0.4 5 0.4 0.0 0.5 0 1 1 0.6 0 1 1 0.7 0 1 1 0.9 0 1 1
6 0.1 35 0.08571428571428572 0.0 0.4 0 1 1 0.5 0 1 1 0.6 0 1 1 0.7 0 1 1 0.9 0 1 1
6 0.1 25 0.2 0.0 0.4 0 1 1 0.5 0 1 1 0.6 0 1 1 0.7 0 1 1 0.9 0 1 1
6 0.1 24 0.125 0.0 0.4 0 1 1 0.5 0 1 1 0.6 0 1 1 0.7 0 1 1 0.9 0 1 1
6 0.1 16 0.125 0.0 0.4 0 1 1 0.5 0 1 1 0.6 0 1 1 0.7 0 1 1 0.9 0 1 1
6 0.1 26 0.11538461538461539 0.0 0.4 2 0.5 0.0 0.5 0 1 1 0.6 0 1 1 0.7 0 1 1 0.9 0 1 1
6 0.1 33 0.15151515151515152 0.0 0.4 3 0.3333333333333333 0.0 0.5 1 0.0 0.0 0.6 0 1 1 0.7 0 1 1 0.9 0 1 1
6 0.1 38 0.13157894736842105 0.0 0.4 8 0.125 0.0 0.5 3 0.3333333333333333 0.0 0.6 1 0.0 0.0 0.7 0 1 1 0.9 0 1 1
6 0.1 15 0.2 0.0 0.4 2 0.0 0.0 0.5 0 1 1 0.6 0 1 1 0.7 0 1 1 0.9 0 1 1
6 0.1 11 0.2727272727272727 0.0 0.4 0 1 1 0.5 0 1 1 0.6 0 1 1 0.7 0 1 1 0.9 0 1 1
6 0.1 31 0.12903225806451613 0.0 0.4 5 0.6 0.0 0.5 4 0.5 0.0 0.6 1 0.0 0.0 0.7 0 1 1 0.9 0 1 1
6 0.1 30 0.13333333333333333 0.0 0.4 4 0.5 0.0 0.5 2 0.5 0.0 0.6 1 0.0 0.0 0.7 0 1 1 0.9 0 1 1
6 0.1 32 0.1875 0.0 0.4 10 0.4 0.0 0.5 7 0.2857142857142857 0.0 0.6 3 0.3333333333333333 0.0 0.7 1 0.0 0.0 0.9 0 1 1
6 0.1 16 0.25 0.0 0.4 2 0.0 0.0 0.5 1 0.0 0.0 0.6 0 1 1 0.7 0 1 1 0.9 0 1 1
6 0.1 11 0.45454545454545453 0.0 0.4 0 1 1 0.5 0 1 1 0.6 0 1 1 0.7 0 1 1 0.9 0 1 1
6 0.1 5 0.4 0.0 0.4 0 1 1 0.5 0 1 1 0.6 0 1 1 0.7 0 1 1 0.9 0 1 1
6 0.1 2 0.0 0.0 0.4 1 0.0 0.0 0.5 1 0.0 0.0 0.6 0 1 1 0.7 0 1 1 0.9 0 1 1
6 0.1 23 0.17391304347826086 0.0 0.4 3 0.0 0.0 0.5 0 1 1 0.6 0 1 1 0.7 0 1 1 0.9 0 1 1
6 0.1 29 0.034482758620689655 0.0 0.4 0 1 1 0.5 0 1 1 0.6 0 1 1 0.7 0 1 1 0.9 0 1 1
6 0.1 16 0.125 0.0 0.4 3 0.0 0.0 0.5 1 0.0 0.0 0.6 0 1 1 0.7 0 1 1 0.9 0 1 1
6 0.1 31 0.06451612903225806 0.0 0.4 1 0.0 0.0 0.5 0 1 1 0.6 0 1 1 0.7 0 1 1 0.9 0 1 1
6 0.1 16 0.125 0.0 0.4 4 0.25 0.0 0.5 3 0.3333333333333333 0.0 0.6 0 1 1 0.7 0 1 1 0.9 0 1 1
6 0.1 7 0.42857142857142855 0.0 0.4 1 0.0 0.0 0.5 0 1 1 0.6 0 1 1 0.7 0 1 1 0.9 0 1 1
6 0.1 13 0.23076923076923078 0.0 0.4 2 0.0 0.0 0.5 0 1 1 0.6 0 1 1 0.7 0 1 1 0.9 0 1 1
6 0.1 5 0.4 0.0 0.4 0 1 1 0.5 0 1 1 0.6 0 1 1 0.7 0 1 1 0.9 0 1 1
6 0.1 15 0.13333333333333333 0.0 0.4 0 1 1 0.5 0 1 1 0.6 0 1 1 0.7 0 1 1 0.9 0 1 1
6 0.1 9 0.3333333333333333 0.0 0.4 0 1 1 0.5 0 1 1 0.6 0 1 1 0.7 0 1 1 0.9 0 1 1
6 0.1 0 1 1 0.4 0 1 1 0.5 0 1 1 0.6 0 1 1 0.7 0 1 1 0.9 0 1 1
6 0.1 27 0.1111111111111111 0.0 0.4 1 0.0 0.0 0.5 0 1 1 0.6 0 1 1 0.7 0 1 1 0.9 0 1 1
6 0.1 0 1 1 0.4 0 1 1 0.5 0 1 1 0.6 0 1 1 0.7 0 1 1 0.9 0 1 1
6 0.1 0 1 1 0.4 0 1 1 0.5 0 1 1 0.6 0 1 1 0.7 0 1 1 0.9 0 1 1
6 0.1 0 1 1 0.4 0 1 1 0.5 0 1 1 0.6 0 1 1 0.7 0 1 1 0.9 0 1 1
6 0.1 0 1 1 0.4 0 1 1 0.5 0 1 1 0.6 0 1 1 0.7 0 1 1 0.9 0 1 1
6 0.1 0 1 1 0.4 0 1 1 0.5 0 1 1 0.6 0 1 1 0.7 0 1 1 0.9 0 1 1
6 0.1 0 1 1 0.4 0 1 1 0.5 0 1 1 0.6 0 1 1 0.7 0 1 1 0.9 0 1 1
6 0.1 0 1 1 0.4 0 1 1 0.5 0 1 1 0.6 0 1 1 0.7 0 1 1 0.9 0 1 1
6 0.1 0 1 1 0.4 0 1 1 0.5 0 1 1 0.6 0 1 1 0.7 0 1 1 0.9 0 1 1
6 0.1 0 1 1 0.4 0 1 1 0.5 0 1 1 0.6 0 1 1 0.7 0 1 1 0.9 0 1 1
6 0.1 1 0.0 0.0 0.4 0 1 1 0.5 0 1 1 0.6 0 1 1 0.7 0 1 1 0.9 0 1 1
6 0.1 0 1 1 0.4 0 1 1 0.5 0 1 1 0.6 0 1 1 0.7 0 1 1 0.9 0 1 1
6 0.1 0 1 1 0.4 0 1 1 0.5 0 1 1 0.6 0 1 1 0.7 0 1 1 0.9 0 1 1
6 0.1 0 1 1 0.4 0 1 1 0.5 0 1 1 0.6 0 1 1 0.7 0 1 1 0.9 0 1 1
6 0.1 0 1 1 0.4 0 1 1 0.5 0 1 1 0.6 0 1 1 0.7 0 1 1 0.9 0 1 1
6 0.1 0 1 1 0.4 0 1 1 0.5 0 1 1 0.6 0 1 1 0.7 0 1 1 0.9 0 1 1
6 0.1 2 0.0 0.0 0.4 0 1 1 0.5 0 1 1 0.6 0 1 1 0.7 0 1 1 0.9 0 1 1
6 0.1 0 1 1 0.4 0 1 1 0.5 0 1 1 0.6 0 1 1 0.7 0 1 1 0.9 0 1 1
6 0.1 3 0.0 0.0 0.4 1 0.0 0.0 0.5 1 0.0 0.0 0.6 0 1 1 0.7 0 1 1 0.9 0 1 1
6 0.1 1 0.0 0.0 0.4 0 1 1 0.5 0 1 1 0.6 0 1 1 0.7 0 1 1 0.9 0 1 1
6 0.1 14 0.0 0.0 0.4 3 0.0 0.0 0.5 2 0.0 0.0 0.6 1 0.0 0.0 0.7 0 1 1 0.9 0 1 1
6 0.1 17 0.23529411764705882 0.0 0.4 2 0.0 0.0 0.5 0 1 1 0.6 0 1 1 0.7 0 1 1 0.9 0 1 1
6 0.1 5 0.2 0.0 0.4 0 1 1 0.5 0 1 1 0.6 0 1 1 0.7 0 1 1 0.9 0 1 1
6 0.1 1 0.0 0.0 0.4 0 1 1 0.5 0 1 1 0.6 0 1 1 0.7 0 1 1 0.9 0 1 1
6 0.1 5 0.2 0.0 0.4 1 0.0 0.0 0.5 0 1 1 0.6 0 1 1 0.7 0 1 1 0.9 0 1 1
6 0.1 4 0.5 0.0 0.4 0 1 1 0.5 0 1 1 0.6 0 1 1 0.7 0 1 1 0.9 0 1 1
6 0.1 4 0.25 0.0 0.4 1 0.0 0.0 0.5 0 1 1 0.6 0 1 1 0.7 0 1 1 0.9 0 1 1
6 0.1 8 0.25 0.0 0.4 1 0.0 0.0 0.5 1 0.0 0.0 0.6 1 0.0 0.0 0.7 0 1 1 0.9 0 1 1
6 0.1 15 0.4 0.0 0.4 4 0.25 0.0 0.5 3 0.0 0.0 0.6 1 0.0 0.0 0.7 0 1 1 0.9 0 1 1
6 0.1 13 0.38461538461538464 0.0 0.4 0 1 1 0.5 0 1 1 0.6 0 1 1 0.7 0 1 1 0.9 0 1 1
6 0.1 3 0.0 0.0 0.4 0 1 1 0.5 0 1 1 0.6 0 1 1 0.7 0 1 1 0.9 0 1 1
6 0.1 16 0.25 0.0 0.4 4 0.0 0.0 0.5 0 1 1 0.6 0 1 1 0.7 0 1 1 0.9 0 1 1
6 0.1 8 0.5 0.0 0.4 1 0.0 0.0 0.5 0 1 1 0.6 0 1 1 0.7 0 1 1 0.9 0 1 1
6 0.1 12 0.3333333333333333 0.0 0.4 2 0.0 0.0 0.5 1 0.0 0.0 0.6 1 0.0 0.0 0.7 0 1 1 0.9 0 1 1
6 0.1 15 0.3333333333333333 0.0 0.4 4 0.5 0.0 0.5 3 0.3333333333333333 0.0 0.6 0 1 1 0.7 0 1 1 0.9 0 1 1
6 0.1 30 0.2 0.0 0.4 6 0.5 0.0 0.5 5 0.6 0.0 0.6 2 0.0 0.0 0.7 1 0.0 0.0 0.9 0 1 1
6 0.1 11 0.2727272727272727 0.0 0.4 2 0.5 0.0 0.5 0 1 1 0.6 0 1 1 0.7 0 1 1 0.9 0 1 1
6 0.1 19 0.2631578947368421 0.0 0.4 3 0.6666666666666666 0.0 0.5 1 1.0 0.0 0.6 0 1 1 0.7 0 1 1 0.9 0 1 1
6 0.1 8 0.375 0.0 0.4 2 0.0 0.0 0.5 1 0.0 0.0 0.6 0 1 1 0.7 0 1 1 0.9 0 1 1
6 0.1 14 0.35714285714285715 0.0 0.4 7 0.5714285714285714 0.0 0.5 6 0.6666666666666666 0.0 0.6 2 0.0 0.0 0.7 0 1 1 0.9 0 1 1
6 0.1 11 0.45454545454545453 0.09090909090909091 0.4 3 0.6666666666666666 0.0 0.5 1 0.0 0.0 0.6 1 0.0 0.0 0.7 0 1 1 0.9 0 1 1
6 0.1 19 0.2631578947368421 0.0 0.4 6 0.6666666666666666 0.0 0.5 5 0.8 0.0 0.6 1 1.0 0.0 0.7 0 1 1 0.9 0 1 1
6 0.1 10 0.5 0.0 0.4 7 0.5714285714285714 0.0 0.5 5 0.6 0.0 0.6 2 0.5 0.0 0.7 1 0.0 0.0 0.9 0 1 1
6 0.1 16 0.375 0.0 0.4 7 0.5714285714285714 0.0 0.5 6 0.5 0.0 0.6 4 0.5 0.0 0.7 2 0.5 0.0 0.9 0 1 1
6 0.1 9 0.5555555555555556 0.0 0.4 3 0.6666666666666666 0.0 0.5 2 0.5 0.0 0.6 1 1.0 0.0 0.7 0 1 1 0.9 0 1 1
6 0.1 18 0.2777777777777778 0.0 0.4 7 0.5714285714285714 0.0 0.5 6 0.5 0.0 0.6 1 1.0 0.0 0.7 1 1.0 0.0 0.9 0 1 1
6 0.1 8 0.5 0.0 0.4 2 0.0 0.0 0.5 1 0.0 0.0 0.6 0 1 1 0.7 0 1 1 0.9 0 1 1
6 0.1 11 0.45454545454545453 0.0 0.4 2 1.0 0.0 0.5 1 1.0 0.0 0.6 0 1 1 0.7 0 1 1 0.9 0 1 1
6 0.1 11 0.45454545454545453 0.0 0.4 2 0.5 0.0 0.5 1 1.0 0.0 0.6 0 1 1 0.7 0 1 1 0.9 0 1 1
6 0.1 7 0.2857142857142857 0.0 0.4 2 0.5 0.0 0.5 1 0.0 0.0 0.6 1 0.0 0.0 0.7 0 1 1 0.9 0 1 1
6 0.1 15 0.3333333333333333 0.0 0.4 9 0.5555555555555556 0.0 0.5 5 0.4 0.0 0.6 4 0.25 0.0 0.7 1 0.0 0.0 0.9 0 1 1
6 0.1 18 0.3333333333333333 0.0 0.4 6 0.5 0.0 0.5 6 0.5 0.0 0.6 5 0.6 0.0 0.7 3 0.3333333333333333 0.0 0.9 0 1 1
6 0.1 9 0.4444444444444444 0.0 0.4 2 0.0 0.0 0.5 1 0.0 0.0 0.6 0 1 1 0.7 0 1 1 0.9 0 1 1
6 0.1 11 0.45454545454545453 0.0 0.4 5 0.6 0.0 0.5 3 0.6666666666666666 0.0 0.6 1 1.0 0.0 0.7 0 1 1 0.9 0 1 1
6 0.1 7 0.5714285714285714 0.0 0.4 1 1.0 0.0 0.5 0 1 1 0.6 0 1 1 0.7 0 1 1 0.9 0 1 1
6 0.1 12 0.4166666666666667 0.0 0.4 2 1.0 0.0 0.5 1 1.0 0.0 0.6 0 1 1 0.7 0 1 1 0.9 0 1 1
6 0.1 11 0.45454545454545453 0.0 0.4 4 0.75 0.0 0.5 2 0.5 0.0 0.6 1 0.0 0.0 0.7 0 1 1 0.9 0 1 1
6 0.1 14 0.42857142857142855 0.0 0.4 5 0.6 0.0 0.5 4 0.5 0.0 0.6 3 0.6666666666666666 0.0 0.7 1 0.0 0.0 0.9 0 1 1
6 0.1 22 0.2727272727272727 0.0 0.4 11 0.36363636363636365 0.0 0.5 7 0.5714285714285714 0.0 0.6 5 0.6 0.0 0.7 1 0.0 0.0 0.9 0 1 1
6 0.1 8 0.375 0.0 0.4 2 0.0 0.0 0.5 2 0.0 0.0 0.6 2 0.0 0.0 0.7 0 1 1 0.9 0 1 1
6 0.1 18 0.3333333333333333 0.0 0.4 10 0.3 0.0 0.5 8 0.375 0.0 0.6 6 0.5 0.0 0.7 3 0.6666666666666666 0.0 0.9 0 1 1
6 0.1 5 0.0 0.0 0.4 0 1 1 0.5 0 1 1 0.6 0 1 1 0.7 0 1 1 0.9 0 1 1
6 0.1 9 0.5555555555555556 0.0 0.4 2 1.0 0.0 0.5 2 1.0 0.0 0.6 1 1.0 0.0 0.7 0 1 1 0.9 0 1 1
6 0.1 11 0.45454545454545453 0.0 0.4 4 0.5 0.0 0.5 0 1 1 0.6 0 1 1 0.7 0 1 1 0.9 0 1 1
6 0.1 10 0.5 0.0 0.4 5 0.8 0.0 0.5 3 1.0 0.0 0.6 1 1.0 0.0 0.7 0 1 1 0.9 0 1 1
6 0.1 10 0.5 0.0 0.4 7 0.7142857142857143 0.0 0.5 5 0.6 0.0 0.6 3 0.6666666666666666 0.0 0.7 1 1.0 0.0 0.9 0 1 1
6 0.1 10 0.5 0.0 0.4 4 1.0 0.0 0.5 4 1.0 0.0 0.6 2 1.0 0.0 0.7 1 1.0 0.0 0.9 0 1 1
6 0.1 10 0.6 0.0 0.4 3 1.0 0.0 0.5 2 1.0 0.0 0.6 2 1.0 0.0 0.7 1 1.0 0.0 0.9 0 1 1
6 0.1 4 0.5 0.0 0.4 1 0.0 0.0 0.5 1 0.0 0.0 0.6 1 0.0 0.0 0.7 0 1 1 0.9 0 1 1
6 0.1 7 0.7142857142857143 0.0 0.4 0 1 1 0.5 0 1 1 0.6 0 1 1 0.7 0 1 1 0.9 0 1 1
6 0.1 14 0.35714285714285715 0.0 0.4 7 0.5714285714285714 0.0 0.5 4 0.75 0.0 0.6 2 0.5 0.0 0.7 1 0.0 0.0 0.9 0 1 1
6 0.1 8 0.625 0.0 0.4 6 0.8333333333333334 0.0 0.5 1 0.0 0.0 0.6 0 1 1 0.7 0 1 1 0.9 0 1 1
6 0.1 9 0.5555555555555556 0.0 0.4 6 0.8333333333333334 0.0 0.5 5 0.8 0.0 0.6 2 0.5 0.0 0.7 1 0.0 0.0 0.9 0 1 1
6 0.1 9 0.5555555555555556 0.0 0.4 4 0.5 0.0 0.5 1 0.0 0.0 0.6 1 0.0 0.0 0.7 1 0.0 0.0 0.9 0 1 1
6 0.1 13 0.46153846153846156 0.0 0.4 9 0.5555555555555556 0.0 0.5 8 0.625 0.0 0.6 4 0.5 0.0 0.7 3 0.3333333333333333 0.0 0.9 0 1 1
6 0.1 5 0.6 0.0 0.4 1 0.0 0.0 0.5 1 0.0 0.0 0.6 0 1 1 0.7 0 1 1 0.9 0 1 1
6 0.1 9 0.5555555555555556 0.0 0.4 3 0.6666666666666666 0.0 0.5 1 1.0 0.0 0.6 0 1 1 0.7 0 1 1 0.9 0 1 1
6 0.1 13 0.38461538461538464 0.0 0.4 5 0.4 0.0 0.5 2 0.5 0.0 0.6 2 0.5 0.0 0.7 1 0.0 0.0 0.9 0 1 1
6 0.1 14 0.35714285714285715 0.0 0.4 6 0.6666666666666666 0.0 0.5 6 0.6666666666666666 0.0 0.6 4 0.5 0.0 0.7 1 0.0 0.0 0.9 0 1 1
6 0.1 8 0.625 0.0 0.4 5 0.8 0.0 0.5 3 0.6666666666666666 0.0 0.6 1 0.0 0.0 0.7 1 0.0 0.0 0.9 0 1 1
6 0.1 9 0.5555555555555556 0.0 0.4 2 0.5 0.0 0.5 2 0.5 0.0 0.6 2 0.5 0.0 0.7 1 0.0 0.0 0.9 0 1 1
6 0.1 12 0.5 0.0 0.4 5 0.4 0.0 0.5 4 0.5 0.0 0.6 2 0.5 0.0 0.7 1 0.0 0.0 0.9 0 1 1
6 0.1 13 0.46153846153846156 0.0 0.4 8 0.625 0.0 0.5 8 0.625 0.0 0.6 7 0.7142857142857143 0.0 0.7 4 0.75 0.0 0.9 0 1 1
6 0.1 8 0.625 0.0 0.4 5 0.8 0.0 0.5 4 0.75 0.0 0.6 3 1.0 0.0 0.7 0 1 1 0.9 0 1 1
6 0.1 9 0.4444444444444444 0.0 0.4 2 0.5 0.0 0.5 1 0.0 0.0 0.6 0 1 1 0.7 0 1 1 0.9 0 1 1
6 0.1 3 0.0 0.0 0.4 0 1 1 0.5 0 1 1 0.6 0 1 1 0.7 0 1 1 0.9 0 1 1
6 0.1 8 0.625 0.0 0.4 4 0.75 0.0 0.5 2 1.0 0.0 0.6 0 1 1 0.7 0 1 1 0.9 0 1 1
6 0.1 7 0.5714285714285714 0.0 0.4 5 0.6 0.0 0.5 5 0.6 0.0 0.6 5 0.6 0.0 0.7 1 0.0 0.0 0.9 0 1 1
6 0.1 6 0.6666666666666666 0.0 0.4 4 0.5 0.0 0.5 3 0.6666666666666666 0.0 0.6 2 1.0 0.0 0.7 0 1 1 0.9 0 1 1
6 0.1 12 0.4166666666666667 0.0 0.4 7 0.5714285714285714 0.0 0.5 6 0.6666666666666666 0.0 0.6 4 0.5 0.0 0.7 3 0.6666666666666666 0.0 0.9 0 1 1
6 0.1 12 0.4166666666666667 0.0 0.4 5 0.8 0.0 0.5 4 0.75 0.0 0.6 4 0.75 0.0 0.7 1 0.0 0.0 0.9 0 1 1
6 0.1 7 0.5714285714285714 0.0 0.4 5 0.6 0.0 0.5 4 0.75 0.0 0.6 2 1.0 0.0 0.7 1 1.0 0.0 0.9 0 1 1
6 0.1 7 0.7142857142857143 0.0 0.4 5 0.8 0.0 0.5 4 0.75 0.0 0.6 2 0.5 0.0 0.7 0 1 1 0.9 0 1 1
6 0.1 8 0.625 0.0 0.4 6 0.6666666666666666 0.0 0.5 4 0.5 0.0 0.6 3 0.3333333333333333 0.0 0.7 2 0.5 0.0 0.9 0 1 1
6 0.1 6 0.6666666666666666 0.0 0.4 4 0.5 0.0 0.5 4 0.5 0.0 0.6 2 0.5 0.0 0.7 1 0.0 0.0 0.9 0 1 1
6 0.1 9 0.5555555555555556 0.0 0.4 5 0.6 0.0 0.5 3 0.6666666666666666 0.0 0.6 3 0.6666666666666666 0.0 0.7 1 0.0 0.0 0.9 0 1 1
6 0.1 7 0.7142857142857143 0.0 0.4 5 0.6 0.0 0.5 3 0.6666666666666666 0.0 0.6 2 0.5 0.0 0.7 0 1 1 0.9 0 1 1
6 0.1 7 0.5714285714285714 0.0 0.4 4 0.5 0.0 0.5 1 1.0 0.0 0.6 1 1.0 0.0 0.7 0 1 1 0.9 0 1 1
6 0.1 12 0.3333333333333333 0.0 0.4 4 0.75 0.0 0.5 4 0.75 0.0 0.6 3 0.6666666666666666 0.0 0.7 1 0.0 0.0 0.9 0 1 1
6 0.1 9 0.4444444444444444 0.0 0.4 7 0.42857142857142855 0.0 0.5 6 0.5 0.0 0.6 5 0.6 0.0 0.7 3 1.0 0.0 0.9 0 1 1
6 0.1 10 0.5 0.0 0.4 6 0.5 0.0 0.5 6 0.5 0.0 0.6 4 0.5 0.0 0.7 3 0.6666666666666666 0.0 0.9 0 1 1
6 0.1 9 0.5555555555555556 0.0 0.4 5 0.6 0.0 0.5 4 0.75 0.0 0.6 2 1.0 0.0 0.7 1 1.0 0.0 0.9 0 1 1
6 0.1 7 0.7142857142857143 0.0 0.4 4 0.75 0.0 0.5 4 0.75 0.0 0.6 1 0.0 0.0 0.7 1 0.0 0.0 0.9 0 1 1
6 0.1 9 0.3333333333333333 0.0 0.4 3 0.6666666666666666 0.0 0.5 3 0.6666666666666666 0.0 0.6 3 0.6666666666666666 0.0 0.7 1 0.0 0.0 0.9 0 1 1
6 0.1 13 0.38461538461538464 0.0 0.4 6 0.5 0.0 0.5 4 0.5 0.0 0.6 3 0.3333333333333333 0.0 0.7 1 0.0 0.0 0.9 0 1 1
6 0.1 10 0.5 0.0 0.4 6 0.6666666666666666 0.0 0.5 5 0.8 0.0 0.6 4 0.75 0.0 0.7 2 1.0 0.0 0.9 0 1 1
6 0.1 8 0.5 0.0 0.4 4 0.5 0.0 0.5 4 0.5 0.0 0.6 2 0.5 0.0 0.7 2 0.5 0.0 0.9 0 1 1
6 0.1 8 0.5 0.0 0.4 8 0.5 0.0 0.5 7 0.5714285714285714 0.0 0.6 6 0.6666666666666666 0.0 0.7 3 0.3333333333333333 0.0 0.9 0 1 1
6 0.1 11 0.45454545454545453 0.0 0.4 8 0.5 0.0 0.5 8 0.5 0.0 0.6 8 0.5 0.0 0.7 2 0.5 0.0 0.9 0 1 1
6 0.1 7 0.7142857142857143 0.0 0.4 4 0.5 0.0 0.5 2 0.5 0.0 0.6 1 0.0 0.0 0.7 1 0.0 0.0 0.9 0 1 1
6 0.1 10 0.5 0.0 0.4 5 0.6 0.0 0.5 4 0.5 0.0 0.6 2 0.5 0.0 0.7 1 0.0 0.0 0.9 0 1 1
6 0.1 8 0.625 0.0 0.4 5 0.6 0.0 0.5 5 0.6 0.0 0.6 3 0.6666666666666666 0.0 0.7 2 1.0 0.0 0.9 0 1 1
6 0.1 9 0.5555555555555556 0.0 0.4 8 0.625 0.0 0.5 7 0.5714285714285714 0.0 0.6 6 0.5 0.0 0.7 5 0.6 0.0 0.9 0 1 1
6 0.1 6 0.6666666666666666 0.0 0.4 3 0.3333333333333333 0.0 0.5 2 0.0 0.0 0.6 2 0.0 0.0 0.7 1 0.0 0.0 0.9 0 1 1
6 0.1 9 0.5555555555555556 0.0 0.4 8 0.625 0.0 0.5 6 0.6666666666666666 0.0 0.6 6 0.6666666666666666 0.0 0.7 6 0.6666666666666666 0.0 0.9 0 1 1
6 0.1 13 0.38461538461538464 0.0 0.4 8 0.5 0.0 0.5 6 0.5 0.0 0.6 5 0.4 0.0 0.7 3 0.3333333333333333 0.0 0.9 0 1 1
6 0.1 9 0.5555555555555556 0.0 0.4 5 0.4 0.0 0.5 5 0.4 0.0 0.6 4 0.5 0.0 0.7 4 0.5 0.0 0.9 0 1 1
6 0.1 7 0.5714285714285714 0.0 0.4 4 0.5 0.0 0.5 2 0.0 0.0 0.6 1 0.0 0.0 0.7 1 0.0 0.0 0.9 0 1 1
6 0.1 10 0.5 0.0 0.4 5 0.6 0.0 0.5 4 0.5 0.0 0.6 4 0.5 0.0 0.7 4 0.5 0.0 0.9 0 1 1
6 0.1 9 0.6666666666666666 0.0 0.4 6 0.6666666666666666 0.0 0.5 5 0.6 0.0 0.6 5 0.6 0.0 0.7 2 0.5 0.0 0.9 0 1 1
6 0.1 6 0.6666666666666666 0.0 0.4 3 0.6666666666666666 0.0 0.5 3 0.6666666666666666 0.0 0.6 1 0.0 0.0 0.7 1 0.0 0.0 0.9 0 1 1
6 0.1 8 0.625 0.0 0.4 5 0.6 0.0 0.5 5 0.6 0.0 0.6 4 0.5 0.0 0.7 3 0.3333333333333333 0.0 0.9 0 1 1
6 0.1 8 0.5 0.0 0.4 5 0.6 0.0 0.5 5 0.6 0.0 0.6 3 0.3333333333333333 0.0 0.7 2 0.5 0.0 0.9 0 1 1
6 0.1 9 0.5555555555555556 0.0 0.4 4 0.5 0.0 0.5 4 0.5 0.0 0.6 3 0.3333333333333333 0.0 0.7 2 0.5 0.0 0.9 0 1 1
6 0.1 11 0.45454545454545453 0.0 0.4 6 0.6666666666666666 0.0 0.5 4 0.5 0.0 0.6 3 0.3333333333333333 0.0 0.7 3 0.3333333333333333 0.0 0.9 0 1 1
6 0.1 11 0.45454545454545453 0.0 0.4 3 0.3333333333333333 0.0 0.5 2 0.5 0.0 0.6 2 0.5 0.0 0.7 2 0.5 0.0 0.9 0 1 1
6 0.1 10 0.5 0.0 0.4 6 0.6666666666666666 0.0 0.5 5 0.6 0.0 0.6 5 0.6 0.0 0.7 4 0.5 0.0 0.9 0 1 1
6 0.1 7 0.7142857142857143 0.0 0.4 4 0.5 0.0 0.5 4 0.5 0.0 0.6 4 0.5 0.0 0.7 4 0.5 0.0 0.9 0 1 1
6 0.1 10 0.5 0.0 0.4 6 0.6666666666666666 0.0 0.5 6 0.6666666666666666 0.0 0.6 6 0.6666666666666666 0.0 0.7 5 0.6 0.0 0.9 0 1 1
6 0.1 9 0.4444444444444444 0.0 0.4 7 0.5714285714285714 0.0 0.5 6 0.6666666666666666 0.0 0.6 6 0.6666666666666666 0.0 0.7 5 0.6 0.0 0.9 0 1 1
6 0.1 9 0.5555555555555556 0.0 0.4 7 0.5714285714285714 0.0 0.5 6 0.6666666666666666 0.0 0.6 6 0.6666666666666666 0.0 0.7 6 0.6666666666666666 0.0 0.9 0 1 1
6 0.1 12 0.4166666666666667 0.0 0.4 5 0.6 0.0 0.5 5 0.6 0.0 0.6 5 0.6 0.0 0.7 5 0.6 0.0 0.9 0 1 1
6 0.1 9 0.4444444444444444 0.0 0.4 6 0.5 0.0 0.5 6 0.5 0.0 0.6 5 0.6 0.0 0.7 5 0.6 0.0 0.9 0 1 1
6 0.1 7 0.5714285714285714 0.14285714285714285 0.4 5 0.6 0.2 0.5 4 0.75 0.25 0.6 4 0.75 0.25 0.7 4 0.75 0.25 0.9 0 1 1
6 0.1 11 0.45454545454545453 0.0 0.4 7 0.5714285714285714 0.0 0.5 6 0.6666666666666666 0.0 0.6 6 0.6666666666666666 0.0 0.7 5 0.6 0.0 0.9 0 1 1
6 0.1 9 0.5555555555555556 0.0 0.4 6 0.6666666666666666 0.0 0.5 6 0.6666666666666666 0.0 0.6 6 0.6666666666666666 0.0 0.7 4 0.75 0.0 0.9 0 1 1
6 0.1 12 0.4166666666666667 0.0 0.4 7 0.5714285714285714 0.0 0.5 5 0.8 0.0 0.6 5 0.8 0.0 0.7 4 0.75 0.0 0.9 0 1 1
6 0.1 9 0.3333333333333333 0.0 0.4 4 0.75 0.0 0.5 4 0.75 0.0 0.6 4 0.75 0.0 0.7 2 0.5 0.0 0.9 0 1 1
6 0.1 9 0.4444444444444444 0.0 0.4 4 0.75 0.0 0.5 4 0.75 0.0 0.6 3 0.6666666666666666 0.0 0.7 2 0.5 0.0 0.9 0 1 1
6 0.1 9 0.5555555555555556 0.0 0.4 7 0.5714285714285714 0.0 0.5 6 0.6666666666666666 0.0 0.6 6 0.6666666666666666 0.0 0.7 5 0.6 0.0 0.9 0 1 1
6 0.1 10 0.5 0.0 0.4 7 0.5714285714285714 0.0 0.5 7 0.5714285714285714 0.0 0.6 7 0.5714285714285714 0.0 0.7 6 0.6666666666666666 0.0 0.9 0 1 1
6 0.1 9 0.5555555555555556 0.0 0.4 8 0.625 0.0 0.5 6 0.6666666666666666 0.0 0.6 6 0.6666666666666666 0.0 0.7 6 0.6666666666666666 0.0 0.9 0 1 1
6 0.1 8 0.625 0.0 0.4 7 0.7142857142857143 0.0 0.5 7 0.7142857142857143 0.0 0.6 6 0.6666666666666666 0.0 0.7 5 0.6 0.0 0.9 0 1 1
6 0.1 15 0.3333333333333333 0.0 0.4 7 0.5714285714285714 0.0 0.5 7 0.5714285714285714 0.0 0.6 6 0.6666666666666666 0.0 0.7 6 0.6666666666666666 0.0 0.9 0 1 1
6 0.1 8 0.5 0.0 0.4 6 0.5 0.0 0.5 6 0.5 0.0 0.6 5 0.6 0.0 0.7 5 0.6 0.0 0.9 0 1 1
6 0.1 9 0.5555555555555556 0.0 0.4 4 0.5 0.0 0.5 4 0.5 0.0 0.6 4 0.5 0.0 0.7 1 1.0 0.0 0.9 0 1 1
6 0.1 9 0.4444444444444444 0.0 0.4 6 0.5 0.0 0.5 6 0.5 0.0 0.6 6 0.5 0.0 0.7 4 0.5 0.0 0.9 0 1 1
6 0.1 9 0.5555555555555556 0.0 0.4 5 0.6 0.0 0.5 5 0.6 0.0 0.6 5 0.6 0.0 0.7 5 0.6 0.0 0.9 0 1 1
6 0.1 10 0.5 0.0 0.4 7 0.5714285714285714 0.0 0.5 6 0.5 0.0 0.6 5 0.4 0.0 0.7 4 0.5 0.0 0.9 0 1 1
6 0.1 10 0.5 0.1 0.4 6 0.6666666666666666 0.16666666666666666 0.5 4 0.5 0.0 0.6 4 0.5 0.0 0.7 3 0.3333333333333333 0.0 0.9 0 1 1
6 0.1 11 0.45454545454545453 0.09090909090909091 0.4 7 0.5714285714285714 0.14285714285714285 0.5 7 0.5714285714285714 0.14285714285714285 0.6 7 0.5714285714285714 0.14285714285714285 0.7 6 0.5 0.16666666666666666 0.9 0 1 1
6 0.1 8 0.625 0.125 0.4 6 0.5 0.0 0.5 6 0.5 0.0 0.6 6 0.5 0.0 0.7 5 0.6 0.0 0.9 0 1 1
6 0.1 10 0.5 0.0 0.4 8 0.625 0.0 0.5 8 0.625 0.0 0.6 7 0.5714285714285714 0.0 0.7 7 0.5714285714285714 0.0 0.9 0 1 1
6 0.1 8 0.625 0.0 0.4 7 0.5714285714285714 0.0 0.5 7 0.5714285714285714 0.0 0.6 7 0.5714285714285714 0.0 0.7 5 0.6 0.0 0.9 0 1 1
6 0.1 10 0.5 0.0 0.4 7 0.5714285714285714 0.0 0.5 7 0.5714285714285714 0.0 0.6 7 0.5714285714285714 0.0 0.7 7 0.5714285714285714 0.0 0.9 0 1 1
6 0.1 8 0.625 0.0 0.4 7 0.5714285714285714 0.0 0.5 7 0.5714285714285714 0.0 0.6 6 0.6666666666666666 0.0 0.7 6 0.6666666666666666 0.0 0.9 0 1 1
6 0.1 10 0.5 0.0 0.4 9 0.5555555555555556 0.0 0.5 6 0.6666666666666666 0.0 0.6 6 0.6666666666666666 0.0 0.7 5 0.8 0.0 0.9 0 1 1
6 0.1 9 0.5555555555555556 0.0 0.4 8 0.625 0.0 0.5 7 0.5714285714285714 0.0 0.6 7 0.5714285714285714 0.0 0.7 7 0.5714285714285714 0.0 0.9 0 1 1
6 0.1 8 0.625 0.0 0.4 6 0.6666666666666666 0.0 0.5 6 0.6666666666666666 0.0 0.6 4 0.75 0.0 0.7 4 0.75 0.0 0.9 0 1 1
6 0.1 11 0.45454545454545453 0.0 0.4 7 0.5714285714285714 0.0 0.5 7 0.5714285714285714 0.0 0.6 7 0.5714285714285714 0.0 0.7 7 0.5714285714285714 0.0 0.9 0 1 1
6 0.1 9 0.5555555555555556 0.1111111111111111 0.4 7 0.5714285714285714 0.14285714285714285 0.5 7 0.5714285714285714 0.14285714285714285 0.6 7 0.5714285714285714 0.14285714285714285 0.7 7 0.5714285714285714 0.14285714285714285 0.9 0 1 1
6 0.1 8 0.5 0.0 0.4 7 0.5714285714285714 0.0 0.5 7 0.5714285714285714 0.0 0.6 7 0.5714285714285714 0.0 0.7 7 0.5714285714285714 0.0 0.9 0 1 1
6 0.1 10 0.5 0.0 0.4 7 0.5714285714285714 0.0 0.5 6 0.6666666666666666 0.0 0.6 6 0.6666666666666666 0.0 0.7 6 0.6666666666666666 0.0 0.9 0 1 1
6 0.1 9 0.5555555555555556 0.0 0.4 7 0.5714285714285714 0.0 0.5 7 0.5714285714285714 0.0 0.6 7 0.5714285714285714 0.0 0.7 7 0.5714285714285714 0.0 0.9 0 1 1
6 0.1 11 0.45454545454545453 0.0 0.4 7 0.5714285714285714 0.0 0.5 7 0.5714285714285714 0.0 0.6 6 0.5 0.0 0.7 6 0.5 0.0 0.9 0 1 1
6 0.1 10 0.5 0.0 0.4 8 0.625 0.0 0.5 7 0.5714285714285714 0.0 0.6 7 0.5714285714285714 0.0 0.7 6 0.6666666666666666 0.0 0.9 0 1 1
6 0.1 12 0.4166666666666667 0.0 0.4 7 0.7142857142857143 0.0 0.5 6 0.8333333333333334 0.0 0.6 5 0.8 0.0 0.7 4 0.75 0.0 0.9 0 1 1
6 0.1 11 0.45454545454545453 0.0 0.4 8 0.625 0.0 0.5 7 0.7142857142857143 0.0 0.6 7 0.7142857142857143 0.0 0.7 6 0.8333333333333334 0.0 0.9 0 1 1
6 0.1 10 0.5 0.0 0.4 8 0.625 0.0 0.5 8 0.625 0.0 0.6 8 0.625 0.0 0.7 8 0.625 0.0 0.9 0 1 1
6 0.1 7 0.7142857142857143 0.0 0.4 7 0.7142857142857143 0.0 0.5 7 0.7142857142857143 0.0 0.6 7 0.7142857142857143 0.0 0.7 6 0.6666666666666666 0.0 0.9 0 1 1
6 0.1 12 0.4166666666666667 0.0 0.4 7 0.7142857142857143 0.0 0.5 7 0.7142857142857143 0.0 0.6 7 0.7142857142857143 0.0 0.7 7 0.7142857142857143 0.0 0.9 0 1 1
6 0.1 8 0.625 0.0 0.4 7 0.5714285714285714 0.0 0.5 6 0.6666666666666666 0.0 0.6 6 0.6666666666666666 0.0 0.7 5 0.6 0.0 0.9 0 1 1
6 0.1 9 0.5555555555555556 0.0 0.4 7 0.7142857142857143 0.0 0.5 7 0.7142857142857143 0.0 0.6 6 0.6666666666666666 0.0 0.7 5 0.6 0.0 0.9 0 1 1
6 0.1 9 0.5555555555555556 0.0 0.4 6 0.6666666666666666 0.0 0.5 6 0.6666666666666666 0.0 0.6 6 0.6666666666666666 0.0 0.7 6 0.6666666666666666 0.0 0.9 0 1 1
6 0.1 9 0.5555555555555556 0.0 0.4 5 0.6 0.0 0.5 5 0.6 0.0 0.6 4 0.5 0.0 0.7 4 0.5 0.0 0.9 0 1 1
6 0.1 10 0.5 0.1 0.4 7 0.5714285714285714 0.0 0.5 7 0.5714285714285714 0.0 0.6 6 0.6666666666666666 0.0 0.7 6 0.6666666666666666 0.0 0.9 0 1 1
6 0.1 8 0.625 0.0 0.4 8 0.625 0.0 0.5 8 0.625 0.0 0.6 7 0.7142857142857143 0.0 0.7 5 0.6 0.0 0.9 0 1 1
6 0.1 8 0.625 0.125 0.4 7 0.5714285714285714 0.0 0.5 7 0.5714285714285714 0.0 0.6 7 0.5714285714285714 0.0 0.7 6 0.5 0.0 0.9 0 1 1
6 0.1 8 0.625 0.125 0.4 7 0.5714285714285714 0.0 0.5 6 0.6666666666666666 0.0 0.6 6 0.6666666666666666 0.0 0.7 5 0.6 0.0 0.9 0 1 1
6 0.1 9 0.5555555555555556 0.0 0.4 8 0.5 0.0 0.5 7 0.5714285714285714 0.0 0.6 4 0.5 0.0 0.7 3 0.6666666666666666 0.0 0.9 0 1 1
6 0.1 9 0.5555555555555556 0.0 0.4 7 0.5714285714285714 0.0 0.5 7 0.5714285714285714 0.0 0.6 7 0.5714285714285714 0.0 0.7 7 0.5714285714285714 0.0 0.9 0 1 1
6 0.1 9 0.4444444444444444 0.0 0.4 7 0.5714285714285714 0.0 0.5 7 0.5714285714285714 0.0 0.6 7 0.5714285714285714 0.0 0.7 7 0.5714285714285714 0.0 0.9 0 1 1
6 0.1 9 0.5555555555555556 0.1111111111111111 0.4 7 0.5714285714285714 0.0 0.5 7 0.5714285714285714 0.0 0.6 7 0.5714285714285714 0.0 0.7 7 0.5714285714285714 0.0 0.9 0 1 1
6 0.1 10 0.5 0.0 0.4 8 0.625 0.0 0.5 7 0.5714285714285714 0.0 0.6 7 0.5714285714285714 0.0 0.7 6 0.6666666666666666 0.0 0.9 0 1 1
6 0.1 8 0.625 0.0 0.4 8 0.625 0.0 0.5 7 0.5714285714285714 0.0 0.6 5 0.6 0.0 0.7 5 0.6 0.0 0.9 0 1 1
6 0.1 9 0.5555555555555556 0.0 0.4 7 0.5714285714285714 0.0 0.5 7 0.5714285714285714 0.0 0.6 6 0.5 0.0 0.7 6 0.5 0.0 0.9 0 1 1
6 0.1 10 0.5 0.0 0.4 7 0.5714285714285714 0.0 0.5 7 0.5714285714285714 0.0 0.6 7 0.5714285714285714 0.0 0.7 7 0.5714285714285714 0.0 0.9 0 1 1
6 0.1 9 0.5555555555555556 0.0 0.4 7 0.5714285714285714 0.0 0.5 7 0.5714285714285714 0.0 0.6 7 0.5714285714285714 0.0 0.7 7 0.5714285714285714 0.0 0.9 0 1 1
6 0.1 10 0.5 0.1 0.4 8 0.625 0.125 0.5 7 0.5714285714285714 0.0 0.6 7 0.5714285714285714 0.0 0.7 7 0.5714285714285714 0.0 0.9 0 1 1
6 0.1 10 0.5 0.0 0.4 9 0.5555555555555556 0.0 0.5 7 0.5714285714285714 0.0 0.6 7 0.5714285714285714 0.0 0.7 7 0.5714285714285714 0.0 0.9 0 1 1
6 0.1 8 0.625 0.0 0.4 8 0.625 0.0 0.5 8 0.625 0.0 0.6 7 0.5714285714285714 0.0 0.7 6 0.6666666666666666 0.0 0.9 0 1 1
6 0.1 9 0.5555555555555556 0.0 0.4 8 0.625 0.0 0.5 8 0.625 0.0 0.6 7 0.5714285714285714 0.0 0.7 7 0.5714285714285714 0.0 0.9 0 1 1
6 0.1 8 0.625 0.0 0.4 7 0.7142857142857143 0.0 0.5 6 0.6666666666666666 0.0 0.6 6 0.6666666666666666 0.0 0.7 6 0.6666666666666666 0.0 0.9 0 1 1
6 0.1 8 0.625 0.0 0.4 8 0.625 0.0 0.5 7 0.5714285714285714 0.0 0.6 7 0.5714285714285714 0.0 0.7 7 0.5714285714285714 0.0 0.9 0 1 1
6 0.1 9 0.5555555555555556 0.0 0.4 8 0.625 0.0 0.5 8 0.625 0.0 0.6 8 0.625 0.0 0.7 8 0.625 0.0 0.9 0 1 1
6 0.1 9 0.5555555555555556 0.0 0.4 9 0.5555555555555556 0.0 0.5 8 0.625 0.0 0.6 8 0.625 0.0 0.7 8 0.625 0.0 0.9 0 1 1
6 0.1 9 0.5555555555555556 0.0 0.4 9 0.5555555555555556 0.0 0.5 9 0.5555555555555556 0.0 0.6 8 0.625 0.0 0.7 7 0.5714285714285714 0.0 0.9 0 1 1
6 0.1 11 0.45454545454545453 0.0 0.4 9 0.5555555555555556 0.0 0.5 9 0.5555555555555556 0.0 0.6 9 0.5555555555555556 0.0 0.7 9 0.5555555555555556 0.0 0.9 0 1 1
6 0.1 10 0.5 0.0 0.4 9 0.5555555555555556 0.0 0.5 9 0.5555555555555556 0.0 0.6 9 0.5555555555555556 0.0 0.7 8 0.625 0.0 0.9 0 1 1
6 0.1 11 0.45454545454545453 0.0 0.4 9 0.5555555555555556 0.0 0.5 9 0.5555555555555556 0.0 0.6 9 0.5555555555555556 0.0 0.7 8 0.625 0.0 0.9 0 1 1
6 0.1 9 0.5555555555555556 0.0 0.4 8 0.625 0.0 0.5 8 0.625 0.0 0.6 8 0.625 0.0 0.7 8 0.625 0.0 0.9 0 1 1
6 0.1 8 0.625 0.0 0.4 7 0.5714285714285714 0.0 0.5 7 0.5714285714285714 0.0 0.6 6 0.5 0.0 0.7 4 0.5 0.0 0.9 0 1 1
6 0.1 10 0.5 0.0 0.4 9 0.5555555555555556 0.0 0.5 7 0.7142857142857143 0.0 0.6 5 0.6 0.0 0.7 4 0.5 0.0 0.9 0 1 1
6 0.1 9 0.5555555555555556 0.0 0.4 7 0.5714285714285714 0.0 0.5 7 0.5714285714285714 0.0 0.6 7 0.5714285714285714 0.0 0.7 5 0.6 0.0 0.9 0 1 1
6 0.1 8 0.625 0.0 0.4 6 0.6666666666666666 0.0 0.5 5 0.6 0.0 0.6 5 0.6 0.0 0.7 5 0.6 0.0 0.9 0 1 1
6 0.1 11 0.45454545454545453 0.0 0.4 8 0.625 0.0 0.5 8 0.625 0.0 0.6 7 0.5714285714285714 0.0 0.7 6 0.6666666666666666 0.0 0.9 0 1 1
6 0.1 12 0.4166666666666667 0.0 0.4 8 0.625 0.0 0.5 8 0.625 0.0 0.6 7 0.5714285714285714 0.0 0.7 7 0.5714285714285714 0.0 0.9 0 1 1
6 0.1 11 0.45454545454545453 0.09090909090909091 0.4 9 0.5555555555555556 0.1111111111111111 0.5 8 0.625 0.125 0.6 8 0.625 0.125 0.7 7 0.5714285714285714 0.14285714285714285 0.9 0 1 1
6 0.1 11 0.45454545454545453 0.0 0.4 9 0.5555555555555556 0.0 0.5 8 0.5 0.0 0.6 8 0.5 0.0 0.7 7 0.5714285714285714 0.0 0.9 0 1 1
6 0.1 11 0.45454545454545453 0.0 0.4 8 0.625 0.0 0.5 7 0.5714285714285714 0.0 0.6 7 0.5714285714285714 0.0 0.7 7 0.5714285714285714 0.0 0.9 0 1 1
6 0.1 13 0.38461538461538464 0.0 0.4 8 0.625 0.0 0.5 8 0.625 0.0 0.6 8 0.625 0.0 0.7 7 0.5714285714285714 0.0 0.9 0 1 1
6 0.1 10 0.5 0.0 0.4 7 0.5714285714285714 0.0 0.5 7 0.5714285714285714 0.0 0.6 7 0.5714285714285714 0.0 0.7 7 0.5714285714285714 0.0 0.9 0 1 1
6 0.1 14 0.35714285714285715 0.07142857142857142 0.4 7 0.5714285714285714 0.0 0.5 7 0.5714285714285714 0.0 0.6 7 0.5714285714285714 0.0 0.7 6 0.5 0.0 0.9 0 1 1
6 0.1 12 0.4166666666666667 0.0 0.4 7 0.5714285714285714 0.0 0.5 7 0.5714285714285714 0.0 0.6 7 0.5714285714285714 0.0 0.7 7 0.5714285714285714 0.0 0.9 0 1 1
6 0.1 12 0.4166666666666667 0.0 0.4 8 0.5 0.0 0.5 8 0.5 0.0 0.6 8 0.5 0.0 0.7 7 0.5714285714285714 0.0 0.9 0 1 1
6 0.1 12 0.4166666666666667 0.0 0.4 9 0.5555555555555556 0.0 0.5 9 0.5555555555555556 0.0 0.6 9 0.5555555555555556 0.0 0.7 6 0.5 0.0 0.9 0 1 1
6 0.1 10 0.5 0.0 0.4 9 0.5555555555555556 0.0 0.5 8 0.625 0.0 0.6 8 0.625 0.0 0.7 7 0.5714285714285714 0.0 0.9 0 1 1
6 0.1 11 0.45454545454545453 0.09090909090909091 0.4 9 0.5555555555555556 0.1111111111111111 0.5 9 0.5555555555555556 0.1111111111111111 0.6 8 0.625 0.125 0.7 7 0.5714285714285714 0.14285714285714285 0.9 0 1 1
6 0.1 10 0.5 0.0 0.4 8 0.625 0.0 0.5 8 0.625 0.0 0.6 7 0.5714285714285714 0.0 0.7 7 0.5714285714285714 0.0 0.9 0 1 1
6 0.1 11 0.45454545454545453 0.09090909090909091 0.4 9 0.4444444444444444 0.0 0.5 7 0.5714285714285714 0.0 0.6 7 0.5714285714285714 0.0 0.7 7 0.5714285714285714 0.0 0.9 0 1 1
6 0.1 10 0.5 0.0 0.4 8 0.625 0.0 0.5 8 0.625 0.0 0.6 8 0.625 0.0 0.7 7 0.5714285714285714 0.0 0.9 0 1 1
6 0.1 9 0.5555555555555556 0.0 0.4 8 0.625 0.0 0.5 8 0.625 0.0 0.6 8 0.625 0.0 0.7 7 0.5714285714285714 0.0 0.9 0 1 1
6 0.1 9 0.5555555555555556 0.1111111111111111 0.4 8 0.625 0.125 0.5 8 0.625 0.125 0.6 8 0.625 0.125 0.7 7 0.5714285714285714 0.0 0.9 0 1 1
6 0.1 10 0.5 0.0 0.4 8 0.625 0.0 0.5 8 0.625 0.0 0.6 7 0.5714285714285714 0.0 0.7 7 0.5714285714285714 0.0 0.9 0 1 1
6 0.1 8 0.625 0.0 0.4 8 0.625 0.0 0.5 7 0.7142857142857143 0.0 0.6 7 0.7142857142857143 0.0 0.7 6 0.6666666666666666 0.0 0.9 0 1 1
6 0.1 10 0.5 0.0 0.4 6 0.6666666666666666 0.0 0.5 6 0.6666666666666666 0.0 0.6 6 0.6666666666666666 0.0 0.7 5 0.6 0.0 0.9 0 1 1
6 0.1 10 0.5 0.1 0.4 8 0.625 0.125 0.5 7 0.5714285714285714 0.14285714285714285 0.6 4 0.75 0.0 0.7 4 0.75 0.0 0.9 0 1 1
6 0.1 13 0.38461538461538464 0.07692307692307693 0.4 8 0.625 0.125 0.5 7 0.5714285714285714 0.0 0.6 7 0.5714285714285714 0.0 0.7 7 0.5714285714285714 0.0 0.9 0 1 1
6 0.1 13 0.38461538461538464 0.0 0.4 7 0.5714285714285714 0.0 0.5 7 0.5714285714285714 0.0 0.6 7 0.5714285714285714 0.0 0.7 7 0.5714285714285714 0.0 0.9 0 1 1
6 0.1 11 0.45454545454545453 0.09090909090909091 0.4 8 0.625 0.125 0.5 8 0.625 0.125 0.6 7 0.5714285714285714 0.0 0.7 7 0.5714285714285714 0.0 0.9 0 1 1
6 0.1 10 0.5 0.1 0.4 7 0.5714285714285714 0.0 0.5 7 0.5714285714285714 0.0 0.6 7 0.5714285714285714 0.0 0.7 6 0.6666666666666666 0.0 0.9 0 1 1
6 0.1 11 0.45454545454545453 0.09090909090909091 0.4 7 0.5714285714285714 0.0 0.5 7 0.5714285714285714 0.0 0.6 7 0.5714285714285714 0.0 0.7 7 0.5714285714285714 0.0 0.9 0 1 1
6 0.1 12 0.4166666666666667 0.0 0.4 7 0.5714285714285714 0.0 0.5 7 0.5714285714285714 0.0 0.6 7 0.5714285714285714 0.0 0.7 7 0.5714285714285714 0.0 0.9 0 1 1
6 0.1 12 0.4166666666666667 0.08333333333333333 0.4 8 0.5 0.0 0.5 7 0.5714285714285714 0.0 0.6 7 0.5714285714285714 0.0 0.7 7 0.5714285714285714 0.0 0.9 0 1 1
6 0.1 15 0.3333333333333333 0.06666666666666667 0.4 8 0.5 0.0 0.5 8 0.5 0.0 0.6 8 0.5 0.0 0.7 7 0.5714285714285714 0.0 0.9 0 1 1
6 0.1 12 0.4166666666666667 0.0 0.4 8 0.625 0.0 0.5 8 0.625 0.0 0.6 7 0.5714285714285714 0.0 0.7 7 0.5714285714285714 0.0 0.9 0 1 1
6 0.1 11 0.45454545454545453 0.0 0.4 9 0.5555555555555556 0.0 0.5 9 0.5555555555555556 0.0 0.6 8 0.5 0.0 0.7 7 0.5714285714285714 0.0 0.9 0 1 1
6 0.1 12 0.4166666666666667 0.08333333333333333 0.4 8 0.5 0.0 0.5 8 0.5 0.0 0.6 7 0.5714285714285714 0.0 0.7 7 0.5714285714285714 0.0 0.9 0 1 1
6 0.1 12 0.4166666666666667 0.08333333333333333 0.4 8 0.625 0.125 0.5 7 0.5714285714285714 0.0 0.6 7 0.5714285714285714 0.0 0.7 7 0.5714285714285714 0.0 0.9 0 1 1
6 0.1 12 0.4166666666666667 0.08333333333333333 0.4 9 0.5555555555555556 0.1111111111111111 0.5 7 0.5714285714285714 0.0 0.6 7 0.5714285714285714 0.0 0.7 7 0.5714285714285714 0.0 0.9 0 1 1
6 0.1 11 0.45454545454545453 0.0 0.4 8 0.625 0.0 0.5 8 0.625 0.0 0.6 8 0.625 0.0 0.7 8 0.625 0.0 0.9 0 1 1
6 0.1 10 0.5 0.0 0.4 8 0.625 0.0 0.5 8 0.625 0.0 0.6 7 0.5714285714285714 0.0 0.7 6 0.6666666666666666 0.0 0.9 0 1 1
6 0.1 12 0.4166666666666667 0.08333333333333333 0.4 9 0.5555555555555556 0.1111111111111111 0.5 7 0.5714285714285714 0.14285714285714285 0.6 7 0.5714285714285714 0.14285714285714285 0.7 6 0.5 0.16666666666666666 0.9 0 1 1
6 0.1 10 0.5 0.1 0.4 8 0.5 0.0 0.5 7 0.5714285714285714 0.0 0.6 7 0.5714285714285714 0.0 0.7 7 0.5714285714285714 0.0 0.9 0 1 1
6 0.1 9 0.5555555555555556 0.0 0.4 8 0.625 0.0 0.5 8 0.625 0.0 0.6 8 0.625 0.0 0.7 7 0.5714285714285714 0.0 0.9 0 1 1
6 0.1 8 0.625 0.125 0.4 7 0.5714285714285714 0.0 0.5 7 0.5714285714285714 0.0 0.6 7 0.5714285714285714 0.0 0.7 7 0.5714285714285714 0.0 0.9 0 1 1
6 0.1 8 0.625 0.125 0.4 6 0.6666666666666666 0.0 0.5 6 0.6666666666666666 0.0 0.6 6 0.6666666666666666 0.0 0.7 6 0.6666666666666666 0.0 0.9 0 1 1
6 0.1 10 0.5 0.0 0.4 7 0.7142857142857143 0.0 0.5 7 0.7142857142857143 0.0 0.6 7 0.7142857142857143 0.0 0.7 5 0.6 0.0 0.9 0 1 1
6 0.1 11 0.45454545454545453 0.0 0.4 9 0.5555555555555556 0.0 0.5 8 0.625 0.0 0.6 7 0.5714285714285714 0.0 0.7 7 0.5714285714285714 0.0 0.9 0 1 1
6 0.1 10 0.5 0.1 0.4 8 0.5 0.0 0.5 7 0.5714285714285714 0.0 0.6 7 0.5714285714285714 0.0 0.7 7 0.5714285714285714 0.0 0.9 0 1 1
6 0.1 11 0.45454545454545453 0.09090909090909091 0.4 9 0.5555555555555556 0.1111111111111111 0.5 7 0.5714285714285714 0.0 0.6 7 0.5714285714285714 0.0 0.7 7 0.5714285714285714 0.0 0.9 0 1 1
6 0.1 10 0.5 0.0 0.4 8 0.5 0.0 0.5 8 0.5 0.0 0.6 8 0.5 0.0 0.7 7 0.5714285714285714 0.0 0.9 0 1 1
6 0.1 10 0.5 0.1 0.4 8 0.5 0.0 0.5 8 0.5 0.0 0.6 8 0.5 0.0 0.7 7 0.5714285714285714 0.0 0.9 0 1 1
6 0.1 10 0.5 0.0 0.4 9 0.5555555555555556 0.0 0.5 8 0.5 0.0 0.6 7 0.5714285714285714 0.0 0.7 6 0.6666666666666666 0.0 0.9 0 1 1
6 0.1 11 0.45454545454545453 0.09090909090909091 0.4 9 0.4444444444444444 0.0 0.5 8 0.5 0.0 0.6 8 0.5 0.0 0.7 8 0.5 0.0 0.9 0 1 1
6 0.1 11 0.45454545454545453 0.09090909090909091 0.4 9 0.4444444444444444 0.0 0.5 8 0.5 0.0 0.6 8 0.5 0.0 0.7 8 0.5 0.0 0.9 0 1 1
6 0.1 12 0.4166666666666667 0.08333333333333333 0.4 9 0.4444444444444444 0.0 0.5 8 0.5 0.0 0.6 8 0.5 0.0 0.7 7 0.5714285714285714 0.0 0.9 0 1 1
6 0.1 10 0.5 0.0 0.4 7 0.7142857142857143 0.0 0.5 7 0.7142857142857143 0.0 0.6 7 0.7142857142857143 0.0 0.7 6 0.6666666666666666 0.0 0.9 0 1 1
6 0.1 10 0.5 0.0 0.4 8 0.5 0.0 0.5 7 0.5714285714285714 0.0 0.6 7 0.5714285714285714 0.0 0.7 7 0.5714285714285714 0.0 0.9 0 1 1
