16 0.1 0 1 1 0.4 0 1 1 0.5 0 1 1 0.6 0 1 1 0.7 0 1 1 0.9 0 1 1
16 0.1 0 1 1 0.4 0 1 1 0.5 0 1 1 0.6 0 1 1 0.7 0 1 1 0.9 0 1 1
16 0.1 0 1 1 0.4 0 1 1 0.5 0 1 1 0.6 0 1 1 0.7 0 1 1 0.9 0 1 1
16 0.1 5 0.2 0.0 0.4 0 1 1 0.5 0 1 1 0.6 0 1 1 0.7 0 1 1 0.9 0 1 1
16 0.1 24 0.08333333333333333 0.0 0.4 0 1 1 0.5 0 1 1 0.6 0 1 1 0.7 0 1 1 0.9 0 1 1
16 0.1 49 0.02040816326530612 0.0 0.4 0 1 1 0.5 0 1 1 0.6 0 1 1 0.7 0 1 1 0.9 0 1 1
16 0.1 22 0.18181818181818182 0.0 0.4 2 0.0 0.0 0.5 0 1 1 0.6 0 1 1 0.7 0 1 1 0.9 0 1 1
16 0.1 234 0.05128205128205128 0.0 0.4 20 0.2 0.0 0.5 9 0.2222222222222222 0.0 0.6 3 0.3333333333333333 0.0 0.7 0 1 1 0.9 0 1 1
16 0.1 230 0.05652173913043478 0.0 0.4 28 0.25 0.0 0.5 10 0.5 0.0 0.6 0 1 1 0.7 0 1 1 0.9 0 1 1
16 0.1 186 0.07526881720430108 0.0 0.4 23 0.2608695652173913 0.0 0.5 4 0.75 0.0 0.6 0 1 1 0.7 0 1 1 0.9 0 1 1
16 0.1 85 0.15294117647058825 0.0 0.4 11 0.36363636363636365 0.0 0.5 4 0.25 0.0 0.6 1 1.0 0.0 0.7 1 1.0 0.0 0.9 0 1 1
16 0.1 67 0.14925373134328357 0.0 0.4 12 0.16666666666666666 0.0 0.5 3 0.3333333333333333 0.0 0.6 0 1 1 0.7 0 1 1 0.9 0 1 1
16 0.1 40 0.275 0.0 0.4 1 1.0 0.0 0.5 1 1.0 0.0 0.6 0 1 1 0.7 0 1 1 0.9 0 1 1
16 0.1 138 0.09420289855072464 0.0 0.4 13 0.38461538461538464 0.0 0.5 4 0.5 0.0 0.6 0 1 1 0.7 0 1 1 0.9 0 1 1
16 0.1 55 0.2 0.0 0.4 7 0.5714285714285714 0.0 0.5 0 1 1 0.6 0 1 1 0.7 0 1 1 0.9 0 1 1
16 0.1 71 0.15492957746478872 0.0 0.4 14 0.5 0.0 0.5 5 0.6 0.0 0.6 0 1 1 0.7 0 1 1 0.9 0 1 1
16 0.1 41 0.2926829268292683 0.0 0.4 5 0.6 0.0 0.5 0 1 1 0.6 0 1 1 0.7 0 1 1 0.9 0 1 1
16 0.1 50 0.22 0.0 0.4 2 0.5 0.0 0.5 0 1 1 0.6 0 1 1 0.7 0 1 1 0.9 0 1 1
16 0.1 27 0.4074074074074074 0.0 0.4 7 0.7142857142857143 0.0 0.5 4 0.75 0.0 0.6 2 1.0 0.0 0.7 1 1.0 0.0 0.9 0 1 1
16 0.1 57 0.24561403508771928 0.0 0.4 13 0.38461538461538464 0.0 0.5 6 0.6666666666666666 0.0 0.6 0 1 1 0.7 0 1 1 0.9 0 1 1
16 0.1 56 0.23214285714285715 0.0 0.4 15 0.6 0.0 0.5 10 0.8 0.0 0.6 3 1.0 0.0 0.7 0 1 1 0.9 0 1 1
16 0.1 34 0.35294117647058826 0.0 0.4 10 0.5 0.0 0.5 5 0.4 0.0 0.6 1 1.0 0.0 0.7 0 1 1 0.9 0 1 1
16 0.1 25 0.4 0.0 0.4 6 1.0 0.0 0.5 2 1.0 0.0 0.6 0 1 1 0.7 0 1 1 0.9 0 1 1
16 0.1 41 0.34146341463414637 0.0 0.4 10 0.8 0.0 0.5 7 1.0 0.0 0.6 3 1.0 0.0 0.7 0 1 1 0.9 0 1 1
16 0.1 49 0.2857142857142857 0.0 0.4 15 0.5333333333333333 0.0 0.5 7 0.8571428571428571 0.0 0.6 4 1.0 0.0 0.7 0 1 1 0.9 0 1 1
16 0.1 30 0.4666666666666667 0.0 0.4 12 0.75 0.0 0.5 10 0.8 0.0 0.6 7 1.0 0.0 0.7 5 1.0 0.0 0.9 0 1 1
16 0.1 19 0.5263157894736842 0.0 0.4 8 0.75 0.0 0.5 3 1.0 0.0 0.6 2 1.0 0.0 0.7 0 1 1 0.9 0 1 1
16 0.1 19 0.6842105263157895 0.0 0.4 5 1.0 0.0 0.5 2 1.0 0.0 0.6 0 1 1 0.7 0 1 1 0.9 0 1 1
16 0.1 9 0.6666666666666666 0.0 0.4 1 1.0 0.0 0.5 0 1 1 0.6 0 1 1 0.7 0 1 1 0.9 0 1 1
16 0.1 3 0.6666666666666666 0.0 0.4 0 1 1 0.5 0 1 1 0.6 0 1 1 0.7 0 1 1 0.9 0 1 1
16 0.1 16 0.375 0.0 0.4 3 1.0 0.0 0.5 3 1.0 0.0 0.6 2 1.0 0.0 0.7 1 1.0 0.0 0.9 0 1 1
16 0.1 33 0.24242424242424243 0.0 0.4 0 1 1 0.5 0 1 1 0.6 0 1 1 0.7 0 1 1 0.9 0 1 1
16 0.1 24 0.5 0.0 0.4 5 0.8 0.0 0.5 1 1.0 0.0 0.6 0 1 1 0.7 0 1 1 0.9 0 1 1
16 0.1 29 0.2413793103448276 0.0 0.4 4 1.0 0.0 0.5 0 1 1 0.6 0 1 1 0.7 0 1 1 0.9 0 1 1
16 0.1 8 0.625 0.125 0.4 2 1.0 0.5 0.5 1 1.0 1.0 0.6 0 1 1 0.7 0 1 1 0.9 0 1 1
16 0.1 10 0.8 0.0 0.4 2 1.0 0.0 0.5 0 1 1 0.6 0 1 1 0.7 0 1 1 0.9 0 1 1
16 0.1 19 0.631578947368421 0.0 0.4 7 1.0 0.0 0.5 3 1.0 0.0 0.6 3 1.0 0.0 0.7 0 1 1 0.9 0 1 1
16 0.1 17 0.47058823529411764 0.0 0.4 0 1 1 0.5 0 1 1 0.6 0 1 1 0.7 0 1 1 0.9 0 1 1
16 0.1 11 0.5454545454545454 0.0 0.4 1 1.0 0.0 0.5 0 1 1 0.6 0 1 1 0.7 0 1 1 0.9 0 1 1
16 0.1 14 0.5 0.0 0.4 2 1.0 0.0 0.5 2 1.0 0.0 0.6 1 1.0 0.0 0.7 0 1 1 0.9 0 1 1
16 0.1 0 1 1 0.4 0 1 1 0.5 0 1 1 0.6 0 1 1 0.7 0 1 1 0.9 0 1 1
16 0.1 29 0.13793103448275862 0.0 0.4 5 0.2 0.0 0.5 1 1.0 0.0 0.6 0 1 1 0.7 0 1 1 0.9 0 1 1
16 0.1 0 1 1 0.4 0 1 1 0.5 0 1 1 0.6 0 1 1 0.7 0 1 1 0.9 0 1 1
16 0.1 0 1 1 0.4 0 1 1 0.5 0 1 1 0.6 0 1 1 0.7 0 1 1 0.9 0 1 1
16 0.1 0 1 1 0.4 0 1 1 0.5 0 1 1 0.6 0 1 1 0.7 0 1 1 0.9 0 1 1
16 0.1 0 1 1 0.4 0 1 1 0.5 0 1 1 0.6 0 1 1 0.7 0 1 1 0.9 0 1 1
16 0.1 0 1 1 0.4 0 1 1 0.5 0 1 1 0.6 0 1 1 0.7 0 1 1 0.9 0 1 1
16 0.1 0 1 1 0.4 0 1 1 0.5 0 1 1 0.6 0 1 1 0.7 0 1 1 0.9 0 1 1
16 0.1 0 1 1 0.4 0 1 1 0.5 0 1 1 0.6 0 1 1 0.7 0 1 1 0.9 0 1 1
16 0.1 0 1 1 0.4 0 1 1 0.5 0 1 1 0.6 0 1 1 0.7 0 1 1 0.9 0 1 1
16 0.1 0 1 1 0.4 0 1 1 0.5 0 1 1 0.6 0 1 1 0.7 0 1 1 0.9 0 1 1
16 0.1 1 0.0 0.0 0.4 0 1 1 0.5 0 1 1 0.6 0 1 1 0.7 0 1 1 0.9 0 1 1
16 0.1 0 1 1 0.4 0 1 1 0.5 0 1 1 0.6 0 1 1 0.7 0 1 1 0.9 0 1 1
16 0.1 0 1 1 0.4 0 1 1 0.5 0 1 1 0.6 0 1 1 0.7 0 1 1 0.9 0 1 1
16 0.1 0 1 1 0.4 0 1 1 0.5 0 1 1 0.6 0 1 1 0.7 0 1 1 0.9 0 1 1
16 0.1 0 1 1 0.4 0 1 1 0.5 0 1 1 0.6 0 1 1 0.7 0 1 1 0.9 0 1 1
16 0.1 0 1 1 0.4 0 1 1 0.5 0 1 1 0.6 0 1 1 0.7 0 1 1 0.9 0 1 1
16 0.1 3 0.0 0.0 0.4 0 1 1 0.5 0 1 1 0.6 0 1 1 0.7 0 1 1 0.9 0 1 1
16 0.1 0 1 1 0.4 0 1 1 0.5 0 1 1 0.6 0 1 1 0.7 0 1 1 0.9 0 1 1
16 0.1 8 0.75 0.0 0.4 1 1.0 0.0 0.5 1 1.0 0.0 0.6 0 1 1 0.7 0 1 1 0.9 0 1 1
16 0.1 2 1.0 0.0 0.4 0 1 1 0.5 0 1 1 0.6 0 1 1 0.7 0 1 1 0.9 0 1 1
16 0.1 9 0.2222222222222222 0.0 0.4 2 0.0 0.0 0.5 0 1 1 0.6 0 1 1 0.7 0 1 1 0.9 0 1 1
16 0.1 17 0.47058823529411764 0.0 0.4 2 1.0 0.0 0.5 1 1.0 0.0 0.6 0 1 1 0.7 0 1 1 0.9 0 1 1
16 0.1 3 0.6666666666666666 0.0 0.4 0 1 1 0.5 0 1 1 0.6 0 1 1 0.7 0 1 1 0.9 0 1 1
16 0.1 1 0.0 0.0 0.4 0 1 1 0.5 0 1 1 0.6 0 1 1 0.7 0 1 1 0.9 0 1 1
16 0.1 10 0.7 0.0 0.4 3 1.0 0.0 0.5 0 1 1 0.6 0 1 1 0.7 0 1 1 0.9 0 1 1
16 0.1 7 0.7142857142857143 0.0 0.4 2 1.0 0.0 0.5 0 1 1 0.6 0 1 1 0.7 0 1 1 0.9 0 1 1
16 0.1 5 0.6 0.0 0.4 1 1.0 0.0 0.5 1 1.0 0.0 0.6 0 1 1 0.7 0 1 1 0.9 0 1 1
16 0.1 14 0.6428571428571429 0.0 0.4 5 0.8 0.0 0.5 2 1.0 0.0 0.6 1 1.0 0.0 0.7 0 1 1 0.9 0 1 1
16 0.1 21 0.6190476190476191 0.0 0.4 8 0.875 0.0 0.5 6 0.8333333333333334 0.0 0.6 2 1.0 0.0 0.7 0 1 1 0.9 0 1 1
16 0.1 17 0.7058823529411765 0.0 0.4 4 0.75 0.0 0.5 1 1.0 0.0 0.6 1 1.0 0.0 0.7 0 1 1 0.9 0 1 1
16 0.1 6 0.3333333333333333 0.0 0.4 0 1 1 0.5 0 1 1 0.6 0 1 1 0.7 0 1 1 0.9 0 1 1
16 0.1 18 0.6111111111111112 0.0 0.4 7 1.0 0.0 0.5 3 1.0 0.0 0.6 1 1.0 0.0 0.7 1 1.0 0.0 0.9 0 1 1
16 0.1 12 0.8333333333333334 0.0 0.4 3 1.0 0.0 0.5 2 1.0 0.0 0.6 1 1.0 0.0 0.7 0 1 1 0.9 0 1 1
16 0.1 17 0.7647058823529411 0.0 0.4 7 1.0 0.0 0.5 6 1.0 0.0 0.6 4 1.0 0.0 0.7 0 1 1 0.9 0 1 1
16 0.1 20 0.6 0.0 0.4 10 1.0 0.0 0.5 8 1.0 0.0 0.6 5 1.0 0.0 0.7 1 1.0 0.0 0.9 0 1 1
16 0.1 43 0.3488372093023256 0.0 0.4 14 0.7857142857142857 0.0 0.5 8 1.0 0.0 0.6 7 1.0 0.0 0.7 4 1.0 0.0 0.9 0 1 1
16 0.1 13 0.6923076923076923 0.0 0.4 6 1.0 0.0 0.5 3 1.0 0.0 0.6 1 1.0 0.0 0.7 0 1 1 0.9 0 1 1
16 0.1 23 0.6521739130434783 0.0 0.4 9 1.0 0.0 0.5 9 1.0 0.0 0.6 5 1.0 0.0 0.7 1 1.0 0.0 0.9 0 1 1
16 0.1 15 0.7333333333333333 0.0 0.4 8 1.0 0.0 0.5 4 1.0 0.0 0.6 3 1.0 0.0 0.7 3 1.0 0.0 0.9 0 1 1
16 0.1 21 0.7142857142857143 0.047619047619047616 0.4 10 0.9 0.0 0.5 9 1.0 0.0 0.6 8 1.0 0.0 0.7 4 1.0 0.0 0.9 0 1 1
16 0.1 19 0.7894736842105263 0.10526315789473684 0.4 11 0.9090909090909091 0.18181818181818182 0.5 10 1.0 0.2 0.6 8 1.0 0.25 0.7 4 1.0 0.0 0.9 0 1 1
16 0.1 14 0.7857142857142857 0.0 0.4 10 1.0 0.0 0.5 7 1.0 0.0 0.6 6 1.0 0.0 0.7 3 1.0 0.0 0.9 0 1 1
16 0.1 18 0.7777777777777778 0.0 0.4 12 0.9166666666666666 0.0 0.5 10 1.0 0.0 0.6 7 1.0 0.0 0.7 6 1.0 0.0 0.9 0 1 1
16 0.1 20 0.7 0.0 0.4 11 1.0 0.0 0.5 10 1.0 0.0 0.6 7 1.0 0.0 0.7 6 1.0 0.0 0.9 0 1 1
16 0.1 13 0.9230769230769231 0.0 0.4 6 1.0 0.0 0.5 5 1.0 0.0 0.6 4 1.0 0.0 0.7 2 1.0 0.0 0.9 0 1 1
16 0.1 25 0.6 0.04 0.4 13 0.9230769230769231 0.07692307692307693 0.5 11 1.0 0.09090909090909091 0.6 6 1.0 0.16666666666666666 0.7 5 1.0 0.2 0.9 0 1 1
16 0.1 19 0.7368421052631579 0.0 0.4 8 1.0 0.0 0.5 6 1.0 0.0 0.6 3 1.0 0.0 0.7 2 1.0 0.0 0.9 0 1 1
16 0.1 11 0.7272727272727273 0.0 0.4 3 1.0 0.0 0.5 2 1.0 0.0 0.6 1 1.0 0.0 0.7 0 1 1 0.9 0 1 1
16 0.1 15 0.8 0.0 0.4 8 0.875 0.0 0.5 7 1.0 0.0 0.6 5 1.0 0.0 0.7 1 1.0 0.0 0.9 0 1 1
16 0.1 14 0.7142857142857143 0.07142857142857142 0.4 4 1.0 0.25 0.5 3 1.0 0.3333333333333333 0.6 2 1.0 0.5 0.7 2 1.0 0.5 0.9 0 1 1
16 0.1 27 0.5555555555555556 0.07407407407407407 0.4 16 0.75 0.125 0.5 15 0.8 0.13333333333333333 0.6 12 0.9166666666666666 0.08333333333333333 0.7 9 1.0 0.1111111111111111 0.9 0 1 1
16 0.1 33 0.45454545454545453 0.0 0.4 14 0.7857142857142857 0.0 0.5 12 0.8333333333333334 0.0 0.6 6 1.0 0.0 0.7 4 1.0 0.0 0.9 0 1 1
16 0.1 16 0.6875 0.0 0.4 8 0.875 0.0 0.5 7 0.8571428571428571 0.0 0.6 5 0.8 0.0 0.7 3 1.0 0.0 0.9 0 1 1
16 0.1 14 0.7142857142857143 0.0 0.4 9 1.0 0.0 0.5 9 1.0 0.0 0.6 7 1.0 0.0 0.7 5 1.0 0.0 0.9 0 1 1
16 0.1 14 0.7857142857142857 0.07142857142857142 0.4 7 1.0 0.14285714285714285 0.5 5 1.0 0.2 0.6 4 1.0 0.25 0.7 1 1.0 0.0 0.9 0 1 1
16 0.1 12 0.8333333333333334 0.0 0.4 9 1.0 0.0 0.5 9 1.0 0.0 0.6 7 1.0 0.0 0.7 1 1.0 0.0 0.9 0 1 1
16 0.1 19 0.6842105263157895 0.05263157894736842 0.4 13 0.9230769230769231 0.07692307692307693 0.5 10 1.0 0.1 0.6 8 1.0 0.125 0.7 6 1.0 0.16666666666666666 0.9 0 1 1
16 0.1 18 0.6666666666666666 0.05555555555555555 0.4 11 1.0 0.09090909090909091 0.5 10 1.0 0.1 0.6 8 1.0 0.125 0.7 6 1.0 0.16666666666666666 0.9 0 1 1
16 0.1 34 0.4411764705882353 0.0 0.4 13 0.9230769230769231 0.0 0.5 10 1.0 0.0 0.6 8 1.0 0.0 0.7 5 1.0 0.0 0.9 0 1 1
16 0.1 14 0.6428571428571429 0.0 0.4 6 1.0 0.0 0.5 6 1.0 0.0 0.6 5 1.0 0.0 0.7 3 1.0 0.0 0.9 0 1 1
16 0.1 27 0.5185185185185185 0.0 0.4 13 0.9230769230769231 0.0 0.5 11 1.0 0.0 0.6 10 1.0 0.0 0.7 9 1.0 0.0 0.9 0 1 1
16 0.1 11 0.8181818181818182 0.09090909090909091 0.4 5 1.0 0.2 0.5 3 1.0 0.3333333333333333 0.6 3 1.0 0.3333333333333333 0.7 2 1.0 0.0 0.9 0 1 1
16 0.1 17 0.6470588235294118 0.0 0.4 9 1.0 0.0 0.5 8 1.0 0.0 0.6 7 1.0 0.0 0.7 2 1.0 0.0 0.9 0 1 1
16 0.1 20 0.7 0.1 0.4 12 0.9166666666666666 0.16666666666666666 0.5 8 0.875 0.25 0.6 7 1.0 0.2857142857142857 0.7 3 1.0 0.6666666666666666 0.9 0 1 1
16 0.1 18 0.7222222222222222 0.05555555555555555 0.4 11 1.0 0.09090909090909091 0.5 11 1.0 0.09090909090909091 0.6 10 1.0 0.1 0.7 6 1.0 0.16666666666666666 0.9 0 1 1
16 0.1 20 0.65 0.0 0.4 12 0.9166666666666666 0.0 0.5 10 1.0 0.0 0.6 9 1.0 0.0 0.7 8 1.0 0.0 0.9 0 1 1
16 0.1 21 0.7142857142857143 0.09523809523809523 0.4 15 0.8666666666666667 0.06666666666666667 0.5 13 0.9230769230769231 0.07692307692307693 0.6 7 1.0 0.14285714285714285 0.7 6 1.0 0.16666666666666666 0.9 0 1 1
16 0.1 14 0.7142857142857143 0.0 0.4 8 1.0 0.0 0.5 8 1.0 0.0 0.6 5 1.0 0.0 0.7 1 1.0 0.0 0.9 0 1 1
16 0.1 5 1.0 0.0 0.4 3 1.0 0.0 0.5 2 1.0 0.0 0.6 1 1.0 0.0 0.7 1 1.0 0.0 0.9 0 1 1
16 0.1 18 0.7222222222222222 0.0 0.4 9 0.8888888888888888 0.0 0.5 7 1.0 0.0 0.6 6 1.0 0.0 0.7 4 1.0 0.0 0.9 0 1 1
16 0.1 19 0.631578947368421 0.05263157894736842 0.4 10 0.9 0.1 0.5 9 0.8888888888888888 0.1111111111111111 0.6 7 0.8571428571428571 0.14285714285714285 0.7 4 1.0 0.25 0.9 0 1 1
16 0.1 26 0.5384615384615384 0.038461538461538464 0.4 12 0.9166666666666666 0.08333333333333333 0.5 11 1.0 0.09090909090909091 0.6 9 1.0 0.1111111111111111 0.7 7 1.0 0.14285714285714285 0.9 0 1 1
16 0.1 16 0.75 0.0625 0.4 11 0.9090909090909091 0.09090909090909091 0.5 8 1.0 0.0 0.6 7 1.0 0.0 0.7 5 1.0 0.0 0.9 0 1 1
16 0.1 17 0.7647058823529411 0.0 0.4 12 0.9166666666666666 0.0 0.5 11 1.0 0.0 0.6 9 1.0 0.0 0.7 6 1.0 0.0 0.9 0 1 1
16 0.1 25 0.6 0.0 0.4 15 0.8 0.0 0.5 15 0.8 0.0 0.6 13 0.9230769230769231 0.0 0.7 10 1.0 0.0 0.9 0 1 1
16 0.1 11 0.8181818181818182 0.0 0.4 7 1.0 0.0 0.5 6 1.0 0.0 0.6 4 1.0 0.0 0.7 3 1.0 0.0 0.9 0 1 1
16 0.1 15 0.6666666666666666 0.0 0.4 10 0.9 0.0 0.5 10 0.9 0.0 0.6 9 1.0 0.0 0.7 4 1.0 0.0 0.9 0 1 1
16 0.1 25 0.6 0.0 0.4 12 0.8333333333333334 0.0 0.5 10 0.9 0.0 0.6 8 1.0 0.0 0.7 5 1.0 0.0 0.9 0 1 1
16 0.1 24 0.625 0.0 0.4 15 0.8666666666666667 0.0 0.5 13 0.9230769230769231 0.0 0.6 11 1.0 0.0 0.7 9 1.0 0.0 0.9 0 1 1
16 0.1 26 0.5384615384615384 0.038461538461538464 0.4 14 0.7857142857142857 0.07142857142857142 0.5 11 0.9090909090909091 0.09090909090909091 0.6 9 1.0 0.1111111111111111 0.7 8 1.0 0.125 0.9 0 1 1
16 0.1 15 0.7333333333333333 0.0 0.4 10 1.0 0.0 0.5 9 1.0 0.0 0.6 9 1.0 0.0 0.7 8 1.0 0.0 0.9 0 1 1
16 0.1 25 0.56 0.04 0.4 13 0.9230769230769231 0.07692307692307693 0.5 11 1.0 0.09090909090909091 0.6 10 1.0 0.1 0.7 9 1.0 0.1111111111111111 0.9 0 1 1
16 0.1 23 0.5652173913043478 0.043478260869565216 0.4 13 0.9230769230769231 0.07692307692307693 0.5 10 1.0 0.1 0.6 9 1.0 0.1111111111111111 0.7 9 1.0 0.1111111111111111 0.9 0 1 1
16 0.1 19 0.7368421052631579 0.0 0.4 11 1.0 0.0 0.5 10 1.0 0.0 0.6 9 1.0 0.0 0.7 6 1.0 0.0 0.9 0 1 1
16 0.1 12 0.9166666666666666 0.0 0.4 8 1.0 0.0 0.5 8 1.0 0.0 0.6 8 1.0 0.0 0.7 4 1.0 0.0 0.9 0 1 1
16 0.1 12 0.8333333333333334 0.0 0.4 6 1.0 0.0 0.5 5 1.0 0.0 0.6 5 1.0 0.0 0.7 1 1.0 0.0 0.9 0 1 1
16 0.1 13 0.7692307692307693 0.0 0.4 9 1.0 0.0 0.5 7 1.0 0.0 0.6 7 1.0 0.0 0.7 5 1.0 0.0 0.9 0 1 1
16 0.1 16 0.8125 0.0625 0.4 9 1.0 0.1111111111111111 0.5 9 1.0 0.1111111111111111 0.6 9 1.0 0.1111111111111111 0.7 5 1.0 0.2 0.9 0 1 1
16 0.1 18 0.7222222222222222 0.0 0.4 13 0.9230769230769231 0.0 0.5 12 1.0 0.0 0.6 12 1.0 0.0 0.7 8 1.0 0.0 0.9 0 1 1
16 0.1 24 0.625 0.041666666666666664 0.4 18 0.7777777777777778 0.05555555555555555 0.5 17 0.8235294117647058 0.058823529411764705 0.6 13 0.9230769230769231 0.07692307692307693 0.7 11 1.0 0.09090909090909091 0.9 0 1 1
16 0.1 20 0.75 0.1 0.4 11 1.0 0.09090909090909091 0.5 10 1.0 0.1 0.6 10 1.0 0.1 0.7 7 1.0 0.14285714285714285 0.9 0 1 1
16 0.1 19 0.6842105263157895 0.10526315789473684 0.4 11 1.0 0.18181818181818182 0.5 11 1.0 0.18181818181818182 0.6 9 1.0 0.2222222222222222 0.7 9 1.0 0.2222222222222222 0.9 0 1 1
16 0.1 16 0.875 0.0625 0.4 10 1.0 0.1 0.5 10 1.0 0.1 0.6 10 1.0 0.1 0.7 7 1.0 0.14285714285714285 0.9 0 1 1
16 0.1 18 0.7777777777777778 0.05555555555555555 0.4 11 1.0 0.09090909090909091 0.5 11 1.0 0.09090909090909091 0.6 11 1.0 0.09090909090909091 0.7 9 1.0 0.1111111111111111 0.9 0 1 1
16 0.1 16 0.75 0.0 0.4 10 0.9 0.0 0.5 8 0.875 0.0 0.6 8 0.875 0.0 0.7 6 1.0 0.0 0.9 0 1 1
16 0.1 23 0.6521739130434783 0.043478260869565216 0.4 15 0.8 0.06666666666666667 0.5 13 0.8461538461538461 0.07692307692307693 0.6 11 1.0 0.09090909090909091 0.7 8 1.0 0.125 0.9 0 1 1
16 0.1 17 0.7647058823529411 0.0 0.4 10 1.0 0.0 0.5 9 1.0 0.0 0.6 9 1.0 0.0 0.7 7 1.0 0.0 0.9 0 1 1
16 0.1 14 0.7857142857142857 0.0 0.4 8 1.0 0.0 0.5 8 1.0 0.0 0.6 8 1.0 0.0 0.7 8 1.0 0.0 0.9 0 1 1
16 0.1 21 0.5238095238095238 0.0 0.4 11 1.0 0.0 0.5 11 1.0 0.0 0.6 7 1.0 0.0 0.7 5 1.0 0.0 0.9 0 1 1
16 0.1 19 0.7368421052631579 0.10526315789473684 0.4 12 0.9166666666666666 0.16666666666666666 0.5 10 1.0 0.2 0.6 9 1.0 0.2222222222222222 0.7 9 1.0 0.2222222222222222 0.9 0 1 1
16 0.1 17 0.7647058823529411 0.0 0.4 10 1.0 0.0 0.5 10 1.0 0.0 0.6 10 1.0 0.0 0.7 8 1.0 0.0 0.9 0 1 1
16 0.1 16 0.8125 0.0625 0.4 11 0.9090909090909091 0.09090909090909091 0.5 11 0.9090909090909091 0.09090909090909091 0.6 10 0.9 0.1 0.7 8 1.0 0.125 0.9 0 1 1
16 0.1 17 0.7058823529411765 0.058823529411764705 0.4 13 0.9230769230769231 0.07692307692307693 0.5 11 0.9090909090909091 0.09090909090909091 0.6 10 1.0 0.1 0.7 9 1.0 0.1111111111111111 0.9 0 1 1
16 0.1 17 0.8235294117647058 0.0 0.4 12 0.9166666666666666 0.0 0.5 11 1.0 0.0 0.6 10 1.0 0.0 0.7 9 1.0 0.0 0.9 0 1 1
16 0.1 26 0.5769230769230769 0.038461538461538464 0.4 15 0.8 0.06666666666666667 0.5 12 0.9166666666666666 0.08333333333333333 0.6 9 1.0 0.1111111111111111 0.7 9 1.0 0.1111111111111111 0.9 0 1 1
16 0.1 21 0.6666666666666666 0.0 0.4 14 0.7857142857142857 0.0 0.5 12 0.9166666666666666 0.0 0.6 12 0.9166666666666666 0.0 0.7 11 0.9090909090909091 0.0 0.9 0 1 1
16 0.1 18 0.6666666666666666 0.0 0.4 12 0.9166666666666666 0.0 0.5 11 0.9090909090909091 0.0 0.6 10 0.9 0.0 0.7 9 0.8888888888888888 0.0 0.9 0 1 1
16 0.1 21 0.6666666666666666 0.09523809523809523 0.4 17 0.7647058823529411 0.11764705882352941 0.5 14 0.8571428571428571 0.14285714285714285 0.6 13 0.9230769230769231 0.15384615384615385 0.7 10 1.0 0.2 0.9 0 1 1
16 0.1 22 0.5909090909090909 0.09090909090909091 0.4 14 0.7857142857142857 0.14285714285714285 0.5 13 0.8461538461538461 0.15384615384615385 0.6 13 0.8461538461538461 0.15384615384615385 0.7 10 0.9 0.2 0.9 0 1 1
16 0.1 19 0.631578947368421 0.15789473684210525 0.4 11 0.9090909090909091 0.18181818181818182 0.5 11 0.9090909090909091 0.18181818181818182 0.6 11 0.9090909090909091 0.18181818181818182 0.7 8 1.0 0.125 0.9 0 1 1
16 0.1 21 0.5714285714285714 0.09523809523809523 0.4 11 0.9090909090909091 0.18181818181818182 0.5 11 0.9090909090909091 0.18181818181818182 0.6 11 0.9090909090909091 0.18181818181818182 0.7 9 1.0 0.2222222222222222 0.9 0 1 1
16 0.1 22 0.5909090909090909 0.045454545454545456 0.4 12 0.9166666666666666 0.08333333333333333 0.5 12 0.9166666666666666 0.08333333333333333 0.6 9 1.0 0.1111111111111111 0.7 8 1.0 0.125 0.9 0 1 1
16 0.1 17 0.7058823529411765 0.11764705882352941 0.4 12 0.9166666666666666 0.16666666666666666 0.5 12 0.9166666666666666 0.16666666666666666 0.6 11 1.0 0.18181818181818182 0.7 8 1.0 0.125 0.9 0 1 1
16 0.1 14 0.7857142857142857 0.07142857142857142 0.4 9 0.8888888888888888 0.0 0.5 7 1.0 0.0 0.6 7 1.0 0.0 0.7 6 1.0 0.0 0.9 0 1 1
16 0.1 17 0.7058823529411765 0.11764705882352941 0.4 13 0.8461538461538461 0.15384615384615385 0.5 12 0.9166666666666666 0.16666666666666666 0.6 11 0.9090909090909091 0.09090909090909091 0.7 9 0.8888888888888888 0.0 0.9 0 1 1
16 0.1 24 0.625 0.08333333333333333 0.4 15 0.8666666666666667 0.13333333333333333 0.5 15 0.8666666666666667 0.13333333333333333 0.6 15 0.8666666666666667 0.13333333333333333 0.7 12 0.9166666666666666 0.16666666666666666 0.9 0 1 1
16 0.1 20 0.75 0.1 0.4 11 0.9090909090909091 0.18181818181818182 0.5 11 0.9090909090909091 0.18181818181818182 0.6 10 1.0 0.2 0.7 10 1.0 0.2 0.9 0 1 1
16 0.1 18 0.7222222222222222 0.0 0.4 13 0.9230769230769231 0.0 0.5 12 0.9166666666666666 0.0 0.6 11 0.9090909090909091 0.0 0.7 9 1.0 0.0 0.9 0 1 1
16 0.1 25 0.56 0.04 0.4 12 1.0 0.08333333333333333 0.5 11 1.0 0.09090909090909091 0.6 11 1.0 0.09090909090909091 0.7 11 1.0 0.09090909090909091 0.9 0 1 1
16 0.1 19 0.6842105263157895 0.05263157894736842 0.4 15 0.8666666666666667 0.06666666666666667 0.5 14 0.9285714285714286 0.07142857142857142 0.6 14 0.9285714285714286 0.07142857142857142 0.7 11 0.9090909090909091 0.09090909090909091 0.9 0 1 1
16 0.1 16 0.8125 0.0625 0.4 8 1.0 0.125 0.5 6 1.0 0.16666666666666666 0.6 6 1.0 0.16666666666666666 0.7 5 1.0 0.0 0.9 0 1 1
16 0.1 17 0.7647058823529411 0.058823529411764705 0.4 15 0.8 0.06666666666666667 0.5 14 0.8571428571428571 0.07142857142857142 0.6 11 1.0 0.09090909090909091 0.7 9 1.0 0.1111111111111111 0.9 0 1 1
16 0.1 16 0.75 0.0625 0.4 14 0.8571428571428571 0.07142857142857142 0.5 12 0.9166666666666666 0.08333333333333333 0.6 11 0.9090909090909091 0.09090909090909091 0.7 8 1.0 0.125 0.9 0 1 1
16 0.1 20 0.7 0.15 0.4 15 0.9333333333333333 0.2 0.5 13 1.0 0.23076923076923078 0.6 11 1.0 0.18181818181818182 0.7 9 1.0 0.2222222222222222 0.9 0 1 1
16 0.1 20 0.7 0.05 0.4 14 0.9285714285714286 0.07142857142857142 0.5 14 0.9285714285714286 0.07142857142857142 0.6 13 0.9230769230769231 0.07692307692307693 0.7 9 1.0 0.0 0.9 0 1 1
16 0.1 23 0.5217391304347826 0.043478260869565216 0.4 11 1.0 0.09090909090909091 0.5 10 1.0 0.1 0.6 10 1.0 0.1 0.7 9 1.0 0.1111111111111111 0.9 0 1 1
16 0.1 28 0.5357142857142857 0.03571428571428571 0.4 19 0.6842105263157895 0.05263157894736842 0.5 18 0.7222222222222222 0.05555555555555555 0.6 15 0.7333333333333333 0.06666666666666667 0.7 13 0.8461538461538461 0.07692307692307693 0.9 0 1 1
16 0.1 27 0.5555555555555556 0.07407407407407407 0.4 19 0.7894736842105263 0.10526315789473684 0.5 18 0.8333333333333334 0.1111111111111111 0.6 16 0.875 0.125 0.7 12 0.9166666666666666 0.08333333333333333 0.9 0 1 1
16 0.1 18 0.7222222222222222 0.0 0.4 15 0.8 0.0 0.5 13 0.9230769230769231 0.0 0.6 13 0.9230769230769231 0.0 0.7 13 0.9230769230769231 0.0 0.9 0 1 1
16 0.1 16 0.75 0.0 0.4 10 1.0 0.0 0.5 10 1.0 0.0 0.6 10 1.0 0.0 0.7 10 1.0 0.0 0.9 0 1 1
16 0.1 23 0.6521739130434783 0.08695652173913043 0.4 14 0.8571428571428571 0.14285714285714285 0.5 13 0.8461538461538461 0.15384615384615385 0.6 13 0.8461538461538461 0.15384615384615385 0.7 13 0.8461538461538461 0.15384615384615385 0.9 0 1 1
16 0.1 23 0.6521739130434783 0.08695652173913043 0.4 15 0.8666666666666667 0.13333333333333333 0.5 14 0.8571428571428571 0.07142857142857142 0.6 14 0.8571428571428571 0.07142857142857142 0.7 12 0.9166666666666666 0.08333333333333333 0.9 0 1 1
16 0.1 16 0.8125 0.0625 0.4 14 0.8571428571428571 0.07142857142857142 0.5 14 0.8571428571428571 0.07142857142857142 0.6 13 0.8461538461538461 0.07692307692307693 0.7 12 0.8333333333333334 0.08333333333333333 0.9 0 1 1
16 0.1 17 0.7647058823529411 0.0 0.4 14 0.8571428571428571 0.0 0.5 14 0.8571428571428571 0.0 0.6 13 0.8461538461538461 0.0 0.7 10 1.0 0.0 0.9 0 1 1
16 0.1 19 0.7368421052631579 0.05263157894736842 0.4 13 0.8461538461538461 0.07692307692307693 0.5 13 0.8461538461538461 0.07692307692307693 0.6 12 0.9166666666666666 0.08333333333333333 0.7 10 0.9 0.1 0.9 0 1 1
16 0.1 17 0.7647058823529411 0.058823529411764705 0.4 13 0.8461538461538461 0.07692307692307693 0.5 12 0.8333333333333334 0.08333333333333333 0.6 11 0.9090909090909091 0.09090909090909091 0.7 10 1.0 0.1 0.9 0 1 1
16 0.1 18 0.7777777777777778 0.05555555555555555 0.4 13 0.8461538461538461 0.0 0.5 13 0.8461538461538461 0.0 0.6 13 0.8461538461538461 0.0 0.7 12 0.9166666666666666 0.0 0.9 0 1 1
16 0.1 16 0.75 0.0 0.4 13 0.8461538461538461 0.0 0.5 11 1.0 0.0 0.6 10 1.0 0.0 0.7 10 1.0 0.0 0.9 0 1 1
16 0.1 16 0.75 0.0625 0.4 13 0.8461538461538461 0.07692307692307693 0.5 13 0.8461538461538461 0.07692307692307693 0.6 11 1.0 0.09090909090909091 0.7 9 1.0 0.1111111111111111 0.9 0 1 1
16 0.1 19 0.6842105263157895 0.05263157894736842 0.4 16 0.8125 0.0625 0.5 15 0.8666666666666667 0.06666666666666667 0.6 14 0.8571428571428571 0.07142857142857142 0.7 13 0.8461538461538461 0.07692307692307693 0.9 0 1 1
16 0.1 18 0.7222222222222222 0.05555555555555555 0.4 14 0.7857142857142857 0.07142857142857142 0.5 14 0.7857142857142857 0.07142857142857142 0.6 13 0.8461538461538461 0.07692307692307693 0.7 12 0.9166666666666666 0.08333333333333333 0.9 0 1 1
16 0.1 21 0.6666666666666666 0.047619047619047616 0.4 15 0.8 0.06666666666666667 0.5 13 0.9230769230769231 0.07692307692307693 0.6 13 0.9230769230769231 0.07692307692307693 0.7 12 0.9166666666666666 0.08333333333333333 0.9 0 1 1
16 0.1 17 0.7647058823529411 0.058823529411764705 0.4 14 0.8571428571428571 0.07142857142857142 0.5 13 0.9230769230769231 0.07692307692307693 0.6 12 0.9166666666666666 0.0 0.7 10 0.9 0.0 0.9 0 1 1
16 0.1 21 0.6666666666666666 0.047619047619047616 0.4 16 0.8125 0.0625 0.5 13 0.9230769230769231 0.07692307692307693 0.6 13 0.9230769230769231 0.07692307692307693 0.7 12 0.9166666666666666 0.08333333333333333 0.9 0 1 1
16 0.1 15 0.7333333333333333 0.0 0.4 12 0.9166666666666666 0.0 0.5 10 0.9 0.0 0.6 10 0.9 0.0 0.7 10 0.9 0.0 0.9 0 1 1
16 0.1 20 0.7 0.1 0.4 14 0.8571428571428571 0.14285714285714285 0.5 11 0.9090909090909091 0.18181818181818182 0.6 11 0.9090909090909091 0.18181818181818182 0.7 9 0.8888888888888888 0.2222222222222222 0.9 0 1 1
16 0.1 20 0.7 0.05 0.4 13 0.7692307692307693 0.07692307692307693 0.5 12 0.8333333333333334 0.08333333333333333 0.6 12 0.8333333333333334 0.08333333333333333 0.7 12 0.8333333333333334 0.08333333333333333 0.9 0 1 1
16 0.1 16 0.75 0.125 0.4 15 0.8 0.13333333333333333 0.5 15 0.8 0.13333333333333333 0.6 13 0.9230769230769231 0.15384615384615385 0.7 10 1.0 0.2 0.9 0 1 1
16 0.1 15 0.8 0.06666666666666667 0.4 14 0.7857142857142857 0.0 0.5 14 0.7857142857142857 0.0 0.6 13 0.8461538461538461 0.0 0.7 12 0.9166666666666666 0.0 0.9 0 1 1
16 0.1 16 0.75 0.0 0.4 13 0.8461538461538461 0.0 0.5 12 0.9166666666666666 0.0 0.6 11 1.0 0.0 0.7 8 1.0 0.0 0.9 0 1 1
16 0.1 20 0.65 0.05 0.4 14 0.7857142857142857 0.07142857142857142 0.5 13 0.8461538461538461 0.07692307692307693 0.6 13 0.8461538461538461 0.07692307692307693 0.7 11 0.9090909090909091 0.0 0.9 0 1 1
16 0.1 16 0.6875 0.0625 0.4 11 0.8181818181818182 0.0 0.5 11 0.8181818181818182 0.0 0.6 10 0.9 0.0 0.7 10 0.9 0.0 0.9 0 1 1
16 0.1 21 0.6666666666666666 0.0 0.4 14 0.8571428571428571 0.0 0.5 14 0.8571428571428571 0.0 0.6 13 0.9230769230769231 0.0 0.7 10 0.9 0.0 0.9 0 1 1
16 0.1 17 0.6470588235294118 0.0 0.4 13 0.8461538461538461 0.0 0.5 13 0.8461538461538461 0.0 0.6 11 0.9090909090909091 0.0 0.7 8 1.0 0.0 0.9 0 1 1
16 0.1 21 0.6190476190476191 0.0 0.4 14 0.7857142857142857 0.0 0.5 13 0.8461538461538461 0.0 0.6 13 0.8461538461538461 0.0 0.7 12 0.9166666666666666 0.0 0.9 0 1 1
16 0.1 16 0.6875 0.0625 0.4 14 0.7857142857142857 0.07142857142857142 0.5 13 0.8461538461538461 0.07692307692307693 0.6 13 0.8461538461538461 0.07692307692307693 0.7 11 1.0 0.09090909090909091 0.9 0 1 1
16 0.1 17 0.6470588235294118 0.0 0.4 14 0.7857142857142857 0.0 0.5 14 0.7857142857142857 0.0 0.6 13 0.8461538461538461 0.0 0.7 12 0.9166666666666666 0.0 0.9 0 1 1
16 0.1 21 0.5714285714285714 0.0 0.4 15 0.7333333333333333 0.0 0.5 14 0.7857142857142857 0.0 0.6 14 0.7857142857142857 0.0 0.7 12 0.9166666666666666 0.0 0.9 0 1 1
16 0.1 16 0.8125 0.0 0.4 14 0.7857142857142857 0.0 0.5 13 0.8461538461538461 0.0 0.6 13 0.8461538461538461 0.0 0.7 12 0.9166666666666666 0.0 0.9 1 1.0 0.0
16 0.1 21 0.5238095238095238 0.0 0.4 16 0.6875 0.0 0.5 15 0.7333333333333333 0.0 0.6 14 0.7857142857142857 0.0 0.7 13 0.8461538461538461 0.0 0.9 0 1 1
16 0.1 21 0.6190476190476191 0.0 0.4 15 0.7333333333333333 0.0 0.5 15 0.7333333333333333 0.0 0.6 14 0.7857142857142857 0.0 0.7 13 0.8461538461538461 0.0 0.9 0 1 1
16 0.1 20 0.65 0.1 0.4 16 0.6875 0.125 0.5 15 0.7333333333333333 0.13333333333333333 0.6 13 0.7692307692307693 0.15384615384615385 0.7 12 0.8333333333333334 0.16666666666666666 0.9 1 1.0 0.0
16 0.1 22 0.5909090909090909 0.045454545454545456 0.4 14 0.7857142857142857 0.07142857142857142 0.5 14 0.7857142857142857 0.07142857142857142 0.6 12 0.8333333333333334 0.08333333333333333 0.7 11 0.9090909090909091 0.09090909090909091 0.9 0 1 1
16 0.1 19 0.5789473684210527 0.0 0.4 14 0.7857142857142857 0.0 0.5 14 0.7857142857142857 0.0 0.6 12 0.9166666666666666 0.0 0.7 10 1.0 0.0 0.9 0 1 1
16 0.1 17 0.7058823529411765 0.058823529411764705 0.4 15 0.7333333333333333 0.06666666666666667 0.5 13 0.8461538461538461 0.07692307692307693 0.6 13 0.8461538461538461 0.07692307692307693 0.7 12 0.8333333333333334 0.08333333333333333 0.9 1 1.0 0.0
16 0.1 16 0.6875 0.0625 0.4 14 0.7857142857142857 0.07142857142857142 0.5 12 0.9166666666666666 0.08333333333333333 0.6 12 0.9166666666666666 0.08333333333333333 0.7 11 1.0 0.09090909090909091 0.9 0 1 1
16 0.1 18 0.7222222222222222 0.0 0.4 12 0.9166666666666666 0.0 0.5 11 0.9090909090909091 0.0 0.6 11 0.9090909090909091 0.0 0.7 10 0.9 0.0 0.9 0 1 1
16 0.1 24 0.5416666666666666 0.0 0.4 18 0.6666666666666666 0.0 0.5 16 0.75 0.0 0.6 15 0.8 0.0 0.7 15 0.8 0.0 0.9 0 1 1
16 0.1 17 0.7058823529411765 0.11764705882352941 0.4 15 0.7333333333333333 0.13333333333333333 0.5 14 0.7857142857142857 0.14285714285714285 0.6 14 0.7857142857142857 0.14285714285714285 0.7 12 0.8333333333333334 0.16666666666666666 0.9 2 1.0 0.5
16 0.1 17 0.7058823529411765 0.058823529411764705 0.4 15 0.8 0.06666666666666667 0.5 14 0.8571428571428571 0.07142857142857142 0.6 11 0.9090909090909091 0.09090909090909091 0.7 10 0.9 0.1 0.9 1 1.0 0.0
16 0.1 25 0.6 0.0 0.4 18 0.7777777777777778 0.0 0.5 18 0.7777777777777778 0.0 0.6 16 0.8125 0.0 0.7 15 0.8666666666666667 0.0 0.9 0 1 1
16 0.1 19 0.6842105263157895 0.05263157894736842 0.4 13 0.7692307692307693 0.07692307692307693 0.5 12 0.75 0.08333333333333333 0.6 11 0.8181818181818182 0.09090909090909091 0.7 10 0.9 0.1 0.9 0 1 1
16 0.1 16 0.8125 0.0 0.4 15 0.8 0.0 0.5 14 0.8571428571428571 0.0 0.6 14 0.8571428571428571 0.0 0.7 12 0.9166666666666666 0.0 0.9 0 1 1
16 0.1 20 0.7 0.15 0.4 13 0.8461538461538461 0.15384615384615385 0.5 13 0.8461538461538461 0.15384615384615385 0.6 12 0.9166666666666666 0.16666666666666666 0.7 10 0.9 0.1 0.9 0 1 1
16 0.1 23 0.6086956521739131 0.08695652173913043 0.4 14 0.7857142857142857 0.14285714285714285 0.5 14 0.7857142857142857 0.14285714285714285 0.6 13 0.8461538461538461 0.15384615384615385 0.7 12 0.9166666666666666 0.16666666666666666 0.9 0 1 1
16 0.1 21 0.6190476190476191 0.047619047619047616 0.4 14 0.7857142857142857 0.07142857142857142 0.5 13 0.8461538461538461 0.07692307692307693 0.6 13 0.8461538461538461 0.07692307692307693 0.7 12 0.8333333333333334 0.08333333333333333 0.9 0 1 1
16 0.1 21 0.5714285714285714 0.09523809523809523 0.4 13 0.8461538461538461 0.15384615384615385 0.5 12 0.9166666666666666 0.16666666666666666 0.6 11 0.9090909090909091 0.09090909090909091 0.7 10 0.9 0.1 0.9 0 1 1
16 0.1 18 0.7222222222222222 0.05555555555555555 0.4 15 0.8 0.06666666666666667 0.5 12 0.9166666666666666 0.08333333333333333 0.6 10 1.0 0.0 0.7 10 1.0 0.0 0.9 0 1 1
16 0.1 17 0.7647058823529411 0.058823529411764705 0.4 13 0.9230769230769231 0.07692307692307693 0.5 12 0.9166666666666666 0.08333333333333333 0.6 11 0.9090909090909091 0.09090909090909091 0.7 9 1.0 0.1111111111111111 0.9 0 1 1
16 0.1 21 0.5714285714285714 0.0 0.4 15 0.8 0.0 0.5 14 0.8571428571428571 0.0 0.6 14 0.8571428571428571 0.0 0.7 12 0.8333333333333334 0.0 0.9 0 1 1
16 0.1 19 0.631578947368421 0.05263157894736842 0.4 14 0.8571428571428571 0.07142857142857142 0.5 13 0.8461538461538461 0.07692307692307693 0.6 12 0.9166666666666666 0.08333333333333333 0.7 10 0.9 0.1 0.9 1 1.0 0.0
16 0.1 20 0.65 0.1 0.4 14 0.7857142857142857 0.07142857142857142 0.5 12 0.8333333333333334 0.0 0.6 11 0.8181818181818182 0.0 0.7 10 0.9 0.0 0.9 0 1 1
16 0.1 19 0.6842105263157895 0.10526315789473684 0.4 16 0.8125 0.125 0.5 13 0.8461538461538461 0.07692307692307693 0.6 12 0.8333333333333334 0.08333333333333333 0.7 10 0.9 0.1 0.9 0 1 1
16 0.1 19 0.6842105263157895 0.05263157894736842 0.4 16 0.75 0.0625 0.5 14 0.7857142857142857 0.07142857142857142 0.6 14 0.7857142857142857 0.07142857142857142 0.7 13 0.8461538461538461 0.07692307692307693 0.9 1 1.0 0.0
16 0.1 20 0.65 0.0 0.4 16 0.75 0.0 0.5 15 0.8 0.0 0.6 13 0.8461538461538461 0.0 0.7 12 0.8333333333333334 0.0 0.9 2 1.0 0.0
16 0.1 21 0.6190476190476191 0.09523809523809523 0.4 15 0.8 0.13333333333333333 0.5 15 0.8 0.13333333333333333 0.6 14 0.8571428571428571 0.14285714285714285 0.7 11 0.8181818181818182 0.09090909090909091 0.9 1 1.0 0.0
16 0.1 20 0.65 0.05 0.4 15 0.8 0.06666666666666667 0.5 14 0.7857142857142857 0.07142857142857142 0.6 13 0.7692307692307693 0.07692307692307693 0.7 11 0.8181818181818182 0.09090909090909091 0.9 2 1.0 0.5
16 0.1 25 0.56 0.08 0.4 16 0.75 0.0625 0.5 14 0.7857142857142857 0.07142857142857142 0.6 13 0.7692307692307693 0.07692307692307693 0.7 12 0.8333333333333334 0.08333333333333333 0.9 2 1.0 0.5
16 0.1 26 0.5384615384615384 0.0 0.4 18 0.7222222222222222 0.0 0.5 15 0.8 0.0 0.6 15 0.8 0.0 0.7 15 0.8 0.0 0.9 1 1.0 0.0
16 0.1 18 0.6666666666666666 0.1111111111111111 0.4 14 0.7857142857142857 0.14285714285714285 0.5 14 0.7857142857142857 0.14285714285714285 0.6 13 0.8461538461538461 0.15384615384615385 0.7 13 0.8461538461538461 0.15384615384615385 0.9 0 1 1
16 0.1 17 0.7058823529411765 0.11764705882352941 0.4 13 0.8461538461538461 0.15384615384615385 0.5 12 0.9166666666666666 0.16666666666666666 0.6 12 0.9166666666666666 0.16666666666666666 0.7 11 0.9090909090909091 0.09090909090909091 0.9 0 1 1
16 0.1 15 0.7333333333333333 0.06666666666666667 0.4 15 0.7333333333333333 0.06666666666666667 0.5 14 0.7857142857142857 0.07142857142857142 0.6 13 0.8461538461538461 0.07692307692307693 0.7 13 0.8461538461538461 0.07692307692307693 0.9 0 1 1
16 0.1 18 0.7222222222222222 0.0 0.4 15 0.8666666666666667 0.0 0.5 14 0.8571428571428571 0.0 0.6 14 0.8571428571428571 0.0 0.7 13 0.8461538461538461 0.0 0.9 0 1 1
16 0.1 16 0.75 0.0625 0.4 12 0.9166666666666666 0.08333333333333333 0.5 12 0.9166666666666666 0.08333333333333333 0.6 12 0.9166666666666666 0.08333333333333333 0.7 11 0.9090909090909091 0.09090909090909091 0.9 0 1 1
16 0.1 20 0.6 0.05 0.4 14 0.8571428571428571 0.07142857142857142 0.5 14 0.8571428571428571 0.07142857142857142 0.6 14 0.8571428571428571 0.07142857142857142 0.7 12 0.9166666666666666 0.08333333333333333 0.9 1 1.0 0.0
16 0.1 21 0.6666666666666666 0.0 0.4 16 0.75 0.0 0.5 15 0.8 0.0 0.6 14 0.7857142857142857 0.0 0.7 13 0.8461538461538461 0.0 0.9 0 1 1
16 0.1 24 0.5833333333333334 0.041666666666666664 0.4 16 0.75 0.0625 0.5 14 0.8571428571428571 0.07142857142857142 0.6 13 0.8461538461538461 0.07692307692307693 0.7 13 0.8461538461538461 0.07692307692307693 0.9 1 1.0 0.0
16 0.1 26 0.5769230769230769 0.0 0.4 20 0.65 0.0 0.5 17 0.7647058823529411 0.0 0.6 16 0.8125 0.0 0.7 14 0.8571428571428571 0.0 0.9 0 1 1
16 0.1 20 0.65 0.0 0.4 16 0.8125 0.0 0.5 15 0.8666666666666667 0.0 0.6 15 0.8666666666666667 0.0 0.7 13 0.8461538461538461 0.0 0.9 1 1.0 0.0
16 0.1 21 0.6666666666666666 0.047619047619047616 0.4 15 0.8666666666666667 0.06666666666666667 0.5 15 0.8666666666666667 0.06666666666666667 0.6 14 0.8571428571428571 0.07142857142857142 0.7 14 0.8571428571428571 0.07142857142857142 0.9 1 1.0 0.0
16 0.1 19 0.6842105263157895 0.0 0.4 13 0.8461538461538461 0.0 0.5 13 0.8461538461538461 0.0 0.6 13 0.8461538461538461 0.0 0.7 12 0.8333333333333334 0.0 0.9 0 1 1
16 0.1 18 0.6666666666666666 0.05555555555555555 0.4 13 0.9230769230769231 0.07692307692307693 0.5 12 0.9166666666666666 0.08333333333333333 0.6 12 0.9166666666666666 0.08333333333333333 0.7 11 0.9090909090909091 0.09090909090909091 0.9 0 1 1
16 0.1 19 0.631578947368421 0.05263157894736842 0.4 16 0.75 0.0625 0.5 14 0.8571428571428571 0.07142857142857142 0.6 13 0.9230769230769231 0.07692307692307693 0.7 13 0.9230769230769231 0.07692307692307693 0.9 0 1 1
16 0.1 19 0.631578947368421 0.05263157894736842 0.4 15 0.8 0.06666666666666667 0.5 14 0.8571428571428571 0.07142857142857142 0.6 14 0.8571428571428571 0.07142857142857142 0.7 12 0.9166666666666666 0.08333333333333333 0.9 1 1.0 0.0
16 0.1 21 0.5714285714285714 0.047619047619047616 0.4 14 0.8571428571428571 0.07142857142857142 0.5 13 0.9230769230769231 0.07692307692307693 0.6 12 0.9166666666666666 0.08333333333333333 0.7 11 0.9090909090909091 0.09090909090909091 0.9 0 1 1
16 0.1 22 0.5909090909090909 0.0 0.4 15 0.8 0.0 0.5 15 0.8 0.0 0.6 14 0.8571428571428571 0.0 0.7 14 0.8571428571428571 0.0 0.9 0 1 1
16 0.1 21 0.6190476190476191 0.047619047619047616 0.4 17 0.7647058823529411 0.058823529411764705 0.5 15 0.8 0.0 0.6 14 0.8571428571428571 0.0 0.7 13 0.8461538461538461 0.0 0.9 1 1.0 0.0
16 0.1 24 0.5833333333333334 0.0 0.4 16 0.8125 0.0 0.5 15 0.8 0.0 0.6 12 0.9166666666666666 0.0 0.7 11 0.9090909090909091 0.0 0.9 0 1 1
16 0.1 23 0.5217391304347826 0.08695652173913043 0.4 15 0.8 0.13333333333333333 0.5 15 0.8 0.13333333333333333 0.6 14 0.8571428571428571 0.14285714285714285 0.7 14 0.8571428571428571 0.14285714285714285 0.9 0 1 1
16 0.1 19 0.631578947368421 0.05263157894736842 0.4 16 0.75 0.0625 0.5 16 0.75 0.0625 0.6 13 0.9230769230769231 0.07692307692307693 0.7 12 0.9166666666666666 0.08333333333333333 0.9 0 1 1
16 0.1 20 0.6 0.0 0.4 15 0.8 0.0 0.5 14 0.8571428571428571 0.0 0.6 12 0.9166666666666666 0.0 0.7 12 0.9166666666666666 0.0 0.9 0 1 1
16 0.1 18 0.6666666666666666 0.05555555555555555 0.4 14 0.8571428571428571 0.07142857142857142 0.5 13 0.9230769230769231 0.07692307692307693 0.6 12 0.9166666666666666 0.08333333333333333 0.7 11 0.9090909090909091 0.09090909090909091 0.9 1 1.0 0.0
16 0.1 17 0.7058823529411765 0.058823529411764705 0.4 15 0.8 0.06666666666666667 0.5 12 0.9166666666666666 0.08333333333333333 0.6 12 0.9166666666666666 0.08333333333333333 0.7 12 0.9166666666666666 0.08333333333333333 0.9 0 1 1
16 0.1 18 0.6666666666666666 0.05555555555555555 0.4 13 0.8461538461538461 0.07692307692307693 0.5 13 0.8461538461538461 0.07692307692307693 0.6 12 0.9166666666666666 0.08333333333333333 0.7 11 0.9090909090909091 0.09090909090909091 0.9 1 1.0 1.0
16 0.1 20 0.65 0.05 0.4 15 0.8 0.06666666666666667 0.5 15 0.8 0.06666666666666667 0.6 13 0.8461538461538461 0.07692307692307693 0.7 13 0.8461538461538461 0.07692307692307693 0.9 2 1.0 0.5
16 0.1 20 0.6 0.0 0.4 17 0.7058823529411765 0.0 0.5 15 0.8 0.0 0.6 14 0.8571428571428571 0.0 0.7 13 0.9230769230769231 0.0 0.9 2 1.0 0.0
16 0.1 19 0.6842105263157895 0.05263157894736842 0.4 14 0.7857142857142857 0.07142857142857142 0.5 14 0.7857142857142857 0.07142857142857142 0.6 13 0.8461538461538461 0.07692307692307693 0.7 12 0.9166666666666666 0.08333333333333333 0.9 0 1 1
16 0.1 21 0.6190476190476191 0.047619047619047616 0.4 14 0.8571428571428571 0.07142857142857142 0.5 14 0.8571428571428571 0.07142857142857142 0.6 13 0.9230769230769231 0.07692307692307693 0.7 11 0.9090909090909091 0.09090909090909091 0.9 0 1 1
16 0.1 19 0.6842105263157895 0.0 0.4 15 0.8 0.0 0.5 14 0.8571428571428571 0.0 0.6 14 0.8571428571428571 0.0 0.7 11 0.9090909090909091 0.0 0.9 0 1 1
16 0.1 16 0.75 0.0625 0.4 14 0.7857142857142857 0.07142857142857142 0.5 13 0.8461538461538461 0.07692307692307693 0.6 13 0.8461538461538461 0.07692307692307693 0.7 12 0.9166666666666666 0.08333333333333333 0.9 0 1 1
16 0.1 18 0.6666666666666666 0.05555555555555555 0.4 13 0.8461538461538461 0.07692307692307693 0.5 12 0.9166666666666666 0.08333333333333333 0.6 11 0.9090909090909091 0.09090909090909091 0.7 11 0.9090909090909091 0.09090909090909091 0.9 1 1.0 0.0
16 0.1 18 0.6666666666666666 0.0 0.4 13 0.8461538461538461 0.0 0.5 13 0.8461538461538461 0.0 0.6 12 0.9166666666666666 0.0 0.7 11 1.0 0.0 0.9 1 1.0 0.0
16 0.1 15 0.7333333333333333 0.0 0.4 13 0.8461538461538461 0.0 0.5 12 0.9166666666666666 0.0 0.6 12 0.9166666666666666 0.0 0.7 11 1.0 0.0 0.9 2 1.0 0.0
16 0.1 16 0.75 0.125 0.4 14 0.8571428571428571 0.14285714285714285 0.5 13 0.9230769230769231 0.15384615384615385 0.6 12 0.9166666666666666 0.16666666666666666 0.7 12 0.9166666666666666 0.16666666666666666 0.9 1 1.0 1.0
16 0.1 19 0.631578947368421 0.05263157894736842 0.4 15 0.8 0.06666666666666667 0.5 14 0.8571428571428571 0.07142857142857142 0.6 12 0.9166666666666666 0.08333333333333333 0.7 11 0.9090909090909091 0.09090909090909091 0.9 0 1 1
16 0.1 15 0.7333333333333333 0.13333333333333333 0.4 12 0.8333333333333334 0.16666666666666666 0.5 12 0.8333333333333334 0.16666666666666666 0.6 12 0.8333333333333334 0.16666666666666666 0.7 11 0.9090909090909091 0.18181818181818182 0.9 0 1 1
16 0.1 17 0.7058823529411765 0.058823529411764705 0.4 13 0.8461538461538461 0.07692307692307693 0.5 12 0.9166666666666666 0.08333333333333333 0.6 11 0.9090909090909091 0.0 0.7 11 0.9090909090909091 0.0 0.9 0 1 1
16 0.1 20 0.6 0.0 0.4 15 0.7333333333333333 0.0 0.5 14 0.7857142857142857 0.0 0.6 12 0.9166666666666666 0.0 0.7 12 0.9166666666666666 0.0 0.9 0 1 1
16 0.1 19 0.631578947368421 0.10526315789473684 0.4 14 0.7857142857142857 0.14285714285714285 0.5 13 0.8461538461538461 0.15384615384615385 0.6 13 0.8461538461538461 0.15384615384615385 0.7 13 0.8461538461538461 0.15384615384615385 0.9 0 1 1
16 0.1 18 0.6666666666666666 0.05555555555555555 0.4 13 0.8461538461538461 0.07692307692307693 0.5 13 0.8461538461538461 0.07692307692307693 0.6 12 0.9166666666666666 0.08333333333333333 0.7 12 0.9166666666666666 0.08333333333333333 0.9 0 1 1
16 0.1 16 0.6875 0.0 0.4 13 0.8461538461538461 0.0 0.5 13 0.8461538461538461 0.0 0.6 12 0.9166666666666666 0.0 0.7 11 0.9090909090909091 0.0 0.9 0 1 1
16 0.1 17 0.6470588235294118 0.11764705882352941 0.4 13 0.7692307692307693 0.15384615384615385 0.5 11 0.9090909090909091 0.18181818181818182 0.6 11 0.9090909090909091 0.18181818181818182 0.7 11 0.9090909090909091 0.18181818181818182 0.9 1 1.0 0.0
16 0.1 19 0.631578947368421 0.05263157894736842 0.4 15 0.7333333333333333 0.06666666666666667 0.5 14 0.7857142857142857 0.07142857142857142 0.6 13 0.8461538461538461 0.07692307692307693 0.7 12 0.9166666666666666 0.08333333333333333 0.9 1 1.0 0.0
16 0.1 19 0.631578947368421 0.05263157894736842 0.4 16 0.6875 0.0625 0.5 14 0.7142857142857143 0.07142857142857142 0.6 13 0.7692307692307693 0.07692307692307693 0.7 13 0.7692307692307693 0.07692307692307693 0.9 1 1.0 0.0
16 0.1 21 0.6190476190476191 0.09523809523809523 0.4 16 0.75 0.125 0.5 16 0.75 0.125 0.6 14 0.7857142857142857 0.14285714285714285 0.7 13 0.7692307692307693 0.15384615384615385 0.9 1 1.0 0.0
16 0.1 18 0.6111111111111112 0.1111111111111111 0.4 14 0.7857142857142857 0.14285714285714285 0.5 13 0.8461538461538461 0.15384615384615385 0.6 12 0.9166666666666666 0.16666666666666666 0.7 11 0.9090909090909091 0.18181818181818182 0.9 2 1.0 0.5
16 0.1 17 0.7058823529411765 0.058823529411764705 0.4 14 0.7857142857142857 0.07142857142857142 0.5 13 0.8461538461538461 0.07692307692307693 0.6 11 0.9090909090909091 0.09090909090909091 0.7 10 0.9 0.1 0.9 3 1.0 0.0
16 0.1 15 0.8 0.13333333333333333 0.4 13 0.8461538461538461 0.15384615384615385 0.5 12 0.9166666666666666 0.16666666666666666 0.6 12 0.9166666666666666 0.16666666666666666 0.7 12 0.9166666666666666 0.16666666666666666 0.9 2 1.0 0.5
16 0.1 16 0.75 0.0625 0.4 14 0.7857142857142857 0.07142857142857142 0.5 12 0.9166666666666666 0.08333333333333333 0.6 12 0.9166666666666666 0.08333333333333333 0.7 11 0.9090909090909091 0.09090909090909091 0.9 2 1.0 0.5
16 0.1 18 0.6666666666666666 0.05555555555555555 0.4 14 0.7857142857142857 0.07142857142857142 0.5 13 0.8461538461538461 0.07692307692307693 0.6 13 0.8461538461538461 0.07692307692307693 0.7 13 0.8461538461538461 0.07692307692307693 0.9 1 1.0 1.0
16 0.1 21 0.5714285714285714 0.047619047619047616 0.4 16 0.75 0.0625 0.5 14 0.7857142857142857 0.07142857142857142 0.6 13 0.8461538461538461 0.07692307692307693 0.7 13 0.8461538461538461 0.07692307692307693 0.9 2 1.0 0.5
16 0.1 18 0.6666666666666666 0.1111111111111111 0.4 14 0.7857142857142857 0.14285714285714285 0.5 13 0.8461538461538461 0.15384615384615385 0.6 13 0.8461538461538461 0.15384615384615385 0.7 13 0.8461538461538461 0.15384615384615385 0.9 3 1.0 0.3333333333333333
16 0.1 18 0.6666666666666666 0.05555555555555555 0.4 13 0.8461538461538461 0.07692307692307693 0.5 12 0.9166666666666666 0.08333333333333333 0.6 12 0.9166666666666666 0.08333333333333333 0.7 12 0.9166666666666666 0.08333333333333333 0.9 2 1.0 0.5
16 0.1 17 0.7058823529411765 0.11764705882352941 0.4 14 0.7857142857142857 0.14285714285714285 0.5 13 0.8461538461538461 0.15384615384615385 0.6 13 0.8461538461538461 0.15384615384615385 0.7 12 0.9166666666666666 0.16666666666666666 0.9 5 1.0 0.2
16 0.1 19 0.631578947368421 0.0 0.4 14 0.7857142857142857 0.0 0.5 13 0.8461538461538461 0.0 0.6 12 0.9166666666666666 0.0 0.7 11 0.9090909090909091 0.0 0.9 4 1.0 0.0
16 0.1 18 0.6666666666666666 0.05555555555555555 0.4 14 0.7857142857142857 0.07142857142857142 0.5 13 0.8461538461538461 0.07692307692307693 0.6 13 0.8461538461538461 0.07692307692307693 0.7 12 0.9166666666666666 0.08333333333333333 0.9 4 1.0 0.25
16 0.1 19 0.631578947368421 0.0 0.4 15 0.7333333333333333 0.0 0.5 14 0.7857142857142857 0.0 0.6 13 0.8461538461538461 0.0 0.7 13 0.8461538461538461 0.0 0.9 2 1.0 0.0
16 0.1 21 0.5714285714285714 0.0 0.4 16 0.75 0.0 0.5 14 0.7857142857142857 0.0 0.6 13 0.8461538461538461 0.0 0.7 12 0.9166666666666666 0.0 0.9 0 1 1
16 0.1 24 0.5416666666666666 0.041666666666666664 0.4 15 0.7333333333333333 0.06666666666666667 0.5 14 0.7857142857142857 0.07142857142857142 0.6 13 0.8461538461538461 0.07692307692307693 0.7 12 0.9166666666666666 0.08333333333333333 0.9 1 1.0 1.0
16 0.1 20 0.65 0.05 0.4 16 0.6875 0.0625 0.5 14 0.7857142857142857 0.07142857142857142 0.6 12 0.8333333333333334 0.08333333333333333 0.7 11 0.9090909090909091 0.09090909090909091 0.9 3 1.0 0.3333333333333333
16 0.1 20 0.65 0.1 0.4 14 0.7857142857142857 0.14285714285714285 0.5 13 0.8461538461538461 0.15384615384615385 0.6 13 0.8461538461538461 0.15384615384615385 0.7 13 0.8461538461538461 0.15384615384615385 0.9 4 1.0 0.25
16 0.1 16 0.75 0.125 0.4 14 0.7857142857142857 0.14285714285714285 0.5 13 0.8461538461538461 0.15384615384615385 0.6 13 0.8461538461538461 0.15384615384615385 0.7 13 0.8461538461538461 0.15384615384615385 0.9 4 1.0 0.25
16 0.1 15 0.7333333333333333 0.06666666666666667 0.4 13 0.8461538461538461 0.07692307692307693 0.5 12 0.9166666666666666 0.08333333333333333 0.6 11 0.9090909090909091 0.09090909090909091 0.7 11 0.9090909090909091 0.09090909090909091 0.9 3 1.0 0.3333333333333333
16 0.1 16 0.6875 0.0625 0.4 13 0.8461538461538461 0.07692307692307693 0.5 12 0.8333333333333334 0.08333333333333333 0.6 11 0.9090909090909091 0.09090909090909091 0.7 11 0.9090909090909091 0.09090909090909091 0.9 3 1.0 0.3333333333333333
16 0.1 19 0.6842105263157895 0.0 0.4 15 0.8 0.0 0.5 13 0.8461538461538461 0.0 0.6 12 0.9166666666666666 0.0 0.7 12 0.9166666666666666 0.0 0.9 4 1.0 0.0
16 0.1 20 0.65 0.05 0.4 15 0.8 0.06666666666666667 0.5 14 0.8571428571428571 0.07142857142857142 0.6 13 0.8461538461538461 0.07692307692307693 0.7 12 0.9166666666666666 0.08333333333333333 0.9 2 1.0 0.0
16 0.1 18 0.7222222222222222 0.1111111111111111 0.4 14 0.7857142857142857 0.14285714285714285 0.5 14 0.7857142857142857 0.14285714285714285 0.6 13 0.8461538461538461 0.15384615384615385 0.7 12 0.9166666666666666 0.16666666666666666 0.9 4 1.0 0.25
16 0.1 19 0.631578947368421 0.05263157894736842 0.4 14 0.7857142857142857 0.07142857142857142 0.5 11 0.9090909090909091 0.09090909090909091 0.6 10 0.9 0.1 0.7 9 0.8888888888888888 0.1111111111111111 0.9 1 1.0 0.0
16 0.1 19 0.6842105263157895 0.10526315789473684 0.4 14 0.8571428571428571 0.14285714285714285 0.5 13 0.8461538461538461 0.15384615384615385 0.6 11 0.9090909090909091 0.18181818181818182 0.7 11 0.9090909090909091 0.18181818181818182 0.9 3 1.0 0.3333333333333333
