18 0.1 0 1 1 0.4 0 1 1 0.5 0 1 1 0.6 0 1 1 0.7 0 1 1 0.9 0 1 1
18 0.1 0 1 1 0.4 0 1 1 0.5 0 1 1 0.6 0 1 1 0.7 0 1 1 0.9 0 1 1
18 0.1 1 0.0 0.0 0.4 0 1 1 0.5 0 1 1 0.6 0 1 1 0.7 0 1 1 0.9 0 1 1
18 0.1 16 0.0625 0.0 0.4 0 1 1 0.5 0 1 1 0.6 0 1 1 0.7 0 1 1 0.9 0 1 1
18 0.1 78 0.05128205128205128 0.0 0.4 3 0.0 0.0 0.5 0 1 1 0.6 0 1 1 0.7 0 1 1 0.9 0 1 1
18 0.1 50 0.1 0.0 0.4 1 1.0 0.0 0.5 0 1 1 0.6 0 1 1 0.7 0 1 1 0.9 0 1 1
18 0.1 86 0.05813953488372093 0.0 0.4 4 0.0 0.0 0.5 1 0.0 0.0 0.6 0 1 1 0.7 0 1 1 0.9 0 1 1
18 0.1 692 0.02601156069364162 0.0 0.4 87 0.09195402298850575 0.0 0.5 26 0.07692307692307693 0.0 0.6 3 0.0 0.0 0.7 0 1 1 0.9 0 1 1
18 0.1 561 0.03208556149732621 0.0 0.4 73 0.1780821917808219 0.0 0.5 22 0.22727272727272727 0.0 0.6 5 0.6 0.0 0.7 0 1 1 0.9 0 1 1
18 0.1 497 0.03621730382293763 0.0 0.4 65 0.16923076923076924 0.0 0.5 27 0.2222222222222222 0.0 0.6 7 0.14285714285714285 0.0 0.7 0 1 1 0.9 0 1 1
18 0.1 280 0.060714285714285714 0.0 0.4 45 0.24444444444444444 0.0 0.5 11 0.5454545454545454 0.0 0.6 1 0.0 0.0 0.7 0 1 1 0.9 0 1 1
18 0.1 197 0.08629441624365482 0.0 0.4 28 0.2857142857142857 0.0 0.5 6 0.3333333333333333 0.0 0.6 0 1 1 0.7 0 1 1 0.9 0 1 1
18 0.1 137 0.10948905109489052 0.0 0.4 5 1.0 0.0 0.5 1 1.0 0.0 0.6 0 1 1 0.7 0 1 1 0.9 0 1 1
18 0.1 357 0.05042016806722689 0.0 0.4 36 0.3333333333333333 0.0 0.5 11 0.6363636363636364 0.0 0.6 0 1 1 0.7 0 1 1 0.9 0 1 1
18 0.1 150 0.11333333333333333 0.0 0.4 15 0.6 0.0 0.5 5 0.8 0.0 0.6 1 1.0 0.0 0.7 0 1 1 0.9 0 1 1
18 0.1 164 0.0975609756097561 0.0 0.4 24 0.3333333333333333 0.0 0.5 12 0.4166666666666667 0.0 0.6 4 0.5 0.0 0.7 0 1 1 0.9 0 1 1
18 0.1 117 0.11965811965811966 0.0 0.4 10 0.7 0.0 0.5 2 1.0 0.0 0.6 0 1 1 0.7 0 1 1 0.9 0 1 1
18 0.1 127 0.10236220472440945 0.0 0.4 28 0.32142857142857145 0.0 0.5 13 0.5384615384615384 0.0 0.6 3 1.0 0.0 0.7 0 1 1 0.9 0 1 1
18 0.1 57 0.24561403508771928 0.0 0.4 16 0.6875 0.0 0.5 11 0.7272727272727273 0.0 0.6 7 0.8571428571428571 0.0 0.7 1 1.0 0.0 0.9 0 1 1
18 0.1 190 0.08947368421052632 0.0 0.4 36 0.3333333333333333 0.0 0.5 14 0.7142857142857143 0.0 0.6 2 0.5 0.0 0.7 0 1 1 0.9 0 1 1
18 0.1 161 0.10559006211180125 0.0 0.4 58 0.2413793103448276 0.0 0.5 33 0.3939393939393939 0.0 0.6 9 0.6666666666666666 0.0 0.7 3 0.6666666666666666 0.0 0.9 0 1 1
18 0.1 82 0.1951219512195122 0.0 0.4 24 0.4166666666666667 0.0 0.5 15 0.6 0.0 0.6 3 0.6666666666666666 0.0 0.7 0 1 1 0.9 0 1 1
18 0.1 46 0.2826086956521739 0.0 0.4 10 0.7 0.0 0.5 5 0.8 0.0 0.6 1 1.0 0.0 0.7 0 1 1 0.9 0 1 1
18 0.1 98 0.17346938775510204 0.0 0.4 21 0.5714285714285714 0.0 0.5 11 0.8181818181818182 0.0 0.6 7 0.7142857142857143 0.0 0.7 1 0.0 0.0 0.9 0 1 1
18 0.1 118 0.1440677966101695 0.0 0.4 28 0.4642857142857143 0.0 0.5 17 0.5882352941176471 0.0 0.6 8 0.875 0.0 0.7 2 0.5 0.0 0.9 0 1 1
18 0.1 106 0.16037735849056603 0.0 0.4 43 0.37209302325581395 0.0 0.5 36 0.3611111111111111 0.0 0.6 22 0.5909090909090909 0.0 0.7 12 0.6666666666666666 0.0 0.9 0 1 1
18 0.1 65 0.26153846153846155 0.0 0.4 24 0.4583333333333333 0.0 0.5 16 0.6875 0.0 0.6 7 0.8571428571428571 0.0 0.7 4 0.75 0.0 0.9 0 1 1
18 0.1 56 0.2857142857142857 0.0 0.4 9 0.7777777777777778 0.0 0.5 5 1.0 0.0 0.6 0 1 1 0.7 0 1 1 0.9 0 1 1
18 0.1 22 0.45454545454545453 0.0 0.4 4 0.75 0.0 0.5 0 1 1 0.6 0 1 1 0.7 0 1 1 0.9 0 1 1
18 0.1 9 0.3333333333333333 0.0 0.4 1 1.0 0.0 0.5 0 1 1 0.6 0 1 1 0.7 0 1 1 0.9 0 1 1
18 0.1 56 0.26785714285714285 0.0 0.4 15 0.4666666666666667 0.0 0.5 9 0.6666666666666666 0.0 0.6 5 0.8 0.0 0.7 2 1.0 0.0 0.9 0 1 1
18 0.1 63 0.20634920634920634 0.0 0.4 1 0.0 0.0 0.5 0 1 1 0.6 0 1 1 0.7 0 1 1 0.9 0 1 1
18 0.1 46 0.2608695652173913 0.0 0.4 8 0.5 0.0 0.5 4 0.75 0.0 0.6 1 1.0 0.0 0.7 1 1.0 0.0 0.9 0 1 1
18 0.1 66 0.13636363636363635 0.0 0.4 2 0.5 0.0 0.5 0 1 1 0.6 0 1 1 0.7 0 1 1 0.9 0 1 1
18 0.1 34 0.3235294117647059 0.0 0.4 13 0.38461538461538464 0.0 0.5 9 0.5555555555555556 0.0 0.6 5 0.8 0.0 0.7 4 0.75 0.0 0.9 0 1 1
18 0.1 24 0.4166666666666667 0.0 0.4 7 0.7142857142857143 0.0 0.5 6 0.8333333333333334 0.0 0.6 3 1.0 0.0 0.7 2 1.0 0.0 0.9 0 1 1
18 0.1 33 0.30303030303030304 0.0 0.4 9 0.6666666666666666 0.0 0.5 6 1.0 0.0 0.6 5 1.0 0.0 0.7 1 1.0 0.0 0.9 0 1 1
18 0.1 22 0.5 0.0 0.4 0 1 1 0.5 0 1 1 0.6 0 1 1 0.7 0 1 1 0.9 0 1 1
18 0.1 44 0.36363636363636365 0.0 0.4 1 1.0 0.0 0.5 0 1 1 0.6 0 1 1 0.7 0 1 1 0.9 0 1 1
18 0.1 31 0.3548387096774194 0.0 0.4 5 0.8 0.0 0.5 4 1.0 0.0 0.6 1 1.0 0.0 0.7 0 1 1 0.9 0 1 1
18 0.1 0 1 1 0.4 0 1 1 0.5 0 1 1 0.6 0 1 1 0.7 0 1 1 0.9 0 1 1
18 0.1 62 0.08064516129032258 0.0 0.4 9 0.4444444444444444 0.0 0.5 6 0.6666666666666666 0.0 0.6 3 0.6666666666666666 0.0 0.7 1 1.0 0.0 0.9 0 1 1
18 0.1 0 1 1 0.4 0 1 1 0.5 0 1 1 0.6 0 1 1 0.7 0 1 1 0.9 0 1 1
18 0.1 0 1 1 0.4 0 1 1 0.5 0 1 1 0.6 0 1 1 0.7 0 1 1 0.9 0 1 1
18 0.1 0 1 1 0.4 0 1 1 0.5 0 1 1 0.6 0 1 1 0.7 0 1 1 0.9 0 1 1
18 0.1 0 1 1 0.4 0 1 1 0.5 0 1 1 0.6 0 1 1 0.7 0 1 1 0.9 0 1 1
18 0.1 0 1 1 0.4 0 1 1 0.5 0 1 1 0.6 0 1 1 0.7 0 1 1 0.9 0 1 1
18 0.1 0 1 1 0.4 0 1 1 0.5 0 1 1 0.6 0 1 1 0.7 0 1 1 0.9 0 1 1
18 0.1 0 1 1 0.4 0 1 1 0.5 0 1 1 0.6 0 1 1 0.7 0 1 1 0.9 0 1 1
18 0.1 0 1 1 0.4 0 1 1 0.5 0 1 1 0.6 0 1 1 0.7 0 1 1 0.9 0 1 1
18 0.1 0 1 1 0.4 0 1 1 0.5 0 1 1 0.6 0 1 1 0.7 0 1 1 0.9 0 1 1
18 0.1 2 0.0 0.0 0.4 0 1 1 0.5 0 1 1 0.6 0 1 1 0.7 0 1 1 0.9 0 1 1
18 0.1 0 1 1 0.4 0 1 1 0.5 0 1 1 0.6 0 1 1 0.7 0 1 1 0.9 0 1 1
18 0.1 0 1 1 0.4 0 1 1 0.5 0 1 1 0.6 0 1 1 0.7 0 1 1 0.9 0 1 1
18 0.1 0 1 1 0.4 0 1 1 0.5 0 1 1 0.6 0 1 1 0.7 0 1 1 0.9 0 1 1
18 0.1 0 1 1 0.4 0 1 1 0.5 0 1 1 0.6 0 1 1 0.7 0 1 1 0.9 0 1 1
18 0.1 0 1 1 0.4 0 1 1 0.5 0 1 1 0.6 0 1 1 0.7 0 1 1 0.9 0 1 1
18 0.1 6 0.0 0.0 0.4 0 1 1 0.5 0 1 1 0.6 0 1 1 0.7 0 1 1 0.9 0 1 1
18 0.1 3 0.0 0.0 0.4 0 1 1 0.5 0 1 1 0.6 0 1 1 0.7 0 1 1 0.9 0 1 1
18 0.1 14 0.6428571428571429 0.0 0.4 1 1.0 0.0 0.5 0 1 1 0.6 0 1 1 0.7 0 1 1 0.9 0 1 1
18 0.1 10 0.6 0.0 0.4 2 1.0 0.0 0.5 1 1.0 0.0 0.6 0 1 1 0.7 0 1 1 0.9 0 1 1
18 0.1 19 0.15789473684210525 0.0 0.4 6 0.5 0.0 0.5 2 1.0 0.0 0.6 2 1.0 0.0 0.7 1 1.0 0.0 0.9 0 1 1
18 0.1 30 0.4 0.0 0.4 6 0.8333333333333334 0.0 0.5 5 0.8 0.0 0.6 1 1.0 0.0 0.7 0 1 1 0.9 0 1 1
18 0.1 8 0.75 0.0 0.4 0 1 1 0.5 0 1 1 0.6 0 1 1 0.7 0 1 1 0.9 0 1 1
18 0.1 3 0.3333333333333333 0.0 0.4 0 1 1 0.5 0 1 1 0.6 0 1 1 0.7 0 1 1 0.9 0 1 1
18 0.1 22 0.45454545454545453 0.0 0.4 5 1.0 0.0 0.5 1 1.0 0.0 0.6 0 1 1 0.7 0 1 1 0.9 0 1 1
18 0.1 7 0.42857142857142855 0.0 0.4 2 1.0 0.0 0.5 0 1 1 0.6 0 1 1 0.7 0 1 1 0.9 0 1 1
18 0.1 9 0.6666666666666666 0.1111111111111111 0.4 3 1.0 0.3333333333333333 0.5 2 1.0 0.0 0.6 1 1.0 0.0 0.7 0 1 1 0.9 0 1 1
18 0.1 43 0.3023255813953488 0.023255813953488372 0.4 7 0.5714285714285714 0.14285714285714285 0.5 4 1.0 0.25 0.6 2 1.0 0.5 0.7 0 1 1 0.9 0 1 1
18 0.1 62 0.27419354838709675 0.0 0.4 15 0.5333333333333333 0.0 0.5 7 0.8571428571428571 0.0 0.6 5 1.0 0.0 0.7 2 1.0 0.0 0.9 0 1 1
18 0.1 32 0.40625 0.0 0.4 5 1.0 0.0 0.5 1 1.0 0.0 0.6 1 1.0 0.0 0.7 0 1 1 0.9 0 1 1
18 0.1 11 0.18181818181818182 0.0 0.4 3 0.3333333333333333 0.0 0.5 2 0.0 0.0 0.6 1 0.0 0.0 0.7 0 1 1 0.9 0 1 1
18 0.1 38 0.39473684210526316 0.0 0.4 11 0.7272727272727273 0.0 0.5 5 1.0 0.0 0.6 2 1.0 0.0 0.7 1 1.0 0.0 0.9 0 1 1
18 0.1 26 0.4230769230769231 0.0 0.4 2 0.5 0.0 0.5 0 1 1 0.6 0 1 1 0.7 0 1 1 0.9 0 1 1
18 0.1 38 0.42105263157894735 0.0 0.4 10 0.8 0.0 0.5 5 0.8 0.0 0.6 2 1.0 0.0 0.7 1 1.0 0.0 0.9 0 1 1
18 0.1 57 0.2982456140350877 0.017543859649122806 0.4 20 0.6 0.05 0.5 11 0.8181818181818182 0.09090909090909091 0.6 6 1.0 0.16666666666666666 0.7 1 1.0 1.0 0.9 0 1 1
18 0.1 83 0.18072289156626506 0.024096385542168676 0.4 35 0.4 0.05714285714285714 0.5 29 0.41379310344827586 0.06896551724137931 0.6 16 0.5625 0.125 0.7 6 0.6666666666666666 0.3333333333333333 0.9 0 1 1
18 0.1 29 0.41379310344827586 0.0 0.4 9 0.6666666666666666 0.0 0.5 5 1.0 0.0 0.6 5 1.0 0.0 0.7 1 1.0 0.0 0.9 0 1 1
18 0.1 65 0.24615384615384617 0.0 0.4 24 0.4583333333333333 0.0 0.5 14 0.6428571428571429 0.0 0.6 8 0.75 0.0 0.7 2 1.0 0.0 0.9 0 1 1
18 0.1 33 0.36363636363636365 0.0 0.4 9 0.6666666666666666 0.0 0.5 8 0.75 0.0 0.6 3 0.6666666666666666 0.0 0.7 1 1.0 0.0 0.9 0 1 1
18 0.1 55 0.2909090909090909 0.01818181818181818 0.4 23 0.5217391304347826 0.0 0.5 17 0.5882352941176471 0.0 0.6 10 0.8 0.0 0.7 5 0.8 0.0 0.9 0 1 1
18 0.1 47 0.3404255319148936 0.0425531914893617 0.4 18 0.6111111111111112 0.05555555555555555 0.5 10 0.8 0.1 0.6 7 0.7142857142857143 0.14285714285714285 0.7 4 0.75 0.0 0.9 0 1 1
18 0.1 51 0.3137254901960784 0.0196078431372549 0.4 22 0.5909090909090909 0.045454545454545456 0.5 12 0.6666666666666666 0.08333333333333333 0.6 9 0.7777777777777778 0.1111111111111111 0.7 5 0.8 0.2 0.9 0 1 1
18 0.1 42 0.35714285714285715 0.023809523809523808 0.4 22 0.5454545454545454 0.045454545454545456 0.5 15 0.6666666666666666 0.06666666666666667 0.6 9 0.6666666666666666 0.1111111111111111 0.7 4 1.0 0.0 0.9 0 1 1
18 0.1 51 0.3137254901960784 0.0 0.4 30 0.4666666666666667 0.0 0.5 21 0.6190476190476191 0.0 0.6 9 0.7777777777777778 0.0 0.7 6 0.8333333333333334 0.0 0.9 0 1 1
18 0.1 36 0.4166666666666667 0.0 0.4 9 0.6666666666666666 0.0 0.5 6 0.8333333333333334 0.0 0.6 4 0.75 0.0 0.7 1 1.0 0.0 0.9 0 1 1
18 0.1 51 0.3137254901960784 0.0196078431372549 0.4 15 0.5333333333333333 0.06666666666666667 0.5 10 0.7 0.1 0.6 8 0.75 0.125 0.7 4 0.75 0.0 0.9 0 1 1
18 0.1 32 0.375 0.0 0.4 9 0.6666666666666666 0.0 0.5 4 0.75 0.0 0.6 4 0.75 0.0 0.7 1 1.0 0.0 0.9 0 1 1
18 0.1 29 0.41379310344827586 0.034482758620689655 0.4 6 0.6666666666666666 0.16666666666666666 0.5 4 1.0 0.25 0.6 3 1.0 0.3333333333333333 0.7 1 1.0 0.0 0.9 0 1 1
18 0.1 35 0.45714285714285713 0.0 0.4 15 0.6666666666666666 0.0 0.5 9 0.6666666666666666 0.0 0.6 5 1.0 0.0 0.7 5 1.0 0.0 0.9 0 1 1
18 0.1 28 0.42857142857142855 0.0 0.4 6 1.0 0.0 0.5 3 1.0 0.0 0.6 2 1.0 0.0 0.7 1 1.0 0.0 0.9 0 1 1
18 0.1 50 0.34 0.06 0.4 30 0.5 0.1 0.5 21 0.5238095238095238 0.14285714285714285 0.6 12 0.6666666666666666 0.16666666666666666 0.7 9 0.6666666666666666 0.2222222222222222 0.9 0 1 1
18 0.1 63 0.2698412698412698 0.0 0.4 16 0.5625 0.0 0.5 12 0.6666666666666666 0.0 0.6 11 0.6363636363636364 0.0 0.7 6 0.8333333333333334 0.0 0.9 1 1.0 0.0
18 0.1 28 0.4642857142857143 0.0 0.4 13 0.5384615384615384 0.0 0.5 10 0.6 0.0 0.6 5 1.0 0.0 0.7 3 1.0 0.0 0.9 0 1 1
18 0.1 44 0.36363636363636365 0.045454545454545456 0.4 14 0.6428571428571429 0.07142857142857142 0.5 12 0.75 0.08333333333333333 0.6 5 1.0 0.2 0.7 3 1.0 0.3333333333333333 0.9 0 1 1
18 0.1 27 0.37037037037037035 0.037037037037037035 0.4 9 0.6666666666666666 0.1111111111111111 0.5 7 0.8571428571428571 0.14285714285714285 0.6 2 1.0 0.0 0.7 1 1.0 0.0 0.9 0 1 1
18 0.1 27 0.37037037037037035 0.0 0.4 10 0.7 0.0 0.5 5 1.0 0.0 0.6 4 1.0 0.0 0.7 2 1.0 0.0 0.9 0 1 1
18 0.1 32 0.4375 0.03125 0.4 19 0.5263157894736842 0.05263157894736842 0.5 12 0.6666666666666666 0.08333333333333333 0.6 9 0.6666666666666666 0.0 0.7 5 1.0 0.0 0.9 0 1 1
18 0.1 47 0.3404255319148936 0.0425531914893617 0.4 32 0.46875 0.0625 0.5 23 0.5217391304347826 0.08695652173913043 0.6 17 0.5294117647058824 0.0 0.7 10 0.7 0.0 0.9 1 1.0 0.0
18 0.1 55 0.2727272727272727 0.01818181818181818 0.4 24 0.4166666666666667 0.041666666666666664 0.5 20 0.45 0.05 0.6 15 0.5333333333333333 0.06666666666666667 0.7 9 0.6666666666666666 0.0 0.9 0 1 1
18 0.1 60 0.2833333333333333 0.0 0.4 13 0.5384615384615384 0.0 0.5 11 0.5454545454545454 0.0 0.6 6 0.8333333333333334 0.0 0.7 5 1.0 0.0 0.9 0 1 1
18 0.1 56 0.2857142857142857 0.05357142857142857 0.4 25 0.4 0.12 0.5 19 0.5263157894736842 0.15789473684210525 0.6 13 0.6153846153846154 0.23076923076923078 0.7 7 0.8571428571428571 0.2857142857142857 0.9 1 1.0 0.0
18 0.1 25 0.4 0.04 0.4 7 0.5714285714285714 0.14285714285714285 0.5 6 0.6666666666666666 0.16666666666666666 0.6 4 1.0 0.25 0.7 3 1.0 0.3333333333333333 0.9 0 1 1
18 0.1 38 0.34210526315789475 0.02631578947368421 0.4 11 0.5454545454545454 0.09090909090909091 0.5 10 0.6 0.1 0.6 6 0.8333333333333334 0.16666666666666666 0.7 3 1.0 0.0 0.9 0 1 1
18 0.1 53 0.3018867924528302 0.0 0.4 27 0.4074074074074074 0.0 0.5 17 0.5294117647058824 0.0 0.6 9 0.5555555555555556 0.0 0.7 6 0.6666666666666666 0.0 0.9 1 1.0 0.0
18 0.1 46 0.3695652173913043 0.021739130434782608 0.4 22 0.45454545454545453 0.045454545454545456 0.5 16 0.5625 0.0625 0.6 11 0.7272727272727273 0.09090909090909091 0.7 6 0.6666666666666666 0.0 0.9 0 1 1
18 0.1 49 0.32653061224489793 0.0 0.4 24 0.5416666666666666 0.0 0.5 17 0.5882352941176471 0.0 0.6 14 0.6428571428571429 0.0 0.7 10 0.7 0.0 0.9 1 1.0 0.0
18 0.1 49 0.3469387755102041 0.02040816326530612 0.4 23 0.43478260869565216 0.0 0.5 19 0.47368421052631576 0.0 0.6 13 0.5384615384615384 0.0 0.7 6 0.6666666666666666 0.0 0.9 1 1.0 0.0
18 0.1 36 0.3055555555555556 0.0 0.4 9 0.5555555555555556 0.0 0.5 6 0.6666666666666666 0.0 0.6 6 0.6666666666666666 0.0 0.7 4 0.75 0.0 0.9 0 1 1
18 0.1 20 0.55 0.0 0.4 3 1.0 0.0 0.5 2 1.0 0.0 0.6 2 1.0 0.0 0.7 1 1.0 0.0 0.9 0 1 1
18 0.1 49 0.32653061224489793 0.0 0.4 16 0.5 0.0 0.5 13 0.6153846153846154 0.0 0.6 9 0.6666666666666666 0.0 0.7 6 0.5 0.0 0.9 0 1 1
18 0.1 39 0.358974358974359 0.0 0.4 13 0.5384615384615384 0.0 0.5 8 0.75 0.0 0.6 6 0.8333333333333334 0.0 0.7 6 0.8333333333333334 0.0 0.9 1 1.0 0.0
18 0.1 41 0.3902439024390244 0.024390243902439025 0.4 16 0.625 0.0625 0.5 14 0.5714285714285714 0.07142857142857142 0.6 7 0.7142857142857143 0.14285714285714285 0.7 5 0.8 0.2 0.9 0 1 1
18 0.1 39 0.4358974358974359 0.0 0.4 16 0.625 0.0 0.5 12 0.6666666666666666 0.0 0.6 7 0.7142857142857143 0.0 0.7 2 0.5 0.0 0.9 0 1 1
18 0.1 33 0.45454545454545453 0.06060606060606061 0.4 13 0.5384615384615384 0.07692307692307693 0.5 11 0.6363636363636364 0.09090909090909091 0.6 3 0.6666666666666666 0.0 0.7 3 0.6666666666666666 0.0 0.9 0 1 1
18 0.1 61 0.2786885245901639 0.01639344262295082 0.4 43 0.3953488372093023 0.023255813953488372 0.5 34 0.4117647058823529 0.029411764705882353 0.6 29 0.4827586206896552 0.034482758620689655 0.7 16 0.625 0.0625 0.9 1 1.0 0.0
18 0.1 23 0.43478260869565216 0.08695652173913043 0.4 9 0.6666666666666666 0.1111111111111111 0.5 7 0.7142857142857143 0.14285714285714285 0.6 5 0.8 0.2 0.7 3 1.0 0.3333333333333333 0.9 0 1 1
18 0.1 32 0.4375 0.0 0.4 14 0.6428571428571429 0.0 0.5 12 0.6666666666666666 0.0 0.6 10 0.7 0.0 0.7 6 0.8333333333333334 0.0 0.9 0 1 1
18 0.1 42 0.3333333333333333 0.0 0.4 12 0.5 0.0 0.5 7 0.7142857142857143 0.0 0.6 6 0.8333333333333334 0.0 0.7 4 1.0 0.0 0.9 1 1.0 0.0
18 0.1 44 0.36363636363636365 0.045454545454545456 0.4 18 0.5 0.1111111111111111 0.5 16 0.5 0.125 0.6 9 0.6666666666666666 0.2222222222222222 0.7 7 0.8571428571428571 0.2857142857142857 0.9 0 1 1
18 0.1 48 0.3125 0.020833333333333332 0.4 20 0.35 0.0 0.5 15 0.4666666666666667 0.0 0.6 11 0.5454545454545454 0.0 0.7 7 0.7142857142857143 0.0 0.9 1 1.0 0.0
18 0.1 34 0.38235294117647056 0.029411764705882353 0.4 13 0.46153846153846156 0.07692307692307693 0.5 9 0.6666666666666666 0.1111111111111111 0.6 7 0.7142857142857143 0.14285714285714285 0.7 5 0.8 0.2 0.9 1 1.0 1.0
18 0.1 43 0.3488372093023256 0.0 0.4 20 0.55 0.0 0.5 15 0.4666666666666667 0.0 0.6 10 0.6 0.0 0.7 7 0.5714285714285714 0.0 0.9 0 1 1
18 0.1 43 0.37209302325581395 0.046511627906976744 0.4 23 0.4782608695652174 0.08695652173913043 0.5 16 0.5625 0.125 0.6 15 0.6 0.13333333333333333 0.7 9 0.7777777777777778 0.1111111111111111 0.9 0 1 1
18 0.1 24 0.5416666666666666 0.041666666666666664 0.4 10 0.8 0.1 0.5 7 1.0 0.14285714285714285 0.6 6 1.0 0.16666666666666666 0.7 3 1.0 0.0 0.9 0 1 1
18 0.1 26 0.38461538461538464 0.0 0.4 9 0.5555555555555556 0.0 0.5 6 0.6666666666666666 0.0 0.6 4 1.0 0.0 0.7 3 1.0 0.0 0.9 0 1 1
18 0.1 21 0.47619047619047616 0.0 0.4 7 0.7142857142857143 0.0 0.5 6 0.6666666666666666 0.0 0.6 3 0.6666666666666666 0.0 0.7 2 1.0 0.0 0.9 0 1 1
18 0.1 26 0.46153846153846156 0.0 0.4 11 0.7272727272727273 0.0 0.5 9 0.7777777777777778 0.0 0.6 5 0.8 0.0 0.7 5 0.8 0.0 0.9 0 1 1
18 0.1 32 0.5 0.0 0.4 16 0.625 0.0 0.5 14 0.7142857142857143 0.0 0.6 8 0.75 0.0 0.7 5 0.8 0.0 0.9 0 1 1
18 0.1 36 0.4166666666666667 0.16666666666666666 0.4 20 0.65 0.25 0.5 16 0.625 0.3125 0.6 12 0.75 0.4166666666666667 0.7 10 0.8 0.5 0.9 1 1.0 1.0
18 0.1 56 0.30357142857142855 0.05357142857142857 0.4 40 0.375 0.075 0.5 30 0.4 0.06666666666666667 0.6 25 0.4 0.08 0.7 19 0.47368421052631576 0.10526315789473684 0.9 1 1.0 0.0
18 0.1 38 0.42105263157894735 0.07894736842105263 0.4 16 0.625 0.0625 0.5 15 0.6 0.0 0.6 13 0.6153846153846154 0.0 0.7 8 0.875 0.0 0.9 0 1 1
18 0.1 38 0.42105263157894735 0.02631578947368421 0.4 21 0.5238095238095238 0.0 0.5 16 0.625 0.0 0.6 12 0.6666666666666666 0.0 0.7 8 0.875 0.0 0.9 0 1 1
18 0.1 38 0.42105263157894735 0.05263157894736842 0.4 23 0.4782608695652174 0.08695652173913043 0.5 19 0.5789473684210527 0.10526315789473684 0.6 16 0.5 0.0625 0.7 12 0.5833333333333334 0.08333333333333333 0.9 0 1 1
18 0.1 41 0.3902439024390244 0.0 0.4 21 0.47619047619047616 0.0 0.5 18 0.5555555555555556 0.0 0.6 14 0.5714285714285714 0.0 0.7 10 0.6 0.0 0.9 0 1 1
18 0.1 25 0.44 0.0 0.4 16 0.5 0.0 0.5 11 0.5454545454545454 0.0 0.6 9 0.4444444444444444 0.0 0.7 6 0.6666666666666666 0.0 0.9 0 1 1
18 0.1 30 0.43333333333333335 0.13333333333333333 0.4 18 0.6111111111111112 0.2222222222222222 0.5 14 0.5714285714285714 0.14285714285714285 0.6 11 0.5454545454545454 0.18181818181818182 0.7 9 0.6666666666666666 0.2222222222222222 0.9 0 1 1
18 0.1 22 0.4090909090909091 0.0 0.4 10 0.7 0.0 0.5 7 0.8571428571428571 0.0 0.6 6 0.8333333333333334 0.0 0.7 5 0.8 0.0 0.9 0 1 1
18 0.1 19 0.42105263157894735 0.0 0.4 9 0.6666666666666666 0.0 0.5 7 0.7142857142857143 0.0 0.6 5 0.8 0.0 0.7 4 1.0 0.0 0.9 0 1 1
18 0.1 53 0.3018867924528302 0.018867924528301886 0.4 23 0.4782608695652174 0.043478260869565216 0.5 19 0.5263157894736842 0.05263157894736842 0.6 15 0.6 0.06666666666666667 0.7 10 0.6 0.1 0.9 0 1 1
18 0.1 36 0.4722222222222222 0.0 0.4 16 0.625 0.0 0.5 16 0.625 0.0 0.6 15 0.6666666666666666 0.0 0.7 13 0.6923076923076923 0.0 0.9 1 1.0 0.0
18 0.1 39 0.4358974358974359 0.02564102564102564 0.4 24 0.5416666666666666 0.041666666666666664 0.5 22 0.5454545454545454 0.045454545454545456 0.6 17 0.5882352941176471 0.058823529411764705 0.7 16 0.5625 0.0625 0.9 1 1.0 0.0
18 0.1 31 0.5161290322580645 0.03225806451612903 0.4 16 0.625 0.0625 0.5 13 0.6923076923076923 0.07692307692307693 0.6 12 0.6666666666666666 0.08333333333333333 0.7 9 0.8888888888888888 0.1111111111111111 0.9 2 1.0 0.0
18 0.1 44 0.4090909090909091 0.022727272727272728 0.4 22 0.5 0.045454545454545456 0.5 20 0.55 0.05 0.6 16 0.5625 0.0625 0.7 13 0.6153846153846154 0.07692307692307693 0.9 2 1.0 0.0
18 0.1 42 0.42857142857142855 0.09523809523809523 0.4 21 0.5714285714285714 0.14285714285714285 0.5 16 0.625 0.1875 0.6 14 0.7142857142857143 0.21428571428571427 0.7 13 0.6923076923076923 0.23076923076923078 0.9 0 1 1
18 0.1 53 0.32075471698113206 0.03773584905660377 0.4 31 0.5161290322580645 0.06451612903225806 0.5 24 0.5416666666666666 0.08333333333333333 0.6 20 0.55 0.1 0.7 16 0.625 0.125 0.9 1 1.0 0.0
18 0.1 40 0.45 0.05 0.4 27 0.5185185185185185 0.07407407407407407 0.5 25 0.52 0.08 0.6 22 0.5454545454545454 0.09090909090909091 0.7 13 0.6153846153846154 0.15384615384615385 0.9 2 1.0 0.0
18 0.1 34 0.47058823529411764 0.029411764705882353 0.4 22 0.5 0.045454545454545456 0.5 19 0.5263157894736842 0.05263157894736842 0.6 13 0.6923076923076923 0.07692307692307693 0.7 11 0.7272727272727273 0.09090909090909091 0.9 0 1 1
18 0.1 43 0.37209302325581395 0.023255813953488372 0.4 28 0.5357142857142857 0.03571428571428571 0.5 24 0.5 0.041666666666666664 0.6 19 0.5263157894736842 0.05263157894736842 0.7 12 0.5 0.0 0.9 1 1.0 0.0
18 0.1 40 0.425 0.0 0.4 22 0.5909090909090909 0.0 0.5 20 0.6 0.0 0.6 16 0.625 0.0 0.7 12 0.75 0.0 0.9 1 1.0 0.0
18 0.1 30 0.4666666666666667 0.0 0.4 18 0.5555555555555556 0.0 0.5 14 0.5714285714285714 0.0 0.6 10 0.7 0.0 0.7 7 0.7142857142857143 0.0 0.9 0 1 1
18 0.1 22 0.5909090909090909 0.09090909090909091 0.4 13 0.6153846153846154 0.15384615384615385 0.5 12 0.6666666666666666 0.16666666666666666 0.6 11 0.6363636363636364 0.18181818181818182 0.7 9 0.7777777777777778 0.2222222222222222 0.9 0 1 1
18 0.1 25 0.44 0.0 0.4 16 0.4375 0.0 0.5 15 0.4666666666666667 0.0 0.6 12 0.5833333333333334 0.0 0.7 7 0.7142857142857143 0.0 0.9 0 1 1
18 0.1 29 0.4482758620689655 0.0 0.4 13 0.6153846153846154 0.0 0.5 11 0.6363636363636364 0.0 0.6 11 0.6363636363636364 0.0 0.7 9 0.7777777777777778 0.0 0.9 1 1.0 0.0
18 0.1 21 0.5714285714285714 0.0 0.4 12 0.6666666666666666 0.0 0.5 9 0.7777777777777778 0.0 0.6 8 0.75 0.0 0.7 5 0.8 0.0 0.9 1 1.0 0.0
18 0.1 42 0.40476190476190477 0.047619047619047616 0.4 25 0.52 0.04 0.5 22 0.5 0.045454545454545456 0.6 20 0.5 0.05 0.7 14 0.5 0.07142857142857142 0.9 1 1.0 0.0
18 0.1 41 0.43902439024390244 0.07317073170731707 0.4 24 0.5416666666666666 0.08333333333333333 0.5 20 0.55 0.1 0.6 18 0.5555555555555556 0.1111111111111111 0.7 15 0.5333333333333333 0.13333333333333333 0.9 1 1.0 0.0
18 0.1 43 0.4186046511627907 0.046511627906976744 0.4 26 0.5 0.07692307692307693 0.5 24 0.5 0.08333333333333333 0.6 19 0.5789473684210527 0.10526315789473684 0.7 16 0.5625 0.125 0.9 1 1.0 1.0
18 0.1 43 0.3953488372093023 0.023255813953488372 0.4 23 0.5217391304347826 0.0 0.5 22 0.5454545454545454 0.0 0.6 19 0.5263157894736842 0.0 0.7 15 0.5333333333333333 0.0 0.9 1 1.0 0.0
18 0.1 54 0.3148148148148148 0.05555555555555555 0.4 32 0.46875 0.09375 0.5 26 0.5 0.038461538461538464 0.6 23 0.5217391304347826 0.043478260869565216 0.7 18 0.5555555555555556 0.05555555555555555 0.9 1 1.0 1.0
18 0.1 59 0.288135593220339 0.01694915254237288 0.4 41 0.36585365853658536 0.024390243902439025 0.5 36 0.4166666666666667 0.027777777777777776 0.6 34 0.4411764705882353 0.029411764705882353 0.7 29 0.4827586206896552 0.034482758620689655 0.9 1 1.0 1.0
18 0.1 25 0.44 0.0 0.4 12 0.5833333333333334 0.0 0.5 10 0.6 0.0 0.6 9 0.6666666666666666 0.0 0.7 7 0.8571428571428571 0.0 0.9 0 1 1
18 0.1 32 0.46875 0.03125 0.4 20 0.6 0.05 0.5 19 0.631578947368421 0.05263157894736842 0.6 13 0.6923076923076923 0.0 0.7 10 0.7 0.0 0.9 0 1 1
18 0.1 35 0.42857142857142855 0.05714285714285714 0.4 19 0.631578947368421 0.10526315789473684 0.5 18 0.6666666666666666 0.1111111111111111 0.6 16 0.6875 0.125 0.7 13 0.6153846153846154 0.07692307692307693 0.9 0 1 1
18 0.1 54 0.2962962962962963 0.0 0.4 42 0.35714285714285715 0.0 0.5 39 0.358974358974359 0.0 0.6 29 0.4482758620689655 0.0 0.7 24 0.5 0.0 0.9 1 1.0 0.0
18 0.1 60 0.2833333333333333 0.016666666666666666 0.4 41 0.34146341463414637 0.024390243902439025 0.5 39 0.358974358974359 0.02564102564102564 0.6 35 0.37142857142857144 0.02857142857142857 0.7 29 0.4482758620689655 0.034482758620689655 0.9 0 1 1
18 0.1 58 0.29310344827586204 0.0 0.4 40 0.375 0.0 0.5 34 0.38235294117647056 0.0 0.6 28 0.42857142857142855 0.0 0.7 23 0.43478260869565216 0.0 0.9 1 1.0 0.0
18 0.1 56 0.30357142857142855 0.0 0.4 40 0.375 0.0 0.5 37 0.40540540540540543 0.0 0.6 31 0.41935483870967744 0.0 0.7 27 0.4444444444444444 0.0 0.9 1 1.0 0.0
18 0.1 45 0.35555555555555557 0.0 0.4 36 0.4444444444444444 0.0 0.5 34 0.4117647058823529 0.0 0.6 27 0.48148148148148145 0.0 0.7 23 0.4782608695652174 0.0 0.9 1 1.0 0.0
18 0.1 43 0.4186046511627907 0.0 0.4 26 0.5 0.0 0.5 25 0.52 0.0 0.6 22 0.5 0.0 0.7 20 0.55 0.0 0.9 1 1.0 0.0
18 0.1 36 0.3611111111111111 0.027777777777777776 0.4 21 0.42857142857142855 0.047619047619047616 0.5 19 0.47368421052631576 0.05263157894736842 0.6 14 0.5714285714285714 0.07142857142857142 0.7 11 0.6363636363636364 0.09090909090909091 0.9 1 1.0 0.0
18 0.1 41 0.36585365853658536 0.04878048780487805 0.4 30 0.4666666666666667 0.06666666666666667 0.5 26 0.5 0.07692307692307693 0.6 24 0.5 0.08333333333333333 0.7 17 0.5294117647058824 0.058823529411764705 0.9 0 1 1
18 0.1 35 0.42857142857142855 0.02857142857142857 0.4 22 0.5 0.045454545454545456 0.5 19 0.5263157894736842 0.05263157894736842 0.6 17 0.5882352941176471 0.058823529411764705 0.7 13 0.6923076923076923 0.07692307692307693 0.9 0 1 1
18 0.1 25 0.48 0.04 0.4 16 0.5625 0.0625 0.5 14 0.5714285714285714 0.07142857142857142 0.6 11 0.6363636363636364 0.09090909090909091 0.7 10 0.6 0.1 0.9 0 1 1
18 0.1 27 0.5185185185185185 0.0 0.4 17 0.5294117647058824 0.0 0.5 15 0.5333333333333333 0.0 0.6 13 0.5384615384615384 0.0 0.7 10 0.6 0.0 0.9 1 1.0 0.0
18 0.1 35 0.42857142857142855 0.02857142857142857 0.4 21 0.5714285714285714 0.0 0.5 18 0.6111111111111112 0.0 0.6 17 0.6470588235294118 0.0 0.7 14 0.6428571428571429 0.0 0.9 1 1.0 0.0
18 0.1 38 0.39473684210526316 0.07894736842105263 0.4 23 0.5652173913043478 0.13043478260869565 0.5 19 0.631578947368421 0.15789473684210525 0.6 17 0.5882352941176471 0.17647058823529413 0.7 14 0.5714285714285714 0.21428571428571427 0.9 1 1.0 0.0
18 0.1 34 0.4117647058823529 0.029411764705882353 0.4 19 0.631578947368421 0.05263157894736842 0.5 16 0.5625 0.0625 0.6 15 0.6 0.06666666666666667 0.7 13 0.6153846153846154 0.07692307692307693 0.9 1 1.0 0.0
18 0.1 25 0.4 0.04 0.4 14 0.6428571428571429 0.07142857142857142 0.5 8 0.75 0.0 0.6 8 0.75 0.0 0.7 7 0.7142857142857143 0.0 0.9 0 1 1
18 0.1 29 0.4827586206896552 0.034482758620689655 0.4 19 0.5789473684210527 0.05263157894736842 0.5 15 0.6666666666666666 0.06666666666666667 0.6 12 0.6666666666666666 0.08333333333333333 0.7 10 0.8 0.1 0.9 1 1.0 1.0
18 0.1 35 0.45714285714285713 0.02857142857142857 0.4 24 0.4583333333333333 0.041666666666666664 0.5 21 0.5238095238095238 0.047619047619047616 0.6 17 0.5882352941176471 0.058823529411764705 0.7 15 0.5333333333333333 0.06666666666666667 0.9 1 1.0 0.0
18 0.1 35 0.45714285714285713 0.0 0.4 23 0.5217391304347826 0.0 0.5 20 0.55 0.0 0.6 18 0.5555555555555556 0.0 0.7 15 0.4666666666666667 0.0 0.9 1 1.0 0.0
18 0.1 39 0.41025641025641024 0.0 0.4 28 0.5 0.0 0.5 26 0.46153846153846156 0.0 0.6 24 0.4583333333333333 0.0 0.7 17 0.5294117647058824 0.0 0.9 2 1.0 0.0
18 0.1 37 0.3783783783783784 0.0 0.4 24 0.5833333333333334 0.0 0.5 20 0.6 0.0 0.6 17 0.6470588235294118 0.0 0.7 13 0.6153846153846154 0.0 0.9 2 1.0 0.0
18 0.1 39 0.4358974358974359 0.0 0.4 26 0.5384615384615384 0.0 0.5 25 0.56 0.0 0.6 21 0.5714285714285714 0.0 0.7 18 0.6666666666666666 0.0 0.9 1 1.0 0.0
18 0.1 30 0.5 0.06666666666666667 0.4 19 0.631578947368421 0.05263157894736842 0.5 16 0.625 0.0625 0.6 15 0.6666666666666666 0.06666666666666667 0.7 12 0.75 0.08333333333333333 0.9 1 1.0 0.0
18 0.1 39 0.38461538461538464 0.02564102564102564 0.4 24 0.5416666666666666 0.041666666666666664 0.5 19 0.5789473684210527 0.05263157894736842 0.6 16 0.6875 0.0625 0.7 13 0.6923076923076923 0.07692307692307693 0.9 1 1.0 0.0
18 0.1 34 0.4411764705882353 0.058823529411764705 0.4 23 0.5652173913043478 0.08695652173913043 0.5 20 0.6 0.1 0.6 18 0.6666666666666666 0.1111111111111111 0.7 14 0.7142857142857143 0.14285714285714285 0.9 1 1.0 0.0
18 0.1 33 0.45454545454545453 0.0 0.4 20 0.55 0.0 0.5 18 0.5555555555555556 0.0 0.6 17 0.5882352941176471 0.0 0.7 11 0.6363636363636364 0.0 0.9 0 1 1
18 0.1 30 0.5 0.0 0.4 23 0.5652173913043478 0.0 0.5 21 0.5714285714285714 0.0 0.6 17 0.5294117647058824 0.0 0.7 15 0.6 0.0 0.9 0 1 1
18 0.1 28 0.39285714285714285 0.0 0.4 19 0.47368421052631576 0.0 0.5 17 0.5294117647058824 0.0 0.6 17 0.5294117647058824 0.0 0.7 16 0.5625 0.0 0.9 0 1 1
18 0.1 29 0.4827586206896552 0.0 0.4 22 0.45454545454545453 0.0 0.5 19 0.5263157894736842 0.0 0.6 17 0.5882352941176471 0.0 0.7 13 0.6923076923076923 0.0 0.9 0 1 1
18 0.1 25 0.44 0.0 0.4 19 0.5789473684210527 0.0 0.5 18 0.5555555555555556 0.0 0.6 15 0.6 0.0 0.7 10 0.7 0.0 0.9 0 1 1
18 0.1 51 0.3333333333333333 0.0 0.4 32 0.4375 0.0 0.5 30 0.43333333333333335 0.0 0.6 27 0.4444444444444444 0.0 0.7 23 0.4782608695652174 0.0 0.9 0 1 1
18 0.1 31 0.4838709677419355 0.06451612903225806 0.4 22 0.5 0.09090909090909091 0.5 20 0.55 0.1 0.6 16 0.625 0.125 0.7 15 0.6666666666666666 0.13333333333333333 0.9 0 1 1
18 0.1 42 0.40476190476190477 0.0 0.4 28 0.5357142857142857 0.0 0.5 24 0.5833333333333334 0.0 0.6 23 0.5652173913043478 0.0 0.7 20 0.55 0.0 0.9 1 1.0 0.0
18 0.1 29 0.4482758620689655 0.0 0.4 21 0.5238095238095238 0.0 0.5 19 0.5789473684210527 0.0 0.6 18 0.6111111111111112 0.0 0.7 15 0.6666666666666666 0.0 0.9 2 1.0 0.0
18 0.1 28 0.5 0.0 0.4 19 0.5789473684210527 0.0 0.5 16 0.6875 0.0 0.6 14 0.7857142857142857 0.0 0.7 12 0.75 0.0 0.9 2 1.0 0.0
18 0.1 27 0.48148148148148145 0.0 0.4 20 0.6 0.0 0.5 18 0.6666666666666666 0.0 0.6 16 0.625 0.0 0.7 13 0.6153846153846154 0.0 0.9 0 1 1
18 0.1 34 0.4117647058823529 0.029411764705882353 0.4 23 0.5217391304347826 0.043478260869565216 0.5 21 0.5714285714285714 0.047619047619047616 0.6 18 0.6111111111111112 0.05555555555555555 0.7 15 0.6666666666666666 0.06666666666666667 0.9 1 1.0 0.0
18 0.1 27 0.48148148148148145 0.0 0.4 19 0.5789473684210527 0.0 0.5 19 0.5789473684210527 0.0 0.6 18 0.6111111111111112 0.0 0.7 18 0.6111111111111112 0.0 0.9 1 1.0 0.0
18 0.1 25 0.52 0.0 0.4 20 0.55 0.0 0.5 19 0.5789473684210527 0.0 0.6 19 0.5789473684210527 0.0 0.7 17 0.6470588235294118 0.0 0.9 1 1.0 0.0
18 0.1 37 0.43243243243243246 0.0 0.4 21 0.5238095238095238 0.0 0.5 18 0.5555555555555556 0.0 0.6 17 0.5294117647058824 0.0 0.7 17 0.5294117647058824 0.0 0.9 2 1.0 0.0
18 0.1 47 0.3617021276595745 0.0 0.4 32 0.4375 0.0 0.5 30 0.43333333333333335 0.0 0.6 26 0.5 0.0 0.7 24 0.5416666666666666 0.0 0.9 2 1.0 0.0
18 0.1 35 0.4857142857142857 0.0 0.4 23 0.5217391304347826 0.0 0.5 21 0.5238095238095238 0.0 0.6 18 0.5555555555555556 0.0 0.7 18 0.5555555555555556 0.0 0.9 1 1.0 0.0
18 0.1 37 0.4594594594594595 0.0 0.4 30 0.5 0.0 0.5 25 0.6 0.0 0.6 23 0.6086956521739131 0.0 0.7 15 0.5333333333333333 0.0 0.9 1 1.0 0.0
18 0.1 37 0.4864864864864865 0.05405405405405406 0.4 23 0.6086956521739131 0.08695652173913043 0.5 20 0.6 0.1 0.6 20 0.6 0.1 0.7 16 0.625 0.125 0.9 0 1 1
18 0.1 38 0.4473684210526316 0.0 0.4 31 0.4838709677419355 0.0 0.5 26 0.5769230769230769 0.0 0.6 24 0.5833333333333334 0.0 0.7 18 0.7777777777777778 0.0 0.9 0 1 1
18 0.1 37 0.4594594594594595 0.0 0.4 29 0.5517241379310345 0.0 0.5 26 0.5769230769230769 0.0 0.6 21 0.5714285714285714 0.0 0.7 20 0.55 0.0 0.9 1 1.0 0.0
18 0.1 29 0.5172413793103449 0.034482758620689655 0.4 24 0.5416666666666666 0.041666666666666664 0.5 22 0.5454545454545454 0.045454545454545456 0.6 20 0.55 0.0 0.7 17 0.5882352941176471 0.0 0.9 2 1.0 0.0
18 0.1 24 0.4583333333333333 0.125 0.4 18 0.5 0.16666666666666666 0.5 15 0.6 0.2 0.6 14 0.5714285714285714 0.21428571428571427 0.7 12 0.5833333333333334 0.25 0.9 0 1 1
18 0.1 41 0.4146341463414634 0.0 0.4 27 0.5185185185185185 0.0 0.5 26 0.5384615384615384 0.0 0.6 24 0.5833333333333334 0.0 0.7 20 0.5 0.0 0.9 1 1.0 0.0
18 0.1 32 0.4375 0.0625 0.4 21 0.5238095238095238 0.09523809523809523 0.5 19 0.5263157894736842 0.05263157894736842 0.6 18 0.5555555555555556 0.05555555555555555 0.7 16 0.5625 0.0625 0.9 0 1 1
18 0.1 29 0.5172413793103449 0.0 0.4 22 0.5909090909090909 0.0 0.5 19 0.631578947368421 0.0 0.6 17 0.5882352941176471 0.0 0.7 14 0.6428571428571429 0.0 0.9 0 1 1
18 0.1 26 0.46153846153846156 0.0 0.4 22 0.45454545454545453 0.0 0.5 20 0.5 0.0 0.6 16 0.625 0.0 0.7 14 0.7142857142857143 0.0 0.9 0 1 1
18 0.1 37 0.40540540540540543 0.0 0.4 23 0.5652173913043478 0.0 0.5 20 0.65 0.0 0.6 19 0.6842105263157895 0.0 0.7 17 0.7058823529411765 0.0 0.9 0 1 1
18 0.1 35 0.45714285714285713 0.0 0.4 22 0.45454545454545453 0.0 0.5 20 0.5 0.0 0.6 19 0.5263157894736842 0.0 0.7 18 0.5555555555555556 0.0 0.9 1 1.0 0.0
18 0.1 34 0.5 0.029411764705882353 0.4 20 0.55 0.05 0.5 17 0.5882352941176471 0.058823529411764705 0.6 14 0.7142857142857143 0.07142857142857142 0.7 14 0.7142857142857143 0.07142857142857142 0.9 2 1.0 0.0
18 0.1 34 0.38235294117647056 0.0 0.4 21 0.5714285714285714 0.0 0.5 18 0.5555555555555556 0.0 0.6 18 0.5555555555555556 0.0 0.7 17 0.5882352941176471 0.0 0.9 0 1 1
18 0.1 28 0.5 0.07142857142857142 0.4 20 0.5 0.1 0.5 18 0.5555555555555556 0.1111111111111111 0.6 18 0.5555555555555556 0.1111111111111111 0.7 16 0.5625 0.125 0.9 0 1 1
18 0.1 37 0.43243243243243246 0.0 0.4 27 0.5185185185185185 0.0 0.5 25 0.56 0.0 0.6 21 0.5714285714285714 0.0 0.7 19 0.631578947368421 0.0 0.9 0 1 1
18 0.1 41 0.4146341463414634 0.0 0.4 30 0.5333333333333333 0.0 0.5 28 0.5357142857142857 0.0 0.6 25 0.52 0.0 0.7 21 0.5238095238095238 0.0 0.9 0 1 1
18 0.1 37 0.43243243243243246 0.0 0.4 23 0.5217391304347826 0.0 0.5 22 0.5454545454545454 0.0 0.6 19 0.5263157894736842 0.0 0.7 17 0.5882352941176471 0.0 0.9 0 1 1
18 0.1 35 0.4 0.0 0.4 24 0.4583333333333333 0.0 0.5 23 0.4782608695652174 0.0 0.6 18 0.5 0.0 0.7 16 0.5625 0.0 0.9 0 1 1
18 0.1 44 0.38636363636363635 0.0 0.4 31 0.4838709677419355 0.0 0.5 29 0.4827586206896552 0.0 0.6 27 0.48148148148148145 0.0 0.7 25 0.48 0.0 0.9 2 1.0 0.0
18 0.1 38 0.4473684210526316 0.0 0.4 28 0.5 0.0 0.5 25 0.48 0.0 0.6 22 0.5 0.0 0.7 18 0.6111111111111112 0.0 0.9 2 1.0 0.0
18 0.1 40 0.4 0.025 0.4 30 0.4666666666666667 0.03333333333333333 0.5 27 0.5185185185185185 0.037037037037037035 0.6 27 0.5185185185185185 0.037037037037037035 0.7 26 0.5384615384615384 0.038461538461538464 0.9 1 1.0 0.0
18 0.1 42 0.38095238095238093 0.023809523809523808 0.4 29 0.5172413793103449 0.034482758620689655 0.5 28 0.5 0.03571428571428571 0.6 27 0.5185185185185185 0.037037037037037035 0.7 25 0.52 0.04 0.9 2 1.0 0.5
18 0.1 41 0.4146341463414634 0.04878048780487805 0.4 33 0.5151515151515151 0.06060606060606061 0.5 29 0.5172413793103449 0.06896551724137931 0.6 28 0.5357142857142857 0.07142857142857142 0.7 24 0.5833333333333334 0.08333333333333333 0.9 3 1.0 0.3333333333333333
18 0.1 45 0.4 0.0 0.4 32 0.53125 0.0 0.5 30 0.5333333333333333 0.0 0.6 27 0.5555555555555556 0.0 0.7 24 0.625 0.0 0.9 3 1.0 0.0
18 0.1 34 0.5 0.029411764705882353 0.4 24 0.625 0.041666666666666664 0.5 23 0.6521739130434783 0.043478260869565216 0.6 21 0.6666666666666666 0.047619047619047616 0.7 20 0.7 0.05 0.9 1 1.0 0.0
18 0.1 27 0.5555555555555556 0.07407407407407407 0.4 19 0.631578947368421 0.10526315789473684 0.5 17 0.5882352941176471 0.11764705882352941 0.6 16 0.5625 0.0625 0.7 14 0.5714285714285714 0.07142857142857142 0.9 0 1 1
18 0.1 31 0.45161290322580644 0.03225806451612903 0.4 22 0.5909090909090909 0.045454545454545456 0.5 20 0.6 0.05 0.6 17 0.6470588235294118 0.058823529411764705 0.7 17 0.6470588235294118 0.058823529411764705 0.9 1 1.0 0.0
18 0.1 42 0.38095238095238093 0.0 0.4 25 0.56 0.0 0.5 25 0.56 0.0 0.6 25 0.56 0.0 0.7 22 0.5909090909090909 0.0 0.9 0 1 1
18 0.1 36 0.4444444444444444 0.05555555555555555 0.4 24 0.5416666666666666 0.08333333333333333 0.5 19 0.5789473684210527 0.10526315789473684 0.6 19 0.5789473684210527 0.10526315789473684 0.7 19 0.5789473684210527 0.10526315789473684 0.9 0 1 1
18 0.1 36 0.4444444444444444 0.0 0.4 30 0.5 0.0 0.5 27 0.5555555555555556 0.0 0.6 23 0.6086956521739131 0.0 0.7 20 0.65 0.0 0.9 0 1 1
18 0.1 38 0.42105263157894735 0.0 0.4 29 0.5172413793103449 0.0 0.5 28 0.5357142857142857 0.0 0.6 25 0.56 0.0 0.7 17 0.5882352941176471 0.0 0.9 3 1.0 0.0
18 0.1 41 0.4146341463414634 0.0 0.4 30 0.5333333333333333 0.0 0.5 27 0.5185185185185185 0.0 0.6 25 0.56 0.0 0.7 23 0.5652173913043478 0.0 0.9 2 1.0 0.0
18 0.1 39 0.46153846153846156 0.0 0.4 28 0.6071428571428571 0.0 0.5 27 0.6296296296296297 0.0 0.6 26 0.6153846153846154 0.0 0.7 22 0.6363636363636364 0.0 0.9 0 1 1
18 0.1 36 0.4722222222222222 0.0 0.4 27 0.5925925925925926 0.0 0.5 25 0.6 0.0 0.6 22 0.6363636363636364 0.0 0.7 19 0.631578947368421 0.0 0.9 3 0.6666666666666666 0.0
18 0.1 33 0.5151515151515151 0.030303030303030304 0.4 25 0.52 0.04 0.5 23 0.5652173913043478 0.043478260869565216 0.6 21 0.6190476190476191 0.047619047619047616 0.7 19 0.631578947368421 0.05263157894736842 0.9 4 1.0 0.25
18 0.1 34 0.47058823529411764 0.029411764705882353 0.4 26 0.5 0.038461538461538464 0.5 25 0.52 0.04 0.6 20 0.6 0.05 0.7 18 0.6111111111111112 0.05555555555555555 0.9 2 1.0 0.0
18 0.1 32 0.5 0.0625 0.4 21 0.5238095238095238 0.09523809523809523 0.5 20 0.55 0.1 0.6 18 0.6111111111111112 0.1111111111111111 0.7 17 0.5882352941176471 0.11764705882352941 0.9 0 1 1
18 0.1 35 0.4857142857142857 0.02857142857142857 0.4 29 0.5517241379310345 0.034482758620689655 0.5 27 0.5555555555555556 0.037037037037037035 0.6 23 0.5652173913043478 0.043478260869565216 0.7 23 0.5652173913043478 0.043478260869565216 0.9 0 1 1
18 0.1 36 0.4444444444444444 0.0 0.4 27 0.5185185185185185 0.0 0.5 22 0.5454545454545454 0.0 0.6 21 0.5714285714285714 0.0 0.7 18 0.6666666666666666 0.0 0.9 0 1 1
18 0.1 34 0.47058823529411764 0.0 0.4 28 0.5357142857142857 0.0 0.5 25 0.56 0.0 0.6 22 0.6363636363636364 0.0 0.7 19 0.631578947368421 0.0 0.9 0 1 1
18 0.1 37 0.4594594594594595 0.0 0.4 27 0.5185185185185185 0.0 0.5 25 0.52 0.0 0.6 24 0.5416666666666666 0.0 0.7 21 0.6190476190476191 0.0 0.9 1 1.0 0.0
18 0.1 40 0.425 0.0 0.4 24 0.5416666666666666 0.0 0.5 24 0.5416666666666666 0.0 0.6 20 0.6 0.0 0.7 19 0.631578947368421 0.0 0.9 1 1.0 0.0
18 0.1 33 0.48484848484848486 0.0 0.4 25 0.52 0.0 0.5 22 0.5909090909090909 0.0 0.6 18 0.6666666666666666 0.0 0.7 15 0.6666666666666666 0.0 0.9 1 1.0 0.0
18 0.1 36 0.4722222222222222 0.0 0.4 27 0.5185185185185185 0.0 0.5 25 0.48 0.0 0.6 23 0.5217391304347826 0.0 0.7 22 0.5454545454545454 0.0 0.9 1 1.0 0.0
18 0.1 29 0.5172413793103449 0.06896551724137931 0.4 24 0.5 0.08333333333333333 0.5 19 0.631578947368421 0.10526315789473684 0.6 17 0.6470588235294118 0.058823529411764705 0.7 16 0.6875 0.0625 0.9 1 1.0 0.0
18 0.1 32 0.5 0.0 0.4 26 0.5769230769230769 0.0 0.5 26 0.5769230769230769 0.0 0.6 23 0.6521739130434783 0.0 0.7 19 0.6842105263157895 0.0 0.9 1 1.0 0.0
18 0.1 30 0.4666666666666667 0.1 0.4 22 0.5 0.13636363636363635 0.5 21 0.5238095238095238 0.14285714285714285 0.6 20 0.5 0.15 0.7 19 0.5263157894736842 0.15789473684210525 0.9 2 1.0 1.0
18 0.1 35 0.45714285714285713 0.02857142857142857 0.4 27 0.4444444444444444 0.037037037037037035 0.5 23 0.4782608695652174 0.043478260869565216 0.6 22 0.5 0.045454545454545456 0.7 21 0.5238095238095238 0.047619047619047616 0.9 1 1.0 1.0
18 0.1 34 0.47058823529411764 0.029411764705882353 0.4 31 0.5161290322580645 0.03225806451612903 0.5 29 0.5172413793103449 0.034482758620689655 0.6 25 0.56 0.04 0.7 19 0.5789473684210527 0.05263157894736842 0.9 2 1.0 0.5
18 0.1 31 0.4838709677419355 0.03225806451612903 0.4 24 0.5416666666666666 0.041666666666666664 0.5 24 0.5416666666666666 0.041666666666666664 0.6 23 0.5217391304347826 0.043478260869565216 0.7 21 0.5714285714285714 0.047619047619047616 0.9 3 1.0 0.3333333333333333
18 0.1 29 0.5517241379310345 0.10344827586206896 0.4 22 0.5 0.13636363636363635 0.5 21 0.5238095238095238 0.14285714285714285 0.6 19 0.47368421052631576 0.15789473684210525 0.7 15 0.6 0.2 0.9 2 1.0 1.0
18 0.1 33 0.45454545454545453 0.030303030303030304 0.4 25 0.52 0.04 0.5 25 0.52 0.04 0.6 22 0.5454545454545454 0.045454545454545456 0.7 22 0.5454545454545454 0.045454545454545456 0.9 1 1.0 0.0
18 0.1 36 0.4444444444444444 0.0 0.4 26 0.5384615384615384 0.0 0.5 22 0.5454545454545454 0.0 0.6 22 0.5454545454545454 0.0 0.7 20 0.55 0.0 0.9 1 1.0 0.0
18 0.1 36 0.4444444444444444 0.0 0.4 27 0.5185185185185185 0.0 0.5 24 0.5416666666666666 0.0 0.6 24 0.5416666666666666 0.0 0.7 21 0.5238095238095238 0.0 0.9 2 1.0 0.0
18 0.1 37 0.4864864864864865 0.0 0.4 29 0.4482758620689655 0.0 0.5 26 0.5 0.0 0.6 23 0.5217391304347826 0.0 0.7 18 0.5555555555555556 0.0 0.9 1 1.0 0.0
18 0.1 34 0.47058823529411764 0.0 0.4 31 0.4838709677419355 0.0 0.5 27 0.5185185185185185 0.0 0.6 24 0.5833333333333334 0.0 0.7 19 0.5789473684210527 0.0 0.9 1 1.0 0.0
18 0.1 34 0.5 0.0 0.4 29 0.4827586206896552 0.0 0.5 26 0.5384615384615384 0.0 0.6 23 0.5217391304347826 0.0 0.7 19 0.5789473684210527 0.0 0.9 1 1.0 0.0
18 0.1 33 0.42424242424242425 0.09090909090909091 0.4 29 0.4482758620689655 0.10344827586206896 0.5 28 0.42857142857142855 0.10714285714285714 0.6 25 0.48 0.12 0.7 23 0.4782608695652174 0.13043478260869565 0.9 1 1.0 1.0
18 0.1 34 0.38235294117647056 0.029411764705882353 0.4 26 0.46153846153846156 0.038461538461538464 0.5 26 0.46153846153846156 0.038461538461538464 0.6 22 0.5454545454545454 0.045454545454545456 0.7 20 0.6 0.05 0.9 1 1.0 0.0
18 0.1 35 0.42857142857142855 0.02857142857142857 0.4 28 0.4642857142857143 0.03571428571428571 0.5 27 0.48148148148148145 0.037037037037037035 0.6 21 0.5238095238095238 0.047619047619047616 0.7 19 0.47368421052631576 0.05263157894736842 0.9 0 1 1
18 0.1 33 0.48484848484848486 0.06060606060606061 0.4 22 0.5454545454545454 0.09090909090909091 0.5 21 0.5238095238095238 0.09523809523809523 0.6 17 0.5294117647058824 0.058823529411764705 0.7 16 0.5625 0.0625 0.9 0 1 1
18 0.1 34 0.38235294117647056 0.0 0.4 27 0.4444444444444444 0.0 0.5 23 0.5217391304347826 0.0 0.6 20 0.55 0.0 0.7 18 0.5555555555555556 0.0 0.9 1 1.0 0.0
18 0.1 39 0.41025641025641024 0.05128205128205128 0.4 30 0.5333333333333333 0.06666666666666667 0.5 27 0.5185185185185185 0.07407407407407407 0.6 25 0.52 0.04 0.7 22 0.5 0.045454545454545456 0.9 0 1 1
18 0.1 37 0.4594594594594595 0.02702702702702703 0.4 28 0.5 0.03571428571428571 0.5 25 0.52 0.04 0.6 24 0.5 0.041666666666666664 0.7 21 0.5714285714285714 0.047619047619047616 0.9 0 1 1
18 0.1 32 0.5 0.0 0.4 24 0.5 0.0 0.5 22 0.5454545454545454 0.0 0.6 19 0.5263157894736842 0.0 0.7 18 0.5555555555555556 0.0 0.9 0 1 1
18 0.1 32 0.5 0.0 0.4 25 0.44 0.0 0.5 22 0.45454545454545453 0.0 0.6 19 0.5263157894736842 0.0 0.7 17 0.5882352941176471 0.0 0.9 1 1.0 0.0
18 0.1 28 0.42857142857142855 0.0 0.4 23 0.5217391304347826 0.0 0.5 22 0.5 0.0 0.6 21 0.5238095238095238 0.0 0.7 20 0.55 0.0 0.9 1 1.0 0.0
18 0.1 39 0.4358974358974359 0.02564102564102564 0.4 27 0.4444444444444444 0.037037037037037035 0.5 26 0.46153846153846156 0.038461538461538464 0.6 25 0.48 0.04 0.7 23 0.5217391304347826 0.043478260869565216 0.9 1 1.0 1.0
18 0.1 38 0.4473684210526316 0.02631578947368421 0.4 29 0.4827586206896552 0.034482758620689655 0.5 29 0.4827586206896552 0.034482758620689655 0.6 26 0.5384615384615384 0.038461538461538464 0.7 21 0.5238095238095238 0.047619047619047616 0.9 2 1.0 0.5
18 0.1 37 0.4594594594594595 0.0 0.4 30 0.5 0.0 0.5 29 0.4827586206896552 0.0 0.6 25 0.48 0.0 0.7 22 0.5 0.0 0.9 5 1.0 0.0
18 0.1 39 0.4358974358974359 0.02564102564102564 0.4 28 0.4642857142857143 0.03571428571428571 0.5 27 0.48148148148148145 0.037037037037037035 0.6 25 0.48 0.04 0.7 23 0.4782608695652174 0.043478260869565216 0.9 6 0.8333333333333334 0.16666666666666666
18 0.1 37 0.40540540540540543 0.0 0.4 28 0.5357142857142857 0.0 0.5 27 0.5555555555555556 0.0 0.6 23 0.5217391304347826 0.0 0.7 19 0.5263157894736842 0.0 0.9 4 1.0 0.0
18 0.1 34 0.5 0.029411764705882353 0.4 27 0.5185185185185185 0.037037037037037035 0.5 26 0.5384615384615384 0.038461538461538464 0.6 22 0.5454545454545454 0.045454545454545456 0.7 19 0.5789473684210527 0.05263157894736842 0.9 3 1.0 0.3333333333333333
18 0.1 36 0.4722222222222222 0.05555555555555555 0.4 27 0.5185185185185185 0.07407407407407407 0.5 25 0.52 0.08 0.6 23 0.5217391304347826 0.08695652173913043 0.7 21 0.5238095238095238 0.09523809523809523 0.9 4 1.0 0.25
18 0.1 36 0.4444444444444444 0.027777777777777776 0.4 26 0.5384615384615384 0.038461538461538464 0.5 25 0.52 0.04 0.6 24 0.5416666666666666 0.041666666666666664 0.7 18 0.5555555555555556 0.05555555555555555 0.9 1 1.0 0.0
18 0.1 38 0.4473684210526316 0.0 0.4 33 0.48484848484848486 0.0 0.5 32 0.46875 0.0 0.6 26 0.5 0.0 0.7 23 0.5652173913043478 0.0 0.9 1 1.0 0.0
18 0.1 37 0.4594594594594595 0.0 0.4 27 0.5185185185185185 0.0 0.5 25 0.52 0.0 0.6 21 0.5714285714285714 0.0 0.7 20 0.6 0.0 0.9 0 1 1
18 0.1 36 0.5 0.0 0.4 28 0.5357142857142857 0.0 0.5 26 0.5384615384615384 0.0 0.6 25 0.56 0.0 0.7 21 0.5714285714285714 0.0 0.9 0 1 1
18 0.1 36 0.4444444444444444 0.0 0.4 27 0.5185185185185185 0.0 0.5 26 0.5384615384615384 0.0 0.6 25 0.56 0.0 0.7 22 0.5909090909090909 0.0 0.9 4 1.0 0.0
18 0.1 39 0.41025641025641024 0.0 0.4 31 0.5161290322580645 0.0 0.5 28 0.5 0.0 0.6 25 0.48 0.0 0.7 24 0.5 0.0 0.9 5 0.6 0.0
18 0.1 33 0.45454545454545453 0.0 0.4 26 0.5384615384615384 0.0 0.5 26 0.5384615384615384 0.0 0.6 23 0.5217391304347826 0.0 0.7 22 0.5 0.0 0.9 2 1.0 0.0
18 0.1 36 0.4722222222222222 0.0 0.4 27 0.5185185185185185 0.0 0.5 25 0.52 0.0 0.6 24 0.5416666666666666 0.0 0.7 22 0.5909090909090909 0.0 0.9 2 1.0 0.0
18 0.1 37 0.4594594594594595 0.0 0.4 29 0.5517241379310345 0.0 0.5 27 0.5185185185185185 0.0 0.6 21 0.6190476190476191 0.0 0.7 20 0.6 0.0 0.9 1 1.0 0.0
18 0.1 38 0.47368421052631576 0.0 0.4 30 0.5666666666666667 0.0 0.5 25 0.52 0.0 0.6 24 0.5416666666666666 0.0 0.7 19 0.5263157894736842 0.0 0.9 1 1.0 0.0
18 0.1 36 0.4722222222222222 0.05555555555555555 0.4 30 0.5 0.06666666666666667 0.5 25 0.56 0.08 0.6 23 0.6086956521739131 0.08695652173913043 0.7 21 0.6190476190476191 0.09523809523809523 0.9 4 1.0 0.5
18 0.1 34 0.5 0.08823529411764706 0.4 29 0.5172413793103449 0.10344827586206896 0.5 29 0.5172413793103449 0.10344827586206896 0.6 27 0.5185185185185185 0.1111111111111111 0.7 24 0.5833333333333334 0.125 0.9 3 1.0 0.6666666666666666
18 0.1 33 0.48484848484848486 0.0 0.4 26 0.5 0.0 0.5 26 0.5 0.0 0.6 23 0.5217391304347826 0.0 0.7 21 0.5714285714285714 0.0 0.9 2 1.0 0.0
18 0.1 33 0.45454545454545453 0.0 0.4 25 0.48 0.0 0.5 23 0.4782608695652174 0.0 0.6 22 0.5 0.0 0.7 18 0.5 0.0 0.9 1 1.0 0.0
18 0.1 29 0.5172413793103449 0.0 0.4 23 0.5217391304347826 0.0 0.5 21 0.5238095238095238 0.0 0.6 20 0.55 0.0 0.7 17 0.5294117647058824 0.0 0.9 2 1.0 0.0
18 0.1 38 0.4473684210526316 0.0 0.4 31 0.4838709677419355 0.0 0.5 29 0.4482758620689655 0.0 0.6 27 0.4444444444444444 0.0 0.7 23 0.5217391304347826 0.0 0.9 5 0.8 0.0
18 0.1 36 0.4722222222222222 0.0 0.4 27 0.48148148148148145 0.0 0.5 26 0.46153846153846156 0.0 0.6 25 0.48 0.0 0.7 22 0.5454545454545454 0.0 0.9 3 0.6666666666666666 0.0
18 0.1 37 0.4864864864864865 0.02702702702702703 0.4 29 0.4482758620689655 0.034482758620689655 0.5 28 0.4642857142857143 0.03571428571428571 0.6 27 0.48148148148148145 0.037037037037037035 0.7 24 0.5416666666666666 0.041666666666666664 0.9 3 0.6666666666666666 0.3333333333333333
18 0.1 41 0.4146341463414634 0.0 0.4 27 0.48148148148148145 0.0 0.5 26 0.5 0.0 0.6 24 0.5416666666666666 0.0 0.7 21 0.47619047619047616 0.0 0.9 1 1.0 0.0
18 0.1 33 0.42424242424242425 0.030303030303030304 0.4 26 0.5 0.038461538461538464 0.5 25 0.52 0.04 0.6 22 0.5454545454545454 0.045454545454545456 0.7 20 0.6 0.05 0.9 2 1.0 0.5
