0 0.520506 0.487228 0.127528 0.0791457
0 0.525562 0.922739 0.133146 0.0138191
0 0.628933 0.0944305 0.0567416 0.0414573
0 0.524719 0.682161 0.132584 0.0343384
0 0.385393 0.089196 0.0932584 0.00753769
0 0.384831 0.58124 0.1 0.0636516
0 0.727247 0.713568 0.264607 0.0904523
0 0.387921 0.813023 0.0477528 0.00628141
0 0.926404 0.747697 0.0955056 0.029732
0 0.208708 0.855318 0.0342697 0.0431323
0 0.928371 0.16876 0.108427 0.0737018
0 0.930337 0.603224 0.0606742 0.00628141
0 0.932584 0.063861 0.0539326 0.00795645
0 0.651124 0.621859 0.106742 0.0201005
0 0.725843 0.621859 0.273034 0.0234506
0 0.258427 0.859297 0.119101 0.0552764
0 0.931461 0.251884 0.103371 0.0749581
0 0.254775 0.806951 0.0904494 0.0376884
0 0.452528 0.0609296 0.257865 0.0171692
0 0.392416 0.669807 0.116292 0.13526
0 0.926124 0.104062 0.10618 0.0247069
0 0.38764 0.611181 0.0955056 0.0163317
0 0.255056 0.716918 0.135955 0.0376884
0 0.391854 0.756491 0.107303 0.0816583
0 0.451685 0.693049 0.234831 0.211055
0 0.72809 0.815955 0.264045 0.0766332
0 0.523315 0.610762 0.0432584 0.00795645
0 0.647753 0.511097 0.102247 0.0196817
0 0.521629 0.504397 0.125281 0.0146566
0 0.727809 0.916039 0.257865 0.0741206
0 0.626124 0.701005 0.0533708 0.0393635
0 0.923595 0.700167 0.114607 0.0234506
0 0.253652 0.862018 0.123034 0.0950586
0 0.523034 0.521985 0.126966 0.0154941
0 0.254494 0.948283 0.132584 0.029732
0 0.11573 0.218174 0.12809 0.110553
0 0.520787 0.6116 0.0640449 0.00711893
0 0.629775 0.100712 0.0606742 0.0741206
0 0.730337 0.879606 0.269663 0.0498325
0 0.662921 0.876466 0.135955 0.0368509
0 0.252809 0.79376 0.113483 0.0858459
0 0.388764 0.44242 0.134831 0.176298
0 0.796067 0.877722 0.130337 0.0435511
0 0.520506 0.514657 0.128652 0.0301508
0 0.384551 0.585008 0.0926966 0.0343384
0 0.927528 0.0885678 0.107865 0.0515075
0 0.639326 0.701843 0.0797753 0.0460637
0 0.254494 0.83773 0.130337 0.172111
0 0.115449 0.168342 0.130899 0.215243
0 0.522191 0.724246 0.133146 0.146985
0 0.66236 0.472152 0.129213 0.0163317
0 0.901124 0.500838 0.052809 0.0443886
0 0.938202 0.332496 0.0550562 0.0443886
0 0.929213 0.402638 0.11236 0.109296
0 0.107584 0.615787 0.138764 0.672111
0 0.45309 0.0674204 0.255618 0.0284757
0 0.66264 0.0969431 0.130899 0.0824958
0 0.114607 0.111809 0.126966 0.113903
0 0.523876 0.657245 0.133146 0.0850084
0 0.526966 0.824539 0.133708 0.0368509
0 0.697753 0.0979899 0.0662921 0.078727
0 0.929494 0.210637 0.10618 0.154941
0 0.729494 0.932161 0.251124 0.0443886
0 0.39073 0.672739 0.119663 0.259213
0 0.730618 0.761725 0.271348 0.183417
0 0.929775 0.501256 0.111236 0.0485762
0 0.66236 0.43258 0.130337 0.0460637
0 0.523876 0.259631 0.127528 0.352596
0 0.525281 0.878769 0.132584 0.156198
0 0.520506 0.466918 0.127528 0.0561139
0 0.663483 0.193677 0.131461 0.0724456
0 0.924438 0.655569 0.117416 0.112647
0 0.389607 0.306951 0.138764 0.437186
0 0.523596 0.567211 0.133708 0.0523451
0 0.924438 0.811767 0.101685 0.161223
0 0.389888 0.8884 0.130337 0.150335
0 0.92809 0.567839 0.108989 0.0485762
0 0.925 0.927136 0.112921 0.0343384
0 0.727528 0.575377 0.270787 0.153266
0 0.799719 0.417295 0.124157 0.121022
0 0.662921 0.320142 0.133708 0.14866
0 0.800281 0.24665 0.125281 0.205193
0 0.525562 0.753141 0.130899 0.0858459
0 0.801404 0.0889866 0.132022 0.0732831
0 0.251404 0.592546 0.141011 0.194305
0 0.250281 0.350293 0.130899 0.261725
0 0.249719 0.130235 0.128652 0.165829
