0 0.910768 0.268878 0.126126 0.0461295
0 0.798155 0.48752 0.148863 0.237599
0 0.134277 0.34534 0.130416 0.103002
0 0.654226 0.823223 0.1287 0.296051
0 0.524024 0.495735 0.125697 0.0815166
0 0.133419 0.176145 0.132132 0.221485
0 0.521879 0.316114 0.123981 0.208215
0 0.263621 0.435071 0.113685 0.00884676
0 0.912269 0.504739 0.123123 0.194945
0 0.262548 0.666983 0.125268 0.0461295
0 0.393393 0.0906793 0.106392 0.0423381
0 0.135135 0.0737757 0.129558 0.0135861
0 0.908408 0.768562 0.120549 0.107741
0 0.915916 0.116746 0.133848 0.0780411
0 0.264264 0.711532 0.126126 0.106161
0 0.392106 0.710111 0.122694 0.167773
0 0.523166 0.650395 0.125697 0.210111
0 0.512655 0.923381 0.0677821 0.0274882
0 0.779708 0.18436 0.126555 0.217062
0 0.393179 0.0745656 0.102531 0.00947867
0 0.517375 0.891627 0.0755041 0.0271722
0 0.519734 0.86019 0.0810811 0.0167457
0 0.910982 0.657978 0.119691 0.112796
0 0.524239 0.42575 0.126126 0.0540284
0 0.134492 0.853712 0.127413 0.25466
0 0.913556 0.0791469 0.119691 0.0104265
0 0.911626 0.216904 0.129558 0.0508689
0 0.781639 0.0797788 0.12012 0.0116904
0 0.51952 0.847551 0.0823681 0.0230648
0 0.522523 0.975987 0.122694 0.0176935
0 0.51952 0.868088 0.0875161 0.0685624
0 0.9142 0.869668 0.1287 0.0830964
0 0.523166 0.761453 0.0922351 0.00695103
0 0.915058 0.941548 0.132132 0.0593997
0 0.918275 0.977567 0.136851 0.0195893
0 0.522952 0.144392 0.12441 0.139652
0 0.519734 0.803634 0.0879451 0.0546603
0 0.522737 0.936019 0.104247 0.0597156
0 0.132347 0.422907 0.131703 0.735229
0 0.910553 0.22733 0.129987 0.30237
0 0.653368 0.522433 0.13299 0.88752
0 0.52381 0.422117 0.127842 0.688152
0 0.785071 0.513428 0.126984 0.884044
0 0.527242 0.0781991 0.126126 0.0116904
0 0.908623 0.678673 0.125268 0.586414
0 0.652939 0.981359 0.121836 0.0113744
0 0.523381 0.870774 0.103818 0.221169
0 0.393608 0.531438 0.127413 0.527646
0 0.262977 0.600474 0.126984 0.339652
0 0.393822 0.966667 0.125268 0.0344392
0 0.265337 0.276935 0.127413 0.299842
0 0.398112 0.166667 0.114114 0.191785
0 0.265122 0.875987 0.126984 0.21327
0 0.265337 0.0952607 0.128271 0.0552923
0 0.394037 0.877567 0.125697 0.133017
