0 0.22861 0.918892 0.12139 0.137136
0 0.357754 0.495146 0.126203 0.408576
0 0.637433 0.608414 0.0417112 0.0711974
0 0.226203 0.468649 0.126203 0.26335
0 0.0957219 0.0558252 0.0994652 0.00647249
0 0.640909 0.333333 0.0411765 0.00809062
0 0.478342 0.464401 0.116043 0.311489
0 0.579144 0.609426 0.0673797 0.0748382
0 0.603743 0.332524 0.101604 0.00970874
0 0.603209 0.665655 0.119786 0.0368123
0 0.602941 0.553196 0.12246 0.0319579
0 0.604813 0.280542 0.114439 0.0109223
0 0.725401 0.0511731 0.0497326 0.00606796
0 0.224332 0.621561 0.120321 0.0489482
0 0.603743 0.277306 0.112299 0.0101133
0 0.591711 0.332322 0.0625668 0.00606796
0 0.587433 0.677184 0.0465241 0.00647249
0 0.604278 0.789846 0.0470588 0.00687702
0 0.604011 0.321804 0.102139 0.00849515
0 0.604545 0.298746 0.119251 0.0505663
0 0.0957219 0.381877 0.130481 0.669094
0 0.352406 0.604167 0.126203 0.791667
0 0.1 0.650081 0.120856 0.699838
0 0.35107 0.812702 0.12246 0.347087
0 0.602406 0.562095 0.113904 0.0165858
0 0.353476 0.404328 0.124064 0.698625
0 0.603209 0.54551 0.119786 0.0149676
0 0.396257 0.343244 0.187166 0.571602
0 0.852674 0.0616909 0.12139 0.0295307
0 0.602406 0.272654 0.120321 0.0226537
0 0.601872 0.300769 0.112834 0.0303398
0 0.853743 0.425364 0.124599 0.739887
0 0.225668 0.32322 0.122995 0.55178
0 0.225134 0.797532 0.120856 0.378236
0 0.852139 0.265372 0.120321 0.402104
0 0.47754 0.338997 0.119786 0.569579
0 0.604278 0.657565 0.119786 0.0214401
0 0.603209 0.608617 0.117647 0.0732201
0 0.852941 0.899272 0.122995 0.091424
0 0.854545 0.643608 0.126203 0.334951
0 0.728342 0.261529 0.121925 0.418689
0 0.476471 0.804612 0.122995 0.354369
0 0.851872 0.83394 0.121925 0.0360032
0 0.602139 0.733212 0.119786 0.0950647
0 0.852941 0.966828 0.121925 0.0339806
0 0.600802 0.438511 0.118182 0.194984
0 0.602941 0.15716 0.12246 0.214806
0 0.602941 0.886327 0.119251 0.199029
0 0.72754 0.934668 0.119251 0.101537
0 0.725668 0.589199 0.121925 0.235032
0 0.726738 0.794498 0.119786 0.171521
