0 0.645651 0.273988 0.123759 0.0159163
0 0.632516 0.331742 0.0939872 0.00864029
0 0.619965 0.369941 0.0712201 0.00773079
0 0.644192 0.587312 0.122008 0.257844
0 0.265032 0.567531 0.116754 0.104593
0 0.770578 0.190769 0.0934034 0.0113688
0 0.139521 0.280809 0.124927 0.0777626
0 0.635143 0.388813 0.103911 0.0218281
0 0.643024 0.524329 0.11617 0.0327422
0 0.518973 0.478172 0.122592 0.142337
0 0.135727 0.58663 0.107998 0.00818554
0 0.14244 0.341746 0.0583771 0.00500227
0 0.644483 0.637563 0.120257 0.120964
0 0.644775 0.358117 0.120841 0.0104593
0 0.645067 0.641655 0.108581 0.00909504
0 0.645651 0.414961 0.126095 0.0213734
0 0.131057 0.534334 0.115003 0.0300136
0 0.517805 0.516371 0.119089 0.0122783
0 0.646235 0.796271 0.120257 0.0145521
0 0.262697 0.0770805 0.122592 0.0559345
0 0.143316 0.144384 0.133684 0.189632
0 0.131932 0.501819 0.115587 0.0195543
0 0.641856 0.340155 0.120841 0.0381992
0 0.517513 0.409277 0.122008 0.0554798
0 0.264156 0.929513 0.124343 0.0200091
0 0.300642 0.242383 0.0525394 0.0263756
0 0.392294 0.86744 0.122592 0.044111
0 0.224752 0.733743 0.0431991 0.0359254
0 0.132808 0.624147 0.105663 0.00591178
0 0.130765 0.584129 0.105079 0.00864029
0 0.645067 0.671214 0.117922 0.0600273
0 0.134267 0.517281 0.119089 0.0668486
0 0.518973 0.177808 0.122592 0.0827649
0 0.134267 0.485675 0.117922 0.0245566
0 0.266492 0.134834 0.122008 0.0304684
0 0.645067 0.859027 0.119089 0.0700318
0 0.645067 0.423829 0.123759 0.0827649
0 0.139813 0.339018 0.0694688 0.00682128
0 0.139521 0.935653 0.107414 0.042292
0 0.644192 0.479536 0.119673 0.0213734
0 0.645943 0.928149 0.0799766 0.0172806
0 0.519556 0.800364 0.127262 0.0527513
0 0.141856 0.340837 0.0700525 0.00591178
0 0.267951 0.165302 0.121424 0.153251
0 0.518681 0.547522 0.122008 0.0600273
0 0.264156 0.939745 0.120841 0.0377444
0 0.645067 0.607094 0.117922 0.0445657
0 0.517805 0.262165 0.122592 0.0868577
0 0.646235 0.82492 0.121424 0.231924
0 0.518973 0.604366 0.123759 0.0509322
0 0.137478 0.728513 0.11617 0.0718508
0 0.240222 0.239654 0.0589609 0.0127331
0 0.197898 0.81628 0.21366 0.282856
0 0.39171 0.909277 0.124927 0.0359254
0 0.138938 0.697817 0.117922 0.0122783
0 0.133684 0.640518 0.114419 0.0241019
0 0.644775 0.563438 0.119673 0.0345612
0 0.519848 0.843111 0.127846 0.0327422
0 0.140105 0.383583 0.121424 0.0322874
0 0.264156 0.0995907 0.123176 0.099136
0 0.129889 0.56503 0.1115 0.0286494
0 0.772913 0.191223 0.106246 0.00682128
0 0.516638 0.479764 0.121424 0.0818554
0 0.895797 0.920873 0.118506 0.0864029
0 0.138938 0.0886767 0.124927 0.0682128
0 0.267367 0.192815 0.117922 0.0782174
0 0.263281 0.952478 0.115587 0.0186448
0 0.895505 0.824238 0.121424 0.108686
0 0.130765 0.605275 0.108581 0.0309231
0 0.641564 0.55889 0.123759 0.511141
0 0.643608 0.356071 0.124343 0.0327422
0 0.390543 0.946339 0.124927 0.0327422
0 0.136602 0.663711 0.120257 0.0213734
0 0.390251 0.284675 0.126678 0.31105
0 0.26474 0.664166 0.123176 0.0723056
0 0.136019 0.479536 0.120257 0.0150068
0 0.136894 0.109823 0.123176 0.0259209
0 0.267367 0.438381 0.117922 0.375625
0 0.519264 0.536608 0.124343 0.174625
0 0.139521 0.258981 0.124927 0.0341064
0 0.518973 0.477035 0.126095 0.313779
0 0.769994 0.575716 0.124927 0.738518
0 0.516638 0.375853 0.121424 0.126876
0 0.138354 0.577535 0.124927 0.193724
0 0.136894 0.0729877 0.125511 0.0450205
0 0.141565 0.303774 0.126678 0.0609368
0 0.772037 0.166667 0.119673 0.0250114
0 0.138938 0.374034 0.122592 0.0559345
0 0.140105 0.822647 0.113252 0.267394
0 0.895797 0.864939 0.120841 0.196453
0 0.138354 0.414279 0.123759 0.0154616
0 0.644775 0.196226 0.126678 0.257844
0 0.264448 0.81105 0.126095 0.306048
0 0.517805 0.219645 0.123759 0.169168
0 0.138062 0.446794 0.123176 0.0404729
0 0.895213 0.746021 0.122008 0.0386539
0 0.390835 0.374488 0.125511 0.128695
0 0.8993 0.525011 0.131349 0.386085
0 0.391127 0.2201 0.126095 0.173715
0 0.518973 0.818781 0.127262 0.0850387
0 0.392002 0.566621 0.124343 0.232833
0 0.13777 0.182128 0.124927 0.113233
0 0.391419 0.904957 0.124343 0.118236
0 0.455342 0.0891314 0.240514 0.0791269
0 0.771162 0.0989086 0.123759 0.0950432
0 0.391127 0.768531 0.126095 0.134607
0 0.897548 0.189632 0.126678 0.27558
0 0.521891 0.705321 0.124927 0.138245
0 0.52014 0.916098 0.126095 0.0895862
