0 0.676251 0.051565 0.086489 0.0108347
0 0.174381 0.253812 0.0981767 0.0180578
0 0.478027 0.560393 0.0799439 0.0100321
0 0.374007 0.0920947 0.0944367 0.0838684
0 0.371669 0.0551766 0.0944367 0.0100321
0 0.275129 0.536918 0.0920991 0.0128411
0 0.676718 0.229535 0.100514 0.029695
0 0.940626 0.905297 0.0850865 0.070626
0 0.933614 0.813202 0.0719963 0.0766453
0 0.0748013 0.889848 0.0504909 0.00521669
0 0.476157 0.556782 0.0659187 0.00601926
0 0.275129 0.0714286 0.0977092 0.00963082
0 0.377279 0.0415329 0.128097 0.0100321
0 0.934549 0.691413 0.0523609 0.00802568
0 0.673913 0.779494 0.0603086 0.0076244
0 0.173913 0.404494 0.0729313 0.00722311
0 0.924264 0.149278 0.0673212 0.046549
0 0.474755 0.705859 0.0986442 0.0232745
0 0.448808 0.206059 0.196353 0.319823
0 0.373539 0.653692 0.0841515 0.0272873
0 0.677419 0.188002 0.0991117 0.0493579
0 0.0750351 0.321027 0.0939691 0.0321027
0 0.177186 0.57183 0.0935016 0.0313002
0 0.0804114 0.720305 0.0888266 0.0794543
0 0.27396 0.134831 0.100047 0.105939
0 0.477793 0.582063 0.0953717 0.0493579
0 0.776531 0.434189 0.0972417 0.0232745
0 0.92777 0.409711 0.0631136 0.0104334
0 0.777934 0.0609952 0.0888266 0.0329053
0 0.931744 0.757825 0.0719963 0.067817
0 0.0724638 0.266453 0.0514259 0.00561798
0 0.272791 0.0690209 0.0986442 0.0361156
0 0.4259 0.306581 0.202899 0.0971108
0 0.577139 0.0539727 0.0771388 0.0108347
0 0.374474 0.489968 0.0794764 0.0232745
0 0.37611 0.302368 0.0724638 0.0076244
0 0.683263 0.672352 0.117345 0.191413
0 0.618981 0.905096 0.400187 0.133628
0 0.774194 0.509029 0.0953717 0.0766453
0 0.779804 0.0495586 0.0822814 0.0100321
0 0.37424 0.926364 0.103319 0.0204655
0 0.375877 0.265048 0.0972417 0.0573836
0 0.373773 0.952648 0.101449 0.0385233
0 0.481767 0.0547753 0.0603086 0.00842697
0 0.774194 0.712881 0.0981767 0.104735
0 0.374942 0.64386 0.0804114 0.00842697
0 0.174381 0.210674 0.0981767 0.0730337
0 0.175783 0.540128 0.0944367 0.0272873
0 0.274427 0.434591 0.100047 0.0248796
0 0.775129 0.637239 0.0981767 0.0481541
0 0.928237 0.51866 0.0631136 0.0204655
0 0.931276 0.703852 0.0626461 0.0329053
0 0.77396 0.457063 0.0967742 0.0264848
0 0.176484 0.561196 0.085554 0.00682183
0 0.775596 0.549559 0.0981767 0.038122
0 0.673913 0.844502 0.087424 0.0276886
0 0.929406 0.374799 0.0729313 0.586677
0 0.0801776 0.539326 0.087424 0.0417335
0 0.275596 0.755618 0.0977092 0.046549
0 0.77583 0.414928 0.0958392 0.0160514
0 0.274194 0.0579856 0.0902291 0.0124398
0 0.934081 0.462881 0.0776064 0.0878812
0 0.0773726 0.398274 0.0453483 0.00601926
0 0.478495 0.254815 0.0603086 0.00642055
0 0.776064 0.393058 0.0972417 0.0236758
0 0.932445 0.783708 0.0743338 0.264045
0 0.574801 0.346709 0.0939691 0.0746388
0 0.926835 0.54695 0.0612436 0.0337079
0 0.925199 0.569623 0.0645161 0.114366
0 0.773726 0.420345 0.0972417 0.0782504
0 0.775362 0.591092 0.0986442 0.0425361
0 0.930108 0.637039 0.0621786 0.0212681
0 0.926134 0.669743 0.0626461 0.0369181
0 0.174381 0.150281 0.0981767 0.0541734
0 0.929173 0.0690209 0.0724638 0.105939
0 0.273259 0.934591 0.0967742 0.0802568
0 0.928939 0.359551 0.0673212 0.111557
0 0.574568 0.690811 0.0972417 0.0349117
0 0.376344 0.325241 0.0963067 0.0549759
0 0.473352 0.922753 0.0967742 0.038122
0 0.477326 0.272271 0.100982 0.0333066
0 0.929874 0.212681 0.0673212 0.167737
0 0.476858 0.321629 0.101917 0.062199
0 0.0776064 0.93138 0.0916316 0.0866774
0 0.673446 0.672151 0.0995792 0.0545746
0 0.774194 0.606942 0.0981767 0.307785
0 0.673913 0.89366 0.0986442 0.117978
0 0.0804114 0.7813 0.0935016 0.0433387
0 0.7777 0.221509 0.0977092 0.122793
0 0.0792426 0.838684 0.0920991 0.0786517
0 0.772557 0.902689 0.0986442 0.0967095
0 0.675316 0.498796 0.101449 0.100321
0 0.676718 0.258427 0.0995792 0.0914928
0 0.374474 0.906501 0.0991117 0.0505618
0 0.672744 0.735554 0.100047 0.0682183
0 0.674381 0.598315 0.100514 0.0890851
0 0.477092 0.413323 0.103319 0.0906902
0 0.673913 0.418339 0.0995792 0.0646067
0 0.176251 0.873194 0.100047 0.185393
0 0.375175 0.177368 0.102384 0.23114
0 0.5741 0.730136 0.0981767 0.113563
0 0.677186 0.128612 0.0995792 0.160915
0 0.376578 0.414526 0.0995792 0.121188
0 0.276297 0.815008 0.0972417 0.164526
0 0.176718 0.599719 0.0991117 0.0702247
0 0.573866 0.896669 0.100514 0.111958
0 0.172744 0.259631 0.0967742 0.272873
0 0.477793 0.148274 0.100982 0.200241
0 0.274661 0.248796 0.0995792 0.345104
0 0.27583 0.561798 0.0981767 0.0361156
0 0.576204 0.57504 0.0967742 0.0922953
0 0.778167 0.329655 0.0986442 0.097512
0 0.0755026 0.328852 0.0930341 0.133628
0 0.477793 0.507023 0.100982 0.0918941
0 0.772557 0.810393 0.0977092 0.0830658
0 0.578074 0.176364 0.0977092 0.258026
0 0.275129 0.482343 0.0986442 0.11878
0 0.575503 0.64687 0.0972417 0.0457464
0 0.677186 0.346509 0.100514 0.0782504
0 0.778635 0.102729 0.0986442 0.11236
0 0.674147 0.802769 0.100047 0.0549759
0 0.474287 0.859551 0.0986442 0.0826645
0 0.473118 0.768058 0.0991117 0.0890851
0 0.577139 0.418539 0.0958392 0.214286
0 0.374942 0.712681 0.0981767 0.145265
0 0.476157 0.640249 0.0986442 0.15931
0 0.0794764 0.640249 0.0935016 0.234751
0 0.174848 0.0846709 0.0991117 0.0698234
0 0.373539 0.833066 0.100982 0.0922953
0 0.573866 0.813604 0.0977092 0.0453451
0 0.0778401 0.456059 0.0892941 0.120787
0 0.0745676 0.157705 0.0967742 0.207865
0 0.375877 0.558387 0.100982 0.1561
0 0.175082 0.478732 0.100514 0.152488
0 0.277934 0.655899 0.0986442 0.146469
0 0.177653 0.710273 0.0981767 0.135634
