0 0.860862 0.855223 0.119261 0.0198325
0 0.371781 0.223887 0.12206 0.0625826
0 0.743281 0.626928 0.114782 0.0110181
0 0.807111 0.540326 0.190929 0.023799
0 0.741321 0.59784 0.0985442 0.0312913
0 0.808231 0.259586 0.166293 0.0546496
0 0.369541 0.0839577 0.119821 0.0797708
0 0.256719 0.563684 0.0442329 0.00705156
0 0.861702 0.735787 0.119821 0.0295284
0 0.860862 0.908991 0.119261 0.0171882
0 0.12262 0.770824 0.116461 0.0255619
0 0.120381 0.562583 0.0895857 0.00837373
0 0.494121 0.147201 0.115901 0.0308506
0 0.861142 0.829 0.117581 0.0290877
0 0.119541 0.806963 0.129339 0.096959
0 0.180291 0.379022 0.217245 0.0334949
0 0.860862 0.889599 0.119261 0.0471573
0 0.860862 0.784046 0.119261 0.0564125
0 0.115342 0.90216 0.134378 0.0819744
0 0.18897 0.232702 0.165174 0.0290877
0 0.495241 0.907228 0.12374 0.0453944
0 0.860862 0.931247 0.118141 0.0202732
0 0.236562 0.15227 0.113662 0.0788894
0 0.804591 0.308726 0.197088 0.0348171
0 0.182531 0.519833 0.225084 0.044513
0 0.12402 0.448215 0.104703 0.0934332
0 0.236562 0.448215 0.110302 0.0951961
0 0.18477 0.325474 0.232923 0.0868224
0 0.121501 0.791758 0.133259 0.293962
0 0.180291 0.412737 0.239642 0.264874
0 0.494121 0.107977 0.120381 0.111062
0 0.168533 0.133319 0.272116 0.244601
0 0.120101 0.724989 0.120381 0.065227
0 0.860582 0.849273 0.119821 0.185104
0 0.121781 0.656236 0.128219 0.0590569
0 0.741601 0.65227 0.118141 0.143676
0 0.12318 0.587043 0.12766 0.0634641
0 0.37318 0.154033 0.12598 0.204055
0 0.24972 0.747466 0.12318 0.372851
0 0.493841 0.848171 0.12318 0.161745
0 0.496081 0.591891 0.120941 0.089026
0 0.739362 0.128911 0.356663 0.147642
0 0.495241 0.494711 0.120381 0.100926
0 0.618981 0.473336 0.121501 0.0625826
0 0.37346 0.895769 0.119821 0.0832966
0 0.803471 0.392904 0.232923 0.324813
0 0.618141 0.327457 0.12206 0.216836
0 0.618421 0.71926 0.12262 0.178933
0 0.862542 0.666373 0.120381 0.168356
0 0.37206 0.766637 0.119261 0.148524
0 0.495521 0.228294 0.12318 0.124284
0 0.618981 0.878581 0.121501 0.119436
0 0.740761 0.777876 0.117581 0.100485
0 0.619261 0.566549 0.119821 0.10974
0 0.3729 0.333627 0.120941 0.137506
0 0.3729 0.476862 0.118701 0.132217
0 0.494961 0.693257 0.119821 0.107536
0 0.494961 0.369546 0.120941 0.148524
0 0.371501 0.617232 0.119261 0.131776
0 0.740761 0.885632 0.116461 0.107096
