0 0.326878 0.906015 0.108644 0.136705
0 0.54582 0.871155 0.106282 0.0205058
0 0.655645 0.440875 0.099197 0.0109364
0 0.658007 0.0452837 0.0973075 0.00854409
0 0.216108 0.514354 0.111006 0.454545
0 0.325224 0.227956 0.106282 0.38756
0 0.215399 0.882604 0.1077 0.186945
0 0.32735 0.0659604 0.1077 0.0457963
0 0.215635 0.434552 0.108172 0.156186
0 0.354747 0.218558 0.12376 0.353725
0 0.437175 0.734108 0.108172 0.0772386
0 0.326405 0.594498 0.108644 0.250513
0 0.54582 0.439166 0.106282 0.0861244
0 0.76854 0.329289 0.106755 0.0146958
0 0.766887 0.942242 0.107227 0.0656186
0 0.327114 0.390977 0.110061 0.681476
0 0.656117 0.965653 0.102976 0.018797
0 0.215635 0.670027 0.109117 0.608681
0 0.106046 0.690704 0.111006 0.568694
0 0.87624 0.281784 0.108644 0.472659
0 0.874114 0.965311 0.104393 0.0181135
0 0.657062 0.0663021 0.108644 0.050581
0 0.434813 0.223342 0.108172 0.361928
0 0.548181 0.864149 0.108172 0.0393028
0 0.766415 0.915072 0.105338 0.0338346
0 0.214927 0.156015 0.1077 0.225222
0 0.326405 0.851162 0.109589 0.25393
0 0.657062 0.108852 0.1077 0.0269993
0 0.875531 0.786227 0.106282 0.325017
0 0.436939 0.922249 0.1077 0.020164
0 0.547 0.965995 0.106755 0.020164
0 0.546764 0.62218 0.106282 0.0311005
0 0.547 0.575871 0.1077 0.0526316
0 0.876004 0.540328 0.104393 0.0287081
0 0.657062 0.935919 0.1077 0.031784
0 0.65777 0.401059 0.106282 0.0604921
0 0.65777 0.54836 0.107227 0.0652768
0 0.103448 0.21702 0.110534 0.355434
0 0.656353 0.876453 0.107227 0.0727956
0 0.216108 0.309296 0.109117 0.0833903
0 0.657062 0.162338 0.108644 0.0676692
0 0.766651 0.288961 0.106755 0.0550239
0 0.436467 0.805707 0.1077 0.0352016
0 0.436703 0.956083 0.107227 0.0386193
0 0.765942 0.957109 0.105338 0.0372522
0 0.547 0.396275 0.109589 0.0652768
0 0.436939 0.846206 0.106755 0.0355434
0 0.436467 0.88756 0.108644 0.037594
0 0.767123 0.724539 0.106755 0.0519481
0 0.657534 0.47471 0.1077 0.0758715
0 0.435994 0.485475 0.108644 0.141832
0 0.767359 0.118934 0.108172 0.154477
0 0.436467 0.598599 0.108644 0.0721121
0 0.659424 0.709672 0.108644 0.24231
0 0.767596 0.52512 0.106755 0.1473
0 0.657298 0.326213 0.106282 0.0782638
0 0.767359 0.38363 0.106282 0.126111
0 0.436231 0.764012 0.110061 0.0399863
0 0.546764 0.458988 0.109117 0.0485304
0 0.545583 0.740431 0.106755 0.19378
0 0.435994 0.663876 0.108644 0.0516063
0 0.547709 0.920027 0.107227 0.0615174
0 0.657534 0.241114 0.1077 0.0796309
0 0.767359 0.861073 0.107227 0.0659604
0 0.435994 0.717362 0.108644 0.0430622
0 0.768068 0.788448 0.1077 0.0704033
0 0.547473 0.198906 0.108644 0.10458
0 0.876476 0.587662 0.103448 0.0598086
0 0.767596 0.228982 0.1077 0.0553657
0 0.546056 0.0909091 0.109589 0.0997949
0 0.767596 0.649863 0.1077 0.0898838
0 0.546764 0.518284 0.108172 0.056391
0 0.546764 0.305195 0.108172 0.0984279
