0 0.0890444 0.0846963 0.116313 0.0611371
0 0.880068 0.58528 0.0477799 0.0996885
0 0.257963 0.0965732 0.189672 0.0264798
0 0.265203 0.226636 0.20029 0.0249221
0 0.0962838 0.403232 0.0970077 0.0455607
0 0.097249 0.491628 0.102799 0.0377726
0 0.766892 0.251168 0.289575 0.113707
0 0.0967664 0.19704 0.114382 0.0319315
0 0.872104 0.834307 0.109073 0.036215
0 0.0974903 0.27979 0.108108 0.0183022
0 0.0994209 0.925039 0.102317 0.0408879
0 0.0974903 0.165693 0.1139 0.019081
0 0.0950772 0.226051 0.107143 0.0167445
0 0.771477 0.156153 0.0719112 0.067757
0 0.0970077 0.627726 0.0772201 0.0116822
0 0.771718 0.704439 0.256757 0.135514
0 0.868243 0.150506 0.0936293 0.0626947
0 0.843147 0.524338 0.119691 0.0097352
0 0.0970077 0.649533 0.103282 0.0140187
0 0.76472 0.084891 0.285232 0.0280374
0 0.0962838 0.252921 0.113417 0.0253115
0 0.769305 0.372858 0.292471 0.0580218
0 0.0977317 0.861371 0.100869 0.0288162
0 0.660473 0.749416 0.078668 0.0268692
0 0.7611 0.580413 0.277027 0.103972
0 0.805502 0.665109 0.19112 0.0599688
0 0.818533 0.476246 0.168919 0.0638629
0 0.101351 0.814836 0.0888031 0.0603583
0 0.656612 0.707749 0.082529 0.0455607
0 0.714768 0.148364 0.180502 0.0817757
0 0.0977317 0.683217 0.10666 0.0806075
0 0.32167 0.0646417 0.552606 0.0280374
0 0.097973 0.596963 0.110039 0.0739875
0 0.0936293 0.184385 0.116795 0.209112
0 0.0960425 0.53271 0.106178 0.0366044
0 0.0965251 0.492017 0.108108 0.118769
0 0.755068 0.59891 0.308398 0.343458
0 0.097973 0.864875 0.104247 0.163551
0 0.208012 0.67134 0.107143 0.0428349
0 0.873552 0.797897 0.106178 0.0342679
0 0.0948359 0.362344 0.114382 0.127336
0 0.264479 0.159657 0.203668 0.152648
0 0.874276 0.880841 0.108591 0.125389
0 0.0970077 0.753894 0.106178 0.0459502
0 0.208494 0.330218 0.107143 0.186916
0 0.207288 0.755062 0.10666 0.124611
0 0.427848 0.100273 0.107625 0.0338785
0 0.765685 0.234618 0.304537 0.340732
0 0.764479 0.808022 0.107143 0.0521807
0 0.428813 0.915888 0.109556 0.0576324
0 0.208253 0.537967 0.107625 0.220016
0 0.428089 0.833333 0.108108 0.103583
0 0.652751 0.824572 0.113417 0.0915109
0 0.540058 0.600857 0.110039 0.152648
0 0.318292 0.311526 0.108591 0.138629
0 0.764479 0.890382 0.108108 0.107087
0 0.428571 0.680101 0.109073 0.195872
0 0.54223 0.123637 0.112452 0.0806075
0 0.427606 0.505452 0.109073 0.133956
0 0.541023 0.196067 0.111004 0.0595794
0 0.429054 0.226636 0.108108 0.212617
0 0.654199 0.908489 0.111486 0.0708723
0 0.316844 0.445093 0.107625 0.123832
0 0.428813 0.385903 0.108591 0.103583
0 0.318292 0.882399 0.108591 0.124611
0 0.317809 0.74007 0.108591 0.160826
0 0.540058 0.901674 0.110039 0.0845016
0 0.540058 0.766939 0.109073 0.175623
0 0.539334 0.46729 0.108591 0.11215
0 0.207529 0.881425 0.108108 0.126558
0 0.539575 0.316978 0.108108 0.175234
0 0.31805 0.583917 0.108108 0.145249
