0 0.213002 0.746709 0.118035 0.00976645
0 0.46435 0.318896 0.0515279 0.00679405
0 0.609946 0.752442 0.122229 0.036518
0 0.342421 0.456263 0.12882 0.0505308
0 0.874476 0.795541 0.130018 0.0343949
0 0.673457 0.30552 0.216896 0.0564756
0 0.668364 0.351168 0.231875 0.0135881
0 0.213601 0.899788 0.127621 0.0467091
0 0.213301 0.810616 0.105452 0.00934183
0 0.344817 0.556263 0.11444 0.0178344
0 0.47843 0.539703 0.126423 0.0110403
0 0.0820851 0.789597 0.124626 0.0259023
0 0.743859 0.870488 0.110845 0.0203822
0 0.214799 0.722081 0.119233 0.0089172
0 0.0817855 0.405732 0.115638 0.00976645
0 0.317855 0.0732484 0.167166 0.0326964
0 0.892451 0.0409766 0.0724985 0.0089172
0 0.344817 0.747558 0.12882 0.0191083
0 0.0838826 0.381741 0.125824 0.026327
0 0.874476 0.621231 0.0880767 0.00849257
0 0.84272 0.734395 0.0569203 0.05138
0 0.477531 0.607431 0.0898742 0.0089172
0 0.0817855 0.779193 0.126423 0.369427
0 0.863691 0.0740977 0.131216 0.0309979
0 0.344218 0.495966 0.108448 0.00934183
0 0.875075 0.690446 0.122828 0.0186837
0 0.0805872 0.566879 0.120431 0.029724
0 0.86429 0.150955 0.146794 0.0904459
0 0.481726 0.553291 0.0898742 0.0059448
0 0.875674 0.824841 0.126423 0.0131635
0 0.212403 0.865393 0.12882 0.0271762
0 0.460755 0.693631 0.0994608 0.0394904
0 0.344817 0.576645 0.113241 0.00934183
0 0.874775 0.854989 0.116237 0.0318471
0 0.611144 0.789172 0.115039 0.014862
0 0.215998 0.408705 0.0760935 0.00721868
0 0.572199 0.698089 0.220491 0.190234
0 0.608149 0.47431 0.116237 0.0305732
0 0.344817 0.872187 0.126423 0.109554
0 0.608448 0.444798 0.115638 0.0191083
0 0.480827 0.18811 0.052127 0.0212314
0 0.0832834 0.405732 0.0575195 0.00552017
0 0.345117 0.829512 0.124626 0.0216561
0 0.0817855 0.481529 0.130018 0.128238
0 0.478131 0.756688 0.133014 0.0815287
0 0.743559 0.683652 0.116237 0.0212314
0 0.215698 0.226964 0.0551228 0.00636943
0 0.611744 0.594692 0.122229 0.0165605
0 0.857999 0.226327 0.161774 0.257325
0 0.579389 0.533333 0.0587178 0.0832272
0 0.213002 0.825902 0.126423 0.0416136
0 0.662672 0.0734607 0.174955 0.0305732
0 0.610845 0.493631 0.124026 0.221231
0 0.644398 0.535456 0.059317 0.0840764
0 0.609047 0.409766 0.124026 0.092569
0 0.346016 0.862633 0.12163 0.0250531
0 0.0826842 0.823779 0.121031 0.0399151
0 0.2142 0.531635 0.126423 0.0186837
0 0.475434 0.33673 0.0653086 0.0382166
0 0.344817 0.238641 0.127621 0.0305732
0 0.724386 0.254565 0.117436 0.0462845
0 0.213301 0.732696 0.12822 0.0326964
0 0.346914 0.897452 0.125824 0.0335456
0 0.342421 0.9431 0.115638 0.0305732
0 0.0814859 0.240552 0.113841 0.0343949
0 0.0829838 0.867091 0.125225 0.0390658
0 0.740863 0.652866 0.12882 0.0751592
0 0.0823847 0.430786 0.131216 0.0581741
0 0.47843 0.581529 0.126423 0.044586
0 0.0817855 0.762208 0.127621 0.0781316
0 0.346615 0.281529 0.130018 0.0492569
0 0.479629 0.67431 0.13601 0.243737
0 0.673457 0.21741 0.231276 0.25138
0 0.611144 0.647346 0.100659 0.0675159
0 0.0832834 0.286624 0.127022 0.0382166
0 0.47873 0.512739 0.133014 0.0649682
0 0.2145 0.489809 0.12822 0.0573248
0 0.083583 0.907431 0.126423 0.0348195
0 0.0844817 0.945223 0.125824 0.0356688
0 0.0817855 0.528025 0.131216 0.0403397
0 0.612043 0.743949 0.122828 0.112102
0 0.477531 0.13121 0.130617 0.0713376
0 0.0814859 0.484713 0.130617 0.0403397
0 0.744757 0.880892 0.115039 0.155839
0 0.212702 0.762208 0.127022 0.0772824
0 0.0814859 0.678981 0.118634 0.0823779
0 0.213301 0.590658 0.125824 0.0713376
0 0.0823847 0.593843 0.12882 0.0802548
0 0.214799 0.25414 0.130018 0.0522293
0 0.2145 0.428238 0.125824 0.0471338
0 0.214799 0.884926 0.131216 0.156263
0 0.740863 0.7431 0.126423 0.0840764
0 0.479029 0.391083 0.113241 0.152017
0 0.212403 0.671762 0.12882 0.0789809
0 0.806771 0.488747 0.229479 0.203822
0 0.344817 0.528238 0.116836 0.0747346
0 0.345117 0.802123 0.129419 0.0772824
0 0.477531 0.0740977 0.12822 0.0386412
0 0.875075 0.768153 0.130018 0.122293
0 0.0829838 0.353928 0.130018 0.081104
0 0.344817 0.719958 0.130018 0.0768578
0 0.874176 0.899363 0.123427 0.118896
0 0.345117 0.395966 0.130617 0.171975
0 0.743559 0.828662 0.109047 0.0573248
0 0.610246 0.884289 0.12163 0.140552
0 0.47873 0.237792 0.129419 0.123142
0 0.2145 0.13673 0.37867 0.163907
0 0.875674 0.659236 0.131216 0.0836518
0 0.344817 0.625902 0.130018 0.104459
0 0.474536 0.879405 0.119832 0.16051
0 0.2142 0.339915 0.126423 0.113376
