0 0.127364 0.814617 0.129433 0.0516934
0 0.516253 0.49844 0.128251 0.021836
0 0.64539 0.612522 0.120567 0.0432264
0 0.644504 0.850713 0.108156 0.0222816
0 0.143322 0.136586 0.11052 0.0102496
0 0.89805 0.135472 0.106974 0.00802139
0 0.125 0.444519 0.0856974 0.0111408
0 0.515957 0.153743 0.0650118 0.00534759
0 0.518322 0.423351 0.126478 0.0641711
0 0.51773 0.72705 0.12766 0.125223
0 0.775709 0.376783 0.124704 0.0779857
0 0.389184 0.342469 0.12234 0.0583779
0 0.12766 0.798128 0.128842 0.0249554
0 0.64805 0.625 0.105792 0.0209447
0 0.871158 0.260472 0.202128 0.225936
0 0.128546 0.206105 0.128251 0.0164884
0 0.775414 0.381239 0.12766 0.32754
0 0.646868 0.450535 0.125887 0.0926916
0 0.127364 0.828209 0.130615 0.0298574
0 0.645686 0.475936 0.125887 0.327986
0 0.775709 0.455437 0.121158 0.0427807
0 0.25857 0.685383 0.123522 0.0338681
0 0.7763 0.281417 0.125887 0.25713
0 0.127364 0.88213 0.128251 0.0343137
0 0.258865 0.652184 0.124113 0.0316399
0 0.646572 0.252897 0.126478 0.0414439
0 0.518617 0.506239 0.127069 0.0356506
0 0.517435 0.298797 0.123522 0.0307487
0 0.127955 0.85361 0.132979 0.0191622
0 0.518322 0.455214 0.12766 0.128788
0 0.776005 0.288102 0.122931 0.0423351
0 0.259161 0.549688 0.128251 0.166221
0 0.518322 0.596925 0.125296 0.0681818
0 0.646277 0.572192 0.124704 0.0213904
0 0.645686 0.529857 0.125887 0.0508021
0 0.517139 0.265152 0.121749 0.026738
0 0.130615 0.168004 0.120567 0.0338681
0 0.389775 0.33623 0.12234 0.0325312
0 0.518322 0.549465 0.121749 0.0311943
0 0.259752 0.309492 0.124704 0.296346
0 0.128546 0.757576 0.124704 0.0249554
0 0.777778 0.939617 0.125296 0.0441176
0 0.262116 0.374554 0.124704 0.0726381
0 0.38948 0.366979 0.120567 0.0227273
0 0.259161 0.606729 0.124704 0.0530303
0 0.519208 0.816176 0.128251 0.0530303
0 0.518913 0.645945 0.122931 0.0254011
0 0.258274 0.523396 0.124113 0.0316399
0 0.778369 0.75713 0.12766 0.420677
0 0.644208 0.153075 0.0591017 0.00757576
0 0.388593 0.82197 0.127069 0.0557041
0 0.123227 0.442736 0.11052 0.00668449
0 0.257683 0.204323 0.126478 0.108289
0 0.7763 0.347371 0.125887 0.134135
0 0.647163 0.484848 0.125296 0.0650624
0 0.388593 0.532086 0.12234 0.291444
0 0.776596 0.305704 0.115839 0.0106952
0 0.258274 0.559938 0.124113 0.0369875
0 0.259456 0.302362 0.122931 0.0583779
0 0.127364 0.573752 0.131797 0.0699643
0 0.517139 0.197193 0.122931 0.0958111
0 0.645981 0.594251 0.125296 0.0824421
0 0.777482 0.467246 0.11643 0.0209447
0 0.127955 0.687611 0.129433 0.057041
0 0.775118 0.153298 0.0667849 0.00623886
0 0.127364 0.772504 0.130615 0.11631
0 0.517139 0.355615 0.122931 0.0641711
0 0.128546 0.643048 0.128251 0.0632799
0 0.646277 0.518717 0.125887 0.106952
0 0.390071 0.330437 0.12766 0.103832
0 0.778073 0.932487 0.125887 0.0254011
0 0.51773 0.785428 0.126478 0.0628342
0 0.127955 0.153743 0.037234 0.00713012
0 0.388593 0.209893 0.125887 0.109626
0 0.130615 0.199198 0.125296 0.030303
0 0.904255 0.153966 0.115839 0.00846702
0 0.128842 0.765374 0.130024 0.0592692
0 0.128546 0.731283 0.129433 0.0196078
0 0.775709 0.439171 0.123522 0.0530303
0 0.904846 0.685829 0.124113 0.083779
0 0.12766 0.170232 0.120567 0.0187166
0 0.646868 0.74844 0.128251 0.225936
0 0.125 0.443627 0.071513 0.00668449
0 0.518913 0.682932 0.126478 0.0467914
0 0.51773 0.608734 0.126478 0.440285
0 0.25857 0.439617 0.123522 0.0414439
0 0.128251 0.182264 0.12766 0.0659537
0 0.7763 0.39082 0.124704 0.0418895
0 0.506797 0.0797683 0.833924 0.114082
0 0.776005 0.33467 0.124113 0.07041
0 0.776596 0.50557 0.122931 0.0735294
0 0.123227 0.420677 0.117612 0.0222816
0 0.64805 0.543672 0.127069 0.188057
0 0.777778 0.956774 0.126478 0.0187166
0 0.646868 0.42803 0.125887 0.0405526
0 0.389184 0.955214 0.128251 0.0191622
0 0.904551 0.319073 0.127069 0.171123
0 0.390071 0.262255 0.125296 0.227718
0 0.516844 0.509135 0.128251 0.233066
0 0.127364 0.813057 0.131797 0.102941
0 0.519208 0.729501 0.127069 0.040107
0 0.777482 0.224599 0.125887 0.14795
0 0.648345 0.797906 0.125296 0.127897
0 0.518026 0.692513 0.124704 0.117647
0 0.648345 0.686943 0.124113 0.0877897
0 0.778369 0.840241 0.128842 0.183155
0 0.257979 0.504679 0.124704 0.0717469
0 0.518617 0.270053 0.127069 0.237077
0 0.517139 0.77139 0.126478 0.0383244
0 0.516253 0.807709 0.123522 0.0298574
0 0.257979 0.58623 0.125887 0.0895722
0 0.901891 0.196524 0.0886525 0.0659537
0 0.906619 0.799688 0.125296 0.0262923
0 0.7763 0.480169 0.121158 0.134135
0 0.780437 0.647282 0.121158 0.198307
0 0.907801 0.758467 0.0921986 0.0392157
0 0.647163 0.34336 0.128842 0.126114
0 0.38948 0.899064 0.126478 0.0913547
0 0.38948 0.459447 0.117021 0.14795
0 0.12766 0.31172 0.128842 0.191176
0 0.260638 0.669563 0.125296 0.0681818
0 0.260047 0.400178 0.126478 0.122103
0 0.127069 0.530526 0.132388 0.164439
0 0.906324 0.704991 0.12234 0.0454545
0 0.906324 0.656863 0.121158 0.0481283
0 0.261525 0.24443 0.127069 0.18672
0 0.908097 0.843583 0.127069 0.0561497
0 0.908688 0.920009 0.130615 0.0913547
0 0.647459 0.211898 0.127069 0.12344
0 0.387411 0.762032 0.128251 0.168449
0 0.905437 0.611185 0.120567 0.0387701
0 0.389775 0.605838 0.127069 0.140374
0 0.906028 0.546791 0.120567 0.0846702
0 0.12766 0.917112 0.130024 0.0998217
0 0.518026 0.860071 0.128251 0.0668449
0 0.12766 0.666889 0.131206 0.104724
0 0.904846 0.449643 0.125296 0.0918004
0 0.258274 0.744875 0.125296 0.0735294
0 0.519208 0.930036 0.128251 0.07041
0 0.258274 0.823084 0.125296 0.0784314
0 0.647754 0.915553 0.126478 0.0984849
0 0.258274 0.915775 0.126478 0.101604
