0 0.748276 0.434994 0.123372 0.0990836
0 0.746743 0.512457 0.121839 0.053551
0 0.747318 0.603236 0.124521 0.042669
0 0.871456 0.420103 0.119157 0.0721649
0 0.120307 0.460052 0.114176 0.116552
0 0.544828 0.0518328 0.834483 0.0933562
0 0.868199 0.111827 0.0475096 0.00945017
0 0.623946 0.613688 0.119157 0.013173
0 0.761303 0.223225 0.0996169 0.0357961
0 0.746552 0.561856 0.12069 0.0395189
0 0.109195 0.108677 0.0720306 0.00773196
0 0.758621 0.287657 0.0965517 0.0690149
0 0.371264 0.749857 0.12567 0.181271
0 0.542529 0.0642898 0.106513 0.0541237
0 0.119157 0.562715 0.0766283 0.00801833
0 0.863218 0.247279 0.130268 0.245991
0 0.118966 0.427262 0.107663 0.0252005
0 0.829502 0.509021 0.217625 0.252291
0 0.495594 0.507159 0.12069 0.0836197
0 0.496169 0.830756 0.123372 0.0578465
0 0.871839 0.293099 0.10613 0.0684422
0 0.90249 0.292239 0.0494253 0.0735968
0 0.620881 0.702892 0.12069 0.0209049
0 0.120307 0.465349 0.103448 0.0292096
0 0.873946 0.634307 0.122605 0.0269187
0 0.12069 0.565149 0.0842912 0.0083047
0 0.121456 0.495275 0.115709 0.0151775
0 0.120307 0.448597 0.111877 0.0655785
0 0.118391 0.404639 0.0804598 0.00859107
0 0.87318 0.942297 0.11954 0.0438144
0 0.846935 0.291237 0.0532567 0.0555556
0 0.873372 0.203608 0.113793 0.0922108
0 0.180077 0.383018 0.226054 0.0203322
0 0.179119 0.266753 0.0708812 0.00887743
0 0.372605 0.78866 0.122989 0.106529
0 0.372605 0.698167 0.122222 0.0744559
0 0.622222 0.665092 0.123372 0.097079
0 0.622031 0.583477 0.122222 0.0609966
0 0.175671 0.189719 0.191954 0.10567
0 0.497318 0.664376 0.124138 0.392325
0 0.872414 0.848654 0.123372 0.132589
0 0.119157 0.603093 0.11954 0.0876289
0 0.170498 0.888602 0.206897 0.156357
0 0.812644 0.246277 0.229119 0.258305
0 0.873563 0.51575 0.124138 0.261741
0 0.74751 0.808276 0.124138 0.335338
0 0.49751 0.433562 0.121456 0.0504009
0 0.748276 0.505727 0.124138 0.238259
0 0.119923 0.530785 0.120307 0.042669
0 0.17931 0.32417 0.239847 0.0859107
0 0.11954 0.777778 0.118774 0.0332188
0 0.371456 0.274771 0.125287 0.301546
0 0.246552 0.565435 0.125287 0.331329
0 0.371648 0.543671 0.122605 0.20819
0 0.499042 0.258591 0.119157 0.271478
0 0.622605 0.219215 0.122605 0.191581
0 0.62318 0.430556 0.122222 0.217354
0 0.12069 0.701317 0.120307 0.091638
0 0.497893 0.921964 0.122222 0.10567
0 0.370307 0.916523 0.125287 0.119989
0 0.245977 0.766323 0.124904 0.0601375
0 0.622414 0.92268 0.122989 0.104238
0 0.622222 0.794817 0.123372 0.132589
0 0.87433 0.712772 0.124904 0.111684
