0 0.3 0.200832 0.0955166 0.0124777
0 0.102144 0.0702614 0.0966862 0.0115865
0 0.397661 0.856506 0.0966862 0.0172311
0 0.843665 0.402555 0.180117 0.0178253
0 0.919298 0.105318 0.0436647 0.0163399
0 0.194932 0.710784 0.0327485 0.00683304
0 0.84347 0.143939 0.2 0.118538
0 0.39883 0.0674391 0.0553606 0.00534759
0 0.395517 0.464646 0.100975 0.0689245
0 0.393957 0.732769 0.0962963 0.246881
0 0.848343 0.216429 0.190253 0.0240642
0 0.296881 0.653595 0.100195 0.09388
0 0.895322 0.364825 0.097076 0.036839
0 0.396881 0.213755 0.0966862 0.0151515
0 0.100975 0.247326 0.0990253 0.167855
0 0.594542 0.462121 0.0982456 0.07041
0 0.496881 0.278818 0.097076 0.0377302
0 0.844834 0.287582 0.20117 0.105169
0 0.809552 0.362151 0.123587 0.0421866
0 0.890058 0.86022 0.102924 0.144088
0 0.840156 0.80719 0.185575 0.243018
0 0.104678 0.660576 0.0978558 0.0793226
0 0.146589 0.711824 0.131774 0.00950683
0 0.915205 0.119578 0.0510721 0.0448604
0 0.498441 0.83675 0.100975 0.151812
0 0.39883 0.876708 0.0966862 0.020202
0 0.395712 0.703506 0.0974659 0.0213904
0 0.495712 0.248515 0.0955166 0.0359477
0 0.396686 0.318033 0.0978558 0.016934
0 0.153411 0.887106 0.177388 0.0635769
0 0.297076 0.261884 0.0966862 0.105466
0 0.397271 0.777184 0.0974659 0.0196078
0 0.298441 0.0702614 0.0861598 0.00920974
0 0.844444 0.505645 0.196491 0.108734
0 0.590253 0.22549 0.0888889 0.00950683
0 0.891033 0.928699 0.0939571 0.010101
0 0.594932 0.343731 0.0998051 0.010101
0 0.687135 0.321004 0.0775828 0.0294118
0 0.787329 0.0965538 0.0752437 0.0077243
0 0.700975 0.077243 0.475634 0.0225787
0 0.595127 0.323232 0.0955166 0.036839
0 0.598635 0.575906 0.282651 0.0323826
0 0.495712 0.323826 0.097076 0.0392157
0 0.495322 0.547683 0.0931774 0.016934
0 0.594737 0.387403 0.0939571 0.0665478
0 0.497466 0.833333 0.0974659 0.0409982
0 0.497856 0.873886 0.0974659 0.0365419
0 0.0990253 0.0831848 0.0998051 0.0386215
0 0.819688 0.118093 0.136842 0.050208
0 0.691033 0.277184 0.088499 0.0986334
0 0.594737 0.28164 0.0900585 0.103387
0 0.497076 0.285354 0.094347 0.120321
0 0.154581 0.837938 0.166472 0.0365419
0 0.891423 0.9082 0.0962963 0.0516934
0 0.1 0.322935 0.0986355 0.0338681
0 0.890058 0.86839 0.0912281 0.0231729
0 0.596101 0.446673 0.0982456 0.213607
0 0.10039 0.288622 0.0994152 0.0300059
0 0.299415 0.930927 0.0896686 0.00920974
0 0.646394 0.654932 0.152827 0.0674391
0 0.497661 0.914587 0.0986355 0.0407011
0 0.0992203 0.157903 0.0994152 0.107843
0 0.594152 0.530452 0.0974659 0.0496138
0 0.100195 0.24183 0.0982456 0.0516934
0 0.496881 0.701129 0.100975 0.190137
0 0.695517 0.529857 0.0990253 0.0519905
0 0.84191 0.814914 0.191423 0.0659537
0 0.696296 0.424688 0.0974659 0.151218
0 0.847563 0.193702 0.198051 0.0778372
0 0.151657 0.816548 0.186355 0.219548
0 0.395906 0.620915 0.0986355 0.0207962
0 0.296686 0.454694 0.0966862 0.461973
0 0.395712 0.333482 0.0974659 0.0513963
0 0.841715 0.707368 0.192593 0.130719
0 0.397466 0.912953 0.097076 0.0451575
0 0.495712 0.531343 0.0962963 0.053773
0 0.794542 0.895573 0.0951267 0.0781343
0 0.30039 0.0912062 0.0994152 0.050505
0 0.846004 0.431818 0.198051 0.394831
0 0.595712 0.142454 0.297076 0.155377
0 0.396686 0.827689 0.0986355 0.118835
0 0.395322 0.443405 0.0974659 0.0175282
0 0.298441 0.138295 0.100195 0.0359477
0 0.396686 0.240493 0.0962963 0.033571
0 0.298441 0.183155 0.0986355 0.0460487
0 0.394542 0.741384 0.0990253 0.0466429
0 0.395322 0.465983 0.0990253 0.0228758
0 0.397076 0.18776 0.0962963 0.0659537
0 0.198246 0.439988 0.0978558 0.353535
0 0.0994152 0.524658 0.0966862 0.3571
0 0.395517 0.490939 0.0994152 0.0216875
0 0.396491 0.379531 0.0966862 0.0288176
0 0.396101 0.414141 0.0966862 0.0344623
0 0.396881 0.1071 0.0959064 0.0858586
0 0.646004 0.824124 0.196491 0.211527
0 0.844055 0.598336 0.197271 0.0713012
0 0.396686 0.284017 0.0962963 0.0439691
0 0.495322 0.424837 0.0978558 0.152109
0 0.296686 0.811794 0.0966862 0.220737
0 0.394347 0.673945 0.0978558 0.0787285
0 0.2 0.663102 0.08577 0.0802139
0 0.393762 0.556595 0.0998051 0.104872
0 0.199025 0.163696 0.0962963 0.196078
