0 0.232411 0.730283 0.107715 0.0818452
0 0.231926 0.0427827 0.0776322 0.00744048
0 0.233382 0.21224 0.109656 0.106027
0 0.345949 0.328869 0.107715 0.0245536
0 0.122999 0.158854 0.10917 0.0684524
0 0.677826 0.903646 0.106744 0.0424107
0 0.122756 0.141369 0.107715 0.0342262
0 0.564047 0.180618 0.10723 0.0279018
0 0.564532 0.107329 0.10917 0.015997
0 0.787482 0.27474 0.107715 0.199033
0 0.121058 0.257068 0.10917 0.077381
0 0.677341 0.93564 0.108685 0.0394345
0 0.345949 0.906064 0.108685 0.0703125
0 0.234595 0.226004 0.1082 0.0457589
0 0.676613 0.0455729 0.0878214 0.0063244
0 0.399321 0.0758929 0.213489 0.0558036
0 0.232897 0.783854 0.107715 0.0126488
0 0.232169 0.691592 0.0742358 0.00669643
0 0.239689 0.18843 0.0533721 0.00483631
0 0.899078 0.159226 0.109656 0.0855655
0 0.454876 0.758557 0.1082 0.120536
0 0.677341 0.866257 0.106744 0.0435268
0 0.1213 0.234375 0.108685 0.0245536
0 0.12033 0.419271 0.108685 0.0186012
0 0.344008 0.332403 0.108685 0.0137649
0 0.898836 0.184524 0.1082 0.03125
0 0.232411 0.328311 0.108685 0.0814732
0 0.120573 0.381324 0.110141 0.0208333
0 0.12033 0.388579 0.112567 0.213914
0 0.11936 0.454799 0.110626 0.0680804
0 0.899078 0.501674 0.109656 0.047247
0 0.564289 0.133371 0.108685 0.0665923
0 0.394954 0.0427827 0.0708394 0.00446429
0 0.39835 0.0444568 0.0863658 0.00706845
0 0.121543 0.127418 0.0499757 0.00483631
0 0.455119 0.46689 0.108685 0.0401786
0 0.234595 0.293155 0.10723 0.0543155
0 0.232897 0.768601 0.107715 0.0133929
0 0.232897 0.691406 0.055313 0.00483631
0 0.56623 0.793155 0.107715 0.0275298
0 0.564532 0.207961 0.1082 0.0811012
0 0.120573 0.450707 0.1082 0.0368304
0 0.456574 0.949591 0.104803 0.0122768
0 0.565017 0.0455729 0.0887918 0.0063244
0 0.231684 0.774182 0.10917 0.0252976
0 0.455361 0.929129 0.106259 0.0331101
0 0.677826 0.9016 0.106744 0.0219494
0 0.78821 0.338914 0.10917 0.109375
0 0.786997 0.252604 0.107715 0.0654762
0 0.23411 0.15067 0.10917 0.046875
0 0.898593 0.140253 0.109656 0.0535714
0 0.231926 0.810082 0.106744 0.0405506
0 0.232654 0.617374 0.112082 0.112723
0 0.896895 0.828311 0.1082 0.197545
0 0.787967 0.194196 0.107715 0.0438988
0 0.453178 0.224144 0.107715 0.046503
0 0.235808 0.077567 0.106744 0.077753
0 0.121058 0.21317 0.110141 0.166667
0 0.785298 0.0450149 0.0684134 0.00520833
0 0.231684 0.40346 0.10917 0.0926339
0 0.120573 0.352493 0.110141 0.110491
0 0.232897 0.0424107 0.0572538 0.00595238
0 0.120573 0.481213 0.1082 0.0204613
0 0.453663 0.274368 0.106744 0.0524554
0 0.232654 0.840588 0.0664726 0.00558036
0 0.344493 0.226004 0.106744 0.0517113
0 0.676856 0.0991443 0.108685 0.0442708
0 0.345706 0.34561 0.110141 0.0892857
0 0.34425 0.311756 0.10917 0.0238095
0 0.120087 0.684338 0.10723 0.0643601
0 0.454634 0.681362 0.105774 0.0264137
0 0.453663 0.637463 0.106744 0.0494792
0 0.677099 0.395647 0.10917 0.114211
0 0.122271 0.312686 0.110626 0.367932
0 0.23411 0.0645461 0.105289 0.0331101
0 0.346191 0.84654 0.106259 0.0435268
0 0.34425 0.27474 0.10723 0.0412946
0 0.235323 0.307292 0.107715 0.0431548
0 0.678554 0.357329 0.10723 0.0487351
0 0.233382 0.213914 0.108685 0.0372024
0 0.120815 0.510231 0.108685 0.0331101
0 0.78821 0.565662 0.10917 0.0435268
0 0.455847 0.899368 0.1082 0.109747
0 0.679039 0.31157 0.106259 0.0338542
0 0.56623 0.403646 0.108685 0.0238095
0 0.678312 0.41276 0.108685 0.062872
0 0.78918 0.31157 0.1082 0.046503
0 0.232654 0.239211 0.10723 0.0803571
0 0.899321 0.226004 0.112082 0.181176
0 0.23411 0.0989583 0.10723 0.0334821
0 0.234837 0.174479 0.106744 0.0334821
0 0.897865 0.946243 0.102377 0.0174851
0 0.676613 0.206845 0.104318 0.177083
0 0.678069 0.0587798 0.10917 0.03125
0 0.23411 0.759487 0.10917 0.138765
0 0.233139 0.257254 0.10917 0.0479911
0 0.5672 0.28311 0.110626 0.212798
0 0.78918 0.366257 0.110141 0.0576637
0 0.121543 0.666853 0.105289 0.0241815
0 0.232897 0.359189 0.109656 0.062128
0 0.787724 0.229539 0.1082 0.113095
0 0.56623 0.104911 0.108685 0.123512
0 0.897623 0.876116 0.104803 0.110119
0 0.565987 0.739769 0.110141 0.0740327
0 0.454876 0.926525 0.1082 0.0576637
0 0.346191 0.247396 0.110141 0.0959821
0 0.564532 0.520647 0.110141 0.077753
0 0.1213 0.698847 0.108685 0.0345982
0 0.454148 0.655134 0.108685 0.0825893
0 0.232654 0.858073 0.10917 0.0457589
0 0.121543 0.546875 0.10917 0.0394345
0 0.569384 0.870536 0.105289 0.170387
0 0.232654 0.922433 0.10723 0.0695685
0 0.454634 0.870908 0.108685 0.0513393
0 0.121543 0.923921 0.111111 0.0665923
0 0.233867 0.137277 0.106744 0.0357143
0 0.126395 0.0723586 0.100437 0.0807292
0 0.344493 0.320312 0.107715 0.0394345
0 0.787482 0.669643 0.110626 0.151042
0 0.676613 0.89974 0.1082 0.111979
0 0.121786 0.84933 0.109656 0.0758929
0 0.120815 0.589658 0.109656 0.0379464
0 0.786997 0.107701 0.108685 0.125372
0 0.89835 0.770089 0.10723 0.0959821
0 0.564774 0.633929 0.107715 0.144345
0 0.121543 0.738839 0.1082 0.0364583
0 0.34425 0.368118 0.10723 0.0442708
0 0.788695 0.472656 0.110141 0.141741
0 0.34425 0.892857 0.1082 0.129464
0 0.56623 0.449777 0.108685 0.0587798
0 0.344493 0.418899 0.108685 0.0416667
0 0.455604 0.445312 0.108685 0.0825893
0 0.121543 0.785528 0.10917 0.0502232
0 0.232654 0.502046 0.10917 0.0643601
0 0.345706 0.511533 0.106259 0.122768
0 0.678069 0.486793 0.10917 0.0710565
0 0.676856 0.798177 0.109656 0.0874256
0 0.233139 0.428013 0.10917 0.0613839
0 0.454876 0.250744 0.1082 0.10119
0 0.233139 0.653274 0.10917 0.0587798
0 0.120573 0.63244 0.10917 0.0372024
0 0.78821 0.814732 0.110141 0.131696
0 0.89738 0.0686384 0.0984959 0.0636161
0 0.677826 0.638207 0.109656 0.223586
0 0.400049 0.122768 0.218826 0.144345
0 0.900291 0.396205 0.10917 0.156994
0 0.900048 0.598586 0.109656 0.241815
0 0.345463 0.667597 0.105774 0.177455
0 0.345221 0.789435 0.10917 0.0558036
0 0.455119 0.351562 0.107715 0.0915179
0 0.454876 0.732887 0.1082 0.0610119
0 0.455847 0.550595 0.1082 0.118304
0 0.788452 0.919085 0.109656 0.0732887
0 0.233139 0.582589 0.10917 0.0803571
0 0.454876 0.804501 0.1082 0.0718006
