0 0.704245 0.7308 0.0501654 0.0288
0 0.0876516 0.5256 0.0848953 0.0064
0 0.73677 0.8142 0.120728 0.0124
0 0.0890298 0.5726 0.13065 0.0404
0 0.479052 0.6856 0.127894 0.0312
0 0.738699 0.4554 0.07828 0.006
0 0.477674 0.9306 0.12624 0.014
0 0.087376 0.557 0.13065 0.0516
0 0.218578 0.1262 0.114112 0.0068
0 0.349228 0.2158 0.125138 0.082
0 0.871555 0.2728 0.132304 0.036
0 0.220507 0.642 0.125689 0.0768
0 0.480154 0.1704 0.127894 0.0344
0 0.866869 0.7754 0.12183 0.0204
0 0.219129 0.6964 0.118523 0.012
0 0.864112 0.0794 0.137266 0.0492
0 0.0890298 0.5374 0.129548 0.0284
0 0.31312 0.645 0.0507166 0.0188
0 0.609151 0.8438 0.122381 0.0164
0 0.375965 0.6808 0.0650496 0.0304
0 0.0650496 0.6868 0.0826902 0.0304
0 0.872381 0.3082 0.132856 0.086
0 0.866869 0.7548 0.12183 0.0296
0 0.218853 0.4904 0.124587 0.0672
0 0.737872 0.7974 0.125138 0.1284
0 0.309261 0.3668 0.0463065 0.0272
0 0.219405 0.8656 0.127894 0.2008
0 0.738699 0.5894 0.0606395 0.0068
0 0.0879272 0.6734 0.133958 0.0932
0 0.872381 0.2846 0.132856 0.0516
0 0.443219 0.2638 0.0507166 0.1012
0 0.345369 0.1268 0.0512679 0.0064
0 0.369074 0.4098 0.0876516 0.066
0 0.214443 0.136 0.135612 0.0248
0 0.468302 0.3414 0.107497 0.0284
0 0.866869 0.6292 0.125138 0.0176
0 0.870452 0.232 0.130099 0.0432
0 0.347299 0.4648 0.128997 0.044
0 0.477674 0.3622 0.125138 0.0524
0 0.089581 0.5954 0.132856 0.0468
0 0.87183 0.2974 0.128445 0.0252
0 0.0884785 0.604 0.131753 0.024
0 0.070011 0.117 0.0771775 0.0132
0 0.867144 0.7928 0.121279 0.0368
0 0.219405 0.6528 0.122381 0.0168
0 0.348953 0.1484 0.128997 0.0496
0 0.316703 0.8058 0.0656009 0.1068
0 0.86742 0.7208 0.125138 0.0224
0 0.73925 0.6914 0.124587 0.0428
0 0.34785 0.6782 0.121279 0.046
0 0.218853 0.6486 0.126792 0.238
0 0.0904079 0.9102 0.125689 0.1236
0 0.867971 0.606 0.125138 0.0136
0 0.218302 0.884 0.131202 0.0584
0 0.738975 0.7574 0.128445 0.0172
0 0.872933 0.2402 0.133958 0.2244
0 0.608875 0.4774 0.128445 0.078
0 0.739526 0.7882 0.127343 0.0388
0 0.737321 0.9046 0.12624 0.0836
0 0.133131 0.645 0.0424476 0.0356
0 0.309813 0.7846 0.047409 0.0596
0 0.477949 0.2048 0.121279 0.0248
0 0.218853 0.6666 0.119074 0.0156
0 0.219956 0.5938 0.126792 0.1332
0 0.48484 0.0788 0.718302 0.0416
0 0.478225 0.1256 0.0545755 0.0048
0 0.348677 0.6106 0.125138 0.0852
0 0.460309 0.0572 0.920617 0.1104
0 0.216648 0.7622 0.122381 0.0188
0 0.86742 0.7652 0.122933 0.0136
0 0.507167 0.3442 0.0595369 0.0148
0 0.870728 0.1158 0.0788313 0.0076
0 0.477398 0.2712 0.123484 0.0976
0 0.442392 0.235 0.0490628 0.03
0 0.865215 0.5836 0.125138 0.028
0 0.146913 0.1142 0.0644983 0.0084
0 0.218578 0.6898 0.122933 0.0284
0 0.867696 0.657 0.126792 0.0132
0 0.0898567 0.6426 0.134509 0.2068
0 0.865766 0.7244 0.12183 0.0104
0 0.258545 0.6208 0.045204 0.0328
0 0.347023 0.6438 0.120728 0.0196
0 0.610254 0.3634 0.124587 0.0204
0 0.372381 0.6194 0.0733186 0.026
0 0.870452 0.2178 0.130099 0.0436
0 0.0893054 0.7244 0.130099 0.0392
0 0.477398 0.757 0.0859978 0.0084
0 0.0898567 0.2282 0.122381 0.0516
0 0.218302 0.4752 0.119074 0.0368
0 0.349504 0.2882 0.125689 0.038
0 0.310639 0.6188 0.0490628 0.0256
0 0.6086 0.4904 0.123484 0.0088
0 0.218853 0.6564 0.125689 0.0328
0 0.609702 0.2796 0.125689 0.0288
0 0.475744 0.1144 0.0893054 0.008
0 0.219129 0.9506 0.129548 0.0228
0 0.609978 0.3886 0.12624 0.0228
0 0.866593 0.7452 0.122381 0.0232
0 0.0890298 0.5448 0.13065 0.0152
0 0.216924 0.7538 0.124035 0.0348
0 0.479052 0.9544 0.123484 0.0184
0 0.217751 0.712 0.124587 0.0184
0 0.875138 0.1262 0.067806 0.0068
0 0.867696 0.6216 0.125689 0.0136
0 0.0683572 0.942 0.07828 0.0456
0 0.37817 0.6448 0.0584344 0.0176
0 0.864939 0.7232 0.0793826 0.0104
0 0.73677 0.7814 0.125138 0.0692
0 0.478501 0.4986 0.124587 0.0516
0 0.308159 0.411 0.0485116 0.0572
0 0.740077 0.2524 0.053473 0.0064
0 0.738699 0.9526 0.122381 0.0212
0 0.867696 0.6394 0.125689 0.0172
0 0.740077 0.8368 0.125138 0.0512
0 0.350055 0.6994 0.124587 0.0844
0 0.740353 0.708 0.125689 0.1992
0 0.866318 0.68 0.124035 0.024
0 0.479603 0.7584 0.0584344 0.0064
0 0.86742 0.7064 0.124035 0.0232
0 0.478225 0.483 0.12624 0.1652
0 0.866593 0.781 0.119074 0.014
0 0.0887541 0.5266 0.114664 0.0076
0 0.21968 0.5392 0.124035 0.0152
0 0.871279 0.3572 0.119625 0.008
0 0.609978 0.38 0.12624 0.0432
0 0.6086 0.1264 0.07828 0.0064
0 0.440739 0.3408 0.0479603 0.0264
0 0.740077 0.127 0.0667034 0.006
0 0.478225 0.4298 0.12624 0.0764
0 0.740077 0.8828 0.12624 0.152
0 0.219956 0.6484 0.123484 0.0152
0 0.348126 0.8458 0.127343 0.022
0 0.866869 0.7732 0.122933 0.076
0 0.0854465 0.3708 0.0650496 0.0064
0 0.220507 0.6706 0.123484 0.0284
0 0.217751 0.7412 0.125689 0.0344
0 0.609427 0.5916 0.124035 0.0336
0 0.609427 0.4386 0.128445 0.1628
0 0.477674 0.5064 0.122933 0.0288
0 0.350331 0.3786 0.127343 0.1324
0 0.478776 0.545 0.12624 0.0476
0 0.871003 0.4164 0.126792 0.068
0 0.738148 0.7064 0.125689 0.0776
0 0.0904079 0.9414 0.125689 0.05
0 0.479327 0.3704 0.125138 0.028
0 0.609978 0.5478 0.12183 0.0372
0 0.349228 0.3312 0.128445 0.036
0 0.0882029 0.2766 0.121279 0.0324
0 0.740904 0.253 0.0341786 0.0052
0 0.2172 0.36 0.0738699 0.0064
0 0.21968 0.6208 0.122933 0.0344
0 0.871003 0.3302 0.124587 0.0404
0 0.348126 0.5836 0.125138 0.0376
0 0.609702 0.392 0.126792 0.0768
0 0.866593 0.8014 0.122381 0.0228
0 0.0865491 0.6438 0.122381 0.0372
0 0.0890298 0.8516 0.120728 0.032
0 0.218578 0.5684 0.125138 0.0688
0 0.609427 0.4166 0.12624 0.03
0 0.479879 0.4496 0.12183 0.0408
0 0.48043 0.4082 0.122933 0.0388
0 0.0887541 0.5756 0.132304 0.0848
0 0.0871003 0.7064 0.128997 0.0744
0 0.0882029 0.8752 0.125689 0.0816
0 0.478501 0.4806 0.122381 0.0204
0 0.348953 0.4346 0.130099 0.2436
0 0.738975 0.7838 0.128445 0.3644
0 0.0887541 0.1612 0.122381 0.0744
0 0.737045 0.6328 0.124587 0.0696
0 0.089581 0.894 0.12624 0.0416
0 0.21968 0.7264 0.12624 0.0872
0 0.219405 0.5126 0.123484 0.034
0 0.609151 0.509 0.127894 0.022
0 0.866869 0.5586 0.124035 0.0196
0 0.2172 0.8112 0.125689 0.0848
0 0.609427 0.659 0.128445 0.0812
0 0.867144 0.6522 0.124587 0.162
0 0.480154 0.156 0.126792 0.0656
0 0.480154 0.2864 0.125689 0.1912
0 0.219405 0.4288 0.125689 0.1224
0 0.871555 0.2578 0.132304 0.1204
0 0.0887541 0.247 0.124587 0.0908
0 0.219129 0.911 0.129548 0.1076
0 0.608875 0.4586 0.127343 0.0532
0 0.478776 0.5204 0.127343 0.1
0 0.218302 0.1924 0.127894 0.136
0 0.348677 0.6538 0.124035 0.1764
0 0.739802 0.1642 0.126792 0.0756
0 0.737872 0.286 0.124035 0.0504
0 0.608875 0.9006 0.120728 0.0364
0 0.0893054 0.449 0.125689 0.042
0 0.740353 0.2258 0.128997 0.042
0 0.348677 0.2146 0.127343 0.1852
0 0.0882029 0.3936 0.124587 0.0544
0 0.872106 0.16 0.132304 0.0704
0 0.217751 0.3334 0.128997 0.0372
0 0.86742 0.8364 0.12183 0.0392
0 0.737596 0.5728 0.116869 0.0424
0 0.867971 0.5198 0.127343 0.0396
0 0.0868247 0.7884 0.12624 0.0776
0 0.610254 0.1612 0.127894 0.068
0 0.609978 0.2454 0.127343 0.0964
0 0.868247 0.885 0.119074 0.0484
0 0.609151 0.5694 0.124587 0.0788
0 0.739802 0.4278 0.127894 0.0412
0 0.350882 0.8038 0.128445 0.11
0 0.73925 0.4756 0.126792 0.0496
0 0.869349 0.4766 0.127894 0.0388
0 0.348953 0.8874 0.127894 0.0372
0 0.349779 0.9438 0.125138 0.042
0 0.480154 0.8048 0.128997 0.08
0 0.0893054 0.4968 0.130099 0.0392
0 0.480154 0.7124 0.127894 0.0824
0 0.479327 0.9448 0.129548 0.0392
0 0.870176 0.4314 0.127343 0.042
0 0.608875 0.6382 0.127343 0.0372
0 0.871555 0.3808 0.126792 0.0552
0 0.739802 0.381 0.124587 0.034
0 0.348677 0.5016 0.128445 0.1144
0 0.738148 0.527 0.125689 0.0388
0 0.866869 0.9398 0.12183 0.0452
0 0.609702 0.8558 0.123484 0.0396
0 0.609978 0.3238 0.12624 0.054
0 0.609702 0.6814 0.125689 0.0388
0 0.740077 0.337 0.125138 0.0428
0 0.479879 0.8832 0.129548 0.0608
0 0.609702 0.7264 0.125689 0.044
0 0.216648 0.2862 0.128997 0.0452
0 0.609702 0.7922 0.126792 0.078
0 0.479052 0.6208 0.127894 0.0944
0 0.0890298 0.3296 0.124035 0.064
0 0.610254 0.9442 0.126792 0.038
