0 0.773913 0.225772 0.106667 0.0536021
0 0.133913 0.68289 0.112464 0.0132933
0 0.818261 0.394511 0.226667 0.0377358
0 0.3 0.330189 0.0353623 0.0274443
0 0.383188 0.484134 0.115942 0.144082
0 0.383478 0.638937 0.118841 0.025729
0 0.25971 0.318396 0.044058 0.00557461
0 0.472464 0.758148 0.0475362 0.0360206
0 0.261159 0.0692539 0.0713044 0.00643225
0 0.817681 0.328473 0.165217 0.0694683
0 0.747826 0.111707 0.0950725 0.0587479
0 0.770435 0.323756 0.131014 0.0668954
0 0.771594 0.230274 0.0857971 0.0334477
0 0.352174 0.205189 0.0492754 0.0347341
0 0.903478 0.313036 0.0631884 0.042024
0 0.26029 0.246784 0.12058 0.130789
0 0.381449 0.55446 0.108986 0.00686106
0 0.258841 0.0709691 0.0863768 0.00643225
0 0.383188 0.0713979 0.11942 0.00728988
0 0.506087 0.65952 0.111304 0.0120069
0 0.878551 0.182247 0.0817391 0.0283019
0 0.258841 0.319683 0.121159 0.33319
0 0.633333 0.79331 0.124638 0.0548885
0 0.258551 0.66831 0.11942 0.0990566
0 0.133623 0.705403 0.116522 0.0343053
0 0.25913 0.0698971 0.121739 0.00686106
0 0.133913 0.823756 0.124058 0.0994854
0 0.258551 0.778302 0.12058 0.0900515
0 0.632174 0.851629 0.124638 0.0780446
0 0.134203 0.711835 0.12 0.355918
0 0.38087 0.29331 0.117101 0.067753
0 0.733043 0.325901 0.0504348 0.0694683
0 0.629565 0.227916 0.11942 0.0587479
0 0.765507 0.186321 0.114203 0.0475986
0 0.26087 0.125 0.11942 0.0964837
0 0.881449 0.881003 0.122319 0.030446
0 0.133913 0.774657 0.12058 0.0244425
0 0.133623 0.74078 0.116522 0.0330189
0 0.14 0.0703259 0.107246 0.00686106
0 0.766957 0.216767 0.125217 0.10506
0 0.630435 0.891081 0.123478 0.0994854
0 0.135072 0.865352 0.11942 0.0188679
0 0.134203 0.71741 0.121159 0.0789022
0 0.25913 0.476844 0.12058 0.0102916
0 0.135362 0.821184 0.123478 0.0566038
0 0.877971 0.235635 0.0817391 0.0733276
0 0.25913 0.717839 0.12058 0.205832
0 0.261159 0.929674 0.117681 0.0128645
0 0.882029 0.715695 0.124638 0.350772
0 0.506087 0.621998 0.113623 0.0441681
0 0.882609 0.571612 0.0863768 0.0643225
0 0.25942 0.197041 0.122319 0.239708
0 0.817391 0.218696 0.213333 0.110635
0 0.129855 0.364923 0.12058 0.0909091
0 0.758261 0.86235 0.118261 0.0240137
0 0.258841 0.390223 0.121159 0.150943
0 0.383188 0.406089 0.118261 0.290738
0 0.38058 0.729202 0.122319 0.128216
0 0.88029 0.478988 0.118841 0.108919
0 0.633043 0.911235 0.125217 0.0548885
0 0.386957 0.921098 0.0956522 0.0317324
0 0.884058 0.923242 0.125217 0.025729
0 0.136812 0.912521 0.12058 0.0531732
0 0.133623 0.602273 0.121159 0.135077
0 0.817971 0.353345 0.231884 0.122642
0 0.810725 0.110849 0.21971 0.0621784
0 0.632464 0.823542 0.126377 0.115352
0 0.381739 0.200043 0.113043 0.0896226
0 0.137101 0.134434 0.118841 0.111921
0 0.384058 0.111063 0.116522 0.0754717
0 0.507246 0.685034 0.117101 0.0664666
0 0.130435 0.471913 0.125217 0.113636
0 0.133913 0.255575 0.121739 0.103774
0 0.506957 0.840909 0.116522 0.0797599
0 0.508116 0.359777 0.124638 0.0222985
0 0.506957 0.913593 0.113043 0.0484563
0 0.383188 0.612779 0.12058 0.0814751
0 0.383768 0.8497 0.121739 0.0853345
0 0.506377 0.759005 0.118841 0.0626072
0 0.258261 0.552101 0.118841 0.120497
0 0.505797 0.280875 0.124638 0.0343053
0 0.26058 0.870283 0.118841 0.0870497
0 0.507246 0.40416 0.124058 0.0415952
0 0.758841 0.538808 0.12058 0.224271
0 0.629565 0.163165 0.118261 0.189108
0 0.757971 0.806818 0.12 0.0707547
0 0.507246 0.514794 0.111304 0.146226
0 0.508406 0.323542 0.126377 0.0407376
0 0.633913 0.308533 0.12 0.07247
0 0.757101 0.911235 0.118261 0.0506003
0 0.758551 0.706261 0.12 0.108919
0 0.631594 0.408877 0.123478 0.105918
0 0.632464 0.715051 0.126377 0.0810463
0 0.506377 0.162307 0.122319 0.18825
0 0.630145 0.565395 0.125217 0.190823
