0 0.325553 0.848454 0.16855 0.0501718
0 0.497789 0.267182 0.0746929 0.00859107
0 0.487715 0.109794 0.426044 0.0993127
0 0.745946 0.371134 0.0815725 0.00824742
0 0.148894 0.942268 0.166093 0.0261168
0 0.326536 0.838488 0.166585 0.0247423
0 0.105897 0.0589347 0.0712531 0.0147766
0 0.325307 0.760653 0.17199 0.113746
0 0.0257985 0.546392 0.0457002 0.038488
0 0.502457 0.180584 0.118428 0.0106529
0 0.327027 0.347079 0.171499 0.0996564
0 0.325307 0.810137 0.167076 0.0237113
0 0.32801 0.56323 0.170516 0.0295533
0 0.325061 0.821821 0.16855 0.1
0 0.495332 0.634536 0.1543 0.0814433
0 0.148649 0.628866 0.162654 0.024055
0 0.150614 0.717182 0.165602 0.024055
0 0.759951 0.68677 0.240295 0.0594502
0 0.496314 0.69244 0.157248 0.105155
0 0.326536 0.902234 0.165602 0.0402062
0 0.85258 0.376632 0.0383292 0.00549828
0 0.327273 0.866839 0.165111 0.0285223
0 0.325061 0.912887 0.169533 0.0745704
0 0.835381 0.0582474 0.187715 0.0120275
0 0.326536 0.490378 0.176413 0.175945
0 0.323587 0.940034 0.173464 0.0285223
0 0.32629 0.733333 0.169042 0.0597938
0 0.509828 0.0941581 0.453563 0.0474227
0 0.492383 0.930069 0.152334 0.0415808
0 0.64398 0.967869 0.194103 0.0134021
0 0.49828 0.1811 0.193612 0.0116838
0 0.499017 0.704467 0.158722 0.04811
0 0.503194 0.264948 0.0727273 0.00618557
0 0.503685 0.143814 0.339066 0.0312715
0 0.760688 0.210481 0.292875 0.0161512
0 0.499509 0.447251 0.0948403 0.00996564
0 0.748157 0.685739 0.127273 0.0580756
0 0.15258 0.686598 0.166585 0.0852234
0 0.32801 0.529553 0.170516 0.0969072
0 0.498771 0.657732 0.162162 0.140893
0 0.151351 0.775601 0.167076 0.0838488
0 0.325553 0.832131 0.171499 0.252577
0 0.234889 0.207904 0.234889 0.0185567
0 0.147666 0.130928 0.139066 0.101031
0 0.328501 0.441581 0.170516 0.0762887
0 0.85774 0.128522 0.139066 0.116838
0 0.148894 0.603952 0.167076 0.0814433
0 0.493612 0.876632 0.15774 0.15189
0 0.499263 0.351375 0.149386 0.157732
0 0.502703 0.228522 0.0972973 0.0742268
0 0.148649 0.886942 0.16855 0.139519
0 0.752826 0.799656 0.304668 0.294845
0 0.327273 0.311684 0.170025 0.17457
0 0.494349 0.76134 0.156265 0.0532646
0 0.497789 0.487801 0.165111 0.0786942
0 0.146929 0.49622 0.166093 0.129897
0 0.499263 0.557216 0.163145 0.0436426
0 0.147912 0.383505 0.167076 0.0920962
0 0.758722 0.291409 0.332187 0.169072
0 0.147912 0.279038 0.166093 0.113402
0 0.328256 0.643127 0.168059 0.110997
0 0.844226 0.514605 0.166093 0.246392
0 0.669533 0.511512 0.172482 0.245704
