0 0.645417 0.956952 0.128877 0.0253223
0 0.118539 0.121317 0.125431 0.0124309
0 0.120951 0.0501842 0.123363 0.014733
0 0.250861 0.317219 0.124052 0.0184162
0 0.247071 0.388352 0.133012 0.0262431
0 0.0782219 0.450506 0.0365265 0.0326888
0 0.679531 0.401473 0.152998 0.019337
0 0.513094 0.253683 0.133012 0.0819521
0 0.244659 0.645488 0.124052 0.0322284
0 0.804962 0.342081 0.0647829 0.0230203
0 0.376637 0.560313 0.127498 0.0359116
0 0.848036 0.373158 0.152309 0.0133517
0 0.380772 0.0686004 0.123363 0.0626151
0 0.746037 0.396639 0.29428 0.156998
0 0.842178 0.88674 0.19297 0.0690608
0 0.116816 0.742403 0.112336 0.0326888
0 0.245348 0.541667 0.130944 0.100829
0 0.248105 0.89779 0.133701 0.053407
0 0.669883 0.330571 0.146106 0.0211786
0 0.51654 0.334484 0.13439 0.0879374
0 0.251206 0.223066 0.127498 0.0547882
0 0.923156 0.577118 0.0365265 0.031768
0 0.512405 0.175645 0.131633 0.0649171
0 0.841833 0.936694 0.10958 0.00966851
0 0.514817 0.382136 0.0895934 0.00644567
0 0.11785 0.216621 0.128187 0.0759668
0 0.250517 0.26128 0.124742 0.017035
0 0.248794 0.348757 0.126809 0.0547882
0 0.117505 0.479282 0.115093 0.0211786
0 0.247416 0.506446 0.130944 0.0331492
0 0.884562 0.961786 0.0833908 0.0230203
0 0.513784 0.0267035 0.121985 0.0101289
0 0.247416 0.444751 0.129566 0.092081
0 0.82736 0.743554 0.31909 0.459484
0 0.379394 0.112109 0.127498 0.0741252
0 0.117505 0.150783 0.127498 0.0575506
0 0.657133 0.622238 0.116471 0.0501842
0 0.0916609 0.0294659 0.0620262 0.0101289
0 0.118884 0.26174 0.121985 0.0115101
0 0.113026 0.94337 0.0978635 0.0101289
0 0.112336 0.804098 0.135079 0.332873
0 0.379049 0.599678 0.130944 0.0354512
0 0.251206 0.289134 0.12612 0.0653775
0 0.113715 0.955571 0.122674 0.0409761
0 0.768436 0.0791897 0.337698 0.0589319
0 0.646795 0.709254 0.0516885 0.00782689
0 0.82805 0.952348 0.207443 0.0418969
0 0.244659 0.607735 0.128187 0.0368324
0 0.771881 0.279466 0.318401 0.0598527
0 0.114404 0.964549 0.117161 0.0138122
0 0.770503 0.206952 0.319779 0.0676796
0 0.511716 0.0883978 0.128877 0.103131
0 0.249483 0.939227 0.136458 0.0607735
0 0.682977 0.429788 0.152998 0.0722836
0 0.126809 0.370396 0.0716747 0.0244015
0 0.839766 0.748389 0.203308 0.0492634
0 0.248449 0.461786 0.133012 0.313996
0 0.673673 0.353821 0.155065 0.0667587
0 0.773949 0.960866 0.122674 0.0257827
0 0.379049 0.639733 0.130944 0.0409761
0 0.777395 0.276704 0.351482 0.443831
0 0.380427 0.813075 0.129566 0.0313076
0 0.118194 0.27325 0.133012 0.0354512
0 0.854583 0.427716 0.157133 0.0718232
0 0.118194 0.450046 0.11785 0.0336096
0 0.144728 0.0842541 0.0716747 0.0607735
0 0.842178 0.80709 0.187457 0.0635359
0 0.836664 0.822284 0.210889 0.222836
0 0.85734 0.348527 0.166782 0.0662983
0 0.249483 0.144797 0.128187 0.217772
0 0.117505 0.157919 0.128877 0.233886
0 0.770159 0.589549 0.350793 0.218692
0 0.115093 0.898711 0.119917 0.0883978
0 0.115782 0.483195 0.119917 0.0999079
0 0.114748 0.807551 0.123363 0.0782689
0 0.116471 0.702578 0.114404 0.115101
0 0.511371 0.205571 0.132323 0.348527
0 0.512061 0.822284 0.132323 0.0156538
0 0.379049 0.162983 0.128187 0.25046
0 0.379049 0.558241 0.130944 0.205801
0 0.247071 0.802486 0.133012 0.337937
0 0.450724 0.960866 0.245348 0.0184162
0 0.378704 0.366713 0.131633 0.155157
0 0.117505 0.358195 0.128877 0.117864
0 0.115438 0.583794 0.115093 0.0893186
0 0.64266 0.839549 0.123363 0.264733
0 0.378704 0.746547 0.130255 0.167127
0 0.514473 0.714319 0.137147 0.179098
0 0.514817 0.503453 0.139214 0.243554
0 0.450724 0.891805 0.249483 0.112339
