0 0.597299 0.774853 0.115215 0.28055
0 0.105292 0.143615 0.119074 0.0153242
0 0.781422 0.199411 0.206725 0.0451866
0 0.487045 0.149705 0.236494 0.0102161
0 0.103363 0.227701 0.12183 0.0333988
0 0.229327 0.163654 0.0628445 0.00746562
0 0.47602 0.0874263 0.624587 0.0939096
0 0.778666 0.385069 0.216648 0.163458
0 0.101985 0.923772 0.121279 0.0141454
0 0.103914 0.0860511 0.124035 0.0715128
0 0.504686 0.546365 0.180265 0.568566
0 0.844818 0.0988212 0.106395 0.0695481
0 0.441841 0.0742633 0.883682 0.123379
0 0.599504 0.417092 0.119625 0.508055
0 0.797133 0.576817 0.213892 0.182318
0 0.601985 0.61277 0.121279 0.637721
0 0.12624 0.142436 0.162073 0.00903733
0 0.868798 0.153045 0.0661521 0.00903733
0 0.776185 0.264047 0.198456 0.0848723
0 0.227674 0.782515 0.105843 0.0789784
0 0.103914 0.200196 0.120728 0.0899804
0 0.477949 0.526326 0.123484 0.354813
0 0.777012 0.321415 0.217751 0.29391
0 0.102811 0.260904 0.119625 0.0227898
0 0.4129 0.21336 0.187431 0.0958743
0 0.10226 0.290963 0.119625 0.0278978
0 0.102811 0.876424 0.122933 0.11277
0 0.103087 0.323379 0.121279 0.0282908
0 0.227949 0.574656 0.120728 0.322593
0 0.4129 0.301768 0.218302 0.0762279
0 0.227674 0.282908 0.123484 0.24833
0 0.726847 0.774656 0.125138 0.0923379
0 0.102811 0.359528 0.120728 0.0337917
0 0.850331 0.773084 0.120728 0.157564
0 0.102536 0.44558 0.121279 0.0408644
0 0.725193 0.685265 0.12183 0.0699411
0 0.102536 0.774067 0.122381 0.0848723
0 0.352536 0.738114 0.12183 0.178782
0 0.725744 0.563261 0.120728 0.156778
0 0.726295 0.878978 0.124035 0.0943026
0 0.102811 0.490373 0.12183 0.0400786
0 0.10226 0.401179 0.119625 0.0400786
0 0.228225 0.880943 0.120176 0.0958743
0 0.353638 0.494303 0.122933 0.300196
0 0.477674 0.896464 0.120728 0.0609037
0 0.851158 0.892927 0.120176 0.0695481
0 0.352811 0.879961 0.123484 0.0954813
0 0.477949 0.784086 0.123484 0.155992
0 0.103914 0.548527 0.122933 0.0691552
0 0.10419 0.689784 0.123484 0.0734774
0 0.848401 0.589391 0.121279 0.204322
0 0.103363 0.618271 0.124035 0.0609037
