0 0.084399 0.0616081 0.0757033 0.00556909
0 0.868031 0.616081 0.129923 0.151758
0 0.609974 0.928298 0.128389 0.066133
0 0.607673 0.571006 0.129923 0.234946
0 0.218414 0.469022 0.129923 0.0783153
0 0.217136 0.801253 0.129412 0.081448
0 0.67289 0.961712 0.267519 0.0222764
0 0.0905371 0.402019 0.0757033 0.00696136
0 0.738875 0.108945 0.132481 0.0925861
0 0.739898 0.48834 0.129412 0.0668291
0 0.215345 0.101114 0.124808 0.025409
0 0.864706 0.811695 0.130435 0.124608
0 0.346036 0.862339 0.0649616 0.00800557
0 0.348082 0.62426 0.128389 0.0281935
0 0.215601 0.127567 0.0496164 0.020536
0 0.868542 0.44953 0.127877 0.0281935
0 0.565985 0.737557 0.170332 0.119735
0 0.0851662 0.211451 0.126343 0.0226244
0 0.216113 0.0670031 0.110997 0.0142708
0 0.738107 0.896972 0.125831 0.149669
0 0.0810742 0.592238 0.083376 0.00522102
0 0.348082 0.575705 0.127366 0.0243648
0 0.869565 0.0896276 0.11867 0.0546467
0 0.0867008 0.771841 0.122251 0.0226244
0 0.0872123 0.188131 0.107928 0.0261051
0 0.348593 0.60007 0.126343 0.0208841
0 0.608951 0.837626 0.128389 0.208493
0 0.087468 0.464845 0.115601 0.010094
0 0.431202 0.372781 0.143223 0.340411
0 0.473402 0.550296 0.118159 0.212322
0 0.475703 0.219631 0.126854 0.0647407
0 0.607417 0.235642 0.127366 0.162896
0 0.474425 0.121998 0.124297 0.123564
0 0.870077 0.371215 0.112532 0.0247128
0 0.478261 0.643578 0.127877 0.0382875
0 0.477238 0.93874 0.123785 0.0668291
0 0.0892583 0.667769 0.123274 0.0198399
0 0.475192 0.340237 0.127877 0.174382
0 0.219437 0.558301 0.127877 0.0988514
0 0.083376 0.934041 0.115601 0.00870171
0 0.372379 0.0494257 0.288491 0.0132266
0 0.0841432 0.730247 0.128389 0.279151
0 0.217391 0.249217 0.126854 0.0132266
0 0.347059 0.954751 0.128389 0.035503
0 0.624808 0.051166 0.120205 0.00904977
0 0.867775 0.484685 0.131458 0.0991994
0 0.347059 0.542116 0.127366 0.0330665
0 0.869821 0.414027 0.12532 0.0386356
0 0.0851662 0.225374 0.129412 0.105465
0 0.21688 0.194396 0.127877 0.106857
0 0.608184 0.546815 0.1289 0.785242
0 0.873913 0.231117 0.124297 0.31883
0 0.8711 0.169161 0.114578 0.107205
0 0.217136 0.10007 0.127366 0.0804038
0 0.737084 0.708145 0.127877 0.519666
0 0.478772 0.357988 0.130946 0.581622
0 0.0846547 0.720153 0.12532 0.076575
0 0.087468 0.427428 0.127877 0.0570832
0 0.0887468 0.374695 0.12532 0.0421163
0 0.0859335 0.953359 0.129923 0.0473373
0 0.869054 0.634528 0.131969 0.481726
0 0.346292 0.267316 0.1289 0.410024
0 0.0841432 0.803341 0.127366 0.0807518
0 0.085422 0.636095 0.124808 0.0838844
0 0.346547 0.915767 0.130435 0.11347
0 0.742199 0.258093 0.134015 0.380439
0 0.0859335 0.312913 0.131969 0.066133
0 0.475959 0.818656 0.129412 0.304212
0 0.349361 0.578837 0.129923 0.112774
0 0.86624 0.92621 0.121228 0.0856248
0 0.0846547 0.883745 0.126343 0.0751827
0 0.0890026 0.521058 0.127877 0.123216
0 0.348082 0.694744 0.128389 0.105813
0 0.215601 0.678385 0.132481 0.330665
0 0.348849 0.497564 0.1289 0.0476853
0 0.607417 0.104594 0.130435 0.0859729
0 0.0846547 0.114166 0.131458 0.111382
0 0.215857 0.385137 0.126854 0.249565
0 0.347315 0.801949 0.129923 0.107901
0 0.214066 0.939784 0.127366 0.0703098
0 0.214578 0.873477 0.128389 0.0553428
