0 0.23399 0.491645 0.211823 0.0351803
0 0.513239 0.718118 0.117611 0.0219877
0 0.205049 0.822999 0.182266 0.190413
0 0.750924 0.769129 0.120074 0.198769
0 0.519089 0.104442 0.274631 0.0488127
0 0.172106 0.784521 0.10899 0.108179
0 0.408559 0.815963 0.283867 0.187775
0 0.496921 0.496922 0.0554187 0.0290237
0 0.495382 0.33927 0.308498 0.251979
0 0.435345 0.360378 0.192118 0.213281
0 0.397475 0.636763 0.113916 0.136324
0 0.870074 0.50044 0.115764 0.270009
0 0.624692 0.358619 0.104064 0.0540897
0 0.397475 0.811785 0.110222 0.189094
0 0.625308 0.89226 0.0991379 0.0263852
0 0.399323 0.326957 0.0966749 0.0646438
0 0.284791 0.779024 0.101601 0.0180299
0 0.229988 0.308048 0.0905172 0.0109938
0 0.39686 0.820141 0.115148 0.0237467
0 0.173645 0.288478 0.0960591 0.0123131
0 0.239224 0.288698 0.207512 0.0145119
0 0.172414 0.810906 0.109606 0.0246262
0 0.173645 0.838171 0.107143 0.0219877
0 0.568042 0.566403 0.221059 0.212841
0 0.508929 0.679859 0.0966749 0.0501319
0 0.396552 0.781223 0.110837 0.0444151
0 0.173645 0.751759 0.107143 0.0277045
0 0.554803 0.806288 0.242611 0.184257
0 0.284175 0.83971 0.10899 0.0936675
0 0.56681 0.293975 0.217365 0.0408971
0 0.172414 0.781882 0.109606 0.0255057
0 0.477833 0.35708 0.0381773 0.0518909
0 0.764778 0.62533 0.114532 0.513632
0 0.395628 0.742964 0.10899 0.0189094
0 0.282943 0.82212 0.105296 0.187775
0 0.283559 0.747361 0.102833 0.0241865
0 0.452894 0.271328 0.509236 0.389622
0 0.519397 0.811346 0.120074 0.186456
0 0.234914 0.524406 0.10899 0.0118734
0 0.172414 0.822779 0.108374 0.170624
0 0.397475 0.582014 0.111453 0.0347405
0 0.171798 0.883465 0.109606 0.0668426
0 0.649015 0.673923 0.0529557 0.025066
0 0.399631 0.375989 0.103448 0.167106
0 0.625308 0.80409 0.104064 0.145558
0 0.414409 0.819701 0.509852 0.192612
0 0.397475 0.865875 0.111453 0.0615655
0 0.398091 0.622032 0.113916 0.0444151
0 0.337438 0.720317 0.206897 0.0167106
0 0.56681 0.680299 0.214901 0.0501319
0 0.566502 0.358839 0.222906 0.057168
0 0.867611 0.10686 0.108374 0.00967458
0 0.568042 0.423043 0.223522 0.0422164
0 0.751539 0.489886 0.117611 0.773087
0 0.870382 0.651935 0.115148 0.580915
0 0.397783 0.676781 0.112069 0.0545295
0 0.231219 0.688654 0.211207 0.0316623
0 0.568658 0.628188 0.214901 0.0435356
0 0.397783 0.60686 0.114532 0.0791557
0 0.568042 0.526605 0.219828 0.117414
0 0.751539 0.905673 0.117611 0.0734389
0 0.868535 0.260774 0.113916 0.0219877
0 0.231527 0.360378 0.219212 0.0945471
0 0.233066 0.465259 0.217365 0.0905893
0 0.810961 0.0802551 0.189655 0.0215479
0 0.231219 0.555849 0.209975 0.0686016
0 0.231219 0.1781 0.232143 0.19701
0 0.229372 0.630827 0.217365 0.0628848
0 0.869458 0.173923 0.107143 0.116535
0 0.86915 0.320141 0.112685 0.0932278
0 0.752771 0.154354 0.10899 0.108179
0 0.399631 0.515172 0.112069 0.087511
