0 0.906808 0.904697 0.106027 0.0927795
0 0.280692 0.908967 0.21875 0.0555124
0 0.799107 0.236219 0.322545 0.271351
0 0.153181 0.485637 0.157924 0.225155
0 0.702567 0.884123 0.172991 0.0485248
0 0.109096 0.34705 0.0920759 0.0714286
0 0.150391 0.588121 0.163504 0.0395963
0 0.702567 0.884511 0.175223 0.0982143
0 0.190011 0.356172 0.0809152 0.0912267
0 0.129464 0.915373 0.0747768 0.0535714
0 0.3351 0.260287 0.181362 0.0438665
0 0.123326 0.481755 0.106027 0.164596
0 0.273996 0.886258 0.223214 0.117236
0 0.516183 0.482725 0.179688 0.0593944
0 0.700893 0.79309 0.177455 0.0395963
0 0.692522 0.389363 0.0982143 0.064441
0 0.702567 0.838509 0.168527 0.0395963
0 0.190011 0.48389 0.0842634 0.106755
0 0.687779 0.443323 0.0697545 0.0349379
0 0.84933 0.416149 0.196429 0.0900621
0 0.517578 0.425272 0.179129 0.0718168
0 0.700335 0.766304 0.177455 0.00854037
0 0.333147 0.214868 0.185268 0.0531832
0 0.340681 0.131405 0.306362 0.0430901
0 0.333984 0.0778339 0.567522 0.0477484
0 0.333147 0.172748 0.184152 0.0263975
0 0.517299 0.450893 0.18192 0.126165
0 0.832868 0.901786 0.0597098 0.0450311
0 0.33231 0.21875 0.18471 0.123059
0 0.516741 0.35889 0.174107 0.0524068
0 0.151228 0.418672 0.171875 0.384705
0 0.703404 0.863936 0.175781 0.185947
0 0.795759 0.290567 0.325893 0.474767
0 0.335379 0.133346 0.184152 0.0454193
0 0.88058 0.90198 0.164062 0.108307
0 0.521484 0.251941 0.181362 0.152174
0 0.520926 0.141887 0.181362 0.0609472
0 0.240234 0.708657 0.342076 0.12927
0 0.148717 0.15198 0.183594 0.0834627
0 0.517578 0.614907 0.182478 0.196429
0 0.700335 0.72632 0.18192 0.0597826
0 0.235212 0.868983 0.304129 0.153339
0 0.51981 0.922554 0.179129 0.054736
0 0.333705 0.361025 0.185268 0.149845
0 0.882812 0.761646 0.176339 0.156056
0 0.517578 0.802019 0.18471 0.166925
0 0.885045 0.611413 0.176339 0.138975
0 0.702288 0.615489 0.181362 0.146351
0 0.332589 0.532609 0.184152 0.181677
