0 0.353683 0.462935 0.141271 0.121677
0 0.367306 0.862037 0.176589 0.171097
0 0.784309 0.383564 0.228557 0.0146013
0 0.409435 0.865593 0.0852674 0.0187196
0 0.365288 0.857918 0.172553 0.0325721
0 0.367306 0.802321 0.169526 0.0157244
0 0.368063 0.825908 0.172048 0.027705
0 0.0920787 0.387495 0.123613 0.0187196
0 0.34889 0.64489 0.123613 0.0520404
0 0.345358 0.546237 0.120585 0.0396855
0 0.552977 0.835455 0.178607 0.0969674
0 0.34561 0.591352 0.12109 0.046799
0 0.560293 0.359603 0.163976 0.060277
0 0.321393 0.929802 0.0756811 0.0288282
0 0.497477 0.629539 0.136226 0.0325721
0 0.348133 0.547173 0.129162 0.26769
0 0.369324 0.865406 0.170535 0.0220891
0 0.145308 0.656308 0.230071 0.0329465
0 0.369828 0.889742 0.171544 0.025833
0 0.788597 0.82179 0.246216 0.311494
0 0.465943 0.743916 0.340565 0.0232123
0 0.494198 0.624298 0.136731 0.0819918
0 0.552472 0.888244 0.174571 0.0280794
0 0.145056 0.611943 0.224521 0.0370648
0 0.143542 0.378136 0.228557 0.034444
0 0.458375 0.95863 0.341574 0.0153501
0 0.206609 0.381131 0.10444 0.034444
0 0.356206 0.295395 0.152371 0.186447
0 0.552725 0.854549 0.175076 0.0310745
0 0.790111 0.0887308 0.0383451 0.0366904
0 0.786327 0.654249 0.232593 0.0453014
0 0.543643 0.292213 0.197275 0.0445526
0 0.782543 0.608386 0.232089 0.0434294
0 0.521695 0.49064 0.232089 0.183077
0 0.553481 0.815238 0.177598 0.0453014
0 0.860747 0.0874204 0.0696266 0.0438038
0 0.552977 0.924186 0.165489 0.0318233
0 0.143794 0.337514 0.230071 0.0482965
0 0.779516 0.916136 0.233098 0.0928491
0 0.467457 0.258517 0.355701 0.278922
0 0.0691221 0.087046 0.0817356 0.0393111
0 0.469223 0.540434 0.370333 0.284912
0 0.143542 0.355672 0.234611 0.0846125
0 0.143542 0.929427 0.22553 0.0842381
0 0.456862 0.726507 0.362765 0.060277
0 0.465439 0.860539 0.366801 0.197304
0 0.143794 0.643954 0.229062 0.100337
0 0.781534 0.35249 0.234107 0.0819918
0 0.784561 0.773493 0.230071 0.181206
0 0.780777 0.631411 0.238648 0.0924747
0 0.141776 0.787907 0.224016 0.185324
0 0.785318 0.214714 0.222503 0.189068
0 0.785318 0.490266 0.227548 0.186821
0 0.145812 0.498877 0.221998 0.18757
0 0.141019 0.215462 0.221493 0.186821
