0 0.885839 0.448256 0.120575 0.0490004
0 0.75962 0.0493924 0.0774756 0.00784006
0 0.381991 0.258918 0.0815803 0.00666405
0 0.380452 0.263034 0.085685 0.00627205
0 0.508209 0.161897 0.121601 0.113681
0 0.886352 0.269894 0.0651616 0.00509604
0 0.379938 0.263034 0.0641355 0.00470404
0 0.506927 0.155625 0.122114 0.0493924
0 0.383273 0.811642 0.122114 0.0403763
0 0.382247 0.261074 0.110826 0.00784006
0 0.313238 0.623089 0.222165 0.528812
0 0.257825 0.700902 0.125705 0.538612
0 0.466906 0.603293 0.212417 0.464132
0 0.888661 0.0505684 0.0451514 0.00705606
0 0.886609 0.0491964 0.0605439 0.00901607
0 0.884556 0.278322 0.116983 0.0172481
0 0.255259 0.272442 0.119548 0.331635
0 0.887378 0.0595845 0.097999 0.00940808
0 0.888404 0.0591925 0.0600308 0.00784006
0 0.884556 0.274794 0.110826 0.0101921
0 0.381991 0.192278 0.0774756 0.00588005
0 0.471011 0.55096 0.203181 0.205802
0 0.383273 0.261466 0.0667009 0.00705606
0 0.886352 0.612505 0.0938943 0.00823207
0 0.884813 0.347903 0.123653 0.0615445
0 0.885326 0.283026 0.108261 0.00862407
0 0.383017 0.123285 0.0723448 0.00744806
0 0.508466 0.221678 0.119035 0.00823207
0 0.886609 0.21619 0.124166 0.0921207
0 0.884813 0.592121 0.115444 0.0137201
0 0.12981 0.695806 0.12314 0.0548804
0 0.885326 0.610545 0.105182 0.00901607
0 0.383787 0.188946 0.086198 0.00705606
0 0.885582 0.291454 0.125192 0.0435123
0 0.883787 0.0468444 0.0425859 0.00588005
0 0.881991 0.0764406 0.0841457 0.0282242
0 0.383273 0.844963 0.12314 0.0223442
0 0.885839 0.268914 0.0743971 0.00784006
0 0.886609 0.0691886 0.116983 0.0348883
0 0.372499 0.0499804 0.0944074 0.00823207
0 0.887378 0.132301 0.122627 0.0740886
0 0.259107 0.506468 0.124166 0.823991
0 0.883787 0.595649 0.114418 0.00980008
0 0.50744 0.202078 0.121088 0.0403763
0 0.886352 0.173461 0.124679 0.180713
0 0.886352 0.953744 0.120575 0.0148961
0 0.886609 0.403763 0.122114 0.0384163
0 0.132119 0.0725206 0.120575 0.0517444
0 0.382504 0.0823207 0.122627 0.0705606
0 0.381734 0.227362 0.12314 0.0658565
0 0.383787 0.157585 0.12314 0.0588005
0 0.383273 0.28283 0.122114 0.0341043
0 0.383787 0.600745 0.12314 0.508428
0 0.50744 0.112505 0.122114 0.133281
0 0.132632 0.681497 0.124679 0.0286162
0 0.131349 0.712858 0.121088 0.0270482
0 0.633145 0.494316 0.121088 0.0235202
0 0.887891 0.505684 0.122627 0.159153
0 0.887122 0.904743 0.120062 0.0729126
0 0.888148 0.670717 0.12314 0.127793
0 0.885582 0.324579 0.125192 0.108193
0 0.759107 0.54508 0.125705 0.423755
0 0.13058 0.647785 0.121601 0.0341043
0 0.633402 0.133673 0.122627 0.0517444
0 0.633658 0.0738926 0.12314 0.0568405
0 0.131349 0.150137 0.12314 0.0972168
0 0.384043 0.322619 0.123653 0.0407683
0 0.131862 0.404743 0.122114 0.0333203
0 0.634428 0.379263 0.122627 0.205018
0 0.760133 0.780086 0.124679 0.0274402
0 0.633402 0.821639 0.121601 0.0674245
0 0.633658 0.526068 0.121088 0.0329283
0 0.886865 0.79949 0.121601 0.114857
0 0.508209 0.640533 0.123653 0.0360643
0 0.759877 0.184829 0.12314 0.276362
0 0.133915 0.294002 0.122114 0.182673
0 0.633402 0.883183 0.122627 0.0368483
0 0.13058 0.816151 0.124679 0.0540964
0 0.133658 0.460996 0.120575 0.0689926
0 0.759877 0.941984 0.121088 0.0407683
0 0.130836 0.758134 0.12314 0.0556644
0 0.634428 0.745394 0.121601 0.0748726
0 0.507696 0.43924 0.120575 0.0599765
0 0.634171 0.218934 0.121088 0.112505
0 0.634171 0.934927 0.12314 0.0540964
0 0.634428 0.624069 0.122627 0.160721
0 0.130836 0.904743 0.124166 0.113681
0 0.507183 0.707566 0.123653 0.0878087
0 0.507696 0.5441 0.122627 0.141121
0 0.508209 0.913171 0.121601 0.0960408
0 0.507953 0.317523 0.124166 0.166993
0 0.385069 0.910819 0.121601 0.100745
0 0.759877 0.856723 0.12314 0.116425
0 0.508979 0.807134 0.122114 0.105057
0 0.132376 0.562329 0.124166 0.125833
