0 0.745682 0.207456 0.0829016 0.100794
0 0.570164 0.250604 0.246546 0.124957
0 0.312824 0.521401 0.232729 0.0210563
0 0.729491 0.0474629 0.153282 0.0535036
0 0.611183 0.581118 0.0462003 0.0548844
0 0.822323 0.917328 0.23791 0.0396962
0 0.823618 0.606835 0.248273 0.148429
0 0.572971 0.572144 0.173575 0.0783569
0 0.326857 0.137729 0.037133 0.00690369
0 0.91019 0.10321 0.0457686 0.00690369
0 0.529361 0.581464 0.0492228 0.0548844
0 0.572323 0.708664 0.247409 0.158785
0 0.446675 0.0623058 0.893351 0.106662
0 0.82405 0.264239 0.242228 0.0134622
0 0.577936 0.556783 0.231865 0.102865
0 0.566494 0.498274 0.246978 0.616155
0 0.249352 0.117708 0.126511 0.0124266
0 0.798359 0.874871 0.189119 0.0203659
0 0.595639 0.643252 0.194732 0.0452192
0 0.820812 0.954263 0.251295 0.0162237
0 0.471718 0.578702 0.0496546 0.016914
0 0.103195 0.119952 0.0699482 0.00862962
0 0.569948 0.138592 0.0872193 0.00793925
0 0.57038 0.301864 0.227979 0.232309
0 0.825777 0.314636 0.0574266 0.0203659
0 0.312392 0.813255 0.231002 0.0628236
0 0.315415 0.635658 0.238774 0.0417673
0 0.569085 0.448913 0.209845 0.0880221
0 0.571028 0.650155 0.25 0.288229
0 0.509931 0.919745 0.097582 0.0907836
0 0.631045 0.919054 0.0988774 0.0880221
0 0.121114 0.55661 0.124784 0.0141526
0 0.570812 0.913013 0.227116 0.100104
0 0.37975 0.966172 0.125648 0.0110459
0 0.313903 0.732309 0.232297 0.236452
0 0.821675 0.912668 0.236615 0.0945806
0 0.822539 0.202796 0.237478 0.111495
0 0.123057 0.341388 0.127807 0.402485
0 0.11766 0.958233 0.12133 0.0414222
0 0.316062 0.216603 0.249568 0.142561
0 0.11658 0.855195 0.131261 0.148775
0 0.314119 0.721609 0.217185 0.112875
0 0.31304 0.507594 0.249568 0.157059
0 0.822323 0.690369 0.249136 0.314808
0 0.311529 0.359165 0.244819 0.117018
0 0.251511 0.916465 0.125648 0.108388
0 0.821675 0.416638 0.253886 0.217466
0 0.121546 0.717294 0.129965 0.0918191
0 0.120035 0.618398 0.126943 0.0969969
0 0.378886 0.90611 0.125648 0.0938902
