0 0.83504 0.143164 0.14562 0.0120378
0 0.680603 0.791058 0.265643 0.0627687
0 0.412969 0.86264 0.25711 0.0597592
0 0.904152 0.5 0.0858931 0.061049
0 0.0921502 0.310189 0.131968 0.128547
0 0.74289 0.273216 0.379977 0.242906
0 0.879977 0.421969 0.114903 0.0124678
0 0.88083 0.46969 0.126849 0.0546002
0 0.883675 0.538048 0.131399 0.0374033
0 0.850114 0.835555 0.0585893 0.00816853
0 0.679181 0.817068 0.260523 0.122528
0 0.617179 0.722485 0.0978385 0.0227859
0 0.0981229 0.139295 0.0904437 0.0094583
0 0.416951 0.844368 0.258248 0.0292347
0 0.680603 0.72399 0.204209 0.0318143
0 0.680319 0.850387 0.261661 0.0670679
0 0.882821 0.498925 0.129693 0.0305245
0 0.478385 0.344368 0.129693 0.195185
0 0.291524 0.490327 0.551195 0.0262253
0 0.873151 0.561909 0.0773606 0.00687876
0 0.881399 0.434652 0.124573 0.0300946
0 0.477816 0.346948 0.122867 0.0103181
0 0.879693 0.612425 0.124573 0.0434222
0 0.221559 0.394239 0.126849 0.0988822
0 0.905006 0.46969 0.0796359 0.0210662
0 0.869738 0.562554 0.0523322 0.00558899
0 0.679465 0.709802 0.257679 0.0799656
0 0.914107 0.49828 0.0614334 0.0292347
0 0.911832 0.516982 0.0500569 0.00730868
0 0.678612 0.920464 0.258248 0.0576096
0 0.676621 0.700559 0.107509 0.0124678
0 0.212742 0.140155 0.0739477 0.0128977
0 0.500569 0.0694325 0.988623 0.125107
0 0.882253 0.650043 0.129693 0.178848
0 0.880546 0.563199 0.0477816 0.00515907
0 0.848976 0.538263 0.0608646 0.0352537
0 0.881684 0.459157 0.12628 0.0292347
0 0.480944 0.904772 0.127986 0.0219261
0 0.0949943 0.242906 0.131968 0.147034
0 0.477531 0.35963 0.129124 0.11221
0 0.417235 0.876397 0.254266 0.0270851
0 0.214733 0.80417 0.114334 0.0528805
0 0.880546 0.688091 0.128555 0.0339639
0 0.149033 0.927343 0.261661 0.0361135
0 0.684016 0.72399 0.254266 0.0455718
0 0.606371 0.214101 0.0989761 0.121238
0 0.88083 0.652193 0.126849 0.0309544
0 0.480091 0.933577 0.129693 0.0296647
0 0.421786 0.559974 0.24289 0.0924334
0 0.107224 0.140155 0.10182 0.0146174
0 0.881968 0.724635 0.130262 0.0348237
0 0.680034 0.557395 0.255404 0.273001
0 0.617179 0.339424 0.108077 0.105331
0 0.879124 0.450344 0.11661 0.0124678
0 0.912116 0.536973 0.0665529 0.0369733
0 0.319397 0.558899 0.0631399 0.0928633
0 0.203072 0.733448 0.129693 0.0877042
0 0.881968 0.615434 0.131399 0.0993121
0 0.151024 0.619733 0.246303 0.0425623
0 0.415813 0.659501 0.259386 0.104901
0 0.0967008 0.815133 0.120592 0.0429923
0 0.680319 0.656707 0.261661 0.469046
0 0.880546 0.504729 0.128555 0.105761
0 0.475825 0.300731 0.130262 0.0898538
0 0.477531 0.380911 0.127986 0.0550301
0 0.0930034 0.282889 0.129124 0.072227
0 0.0932878 0.350817 0.127418 0.0619089
0 0.682025 0.857696 0.262799 0.178848
0 0.877702 0.427343 0.122867 0.0249355
0 0.478953 0.431642 0.12628 0.0412726
0 0.286121 0.197549 0.50967 0.0958727
0 0.881968 0.706793 0.131399 0.0687876
0 0.743743 0.347807 0.355518 0.116079
0 0.151308 0.578246 0.253697 0.134136
0 0.286689 0.477429 0.496018 0.0520206
0 0.743458 0.218616 0.368601 0.128547
0 0.0836177 0.928203 0.13083 0.0343938
0 0.882253 0.763328 0.128555 0.033104
0 0.882821 0.809759 0.129693 0.0614789
0 0.220421 0.283964 0.124573 0.0692175
0 0.881684 0.898538 0.131968 0.105761
0 0.221843 0.355546 0.125142 0.0705073
0 0.480944 0.922399 0.127986 0.0494411
0 0.0915813 0.417455 0.125142 0.0662081
0 0.346416 0.296862 0.12628 0.0864144
0 0.416667 0.61092 0.258817 0.198624
0 0.222127 0.421109 0.130262 0.0597592
0 0.149886 0.77515 0.244027 0.250215
0 0.350398 0.924119 0.128555 0.0563199
0 0.349261 0.396604 0.127418 0.10877
0 0.418373 0.80589 0.256542 0.171539
0 0.218999 0.927773 0.129693 0.0352537
