0 0.922936 0.61975 0.0746177 0.0045738
0 0.737309 0.849064 0.0850153 0.0299376
0 0.737615 0.562578 0.0856269 0.0182952
0 0.192355 0.699376 0.0801223 0.0465696
0 0.464526 0.422661 0.0752294 0.0120582
0 0.100306 0.759252 0.0868502 0.012474
0 0.462385 0.523908 0.0844037 0.0349272
0 0.869419 0.790852 0.136391 0.0474012
0 0.645566 0.764657 0.0850153 0.0149688
0 0.374618 0.735759 0.0862385 0.0278586
0 0.0966361 0.82869 0.0966361 0.0174636
0 0.646789 0.665073 0.0825688 0.0153846
0 0.554434 0.701455 0.0874618 0.0199584
0 0.695719 0.212058 0.246483 0.0357588
0 0.102141 0.53264 0.0917431 0.0449064
0 0.191437 0.748857 0.0807339 0.0449064
0 0.554128 0.738046 0.0892966 0.0681913
0 0.0996942 0.51684 0.0636086 0.0116424
0 0.864526 0.926611 0.165749 0.0419958
0 0.102446 0.359459 0.0899083 0.0203742
0 0.514373 0.13264 0.485627 0.0158004
0 0.462691 0.635759 0.0850153 0.0557173
0 0.103976 0.664865 0.0917431 0.0232848
0 0.373394 0.438669 0.0923547 0.0133056
0 0.277676 0.367983 0.141896 0.00914761
0 0.737003 0.621622 0.0856269 0.0316008
0 0.191743 0.677131 0.0801223 0.0370062
0 0.0966361 0.168399 0.0831804 0.0831601
0 0.736086 0.65738 0.088685 0.0432432
0 0.375535 0.612682 0.0868502 0.0469854
0 0.192355 0.833888 0.0850153 0.035343
0 0.922324 0.417048 0.0892966 0.00665281
0 0.923547 0.476299 0.0856269 0.0170478
0 0.374618 0.567568 0.0899083 0.0357588
0 0.917737 0.524116 0.0972477 0.0153846
0 0.875841 0.661954 0.160245 0.0582121
0 0.736697 0.681497 0.088685 0.0266112
0 0.0996942 0.246154 0.0831804 0.0390852
0 0.646789 0.694387 0.0825688 0.0382536
0 0.555352 0.416632 0.0917431 0.0349272
0 0.647401 0.832225 0.0862385 0.043659
0 0.102446 0.292724 0.0874618 0.0806653
0 0.462385 0.450104 0.0819572 0.0735967
0 0.88318 0.882744 0.0746177 0.0424116
0 0.192355 0.633264 0.0801223 0.0390852
0 0.465749 0.770062 0.0703364 0.0049896
0 0.192355 0.880457 0.0825688 0.0419958
0 0.917431 0.134096 0.0856269 0.0120582
0 0.463303 0.37131 0.0691132 0.0108108
0 0.737309 0.805197 0.0801223 0.0494802
0 0.919572 0.487942 0.0691132 0.00873181
0 0.465138 0.576299 0.083792 0.0507277
0 0.102446 0.395634 0.0923547 0.0453222
0 0.916514 0.298961 0.0948012 0.315177
0 0.192661 0.591476 0.0807339 0.047817
0 0.921407 0.549688 0.0911315 0.0274428
0 0.736391 0.589813 0.0892966 0.0752599
0 0.281957 0.945946 0.0819572 0.00665281
0 0.736086 0.734511 0.0850153 0.0744283
0 0.46055 0.814137 0.0770642 0.00582121
0 0.0990826 0.252599 0.0880734 0.24158
0 0.372477 0.523077 0.0856269 0.0482328
0 0.46208 0.387734 0.0727829 0.0461538
0 0.921713 0.509355 0.0929664 0.045738
0 0.192049 0.927651 0.0844037 0.0407484
0 0.470642 0.0692308 0.767584 0.0943867
0 0.373394 0.463825 0.0874618 0.0636175
0 0.918043 0.257588 0.0929664 0.0503118
0 0.281346 0.831601 0.0819572 0.0399168
0 0.919266 0.179834 0.0917431 0.105198
0 0.920795 0.466112 0.0899083 0.0224532
0 0.101223 0.71185 0.0948012 0.0681913
0 0.922018 0.43264 0.093578 0.0378378
0 0.32844 0.344906 0.314373 0.0128898
0 0.101835 0.590437 0.0948012 0.158004
0 0.91896 0.211435 0.0813456 0.0336798
0 0.919572 0.347193 0.0948012 0.0274428
0 0.920183 0.308316 0.0899083 0.035343
0 0.10948 0.0731809 0.0905199 0.0765073
0 0.372783 0.532848 0.088685 0.203326
0 0.193578 0.49896 0.0813456 0.132225
0 0.737003 0.665281 0.0905199 0.217879
0 0.713456 0.538462 0.198777 0.0133056
0 0.921713 0.578586 0.0892966 0.0869023
0 0.0966361 0.887318 0.0978593 0.133056
0 0.921713 0.386902 0.0929664 0.0453222
0 0.101529 0.440541 0.0917431 0.133472
0 0.192661 0.669647 0.0831804 0.200832
0 0.281957 0.723285 0.0880734 0.0985447
0 0.193272 0.864865 0.0856269 0.161331
0 0.698165 0.186486 0.323547 0.0877339
0 0.685015 0.383368 0.324159 0.0191268
0 0.736391 0.867775 0.0856269 0.161331
0 0.284098 0.880457 0.0850153 0.135967
0 0.464526 0.796258 0.439755 0.0216216
0 0.555658 0.658004 0.0899083 0.224948
0 0.282569 0.594387 0.0868502 0.0827443
0 0.645872 0.744906 0.0844037 0.0561331
0 0.906728 0.0762994 0.10581 0.0810811
0 0.375841 0.723701 0.0862385 0.0977131
0 0.646789 0.633056 0.083792 0.160915
0 0.555046 0.88316 0.088685 0.134719
0 0.462385 0.486486 0.0844037 0.241164
0 0.647706 0.879626 0.0892966 0.138462
0 0.325382 0.655509 0.170031 0.0295218
0 0.284098 0.395634 0.263609 0.0669439
0 0.281957 0.490437 0.0880734 0.116008
0 0.46422 0.690645 0.0844037 0.157173
0 0.572171 0.301247 0.111927 0.125988
0 0.103058 0.783576 0.0948012 0.0577963
0 0.462997 0.883992 0.0807339 0.132225
0 0.873089 0.787526 0.170642 0.310187
0 0.374312 0.883368 0.0880734 0.13264
0 0.82844 0.588565 0.0862385 0.0669439
0 0.80948 0.301871 0.100917 0.126403
0 0.555352 0.468191 0.0917431 0.138877
0 0.738532 0.465073 0.266055 0.128482
0 0.691437 0.300832 0.119266 0.128482
0 0.327829 0.241788 0.355963 0.190021
