0 0.102197 0.272279 0.139446 0.350986
0 0.799188 0.784879 0.132283 0.0102264
0 0.854823 0.163988 0.0391595 0.0255661
0 0.241643 0.515157 0.135626 0.0193572
0 0.377507 0.488313 0.135148 0.788897
0 0.519102 0.536706 0.139446 0.137692
0 0.0993314 0.0973338 0.112703 0.00766983
0 0.240688 0.123996 0.138491 0.0639153
0 0.375358 0.507487 0.125119 0.141344
0 0.329513 0.272644 0.234002 0.359752
0 0.242359 0.483382 0.135148 0.0105917
0 0.379656 0.683711 0.138491 0.407597
0 0.375119 0.620526 0.125597 0.0745069
0 0.379417 0.554602 0.132283 0.239226
0 0.379656 0.779036 0.138491 0.217677
0 0.102913 0.429693 0.138968 0.661432
0 0.517908 0.349343 0.141834 0.51607
0 0.378224 0.268992 0.13467 0.350986
0 0.242598 0.501461 0.136581 0.0467495
0 0.805396 0.122352 0.143744 0.0774288
0 0.805158 0.364865 0.145177 0.391527
0 0.241165 0.729912 0.137536 0.391892
0 0.242359 0.281227 0.136103 0.379109
0 0.380134 0.909423 0.135626 0.0321402
0 0.101719 0.846056 0.13276 0.155953
0 0.660458 0.715303 0.140401 0.244339
0 0.659742 0.464025 0.141834 0.238495
0 0.799904 0.856647 0.136581 0.147918
0 0.519341 0.680789 0.138013 0.135866
0 0.802531 0.6145 0.140879 0.0982469
0 0.659503 0.8855 0.139446 0.0843682
0 0.519819 0.840029 0.138968 0.173119
0 0.660936 0.139335 0.138491 0.105551
0 0.66022 0.268809 0.138968 0.139518
0 0.801337 0.72206 0.138491 0.107378
