0 0.437316 0.753131 0.0421156 0.0155598
0 0.893242 0.0747628 0.0636631 0.0189753
0 0.600392 0.179507 0.75906 0.185958
0 0.914545 0.0459203 0.0406464 0.0106262
0 0.286729 0.831689 0.111166 0.0102467
0 0.144466 0.886717 0.0411361 0.0170778
0 0.429236 0.892979 0.265916 0.145731
0 0.331783 0.896964 0.43144 0.143833
0 0.389324 0.713472 0.5524 0.148008
0 0.66332 0.317078 0.0710088 0.029222
0 0.56856 0.319355 0.0695397 0.0254269
0 0.220617 0.371917 0.200294 0.117647
0 0.690255 0.705882 0.0484819 0.0311195
0 0.144956 0.663188 0.0440744 0.0390892
0 0.206905 0.318975 0.145446 0.0352941
0 0.790402 0.654269 0.239961 0.0121442
0 0.747796 0.211006 0.0519099 0.0242884
0 0.273262 0.444213 0.130264 0.0178368
0 0.622429 0.601708 0.158668 0.0125237
0 0.516895 0.284061 0.237512 0.0132827
0 0.422625 0.381973 0.184133 0.0929791
0 0.520568 0.0753321 0.115573 0.0125237
0 0.498531 0.627135 0.205681 0.0110057
0 0.605534 0.209108 0.122919 0.119924
0 0.44001 0.89203 0.744858 0.152182
0 0.187561 0.280645 0.125367 0.0170778
0 0.414789 0.848387 0.0656219 0.0421252
0 0.752693 0.181025 0.426053 0.177609
0 0.0418707 0.871537 0.0768854 0.189374
0 0.419687 0.119355 0.105779 0.0322581
0 0.279383 0.365844 0.304114 0.131309
0 0.271792 0.897154 0.187072 0.139658
0 0.268854 0.0745731 0.135162 0.0170778
0 0.42287 0.316509 0.157199 0.0333966
0 0.506366 0.806831 0.251714 0.0129032
0 0.446621 0.897154 0.126347 0.142695
0 0.208864 0.590323 0.158178 0.0185958
0 0.855044 0.284061 0.127326 0.0110057
0 0.30142 0.120873 0.0729677 0.0413662
0 0.874633 0.628653 0.0989226 0.0110057
0 0.816846 0.314231 0.148874 0.0220114
0 0.517385 0.447438 0.180705 0.0121442
0 0.816357 0.947818 0.151812 0.026945
0 0.187316 0.624478 0.127816 0.0155598
0 0.182174 0.121442 0.105779 0.0379507
0 0.617042 0.365275 0.185113 0.133966
0 0.876592 0.809488 0.101861 0.0121442
0 0.821743 0.381594 0.198825 0.105123
0 0.230901 0.177799 0.234574 0.17723
0 0.816601 0.883681 0.183643 0.118786
0 0.183399 0.805313 0.140548 0.0204934
0 0.599902 0.124099 0.0891283 0.0379507
0 0.884917 0.44611 0.0607248 0.0117647
0 0.618022 0.896205 0.195886 0.13852
0 0.4476 0.178937 0.17238 0.175712
0 0.508325 0.716888 0.251714 0.147249
0 0.782076 0.724478 0.253673 0.13814
0 0.204701 0.53093 0.179236 0.135104
0 0.799216 0.179886 0.244858 0.173814
0 0.244613 0.713093 0.255142 0.144972
0 0.823947 0.540228 0.20617 0.146869
0 0.412096 0.535863 0.195397 0.148767
0 0.616552 0.533776 0.184133 0.140038
