0 0.638418 0.187261 0.143503 0.0501062
0 0.631073 0.175159 0.126554 0.0292994
0 0.621751 0.787049 0.119209 0.0157113
0 0.669492 0.108068 0.115254 0.0819533
0 0.0779661 0.854989 0.0779661 0.0174098
0 0.227684 0.598938 0.275706 0.162633
0 0.360452 0.121868 0.314124 0.033121
0 0.430226 0.552442 0.0887006 0.0161359
0 0.120621 0.902123 0.170056 0.0887473
0 0.790678 0.61104 0.0988701 0.0161359
0 0.619209 0.765605 0.112994 0.0169851
0 0.292373 0.908493 0.171186 0.0692144
0 0.190113 0.48896 0.30339 0.0420382
0 0.20113 0.452654 0.338983 0.026327
0 0.65 0.204883 0.165537 0.0878981
0 0.821469 0.708705 0.171751 0.154565
0 0.646045 0.861359 0.172316 0.162633
0 0.29435 0.780467 0.167232 0.176645
0 0.824011 0.296391 0.162147 0.143524
0 0.465819 0.655626 0.165537 0.165605
0 0.118079 0.770701 0.160452 0.153716
0 0.822316 0.488323 0.161017 0.219108
0 0.821469 0.868577 0.172881 0.157537
0 0.648023 0.60276 0.164972 0.323142
0 0.823729 0.19087 0.167232 0.0564756
0 0.208192 0.297028 0.341808 0.278132
0 0.651977 0.34586 0.174011 0.180467
0 0.466667 0.844798 0.166102 0.190658
0 0.466949 0.432696 0.170056 0.216561
0 0.296328 0.597877 0.163277 0.168153
0 0.123164 0.598089 0.166102 0.170276
0 0.472316 0.236306 0.174011 0.151592
