0 0.835405 0.516075 0.0998396 0.0130422
0 0.834403 0.470276 0.116279 0.085229
0 0.240377 0.897028 0.32919 0.0178951
0 0.117682 0.186078 0.09583 0.0100091
0 0.476945 0.827419 0.100642 0.0370033
0 0.525862 0.169245 0.232959 0.0139521
0 0.593825 0.515469 0.121893 0.0615711
0 0.235365 0.324234 0.0970329 0.00849257
0 0.473336 0.51653 0.0982358 0.00849257
0 0.478949 0.867759 0.100642 0.0370033
0 0.478148 0.549591 0.0966319 0.0127389
0 0.476945 0.755839 0.111067 0.0200182
0 0.351443 0.16606 0.114274 0.0166818
0 0.23757 0.192144 0.111868 0.0203215
0 0.595028 0.538975 0.121893 0.0163785
0 0.725742 0.75872 0.23336 0.0391265
0 0.259824 0.298301 0.0673617 0.0112223
0 0.806736 0.168335 0.160385 0.00909918
0 0.715517 0.229906 0.11668 0.0970579
0 0.475942 0.562026 0.101844 0.0103124
0 0.836608 0.540795 0.113472 0.0133455
0 0.115076 0.167728 0.101844 0.0121322
0 0.726544 0.72566 0.25822 0.101001
0 0.724138 0.890052 0.265437 0.0385199
0 0.834002 0.525933 0.114675 0.0376099
0 0.355654 0.300728 0.117883 0.240522
0 0.455493 0.126934 0.761026 0.0518653
0 0.237971 0.546254 0.115076 0.00788596
0 0.355052 0.191083 0.114274 0.0181984
0 0.729952 0.618744 0.246592 0.0837125
0 0.238172 0.526843 0.115477 0.0230513
0 0.728549 0.82757 0.222133 0.0712769
0 0.354651 0.220958 0.114274 0.033667
0 0.477546 0.734759 0.110666 0.063391
0 0.729751 0.743403 0.275862 0.348195
0 0.239575 0.743403 0.339615 0.327571
0 0.475541 0.540795 0.10826 0.0139521
0 0.236367 0.344859 0.118284 0.048529
0 0.356456 0.405975 0.117081 0.0282075
0 0.477947 0.618441 0.117883 0.119503
0 0.236768 0.398392 0.118284 0.044586
0 0.356255 0.343039 0.115878 0.0242645
0 0.355854 0.373673 0.114274 0.0279042
0 0.715517 0.33758 0.119086 0.315438
0 0.355052 0.267516 0.115076 0.0509554
0 0.835605 0.354868 0.118685 0.348195
0 0.595229 0.359418 0.119888 0.351835
0 0.355052 0.312405 0.115076 0.0285108
0 0.477747 0.855626 0.103849 0.111617
0 0.119086 0.365635 0.117081 0.36791
0 0.715317 0.528207 0.117081 0.0379133
0 0.236768 0.468456 0.117482 0.0834092
0 0.236167 0.24401 0.117883 0.123446
0 0.47494 0.416439 0.11668 0.212314
0 0.473536 0.239763 0.120289 0.116166
0 0.356255 0.490143 0.119086 0.109797
