0 0.654739 0.415674 0.0364929 0.0112649
0 0.625829 0.623592 0.145498 0.013196
0 0.679621 0.493402 0.127962 0.185388
0 0.566588 0.938043 0.107583 0.0415192
0 0.624645 0.0984873 0.21327 0.0083682
0 0.225355 0.464918 0.0971564 0.0170583
0 0.454502 0.693595 0.100474 0.0579337
0 0.824171 0.13196 0.056872 0.00772449
0 0.117536 0.623753 0.0872038 0.225298
0 0.603081 0.446572 0.182464 0.0782105
0 0.449052 0.362568 0.118957 0.0202768
0 0.207583 0.391857 0.130806 0.113614
0 0.119194 0.134213 0.0990521 0.0128742
0 0.685545 0.70309 0.106635 0.081429
0 0.577962 0.588349 0.0791469 0.00643708
0 0.111611 0.404892 0.108531 0.0128742
0 0.112322 0.41841 0.116588 0.134535
0 0.214692 0.501609 0.130806 0.0125523
0 0.636256 0.101062 0.0696682 0.00579337
0 0.195735 0.529128 0.0511848 0.0270357
0 0.332227 0.357902 0.10237 0.0411973
0 0.247867 0.627454 0.0635071 0.222401
0 0.682938 0.20309 0.0559242 0.00514966
0 0.687204 0.245735 0.104265 0.00997747
0 0.117062 0.0735436 0.104265 0.0389443
0 0.690047 0.415352 0.105213 0.0125523
0 0.22654 0.320566 0.0909953 0.00643708
0 0.856161 0.790312 0.116114 0.00675893
0 0.205924 0.489862 0.186256 0.0141616
0 0.86327 0.133408 0.133175 0.00997747
0 0.222038 0.367235 0.102844 0.0379788
0 0.692891 0.579337 0.092891 0.0225298
0 0.220379 0.455101 0.107109 0.0502092
0 0.626777 0.32636 0.224171 0.522047
0 0.913507 0.103959 0.100948 0.0238172
0 0.169431 0.331188 0.224171 0.0315417
0 0.222275 0.407628 0.104265 0.0383006
0 0.111848 0.462343 0.112796 0.0415192
0 0.225829 0.335211 0.101896 0.0183457
0 0.112559 0.416962 0.114218 0.0421629
0 0.625355 0.0778886 0.231754 0.046347
0 0.563981 0.16495 0.105213 0.059543
0 0.718009 0.273093 0.0473934 0.0473125
0 0.160427 0.287094 0.167299 0.0482781
0 0.559479 0.11458 0.0924171 0.0231735
0 0.572986 0.271484 0.118483 0.151593
0 0.688389 0.305761 0.108531 0.0122304
0 0.856398 0.0923721 0.218009 0.0663019
0 0.112796 0.373833 0.1109 0.0344384
0 0.219194 0.506598 0.190047 0.0102993
0 0.82109 0.092533 0.0706161 0.0646926
0 0.330806 0.623431 0.1109 0.212424
0 0.682464 0.147892 0.120379 0.0923721
0 0.68673 0.221596 0.108057 0.0460251
0 0.62891 0.606856 0.103318 0.0138397
0 0.669668 0.271967 0.0729858 0.0502092
0 0.856398 0.499517 0.197156 0.0115867
0 0.167062 0.380431 0.216588 0.231091
0 0.627251 0.641133 0.219431 0.0315417
0 0.693128 0.554071 0.0962085 0.070486
0 0.450474 0.5 0.11327 0.024139
0 0.450237 0.335855 0.120379 0.0762794
0 0.45237 0.91841 0.108531 0.0840039
0 0.450711 0.770357 0.109953 0.204377
0 0.325118 0.0759575 0.32891 0.026392
0 0.450237 0.538301 0.109953 0.0408754
0 0.116351 0.242034 0.103791 0.0199549
0 0.692417 0.500322 0.0976303 0.024139
0 0.687915 0.4514 0.107583 0.070486
0 0.116588 0.120534 0.104265 0.044094
0 0.231517 0.288864 0.0611374 0.044094
0 0.117299 0.187319 0.101896 0.0798198
0 0.853318 0.885098 0.211848 0.0399099
0 0.571564 0.464757 0.120379 0.0379788
0 0.687678 0.363051 0.109953 0.0978436
0 0.859242 0.176054 0.225592 0.0772449
0 0.853791 0.82813 0.212796 0.0708079
0 0.852844 0.934342 0.211848 0.0560026
0 0.568246 0.810589 0.111848 0.303508
0 0.799289 0.35243 0.109479 0.271001
0 0.449526 0.171065 0.114218 0.147087
0 0.451659 0.609752 0.109953 0.0930158
0 0.452133 0.271162 0.111848 0.0434503
0 0.570616 0.397007 0.117536 0.0923721
0 0.683175 0.807531 0.106635 0.296106
0 0.575355 0.53814 0.130806 0.104924
0 0.914218 0.354039 0.1109 0.270357
0 0.331754 0.415352 0.105213 0.161249
0 0.334597 0.214033 0.105213 0.227229
0 0.225355 0.176215 0.104739 0.152881
0 0.452133 0.432572 0.105213 0.101062
0 0.850711 0.646283 0.2 0.278725
0 0.219905 0.846476 0.330806 0.227873
