0 0.444712 0.373019 0.403245 0.476229
0 0.299429 0.671069 0.0585938 0.0109712
0 0.138822 0.372003 0.119591 0.0190979
0 0.13762 0.317554 0.190505 0.125559
0 0.887921 0.26087 0.105769 0.242178
0 0.891827 0.581674 0.0600962 0.0166599
0 0.544171 0.508533 0.111779 0.193011
0 0.888672 0.405526 0.101262 0.0316944
0 0.889423 0.493499 0.110577 0.0670459
0 0.769231 0.589598 0.0979567 0.0446973
0 0.69366 0.948395 0.510517 0.0885819
0 0.265174 0.940878 0.452825 0.0702966
0 0.640475 0.799269 0.596454 0.199919
0 0.299429 0.449208 0.0766226 0.136936
0 0.364483 0.641406 0.139423 0.026412
0 0.317758 0.795408 0.627103 0.192198
0 0.146334 0.864486 0.186298 0.0247867
0 0.542067 0.591833 0.078125 0.0174726
0 0.773287 0.120276 0.0766226 0.0170662
0 0.54387 0.428484 0.109375 0.0158472
0 0.134766 0.150142 0.147536 0.0174726
0 0.135216 0.271028 0.192909 0.0284437
0 0.890925 0.525193 0.115986 0.30191
0 0.134465 0.599147 0.104267 0.026412
0 0.894381 0.651971 0.0796274 0.0207233
0 0.321965 0.134701 0.0892428 0.051605
0 0.135517 0.394352 0.192308 0.516457
0 0.770883 0.45896 0.104868 0.393742
0 0.411208 0.450223 0.119291 0.123527
0 0.886719 0.126778 0.109976 0.0390085
0 0.603215 0.158879 0.214243 0.0642015
0 0.432692 0.146892 0.100361 0.0767981
