0 0.831574 0.76523 0.233134 0.0243033
0 0.562414 0.182761 0.23084 0.0272197
0 0.912345 0.115036 0.117485 0.0246273
0 0.916934 0.110013 0.106471 0.0126377
0 0.351308 0.323072 0.134465 0.384316
0 0.831574 0.36698 0.268013 0.044394
0 0.677604 0.741251 0.037173 0.0236552
0 0.5 0.0688594 0.650298 0.0651329
0 0.882285 0.0641607 0.13263 0.0395334
0 0.561037 0.696695 0.266636 0.0920285
0 0.832263 0.701069 0.225333 0.0372651
0 0.892152 0.835872 0.110142 0.0314323
0 0.82905 0.838464 0.244608 0.0333765
0 0.829738 0.152625 0.224874 0.0110175
0 0.35452 0.828743 0.136301 0.314647
0 0.0832951 0.61698 0.123451 0.0686973
0 0.568151 0.721808 0.158788 0.0126377
0 0.767324 0.0797148 0.0945388 0.0641607
0 0.829509 0.177738 0.20514 0.0307842
0 0.559201 0.91267 0.259293 0.145496
0 0.093162 0.0593001 0.122074 0.0349968
0 0.531436 0.0672391 0.826985 0.0936487
0 0.55576 0.742223 0.242313 0.022359
0 0.827444 0.90862 0.233134 0.0226831
0 0.561037 0.154245 0.229004 0.0194426
0 0.148692 0.926766 0.245067 0.132858
0 0.561037 0.673526 0.26939 0.0230071
0 0.674621 0.686649 0.0385498 0.00583279
0 0.511932 0.119896 0.157412 0.00907323
0 0.561496 0.71792 0.265718 0.0554115
0 0.829509 0.874757 0.23084 0.0359689
0 0.558054 0.64501 0.257916 0.0255995
0 0.35039 0.214193 0.13263 0.160726
0 0.355209 0.569183 0.13676 0.861633
0 0.831345 0.948801 0.236347 0.0473104
0 0.562414 0.703986 0.266636 0.029488
0 0.561496 0.7372 0.266636 0.0434219
0 0.212483 0.411374 0.138596 0.0184705
0 0.827673 0.801361 0.244608 0.347375
0 0.0803121 0.525275 0.12391 0.248866
0 0.562414 0.658458 0.262047 0.051199
0 0.559431 0.211601 0.241395 0.136747
0 0.14961 0.327285 0.262506 0.129618
0 0.627811 0.797796 0.131253 0.0680493
0 0.62827 0.463383 0.137678 0.333117
0 0.492887 0.535807 0.131253 0.187622
0 0.148692 0.194102 0.239559 0.119248
0 0.215925 0.695075 0.14089 0.314323
0 0.0805415 0.751134 0.124369 0.195723
0 0.0796237 0.924498 0.121615 0.138043
0 0.490363 0.366818 0.133547 0.145172
0 0.836622 0.558652 0.23497 0.113415
0 0.833639 0.416721 0.26939 0.147764
0 0.492428 0.913156 0.134006 0.147116
0 0.629417 0.911212 0.13263 0.146468
0 0.831115 0.235742 0.244149 0.17466
0 0.490363 0.79731 0.133547 0.0677252
0 0.214548 0.482502 0.139972 0.0985094
0 0.212253 0.925146 0.137219 0.134154
