0 0.875962 0.858363 0.151411 0.179504
0 0.727759 0.572349 0.193755 0.0870126
0 0.855432 0.345633 0.185629 0.0692878
0 0.411249 0.331776 0.185201 0.0505962
0 0.75 0.418466 0.436698 0.145343
0 0.865269 0.249919 0.192472 0.0989365
0 0.400556 0.908637 0.215997 0.0912021
0 0.82592 0.609249 0.0530368 0.0157912
0 0.875321 0.891395 0.150984 0.100548
0 0.0211719 0.491943 0.0329341 0.102804
0 0.677288 0.350951 0.156116 0.0734773
0 0.773738 0.54689 0.274594 0.101837
0 0.227759 0.745891 0.105646 0.316146
0 0.761121 0.286658 0.418734 0.508218
0 0.797476 0.402353 0.10308 0.0319046
0 0.448674 0.838221 0.130881 0.229455
0 0.60201 0.854335 0.147562 0.203674
0 0.722412 0.264422 0.25663 0.064776
0 0.90633 0.404608 0.101796 0.0377054
0 0.176647 0.0931357 0.236955 0.0438286
0 0.74166 0.774734 0.0838323 0.00966806
0 0.598802 0.901547 0.0718563 0.00999033
0 0.603935 0.922656 0.132592 0.051563
0 0.756202 0.374476 0.437126 0.125685
0 0.703165 0.46729 0.114628 0.0418949
0 0.411677 0.107316 0.194611 0.129552
0 0.741446 0.572188 0.229683 0.133097
0 0.226689 0.735901 0.103507 0.131163
0 0.878315 0.264099 0.15355 0.0705769
0 0.801326 0.131325 0.345167 0.191105
0 0.144996 0.768289 0.159966 0.313245
0 0.750855 0.355624 0.333191 0.0873348
0 0.668948 0.547535 0.0590248 0.0148244
0 0.669162 0.610699 0.0560308 0.0141798
0 0.734388 0.842572 0.426005 0.209797
0 0.404619 0.732517 0.136869 0.0212697
0 0.714072 0.568321 0.146707 0.0596197
0 0.574423 0.605865 0.0915312 0.0109571
0 0.742301 0.799065 0.0697177 0.0293265
0 0.834902 0.134869 0.265184 0.109249
0 0.212361 0.788914 0.149273 0.303577
0 0.593456 0.704318 0.0842601 0.0435063
0 0.412318 0.235256 0.19846 0.0928134
0 0.625749 0.363841 0.192472 0.102481
0 0.875321 0.629552 0.156972 0.0557525
0 0.693328 0.709636 0.10864 0.0386723
0 0.742301 0.75137 0.449529 0.0267483
0 0.720274 0.54834 0.163388 0.0944247
0 0.554534 0.703513 0.0329341 0.043184
0 0.403764 0.581051 0.214713 0.25137
0 0.8642 0.0554302 0.215997 0.0489849
0 0.85201 0.367709 0.219846 0.112794
0 0.722198 0.268933 0.14414 0.056397
0 0.225406 0.817435 0.103507 0.218176
0 0.606715 0.774734 0.0791275 0.00966806
0 0.713644 0.630519 0.148417 0.0538189
0 0.78935 0.460361 0.324636 0.055108
0 0.179427 0.933935 0.191189 0.0380277
0 0.22562 0.85514 0.103935 0.108605
0 0.857998 0.697873 0.180496 0.0518853
0 0.742943 0.792459 0.0872541 0.0438286
0 0.607998 0.709152 0.0491873 0.0338382
0 0.780154 0.574283 0.323353 0.170158
0 0.872755 0.773123 0.0893926 0.00966806
0 0.240376 0.639542 0.0786997 0.0634869
0 0.373396 0.815501 0.171086 0.17048
0 0.603721 0.904608 0.066296 0.0109571
0 0.874038 0.803899 0.139863 0.0428617
0 0.621044 0.147599 0.160821 0.219143
0 0.874038 0.838866 0.0911035 0.00902353
0 0.640719 0.698518 0.218135 0.0621979
0 0.748075 0.16339 0.43627 0.269417
0 0.109923 0.638253 0.0838323 0.0576861
0 0.740163 0.931679 0.0739949 0.0219143
0 0.603293 0.807606 0.126176 0.0373832
0 0.180068 0.751853 0.209581 0.387367
0 0.117622 0.791653 0.100941 0.246536
0 0.873824 0.873671 0.140291 0.0444731
0 0.597305 0.866097 0.113345 0.0460844
0 0.172797 0.0567193 0.2284 0.0451176
0 0.741018 0.892523 0.0893926 0.0254592
0 0.739735 0.846761 0.0893926 0.0338382
0 0.402053 0.641959 0.211292 0.141154
0 0.583405 0.452949 0.112062 0.0705769
0 0.876818 0.928134 0.156544 0.0438286
0 0.601796 0.934741 0.122327 0.0312601
0 0.17515 0.574283 0.199743 0.0360941
0 0.576775 0.631002 0.107357 0.0580084
0 0.689692 0.348856 0.101369 0.0628424
0 0.577203 0.545279 0.10479 0.0934579
0 0.115269 0.401064 0.108212 0.0628424
0 0.879384 0.545762 0.153122 0.106671
0 0.352224 0.804705 0.111634 0.11215
0 0.403764 0.510474 0.203593 0.111505
0 0.404405 0.843055 0.221985 0.232034
0 0.412104 0.369803 0.205731 0.133742
0 0.171942 0.630519 0.0427716 0.0686432
0 0.115056 0.243957 0.112062 0.247502
0 0.174508 0.0739607 0.229256 0.0802449
0 0.412532 0.161779 0.199743 0.239123
0 0.118477 0.488398 0.110351 0.102159
0 0.230967 0.52272 0.114628 0.0322269
0 0.232891 0.307444 0.118477 0.197873
0 0.232891 0.160006 0.119333 0.0879794
0 0.232036 0.455366 0.115911 0.0941025
