0 0.915924 0.855244 0.111585 0.00886263
0 0.51666 0.264106 0.125145 0.070901
0 0.782836 0.341064 0.039907 0.0162482
0 0.13735 0.0771049 0.16234 0.0200886
0 0.779155 0.713737 0.120108 0.0206795
0 0.128632 0.0558346 0.173576 0.0454948
0 0.776637 0.429985 0.0887253 0.0369276
0 0.932584 0.895864 0.0627664 0.0357459
0 0.119721 0.406795 0.128632 0.119941
0 0.891902 0.0592319 0.144905 0.0511078
0 0.776831 0.667061 0.0922123 0.0124077
0 0.894033 0.44712 0.0925998 0.0268833
0 0.776637 0.45997 0.108873 0.0183161
0 0.124177 0.0979321 0.146067 0.0103397
0 0.908175 0.0983752 0.120883 0.0106352
0 0.515692 0.323781 0.125533 0.0431315
0 0.495932 0.0577548 0.919799 0.0570162
0 0.845409 0.858493 0.262689 0.0124077
0 0.90217 0.412408 0.120496 0.0183161
0 0.841341 0.435746 0.234405 0.0667651
0 0.851802 0.326588 0.0523053 0.0859675
0 0.179969 0.0503693 0.0747772 0.0292467
0 0.913212 0.814919 0.117784 0.065288
0 0.942658 0.671787 0.0658659 0.0903988
0 0.124564 0.954062 0.121271 0.020384
0 0.514723 0.228804 0.129795 0.23486
0 0.252422 0.529837 0.12902 0.0257016
0 0.253196 0.732644 0.12592 0.0189069
0 0.779737 0.639734 0.0949244 0.0233383
0 0.117784 0.287297 0.134831 0.351256
0 0.122627 0.712112 0.122821 0.0322009
0 0.9105 0.75096 0.127857 0.0579025
0 0.908756 0.516248 0.118946 0.0664697
0 0.644518 0.233235 0.12747 0.0268833
0 0.846184 0.911226 0.257265 0.0966027
0 0.25339 0.760266 0.128632 0.0327917
0 0.253196 0.706647 0.12902 0.0277696
0 0.516273 0.447563 0.12747 0.202659
0 0.878923 0.671935 0.0608291 0.08774
0 0.84599 0.332496 0.249903 0.124372
0 0.516854 0.948449 0.127857 0.0304284
0 0.125533 0.836632 0.123208 0.212112
0 0.782255 0.50842 0.124758 0.059675
0 0.252615 0.594978 0.128632 0.101625
0 0.64723 0.858936 0.12902 0.0694239
0 0.779349 0.69291 0.122046 0.0623338
0 0.255134 0.797194 0.12592 0.0387001
0 0.38241 0.948301 0.127083 0.025997
0 0.778187 0.788774 0.110422 0.106352
0 0.839984 0.183752 0.223944 0.125258
0 0.122046 0.657903 0.124758 0.0732644
0 0.517629 0.90192 0.128632 0.0608567
0 0.385703 0.446086 0.129795 0.307238
0 0.120302 0.544461 0.128245 0.150074
0 0.648392 0.781388 0.12747 0.0791728
0 0.516079 0.834564 0.127857 0.070901
0 0.649748 0.487888 0.132507 0.149778
0 0.647811 0.932644 0.127083 0.0632201
0 0.253778 0.669129 0.128632 0.0443131
0 0.252228 0.154653 0.127083 0.0859675
0 0.780511 0.580207 0.123596 0.0768095
0 0.909725 0.590103 0.125533 0.065288
0 0.51821 0.609749 0.12747 0.118759
0 0.252615 0.253176 0.127083 0.110487
0 0.382604 0.199409 0.12747 0.176662
0 0.645099 0.164845 0.126308 0.105761
0 0.252228 0.37031 0.127857 0.120236
0 0.251453 0.472674 0.128632 0.082127
0 0.384347 0.821566 0.129407 0.23161
0 0.64568 0.329394 0.13057 0.153619
0 0.649748 0.652437 0.130957 0.169276
0 0.517241 0.735155 0.127857 0.127917
0 0.385897 0.653028 0.128632 0.100148
0 0.252809 0.892467 0.12747 0.145347
