0 0.214258 0.829739 0.12558 0.211141
0 0.485703 0.522013 0.132921 0.287511
0 0.124227 0.550614 0.179675 0.726265
0 0.0840417 0.0606469 0.124807 0.0524109
0 0.0859737 0.134921 0.12558 0.197364
0 0.737442 0.610812 0.0962133 0.016472
0 0.862828 0.293202 0.109737 0.486972
0 0.487828 0.371069 0.12558 0.0886493
0 0.488794 0.408506 0.129057 0.0916442
0 0.54347 0.695867 0.232998 0.0314465
0 0.169822 0.215184 0.0343895 0.0236598
0 0.487249 0.586703 0.130603 0.161126
0 0.619011 0.555406 0.128284 0.0679844
0 0.345247 0.887242 0.126352 0.0194669
0 0.737056 0.754567 0.105487 0.0224618
0 0.344088 0.909703 0.126352 0.0326445
0 0.737635 0.639862 0.0958269 0.0667865
0 0.698995 0.577269 0.180835 0.189578
0 0.344474 0.708446 0.124807 0.0224618
0 0.622488 0.634322 0.129057 0.0730758
0 0.345441 0.831536 0.126739 0.258461
0 0.618238 0.428272 0.121329 0.0503145
0 0.487249 0.425277 0.131376 0.542677
0 0.617272 0.406259 0.123261 0.0949386
0 0.856839 0.65289 0.107032 0.650494
0 0.620556 0.573375 0.130603 0.213537
0 0.487056 0.579365 0.130216 0.0877508
0 0.614181 0.209943 0.120943 0.0898473
0 0.490533 0.183588 0.121716 0.0437257
0 0.619397 0.532495 0.125966 0.0209644
0 0.736476 0.956125 0.104328 0.015873
0 0.0846213 0.345912 0.127512 0.615753
0 0.487249 0.564091 0.12983 0.048218
0 0.604521 0.0573525 0.350464 0.0272537
0 0.61476 0.315364 0.122875 0.283318
0 0.487249 0.595987 0.12983 0.0479185
0 0.737828 0.576819 0.0985317 0.0557053
0 0.489567 0.231656 0.121329 0.0470201
0 0.488022 0.522911 0.129057 0.0299491
0 0.617272 0.415693 0.123261 0.0221623
0 0.482419 0.69437 0.119397 0.0308476
0 0.617079 0.444444 0.125193 0.0299491
0 0.861283 0.471249 0.11051 0.72327
0 0.859737 0.920635 0.0471407 0.0413297
0 0.610317 0.696915 0.373648 0.0269542
0 0.739181 0.58221 0.100464 0.184486
0 0.737635 0.654088 0.0958269 0.0365379
0 0.86534 0.0745732 0.0405719 0.0413297
0 0.0853941 0.584456 0.136012 0.66457
0 0.6051 0.695867 0.120556 0.0272537
0 0.476043 0.921084 0.128284 0.0859539
0 0.488988 0.486373 0.128671 0.0407308
0 0.343509 0.701108 0.125966 0.0425277
0 0.61959 0.563492 0.128671 0.0380353
0 0.729714 0.696915 0.101623 0.032345
0 0.616113 0.377059 0.120943 0.0371369
0 0.62075 0.602725 0.127898 0.0368374
0 0.615533 0.342318 0.119011 0.0305481
0 0.488215 0.206948 0.120943 0.0922432
0 0.73609 0.516622 0.101236 0.0581012
0 0.621329 0.649146 0.12983 0.0416292
0 0.343122 0.713986 0.127512 0.0179695
0 0.61534 0.22956 0.12017 0.050015
0 0.342542 0.814166 0.12558 0.0212639
0 0.342929 0.792902 0.126352 0.0146751
0 0.487249 0.645702 0.125966 0.0503145
0 0.343122 0.691974 0.127512 0.0212639
0 0.215031 0.603624 0.12558 0.660377
0 0.487828 0.436358 0.124807 0.0527104
0 0.343315 0.872866 0.127898 0.0212639
0 0.343509 0.895478 0.129057 0.0137766
0 0.619011 0.493411 0.125966 0.0548068
0 0.488988 0.276879 0.121716 0.0458221
0 0.616113 0.181491 0.117079 0.0395328
0 0.343122 0.842767 0.127512 0.032345
0 0.487249 0.386193 0.125966 0.0470201
0 0.343895 0.918838 0.129057 0.0233603
0 0.732419 0.32375 0.108578 0.32345
0 0.342349 0.756514 0.125966 0.0533094
0 0.614954 0.291854 0.118624 0.0637916
0 0.215417 0.953729 0.124034 0.0260557
0 0.6051 0.104972 0.360124 0.102126
0 0.736669 0.802336 0.107032 0.120395
0 0.734544 0.926924 0.103555 0.0736748
0 0.488022 0.331536 0.123648 0.0592992
0 0.345441 0.948637 0.12983 0.0326445
0 0.474691 0.945493 0.127125 0.0347409
0 0.282264 0.231956 0.250773 0.0679844
0 0.0844281 0.942947 0.131762 0.0392333
0 0.474884 0.881252 0.129057 0.0835579
0 0.605294 0.851303 0.115533 0.197364
0 0.278207 0.114705 0.23493 0.144355
0 0.344668 0.628182 0.125193 0.0991315
0 0.474111 0.780323 0.115147 0.080563
0 0.344088 0.522462 0.126352 0.104522
0 0.344088 0.367475 0.127898 0.194669
