0 0.199225 0.91339 0.225789 0.0237446
0 0.644438 0.273842 0.163254 0.0112884
0 0.18124 0.944142 0.229662 0.012067
0 0.273381 0.262359 0.396237 0.028805
0 0.52684 0.250876 0.0320974 0.0338653
0 0.176812 0.728104 0.267294 0.18334
0 0.441893 0.730635 0.883785 0.270144
0 0.280022 0.27248 0.384062 0.0124562
0 0.190924 0.905021 0.250138 0.0404827
0 0.631987 0.445504 0.628666 0.280654
0 0.259546 0.246983 0.436082 0.0144025
0 0.312673 0.720514 0.566685 0.25146
0 0.322358 0.614052 0.54953 0.0362009
0 0.720255 0.173998 0.441063 0.108213
0 0.565855 0.161347 0.143331 0.0961464
0 0.599613 0.915142 0.609297 0.060724
0 0.258993 0.0980926 0.344217 0.027248
0 0.807969 0.072791 0.274488 0.0420397
0 0.801605 0.163488 0.273935 0.0848579
0 0.0741561 0.269755 0.0730493 0.028805
0 0.666021 0.251265 0.309353 0.0650058
0 0.498893 0.441806 0.308246 0.24601
0 0.175706 0.557415 0.268401 0.0217984
0 0.877698 0.249708 0.0996126 0.0618918
0 0.794134 0.45037 0.270061 0.289607
0 0.639181 0.746789 0.568899 0.209031
0 0.250138 0.177696 0.392916 0.123394
0 0.181793 0.41378 0.269507 0.207863
