0 0.759291 0.879911 0.130286 0.033855
0 0.636267 0.39045 0.136267 0.023954
0 0.884238 0.644682 0.0931226 0.00862344
0 0.326356 0.14053 0.0427168 0.0242734
0 0.163605 0.914245 0.256301 0.0213989
0 0.76698 0.545832 0.11918 0.0287448
0 0.828279 0.293836 0.251175 0.152028
0 0.0956856 0.839029 0.0982486 0.0102204
0 0.398334 0.71335 0.0491243 0.0539764
0 0.707817 0.0571702 0.0281931 0.00511019
0 0.238573 0.143245 0.103802 0.0328968
0 0.895985 0.519962 0.103802 0.0223571
0 0.101025 0.709837 0.10551 0.00862344
0 0.231311 0.792399 0.10551 0.00830406
0 0.628364 0.690195 0.112772 0.0146918
0 0.896198 0.948738 0.131568 0.0328968
0 0.555745 0.296072 0.194789 0.0434366
0 0.223622 0.294954 0.0747544 0.00542958
0 0.0984622 0.844459 0.115762 0.00830406
0 0.629859 0.771958 0.103802 0.0095816
0 0.294532 0.279943 0.210594 0.00926222
0 0.55724 0.246088 0.251602 0.0507825
0 0.101239 0.829128 0.0768902 0.00702651
0 0.82422 0.195944 0.244767 0.0169275
0 0.887441 0.793516 0.115762 0.0610029
0 0.0986758 0.720057 0.125587 0.0290642
0 0.897053 0.709837 0.130713 0.134462
0 0.628791 0.891888 0.129005 0.063558
0 0.830414 0.2916 0.243486 0.0415203
0 0.0988894 0.867135 0.123452 0.0523794
0 0.831909 0.348611 0.230243 0.0367295
0 0.630286 0.731076 0.116617 0.0977324
0 0.228748 0.769083 0.120889 0.0332162
0 0.764203 0.677898 0.127296 0.0782498
0 0.558736 0.184606 0.240923 0.0459917
0 0.098035 0.468061 0.127723 0.471096
0 0.898548 0.898435 0.137121 0.133504
0 0.563007 0.293516 0.268261 0.147557
0 0.162965 0.931971 0.252456 0.0670712
0 0.498932 0.641808 0.12815 0.0661131
0 0.896412 0.555573 0.127723 0.163207
0 0.825502 0.133504 0.231952 0.13542
0 0.497651 0.703449 0.127296 0.0501437
0 0.568133 0.45816 0.256301 0.0418397
0 0.101025 0.778984 0.12516 0.0836793
0 0.828919 0.238582 0.250748 0.0485468
0 0.766766 0.512456 0.12217 0.0967742
0 0.627723 0.821942 0.127723 0.0705845
0 0.56493 0.40115 0.271252 0.0504631
0 0.628578 0.946503 0.113199 0.0341744
0 0.632422 0.643405 0.130286 0.0673906
0 0.765912 0.598531 0.124733 0.0709039
0 0.500641 0.861865 0.123024 0.0418397
0 0.565784 0.544235 0.24733 0.100926
0 0.303289 0.71335 0.240923 0.0539764
0 0.499146 0.786969 0.126015 0.103481
0 0.2956 0.228841 0.24434 0.0667518
0 0.305639 0.487544 0.23537 0.386777
0 0.501281 0.926701 0.122597 0.0788885
0 0.0922683 0.138294 0.134131 0.148195
0 0.365869 0.778825 0.137121 0.049505
0 0.833191 0.41648 0.23537 0.0638774
0 0.76164 0.793037 0.129859 0.139891
0 0.299231 0.120569 0.24733 0.106995
0 0.761 0.91664 0.131141 0.100926
0 0.365656 0.887576 0.135839 0.160971
0 0.556386 0.106515 0.236224 0.0820824
0 0.229816 0.842542 0.127296 0.105398
