0 0.526843 0.753744 0.554044 0.140876
0 0.560487 0.444814 0.0787402 0.00776484
0 0.542233 0.897948 0.652112 0.106489
0 0.875089 0.909872 0.103794 0.0449251
0 0.598425 0.29756 0.731568 0.274542
0 0.502863 0.108153 0.835361 0.0687743
0 0.910523 0.443428 0.0930566 0.00721021
0 0.558339 0.442596 0.0773085 0.0088741
0 0.443808 0.298669 0.342162 0.266778
0 0.777738 0.300055 0.338583 0.27066
0 0.527201 0.745424 0.6335 0.412646
0 0.42806 0.476705 0.33214 0.0427066
0 0.786328 0.477537 0.335719 0.042152
0 0.170723 0.33777 0.169649 0.344981
