0 0.324147 0.81372 0.262092 0.251876
0 0.415073 0.308166 0.109486 0.035725
0 0.528309 0.410838 0.110236 0.355749
0 0.415823 0.427649 0.106487 0.0405284
0 0.527747 0.275443 0.106862 0.0867607
0 0.416385 0.735665 0.107612 0.017112
0 0.0391826 0.649805 0.0693663 0.598919
0 0.250094 0.862204 0.221222 0.12909
0 0.529246 0.766286 0.109861 0.356349
0 0.415636 0.91369 0.106862 0.0447313
0 0.864642 0.155659 0.110236 0.0399279
0 0.414698 0.381867 0.107237 0.0354248
0 0.544619 0.0565896 0.882265 0.110177
0 0.865392 0.204443 0.106487 0.0324227
0 0.251594 0.934254 0.222722 0.0180126
0 0.248219 0.747823 0.217473 0.0648454
0 0.0386202 0.440558 0.0712411 0.588712
0 0.0521185 0.338487 0.095988 0.634944
0 0.416385 0.901981 0.107612 0.0231162
0 0.417323 0.888472 0.107987 0.0519364
0 0.417323 0.780546 0.110986 0.306815
0 0.0506187 0.539778 0.0974878 0.795557
0 0.639483 0.803362 0.109111 0.209547
0 0.416385 0.878265 0.107612 0.0231162
0 0.0536183 0.0633443 0.105737 0.126689
0 0.86183 0.369709 0.109861 0.0831582
0 0.41751 0.925698 0.106112 0.0225158
0 0.526997 0.238367 0.0993626 0.011408
0 0.188601 0.176974 0.111736 0.0897628
0 0.417885 0.694086 0.109861 0.090063
0 0.529434 0.180576 0.534683 0.069949
0 0.416385 0.806214 0.109111 0.123987
0 0.640982 0.639748 0.110611 0.54338
0 0.529059 0.587211 0.110986 0.726509
0 0.641357 0.922696 0.109111 0.0345242
0 0.863892 0.177124 0.111736 0.0858601
0 0.416948 0.601621 0.109486 0.0906635
0 0.408699 0.345092 0.095988 0.0327229
0 0.416385 0.279045 0.106862 0.0933654
0 0.248031 0.826629 0.220847 0.227259
0 0.862767 0.553888 0.108736 0.274992
0 0.247469 0.345992 0.225722 0.220054
0 0.752156 0.503452 0.108736 0.109276
0 0.415636 0.407085 0.109111 0.0846593
0 0.861455 0.816872 0.105362 0.244371
0 0.86183 0.320925 0.109861 0.178325
0 0.751781 0.697538 0.106487 0.27109
0 0.416198 0.525518 0.107987 0.0501351
0 0.416198 0.475383 0.106487 0.0435305
0 0.637795 0.291654 0.108736 0.122186
0 0.246157 0.58601 0.223097 0.225758
0 0.750469 0.335035 0.108361 0.207745
0 0.751969 0.892975 0.108361 0.095767
