0 0.636681 0.291806 0.0362488 0.00668896
0 0.530263 0.488712 0.0395743 0.00585284
0 0.74576 0.183807 0.105421 0.0253623
0 0.41736 0.311734 0.0911207 0.0443144
0 0.527769 0.342252 0.0991021 0.0111483
0 0.637014 0.324972 0.10409 0.0156076
0 0.417692 0.0891862 0.0977719 0.0429208
0 0.85567 0.877508 0.102428 0.0175585
0 0.527103 0.643395 0.105753 0.0298216
0 0.746591 0.673913 0.103093 0.0245262
0 0.635351 0.159838 0.105421 0.0147715
0 0.855171 0.735089 0.103425 0.0153289
0 0.526937 0.245541 0.0947789 0.00891862
0 0.635517 0.141165 0.106418 0.0164437
0 0.855005 0.880295 0.108414 0.131271
0 0.745926 0.301839 0.101763 0.016165
0 0.636681 0.75641 0.10409 0.0128205
0 0.746092 0.782887 0.102095 0.025641
0 0.417526 0.147018 0.0941137 0.053233
0 0.527769 0.396739 0.0838045 0.0080825
0 0.85434 0.620541 0.0838045 0.00696767
0 0.744762 0.316611 0.0468906 0.00557414
0 0.528434 0.417224 0.0891254 0.0133779
0 0.745594 0.403846 0.105088 0.0200669
0 0.744097 0.802536 0.0462255 0.00529543
0 0.634686 0.129738 0.0409046 0.00585284
0 0.41869 0.575948 0.101763 0.0365106
0 0.634852 0.227982 0.105753 0.0306577
0 0.856502 0.848105 0.0987695 0.00780379
0 0.528434 0.708612 0.103758 0.0119844
0 0.5286 0.693562 0.105421 0.0130992
0 0.526937 0.132107 0.0508813 0.00668896
0 0.528434 0.674331 0.106418 0.0225753
0 0.308613 0.738016 0.0372464 0.0468227
0 0.528434 0.444398 0.0917858 0.0125418
0 0.529099 0.319259 0.0831393 0.00863991
0 0.856335 0.926282 0.105753 0.0147715
0 0.5286 0.556578 0.105421 0.0183946
0 0.0289325 0.298774 0.0432325 0.0245262
0 0.637679 0.704989 0.0794812 0.0108696
0 0.637845 0.708055 0.046558 0.00585284
0 0.854839 0.779264 0.0821417 0.0083612
0 0.85301 0.699972 0.103758 0.0181159
0 0.74443 0.129738 0.105421 0.0220178
0 0.116561 0.937848 0.0335883 0.0222965
0 0.856169 0.694816 0.0641836 0.00557414
0 0.41869 0.468924 0.105088 0.0487737
0 0.527935 0.630017 0.031593 0.00585284
0 0.529099 0.477285 0.0498836 0.00919732
0 0.636016 0.543339 0.10409 0.272297
0 0.41869 0.798077 0.08713 0.020903
0 0.528434 0.86413 0.0911207 0.00696767
0 0.310276 0.620401 0.0904556 0.0267559
0 0.0295976 0.195234 0.0591952 0.213768
0 0.635517 0.178233 0.104423 0.0186734
0 0.855338 0.528846 0.102428 0.0197882
0 0.52727 0.908445 0.0688394 0.00585284
0 0.0285999 0.435758 0.034586 0.00641026
0 0.637679 0.740385 0.105421 0.0186734
0 0.855005 0.286371 0.0997672 0.0259197
0 0.526937 0.143952 0.10276 0.0186734
0 0.526937 0.383083 0.104756 0.0147715
0 0.635683 0.773272 0.105421 0.0721851
0 0.528267 0.742754 0.10409 0.0183946
0 0.639009 0.499025 0.0522115 0.00529543
0 0.853841 0.263935 0.102095 0.104236
0 0.307948 0.790691 0.0917858 0.025641
0 0.74576 0.585145 0.10409 0.0203456
0 0.96874 0.933668 0.034586 0.0680045
0 0.635351 0.792503 0.0542069 0.00696767
0 0.52727 0.305045 0.10409 0.0147715
0 0.744596 0.148551 0.106418 0.0451505
0 0.199368 0.911371 0.0967742 0.0150502
0 0.528267 0.585842 0.0428999 0.0039019
0 0.510476 0.323997 0.135683 0.239409
0 0.637512 0.604097 0.102428 0.0214604
0 0.5286 0.467949 0.0821417 0.0100334
0 0.528933 0.766583 0.10143 0.0253623
0 0.528101 0.723941 0.102428 0.0147715
0 0.527436 0.235786 0.102428 0.0183946
0 0.637346 0.392559 0.10409 0.0181159
0 0.853342 0.627369 0.104423 0.0222965
0 0.856169 0.909838 0.0941137 0.00752508
0 0.528101 0.397018 0.034586 0.0041806
0 0.310941 0.141304 0.0951114 0.0340022
0 0.854672 0.56257 0.0857998 0.00863991
0 0.854506 0.54947 0.0961091 0.0158863
0 0.637014 0.495819 0.0934486 0.00947603
0 0.0259395 0.367893 0.040572 0.101449
0 0.746425 0.366499 0.0482208 0.00501672
0 0.635683 0.767698 0.0555371 0.00641026
0 0.856169 0.231187 0.10143 0.0292642
0 0.526272 0.163601 0.104756 0.0156076
0 0.527602 0.124025 0.0522115 0.00668896
0 0.530096 0.317168 0.0379115 0.00557414
0 0.527935 0.341695 0.0455604 0.00724638
0 0.746092 0.630713 0.0475557 0.00557414
0 0.0460592 0.977425 0.0788161 0.0083612
0 0.440971 0.152871 0.0492185 0.0337235
0 0.636349 0.682832 0.0482208 0.00501672
0 0.638676 0.605212 0.0522115 0.00473802
0 0.63718 0.345736 0.105753 0.020903
0 0.744596 0.376812 0.105088 0.0289855
0 0.632358 0.821767 0.0688394 0.00975474
0 0.854672 0.260451 0.0997672 0.0220178
0 0.857167 0.884197 0.0615231 0.00473802
0 0.855005 0.219064 0.0977719 0.0117057
0 0.855338 0.566611 0.0658464 0.00557414
0 0.41869 0.611761 0.0685068 0.0167224
0 0.636515 0.817447 0.0319255 0.00780379
0 0.526771 0.585284 0.0884603 0.00613155
0 0.528101 0.441611 0.106418 0.0850056
0 0.527769 0.514353 0.0552045 0.00473802
0 0.527602 0.213071 0.102095 0.0248049
0 0.63718 0.438963 0.107083 0.074136
0 0.636681 0.120819 0.0595278 0.00641026
0 0.856169 0.81034 0.108081 0.0164437
0 0.744928 0.602007 0.057865 0.00445931
0 0.528101 0.571349 0.104423 0.0183946
0 0.745926 0.838071 0.0485534 0.00557414
0 0.0264383 0.47422 0.0422348 0.0861204
0 0.746425 0.852564 0.103425 0.0295429
0 0.527769 0.356884 0.105088 0.0170011
0 0.637845 0.369705 0.103093 0.0225753
0 0.856169 0.8318 0.108081 0.0236901
0 0.638344 0.589883 0.105421 0.0197882
0 0.41736 0.400223 0.0924509 0.0306577
0 0.853675 0.747352 0.108414 0.375975
0 0.532092 0.120819 0.057865 0.00696767
0 0.30878 0.407609 0.100765 0.0242475
0 0.526771 0.185619 0.104423 0.0250836
0 0.855171 0.785814 0.103425 0.0186734
0 0.0272697 0.93743 0.0445627 0.0292642
0 0.856003 0.820373 0.108414 0.0872352
0 0.745594 0.880992 0.103758 0.0234114
0 0.5286 0.474359 0.103425 0.0172798
0 0.636847 0.633501 0.0651812 0.00613155
0 0.528267 0.615245 0.10276 0.0164437
0 0.637014 0.781215 0.10276 0.0128205
0 0.636349 0.412765 0.105421 0.0167224
0 0.527769 0.32539 0.104423 0.0197882
0 0.417692 0.122074 0.0897905 0.0083612
0 0.745926 0.907191 0.103093 0.0250836
0 0.528101 0.453595 0.107083 0.0186734
0 0.856003 0.928094 0.108414 0.0490524
0 0.63718 0.801421 0.105753 0.0231327
0 0.52727 0.594342 0.106751 0.020903
0 0.856335 0.863434 0.107083 0.0312152
0 0.637845 0.512263 0.101763 0.0289855
0 0.528101 0.79529 0.0977719 0.0270346
0 0.418357 0.36204 0.0425673 0.0412486
0 0.856335 0.944259 0.109079 0.0150502
0 0.527103 0.43102 0.107083 0.0192308
0 0.855836 0.894231 0.106751 0.0220178
0 0.0242767 0.559086 0.0419022 0.0735786
0 0.637679 0.458333 0.10409 0.0225753
0 0.637014 0.69175 0.106751 0.0234114
0 0.637679 0.48286 0.104756 0.0203456
0 0.027436 0.880435 0.0395743 0.0574136
0 0.63718 0.433668 0.103758 0.0195095
0 0.418523 0.432971 0.0768208 0.0192308
0 0.528267 0.496795 0.106086 0.0248049
0 0.527602 0.36413 0.10409 0.0526756
0 0.526937 0.405797 0.106751 0.0222965
0 0.63718 0.56034 0.102428 0.0660535
0 0.52727 0.182274 0.106086 0.125418
0 0.85434 0.120541 0.0611906 0.00585284
0 0.0279348 0.655379 0.0419022 0.0961538
0 0.636847 0.734532 0.103758 0.0604794
0 0.746758 0.937152 0.10276 0.0292642
0 0.636847 0.618311 0.105088 0.0214604
0 0.526438 0.281912 0.105753 0.0621516
0 0.0285999 0.77592 0.0399069 0.108696
0 0.854506 0.589744 0.104756 0.0496098
0 0.636349 0.346293 0.105421 0.115106
0 0.74576 0.612598 0.104756 0.0245262
0 0.746092 0.643952 0.104756 0.0309365
0 0.529099 0.545011 0.106418 0.0638239
0 0.537413 0.0893255 0.75158 0.0431996
0 0.528101 0.719342 0.105088 0.180602
0 0.417858 0.189521 0.0987695 0.113155
0 0.745427 0.893116 0.10409 0.117336
0 0.855338 0.733696 0.105753 0.0816611
0 0.529099 0.833194 0.0924509 0.0337235
0 0.745095 0.815914 0.104756 0.0309365
0 0.528434 0.928233 0.101097 0.0454292
0 0.637845 0.658863 0.102428 0.0367893
0 0.636515 0.94398 0.102428 0.0133779
0 0.636349 0.266583 0.0994347 0.0287068
0 0.63585 0.853818 0.105753 0.0504459
0 0.746425 0.336957 0.106751 0.0440357
0 0.855005 0.652871 0.106418 0.0738573
0 0.314267 0.761427 0.0884603 0.0897436
0 0.63585 0.18311 0.105088 0.118729
0 0.744762 0.730909 0.106086 0.134615
0 0.390422 0.156076 0.0419022 0.0345596
0 0.5286 0.880992 0.102095 0.0423634
0 0.854839 0.382943 0.105421 0.343367
0 0.31011 0.447464 0.0974393 0.0331661
0 0.309777 0.645764 0.10143 0.0774805
0 0.418523 0.339326 0.0981044 0.158027
0 0.74443 0.214047 0.106751 0.19175
0 0.854174 0.17029 0.0927835 0.0663322
0 0.200532 0.927397 0.101097 0.043757
0 0.200865 0.876533 0.0991021 0.0373467
0 0.637346 0.907887 0.100765 0.0387402
0 0.310775 0.371377 0.106086 0.0989409
0 0.31011 0.220039 0.103425 0.191472
0 0.309278 0.92893 0.103093 0.0356745
0 0.418856 0.513657 0.106086 0.163322
0 0.745095 0.479654 0.107416 0.230769
0 0.418856 0.657051 0.106086 0.110089
0 0.420685 0.867614 0.0944463 0.154961
0 0.204523 0.382386 0.101763 0.249164
0 0.309611 0.860089 0.101097 0.0735786
0 0.310775 0.53442 0.0934486 0.111204
0 0.419022 0.749025 0.0997672 0.0565775
0 0.203359 0.187848 0.105421 0.137124
0 0.201862 0.649805 0.105753 0.0838907
0 0.201862 0.772575 0.105753 0.156076
0 0.203359 0.556717 0.103425 0.0978261
