0 0.373581 0.255102 0.107818 0.100097
0 0.774275 0.835034 0.218159 0.155977
0 0.542245 0.745141 0.129887 0.108358
0 0.707755 0.909864 0.168348 0.0646259
0 0.620113 0.382896 0.759773 0.549077
0 0.123266 0.760933 0.203657 0.0262391
0 0.601829 0.841108 0.116646 0.0204082
0 0.243064 0.170311 0.0889029 0.105442
0 0.0526482 0.441934 0.0687264 0.00728863
0 0.232976 0.564869 0.0851198 0.026725
0 0.14628 0.927843 0.250946 0.0451895
0 0.748739 0.658406 0.246532 0.0310982
0 0.145019 0.509475 0.263556 0.0413022
0 0.741488 0.401361 0.216898 0.0660836
0 0.471627 0.662536 0.185372 0.0276968
0 0.444199 0.781098 0.0712484 0.0315841
0 0.405107 0.552964 0.125473 0.02138
0 0.0523329 0.244898 0.0517024 0.0155491
0 0.465006 0.601312 0.249054 0.0772595
0 0.0898487 0.629738 0.140605 0.0262391
0 0.459332 0.453839 0.250315 0.187561
0 0.411412 0.883625 0.217528 0.13654
0 0.683796 0.780612 0.0762926 0.0238095
0 0.152585 0.413265 0.262295 0.0714286
0 0.122005 0.472303 0.199874 0.0310982
0 0.608449 0.157434 0.546028 0.179786
0 0.408575 0.743683 0.129887 0.109329
0 0.159521 0.0886783 0.271122 0.0315841
0 0.0955233 0.293732 0.14691 0.120019
0 0.608764 0.253887 0.313367 0.0801749
0 0.643443 0.887026 0.370113 0.11516
0 0.743695 0.5362 0.299496 0.207483
0 0.517654 0.476676 0.131148 0.107872
0 0.107188 0.164966 0.162673 0.0996113
0 0.709332 0.720117 0.168979 0.0864917
0 0.602459 0.632167 0.550441 0.622935
0 0.154477 0.24757 0.2686 0.364917
0 0.148171 0.591351 0.266078 0.272109
0 0.147226 0.851312 0.255359 0.20311
