0 0.224443 0.347269 0.36741 0.493868
0 0.818217 0.0813824 0.226749 0.0111483
0 0.227133 0.214604 0.33897 0.122631
0 0.230592 0.51505 0.347425 0.513935
0 0.308993 0.950669 0.0860876 0.00947603
0 0.230208 0.716276 0.360492 0.505017
0 0.224058 0.124025 0.345119 0.0574136
0 0.493467 0.0827759 0.224443 0.0128205
0 0.224058 0.111761 0.320523 0.0273133
0 0.231745 0.908863 0.328209 0.0785953
0 0.231745 0.744426 0.335895 0.067447
0 0.227133 0.823579 0.349731 0.0518395
0 0.227902 0.481884 0.345119 0.0440357
0 0.667948 0.861483 0.467333 0.166667
0 0.227517 0.163043 0.3505 0.099777
0 0.229055 0.255295 0.335127 0.0468227
0 0.225596 0.663322 0.349731 0.0557414
0 0.667948 0.64019 0.501153 0.201226
0 0.233282 0.413322 0.332821 0.0540691
0 0.224443 0.331661 0.347425 0.0735786
0 0.846272 0.273133 0.173713 0.0535117
0 0.230208 0.571628 0.335895 0.0886288
0 0.667563 0.415273 0.412759 0.197324
0 0.669485 0.197603 0.17525 0.2068
0 0.491929 0.197046 0.176787 0.2068
0 0.845888 0.165831 0.172944 0.14214
