0 0.77381 0.766926 0.108974 0.00939423
0 0.901099 0.39472 0.121795 0.0191124
0 0.632097 0.762553 0.092033 0.0110139
0 0.768086 0.0767736 0.120421 0.0174927
0 0.238553 0.146259 0.128205 0.021056
0 0.912775 0.0631681 0.0837912 0.0058309
0 0.237866 0.233074 0.125916 0.0379009
0 0.238324 0.105928 0.128663 0.0272109
0 0.899725 0.827178 0.101648 0.00809848
0 0.900641 0.517493 0.126374 0.0165209
0 0.638736 0.275672 0.1163 0.0103661
0 0.10348 0.825883 0.122711 0.0333657
0 0.103709 0.163589 0.121337 0.0239715
0 0.900412 0.342404 0.125 0.0207321
0 0.10783 0.277616 0.104853 0.0103661
0 0.238095 0.337221 0.126374 0.0220279
0 0.505037 0.872044 0.122711 0.0362812
0 0.513049 0.898607 0.113095 0.0123097
0 0.102335 0.186751 0.0892857 0.0100421
0 0.237866 0.572562 0.128663 0.01069
0 0.771978 0.621315 0.123626 0.0401684
0 0.636218 0.795594 0.0938645 0.0110139
0 0.898123 0.744088 0.124084 0.0349854
0 0.898352 0.7023 0.124542 0.0129576
0 0.771978 0.543894 0.121795 0.00907029
0 0.636447 0.925494 0.129121 0.0116618
0 0.576236 0.921607 0.238553 0.0194363
0 0.238324 0.190152 0.125916 0.0395206
0 0.901328 0.429381 0.125 0.0145773
0 0.508242 0.0758018 0.127289 0.0155491
0 0.771749 0.659864 0.125 0.0395206
0 0.109203 0.378523 0.108516 0.0184645
0 0.501603 0.883058 0.106685 0.00971817
0 0.771749 0.567217 0.127747 0.0576612
0 0.899725 0.567541 0.100733 0.00971817
0 0.508929 0.767412 0.126832 0.0207321
0 0.114927 0.257208 0.0998169 0.0194363
0 0.239011 0.214124 0.126374 0.0336897
0 0.372024 0.478458 0.129579 0.0440557
0 0.899954 0.791059 0.125916 0.0349854
0 0.90087 0.439099 0.128663 0.0482669
0 0.899954 0.533852 0.128663 0.0447036
0 0.901557 0.458374 0.125458 0.0207321
0 0.899954 0.287334 0.128663 0.0855199
0 0.636905 0.77794 0.126374 0.042436
0 0.731227 0.790573 0.040293 0.0327179
0 0.637592 0.520246 0.119505 0.0129576
0 0.899267 0.085034 0.127289 0.0255912
0 0.902244 0.489148 0.126832 0.0336897
0 0.899267 0.624393 0.128205 0.0152251
0 0.237408 0.0758018 0.124084 0.0194363
0 0.89881 0.366051 0.126374 0.0751539
0 0.104625 0.648364 0.119505 0.0547457
0 0.50641 0.743764 0.127289 0.0732102
0 0.772436 0.701652 0.125458 0.0369291
0 0.637134 0.906706 0.126832 0.0453515
0 0.901328 0.234856 0.134158 0.326531
0 0.862179 0.858439 0.0357143 0.031746
0 0.771749 0.653871 0.127747 0.200518
0 0.900183 0.665047 0.126374 0.0550696
0 0.902015 0.488014 0.128205 0.141561
0 0.507097 0.374959 0.125916 0.162293
0 0.104853 0.210722 0.126374 0.0599287
0 0.899725 0.596858 0.129121 0.0677033
0 0.238095 0.144315 0.128205 0.103984
0 0.772665 0.739553 0.125916 0.031746
0 0.769689 0.304179 0.129121 0.469064
0 0.507326 0.834629 0.126374 0.0981535
0 0.238095 0.272919 0.127289 0.155167
0 0.900412 0.75332 0.127747 0.111111
0 0.638507 0.81989 0.132326 0.121801
0 0.5087 0.688695 0.128205 0.0362812
0 0.104853 0.329932 0.127289 0.113055
0 0.50641 0.181892 0.132784 0.225786
0 0.509615 0.912536 0.123626 0.0369291
0 0.63576 0.166343 0.128663 0.19404
0 0.507784 0.561872 0.126374 0.200518
0 0.103709 0.537091 0.129579 0.268222
0 0.239698 0.874474 0.129579 0.113703
0 0.103251 0.77713 0.132326 0.130871
0 0.373855 0.888079 0.127747 0.0839002
0 0.238782 0.3701 0.126832 0.0359572
0 0.635302 0.388565 0.13141 0.241983
0 0.104853 0.908649 0.127289 0.0434078
0 0.771291 0.91529 0.127747 0.0333657
0 0.375 0.671526 0.129121 0.335601
0 0.239011 0.764172 0.130037 0.1069
0 0.238553 0.516359 0.130037 0.0926466
0 0.23924 0.44817 0.127747 0.0385488
0 0.104396 0.120829 0.127289 0.108196
0 0.238553 0.408001 0.126374 0.0353094
0 0.901557 0.877875 0.124542 0.107548
0 0.638049 0.633139 0.13141 0.238743
0 0.77152 0.825559 0.128205 0.1299
0 0.238553 0.638646 0.130952 0.140266
0 0.371795 0.119695 0.126374 0.106576
0 0.373626 0.418367 0.130037 0.163589
0 0.373168 0.255426 0.129121 0.153871
