0 0.427448 0.403828 0.854897 0.786776
0 0.40611 0.278235 0.120395 0.0262575
0 0.822552 0.828852 0.150045 0.163872
0 0.384996 0.622904 0.733154 0.754192
0 0.342318 0.47833 0.142857 0.160076
0 0.788859 0.232838 0.0844564 0.0158178
0 0.427898 0.476906 0.57637 0.163556
0 0.2646 0.234103 0.146451 0.0170832
0 0.498652 0.135558 0.715184 0.100285
0 0.418239 0.476748 0.317161 0.166403
0 0.173854 0.478646 0.12938 0.164505
0 0.337826 0.654065 0.466307 0.163556
0 0.306379 0.302752 0.391734 0.159443
0 0.288859 0.830275 0.37646 0.166719
0 0.745508 0.653116 0.321204 0.160392
0 0.726415 0.298165 0.385445 0.160392
0 0.71496 0.828852 0.380503 0.167668
0 0.754492 0.475482 0.314016 0.160076
