0 0.830182 0.280116 0.150545 0.0580552
0 0.340364 0.386551 0.122182 0.0232221
0 0.665818 0.744557 0.456 0.0609579
0 0.643273 0.550314 0.0690909 0.0246734
0 0.864727 0.798984 0.0727273 0.0488631
0 0.499636 0.805757 0.0654545 0.0556362
0 0.759273 0.214804 0.264727 0.0222545
0 0.209091 0.14538 0.249455 0.0188679
0 0.254909 0.0977262 0.221818 0.0416062
0 0.669455 0.304064 0.130182 0.112724
0 0.504727 0.668844 0.16 0.0488631
0 0.674909 0.828979 0.456727 0.240445
0 0.765818 0.327044 0.305455 0.163522
0 0.332364 0.469037 0.158545 0.12627
0 0.242182 0.746009 0.301091 0.410256
0 0.502182 0.53822 0.163636 0.193033
0 0.335273 0.276971 0.16 0.236575
0 0.753455 0.548863 0.308364 0.255926
0 0.163273 0.344461 0.172364 0.367683
0 0.759273 0.13643 0.261818 0.0977262
0 0.507636 0.252298 0.162909 0.358491
