0 0.8946 0.466634 0.2028 0.144206
0 0.7432 0.457357 0.0688 0.00911458
0 0.3948 0.59554 0.124 0.250977
0 0.1954 0.602702 0.2188 0.420247
0 0.6196 0.781901 0.0368 0.0136719
0 0.1574 0.942871 0.1396 0.0100911
0 0.743 0.531087 0.0716 0.0107422
0 0.7408 0.429688 0.0832 0.063151
0 0.5208 0.399089 0.404 0.798177
0 0.7408 0.500326 0.0624 0.0651042
0 0.1944 0.0826823 0.212 0.0677083
0 0.1868 0.896647 0.1984 0.0458984
0 0.8414 0.285807 0.3172 0.559896
0 0.5056 0.895833 0.344 0.193359
0 0.8456 0.767253 0.3088 0.447266
0 0.1958 0.575195 0.2132 0.127604
0 0.1936 0.203288 0.2152 0.311523
0 0.195 0.433431 0.2116 0.131185
0 0.1864 0.816732 0.1896 0.094401
0 0.1918 0.697917 0.206 0.0911458
