0 0.623412 0.117428 0.0647756 0.0385488
0 0.79022 0.857629 0.0529213 0.00550696
0 0.128281 0.824263 0.0982218 0.0333657
0 0.13569 0.416586 0.0893311 0.0129576
0 0.524344 0.514415 0.124047 0.0181406
0 0.267358 0.602851 0.107113 0.0174927
0 0.524555 0.0855199 0.11177 0.0375769
0 0.788103 0.806284 0.11304 0.0136054
0 0.1395 0.467282 0.119814 0.0437318
0 0.518205 0.484451 0.0965284 0.0262391
0 0.502964 0.582604 0.0702794 0.00939423
0 0.821338 0.609329 0.0474174 0.0388727
0 0.396698 0.508746 0.129551 0.0450275
0 0.137384 0.547619 0.118967 0.0353094
0 0.13442 0.152251 0.112193 0.0155491
0 0.39818 0.620505 0.116427 0.0217039
0 0.142041 0.927924 0.121507 0.0340136
0 0.399238 0.651927 0.120237 0.0340136
0 0.650296 0.0625202 0.0660457 0.00842242
0 0.658975 0.935536 0.124047 0.00842242
0 0.789797 0.572724 0.105419 0.0110139
0 0.788738 0.644801 0.121931 0.01069
0 0.136749 0.226109 0.0821338 0.00777454
0 0.910034 0.495465 0.12066 0.0275348
0 0.653683 0.102203 0.122777 0.0741821
0 0.915326 0.822805 0.126164 0.0259151
0 0.913844 0.613541 0.114733 0.0725624
0 0.397756 0.58714 0.111346 0.0391966
0 0.789797 0.601555 0.11812 0.0602527
0 0.620237 0.936346 0.0465707 0.0074506
0 0.132515 0.0685131 0.103302 0.00874636
0 0.347798 0.134921 0.160457 0.116942
0 0.132515 0.813249 0.0795936 0.0152251
0 0.527731 0.473761 0.0707028 0.015873
0 0.915326 0.851312 0.11939 0.0110139
0 0.851185 0.0694849 0.241744 0.0132815
0 0.856478 0.133463 0.116003 0.0926466
0 0.787045 0.529155 0.123624 0.0897311
0 0.396909 0.561063 0.1105 0.0408163
0 0.915538 0.860706 0.126588 0.0356333
0 0.269475 0.403466 0.102879 0.0197603
0 0.523497 0.0749919 0.0986452 0.0113379
0 0.788103 0.728377 0.11812 0.13573
0 0.394581 0.52219 0.125318 0.0149012
0 0.395216 0.501944 0.127434 0.0145773
0 0.759737 0.606576 0.0520745 0.042436
0 0.914056 0.746194 0.132938 0.176547
0 0.852456 0.564302 0.250212 0.168448
0 0.32917 0.220926 0.195174 0.294137
0 0.914479 0.912212 0.124471 0.0544218
0 0.137384 0.179138 0.125741 0.0680272
0 0.845258 0.271299 0.23243 0.392938
0 0.265665 0.443635 0.124047 0.068999
0 0.13696 0.874474 0.129975 0.141561
0 0.13315 0.108844 0.11812 0.0621963
0 0.399661 0.925818 0.358171 0.0310982
0 0.528154 0.624879 0.12066 0.0278588
0 0.78768 0.898445 0.123201 0.0871396
0 0.39818 0.604956 0.121507 0.128604
0 0.524132 0.526887 0.124471 0.122773
0 0.78768 0.825559 0.12066 0.047619
0 0.654107 0.247489 0.122777 0.366699
0 0.911092 0.545028 0.122777 0.0618724
0 0.523709 0.111111 0.120237 0.047943
0 0.137595 0.5 0.125318 0.137674
0 0.267146 0.564788 0.123624 0.047619
0 0.528577 0.659378 0.121507 0.0229997
0 0.137807 0.324425 0.12066 0.199223
0 0.266511 0.510528 0.124047 0.0485909
0 0.657917 0.900713 0.128704 0.0482669
0 0.52392 0.16861 0.122354 0.05345
0 0.2663 0.635568 0.127858 0.0809848
0 0.524132 0.290411 0.122777 0.0547457
0 0.524344 0.229349 0.123201 0.0550696
0 0.656859 0.551182 0.129128 0.231616
0 0.394793 0.437642 0.128281 0.0965338
0 0.65834 0.845643 0.130398 0.05345
0 0.393311 0.800615 0.34801 0.206997
0 0.525191 0.420635 0.121507 0.0702948
0 0.522862 0.352446 0.124471 0.0550696
0 0.136749 0.690152 0.127011 0.208941
0 0.658129 0.744412 0.130821 0.14059
