0 0.888528 0.0616862 0.136364 0.00813802
0 0.727543 0.473633 0.132576 0.0384115
0 0.501082 0.9139 0.170996 0.0192057
0 0.572511 0.455404 0.134199 0.109375
0 0.883929 0.0514323 0.143398 0.0292969
0 0.107955 0.454753 0.127164 0.0371094
0 0.708874 0.952962 0.0660173 0.0283203
0 0.726732 0.391764 0.13961 0.0179036
0 0.0849567 0.80599 0.0649351 0.00716146
0 0.8796 0.397786 0.122835 0.0273438
0 0.879329 0.488932 0.128788 0.0390625
0 0.743777 0.738118 0.29816 0.0107422
0 0.26434 0.0540365 0.476732 0.0279948
0 0.503247 0.945964 0.254329 0.015625
0 0.170996 0.947591 0.16342 0.0123698
0 0.185065 0.736654 0.25974 0.00911458
0 0.808171 0.953125 0.281926 0.0286458
0 0.80276 0.372721 0.222403 0.00976562
0 0.412067 0.458496 0.135823 0.560221
0 0.496212 0.77832 0.875541 0.0351562
0 0.878517 0.445801 0.127164 0.127279
0 0.254058 0.20166 0.099026 0.0361328
0 0.306818 0.128255 0.540043 0.0735677
0 0.724297 0.444173 0.142316 0.12793
0 0.566558 0.340658 0.142857 0.337565
0 0.258387 0.352702 0.133658 0.241862
0 0.105249 0.322266 0.137987 0.295573
0 0.132576 0.861816 0.172078 0.120768
0 0.798431 0.230143 0.289502 0.273438
0 0.86039 0.862142 0.17316 0.119466
0 0.182359 0.600911 0.296537 0.246094
0 0.498377 0.862305 0.170996 0.125
0 0.720238 0.620605 0.439394 0.211263
0 0.314665 0.859375 0.170455 0.122396
0 0.679383 0.860514 0.165043 0.12207
