0 0.762646 0.167642 0.113273 0.109593
0 0.0884133 0.156585 0.147428 0.00813008
0 0.880026 0.66065 0.108517 0.0217886
0 0.558798 0.0617886 0.233031 0.035122
0 0.761565 0.556423 0.111976 0.0286179
0 0.761997 0.704065 0.11284 0.0507317
0 0.763511 0.662927 0.110679 0.0250407
0 0.797882 0.0627642 0.130134 0.0143089
0 0.822525 0.643415 0.20709 0.0237398
0 0.465197 0.06 0.421963 0.0341463
0 0.819931 0.665203 0.231301 0.0204878
0 0.52313 0.0920325 0.12019 0.0104065
0 0.471249 0.561463 0.14786 0.0146341
0 0.140942 0.0614634 0.185041 0.0338211
0 0.26524 0.760813 0.147428 0.0289431
0 0.818634 0.100163 0.190661 0.0247154
0 0.53329 0.399837 0.338521 0.022439
0 0.532858 0.673496 0.0946822 0.0260163
0 0.473411 0.566504 0.163424 0.0227642
0 0.821012 0.651707 0.217034 0.0396748
0 0.091872 0.118537 0.164721 0.0634146
0 0.75962 0.426667 0.111543 0.221789
0 0.412668 0.770569 0.117164 0.39252
0 0.762214 0.826667 0.112408 0.295285
0 0.530048 0.735772 0.115867 0.0829268
0 0.646563 0.855772 0.113705 0.227317
0 0.646563 0.640325 0.111976 0.201626
0 0.0933852 0.375122 0.171206 0.417236
0 0.87808 0.872033 0.115002 0.0569106
0 0.876783 0.936911 0.112408 0.0669919
0 0.529831 0.450732 0.11457 0.0708943
0 0.267402 0.875935 0.173368 0.189593
0 0.878297 0.800813 0.116299 0.0803252
0 0.761997 0.213659 0.113705 0.198374
0 0.529183 0.954634 0.114137 0.0334959
0 0.762214 0.584553 0.115002 0.0796748
0 0.0927367 0.784553 0.171639 0.389919
0 0.879161 0.509919 0.116299 0.230244
0 0.878297 0.71626 0.113705 0.0835772
0 0.646347 0.476098 0.115002 0.122927
0 0.530264 0.614309 0.116299 0.0741463
0 0.531128 0.519512 0.113705 0.0601626
0 0.267402 0.616748 0.172503 0.235772
0 0.877864 0.179512 0.116299 0.132683
0 0.877864 0.319837 0.117164 0.13561
0 0.527021 0.237886 0.318201 0.27935
0 0.530048 0.822927 0.115002 0.0835772
0 0.263727 0.205041 0.172936 0.235772
0 0.529183 0.901951 0.114137 0.0647154
0 0.413748 0.482276 0.115002 0.135285
0 0.268699 0.411382 0.175097 0.161951
