0 0.89975 0.95941 0.1605 0.0546125
0 0.728 0.407011 0.163 0.459041
0 0.087 0.342435 0.134 0.0154982
0 0.89725 0.72048 0.1515 0.0107011
0 0.872 0.0210332 0.088 0.0110701
0 0.08675 0.206827 0.1275 0.00848708
0 0.89625 0.914391 0.1455 0.0317343
0 0.08575 0.362362 0.1335 0.0191882
0 0.08525 0.351661 0.1355 0.0516605
0 0.2555 0.0710332 0.149 0.0549815
0 0.0855 0.365129 0.135 0.0446494
0 0.08575 0.38524 0.1345 0.0199262
0 0.14925 0.679151 0.2015 0.607749
0 0.8975 0.884317 0.164 0.0180812
0 0.08275 0.639668 0.1295 0.471956
0 0.897 0.886162 0.163 0.0867159
0 0.86175 0.682657 0.0935 0.0110701
0 0.085 0.25203 0.135 0.103321
0 0.0855 0.221402 0.134 0.0760148
0 0.08325 0.491144 0.1325 0.0560886
0 0.0835 0.442251 0.128 0.0542435
0 0.083 0.468266 0.133 0.100369
0 0.4315 0.0987085 0.829 0.119188
0 0.08625 0.237823 0.1335 0.0446494
0 0.08675 0.293727 0.1355 0.0642066
0 0.8965 0.941144 0.16 0.0859779
0 0.65075 0.097048 0.6435 0.115129
0 0.0875 0.189299 0.132 0.0147601
0 0.08125 0.774723 0.1305 0.416605
0 0.083 0.540406 0.133 0.0357934
0 0.8975 0.898155 0.166 0.19631
0 0.081 0.66476 0.129 0.27048
0 0.086 0.292066 0.137 0.215129
0 0.895 0.866605 0.158 0.0498155
0 0.0805 0.87952 0.128 0.215129
0 0.2315 0.587823 0.162 0.805166
0 0.39525 0.584317 0.1635 0.805535
0 0.7275 0.580074 0.162 0.798524
0 0.5615 0.583026 0.165 0.8
0 0.895 0.740221 0.163 0.0538745
0 0.89475 0.81476 0.1615 0.0391144
0 0.89575 0.428229 0.1645 0.506642
