0 0.74 0.859216 0.153 0.032656
0 0.7375 0.658745 0.157 0.058418
0 0.26525 0.937409 0.1545 0.0903483
0 0.74125 0.894049 0.1525 0.032656
0 0.739 0.58291 0.155 0.0410015
0 0.5825 0.840167 0.156 0.0185051
0 0.89825 0.169448 0.0595 0.00870827
0 0.7425 0.556422 0.146 0.0112482
0 0.73825 0.0934325 0.1575 0.141872
0 0.5825 0.778846 0.154 0.0214078
0 0.10575 0.845065 0.1555 0.277939
0 0.89875 0.677794 0.1555 0.0478955
0 0.89975 0.737482 0.1365 0.00907112
0 0.73925 0.551161 0.1575 0.677068
0 0.58125 0.746372 0.1595 0.0406386
0 0.741 0.0283019 0.15 0.0145138
0 0.23675 0.0578737 0.1015 0.0613208
0 0.582 0.806422 0.158 0.0293904
0 0.26325 0.521226 0.1545 0.179608
0 0.2655 0.431241 0.142 0.00979681
0 0.44325 0.0613208 0.1125 0.0609579
0 0.58175 0.867562 0.1585 0.0551524
0 0.739 0.507801 0.153 0.0758345
0 0.90125 0.970428 0.1595 0.0322932
0 0.10275 0.0642235 0.1505 0.0159652
0 0.7395 0.0440856 0.156 0.0446299
0 0.899 0.719521 0.155 0.0275762
0 0.1055 0.0858128 0.147 0.0134253
0 0.7415 0.582547 0.155 0.217344
0 0.89925 0.76016 0.1535 0.032656
0 0.73875 0.704282 0.1525 0.0246734
0 0.343 0.0558781 0.327 0.0682148
0 0.89925 0.881168 0.1605 0.205733
0 0.10425 0.430697 0.1625 0.689405
0 0.89925 0.41963 0.1555 0.503266
0 0.739 0.734761 0.155 0.0362845
0 0.74125 0.0856313 0.1535 0.0471698
0 0.7405 0.45664 0.153 0.0293904
0 0.74125 0.333636 0.1575 0.21807
0 0.74075 0.16328 0.1575 0.108853
0 0.10125 0.0453556 0.1545 0.0500726
0 0.58025 0.650218 0.1545 0.0362845
0 0.73925 0.813135 0.1555 0.117562
0 0.42325 0.405842 0.1575 0.614296
0 0.5805 0.941582 0.158 0.0885341
0 0.26275 0.708636 0.1555 0.54717
0 0.58075 0.563498 0.1565 0.135704
0 0.5825 0.810414 0.158 0.166546
0 0.5815 0.202649 0.155 0.352322
0 0.58025 0.693759 0.1545 0.0413643
0 0.26475 0.257983 0.1575 0.323657
0 0.582 0.41074 0.156 0.0522496
0 0.73925 0.930515 0.1555 0.104862
0 0.58 0.467707 0.156 0.0522496
0 0.8975 0.0912554 0.154 0.141147
0 0.42075 0.854136 0.1575 0.256168
