0 0.886 0.649324 0.122 0.0540541
0 0.9375 0.509797 0.075 0.0506757
0 0.2975 0.481081 0.051 0.00810811
0 0.385 0.596622 0.069 0.0695946
0 0.16125 0.207432 0.0745 0.0506757
0 0.3055 0.395777 0.19 0.0712838
0 0.13925 0.484797 0.0725 0.0114865
0 0.1145 0.196453 0.186 0.0922297
0 0.3025 0.920101 0.068 0.0983108
0 0.4565 0.480237 0.069 0.00844595
0 0.5 0.272128 0.081 0.00506757
0 0.30025 0.482601 0.0655 0.00777027
0 0.15 0.736993 0.278 0.435473
0 0.25225 0.625507 0.1295 0.0706081
0 0.88775 0.62973 0.1225 0.293919
0 0.38575 0.915203 0.0795 0.109459
0 0.4595 0.595608 0.067 0.0668919
0 0.8935 0.961655 0.142 0.0179054
0 0.37925 0.653209 0.0685 0.00912162
0 0.87225 0.623986 0.0535 0.00675676
0 0.07525 0.955236 0.0855 0.0307432
0 0.08025 0.602703 0.1095 0.0243243
0 0.2825 0.480743 0.073 0.00743243
0 0.38375 0.658277 0.0755 0.00912162
0 0.07225 0.208784 0.0925 0.0506757
0 0.06125 0.492905 0.0575 0.0256757
0 0.23375 0.726689 0.1365 0.444595
0 0.44925 0.482432 0.0725 0.00945946
0 0.46875 0.768919 0.0445 0.0554054
0 0.5635 0.831419 0.118 0.277027
0 0.93775 0.479392 0.0645 0.00878378
0 0.45975 0.553547 0.0635 0.151689
0 0.22425 0.594932 0.0855 0.0222973
0 0.39225 0.849831 0.0855 0.236149
0 0.3845 0.641047 0.073 0.0226351
0 0.4595 0.519426 0.067 0.0820946
0 0.88975 0.7375 0.1385 0.0695946
0 0.86625 0.508953 0.0725 0.0530405
0 0.49525 0.163007 0.0765 0.0118243
0 0.879 0.569932 0.101 0.102027
0 0.74225 0.496791 0.1505 0.0415541
0 0.4585 0.695101 0.06 0.0766892
0 0.6205 0.504561 0.07 0.0550676
0 0.93275 0.481757 0.0715 0.00878378
0 0.89475 0.548986 0.1395 0.138514
0 0.25925 0.73125 0.1415 0.263176
0 0.70275 0.499155 0.0735 0.0435811
0 0.90225 0.699662 0.1605 0.14527
0 0.40725 0.641385 0.1285 0.0219595
0 0.895 0.915541 0.147 0.110811
0 0.1145 0.209628 0.182 0.0523649
0 0.41775 0.557601 0.1505 0.155743
0 0.89625 0.873818 0.1505 0.190203
0 0.89425 0.818581 0.1465 0.0844595
0 0.5455 0.539696 0.076 0.00641892
0 0.565 0.615034 0.117 0.150338
0 0.68925 0.091723 0.1195 0.0152027
0 0.4165 0.693581 0.147 0.0817568
0 0.5565 0.506926 0.106 0.0523649
0 0.8955 0.733108 0.143 0.496622
0 0.2495 0.554561 0.128 0.0557432
0 0.567 0.747128 0.129 0.427365
0 0.25525 0.5 0.1445 0.0432432
0 0.11475 0.150169 0.1855 0.0584459
0 0.387 0.558953 0.079 0.156419
0 0.2275 0.914189 0.079 0.110811
0 0.38725 0.693581 0.0835 0.0783784
0 0.11325 0.302027 0.1895 0.236486
0 0.49225 0.454392 0.3865 0.0222973
0 0.7425 0.731588 0.15 0.459797
0 0.0875 0.456926 0.122 0.0287162
0 0.41725 0.852703 0.1495 0.232432
0 0.25275 0.915203 0.1405 0.110811
0 0.76525 0.454223 0.1285 0.0280405
0 0.1015 0.727365 0.154 0.489189
0 0.22775 0.45625 0.1285 0.0287162
0 0.9135 0.454223 0.128 0.0239865
0 0.6915 0.391892 0.185 0.0756757
0 0.692 0.150676 0.186 0.131081
0 0.305 0.231926 0.189 0.39223
0 0.693 0.0559122 0.186 0.0435811
0 0.69125 0.291047 0.1855 0.129392
0 0.88575 0.0773649 0.1895 0.0918919
0 0.884 0.272466 0.194 0.293581
0 0.1175 0.0728041 0.186 0.0726351
0 0.49925 0.210304 0.1915 0.107095
0 0.501 0.350338 0.192 0.162162
0 0.499 0.0920608 0.194 0.115203
