0 0.29175 0.895809 0.0715 0.00845829
0 0.82725 0.226451 0.3065 0.0876586
0 0.3595 0.225682 0.476 0.0207612
0 0.4995 0.953479 0.293 0.0107651
0 0.8345 0.494233 0.295 0.0165321
0 0.484 0.0645905 0.624 0.12303
0 0.171 0.931565 0.316 0.0645905
0 0.364 0.204537 0.576 0.0638216
0 0.096 0.0661284 0.147 0.0899654
0 0.827 0.939831 0.318 0.0396002
0 0.1715 0.57228 0.321 0.647059
0 0.89875 0.0655517 0.1535 0.0995771
0 0.8265 0.336986 0.319 0.32103
0 0.50275 0.37351 0.3175 0.242599
0 0.82725 0.827566 0.3145 0.166474
0 0.82925 0.624183 0.3135 0.216455
0 0.49975 0.725875 0.3165 0.41907
