0 0.31825 0.35628 0.0615 0.00512633
0 0.5635 0.143903 0.056 0.00805566
0 0.356 0.655438 0.124 0.0183083
0 0.1465 0.878433 0.227 0.0388136
0 0.633 0.103625 0.06 0.0388136
0 0.63 0.146466 0.073 0.0388136
0 0.4745 0.248261 0.045 0.00732332
0 0.225 0.966679 0.057 0.0270963
0 0.069 0.965947 0.053 0.026364
0 0.75475 0.102343 0.1425 0.0377151
0 0.72775 0.648847 0.0375 0.00659099
0 0.72425 0.221164 0.0605 0.026364
0 0.15525 0.474735 0.2605 0.0142805
0 0.7475 0.177408 0.16 0.1461
0 0.9105 0.579641 0.112 0.0615159
0 0.603 0.211095 0.09 0.0853167
0 0.49375 0.954595 0.1295 0.0571219
0 0.47125 0.217503 0.0555 0.024167
0 0.6905 0.772245 0.17 0.0278286
0 0.91275 0.46851 0.1135 0.0208715
0 0.67825 0.249542 0.0525 0.0252655
0 0.7685 0.95844 0.128 0.0435738
0 0.91125 0.437935 0.1125 0.0366166
0 0.14425 0.756866 0.0475 0.00439399
0 0.47425 0.105822 0.0835 0.037349
0 0.09225 0.921824 0.1045 0.0472354
0 0.2065 0.920359 0.101 0.0465031
0 0.14625 0.96613 0.0845 0.0208715
0 0.6005 0.260344 0.065 0.017576
0 0.91125 0.508239 0.1145 0.0541926
0 0.562 0.108568 0.069 0.0552911
0 0.77 0.806298 0.132 0.0300256
0 0.15175 0.920908 0.2325 0.117906
0 0.15225 0.454046 0.2625 0.0168436
0 0.63525 0.0627975 0.3645 0.0208715
0 0.53375 0.770048 0.5155 0.026364
0 0.1475 0.809227 0.245 0.0937386
0 0.77075 0.887221 0.1325 0.193336
0 0.213 0.720615 0.127 0.0497986
0 0.629 0.172464 0.4 0.186745
0 0.2195 0.524167 0.402 0.0984987
0 0.0825 0.180154 0.115 0.0717686
0 0.56375 0.616441 0.2685 0.0384475
0 0.91175 0.515013 0.1175 0.19004
0 0.35375 0.662761 0.1285 0.166972
0 0.6335 0.40974 0.128 0.101794
0 0.7705 0.367448 0.132 0.185646
0 0.2075 0.0889784 0.368 0.0886122
0 0.21275 0.6342 0.1275 0.115709
0 0.632 0.312523 0.129 0.0728671
0 0.9095 0.138045 0.113 0.175027
0 0.35575 0.406628 0.1295 0.105822
0 0.494 0.888502 0.13 0.190773
0 0.214 0.179788 0.134 0.0725009
0 0.90775 0.695899 0.1155 0.167338
0 0.35425 0.246064 0.1325 0.204321
0 0.911 0.324423 0.119 0.186012
0 0.63075 0.887038 0.1295 0.195899
0 0.5655 0.531673 0.265 0.1223
0 0.4945 0.366532 0.134 0.187477
0 0.35675 0.889418 0.1305 0.190406
0 0.9075 0.883559 0.119 0.194068
0 0.0815 0.666606 0.127 0.164409
0 0.15075 0.329183 0.2565 0.217503
0 0.77075 0.551629 0.1315 0.164409
0 0.7705 0.693885 0.13 0.10033
0 0.49325 0.691871 0.1315 0.108751
0 0.632 0.691505 0.132 0.108019
