0 0.3925 0.235022 0.217 0.0132406
0 0.18925 0.742635 0.1115 0.00827541
0 0.65125 0.392916 0.1185 0.0231711
0 0.61475 0.363621 0.1975 0.0367428
0 0.328 0.0170473 0.137 0.0109235
0 0.367 0.940252 0.164 0.0115856
0 0.38425 0.6857 0.2235 0.122145
0 0.3815 0.210361 0.241 0.102946
0 0.32125 0.0873883 0.1215 0.0801059
0 0.32375 0.0327706 0.1275 0.0443562
0 0.14225 0.80619 0.0715 0.00628931
0 0.07725 0.625124 0.0915 0.0513075
0 0.13725 0.0182059 0.2085 0.0172128
0 0.33625 0.531447 0.1235 0.0380669
0 0.92325 0.986925 0.0425 0.00893744
0 0.14125 0.666501 0.2275 0.0182059
0 0.3395 0.583251 0.126 0.0655412
0 0.14175 0.962926 0.2235 0.0158888
0 0.2245 0.37289 0.059 0.00959947
0 0.1395 0.129427 0.238 0.258193
0 0.18875 0.623469 0.1295 0.0486594
0 0.6135 0.618338 0.203 0.0258193
0 0.13975 0.919729 0.2185 0.0148957
0 0.221 0.301225 0.052 0.00926845
0 0.223 0.336147 0.064 0.0526316
0 0.1415 0.861635 0.202 0.00993049
0 0.14625 0.201754 0.1585 0.00959947
0 0.13975 0.975174 0.2295 0.0284674
0 0.14175 0.342767 0.2355 0.202913
0 0.38975 0.38431 0.2035 0.0105925
0 0.3785 0.948693 0.211 0.0139027
0 0.86175 0.155412 0.2375 0.0837471
0 0.382 0.357001 0.232 0.0380669
0 0.6215 0.413605 0.138 0.00628931
0 0.3355 0.97236 0.123 0.0307845
0 0.624 0.643165 0.092 0.00728236
0 0.541 0.617345 0.081 0.0244952
0 0.14025 0.657233 0.2395 0.0122476
0 0.1435 0.582092 0.223 0.0235022
0 0.3275 0.463588 0.111 0.148626
0 0.37825 0.211188 0.2075 0.0297915
0 0.13775 0.397219 0.2295 0.0364118
0 0.141 0.945217 0.23 0.0440252
0 0.6145 0.368752 0.178 0.0105925
0 0.1395 0.743462 0.215 0.0165508
0 0.14175 0.835319 0.2285 0.310824
0 0.621 0.35005 0.217 0.0168818
0 0.1375 0.521351 0.219 0.0350877
0 0.3805 0.96243 0.227 0.0526316
0 0.136 0.337802 0.227 0.0559417
0 0.145 0.615856 0.234 0.0890434
0 0.13975 0.816286 0.2175 0.0278054
0 0.14125 0.776233 0.2165 0.0443562
0 0.1405 0.435783 0.228 0.0274743
0 0.14075 0.843098 0.2175 0.0158888
0 0.13325 0.714002 0.2115 0.041046
0 0.13925 0.908143 0.2175 0.020854
0 0.13775 0.116849 0.2345 0.0344257
0 0.142 0.475505 0.228 0.0446872
0 0.1445 0.556769 0.22 0.0244952
0 0.61525 0.384972 0.2035 0.041708
0 0.14025 0.678914 0.2235 0.0231711
0 0.1375 0.0524661 0.235 0.0844091
0 0.13975 0.873883 0.2165 0.0350877
0 0.13625 0.164846 0.2305 0.0529626
0 0.385 0.309997 0.231 0.134062
0 0.38125 0.164846 0.2425 0.0562728
0 0.141 0.248759 0.233 0.0923535
0 0.62075 0.977491 0.2455 0.0291294
0 0.3865 0.559583 0.232 0.365111
0 0.6235 0.508606 0.224 0.190334
0 0.38 0.0708375 0.249 0.122476
0 0.86225 0.497683 0.2415 0.775571
0 0.6215 0.728898 0.241 0.179411
0 0.86025 0.935948 0.1775 0.0777888
0 0.62 0.177259 0.221 0.340616
0 0.37975 0.843429 0.2355 0.175439
0 0.859 0.0599139 0.24 0.0979808
0 0.6205 0.890434 0.238 0.139027
