0 0.544997 0.910861 0.0785182 0.00631981
0 0.847896 0.123898 0.239783 0.0340976
0 0.192974 0.744121 0.115764 0.102587
0 0.945843 0.693122 0.0438897 0.0399765
0 0.680693 0.913654 0.0612039 0.00514403
0 0.619791 0.0553351 0.69237 0.0524691
0 0.677069 0.344062 0.0684518 0.0396825
0 0.235857 0.187169 0.12422 0.0169018
0 0.790215 0.320988 0.121603 0.240153
0 0.487014 0.0551881 0.391786 0.0486479
0 0.611838 0.46311 0.231931 0.0355673
0 0.908798 0.928351 0.0950272 0.0263081
0 0.751762 0.559965 0.156231 0.34127
0 0.239179 0.162845 0.132072 0.0520282
0 0.848097 0.187684 0.245822 0.0258671
0 0.553251 0.82716 0.113147 0.159318
0 0.426213 0.124927 0.539964 0.0199882
0 0.610228 0.745517 0.206161 0.0110229
0 0.309845 0.654394 0.119992 0.329071
0 0.488424 0.0574662 0.469096 0.0758377
0 0.310348 0.58833 0.0924099 0.0208701
0 0.792027 0.773956 0.0934165 0.0129336
0 0.312764 0.933054 0.115764 0.0251323
0 0.132978 0.0972957 0.203141 0.010876
0 0.791021 0.481555 0.117576 0.551293
0 0.853131 0.0968548 0.22126 0.0117578
0 0.907489 0.844871 0.114959 0.0283657
0 0.907489 0.8046 0.112945 0.0521752
0 0.910912 0.691579 0.11818 0.0442387
0 0.311758 0.622355 0.116569 0.0339506
0 0.135595 0.0598912 0.20757 0.0606996
0 0.192772 0.462963 0.112945 0.0241035
0 0.908899 0.904174 0.0952285 0.0740741
0 0.54993 0.647928 0.117777 0.0468842
0 0.786893 0.841196 0.102879 0.106849
0 0.243507 0.43107 0.21361 0.0302763
0 0.429535 0.778513 0.110932 0.0723104
0 0.19096 0.624633 0.115764 0.341858
0 0.432454 0.446061 0.113549 0.0437978
0 0.909503 0.745664 0.116167 0.058642
0 0.853433 0.058642 0.221864 0.0617284
0 0.611133 0.930041 0.228508 0.0279248
0 0.611335 0.448045 0.232535 0.0656966
0 0.851319 0.15682 0.240588 0.0996473
0 0.310348 0.511537 0.117375 0.117137
0 0.430542 0.688639 0.113751 0.101264
0 0.909603 0.582084 0.115563 0.0733392
0 0.668915 0.584142 0.119388 0.216196
0 0.790014 0.921296 0.117979 0.0498236
0 0.311556 0.745444 0.118985 0.202528
0 0.671029 0.715094 0.117979 0.0398295
0 0.549024 0.704218 0.119589 0.0609935
0 0.550232 0.586567 0.115563 0.0699589
0 0.91212 0.326793 0.121401 0.236185
0 0.429434 0.883304 0.113549 0.12522
0 0.911214 0.496399 0.119187 0.0924456
0 0.430139 0.512125 0.11818 0.0709877
0 0.610529 0.826132 0.232132 0.1699
0 0.311355 0.89587 0.118985 0.0968548
0 0.0709684 0.908877 0.123012 0.0749559
0 0.192068 0.870958 0.116368 0.148442
0 0.430844 0.594136 0.116771 0.0786302
0 0.0763036 0.22597 0.116771 0.232363
0 0.911315 0.643519 0.119388 0.0454145
0 0.0709684 0.807393 0.122207 0.123016
0 0.0710691 0.658951 0.117576 0.163874
0 0.0745923 0.461199 0.118583 0.226925
0 0.550735 0.51602 0.114153 0.0634921
0 0.428025 0.275279 0.575398 0.271017
