0 0.245365 0.962365 0.128042 0.0160757
0 0.280417 0.75954 0.0672074 0.0449219
0 0.818559 0.719351 0.110274 0.503305
0 0.505311 0.924429 0.0797605 0.015625
0 0.717169 0.723933 0.0998455 0.501052
0 0.199305 0.684495 0.348011 0.0189303
0 0.299633 0.459736 0.129587 0.384014
0 0.280127 0.730469 0.0643105 0.0189303
0 0.408942 0.457482 0.10757 0.382812
0 0.505214 0.445012 0.0969486 0.340144
0 0.926516 0.282302 0.0948243 0.0195312
0 0.106315 0.904597 0.0461568 0.00420673
0 0.329181 0.126502 0.126883 0.0886418
0 0.0777327 0.324669 0.0940518 0.378606
0 0.285728 0.63732 0.0600618 0.0171274
0 0.207802 0.728741 0.0421012 0.00525841
0 0.927578 0.132437 0.102356 0.00826322
0 0.927868 0.164588 0.095983 0.0389123
0 0.20954 0.868164 0.0625724 0.0223858
0 0.378042 0.889874 0.112978 0.0246394
0 0.247682 0.905724 0.092893 0.00826322
0 0.927289 0.19058 0.0955968 0.0157752
0 0.926033 0.323768 0.0934724 0.015625
0 0.281286 0.709135 0.065083 0.0210337
0 0.926033 0.304763 0.0934724 0.01878
0 0.926709 0.25969 0.0932793 0.0217849
0 0.136732 0.888371 0.0733874 0.0159255
0 0.279452 0.863732 0.0629587 0.0667067
0 0.494786 0.871544 0.10506 0.0621995
0 0.0760912 0.337064 0.0911549 0.0945012
0 0.103805 0.905574 0.0967555 0.0103666
0 0.0658555 0.708008 0.0536887 0.0211839
0 0.297509 0.663236 0.514677 0.0160757
0 0.43511 0.964994 0.21321 0.0111178
0 0.926999 0.232497 0.0942449 0.0256911
0 0.209444 0.790865 0.0658555 0.0204327
0 0.403148 0.0606971 0.803978 0.0378606
0 0.0759946 0.170673 0.0925068 0.0495793
0 0.0663384 0.732798 0.0542681 0.0259916
0 0.17864 0.701022 0.0768637 0.00721154
0 0.065759 0.795898 0.0581306 0.205679
0 0.494496 0.789814 0.108343 0.233774
0 0.166956 0.75939 0.14774 0.124249
0 0.209251 0.766526 0.065083 0.0267428
0 0.0760912 0.305514 0.0892236 0.0277945
0 0.135284 0.844802 0.0701043 0.0234375
0 0.209637 0.890174 0.0674005 0.016226
0 0.209251 0.845027 0.0654693 0.0214844
0 0.134801 0.739032 0.0706837 0.0246394
0 0.927482 0.208233 0.0963693 0.016226
0 0.0645037 0.842323 0.0563924 0.0235877
0 0.209154 0.739558 0.0656624 0.0259916
0 0.133642 0.77494 0.0718424 0.0537861
0 0.208864 0.761418 0.0662418 0.0904447
0 0.0656624 0.760742 0.0529162 0.0244892
0 0.0646968 0.865986 0.0567787 0.0192308
0 0.870124 0.108098 0.21572 0.0572416
0 0.0652762 0.887395 0.0567787 0.01878
0 0.0649865 0.814678 0.0550406 0.027494
0 0.0757049 0.338642 0.0884511 0.03125
0 0.138953 0.105694 0.211085 0.0533353
0 0.0652762 0.787184 0.0540749 0.0232873
0 0.501931 0.125526 0.439552 0.073768
0 0.43482 0.947791 0.221128 0.0247897
0 0.173329 0.711088 0.146968 0.0279447
0 0.208671 0.864183 0.0658555 0.0658053
0 0.13567 0.867488 0.072808 0.0600962
0 0.120413 0.682016 0.14465 0.0157752
0 0.432213 0.921199 0.232908 0.0286959
0 0.818463 0.232948 0.0934724 0.0617488
0 0.25647 0.684345 0.103129 0.0189303
0 0.496717 0.214318 0.495558 0.0939002
0 0.813731 0.160907 0.110274 0.0661058
0 0.279838 0.797551 0.0672074 0.203876
0 0.10535 0.948768 0.136539 0.0477764
0 0.0749324 0.373122 0.0838161 0.0298978
0 0.187041 0.164814 0.107184 0.0600962
0 0.819139 0.300481 0.0932793 0.0594952
0 0.412032 0.78756 0.187524 0.233173
0 0.822132 0.880409 0.0965624 0.0525841
0 0.181248 0.233098 0.0955968 0.0575421
0 0.102935 0.913462 0.131325 0.023738
0 0.500193 0.299654 0.0957899 0.0572416
0 0.288046 0.362004 0.0955968 0.0554387
0 0.502221 0.430213 0.0932793 0.0521334
0 0.396678 0.299504 0.0865199 0.0545373
0 0.397837 0.369065 0.0872924 0.0677584
0 0.286887 0.297476 0.092893 0.0513822
0 0.501931 0.367338 0.0946311 0.0564904
0 0.821456 0.685171 0.095983 0.0572416
0 0.170722 0.816031 0.143299 0.0265925
0 0.181827 0.552359 0.097528 0.0545373
0 0.181634 0.616136 0.0936655 0.0609976
0 0.0780224 0.244216 0.0896099 0.090595
0 0.609888 0.433969 0.0965624 0.058143
0 0.286501 0.48768 0.0963693 0.0528846
0 0.926613 0.686523 0.0996524 0.0542368
0 0.609019 0.367338 0.0955968 0.0582933
0 0.609212 0.823768 0.0948243 0.0540865
0 0.607957 0.886869 0.0915411 0.0507812
0 0.399189 0.4997 0.0888374 0.0546875
0 0.286404 0.617188 0.0977211 0.0570913
0 0.397547 0.438326 0.0894168 0.0533353
0 0.822229 0.943885 0.0952105 0.0584435
0 0.609212 0.946815 0.0948243 0.0528846
0 0.927868 0.238356 0.0979143 0.185246
0 0.398706 0.621094 0.0886443 0.0504808
0 0.246234 0.937575 0.136732 0.0713642
0 0.502704 0.490084 0.0915411 0.0507812
0 0.608826 0.300481 0.0955968 0.0567909
0 0.181441 0.298903 0.095983 0.058744
0 0.610274 0.761418 0.0969486 0.0537861
0 0.820877 0.621995 0.0952105 0.0552885
0 0.820587 0.50293 0.0923136 0.0527344
0 0.925937 0.624324 0.0998455 0.0527344
0 0.820491 0.749925 0.094438 0.059345
0 0.82136 0.562049 0.0957899 0.0477764
0 0.926033 0.743915 0.0957899 0.0485276
0 0.92555 0.807692 0.0963693 0.0655048
0 0.181344 0.491211 0.0977211 0.0527344
0 0.0795674 0.485427 0.0899961 0.0537861
0 0.286501 0.424955 0.0940518 0.0536358
0 0.925454 0.877329 0.0957899 0.0572416
0 0.716203 0.758188 0.0936655 0.0548377
0 0.820491 0.438251 0.095983 0.0597957
0 0.716686 0.87823 0.0950174 0.0488281
0 0.0753187 0.425255 0.0911549 0.0491286
0 0.503959 0.552133 0.0917343 0.0552885
0 0.717072 0.303786 0.0911549 0.0646034
0 0.716493 0.942683 0.0915411 0.058744
0 0.611047 0.500901 0.0954036 0.0573918
0 0.716879 0.501803 0.0946311 0.0628005
0 0.610081 0.699219 0.0961761 0.0552885
0 0.502221 0.616887 0.0940518 0.0582933
0 0.716879 0.819111 0.0938586 0.0492788
0 0.715431 0.371169 0.089803 0.0530349
0 0.400444 0.561599 0.089803 0.0564904
0 0.0776362 0.617488 0.0814986 0.0537861
0 0.181634 0.36238 0.0971418 0.054988
0 0.716589 0.434796 0.092893 0.054387
0 0.718231 0.629057 0.0957899 0.0525841
0 0.287659 0.55296 0.099073 0.058143
0 0.925164 0.943059 0.0940518 0.0588942
0 0.820877 0.817383 0.0948243 0.0614483
0 0.926516 0.56235 0.0963693 0.0564904
0 0.717362 0.693209 0.0952105 0.0561899
0 0.609598 0.634766 0.0971418 0.0570913
0 0.181344 0.426833 0.0965624 0.0640024
0 0.610081 0.568284 0.0938586 0.0605469
0 0.0807261 0.550781 0.0888374 0.0621995
0 0.717169 0.567909 0.0940518 0.0537861
0 0.928158 0.499023 0.0992661 0.0539363
0 0.926323 0.438702 0.100232 0.0507812
0 0.925744 0.372296 0.0983005 0.0625
0 0.820587 0.369216 0.0954036 0.0602464
