0 0.518696 0.411546 0.495924 0.371525
0 0.592494 0.0724278 0.700872 0.0382504
0 0.348608 0.772003 0.161934 0.0231982
0 0.511808 0.688773 0.159404 0.0242607
0 0.389795 0.432885 0.218443 0.00867717
0 0.348889 0.741633 0.161934 0.0301045
0 0.864493 0.145653 0.161934 0.0348858
0 0.147175 0.459093 0.18808 0.331681
0 0.56438 0.110147 0.630025 0.033292
0 0.69314 0.910572 0.161091 0.0272711
0 0.521929 0.768815 0.167276 0.0352399
0 0.69567 0.160705 0.167838 0.0653444
0 0.522069 0.84629 0.161934 0.047813
0 0.519679 0.730211 0.166151 0.0352399
0 0.522491 0.803878 0.167276 0.0302816
0 0.522491 0.916327 0.165589 0.0837613
0 0.494799 0.0746414 0.436885 0.0384275
0 0.907506 0.0409067 0.0759067 0.00920843
0 0.692719 0.921463 0.162496 0.0490526
0 0.693281 0.934744 0.162496 0.0462192
0 0.148721 0.624491 0.0815294 0.00761466
0 0.147877 0.137241 0.101209 0.00885426
0 0.692437 0.823003 0.164183 0.0419692
0 0.146331 0.124845 0.116671 0.029042
0 0.728563 0.426864 0.0660669 0.00548964
0 0.691594 0.751727 0.162496 0.0304587
0 0.692156 0.784399 0.162496 0.0295732
0 0.494658 0.0414379 0.107113 0.0109793
0 0.587714 0.11422 0.54962 0.0198335
0 0.692016 0.870993 0.163902 0.0486984
0 0.693984 0.219231 0.166714 0.0428546
0 0.691875 0.703117 0.162496 0.0596777
0 0.876581 0.0733133 0.134383 0.0219586
0 0.150127 0.120152 0.116952 0.0164689
0 0.104864 0.0730476 0.127073 0.0214273
0 0.154203 0.626882 0.0936182 0.00991677
0 0.390919 0.444572 0.229688 0.0302816
0 0.860557 0.2558 0.0770312 0.0189481
0 0.149002 0.278909 0.0938994 0.0095626
0 0.645207 0.448734 0.229969 0.0191252
0 0.492831 0.659731 0.427326 0.0224898
0 0.507731 0.694085 0.138319 0.0242607
0 0.692859 0.814238 0.167276 0.280503
0 0.518977 0.834248 0.167557 0.244023
0 0.518555 0.548256 0.480461 0.173543
0 0.149705 0.362848 0.186955 0.141668
0 0.864352 0.184788 0.162778 0.110678
0 0.694687 0.183372 0.168119 0.113866
0 0.149002 0.205153 0.19061 0.117762
0 0.859573 0.759076 0.166714 0.383035
0 0.154203 0.70471 0.187518 0.129803
0 0.864493 0.413494 0.172055 0.296441
0 0.350576 0.817602 0.167557 0.285461
0 0.529519 0.335665 0.481586 0.1762
0 0.153641 0.815389 0.188642 0.0756154
0 0.149564 0.525235 0.189486 0.178148
0 0.352966 0.185762 0.166151 0.11298
0 0.149002 0.910926 0.181051 0.099876
0 0.523334 0.184169 0.166714 0.114751
