0 0.149928 0.499026 0.227706 0.10806
0 0.894805 0.518955 0.13824 0.0157662
0 0.153102 0.130912 0.16075 0.0386182
0 0.134199 0.8 0.177778 0.0357839
0 0.576046 0.637555 0.0865801 0.0124004
0 0.7114 0.610895 0.168543 0.0451727
0 0.530447 0.0980514 0.162771 0.0345438
0 0.88456 0.584588 0.161039 0.0127546
0 0.53925 0.860053 0.133045 0.0301151
0 0.710678 0.590345 0.164214 0.0139947
0 0.13088 0.464659 0.179798 0.0425155
0 0.552814 0.909743 0.176912 0.0643047
0 0.605916 0.429938 0.541703 0.0368468
0 0.154401 0.591054 0.218182 0.058636
0 0.709812 0.740301 0.164214 0.0297609
0 0.1557 0.747653 0.220202 0.0366696
0 0.156277 0.648273 0.220779 0.0409212
0 0.156277 0.69752 0.221356 0.0497786
0 0.712121 0.663596 0.170563 0.0485385
0 0.131457 0.204252 0.182684 0.0389725
0 0.708947 0.487157 0.170563 0.0527901
0 0.883838 0.564482 0.165368 0.0193091
0 0.71544 0.944198 0.0623377 0.00956599
0 0.710101 0.548184 0.165945 0.0582817
0 0.710101 0.467759 0.195382 0.0118689
0 0.726407 0.890877 0.0963925 0.0984942
0 0.396104 0.418689 0.229437 0.0132861
0 0.606205 0.831798 0.26176 0.0147033
0 0.476479 0.0971656 0.0554113 0.0249779
0 0.836797 0.54535 0.0724387 0.0100974
0 0.519481 0.748361 0.137951 0.026395
0 0.601587 0.0633304 0.616162 0.0221435
0 0.343723 0.622941 0.12583 0.00938884
0 0.494517 0.656864 0.0851371 0.00956599
0 0.603607 0.71178 0.622511 0.0212578
0 0.535498 0.677414 0.167677 0.0201949
0 0.886147 0.94659 0.163636 0.0118689
0 0.601154 0.445173 0.627994 0.0223206
0 0.881818 0.386891 0.169408 0.0124004
0 0.150216 0.108237 0.20404 0.110895
0 0.534055 0.797431 0.169986 0.0426927
0 0.711111 0.575465 0.170274 0.224801
0 0.622944 0.894597 0.307937 0.111957
0 0.361039 0.654384 0.16912 0.0680248
0 0.155411 0.605934 0.22886 0.326838
0 0.884848 0.613198 0.167965 0.144021
0 0.532179 0.144464 0.165079 0.0370239
0 0.88456 0.494154 0.167388 0.0678477
0 0.713276 0.774048 0.169408 0.0905226
0 0.154401 0.308149 0.231457 0.24535
0 0.880952 0.226926 0.176335 0.303277
0 0.360173 0.119398 0.165079 0.0871568
0 0.53925 0.28512 0.449928 0.208503
0 0.883983 0.832684 0.167965 0.209566
0 0.535065 0.55217 0.165657 0.18388
0 0.360462 0.839238 0.16912 0.227989
0 0.705195 0.119929 0.165368 0.0871568
0 0.36075 0.534632 0.169697 0.148804
0 0.1557 0.864482 0.22482 0.171125
