0 0.56429 0.328181 0.43382 0.0406769
0 0.796596 0.887895 0.0599676 0.0087862
0 0.793895 0.890172 0.15181 0.0113895
0 0.248514 0.675236 0.115613 0.0247315
0 0.0950837 0.520338 0.138304 0.0175724
0 0.876553 0.314676 0.0815775 0.0247315
0 0.246083 0.224048 0.168017 0.0432802
0 0.871961 0.403677 0.117774 0.0562968
0 0.622636 0.739668 0.473798 0.443866
0 0.287952 0.923527 0.0691518 0.0247315
0 0.118044 0.120241 0.0632091 0.00618288
0 0.598595 0.433941 0.0648298 0.0087862
0 0.569692 0.404165 0.385197 0.0540189
0 0.875743 0.477709 0.128579 0.0175724
0 0.642896 0.936056 0.163155 0.0237553
0 0.708536 0.410836 0.136683 0.0595509
0 0.599676 0.454279 0.0702323 0.0273349
0 0.636683 0.803612 0.136683 0.0270094
0 0.566991 0.39782 0.132361 0.12919
0 0.422474 0.408558 0.133982 0.0628051
0 0.148838 0.122193 0.162615 0.0725675
0 0.253917 0.440124 0.149109 0.0458835
0 0.254187 0.505044 0.147488 0.0709404
0 0.493517 0.815002 0.179903 0.0393752
0 0.198001 0.134722 0.0513236 0.0455581
0 0.248784 0.633583 0.0707726 0.0403514
0 0.257969 0.385291 0.155051 0.053368
0 0.256078 0.322974 0.15127 0.0680117
0 0.120475 0.136674 0.0756348 0.0364465
0 0.563479 0.846567 0.317666 0.0966482
0 0.47866 0.866254 0.149109 0.053368
0 0.633441 0.859909 0.143166 0.0471852
0 0.547542 0.288643 0.112912 0.0065083
0 0.635602 0.924992 0.450027 0.0484868
0 0.253917 0.547022 0.144787 0.0169216
0 0.787142 0.180605 0.117774 0.00585747
0 0.785251 0.288806 0.118314 0.00683371
0 0.0729335 0.731207 0.0918422 0.0520664
0 0.545111 0.179792 0.0983252 0.00683371
0 0.329822 0.180117 0.119395 0.00748454
0 0.0985954 0.593557 0.144246 0.0286365
0 0.567261 0.404979 0.121016 0.0452327
0 0.475959 0.751546 0.144787 0.0719167
0 0.0961642 0.547511 0.141545 0.0178978
0 0.254457 0.418484 0.153431 0.272698
0 0.250675 0.629841 0.128579 0.12138
0 0.635602 0.748942 0.156132 0.0693134
0 0.252026 0.209893 0.406807 0.0331923
0 0.36953 0.128376 0.211777 0.0933941
0 0.796056 0.835665 0.147488 0.0904653
0 0.602917 0.129027 0.223663 0.0920924
0 0.794435 0.739668 0.155051 0.0514156
0 0.602647 0.238366 0.224203 0.0946957
0 0.837385 0.237227 0.221502 0.0930687
0 0.877093 0.394891 0.126958 0.185161
0 0.558887 0.392125 0.425176 0.177677
0 0.637763 0.621217 0.327931 0.171168
0 0.841437 0.128213 0.224203 0.0911162
0 0.0929227 0.663846 0.122096 0.0579239
0 0.250675 0.254312 0.140465 0.051741
0 0.0983252 0.382525 0.144787 0.307517
0 0.176931 0.906281 0.309562 0.130817
0 0.1745 0.770745 0.287412 0.127237
0 0.403566 0.26082 0.145867 0.0615034
