0 0.108137 0.253187 0.0974304 0.01983
0 0.107602 0.73619 0.0910064 0.0828612
0 0.307816 0.454497 0.100642 0.0166431
0 0.40712 0.325956 0.0958244 0.0980878
0 0.511242 0.436084 0.0920771 0.0860482
0 0.205835 0.598265 0.0904711 0.0251416
0 0.304336 0.606941 0.100107 0.152975
0 0.507495 0.499469 0.0877944 0.0478045
0 0.606531 0.630666 0.0931478 0.0417847
0 0.207441 0.311792 0.0990364 0.122875
0 0.406585 0.595786 0.0990364 0.0194759
0 0.604122 0.306834 0.0979657 0.0619688
0 0.741435 0.525142 0.0567452 0.0311615
0 0.506959 0.614908 0.0888651 0.0910057
0 0.697805 0.389341 0.0851178 0.0180595
0 0.797645 0.0242564 0.105996 0.00885269
0 0.203426 0.688739 0.0974304 0.0502833
0 0.307816 0.470786 0.0995717 0.0570113
0 0.204764 0.0354108 0.0990364 0.0155807
0 0.155246 0.57932 0.180942 0.747875
0 0.600642 0.822415 0.0985011 0.0308074
0 0.405246 0.420857 0.0931478 0.0400142
0 0.407388 0.548513 0.0995717 0.0276204
0 0.205567 0.733003 0.0995717 0.197592
0 0.498662 0.0338173 0.109743 0.00885269
0 0.790418 0.483357 0.0690578 0.00637394
0 0.504283 0.262571 0.0920771 0.0293909
0 0.700482 0.10039 0.0968951 0.0308074
0 0.30621 0.760269 0.0974304 0.0956091
0 0.601445 0.461225 0.101178 0.0300991
0 0.107869 0.282047 0.0968951 0.120042
0 0.599036 0.0456799 0.0974304 0.0382436
0 0.405246 0.59915 0.100642 0.140227
0 0.106531 0.687854 0.0910064 0.049221
0 0.700482 0.0717068 0.0958244 0.0456799
0 0.205567 0.814979 0.0963597 0.0640935
0 0.406317 0.73619 0.0963597 0.0269122
0 0.203961 0.947415 0.0845824 0.0187677
0 0.308084 0.225567 0.0990364 0.258499
0 0.307816 0.430772 0.0995717 0.0534703
0 0.404979 0.854108 0.0904711 0.0531161
0 0.849304 0.434136 0.191113 0.0155807
0 0.507495 0.569405 0.0877944 0.0743626
0 0.69031 0.383499 0.0497859 0.00779037
0 0.505621 0.160588 0.0958244 0.0159348
0 0.701285 0.347911 0.0974304 0.088881
0 0.599036 0.793024 0.101713 0.0279745
0 0.694058 0.464235 0.0733405 0.0368272
0 0.895878 0.0589589 0.100107 0.0570113
0 0.307013 0.145184 0.0958244 0.026204
0 0.205835 0.560375 0.0776231 0.0343484
0 0.108137 0.228045 0.0995717 0.0283286
0 0.505621 0.733888 0.0936831 0.376416
0 0.106531 0.0408994 0.0995717 0.0265581
0 0.850107 0.414837 0.189507 0.0166431
0 0.2053 0.0957861 0.0979657 0.0371813
0 0.105728 0.778152 0.0926124 0.268059
0 0.308351 0.194405 0.0920771 0.0269122
0 0.796574 0.0851629 0.0920771 0.0378895
0 0.601178 0.892528 0.0995717 0.0173513
0 0.109743 0.52461 0.103854 0.163952
0 0.205835 0.839412 0.0990364 0.21636
0 0.20637 0.626416 0.0819058 0.0764873
0 0.702355 0.165014 0.0942184 0.0269122
0 0.308886 0.23318 0.0931478 0.0470963
0 0.207976 0.402266 0.0968951 0.065864
0 0.702088 0.206091 0.0926124 0.0488669
0 0.50348 0.203258 0.0968951 0.0842776
0 0.30621 0.907401 0.101713 0.0945467
0 0.50455 0.316926 0.0947537 0.149433
0 0.505889 0.373584 0.0963597 0.0382436
0 0.407388 0.776204 0.0952891 0.0488669
0 0.606799 0.363492 0.0872591 0.0768414
0 0.603319 0.856232 0.0899358 0.0354108
0 0.310225 0.328435 0.0958244 0.0279745
0 0.206103 0.857295 0.0985011 0.0325779
0 0.438169 0.205205 0.326017 0.360836
0 0.503212 0.886154 0.0952891 0.0208924
0 0.850375 0.384738 0.191113 0.0393059
0 0.795771 0.0509915 0.0808351 0.0481586
0 0.844486 0.321884 0.18576 0.0276204
0 0.204764 0.717068 0.0958244 0.0453258
0 0.309154 0.284171 0.0968951 0.0669263
0 0.796306 0.100212 0.0904711 0.0141643
0 0.600107 0.25 0.103854 0.266289
0 0.308351 0.369688 0.0963597 0.055949
0 0.106799 0.640404 0.0926124 0.0407224
0 0.506959 0.514341 0.0910064 0.226275
0 0.205032 0.780453 0.0985011 0.0552408
0 0.501606 0.0915368 0.100642 0.119334
0 0.84743 0.350567 0.195931 0.0219547
0 0.56076 0.0322238 0.0337259 0.00708215
0 0.702891 0.0233711 0.114561 0.00779037
0 0.308084 0.174752 0.0926124 0.0315156
0 0.406852 0.814979 0.0931478 0.0251416
0 0.602784 0.590297 0.0974304 0.036119
0 0.80273 0.92847 0.172912 0.0283286
0 0.405782 0.901558 0.0974304 0.109065
0 0.404176 0.386686 0.0899358 0.0113314
0 0.307013 0.103399 0.0990364 0.11119
0 0.503747 0.866856 0.0942184 0.0403683
0 0.205032 0.0522309 0.0995717 0.0485127
0 0.30621 0.0564802 0.0920771 0.0563031
0 0.105193 0.825779 0.0979657 0.0849858
0 0.603051 0.0993272 0.100107 0.135623
0 0.603319 0.430064 0.0985011 0.0881728
0 0.506156 0.811969 0.0926124 0.0701133
0 0.701017 0.135623 0.0958244 0.0318697
0 0.699679 0.0906516 0.0995717 0.137394
0 0.700214 0.0435552 0.0963597 0.0325779
0 0.206103 0.506551 0.0781585 0.139164
0 0.848501 0.462465 0.200214 0.036119
0 0.105193 0.0715297 0.0968951 0.055949
0 0.107334 0.16767 0.0979657 0.0662181
0 0.304604 0.626771 0.102784 0.647309
0 0.107066 0.376593 0.0974304 0.596671
0 0.207173 0.248229 0.0995717 0.424221
0 0.505086 0.718661 0.0915418 0.118626
0 0.406852 0.743803 0.0985011 0.408994
0 0.207441 0.914129 0.0936831 0.0825071
0 0.559422 0.669086 0.19379 0.552762
0 0.846895 0.135977 0.187366 0.0354108
0 0.601981 0.919795 0.101178 0.0754249
0 0.603854 0.830028 0.0985011 0.101983
0 0.408458 0.205914 0.100642 0.348088
0 0.603319 0.526558 0.100642 0.0913598
0 0.10439 0.914483 0.0995717 0.078966
0 0.803266 0.612075 0.206103 0.20432
0 0.106263 0.11597 0.0979657 0.0350567
0 0.601981 0.694228 0.10546 0.167493
0 0.702088 0.209278 0.0936831 0.332861
0 0.701017 0.433074 0.0958244 0.102691
0 0.50455 0.928116 0.0936831 0.055949
0 0.407923 0.464943 0.0985011 0.135269
0 0.850107 0.396424 0.194861 0.173867
0 0.840471 0.0676346 0.187366 0.0835694
0 0.804336 0.802762 0.231799 0.247167
0 0.846092 0.212819 0.162206 0.186261
