0 0.160316 0.775 0.135489 0.0602041
0 0.279831 0.1957 0.0708237 0.0190962
0 0.571112 0.627478 0.137991 0.216764
0 0.707852 0.323615 0.135489 0.394169
0 0.0550423 0.317784 0.0350269 0.0588921
0 0.28291 0.293805 0.0789068 0.0193878
0 0.280985 0.318003 0.0715935 0.0185131
0 0.43649 0.843076 0.133179 0.212974
0 0.0522517 0.56086 0.0525404 0.0706997
0 0.431678 0.178426 0.133564 0.110787
0 0.299269 0.384913 0.0573518 0.00685131
0 0.299172 0.789504 0.130677 0.322157
0 0.299846 0.514286 0.132794 0.252478
0 0.161374 0.674927 0.138761 0.125364
0 0.295131 0.367347 0.109892 0.0189504
0 0.28137 0.172595 0.0792918 0.0183673
0 0.162529 0.850729 0.139145 0.203207
0 0.0503272 0.825802 0.0571594 0.0787172
0 0.904253 0.11188 0.037144 0.0118076
0 0.126347 0.112828 0.0433025 0.00816326
0 0.708141 0.802041 0.136066 0.121866
0 0.277906 0.341837 0.0658199 0.0183673
0 0.164357 0.917201 0.137413 0.06793
0 0.511066 0.0842566 0.819284 0.0469388
0 0.291955 0.125875 0.0369515 0.00626822
0 0.161855 0.793294 0.135489 0.0658892
0 0.283487 0.144606 0.0873749 0.0247813
0 0.161374 0.51188 0.14184 0.503644
0 0.297633 0.386224 0.109122 0.00772595
0 0.164742 0.482289 0.140108 0.0814869
0 0.162336 0.423469 0.140685 0.286297
0 0.164453 0.641181 0.135296 0.0377551
0 0.16147 0.80656 0.135489 0.0373178
0 0.108834 0.901239 0.037144 0.0322157
0 0.162336 0.90051 0.137221 0.0406706
0 0.163684 0.572886 0.138761 0.100292
0 0.708526 0.504738 0.137221 0.756414
0 0.435335 0.533018 0.134719 0.827843
0 0.162433 0.764286 0.138183 0.0314869
0 0.163491 0.357289 0.136836 0.161224
0 0.161374 0.938411 0.142225 0.0260933
0 0.164069 0.703644 0.138376 0.0822157
0 0.0517706 0.909257 0.0604311 0.0739067
0 0.161182 0.85379 0.136451 0.0536443
0 0.300905 0.673032 0.135296 0.562391
0 0.29311 0.254373 0.106236 0.253644
0 0.165512 0.154009 0.1301 0.0654519
0 0.845554 0.414213 0.139145 0.574198
0 0.164165 0.235058 0.133179 0.0741983
0 0.571305 0.734694 0.135296 0.430321
0 0.568514 0.322157 0.136644 0.379592
0 0.843245 0.829811 0.129138 0.2293
0 0.708141 0.907945 0.132987 0.0753644
