0 0.341496 0.750709 0.647373 0.429787
0 0.64537 0.288652 0.531166 0.406383
0 0.167854 0.586348 0.165628 0.128723
0 0.214826 0.194504 0.120659 0.112411
0 0.581923 0.757447 0.173642 0.0397163
0 0.167409 0.547163 0.164737 0.0631206
0 0.421638 0.541489 0.843277 0.796454
0 0.239092 0.818262 0.341051 0.274113
0 0.702805 0.214362 0.27382 0.037234
0 0.336821 0.583865 0.166963 0.152837
0 0.617988 0.605851 0.764025 0.788298
0 0.711042 0.329078 0.0801425 0.117021
0 0.619546 0.329078 0.0734639 0.11844
0 0.138691 0.755319 0.134016 0.0368794
0 0.69813 0.173759 0.276937 0.121277
0 0.815227 0.762234 0.260908 0.352837
0 0.32569 0.785461 0.150045 0.0921986
0 0.698798 0.763298 0.520481 0.448582
0 0.664737 0.44078 0.457703 0.0886525
