0 0.885321 0.0661218 0.0414234 0.00615581
0 0.481651 0.470601 0.133167 0.0233496
0 0.827634 0.253343 0.169586 0.105922
0 0.8799 0.309807 0.06005 0.00445765
0 0.316931 0.452133 0.135669 0.00764169
0 0.443981 0.596476 0.116208 0.033114
0 0.243536 0.894184 0.133445 0.105498
0 0.466778 0.567714 0.465388 0.236256
0 0.796775 0.9083 0.210175 0.0900021
0 0.796775 0.309913 0.0606061 0.005519
0 0.0621351 0.697941 0.0675563 0.0118871
0 0.568112 0.131713 0.599666 0.11696
0 0.494996 0.228402 0.157075 0.049671
0 0.860995 0.475483 0.0939672 0.0365103
0 0.829024 0.525578 0.159577 0.0878794
0 0.324715 0.479516 0.150125 0.0450011
0 0.817904 0.930057 0.142341 0.0532796
0 0.30025 0.0973254 0.102307 0.0456379
0 0.389074 0.0693059 0.0703364 0.00573127
0 0.827912 0.275844 0.161245 0.058374
0 0.883792 0.0675016 0.0505977 0.00594354
0 0.761051 0.57387 0.0503197 0.00615581
0 0.327495 0.535131 0.152905 0.071747
0 0.83097 0.470601 0.157353 0.0454256
0 0.79052 0.881023 0.201001 0.155169
0 0.689324 0.877202 0.426745 0.16281
0 0.514178 0.13426 0.118154 0.118658
0 0.300945 0.069412 0.0936892 0.00679261
0 0.494023 0.522076 0.156797 0.0902144
0 0.279539 0.361388 0.058104 0.0791764
0 0.589519 0.378157 0.201001 0.124177
0 0.571726 0.513585 0.622463 0.119508
0 0.184876 0.400127 0.112872 0.182976
0 0.241312 0.759393 0.11176 0.100828
0 0.184737 0.194757 0.114818 0.223095
0 0.28079 0.424963 0.0539338 0.0407557
0 0.0974423 0.882721 0.133167 0.0923371
0 0.366972 0.698047 0.0483736 0.00785396
0 0.66764 0.512312 0.157075 0.110592
0 0.443842 0.634154 0.118154 0.11229
0 0.137198 0.286033 0.176536 0.412864
0 0.195302 0.488644 0.0797887 0.00679261
0 0.69558 0.513267 0.272449 0.116324
0 0.591882 0.380917 0.47206 0.133942
0 0.586044 0.408512 0.689463 0.647209
0 0.383097 0.8962 0.135669 0.108682
0 0.376286 0.132668 0.267723 0.121842
0 0.328885 0.256315 0.156797 0.103375
0 0.0911871 0.776587 0.115652 0.0677139
0 0.496664 0.264275 0.154851 0.082785
0 0.129691 0.689238 0.215457 0.0106135
0 0.0606061 0.699427 0.0633862 0.00679261
0 0.363775 0.699639 0.0453155 0.00594354
0 0.388379 0.759924 0.12288 0.0963702
0 0.745621 0.882934 0.112872 0.141584
0 0.659577 0.253237 0.155963 0.108682
0 0.31429 0.634472 0.129274 0.111229
0 0.383653 0.384632 0.227968 0.126088
0 0.0628301 0.489387 0.0917431 0.00658034
0 0.561857 0.636171 0.115096 0.115474
0 0.519322 0.721821 0.111204 0.0154956
0 0.801779 0.379537 0.213511 0.131182
0 0.857659 0.793568 0.106756 0.0154956
0 0.0959133 0.725536 0.127884 0.0254723
0 0.24298 0.827001 0.425354 0.242411
0 0.832638 0.131607 0.155685 0.121842
0 0.659438 0.131607 0.161245 0.121418
0 0.572977 0.700276 0.176814 0.0148588
0 0.520573 0.754935 0.102029 0.0681384
0 0.126772 0.0739758 0.176258 0.013373
0 0.708229 0.634366 0.174312 0.113564
0 0.857659 0.845893 0.10898 0.0840586
0 0.0703364 0.288686 0.109536 0.399066
0 0.183069 0.288368 0.114262 0.412014
0 0.636781 0.749947 0.0942452 0.0730206
0 0.86308 0.678837 0.105922 0.202505
0 0.575202 0.873169 0.217403 0.170028
0 0.74715 0.748673 0.10481 0.111654
0 0.128857 0.589896 0.222686 0.186797
