0 0.3735 0.310575 0.135 0.0975359
0 0.05325 0.835558 0.0585 0.0065024
0 0.36725 0.646988 0.1355 0.0352498
0 0.6445 0.200548 0.112 0.0116359
0 0.2305 0.70243 0.133 0.0263518
0 0.36825 0.0554415 0.1335 0.0746064
0 0.23325 0.410678 0.1365 0.187543
0 0.9155 0.954997 0.127 0.0263518
0 0.37125 0.395448 0.1315 0.0201916
0 0.093 0.528919 0.133 0.0318275
0 0.23075 0.916324 0.1325 0.111225
0 0.2335 0.0265229 0.108 0.00718686
0 0.09325 0.495038 0.1325 0.0318275
0 0.09625 0.0453457 0.1295 0.0126626
0 0.91725 0.934634 0.1295 0.0540726
0 0.369 0.514203 0.134 0.0188227
0 0.91625 0.893908 0.1245 0.0410678
0 0.918 0.314682 0.131 0.198152
0 0.91575 0.859343 0.1245 0.0314853
0 0.914 0.63809 0.089 0.00992471
0 0.09525 0.614648 0.1295 0.028063
0 0.3705 0.412218 0.12 0.00787132
0 0.36725 0.845311 0.1355 0.0554415
0 0.91825 0.0193361 0.1305 0.0160849
0 0.098 0.0405544 0.132 0.0263518
0 0.23025 0.794319 0.1335 0.0698152
0 0.50775 0.322382 0.1315 0.0136893
0 0.093 0.719199 0.135 0.0181383
0 0.91725 0.29603 0.1295 0.0684463
0 0.373 0.282854 0.134 0.0427789
0 0.50925 0.386893 0.1295 0.00992471
0 0.09325 0.700719 0.1355 0.0154004
0 0.50575 0.714408 0.1325 0.0900068
0 0.369 0.414442 0.128 0.0102669
0 0.093 0.756502 0.136 0.0188227
0 0.91925 0.180698 0.1365 0.338125
0 0.643 0.688741 0.138 0.0742642
0 0.093 0.778747 0.136 0.0208761
0 0.0945 0.0497947 0.135 0.0106092
0 0.235 0.939767 0.134 0.0581793
0 0.0935 0.800137 0.139 0.019165
0 0.09375 0.462012 0.1335 0.0314853
0 0.50675 0.534223 0.1335 0.284052
0 0.2325 0.0781999 0.13 0.103696
0 0.23125 0.825633 0.1315 0.0373032
0 0.2315 0.228268 0.135 0.142368
0 0.09175 0.819986 0.1375 0.017796
0 0.09375 0.738364 0.1375 0.0154004
0 0.9125 0.962526 0.123 0.0106092
0 0.0925 0.678816 0.133 0.0256674
0 0.3675 0.566393 0.135 0.0465435
0 0.509 0.361225 0.132 0.0448323
0 0.9175 0.237851 0.134 0.0588638
0 0.0935 0.426078 0.133 0.0362765
0 0.0875 0.940965 0.144 0.0496235
0 0.50875 0.316393 0.1325 0.0263518
0 0.09275 0.6487 0.1325 0.0304586
0 0.78125 0.819302 0.1325 0.0328542
0 0.5095 0.287474 0.132 0.0260096
0 0.78175 0.786448 0.1325 0.0308008
0 0.507 0.851472 0.131 0.0746064
0 0.36775 0.520876 0.1325 0.0301164
0 0.371 0.295175 0.136 0.0126626
0 0.23325 0.502053 0.1335 0.0130048
0 0.508 0.300479 0.133 0.0527036
0 0.37175 0.275325 0.1355 0.0242984
0 0.91875 0.370465 0.1335 0.0790554
0 0.3695 0.548597 0.133 0.08282
0 0.50575 0.963895 0.1295 0.00924025
0 0.3675 0.488535 0.13 0.0277207
0 0.09625 0.0361054 0.1365 0.0154004
0 0.23425 0.161704 0.1345 0.282341
0 0.916 0.965435 0.125 0.0109514
0 0.507 0.703285 0.131 0.0499658
0 0.50675 0.872861 0.1335 0.0331964
0 0.0935 0.487166 0.135 0.283025
0 0.09375 0.377481 0.1355 0.054757
0 0.091 0.957734 0.141 0.023614
0 0.505 0.966632 0.13 0.00992471
0 0.91525 0.939596 0.1225 0.032512
0 0.9195 0.268823 0.136 0.126283
0 0.09125 0.932067 0.1415 0.0263518
0 0.23 0.564682 0.128 0.0335387
0 0.094 0.733744 0.136 0.187543
0 0.3695 0.440965 0.128 0.0598905
0 0.23375 0.451574 0.1355 0.0852156
0 0.506 0.614819 0.13 0.115332
0 0.50775 0.343258 0.1315 0.0219028
0 0.50675 0.470568 0.1345 0.173854
0 0.2345 0.351129 0.134 0.0670773
0 0.5055 0.774641 0.133 0.0763176
0 0.508 0.368583 0.131 0.0246407
0 0.0935 0.859172 0.134 0.0578371
0 0.50625 0.833676 0.1325 0.0403833
0 0.64275 0.668549 0.1385 0.0373032
0 0.09125 0.902977 0.1385 0.0256674
0 0.3725 0.386379 0.132 0.0403833
0 0.23025 0.601129 0.1345 0.0352498
0 0.642 0.708932 0.139 0.0400411
0 0.23125 0.52909 0.1355 0.0342231
0 0.2315 0.781143 0.134 0.0352498
0 0.231 0.670602 0.131 0.0338809
0 0.37175 0.333504 0.1325 0.0612594
0 0.369 0.801848 0.133 0.0308008
0 0.23175 0.636721 0.1325 0.0290897
0 0.2325 0.815195 0.132 0.0301164
0 0.0935 0.109001 0.137 0.0954825
0 0.2305 0.954997 0.132 0.0297741
0 0.91675 0.883984 0.1285 0.0766598
0 0.23025 0.726215 0.1345 0.0677618
0 0.645 0.866701 0.138 0.0619439
0 0.36825 0.752909 0.1335 0.0622861
0 0.2325 0.849932 0.134 0.0352498
0 0.231 0.922314 0.134 0.0335387
0 0.64425 0.159651 0.1315 0.0687885
0 0.2315 0.886379 0.132 0.0355921
0 0.37125 0.138261 0.1325 0.240246
0 0.50825 0.242813 0.1335 0.0605749
0 0.9185 0.109685 0.134 0.19473
0 0.50575 0.922998 0.1305 0.065024
0 0.094 0.334531 0.135 0.0242984
0 0.50875 0.0829911 0.1345 0.135866
0 0.91775 0.46167 0.1325 0.101985
0 0.3675 0.943018 0.134 0.0571526
0 0.6445 0.53679 0.136 0.0845311
0 0.64425 0.936516 0.1345 0.069473
0 0.36875 0.866359 0.1355 0.0893224
0 0.09425 0.246578 0.1365 0.0462012
0 0.508 0.181383 0.134 0.0568104
0 0.093 0.188912 0.137 0.0609172
0 0.64325 0.781828 0.1375 0.101643
0 0.36775 0.694559 0.1335 0.0475702
0 0.36775 0.629877 0.1335 0.0756331
0 0.91725 0.573238 0.1325 0.117043
0 0.782 0.728268 0.135 0.0869268
0 0.917 0.684976 0.131 0.101643
0 0.64525 0.282854 0.1345 0.172827
0 0.7825 0.904346 0.135 0.133812
0 0.78025 0.280972 0.1345 0.0520192
0 0.0945 0.296201 0.135 0.0455168
0 0.781 0.520363 0.135 0.129021
0 0.78075 0.381246 0.1365 0.147159
0 0.644 0.0691307 0.133 0.110883
0 0.64275 0.61499 0.1375 0.0643395
0 0.781 0.804757 0.136 0.0612594
0 0.78175 0.634668 0.1345 0.096167
0 0.643 0.433436 0.135 0.121492
0 0.91725 0.790041 0.1315 0.104381
0 0.78125 0.0663929 0.1365 0.109514
0 0.78075 0.188569 0.1355 0.130048
