0 0.640234 0.387339 0.0544794 0.0060006
0 0.283293 0.124662 0.0645682 0.0171017
0 0.91707 0.150315 0.0867635 0.00540054
0 0.208434 0.531953 0.0883777 0.00720072
0 0.565375 0.30393 0.602098 0.369637
0 0.766546 0.177768 0.158596 0.123912
0 0.915254 0.792679 0.0984665 0.0168017
0 0.588983 0.178668 0.19088 0.118512
0 0.797619 0.406991 0.110977 0.0147015
0 0.916868 0.678368 0.11138 0.0156016
0 0.487893 0.070207 0.861985 0.0294029
0 0.6818 0.470747 0.115819 0.0294029
0 0.753834 0.793279 0.177563 0.29583
0 0.915254 0.848635 0.102502 0.0147015
0 0.413236 0.282328 0.108959 0.039604
0 0.554681 0.127213 0.0754641 0.0192019
0 0.564165 0.330483 0.11703 0.10231
0 0.385997 0.121662 0.0988701 0.0123012
0 0.563761 0.380888 0.10573 0.0171017
0 0.329096 0.463546 0.113398 0.0354035
0 0.340194 0.251125 0.336562 0.0114011
0 0.260089 0.346535 0.182809 0.0936094
0 0.564972 0.70462 0.116223 0.533153
0 0.600888 0.252175 0.0621469 0.00570057
0 0.269572 0.10051 0.213882 0.0126013
0 0.271994 0.283978 0.146893 0.0387039
0 0.563358 0.287129 0.110573 0.0480048
0 0.416263 0.178518 0.184423 0.109211
0 0.91586 0.820132 0.10452 0.0711071
0 0.329096 0.959496 0.114205 0.00960096
0 0.735472 0.326883 0.224778 0.133513
0 0.42837 0.327333 0.145682 0.123612
0 0.621872 0.415992 0.22276 0.0369037
0 0.752623 0.10231 0.189669 0.0132013
0 0.504237 0.322082 0.624294 0.130513
0 0.799233 0.870237 0.109362 0.0165017
0 0.769774 0.250975 0.144068 0.0129013
0 0.242333 0.175518 0.155367 0.124212
0 0.515738 0.175518 0.699758 0.129013
0 0.915456 0.754875 0.106134 0.0546055
0 0.214487 0.60426 0.110169 0.147615
0 0.273204 0.443144 0.226796 0.0840084
0 0.214487 0.50435 0.110977 0.0462046
0 0.214487 0.783678 0.110977 0.194419
0 0.329298 0.939694 0.112187 0.0468047
0 0.915658 0.845785 0.104116 0.232823
0 0.44774 0.609511 0.115819 0.0921092
0 0.917272 0.694869 0.113801 0.049805
0 0.330508 0.50405 0.115416 0.0330033
0 0.330307 0.59946 0.114205 0.153615
0 0.448144 0.481398 0.115819 0.161716
0 0.330508 0.79718 0.113801 0.230423
0 0.621671 0.446595 0.234463 0.0873087
0 0.683011 0.819982 0.118241 0.287429
0 0.56477 0.559106 0.113398 0.137114
0 0.0982647 0.540504 0.118241 0.342934
0 0.215093 0.924692 0.110573 0.0810081
0 0.683011 0.583108 0.116626 0.182718
0 0.916868 0.118062 0.107345 0.0489049
0 0.0998789 0.937144 0.113398 0.0549055
0 0.44774 0.80168 0.115012 0.0978098
0 0.565577 0.711971 0.115012 0.171617
0 0.0968523 0.228923 0.11703 0.276028
0 0.447942 0.951845 0.115416 0.0255025
0 0.800242 0.773477 0.112994 0.173417
0 0.448547 0.89574 0.116626 0.079508
0 0.0982647 0.812631 0.115819 0.193519
0 0.80004 0.540054 0.113398 0.282628
0 0.565981 0.881638 0.114205 0.166517
0 0.447538 0.705821 0.11703 0.0909091
0 0.917877 0.594359 0.116626 0.147615
0 0.915254 0.243924 0.118644 0.195019
0 0.798224 0.923792 0.106538 0.0744074
0 0.917474 0.429193 0.117433 0.162916
