0 0.781381 0.383159 0.339958 0.478684
0 0.679524 0.440563 0.0771444 0.0136211
0 0.682008 0.449407 0.0862971 0.0320184
0 0.0966266 0.853352 0.108525 0.214046
0 0.545371 0.0622678 0.100157 0.0205201
0 0.881145 0.066248 0.0902197 0.0196356
0 0.208028 0.196798 0.102772 0.0157439
0 0.845058 0.567309 0.161872 0.0658058
0 0.842312 0.596497 0.180962 0.0350256
0 0.375785 0.502211 0.261506 0.0849107
0 0.881145 0.0719087 0.0839435 0.0118521
0 0.430439 0.315496 0.0998954 0.0436936
0 0.426517 0.196621 0.0983264 0.0143287
0 0.177955 0.0482045 0.218881 0.0203432
0 0.0657688 0.745268 0.0373954 0.00707589
0 0.3108 0.297806 0.0834205 0.0150363
0 0.774582 0.397842 0.302824 0.0626216
0 0.781119 0.879179 0.0857741 0.0329029
0 0.179393 0.260835 0.0449791 0.0065452
0 0.858787 0.758535 0.135983 0.0555457
0 0.475026 0.750486 0.166056 0.0185742
0 0.430309 0.28162 0.105387 0.037856
0 0.842312 0.475146 0.134414 0.025827
0 0.837082 0.301521 0.202406 0.114453
0 0.679001 0.879179 0.0860356 0.0321953
0 0.842835 0.512825 0.145921 0.0251194
0 0.395136 0.855475 0.371862 0.201663
0 0.293018 0.0816381 0.0499477 0.0175128
0 0.0992416 0.889174 0.105387 0.0199894
0 0.0848588 0.237838 0.0745293 0.00725279
0 0.515037 0.429772 0.0290272 0.00477622
0 0.0959728 0.304617 0.106172 0.129489
0 0.0962343 0.908809 0.10931 0.120821
0 0.208682 0.355829 0.105126 0.0422784
0 0.382584 0.542809 0.312762 0.0702282
0 0.430178 0.325049 0.0983264 0.0221122
0 0.548902 0.0668672 0.0951883 0.0123828
0 0.860356 0.0744737 0.042887 0.00813727
0 0.416449 0.196356 0.0583159 0.00919866
0 0.205021 0.210331 0.100418 0.0813727
0 0.847673 0.555369 0.168149 0.0348488
0 0.196653 0.2343 0.084728 0.0532461
0 0.858394 0.932868 0.135722 0.0482929
0 0.290533 0.207058 0.042364 0.0168052
0 0.206328 0.0918097 0.110356 0.0679285
0 0.735356 0.931452 0.0679916 0.0518309
0 0.243593 0.921811 0.0928347 0.0682823
0 0.160826 0.0431629 0.228556 0.0194587
0 0.314461 0.482841 0.0928347 0.0157439
0 0.872908 0.146648 0.0716527 0.0162745
0 0.430832 0.270564 0.107479 0.136388
0 0.375654 0.48346 0.213651 0.015567
0 0.206067 0.167345 0.10931 0.0590837
0 0.69613 0.930391 0.152197 0.0564302
0 0.206721 0.170264 0.111663 0.178489
0 0.546025 0.0750044 0.0983264 0.00707589
0 0.409388 0.19671 0.0551778 0.013798
0 0.312108 0.0814612 0.0750523 0.0160976
0 0.550078 0.0605873 0.0970188 0.0111445
0 0.888468 0.0609411 0.0912657 0.0111445
0 0.321391 0.315142 0.112448 0.0458164
0 0.207767 0.489563 0.106433 0.00796038
0 0.289226 0.298603 0.0439331 0.0169821
0 0.321783 0.0642137 0.0970188 0.00742968
0 0.858133 0.146206 0.0426255 0.0182204
0 0.0780596 0.239519 0.0692992 0.00884486
0 0.208682 0.125685 0.10931 0.0196356
0 0.307008 0.207589 0.0732218 0.0153901
0 0.204498 0.341412 0.0930962 0.0180435
0 0.0775366 0.0633292 0.0692992 0.00813727
0 0.208421 0.0934017 0.108787 0.0399788
0 0.372777 0.670264 0.322437 0.155316
0 0.546417 0.178666 0.113755 0.245887
0 0.436192 0.233416 0.108264 0.0511233
0 0.208159 0.417477 0.10931 0.134442
0 0.377484 0.467805 0.214174 0.0482929
0 0.206721 0.0633292 0.114278 0.0123828
0 0.0959728 0.86715 0.108264 0.0647444
0 0.680962 0.546436 0.129184 0.134088
0 0.206851 0.368919 0.105126 0.0270653
0 0.379446 0.729789 0.378661 0.447727
0 0.699791 0.754997 0.141736 0.114276
0 0.77785 0.487617 0.324006 0.24571
0 0.0964958 0.790554 0.107218 0.0788962
0 0.351072 0.347868 0.161872 0.0136211
0 0.432793 0.298249 0.106695 0.0778348
0 0.0987186 0.935432 0.107479 0.0643906
0 0.0984571 0.276844 0.108002 0.0583761
0 0.661872 0.0771272 0.103033 0.0176897
0 0.660957 0.172121 0.108002 0.0251194
0 0.891213 0.107819 0.112448 0.0564302
0 0.669195 0.307713 0.118201 0.101008
0 0.207244 0.401291 0.106433 0.030957
0 0.319953 0.32328 0.105387 0.0249425
0 0.550471 0.463382 0.110879 0.0581992
0 0.207897 0.451707 0.105649 0.0631523
0 0.208028 0.294092 0.106433 0.0663365
0 0.782035 0.790642 0.3125 0.338758
0 0.0983264 0.339377 0.107218 0.0596144
0 0.890821 0.17159 0.11114 0.0247656
0 0.322176 0.144613 0.110879 0.10207
0 0.547202 0.249779 0.110617 0.108261
0 0.548902 0.137626 0.109833 0.11003
0 0.0970188 0.705555 0.105126 0.0684592
0 0.662526 0.122944 0.106956 0.0668672
0 0.778112 0.273041 0.320345 0.167168
0 0.0874738 0.151601 0.0912657 0.159915
0 0.320214 0.251459 0.105387 0.0677516
0 0.548117 0.366708 0.112448 0.12029
0 0.374869 0.399965 0.217835 0.0799575
0 0.774712 0.0918097 0.108525 0.0477622
0 0.0961036 0.415355 0.106433 0.0806651
0 0.0966266 0.559526 0.105387 0.0594375
0 0.0968881 0.629666 0.10591 0.0730586
0 0.0974111 0.492747 0.10591 0.0666903
0 0.435146 0.12825 0.10931 0.11286
0 0.773405 0.153635 0.107479 0.0617371
