0 0.653976 0.708511 0.165257 0.0312057
0 0.606599 0.214716 0.166385 0.0195035
0 0.276368 0.813475 0.144388 0.029078
0 0.727298 0.207801 0.0603497 0.0375887
0 0.607445 0.901064 0.0597857 0.00851064
0 0.817541 0.0347518 0.22617 0.0070922
0 0.729554 0.364184 0.399887 0.101418
0 0.120417 0.456383 0.111111 0.00780142
0 0.721658 0.340248 0.164129 0.0507092
0 0.117033 0.234574 0.143824 0.0329787
0 0.701072 0.148759 0.0676819 0.0429078
0 0.867456 0.343617 0.144388 0.0546099
0 0.517484 0.901418 0.0569656 0.00567376
0 0.843204 0.271277 0.182741 0.0382979
0 0.457417 0.355142 0.0823463 0.00460993
0 0.78652 0.901418 0.0547095 0.0070922
0 0.723068 0.824645 0.0451213 0.020922
0 0.851382 0.15195 0.185561 0.0599291
0 0.650874 0.825887 0.162437 0.0134752
0 0.180203 0.181206 0.265651 0.00992908
0 0.582346 0.344504 0.144952 0.0471631
0 0.838691 0.61578 0.106035 0.00886525
0 0.843204 0.825177 0.0947547 0.00992908
0 0.458263 0.517376 0.187817 0.189362
0 0.460519 0.582801 0.170897 0.05
0 0.84264 0.635284 0.169205 0.37766
0 0.694585 0.281206 0.0614777 0.0425532
0 0.459391 0.616312 0.0851664 0.00992908
0 0.734913 0.130319 0.438804 0.0989362
0 0.65313 0.487234 0.194021 0.11773
0 0.458827 0.720213 0.0874224 0.00780142
0 0.84546 0.722518 0.0823463 0.0124113
0 0.567682 0.697872 0.408911 0.548227
0 0.597293 0.216844 0.163565 0.0585106
0 0.195149 0.455674 0.236887 0.0113475
0 0.55753 0.392908 0.0829103 0.0439716
0 0.840102 0.579433 0.15172 0.0496454
0 0.456853 0.824468 0.0981387 0.0106383
0 0.654822 0.65195 0.169205 0.147163
0 0.462775 0.679787 0.174281 0.0560284
0 0.843204 0.681206 0.164693 0.0539007
0 0.42555 0.05 0.142696 0.0191489
0 0.589679 0.149823 0.139312 0.0656028
0 0.422448 0.16578 0.14326 0.0117021
0 0.840384 0.781206 0.157924 0.0468085
0 0.189791 0.712411 0.266779 0.0113475
0 0.202764 0.441135 0.191201 0.0198582
0 0.464185 0.786348 0.163565 0.0570922
0 0.880993 0.914362 0.0575296 0.0294326
0 0.612239 0.912589 0.070502 0.0301418
0 0.586576 0.284397 0.147772 0.0680851
0 0.700226 0.912589 0.0693739 0.027305
0 0.426678 0.913475 0.0614777 0.0304965
0 0.652566 0.750355 0.0823463 0.0312057
0 0.464749 0.0849291 0.0496334 0.0329787
0 0.788776 0.868617 0.0761421 0.0549645
0 0.608573 0.868617 0.0755781 0.0535461
0 0.78934 0.913121 0.0580936 0.029078
0 0.882403 0.869504 0.0829103 0.0553191
0 0.194303 0.582979 0.282572 0.0120567
0 0.42555 0.868262 0.0806543 0.0542553
0 0.736887 0.248404 0.449521 0.338652
0 0.422166 0.109043 0.137056 0.0804965
0 0.517484 0.86844 0.0795262 0.0553191
0 0.268754 0.203014 0.433728 0.0223404
0 0.520305 0.917731 0.0648618 0.0361702
0 0.880147 0.0547872 0.148336 0.0407801
0 0.830231 0.216489 0.225606 0.062766
0 0.350818 0.367553 0.307953 0.0152482
0 0.566554 0.0585106 0.123519 0.0255319
0 0.700508 0.869326 0.0812183 0.0549645
0 0.722222 0.0578014 0.152848 0.0368794
0 0.274112 0.517553 0.150028 0.105319
0 0.186125 0.0560284 0.282008 0.0375887
0 0.274958 0.400887 0.148336 0.0414894
0 0.123801 0.646631 0.139312 0.112411
0 0.428652 0.400355 0.13762 0.041844
0 0.277496 0.646809 0.147772 0.110638
0 0.123237 0.516312 0.143824 0.113475
0 0.347434 0.287057 0.296672 0.134397
0 0.117879 0.126596 0.153412 0.0950355
0 0.278624 0.775355 0.146644 0.109574
0 0.272138 0.126418 0.143824 0.0925532
0 0.200508 0.899291 0.256627 0.110638
0 0.119289 0.319504 0.148336 0.203546
0 0.124647 0.775 0.139876 0.108156
