0 0.171183 0.571017 0.119693 0.0140755
0 0.922425 0.662268 0.102755 0.133877
0 0.932588 0.117322 0.08243 0.0689379
0 0.423216 0.0832534 0.108401 0.00975688
0 0.0625565 0.934661 0.070009 0.0068778
0 0.167005 0.241923 0.11766 0.0135956
0 0.171522 0.841571 0.123984 0.0158349
0 0.861902 0.826456 0.221545 0.0371081
0 0.869354 0.383557 0.221545 0.0163148
0 0.94196 0.310781 0.0817525 0.0291107
0 0.425135 0.93866 0.119467 0.0119962
0 0.170845 0.787668 0.107272 0.0129559
0 0.170732 0.47001 0.126468 0.018714
0 0.17107 0.440099 0.127597 0.018714
0 0.134033 0.527111 0.0471996 0.0235125
0 0.171861 0.430182 0.126016 0.0129559
0 0.172764 0.413788 0.12421 0.0118362
0 0.167683 0.325656 0.118112 0.176264
0 0.865854 0.407949 0.228094 0.0203135
0 0.925023 0.502319 0.106594 0.0449456
0 0.788731 0.353727 0.052168 0.0414267
0 0.772584 0.259517 0.0451671 0.0334293
0 0.807588 0.597009 0.123758 0.0324696
0 0.171748 0.460333 0.127597 0.0140755
0 0.923893 0.663388 0.105239 0.0305502
0 0.298668 0.93882 0.12579 0.021913
0 0.130872 0.951296 0.203478 0.0228727
0 0.923442 0.614123 0.107498 0.0529431
0 0.923893 0.556062 0.107046 0.0516635
0 0.806233 0.552783 0.122855 0.0425464
0 0.806572 0.503599 0.124887 0.0411068
0 0.924684 0.708253 0.102755 0.0473448
0 0.865967 0.121881 0.225158 0.0863724
0 0.171183 0.479527 0.124661 0.0175944
0 0.171183 0.50072 0.126016 0.0203135
0 0.172087 0.465611 0.126016 0.090531
0 0.806572 0.646033 0.12308 0.0540627
0 0.859756 0.603327 0.234417 0.256238
0 0.865176 0.199296 0.227642 0.0710173
0 0.16836 0.158429 0.123984 0.15627
0 0.171409 0.584053 0.125113 0.0417466
0 0.807023 0.705294 0.123532 0.0526232
0 0.171861 0.538228 0.125565 0.0457454
0 0.172764 0.805982 0.124661 0.0495841
0 0.172313 0.919466 0.127823 0.0334293
0 0.866983 0.360525 0.228094 0.0633397
0 0.863708 0.435861 0.231933 0.0738964
0 0.866644 0.259517 0.238257 0.0353487
0 0.860208 0.870521 0.229449 0.126839
0 0.553975 0.923225 0.125565 0.0185541
0 0.863595 0.304303 0.243451 0.0427063
0 0.681798 0.919466 0.122855 0.0222329
0 0.171409 0.865883 0.126016 0.0634997
0 0.553523 0.708413 0.129178 0.0265515
0 0.424119 0.340851 0.122403 0.0585413
0 0.679991 0.485765 0.12421 0.103967
0 0.552846 0.678103 0.127371 0.0267115
0 0.425361 0.810461 0.124435 0.0303903
0 0.29799 0.211132 0.127145 0.263596
0 0.426152 0.84349 0.12421 0.03119
0 0.681572 0.639715 0.1215 0.0558221
0 0.172425 0.650432 0.12579 0.0846129
0 0.424345 0.400752 0.121951 0.0555022
0 0.553862 0.203135 0.12579 0.24952
0 0.424684 0.583893 0.124435 0.197217
0 0.681346 0.839891 0.120596 0.0351887
0 0.860321 0.770314 0.229675 0.0636596
0 0.552958 0.549424 0.125339 0.0457454
0 0.680668 0.575176 0.122403 0.0703775
0 0.680894 0.18682 0.126016 0.21913
0 0.425474 0.457294 0.1215 0.0511836
0 0.173893 0.733605 0.125113 0.078215
0 0.68112 0.797825 0.1215 0.0431862
0 0.554765 0.836052 0.1285 0.0387076
0 0.681572 0.74888 0.1215 0.049904
0 0.553184 0.642115 0.127597 0.0395074
0 0.299797 0.828855 0.122177 0.0579015
0 0.551829 0.497601 0.127145 0.0566219
0 0.298781 0.897153 0.123306 0.0591811
0 0.550135 0.43762 0.126468 0.0556622
0 0.424797 0.712092 0.123758 0.053103
0 0.426039 0.260477 0.123984 0.102527
0 0.425361 0.766635 0.124887 0.0527831
0 0.681685 0.885797 0.124435 0.0390275
0 0.552168 0.370761 0.12692 0.0726168
0 0.680894 0.364044 0.124661 0.132438
0 0.299232 0.684341 0.121951 0.071817
0 0.299345 0.759597 0.122177 0.0745361
0 0.426603 0.898033 0.126468 0.0708573
0 0.298555 0.505678 0.124661 0.108605
0 0.298893 0.397073 0.12579 0.102207
0 0.553523 0.887316 0.126468 0.0475048
0 0.553071 0.597329 0.128275 0.0430262
0 0.68112 0.696417 0.121951 0.0527831
0 0.554313 0.794786 0.127597 0.040627
0 0.425926 0.142994 0.126016 0.126679
0 0.29991 0.604447 0.122403 0.0828535
0 0.554201 0.747761 0.127371 0.047025
