0 0.0691147 0.74617 0.088529 0.0167715
0 0.613046 0.392034 0.0390504 0.00483793
0 0.902263 0.172795 0.115154 0.0317691
0 0.493677 0.951701 0.246284 0.0214482
0 0.800422 0.662393 0.256268 0.0478955
0 0.31085 0.605386 0.0878633 0.00806322
0 0.783559 0.145541 0.116485 0.0578939
0 0.125804 0.330672 0.173952 0.283019
0 0.0835367 0.844057 0.121811 0.111272
0 0.336033 0.643122 0.0348347 0.0412837
0 0.190814 0.347121 0.109607 0.047573
0 0.131462 0.942106 0.208786 0.0332204
0 0.311848 0.606112 0.0352785 0.00596678
0 0.313069 0.941622 0.0949634 0.0303177
0 0.307633 0.823899 0.0454848 0.0067731
0 0.190371 0.473069 0.100288 0.0162877
0 0.0743288 0.576681 0.0980697 0.00870827
0 0.135123 0.779632 0.203683 0.0101597
0 0.297537 0.725609 0.0612381 0.00725689
0 0.898824 0.265038 0.0710007 0.0101597
0 0.163523 0.460087 0.0439317 0.00580552
0 0.196805 0.682551 0.0927446 0.00628931
0 0.197914 0.111353 0.101176 0.0233833
0 0.0751054 0.498226 0.0951853 0.00628931
0 0.899822 0.369618 0.105835 0.0306402
0 0.0735523 0.261409 0.11471 0.0367683
0 0.310961 0.61474 0.106723 0.396065
0 0.931662 0.0547492 0.0599068 0.00790195
0 0.188928 0.743025 0.0707788 0.0208031
0 0.310295 0.870585 0.0809851 0.00790195
0 0.190703 0.298339 0.109385 0.0454765
0 0.163302 0.711498 0.0390504 0.0432188
0 0.190703 0.247944 0.112048 0.0456378
0 0.50943 0.886309 0.200577 0.0425738
0 0.045041 0.203435 0.0514755 0.10208
0 0.816286 0.718674 0.228533 0.0749879
0 0.0736632 0.718191 0.106945 0.0743428
0 0.192922 0.945331 0.0880852 0.0209644
0 0.310517 0.747057 0.0876414 0.0156426
0 0.0734413 0.109257 0.0980697 0.0191905
0 0.0734413 0.309386 0.113157 0.0524109
0 0.492123 0.91703 0.23874 0.0907918
0 0.045041 0.537171 0.0519192 0.0493469
0 0.180608 0.595952 0.079432 0.00790195
0 0.21988 0.424851 0.0581318 0.112079
0 0.0759929 0.138042 0.113379 0.0290276
0 0.0735523 0.606031 0.110717 0.028705
0 0.660528 0.208757 0.0736632 0.00499919
0 0.308076 0.845912 0.100954 0.0243509
0 0.76714 0.068618 0.0778789 0.00822448
0 0.797315 0.815594 0.0809851 0.0998226
0 0.668072 0.569021 0.494786 0.12369
0 0.781784 0.925899 0.329487 0.0801484
0 0.309297 0.468715 0.104282 0.0153201
0 0.187153 0.84188 0.0960728 0.112079
0 0.073996 0.236333 0.116485 0.230447
0 0.310184 0.435897 0.109607 0.0290276
0 0.889394 0.816078 0.0867539 0.0969198
0 0.666963 0.855991 0.129576 0.0174165
0 0.0743288 0.654733 0.110495 0.0554749
0 0.490126 0.484922 0.160195 0.0274149
0 0.311183 0.537978 0.106723 0.118045
0 0.307854 0.777858 0.10406 0.0778907
0 0.165298 0.0782132 0.161083 0.0393485
0 0.311515 0.907273 0.102063 0.102564
0 0.0748835 0.629011 0.115598 0.26657
0 0.683936 0.698355 0.571777 0.557491
0 0.0733304 0.409692 0.118704 0.142074
0 0.31085 0.0641026 0.0918571 0.00951459
0 0.564788 0.766489 0.323719 0.17223
0 0.663856 0.0678116 0.0905259 0.00983712
0 0.0737741 0.535962 0.109829 0.0746654
0 0.670623 0.485889 0.156867 0.0283825
0 0.670623 0.432914 0.160861 0.0740203
0 0.307411 0.669569 0.101842 0.119336
0 0.195917 0.718271 0.109164 0.0722464
0 0.191147 0.298258 0.112048 0.147557
0 0.855003 0.431301 0.16308 0.0791808
0 0.193921 0.571843 0.109164 0.0577326
0 0.854892 0.487421 0.162414 0.0282213
0 0.491347 0.427995 0.163967 0.0803096
0 0.135012 0.864941 0.222543 0.189163
0 0.0555802 0.0772456 0.0485911 0.0406386
0 0.480808 0.0765199 0.216108 0.0269311
0 0.192811 0.172392 0.110939 0.089663
0 0.165742 0.414369 0.0532505 0.0807934
0 0.194919 0.508708 0.100067 0.036607
0 0.313956 0.266812 0.104282 0.053056
0 0.429443 0.236897 0.116929 0.298339
0 0.836366 0.0878891 0.191924 0.0467666
0 0.782339 0.342445 0.0971822 0.0746654
0 0.101398 0.196823 0.0572443 0.0785357
0 0.194475 0.641106 0.112935 0.0659571
0 0.896272 0.321319 0.108942 0.125625
0 0.903151 0.205209 0.116929 0.0985325
0 0.662636 0.300677 0.113379 0.170779
0 0.546372 0.296968 0.117373 0.174004
0 0.312292 0.153604 0.105392 0.159813
0 0.902041 0.134978 0.121367 0.039026
0 0.546483 0.149492 0.118039 0.112562
0 0.310295 0.356475 0.119148 0.117239
0 0.781118 0.204483 0.116485 0.181261
0 0.665853 0.139413 0.109607 0.127238
