0 0.0811309 0.911776 0.0553165 0.0792849
0 0.737554 0.863778 0.095882 0.00660707
0 0.55378 0.941119 0.0491703 0.0299262
0 0.391825 0.789351 0.0829748 0.0101049
0 0.410572 0.91061 0.125384 0.0893898
0 0.747695 0.879907 0.0903503 0.0217645
0 0.274431 0.944034 0.125999 0.0217645
0 0.714813 0.880101 0.145052 0.0237077
0 0.502766 0.940536 0.047941 0.0310921
0 0.298095 0.101438 0.113092 0.00777303
0 0.543639 0.941508 0.129687 0.0283716
0 0.277197 0.792849 0.0885065 0.0139914
0 0.145667 0.911193 0.0774431 0.0843373
0 0.12016 0.127283 0.135833 0.0540225
0 0.117087 0.78391 0.130916 0.0318694
0 0.711125 0.901283 0.169637 0.0295375
0 0.875845 0.0993004 0.104487 0.00893898
0 0.487707 0.868442 0.213276 0.169063
0 0.389982 0.78974 0.0473264 0.00621842
0 0.709281 0.913331 0.172096 0.0893898
0 0.120467 0.498251 0.142594 0.558881
0 0.120467 0.467548 0.141364 0.213758
0 0.407191 0.815002 0.118623 0.0489701
0 0.386294 0.791489 0.07437 0.00738438
0 0.883835 0.879324 0.162262 0.149631
0 0.11555 0.589778 0.136447 0.100661
0 0.117087 0.700544 0.134604 0.108434
0 0.764905 0.880684 0.0547019 0.0202099
0 0.885372 0.887485 0.159189 0.085892
0 0.118009 0.770113 0.120467 0.0104936
0 0.88445 0.815974 0.162262 0.0205985
0 0.151813 0.383405 0.175784 0.228916
0 0.125384 0.148076 0.143823 0.101049
0 0.877689 0.100272 0.0762139 0.00777303
0 0.882299 0.912359 0.161647 0.0874466
0 0.706822 0.88904 0.167179 0.050136
0 0.278734 0.797901 0.0964966 0.0225418
0 0.596804 0.767198 0.218808 0.00932763
0 0.885679 0.93937 0.154886 0.0365332
0 0.122004 0.772056 0.0964966 0.00893898
0 0.208666 0.382822 0.219422 0.221531
0 0.107867 0.116207 0.10756 0.0310921
0 0.702213 0.936067 0.161647 0.0369219
0 0.708666 0.88049 0.172096 0.15274
0 0.301475 0.101632 0.0657652 0.00738438
0 0.117394 0.791294 0.129072 0.0217645
0 0.885372 0.895453 0.15673 0.0450836
0 0.119545 0.856782 0.122311 0.00971628
0 0.117394 0.859503 0.090965 0.00971628
0 0.885372 0.839098 0.164106 0.066848
0 0.116472 0.649048 0.137062 0.215313
0 0.7059 0.831714 0.169023 0.0559658
0 0.118009 0.805869 0.13276 0.0773416
0 0.510756 0.0547998 0.249539 0.0318694
0 0.59158 0.101827 0.105101 0.0101049
0 0.122004 0.379712 0.144438 0.310921
0 0.543024 0.868442 0.129687 0.169063
0 0.122926 0.205791 0.138906 0.0229304
0 0.518439 0.749126 0.197296 0.0182666
0 0.795943 0.793626 0.138906 0.0139914
0 0.117394 0.827244 0.130301 0.0376992
0 0.124155 0.165177 0.138906 0.0582977
0 0.575292 0.430237 0.34665 0.017878
0 0.27351 0.869607 0.13153 0.168286
0 0.406884 0.870385 0.121696 0.171395
0 0.586663 0.266615 0.359557 0.0194326
0 0.118623 0.909444 0.135218 0.084726
0 0.638291 0.509133 0.262446 0.125146
0 0.29748 0.175087 0.18193 0.120871
0 0.457591 0.501555 0.0854333 0.11232
0 0.87984 0.170618 0.18992 0.11815
0 0.877689 0.276331 0.192993 0.0909444
0 0.706208 0.720365 0.13153 0.0617956
0 0.705593 0.63253 0.133989 0.110766
0 0.878918 0.469491 0.191764 0.0971628
0 0.877382 0.371551 0.193608 0.0956082
0 0.883221 0.72056 0.18193 0.102604
0 0.30086 0.623785 0.197296 0.0823941
0 0.881069 0.593859 0.188691 0.14691
0 0.295943 0.287602 0.188691 0.101049
0 0.589121 0.350952 0.35587 0.13836
0 0.523049 0.658375 0.210203 0.159347
0 0.302397 0.718033 0.196681 0.102993
0 0.589736 0.184026 0.35587 0.14108
0 0.29748 0.408278 0.192993 0.133307
0 0.29748 0.527983 0.194222 0.102215
