0 0.570199 0.636855 0.102959 0.0171955
0 0.192482 0.941411 0.0878623 0.00833186
0 0.789402 0.695887 0.32035 0.206169
0 0.737621 0.377593 0.176932 0.0436093
0 0.246528 0.589789 0.127114 0.00744549
0 0.0905797 0.326272 0.0984299 0.0200319
0 0.796045 0.27309 0.327597 0.439461
0 0.616999 0.392306 0.0425725 0.0251728
0 0.895682 0.156178 0.108998 0.0358093
0 0.589674 0.564971 0.103865 0.0290729
0 0.473581 0.618773 0.947162 0.762453
0 0.894626 0.233026 0.109903 0.0349229
0 0.799517 0.415529 0.282005 0.0255274
0 0.491093 0.444957 0.260568 0.0312001
0 0.51555 0.111328 0.576993 0.0911186
0 0.488678 0.326715 0.304046 0.0258819
0 0.657156 0.132689 0.0733696 0.0494593
0 0.912893 0.299504 0.0594807 0.0271229
0 0.532307 0.13198 0.152174 0.0512321
0 0.722977 0.63588 0.111413 0.0195001
0 0.489281 0.301897 0.305254 0.497784
0 0.797705 0.328133 0.28442 0.0216274
0 0.713315 0.196153 0.57337 0.0608048
0 0.647494 0.820245 0.391606 0.0390002
0 0.282609 0.81927 0.343599 0.0405956
0 0.880586 0.655114 0.148249 0.00833186
0 0.493056 0.507091 0.297705 0.0249956
0 0.876661 0.635969 0.141606 0.0200319
0 0.179952 0.326183 0.286836 0.022691
0 0.532458 0.387254 0.116244 0.0260592
0 0.806914 0.265467 0.283514 0.073214
0 0.721467 0.35047 0.153684 0.0170183
0 0.585447 0.181262 0.0585749 0.0260592
0 0.414704 0.277965 0.159118 0.0531821
0 0.491395 0.417834 0.281703 0.0230456
0 0.264644 0.629321 0.127717 0.0184364
0 0.495924 0.475536 0.310085 0.0296047
0 0.491395 0.0565503 0.417572 0.0166637
0 0.264795 0.636589 0.0966184 0.0141819
0 0.716335 0.825563 0.0691425 0.0262365
0 0.53125 0.81989 0.0854469 0.0390002
0 0.17814 0.457454 0.285024 0.0668321
0 0.180254 0.40179 0.304952 0.348342
0 0.0883152 0.92395 0.102355 0.0294274
0 0.877566 0.893281 0.131341 0.0783549
0 0.918478 0.391243 0.0609903 0.029782
0 0.803593 0.448945 0.30465 0.0856231
0 0.49381 0.537227 0.307065 0.0866868
0 0.26555 0.826272 0.0896739 0.0273001
0 0.927385 0.477486 0.0570652 0.0267683
0 0.862319 0.534834 0.167271 0.0276547
0 0.101147 0.189417 0.136473 0.0639957
0 0.409118 0.636235 0.107488 0.0195001
0 0.125453 0.545116 0.186896 0.0588548
0 0.767814 0.922354 0.0785024 0.0191455
0 0.300574 0.301099 0.0540459 0.0299592
0 0.773551 0.0585889 0.0694444 0.0186137
0 0.301479 0.477132 0.0661232 0.0313774
0 0.29846 0.388584 0.0504227 0.0290729
0 0.139191 0.278851 0.21558 0.0581457
0 0.859601 0.267417 0.149758 0.0320865
0 0.111715 0.637121 0.110507 0.018791
0 0.232488 0.195621 0.107488 0.0554866
0 0.861866 0.356497 0.148249 0.0319092
0 0.811292 0.819447 0.093599 0.0391775
0 0.918931 0.564793 0.071558 0.0269456
0 0.467089 0.703599 0.934179 0.204219
0 0.258907 0.354724 0.12651 0.0333274
0 0.151721 0.36864 0.239432 0.0608048
0 0.511021 0.19571 0.208031 0.0521184
0 0.358696 0.824499 0.080314 0.0294274
0 0.419233 0.549016 0.15308 0.056373
0 0.800574 0.362436 0.298007 0.0852686
0 0.302234 0.564084 0.0621981 0.0333274
0 0.441425 0.81989 0.0797101 0.0390002
0 0.260266 0.443538 0.146739 0.0322638
0 0.590882 0.445311 0.105072 0.0326183
0 0.40942 0.372363 0.139493 0.0547775
0 0.897192 0.187555 0.118056 0.0762276
0 0.0890701 0.876972 0.111715 0.056373
0 0.72192 0.612303 0.118961 0.0333274
0 0.90006 0.819624 0.0887681 0.0405956
0 0.877264 0.610707 0.147041 0.033682
0 0.899155 0.099805 0.112319 0.0914731
0 0.485507 0.276369 0.291063 0.0889913
0 0.621981 0.824676 0.0978261 0.0319092
0 0.168931 0.82317 0.0775966 0.0363411
0 0.673913 0.197394 0.0996377 0.0530048
0 0.266455 0.531732 0.141002 0.0296047
0 0.490338 0.445754 0.311594 0.084914
0 0.873339 0.446109 0.128925 0.031732
0 0.78125 0.197394 0.0926932 0.0579684
0 0.491546 0.358093 0.301329 0.0457366
0 0.102355 0.10663 0.142512 0.115051
0 0.110356 0.613455 0.135568 0.0281865
0 0.728412 0.458341 0.15308 0.0551321
0 0.265851 0.26724 0.112017 0.0335047
0 0.57035 0.534834 0.145531 0.0315547
0 0.0782005 0.822195 0.0839372 0.0397093
0 0.493508 0.889204 0.932669 0.100691
0 0.560236 0.266974 0.162138 0.0290729
0 0.718448 0.547509 0.133756 0.0600957
0 0.458786 0.298529 0.872283 0.553448
0 0.72494 0.71911 0.141304 0.149796
0 0.403986 0.611505 0.104469 0.0274774
0 0.804197 0.53448 0.30163 0.0861549
0 0.880133 0.726821 0.146739 0.13721
0 0.566878 0.619571 0.14221 0.0528275
0 0.248943 0.611682 0.105374 0.0299592
0 0.259662 0.722301 0.14372 0.145187
0 0.729922 0.279826 0.155495 0.0561957
0 0.413647 0.721415 0.143116 0.147669
0 0.105223 0.723985 0.144626 0.149973
0 0.334239 0.196508 0.102053 0.0533593
0 0.567482 0.720883 0.151872 0.142351
