0 0.158368 0.0919632 0.163758 0.0635511
0 0.672613 0.734289 0.0972793 0.0205346
0 0.891042 0.765091 0.103439 0.0145158
0 0.496022 0.710657 0.192762 0.0171712
0 0.554671 0.943264 0.0713552 0.0217738
0 0.781057 0.660028 0.0934292 0.0171712
0 0.891042 0.721278 0.106006 0.0341653
0 0.889245 0.357497 0.0839322 0.00584174
0 0.780416 0.275978 0.107546 0.0743494
0 0.894892 0.503363 0.088039 0.0295628
0 0.773486 0.791291 0.1327 0.303062
0 0.672613 0.894052 0.098306 0.0146929
0 0.673896 0.687998 0.098306 0.0182333
0 0.776822 0.781908 0.0803388 0.0261993
0 0.782854 0.518322 0.0995893 0.0173482
0 0.896047 0.127102 0.102669 0.0442556
0 0.89117 0.871393 0.100103 0.00973624
0 0.863578 0.0421313 0.152207 0.0109754
0 0.673511 0.815366 0.101643 0.0148699
0 0.890657 0.852629 0.101643 0.0150469
0 0.891299 0.832448 0.10806 0.0122146
0 0.877567 0.590724 0.100616 0.106568
0 0.55326 0.918658 0.0721253 0.0681537
0 0.672485 0.660471 0.099076 0.0177022
0 0.925436 0.459639 0.0351643 0.0288547
0 0.779646 0.935387 0.305698 0.0435475
0 0.890657 0.81271 0.101643 0.0162861
0 0.891684 0.892282 0.104723 0.0146929
0 0.785164 0.186759 0.11037 0.0109754
0 0.890529 0.788989 0.102926 0.0184103
0 0.50154 0.449637 0.11037 0.219154
0 0.780544 0.842981 0.104723 0.122146
0 0.778491 0.703576 0.0985626 0.10462
0 0.163373 0.0875376 0.126027 0.00832006
0 0.402464 0.937511 0.207906 0.0385909
0 0.496663 0.727739 0.193018 0.0541689
0 0.101386 0.641352 0.109343 0.03151
0 0.672228 0.786688 0.102156 0.26695
0 0.551463 0.872278 0.0608316 0.0203576
0 0.889502 0.727297 0.112166 0.38467
0 0.165811 0.0636396 0.137064 0.0164631
0 0.213424 0.404319 0.111653 0.504514
0 0.491273 0.687909 0.178645 0.0885112
0 0.133085 0.814834 0.161961 0.0177022
0 0.403362 0.886086 0.169661 0.0585944
0 0.203799 0.675429 0.299795 0.0203576
0 0.783111 0.745353 0.324435 0.429634
0 0.718814 0.0739954 0.448409 0.0520446
0 0.443917 0.865463 0.284651 0.190476
0 0.726899 0.592494 0.164271 0.104089
0 0.102798 0.407506 0.111653 0.510533
0 0.162346 0.120287 0.23229 0.0486812
0 0.329569 0.505399 0.113963 0.305895
0 0.781186 0.38166 0.106006 0.291025
0 0.667094 0.385201 0.110883 0.292441
0 0.895277 0.442202 0.100616 0.156842
0 0.707264 0.215436 0.180955 0.0389449
0 0.441222 0.469552 0.106776 0.22889
0 0.554158 0.420782 0.112423 0.177731
0 0.895277 0.227385 0.112423 0.246946
0 0.36961 0.332183 0.193532 0.0401841
0 0.784523 0.148699 0.109086 0.0885112
0 0.442248 0.614534 0.104209 0.039476
0 0.553645 0.215967 0.109343 0.225527
0 0.3827 0.288458 0.218172 0.0419543
0 0.385395 0.157196 0.204055 0.216676
0 0.555185 0.573199 0.112936 0.118959
0 0.104466 0.74314 0.105236 0.11294
0 0.328927 0.726766 0.11422 0.0755886
0 0.216632 0.892016 0.108316 0.129935
0 0.104851 0.892459 0.108573 0.131528
0 0.669918 0.148168 0.11191 0.0902815
0 0.215477 0.742609 0.108573 0.112586
