0 0.44275 0.604137 0.1435 0.237977
0 0.44175 0.687588 0.1475 0.554102
0 0.7195 0.594767 0.08 0.0176803
0 0.9135 0.134547 0.046 0.00671853
0 0.8055 0.493989 0.215 0.0813296
0 0.52 0.15541 0.298 0.0152051
0 0.12875 0.12942 0.0615 0.00990099
0 0.145 0.955092 0.129 0.00636492
0 0.58675 0.697313 0.1375 0.534653
0 0.2945 0.541726 0.148 0.551627
0 0.52075 0.205622 0.3015 0.0830976
0 0.8045 0.920615 0.267 0.0498586
0 0.44225 0.498762 0.1445 0.440948
0 0.80525 0.730198 0.2545 0.294908
0 0.8105 0.348303 0.26 0.387553
0 0.14475 0.509194 0.1465 0.46959
0 0.5885 0.348126 0.136 0.145332
0 0.219 0.204208 0.283 0.116337
0 0.29425 0.942892 0.1425 0.0265205
0 0.44325 0.839286 0.1445 0.238685
0 0.2945 0.874116 0.146 0.096181
0 0.1435 0.844767 0.149 0.205092
