0 0.497519 0.645622 0.0595479 0.0135983
0 0.836887 0.515914 0.0413527 0.00941423
0 0.492097 0.787209 0.115604 0.0274955
0 0.449274 0.646817 0.0343687 0.0141961
0 0.535747 0.591976 0.0382283 0.016587
0 0.827973 0.662209 0.112847 0.0841303
0 0.882558 0.809773 0.0327146 0.00657501
0 0.615971 0.738867 0.0700239 0.0351166
0 0.448447 0.558802 0.039331 0.0150926
0 0.407921 0.931934 0.0913435 0.0282427
0 0.640783 0.56986 0.139864 0.0901076
0 0.080408 0.885834 0.0953869 0.0152421
0 0.61496 0.473999 0.0937328 0.0845786
0 0.535931 0.403616 0.0374931 0.0848775
0 0.491821 0.558204 0.0415365 0.0150926
0 0.920787 0.540421 0.0657967 0.0279438
0 0.742786 0.196653 0.341665 0.0959354
0 0.306102 0.350568 0.102738 0.0406455
0 0.722294 0.970786 0.0610182 0.00971309
0 0.500092 0.715481 0.0753538 0.00926479
0 0.589598 0.810146 0.0496232 0.00582785
0 0.662103 0.835102 0.047234 0.036312
0 0.446885 0.434997 0.0351038 0.0149432
0 0.815567 0.47243 0.0880353 0.0754632
0 0.397721 0.507621 0.0588127 0.102809
0 0.821356 0.837866 0.101084 0.0409444
0 0.427587 0.781381 0.102003 0.21578
0 0.0806837 0.116034 0.11395 0.0118051
0 0.536207 0.646593 0.0380445 0.0140466
0 0.536666 0.435072 0.0360228 0.0150926
0 0.204926 0.365212 0.0882191 0.0209205
0 0.0839919 0.600194 0.0922625 0.0285415
0 0.381456 0.745666 0.047234 0.0633592
0 0.495773 0.450314 0.0545856 0.00582785
0 0.536666 0.326136 0.0363904 0.0503586
0 0.618452 0.384788 0.10182 0.0875672
0 0.818691 0.38419 0.0997978 0.0845786
0 0.921706 0.811118 0.0731483 0.00597729
0 0.0857379 0.428198 0.100165 0.0162881
0 0.400294 0.573222 0.0485205 0.00627615
0 0.81621 0.211372 0.0977761 0.0712791
0 0.283679 0.657128 0.113398 0.153168
0 0.0801323 0.798416 0.0937328 0.030783
0 0.450101 0.616931 0.0470502 0.0697848
0 0.478037 0.829349 0.0426392 0.0986252
0 0.396434 0.447624 0.0518287 0.0079199
0 0.492189 0.617528 0.0474178 0.0691871
0 0.535471 0.61566 0.0395148 0.0693365
0 0.704374 0.478332 0.113031 0.0899582
0 0.443668 0.507845 0.0363904 0.101166
0 0.917295 0.663255 0.0885867 0.0778542
0 0.403143 0.435072 0.0417203 0.0147938
0 0.716045 0.196503 0.0849109 0.0920502
0 0.71531 0.385236 0.0893218 0.0875672
0 0.084819 0.621115 0.093549 0.0159892
0 0.488697 0.506949 0.0422716 0.101166
0 0.0859217 0.356396 0.0950193 0.0358637
0 0.763095 0.658697 0.413527 0.0860729
0 0.762911 0.71974 0.403602 0.56052
0 0.109631 0.567992 0.0431906 0.0376569
0 0.205385 0.042887 0.0799485 0.0083682
0 0.0885867 0.952854 0.0808675 0.0162881
0 0.736262 0.810595 0.0562397 0.00523013
0 0.612479 0.661686 0.0942841 0.0818888
0 0.60522 0.841452 0.067267 0.052899
0 0.0828892 0.785341 0.0944679 0.012104
0 0.715494 0.662657 0.109171 0.0841303
0 0.399191 0.6185 0.0588127 0.0711297
0 0.708693 0.838539 0.0419041 0.0413927
0 0.0817864 0.654886 0.0988789 0.0183802
0 0.0828892 0.767857 0.0966734 0.0216677
0 0.0866569 0.446279 0.0997978 0.0378063
0 0.916468 0.382995 0.0884029 0.0905559
0 0.407554 0.964435 0.0928138 0.0260012
0 0.916743 0.196429 0.0937328 0.0972803
0 0.762911 0.570084 0.420879 0.0956366
0 0.808675 0.756052 0.0793972 0.0916019
0 0.861882 0.291841 0.197574 0.0893604
0 0.300037 0.707038 0.0803161 0.0458757
0 0.905716 0.756949 0.112112 0.0966826
0 0.502022 0.664077 0.0667157 0.00537956
0 0.674049 0.760087 0.217056 0.103258
0 0.0861055 0.530484 0.0983275 0.0310819
0 0.0850947 0.39734 0.0966734 0.0394501
0 0.0909759 0.0321279 0.0952031 0.0083682
0 0.616798 0.293485 0.0981437 0.0860729
0 0.910494 0.453004 0.0863812 0.0398984
0 0.951479 0.0449791 0.0272009 0.00747161
0 0.0843595 0.340033 0.0808675 0.00732218
0 0.206028 0.0963837 0.0867488 0.0251046
0 0.533358 0.511357 0.0521963 0.0983264
0 0.254824 0.963613 0.168168 0.0174836
0 0.923635 0.849522 0.0773755 0.0642558
0 0.461496 0.450463 0.138577 0.0079199
0 0.461404 0.573894 0.112663 0.00762104
0 0.0652454 0.051853 0.0959382 0.0239091
0 0.302426 0.901674 0.0788458 0.0783025
0 0.111928 0.36043 0.039331 0.0257023
0 0.114225 0.919456 0.0317956 0.0358637
0 0.0811432 0.800658 0.103474 0.341901
0 0.429884 0.701285 0.0396986 0.0328751
0 0.618269 0.196503 0.102555 0.09474
0 0.0818783 0.641587 0.0953869 0.0124029
0 0.759419 0.429393 0.394413 0.591602
0 0.428414 0.746563 0.0408013 0.0552899
0 0.460118 0.282651 0.1814 0.0246563
0 0.205293 0.80006 0.0812351 0.0729229
0 0.082154 0.83032 0.0999816 0.0877167
0 0.383753 0.792887 0.0525639 0.188882
0 0.0814189 0.919307 0.0992465 0.0851763
0 0.307205 0.448745 0.0464988 0.00597729
0 0.50873 0.907053 0.0933652 0.0155409
0 0.209704 0.695457 0.0845433 0.0995218
0 0.209888 0.899955 0.0860136 0.0975792
0 0.477945 0.748655 0.0435582 0.0496115
0 0.382742 0.697773 0.0461312 0.0255529
0 0.456258 0.511357 0.195736 0.115362
0 0.0814189 0.7172 0.0933652 0.110729
0 0.187649 0.604677 0.039331 0.065003
0 0.456074 0.261282 0.19059 0.0135983
0 0.409943 0.0624626 0.0975924 0.011058
0 0.0764565 0.0853258 0.124977 0.0355649
0 0.0846352 0.564704 0.100533 0.129707
0 0.0859217 0.49066 0.0953869 0.0324268
0 0.606506 0.0661984 0.0702077 0.00956366
0 0.204742 0.413778 0.0768241 0.061566
0 0.526741 0.749328 0.0470502 0.0503586
0 0.462691 0.367902 0.191693 0.156007
0 0.868131 0.895323 0.191693 0.165123
0 0.40057 0.672146 0.0600992 0.00777047
0 0.408289 0.934026 0.0946517 0.0856246
0 0.509465 0.950164 0.102555 0.0557382
0 0.499541 0.69329 0.0889542 0.0548416
0 0.294707 0.796399 0.0895056 0.100568
0 0.304815 0.548341 0.0968572 0.0237597
0 0.661919 0.892932 0.193531 0.155858
0 0.255468 0.771967 0.187466 0.405559
0 0.457728 0.615362 0.195001 0.0797968
0 0.0855541 0.402346 0.103841 0.123282
0 0.203455 0.453228 0.0944679 0.203527
0 0.254549 0.0652271 0.18673 0.0279438
0 0.206028 0.280634 0.0929976 0.0358637
0 0.712001 0.135087 0.0977761 0.0179319
0 0.0878515 0.18806 0.10182 0.154961
0 0.0846352 0.29991 0.0942841 0.0558876
0 0.303988 0.224895 0.0988789 0.283025
0 0.480702 0.832038 0.149053 0.115959
0 0.30748 0.494845 0.0738835 0.0838314
0 0.20612 0.171772 0.0928138 0.173192
0 0.205753 0.325389 0.0924462 0.0422893
0 0.611285 0.111252 0.100717 0.0661984
0 0.409024 0.117005 0.105312 0.0929468
0 0.30555 0.409295 0.100533 0.0669456
0 0.712277 0.0880155 0.096122 0.0648536
0 0.511671 0.111327 0.0966734 0.113867
0 0.812718 0.0992977 0.100717 0.0883144
0 0.916192 0.0986252 0.102187 0.0887627
0 0.510844 0.212343 0.100533 0.0786013
0 0.407554 0.208981 0.102003 0.0835326
