0 0.106803 0.0784134 0.0728663 0.0176545
0 0.101342 0.889717 0.121548 0.0162788
0 0.455765 0.232603 0.147293 0.30219
0 0.354814 0.524418 0.120144 0.156483
0 0.1022 0.361687 0.121704 0.0160495
0 0.227024 0.260919 0.116711 0.0128396
0 0.229365 0.222916 0.119207 0.0124957
0 0.512716 0.431618 0.0546107 0.0261378
0 0.729755 0.733349 0.123888 0.0807062
0 0.852005 0.848389 0.116243 0.0294623
0 0.228429 0.86421 0.12108 0.015247
0 0.641208 0.880603 0.046029 0.0253353
0 0.227805 0.908231 0.120144 0.0276281
0 0.103526 0.544365 0.122484 0.0262524
0 0.603058 0.363923 0.124824 0.0186862
0 0.208145 0.222687 0.145733 0.267683
0 0.631612 0.627823 0.061476 0.0177691
0 0.606803 0.0535366 0.13481 0.0132982
0 0.0687315 0.193798 0.0388516 0.0049295
0 0.230145 0.479766 0.123888 0.0103176
0 0.228039 0.830735 0.061008 0.00653445
0 0.604618 0.633154 0.118895 0.0151324
0 0.701045 0.76476 0.143236 0.183423
0 0.635747 0.406683 0.0519582 0.0636249
0 0.566859 0.617792 0.0477454 0.0444801
0 0.103916 0.314571 0.117959 0.00894188
0 0.726634 0.26797 0.123576 0.0922848
0 0.228351 0.443769 0.118427 0.0194887
0 0.571696 0.394646 0.0546107 0.0370285
0 0.229365 0.203714 0.121704 0.0327869
0 0.0718521 0.649089 0.056327 0.0252207
0 0.602824 0.125301 0.120924 0.0811647
0 0.60376 0.90078 0.119675 0.0134128
0 0.726946 0.508426 0.118583 0.0639688
0 0.568965 0.427949 0.0507099 0.0215522
0 0.728117 0.639287 0.0419722 0.00584661
0 0.60259 0.641064 0.111406 0.00848332
0 0.853019 0.863751 0.120144 0.0294623
0 0.103916 0.30752 0.118271 0.0141007
0 0.229365 0.378597 0.115151 0.01112
0 0.354189 0.098418 0.123576 0.0638542
0 0.104228 0.322366 0.110782 0.00710765
0 0.727103 0.869368 0.116087 0.0241889
0 0.603994 0.534793 0.123264 0.0437923
0 0.729209 0.793592 0.119675 0.0494096
0 0.300359 0.726184 0.176939 0.235126
0 0.103058 0.535538 0.124668 0.238565
0 0.476985 0.424797 0.120768 0.0177691
0 0.354501 0.317093 0.118895 0.0146739
0 0.228117 0.728706 0.119519 0.0218961
0 0.725386 0.590336 0.114526 0.018457
0 0.354892 0.352 0.120612 0.0991631
0 0.602044 0.835435 0.120924 0.0526195
0 0.480262 0.229909 0.109846 0.0118079
0 0.228507 0.31073 0.118115 0.0166227
0 0.570058 0.657916 0.0538305 0.0247621
0 0.228351 0.423822 0.119675 0.0231572
0 0.602512 0.620773 0.1203 0.0275135
0 0.856764 0.0741144 0.0942425 0.01112
0 0.725932 0.631148 0.113122 0.0182277
0 0.631768 0.60822 0.0649087 0.0166227
0 0.353487 0.305686 0.121236 0.0196033
0 0.102668 0.383928 0.122016 0.0557148
0 0.856452 0.162444 0.12108 0.0110054
0 0.728117 0.63986 0.0837884 0.0102029
0 0.601966 0.649433 0.119207 0.0284306
0 0.102746 0.337269 0.122484 0.0318698
0 0.353565 0.371948 0.115775 0.0081394
0 0.228819 0.52929 0.116867 0.0151324
0 0.479404 0.426573 0.121548 0.0644274
0 0.227805 0.937579 0.119831 0.0166227
0 0.229755 0.283045 0.121236 0.0272842
0 0.352239 0.275249 0.1203 0.0231572
0 0.477688 0.441591 0.121548 0.0165081
0 0.103058 0.426917 0.12186 0.0302648
0 0.229599 0.0702167 0.0890935 0.00699301
0 0.10337 0.520119 0.122796 0.0580076
0 0.228273 0.242176 0.11047 0.0196033
0 0.354658 0.3332 0.117959 0.0179984
0 0.636137 0.657457 0.0583554 0.0240743
0 0.727727 0.155795 0.124512 0.128855
0 0.47839 0.0705606 0.115151 0.00791012
0 0.479794 0.24338 0.122016 0.0247621
0 0.603838 0.686977 0.122952 0.0319844
0 0.102512 0.467041 0.121392 0.0453972
0 0.850757 0.861573 0.119363 0.10329
0 0.603292 0.885704 0.121236 0.0453972
0 0.47956 0.406741 0.120924 0.0199473
0 0.604618 0.463201 0.120456 0.169322
0 0.228195 0.767225 0.122484 0.101685
0 0.730769 0.157113 0.123732 0.0131835
0 0.602278 0.636478 0.123264 0.127479
0 0.35458 0.299152 0.1203 0.0705033
0 0.229755 0.334919 0.122796 0.0666055
0 0.60415 0.584203 0.122016 0.0259085
0 0.729287 0.178608 0.121704 0.0293477
0 0.852863 0.821392 0.121392 0.0261378
0 0.230067 0.243609 0.122484 0.112117
0 0.729833 0.207784 0.121236 0.0257939
0 0.47917 0.458615 0.119831 0.0138714
0 0.103682 0.413619 0.122796 0.175857
0 0.727727 0.793993 0.115463 0.0121518
0 0.72679 0.777829 0.114839 0.0149031
0 0.726868 0.6899 0.113122 0.0142153
0 0.228273 0.392812 0.120768 0.0354236
0 0.728507 0.735412 0.117023 0.019718
0 0.729521 0.662501 0.120612 0.0431044
0 0.104853 0.569013 0.121704 0.0709618
0 0.35458 0.355038 0.117179 0.0220108
0 0.229209 0.512209 0.121704 0.0511292
0 0.355204 0.387883 0.119675 0.0212083
0 0.605945 0.0750888 0.12498 0.0169666
0 0.729287 0.836868 0.118895 0.0174252
0 0.479014 0.938954 0.119519 0.0129543
0 0.728585 0.757996 0.118739 0.0194887
0 0.728819 0.12725 0.120456 0.0431044
0 0.855672 0.111315 0.123264 0.0866674
0 0.852161 0.912415 0.119675 0.063281
0 0.229053 0.555314 0.12108 0.0318698
0 0.729209 0.711395 0.118427 0.0244182
0 0.852317 0.636822 0.118115 0.0245328
0 0.60415 0.559899 0.123576 0.019718
0 0.228741 0.101341 0.122016 0.0658031
0 0.728195 0.813252 0.119207 0.0224693
0 0.102122 0.717242 0.120612 0.100768
0 0.478468 0.380832 0.115931 0.0293477
0 0.354033 0.695002 0.12264 0.503153
0 0.479638 0.213172 0.117335 0.0198326
0 0.228039 0.670583 0.119051 0.0840307
0 0.10259 0.825232 0.122796 0.108334
0 0.105867 0.132179 0.118115 0.125874
0 0.726478 0.610111 0.115775 0.0554855
0 0.604072 0.787401 0.123108 0.164278
0 0.228741 0.601112 0.121704 0.0500974
0 0.479092 0.72819 0.124356 0.406053
0 0.103058 0.635619 0.121548 0.0560587
0 0.604618 0.227273 0.122328 0.282586
0 0.728975 0.38301 0.12264 0.315946
0 0.480106 0.138255 0.122016 0.126562
0 0.103682 0.915625 0.120612 0.0635103
0 0.229287 0.448756 0.122796 0.0716497
0 0.104619 0.258168 0.12186 0.110742
0 0.229677 0.160266 0.1242 0.0470022
0 0.853643 0.729451 0.120456 0.15591
0 0.729677 0.0862089 0.124668 0.0366846
0 0.47956 0.311017 0.121548 0.106844
0 0.354501 0.164966 0.121704 0.195804
0 0.729053 0.93242 0.118427 0.0239596
0 0.853253 0.475811 0.1203 0.288089
0 0.728897 0.883526 0.119363 0.0733693
0 0.854423 0.245902 0.122016 0.174252
0 0.353955 0.423879 0.120612 0.0450533
0 0.478858 0.494383 0.12264 0.0533073
0 0.228819 0.887309 0.120612 0.119684
0 0.728273 0.562421 0.121236 0.0359968
0 0.60415 0.927204 0.12108 0.0350797
