0 0.89 0.828642 0.173 0.0330606
0 0.88925 0.788871 0.1785 0.114566
0 0.70725 0.359902 0.1805 0.125368
0 0.698 0.785106 0.183 0.116858
0 0.1245 0.148936 0.13 0.200982
0 0.792 0.889198 0.355 0.0775777
0 0.888 0.815876 0.174 0.0585925
0 0.79675 0.691326 0.3705 0.0484452
0 0.893 0.583142 0.17 0.116203
0 0.747 0.578232 0.068 0.118167
0 0.1195 0.542553 0.134 0.182324
0 0.39425 0.526678 0.3925 0.0333879
0 0.124 0.338789 0.131 0.587889
0 0.8895 0.354828 0.17 0.111293
0 0.7005 0.582324 0.178 0.128969
0 0.79025 0.718658 0.3935 0.401637
0 0.5245 0.0623568 0.129 0.0258592
0 0.93325 0.236825 0.1165 0.0212766
0 0.9355 0.0828151 0.11 0.0759411
0 0.398 0.454664 0.131 0.0255319
0 0.5255 0.0949263 0.127 0.0314239
0 0.398 0.196072 0.129 0.299836
0 0.796 0.376105 0.365 0.242881
0 0.3975 0.487398 0.132 0.0301146
0 0.38525 0.871522 0.1245 0.12144
0 0.5295 0.355646 0.136 0.289034
0 0.51375 0.871031 0.1285 0.119804
0 0.934 0.17365 0.114 0.0978723
0 0.26 0.869885 0.119 0.122095
0 0.39075 0.676432 0.3615 0.255646
0 0.26175 0.142881 0.1375 0.188216
0 0.808 0.121604 0.138 0.143699
0 0.6645 0.148281 0.142 0.195745
0 0.26025 0.316203 0.1385 0.147954
0 0.2585 0.448772 0.138 0.104746
0 0.80475 0.222095 0.1355 0.0468085
0 0.52725 0.16072 0.1295 0.0903437
0 0.117 0.866448 0.139 0.127005
0 0.121 0.719313 0.136 0.162684
0 0.39875 0.393617 0.1325 0.088707
