0 0.470801 0.618185 0.0361598 0.00863513
0 0.438709 0.79005 0.107575 0.00979508
0 0.325077 0.53918 0.112095 0.269236
0 0.438709 0.847919 0.106129 0.0110839
0 0.783222 0.483761 0.0976315 0.0235855
0 0.780691 0.539954 0.0954619 0.0127594
0 0.437443 0.565472 0.112999 0.238819
0 0.456247 0.282833 0.0583981 0.0555484
0 0.229886 0.501353 0.0735852 0.00670189
0 0.240734 0.0874468 0.0461038 0.00476866
0 0.43672 0.550586 0.112999 0.0193324
0 0.553155 0.917644 0.116977 0.0327362
0 0.783855 0.529707 0.102152 0.0275809
0 0.139667 0.0528419 0.0949195 0.0250032
0 0.312692 0.27394 0.076478 0.0192035
0 0.78512 0.430726 0.0692461 0.00567083
0 0.319653 0.468102 0.0943771 0.0172703
0 0.781775 0.563797 0.0998011 0.0341539
0 0.670584 0.163745 0.338818 0.010955
0 0.782589 0.640224 0.105406 0.0836448
0 0.32589 0.734695 0.112638 0.079005
0 0.784216 0.467135 0.10179 0.0800361
0 0.894142 0.738497 0.112638 0.016497
0 0.61083 0.440456 0.226541 0.0277098
0 0.780962 0.66613 0.10396 0.0233277
0 0.901284 0.0880268 0.0914844 0.00747519
0 0.43898 0.588542 0.108841 0.0772007
0 0.213253 0.721356 0.107937 0.0185591
0 0.856717 0.0542596 0.08371 0.0226833
0 0.488429 0.0571594 0.4388 0.0534863
0 0.327066 0.630816 0.107033 0.0127594
0 0.37778 0.273876 0.208823 0.02191
0 0.895769 0.346759 0.101067 0.0137904
0 0.437534 0.618314 0.107033 0.00966619
0 0.897216 0.602075 0.119147 0.00915066
0 0.151329 0.566246 0.225276 0.0269365
0 0.324444 0.772522 0.105044 0.012115
0 0.381486 0.252223 0.19237 0.0159814
0 0.32571 0.620956 0.108299 0.0675345
0 0.435816 0.498647 0.103598 0.016497
0 0.380401 0.239399 0.225637 0.0766851
0 0.895498 0.795979 0.112457 0.0162392
0 0.324082 0.879624 0.114807 0.0149504
0 0.323088 0.959595 0.100886 0.00734631
0 0.313867 0.521201 0.0824444 0.0154659
0 0.386639 0.28657 0.0840716 0.0521974
0 0.352558 0.60491 0.0538781 0.031834
0 0.464925 0.580101 0.0547821 0.0345405
0 0.157838 0.103686 0.216959 0.0104395
0 0.294974 0.605813 0.0471886 0.0328651
0 0.436811 0.816536 0.108118 0.043949
0 0.294974 0.739013 0.0493582 0.0371182
0 0.89595 0.774004 0.112999 0.0501353
0 0.407702 0.587962 0.0502622 0.0507797
0 0.101971 0.952958 0.111372 0.0201057
0 0.438528 0.864093 0.111191 0.039567
0 0.101067 0.925699 0.112819 0.0390514
0 0.895317 0.36564 0.112095 0.0536152
0 0.604954 0.129398 0.681251 0.063668
0 0.382752 0.197319 0.225276 0.0806805
0 0.322907 0.495554 0.111372 0.0311896
0 0.671759 0.857843 0.112276 0.0453667
0 0.378322 0.277871 0.221117 0.0677922
0 0.436088 0.523457 0.109564 0.0679211
0 0.897758 0.578941 0.115169 0.0469133
0 0.325258 0.652726 0.109203 0.0416291
0 0.351202 0.742106 0.0547821 0.0445934
0 0.436178 0.471904 0.106852 0.0284831
0 0.554963 0.945418 0.116615 0.036216
0 0.671217 0.890836 0.111915 0.0286119
0 0.324354 0.560381 0.108118 0.055935
0 0.433014 0.444194 0.0951003 0.02307
0 0.666606 0.40772 0.340626 0.0246166
0 0.78277 0.55426 0.10396 0.252481
0 0.325077 0.806354 0.111734 0.052713
0 0.553607 0.762663 0.114627 0.0478154
0 0.324986 0.861709 0.110468 0.0533574
0 0.437624 0.649826 0.10866 0.0523263
0 0.324986 0.69777 0.11083 0.0433046
0 0.326071 0.924088 0.11083 0.0659879
0 0.154402 0.605104 0.229615 0.105426
0 0.895136 0.674507 0.116796 0.122567
0 0.324896 0.429115 0.109564 0.1004
0 0.155849 0.526292 0.228169 0.0442067
0 0.0990779 0.784959 0.116435 0.237531
0 0.896673 0.475061 0.116615 0.160072
0 0.438619 0.73534 0.109926 0.113803
0 0.553155 0.637969 0.118062 0.199768
0 0.612005 0.47925 0.233954 0.104008
0 0.784397 0.944194 0.107937 0.0376337
0 0.554601 0.859518 0.115892 0.136873
0 0.897397 0.247132 0.115169 0.1718
0 0.671036 0.774907 0.112638 0.116381
0 0.671578 0.574236 0.113361 0.0787473
0 0.213705 0.695386 0.110287 0.0715298
0 0.783945 0.863771 0.109564 0.113159
0 0.895408 0.931628 0.111915 0.0601882
0 0.379588 0.343537 0.226903 0.0552906
0 0.15621 0.307449 0.216597 0.390385
0 0.43654 0.400954 0.112999 0.054904
0 0.671217 0.935623 0.112638 0.0521974
0 0.896492 0.853976 0.113361 0.0930532
0 0.21262 0.776582 0.102332 0.0753963
0 0.782499 0.74391 0.108118 0.118314
0 0.670946 0.665807 0.107756 0.0925377
0 0.438528 0.925699 0.111191 0.0756541
0 0.213433 0.891416 0.10866 0.142415
0 0.668957 0.281415 0.336286 0.220003
