0 0.876993 0.525167 0.143508 0.0443506
0 0.846526 0.444914 0.193052 0.0422386
0 0.144362 0.777895 0.134966 0.0556142
0 0.460991 0.564238 0.0768793 0.0647659
0 0.367882 0.456177 0.115034 0.00915171
0 0.878132 0.628652 0.130979 0.0267511
0 0.170558 0.354981 0.103075 0.00809574
0 0.105638 0.0960929 0.103075 0.00915171
0 0.679954 0.474129 0.151481 0.00844773
0 0.160308 0.333333 0.133827 0.00703977
0 0.875569 0.704505 0.112187 0.0503344
0 0.826595 0.382084 0.0791572 0.00809574
0 0.875 0.665963 0.132688 0.031679
0 0.327164 0.581485 0.0449886 0.0295671
0 0.853075 0.417987 0.123007 0.00879972
0 0.114749 0.81679 0.0677677 0.0383668
0 0.269362 0.797255 0.0797267 0.0168955
0 0.555524 0.338965 0.109909 0.00915171
0 0.583428 0.712777 0.128132 0.0429426
0 0.769077 0.779127 0.0381549 0.0235832
0 0.583144 0.786871 0.123007 0.0095037
0 0.579727 0.921331 0.116173 0.0404787
0 0.100228 0.0983808 0.0876993 0.0109117
0 0.8582 0.471665 0.112756 0.00844773
0 0.104499 0.213657 0.0768793 0.0415347
0 0.144077 0.29831 0.0683371 0.00739176
0 0.67369 0.573742 0.249431 0.140795
0 0.583144 0.669835 0.137813 0.032383
0 0.518793 0.225273 0.842825 0.062654
0 0.873861 0.593101 0.114465 0.0746216
0 0.417141 0.397219 0.729499 0.141851
0 0.311503 0.579725 0.101367 0.108413
0 0.455011 0.580429 0.0968109 0.102077
0 0.581435 0.762936 0.134396 0.0538543
0 0.116173 0.953537 0.0888383 0.0063358
0 0.670843 0.723337 0.296128 0.138684
0 0.582289 0.709257 0.126993 0.0865892
0 0.60877 0.76276 0.0808656 0.0499824
0 0.58172 0.879268 0.11902 0.0401267
0 0.268223 0.770679 0.0922551 0.0334389
0 0.172551 0.863604 0.183371 0.110172
0 0.882973 0.587117 0.0768793 0.0584301
0 0.479784 0.0793735 0.868451 0.0249912
0 0.40262 0.778071 0.133257 0.0524463
0 0.466116 0.292679 0.757973 0.06371
0 0.547267 0.75836 0.0569476 0.0425906
0 0.585706 0.598029 0.112187 0.0471665
0 0.877847 0.705737 0.0882688 0.0239352
0 0.882118 0.579373 0.118451 0.132348
0 0.507973 0.370292 0.840547 0.25132
0 0.584567 0.713833 0.0768793 0.0387188
0 0.576595 0.834565 0.106492 0.0499824
0 0.585421 0.57075 0.132118 0.137628
0 0.730638 0.57251 0.142369 0.142555
0 0.797267 0.867124 0.219818 0.113692
0 0.578872 0.870996 0.124715 0.140444
0 0.582289 0.724393 0.139522 0.142907
0 0.435934 0.570574 0.137244 0.128828
0 0.288155 0.571806 0.134396 0.142555
0 0.80467 0.57251 0.287016 0.144667
0 0.280182 0.802358 0.407745 0.293911
0 0.140376 0.57251 0.126993 0.137628
0 0.16287 0.140971 0.216401 0.0897571
0 0.730068 0.722457 0.126424 0.135516
0 0.876139 0.722105 0.139522 0.13974
0 0.839408 0.142203 0.222096 0.093629
0 0.390091 0.141675 0.22779 0.0918691
0 0.616173 0.142379 0.215262 0.093981
