0 0.899757 0.366753 0.118932 0.19467
0 0.553155 0.182483 0.111165 0.0555736
0 0.203883 0.728144 0.11068 0.0347741
0 0.844417 0.51235 0.215049 0.0939227
0 0.380583 0.91144 0.216505 0.0659733
0 0.316505 0.205882 0.114563 0.0107247
0 0.844417 0.809555 0.219903 0.0929477
0 0.575485 0.60806 0.132524 0.0903477
0 0.0815534 0.546961 0.12233 0.150146
0 0.0815534 0.586773 0.12233 0.136822
0 0.823544 0.712057 0.185922 0.0909977
0 0.317476 0.938089 0.061165 0.0152746
0 0.617961 0.71027 0.207767 0.0913227
0 0.220388 0.922002 0.0533981 0.0324992
0 0.136165 0.868703 0.217961 0.0649984
0 0.202913 0.647384 0.109709 0.0266493
0 0.668932 0.41924 0.11068 0.0344491
0 0.202184 0.620085 0.108252 0.0233994
0 0.418447 0.759019 0.141748 0.0321742
0 0.667476 0.452226 0.112621 0.0224244
0 0.082767 0.496588 0.118932 0.078648
0 0.783252 0.812805 0.0936893 0.0955476
0 0.41966 0.838317 0.134466 0.0770231
0 0.572816 0.712057 0.119417 0.0916477
0 0.0800971 0.676796 0.124272 0.0991225
0 0.789078 0.71287 0.109223 0.0958726
0 0.598544 0.911927 0.168932 0.0916477
0 0.757282 0.912415 0.196117 0.0919727
0 0.669418 0.305655 0.11165 0.138772
0 0.357767 0.810367 0.183495 0.126422
0 0.891748 0.909652 0.115534 0.0916477
0 0.409223 0.409652 0.14466 0.0360741
0 0.901456 0.712382 0.104854 0.0935977
0 0.845631 0.611797 0.232039 0.0900228
0 0.671117 0.240169 0.109223 0.0441989
0 0.43301 0.728307 0.100971 0.00649984
0 0.433495 0.543549 0.107767 0.0126747
0 0.244903 0.409002 0.190777 0.0354241
0 0.615291 0.80988 0.209223 0.0942476
0 0.381068 0.934839 0.203883 0.0263243
0 0.789078 0.513975 0.108252 0.0945726
0 0.0798544 0.729607 0.124757 0.0350991
0 0.435194 0.20637 0.11699 0.0116997
0 0.682039 0.710757 0.084466 0.0883978
0 0.899757 0.41599 0.11699 0.0942476
0 0.895874 0.810367 0.115049 0.0841729
0 0.899757 0.30988 0.117961 0.109522
0 0.202427 0.702957 0.114563 0.081898
0 0.553883 0.127884 0.11165 0.0341241
0 0.549272 0.810855 0.0694175 0.0942476
0 0.735437 0.710595 0.445631 0.0880728
0 0.417718 0.810205 0.140291 0.128047
0 0.73665 0.81313 0.430583 0.0968476
0 0.37767 0.895515 0.21068 0.0295743
0 0.730097 0.512187 0.470874 0.0929477
0 0.671117 0.331654 0.109223 0.0354241
0 0.421602 0.936789 0.130583 0.0276243
0 0.614806 0.51235 0.217961 0.0919727
0 0.671602 0.291193 0.109223 0.0441989
0 0.737864 0.712057 0.474757 0.508287
0 0.66966 0.232857 0.111165 0.0237244
0 0.754369 0.91144 0.350485 0.0939227
0 0.201699 0.571498 0.111165 0.0692233
0 0.672087 0.258206 0.108252 0.0204745
0 0.900728 0.513812 0.10534 0.0916477
0 0.392718 0.826942 0.194175 0.175821
0 0.139078 0.81443 0.159709 0.0428989
0 0.9 0.186058 0.120388 0.138122
0 0.266505 0.48245 0.240777 0.0523237
0 0.318932 0.706695 0.11165 0.0523237
0 0.724029 0.612447 0.43932 0.0919727
0 0.322087 0.0945726 0.559709 0.0266493
0 0.308495 0.525187 0.331553 0.0188495
0 0.251456 0.442964 0.449515 0.0214495
0 0.320631 0.652909 0.106311 0.0519987
0 0.317718 0.678258 0.110194 0.105297
0 0.900971 0.290055 0.120388 0.346116
0 0.310922 0.40949 0.341262 0.0376991
0 0.302184 0.808742 0.0830097 0.107572
0 0.671359 0.310042 0.11165 0.079948
0 0.784466 0.454664 0.112621 0.0162496
0 0.082767 0.601235 0.124757 0.283393
0 0.204126 0.642021 0.112136 0.21027
0 0.669175 0.432402 0.112136 0.0627234
0 0.140291 0.852129 0.22233 0.202145
0 0.433252 0.701495 0.110194 0.0575236
0 0.316019 0.483263 0.112621 0.0513487
0 0.671117 0.142509 0.11699 0.153721
0 0.0813107 0.221969 0.109223 0.214495
0 0.670146 0.375041 0.112136 0.040299
0 0.199272 0.483263 0.112136 0.0500487
0 0.783738 0.361878 0.110194 0.159571
0 0.550243 0.308092 0.122816 0.184595
0 0.436165 0.161033 0.11699 0.0978226
0 0.84466 0.0909977 0.227184 0.0454989
0 0.432282 0.564186 0.110194 0.0487488
0 0.430583 0.484075 0.113592 0.0503737
0 0.784709 0.19792 0.108252 0.159246
0 0.552184 0.160221 0.113107 0.0981475
0 0.432524 0.631459 0.11165 0.0734482
0 0.316019 0.161846 0.117476 0.0974976
0 0.19466 0.162658 0.115534 0.100422
0 0.550728 0.434514 0.120874 0.0578486
0 0.0839806 0.379753 0.11165 0.0939227
0 0.312621 0.299155 0.333981 0.160871
0 0.318204 0.577836 0.115049 0.0760481
