0 0.0637484 0.359812 0.107947 0.0100715
0 0.316405 0.332684 0.118572 0.0116959
0 0.377603 0.337232 0.20527 0.00909682
0 0.124522 0.665692 0.213345 0.0123457
0 0.187208 0.465724 0.125372 0.011371
0 0.832979 0.0477583 0.129197 0.0116959
0 0.70102 0.759097 0.281768 0.0178687
0 0.377178 0.766407 0.18657 0.022742
0 0.378028 0.897661 0.150871 0.0610786
0 0.69932 0.67885 0.366766 0.0536062
0 0.375053 0.383691 0.21462 0.051332
0 0.0654484 0.497726 0.115597 0.0103964
0 0.249044 0.0477583 0.187845 0.0103964
0 0.698258 0.621995 0.324692 0.0269656
0 0.18912 0.578622 0.118997 0.0162443
0 0.314917 0.293535 0.130047 0.0152697
0 0.757969 0.533951 0.246069 0.0451592
0 0.393965 0.0490578 0.194645 0.00974659
0 0.759244 0.497888 0.256269 0.194607
0 0.0611985 0.596004 0.0628984 0.00487329
0 0.627284 0.354126 0.0552486 0.00584795
0 0.827879 0.276153 0.0773481 0.00519818
0 0.123672 0.784438 0.184445 0.0139701
0 0.572673 0.275504 0.0854229 0.00519818
0 0.762218 0.438596 0.248619 0.0396361
0 0.846579 0.328135 0.0730982 0.0415854
0 0.313217 0.336582 0.0900977 0.00519818
0 0.69847 0.197044 0.124522 0.0107212
0 0.433277 0.484405 0.102422 0.141001
0 0.0637484 0.371832 0.111347 0.0334633
0 0.125372 0.635802 0.226094 0.0688759
0 0.441351 0.33707 0.0930727 0.00552307
0 0.377603 0.606725 0.21972 0.0821962
0 0.596685 0.897986 0.079898 0.00974659
0 0.0656609 0.0581546 0.0998725 0.0311891
0 0.553124 0.325374 0.0573736 0.0393112
0 0.761368 0.580734 0.246069 0.0406108
0 0.698683 0.275828 0.0849979 0.00519818
0 0.186995 0.304256 0.124947 0.0289149
0 0.70527 0.320663 0.226519 0.0597791
0 0.379303 0.682749 0.18997 0.0640026
0 0.578623 0.679175 0.118572 0.0445094
0 0.822354 0.6795 0.117297 0.0464587
0 0.314492 0.275828 0.125797 0.022742
0 0.186145 0.274529 0.124097 0.022742
0 0.699745 0.678038 0.111772 0.0500325
0 0.443901 0.276316 0.122822 0.0217674
0 0.323629 0.48668 0.116022 0.1436
0 0.120484 0.714262 0.229919 0.123132
0 0.70527 0.829922 0.311517 0.180962
0 0.120909 0.866309 0.223969 0.169266
0 0.711645 0.49935 0.378666 0.4282
0 0.442201 0.307992 0.121972 0.0350877
0 0.31428 0.309617 0.127072 0.0389864
0 0.573736 0.498538 0.119847 0.210851
0 0.595835 0.837394 0.0883978 0.110786
0 0.379941 0.843892 0.199745 0.180312
0 0.374628 0.533138 0.228219 0.359324
0 0.185295 0.374919 0.124097 0.164392
0 0.0650234 0.200617 0.110497 0.303769
0 0.570548 0.156758 0.127072 0.226446
0 0.832979 0.154808 0.135997 0.224496
0 0.0635359 0.42024 0.115172 0.136127
0 0.186145 0.524366 0.123247 0.126706
0 0.699108 0.0664392 0.124097 0.0484081
0 0.0631109 0.540936 0.117722 0.094217
0 0.317467 0.157245 0.358691 0.204678
0 0.699108 0.229857 0.125797 0.0763483
0 0.69932 0.140188 0.124522 0.0919428
