0 0.761245 0.474731 0.154007 0.149673
0 0.14507 0.0849973 0.1549 0.0116628
0 0.603068 0.311893 0.144474 0.059021
0 0.606196 0.106821 0.150134 0.0365789
0 0.844206 0.907493 0.275246 0.0503623
0 0.461722 0.921629 0.402145 0.077929
0 0.942508 0.852182 0.0792374 0.0295105
0 0.599345 0.360134 0.115579 0.00812864
0 0.845398 0.897508 0.263926 0.0272133
0 0.703455 0.195618 0.0312779 0.00600813
0 0.758415 0.334865 0.156092 0.13854
0 0.297587 0.710638 0.150134 0.045061
0 0.851951 0.936561 0.206136 0.032868
0 0.294013 0.399717 0.15073 0.234317
0 0.816205 0.779996 0.215669 0.19014
0 0.538278 0.836013 0.248436 0.0717441
0 0.842121 0.570507 0.282395 0.016434
0 0.602472 0.283972 0.111111 0.0102492
0 0.599791 0.276816 0.103962 0.012193
0 0.934465 0.702421 0.0863867 0.0250928
0 0.599791 0.280703 0.105749 0.00936561
0 0.297885 0.764181 0.151921 0.053543
0 0.757819 0.60205 0.111409 0.0424103
0 0.842121 0.667344 0.194817 0.0227955
0 0.296991 0.668846 0.151326 0.0268599
0 0.765118 0.513607 0.151028 0.0857042
0 0.600685 0.288832 0.077748 0.00618484
0 0.426571 0.229369 0.0899613 0.00883548
0 0.120346 0.227425 0.110813 0.00848206
0 0.600238 0.271779 0.142985 0.0120163
0 0.602472 0.361636 0.0872803 0.00795193
0 0.137623 0.271956 0.0845993 0.00742181
0 0.152517 0.0741297 0.165028 0.0150203
0 0.310694 0.840078 0.150134 0.0865877
0 0.178582 0.249779 0.221329 0.0143135
0 0.291778 0.461036 0.147453 0.113801
0 0.290736 0.352889 0.148347 0.0897685
0 0.600685 0.321258 0.14507 0.0342817
0 0.8451 0.805531 0.27882 0.293515
0 0.372058 0.5349 0.658922 0.0247394
0 0.326929 0.639689 0.214775 0.0137834
0 0.139708 0.758084 0.158475 0.417388
0 0.29297 0.286446 0.148049 0.0434706
0 0.761394 0.411557 0.157283 0.28839
0 0.759756 0.211963 0.148645 0.0408199
0 0.458147 0.878777 0.421209 0.163633
0 0.603068 0.441597 0.151623 0.149496
0 0.139112 0.153737 0.148943 0.123697
0 0.844504 0.600459 0.28597 0.0773988
0 0.921656 0.410762 0.155496 0.284326
0 0.136878 0.399982 0.14924 0.239442
0 0.447125 0.391147 0.149538 0.251811
0 0.451743 0.151175 0.148645 0.126347
0 0.457551 0.682806 0.15073 0.0551334
0 0.453977 0.587383 0.147155 0.0720975
0 0.760203 0.134918 0.149538 0.0910055
0 0.457253 0.754815 0.149538 0.0705072
0 0.294459 0.161336 0.151623 0.141721
0 0.917188 0.160452 0.159666 0.137834
0 0.603962 0.157625 0.148049 0.138894
0 0.300119 0.587206 0.149836 0.0728044
0 0.297289 0.720799 0.155496 0.13642
0 0.61543 0.723626 0.151326 0.132179
0 0.61126 0.586764 0.153113 0.0736879
