0 0.411748 0.478018 0.140528 0.012941
0 0.564081 0.399309 0.0697021 0.0388229
0 0.806773 0.659635 0.279089 0.0762276
0 0.492552 0.765999 0.276841 0.0507002
0 0.178331 0.531377 0.295391 0.0487502
0 0.101321 0.894256 0.139685 0.0554866
0 0.177768 0.488654 0.301574 0.120014
0 0.566891 0.384329 0.137718 0.0748094
0 0.0980888 0.6053 0.146712 0.0381138
0 0.568578 0.496277 0.134907 0.11576
0 0.810427 0.570112 0.301012 0.0652367
0 0.890107 0.159901 0.146712 0.0425456
0 0.179455 0.515334 0.233558 0.0134728
0 0.163294 0.665396 0.291737 0.157596
0 0.101743 0.945045 0.13828 0.0436093
0 0.462619 0.712108 0.190556 0.0772913
0 0.889545 0.1014 0.143901 0.0609821
0 0.809584 0.125244 0.26335 0.107605
0 0.42819 0.237103 0.0975267 0.00620457
0 0.177487 0.517107 0.11158 0.0180819
0 0.258151 0.247651 0.285835 0.0156001
0 0.103288 0.491934 0.146993 0.029782
0 0.426363 0.704308 0.128162 0.0638185
0 0.725408 0.0559298 0.488477 0.0210955
0 0.255902 0.490782 0.142496 0.0271229
0 0.178752 0.452313 0.174255 0.039532
0 0.255762 0.544673 0.14615 0.0257047
0 0.17552 0.574809 0.230185 0.0132955
0 0.811411 0.222921 0.264755 0.0820776
0 0.101743 0.546977 0.145587 0.0306683
0 0.568578 0.448768 0.14896 0.211842
0 0.253092 0.32574 0.434233 0.0342138
0 0.415402 0.4922 0.143339 0.0416593
0 0.176082 0.76006 0.197583 0.0164864
0 0.495925 0.733115 0.285835 0.122141
0 0.13575 0.280624 0.209106 0.0478639
0 0.0997752 0.867754 0.142777 0.194292
0 0.363266 0.280004 0.218943 0.0480411
0 0.506464 0.616646 0.264193 0.0760503
0 0.413435 0.538291 0.146712 0.0430775
0 0.889404 0.127016 0.144182 0.110087
0 0.8086 0.619216 0.299044 0.163092
0 0.493114 0.892306 0.279651 0.163978
0 0.805087 0.843467 0.285273 0.240028
0 0.807898 0.32769 0.28977 0.0980323
0 0.246908 0.869261 0.140247 0.195533
0 0.812114 0.461798 0.285835 0.123382
0 0.0978078 0.663978 0.147274 0.159014
0 0.570967 0.204308 0.171164 0.265024
0 0.251686 0.663269 0.148117 0.158305
0 0.413997 0.403652 0.14615 0.118064
0 0.254075 0.137564 0.450253 0.191455
0 0.104834 0.384595 0.148398 0.0788867
0 0.260259 0.384772 0.145587 0.0803049
0 0.737634 0.125244 0.146993 0.107605
