0 0.816067 0.223243 0.152072 0.136581
0 0.209148 0.527423 0.104769 0.0085197
0 0.466771 0.721912 0.156372 0.00931842
0 0.818217 0.216054 0.161063 0.232961
0 0.816067 0.119276 0.161454 0.0447284
0 0.121188 0.746006 0.168882 0.403621
0 0.73104 0.73935 0.308053 0.129925
0 0.732408 0.425186 0.328772 0.109159
0 0.647381 0.323216 0.147772 0.0537806
0 0.734167 0.885783 0.320563 0.0921193
0 0.648163 0.261448 0.165754 0.0447284
0 0.735145 0.573349 0.314699 0.136049
0 0.207389 0.379792 0.34441 0.280351
0 0.469312 0.617945 0.168491 0.056443
0 0.295934 0.577476 0.171228 0.071885
0 0.476544 0.163072 0.152463 0.157881
0 0.470485 0.682907 0.166927 0.0505857
0 0.126075 0.156283 0.1638 0.160809
0 0.469898 0.914004 0.1681 0.0580405
0 0.295934 0.772764 0.170446 0.077476
0 0.648944 0.152556 0.163409 0.151757
0 0.46853 0.806044 0.159891 0.149894
0 0.471462 0.405884 0.164191 0.0646965
0 0.295152 0.155618 0.173573 0.157881
0 0.294175 0.883919 0.170837 0.123003
0 0.296325 0.673056 0.171228 0.0990415
0 0.472439 0.309638 0.167709 0.107029
0 0.469312 0.513046 0.167709 0.131523
