0 0.379645 0.558448 0.627288 0.0407368
0 0.439823 0.806766 0.167499 0.0102728
0 0.791181 0.140453 0.0793123 0.00885583
0 0.275929 0.139745 0.0549085 0.00673043
0 0.42873 0.528693 0.107598 0.00673043
0 0.452579 0.530464 0.0643372 0.0053135
0 0.491958 0.0800567 0.911814 0.133192
0 0.832779 0.948282 0.0948419 0.00708466
0 0.640876 0.943854 0.190238 0.016649
0 0.480311 0.601134 0.849695 0.0283386
0 0.359956 0.102196 0.564615 0.0648247
0 0.114531 0.946157 0.135885 0.010627
0 0.808098 0.101311 0.217415 0.0481757
0 0.6467 0.787637 0.606767 0.0223167
0 0.126456 0.786929 0.153078 0.0201913
0 0.117582 0.847503 0.140876 0.0336521
0 0.107321 0.881686 0.118136 0.0226709
0 0.121464 0.813319 0.146423 0.0290471
0 0.722684 0.36486 0.396007 0.0240879
0 0.116195 0.921537 0.140322 0.0527807
0 0.158347 0.551541 0.20355 0.0481757
0 0.727399 0.168615 0.404326 0.0233794
0 0.267887 0.922423 0.140876 0.0580942
0 0.377149 0.558094 0.201886 0.036486
0 0.268164 0.831916 0.14254 0.0655331
0 0.839712 0.875841 0.189684 0.151966
0 0.855519 0.694297 0.169163 0.150195
0 0.273156 0.344315 0.42873 0.360609
0 0.641154 0.877081 0.191902 0.150903
0 0.608985 0.482288 0.219634 0.20085
0 0.83472 0.481049 0.215197 0.204038
0 0.442596 0.87779 0.191902 0.150195
0 0.493622 0.694828 0.170826 0.151966
0 0.839712 0.266383 0.215197 0.158696
0 0.611204 0.265321 0.215197 0.158696
0 0.6736 0.69536 0.17249 0.150195
0 0.309207 0.693766 0.175818 0.150549
0 0.127842 0.693588 0.165835 0.151612
