0 0.646704 0.352379 0.148023 0.228553
0 0.462994 0.390579 0.273258 0.215604
0 0.228154 0.481467 0.313559 0.0639365
0 0.407815 0.904014 0.120716 0.063451
0 0.541714 0.928456 0.156497 0.051473
0 0.61629 0.362982 0.742561 0.292489
0 0.218644 0.349304 0.317891 0.303982
0 0.197928 0.912188 0.269303 0.0639365
0 0.742185 0.370265 0.422222 0.286986
0 0.184275 0.352541 0.22467 0.170282
0 0.47533 0.12496 0.647458 0.0751052
0 0.343974 0.348171 0.56403 0.310456
0 0.545198 0.912917 0.157439 0.0883781
0 0.201224 0.809081 0.272881 0.156523
0 0.201224 0.68056 0.270245 0.0972807
0 0.199623 0.607154 0.27307 0.0540628
0 0.491243 0.539738 0.725235 0.0503399
0 0.201412 0.760683 0.269492 0.362091
0 0.485311 0.76392 0.277589 0.366947
0 0.778437 0.610554 0.266102 0.0608611
0 0.783333 0.803496 0.283051 0.296536
