0 0.51875 0.0147392 0.6175 0.0287226
0 0.7025 0.805367 0.111 0.00982615
0 0.93925 0.685752 0.1125 0.0343915
0 0.81925 0.584467 0.0975 0.0245654
0 0.882 0.56387 0.159 0.00680272
0 0.70125 0.948602 0.1135 0.015873
0 0.6865 0.818405 0.08 0.0306122
0 0.94 0.632086 0.109 0.0162509
0 0.70325 0.885488 0.1125 0.0136054
0 0.21275 0.977324 0.1195 0.0136054
0 0.70075 0.926115 0.1155 0.0260771
0 0.9415 0.96712 0.107 0.0294785
0 0.8825 0.452381 0.174 0.0445956
0 0.56375 0.891345 0.0635 0.00642479
0 0.8225 0.86319 0.111 0.0173847
0 0.7005 0.901738 0.114 0.0204082
0 0.70225 0.0355253 0.1115 0.00831444
0 0.7025 0.978458 0.113 0.0120937
0 0.57775 0.111867 0.1225 0.151172
0 0.70275 0.961829 0.1145 0.0332577
0 0.4465 0.403439 0.103 0.00642479
0 0.3945 0.404951 0.194 0.00793651
0 0.89075 0.165722 0.0605 0.0154951
0 0.93875 0.684429 0.1155 0.112623
0 0.9405 0.593348 0.115 0.0566893
0 0.82225 0.601663 0.1115 0.0665155
0 0.393 0.0428949 0.196 0.0109599
0 0.821 0.982048 0.121 0.0102041
0 0.82225 0.68802 0.1145 0.095616
0 0.90425 0.683484 0.0405 0.0283447
0 0.57725 0.905707 0.1225 0.0389267
0 0.5775 0.860733 0.113 0.047997
0 0.70075 0.931784 0.1155 0.109221
0 0.57675 0.956538 0.1175 0.0408163
0 0.82475 0.889078 0.1175 0.069161
0 0.93475 0.800076 0.1195 0.0937264
0 0.1495 0.0685941 0.239 0.0525321
0 0.9425 0.924414 0.112 0.138322
0 0.82475 0.954649 0.1215 0.0521542
0 0.57725 0.905518 0.1215 0.145125
0 0.702 0.835979 0.116 0.0718065
0 0.2125 0.214664 0.12 0.226002
0 0.88025 0.653628 0.2325 0.17876
0 0.576 0.265684 0.124 0.470144
0 0.70175 0.343915 0.1225 0.431595
0 0.891 0.0978836 0.208 0.0982615
0 0.0925 0.213719 0.122 0.323129
0 0.45575 0.635865 0.1215 0.432729
0 0.823 0.521731 0.118 0.0555556
0 0.827 0.79932 0.116 0.090703
0 0.70275 0.0786092 0.1225 0.0891912
0 0.941 0.520597 0.112 0.058579
0 0.88525 0.315949 0.2105 0.312169
0 0.333 0.613946 0.121 0.397959
0 0.08775 0.950491 0.1225 0.0612245
0 0.57775 0.6678 0.1195 0.306122
0 0.0915 0.449546 0.12 0.147014
0 0.21125 0.429705 0.1185 0.199546
0 0.08875 0.820673 0.1215 0.188587
0 0.70025 0.730348 0.1205 0.131897
0 0.21125 0.92706 0.1185 0.111867
0 0.701 0.614701 0.123 0.0948602
0 0.33325 0.898526 0.1185 0.171958
0 0.39575 0.224112 0.2235 0.347695
0 0.4555 0.920635 0.119 0.124717
0 0.2115 0.797808 0.119 0.141345
0 0.08775 0.623961 0.1215 0.201058
0 0.213 0.626228 0.119 0.1935
