0 0.44815 0.87613 0.0745907 0.0300388
0 0.696634 0.386628 0.245907 0.0487726
0 0.650849 0.943314 0.281686 0.0784884
0 0.421316 0.872012 0.228927 0.0282623
0 0.167223 0.204215 0.249545 0.0172804
0 0.668435 0.871366 0.227107 0.0276163
0 0.49242 0.935401 0.984839 0.129199
0 0.721801 0.420462 0.314433 0.120317
0 0.430867 0.249193 0.260158 0.109496
0 0.49151 0.0857558 0.98302 0.169897
0 0.689964 0.815649 0.265312 0.0938307
0 0.703457 0.275598 0.268648 0.166505
0 0.419193 0.760013 0.263493 0.197674
0 0.425106 0.375727 0.263796 0.35772
0 0.154033 0.524629 0.261371 0.657138
0 0.697544 0.507187 0.262887 0.0379522
0 0.695421 0.569767 0.264706 0.0717054
0 0.691935 0.688469 0.263796 0.151809
0 0.420558 0.608608 0.266828 0.0986757
