0 0.887631 0.626456 0.126254 0.0179612
0 0.624271 0.145955 0.123221 0.0281553
0 0.23979 0.898301 0.0641774 0.00533981
0 0.630338 0.943528 0.12042 0.0385113
0 0.629988 0.783819 0.12252 0.13754
0 0.4972 0.299515 0.109918 0.0100324
0 0.616919 0.375243 0.0809802 0.00517799
0 0.886581 0.438026 0.128821 0.0889968
0 0.627888 0.902832 0.123454 0.114078
0 0.626254 0.71432 0.0735122 0.0108414
0 0.887981 0.604126 0.126954 0.0231392
0 0.244457 0.233172 0.123454 0.0216828
0 0.887981 0.820793 0.0970828 0.0079288
0 0.886114 0.468527 0.125088 0.0260518
0 0.75986 0.81521 0.123221 0.068932
0 0.76161 0.143285 0.126254 0.0221683
0 0.371295 0.922654 0.125554 0.0352751
0 0.888098 0.323544 0.131389 0.369741
0 0.759743 0.897492 0.122054 0.0224919
0 0.501284 0.818689 0.127888 0.052589
0 0.758226 0.710194 0.124154 0.129126
0 0.760793 0.118528 0.112019 0.00954693
0 0.75986 0.295388 0.124154 0.0289644
0 0.758693 0.919984 0.122754 0.0739482
0 0.369078 0.194984 0.122054 0.156958
0 0.891365 0.175566 0.126254 0.081877
0 0.241424 0.358576 0.126721 0.310032
0 0.113186 0.15 0.123221 0.0679612
0 0.179463 0.989644 0.346791 0.0190939
0 0.888215 0.707039 0.132555 0.214401
0 0.370828 0.795955 0.125088 0.0669903
0 0.370362 0.333091 0.126488 0.127994
0 0.762544 0.12322 0.121587 0.0202265
0 0.242357 0.263511 0.123454 0.0839806
0 0.623687 0.713107 0.0562427 0.00453074
0 0.370828 0.362136 0.128821 0.473139
0 0.630222 0.714159 0.0599767 0.00598706
0 0.11972 0.673706 0.110152 0.405987
0 0.371062 0.887864 0.127421 0.081877
0 0.624037 0.154288 0.122287 0.0270227
0 0.885298 0.477994 0.131855 0.689968
0 0.755659 0.917638 0.11902 0.0236246
0 0.5007 0.852104 0.127188 0.0135922
0 0.241307 0.346602 0.124621 0.169903
0 0.368495 0.952832 0.124621 0.0218447
0 0.371412 0.423301 0.125788 0.0482201
0 0.373046 0.151537 0.126254 0.0739482
0 0.118203 0.683981 0.106184 0.0485437
0 0.624971 0.127023 0.125554 0.028479
0 0.886931 0.539563 0.127655 0.11343
0 0.241074 0.342233 0.121354 0.07411
0 0.115869 0.203317 0.11972 0.175566
0 0.757176 0.907362 0.122054 0.0428803
0 0.889382 0.122087 0.12042 0.0150485
0 0.369078 0.922654 0.125788 0.0757282
0 0.367211 0.866667 0.123454 0.0352751
0 0.371179 0.256553 0.126721 0.274919
0 0.119253 0.291019 0.115753 0.360032
0 0.118203 0.570065 0.111319 0.183495
0 0.113536 0.81966 0.120653 0.0512945
0 0.628705 0.141909 0.130688 0.0533981
0 0.110502 0.868042 0.130455 0.0364078
0 0.496383 0.200728 0.124154 0.178155
0 0.627888 0.281149 0.108985 0.180744
0 0.761144 0.194498 0.124854 0.155987
0 0.88203 0.949029 0.119253 0.0275081
0 0.115869 0.837055 0.111319 0.0902913
0 0.371062 0.73301 0.122754 0.0488673
0 0.369662 0.822735 0.122287 0.0367314
0 0.370128 0.497896 0.126488 0.191262
0 0.24119 0.302427 0.126721 0.156311
0 0.118903 0.750566 0.105251 0.078479
0 0.120653 0.382524 0.111552 0.177346
0 0.369195 0.779854 0.123687 0.0412621
0 0.629638 0.837945 0.124154 0.245146
0 0.501284 0.914887 0.128821 0.0935275
0 0.888215 0.877832 0.126954 0.11877
0 0.758576 0.359142 0.126254 0.142233
0 0.75706 0.94822 0.122287 0.0291262
0 0.240957 0.848382 0.125321 0.0705502
0 0.241074 0.437702 0.125554 0.110356
0 0.75776 0.765615 0.127421 0.23479
0 0.370478 0.650485 0.126254 0.108738
0 0.24119 0.166505 0.128588 0.102589
0 0.24084 0.787136 0.126488 0.0438511
0 0.24049 0.93034 0.125788 0.070712
0 0.501517 0.446521 0.127421 0.289482
0 0.24084 0.73754 0.126954 0.0475728
0 0.631505 0.650162 0.107351 0.109709
0 0.757176 0.572006 0.107585 0.133657
0 0.501167 0.718527 0.131389 0.244175
0 0.110152 0.928398 0.129288 0.0762136
0 0.240957 0.535761 0.125788 0.0786408
0 0.240607 0.615615 0.125554 0.0752427
0 0.630572 0.551861 0.120887 0.0674757
0 0.629055 0.444498 0.123921 0.139806
0 0.23979 0.683495 0.128121 0.0533981
0 0.75881 0.464482 0.124854 0.0632686
