0 0.915606 0.856371 0.104488 0.0349892
0 0.800737 0.460907 0.109176 0.0241901
0 0.420295 0.536933 0.166778 0.416415
0 0.109846 0.913823 0.103148 0.0237581
0 0.680174 0.378834 0.0917616 0.0276458
0 0.684863 0.742333 0.103818 0.0177106
0 0.130944 0.944492 0.0462157 0.025486
0 0.91996 0.588121 0.109176 0.0220302
0 0.163764 0.403456 0.213664 0.050108
0 0.4501 0.492441 0.101808 0.012095
0 0.341929 0.657667 0.107837 0.0220302
0 0.559611 0.799784 0.0663094 0.0280778
0 0.625921 0.156803 0.0703282 0.00777538
0 0.452445 0.745572 0.0448761 0.00863931
0 0.398192 0.208855 0.220362 0.0280778
0 0.858004 0.949892 0.186202 0.0215983
0 0.342599 0.634773 0.105157 0.0263499
0 0.573677 0.746868 0.105157 0.0233261
0 0.166109 0.927214 0.199598 0.0574514
0 0.793034 0.497408 0.127261 0.297624
0 0.683188 0.425702 0.104488 0.037581
0 0.163764 0.442117 0.215003 0.0289417
0 0.168453 0.109071 0.235097 0.0228942
0 0.336906 0.809503 0.109846 0.0440605
0 0.920295 0.612095 0.0535834 0.00950324
0 0.863362 0.666523 0.198259 0.639309
0 0.451775 0.516631 0.0984595 0.0215983
0 0.687542 0.614687 0.0877428 0.0198704
0 0.32351 0.893305 0.0643001 0.0423326
0 0.918955 0.449244 0.111186 0.0302376
0 0.449096 0.341037 0.0917616 0.0185745
0 0.916611 0.482505 0.0944407 0.0215983
0 0.161755 0.330886 0.19491 0.0682505
0 0.335566 0.527646 0.0991293 0.037581
0 0.33724 0.598704 0.110516 0.457019
0 0.801407 0.655724 0.107837 0.0423326
0 0.859679 0.931749 0.208305 0.0466523
0 0.393168 0.954644 0.188881 0.0138229
0 0.804086 0.492225 0.113195 0.0306695
0 0.803081 0.514471 0.0790355 0.00604752
0 0.336571 0.387689 0.0797053 0.00907127
0 0.685533 0.753348 0.0823845 0.00691145
0 0.123912 0.838229 0.100469 0.0773218
0 0.577026 0.715335 0.0864032 0.00950324
0 0.224046 0.841901 0.0703282 0.0950324
0 0.801072 0.610799 0.108506 0.0328294
0 0.91795 0.830886 0.101139 0.115335
0 0.334226 0.581857 0.0910918 0.0708423
0 0.45211 0.479914 0.108506 0.0302376
0 0.4501 0.362203 0.107167 0.0609071
0 0.803416 0.55486 0.111855 0.0695464
0 0.576021 0.82527 0.109846 0.0177106
0 0.800402 0.388985 0.070998 0.00647948
0 0.802746 0.339093 0.107837 0.0155508
0 0.921634 0.72527 0.109846 0.0838013
0 0.0750167 0.947084 0.0415271 0.0315335
0 0.682184 0.398704 0.0864032 0.0103672
0 0.573677 0.774514 0.107837 0.115767
0 0.860348 0.22851 0.228399 0.062203
0 0.862023 0.186609 0.234427 0.188337
0 0.859344 0.265011 0.229069 0.0280778
0 0.802076 0.362203 0.110516 0.0393089
0 0.316477 0.855508 0.0542532 0.0272138
0 0.478567 0.075378 0.80576 0.0323974
0 0.574012 0.685097 0.0991293 0.0345572
0 0.804756 0.725702 0.106497 0.0820734
0 0.807435 0.834989 0.103818 0.127862
0 0.917616 0.334557 0.0683188 0.00647948
0 0.450435 0.42635 0.109176 0.062203
0 0.800737 0.434557 0.111855 0.0786177
0 0.341259 0.754644 0.113195 0.159827
0 0.92063 0.650756 0.111855 0.0600432
0 0.334896 0.351836 0.0991293 0.0367171
0 0.336571 0.452484 0.105157 0.110151
0 0.685198 0.484665 0.109846 0.163283
0 0.401206 0.105616 0.135298 0.012527
0 0.856664 0.870194 0.227729 0.193952
0 0.680844 0.359611 0.102478 0.0522678
0 0.674816 0.582505 0.0770261 0.0315335
0 0.860683 0.112959 0.229069 0.0393089
0 0.687542 0.682289 0.107837 0.130022
0 0.92063 0.548596 0.110516 0.102808
0 0.688547 0.797408 0.109846 0.0760259
0 0.863697 0.166307 0.231078 0.062203
0 0.154722 0.87905 0.227729 0.170194
0 0.457468 0.787257 0.111186 0.0928726
0 0.455794 0.633045 0.110516 0.200864
0 0.918955 0.40216 0.112525 0.127862
0 0.396852 0.898704 0.228399 0.115335
0 0.441393 0.308207 0.314802 0.0349892
0 0.163764 0.545572 0.215003 0.476026
0 0.567984 0.389633 0.108506 0.115767
0 0.6286 0.263931 0.228399 0.0354212
0 0.627261 0.197192 0.231078 0.0850972
0 0.398192 0.173434 0.217683 0.100648
0 0.165774 0.245356 0.231078 0.0725702
0 0.6286 0.90108 0.205626 0.118359
0 0.569993 0.556587 0.108506 0.200864
0 0.398192 0.253564 0.217683 0.0509719
0 0.628265 0.122462 0.229069 0.0548596
0 0.167113 0.152268 0.233758 0.110151
