0 0.368053 0.0587565 0.668588 0.0283203
0 0.0864553 0.309408 0.0576369 0.00813802
0 0.316385 0.493978 0.114862 0.444336
0 0.134623 0.16276 0.227254 0.0266927
0 0.433718 0.270182 0.0967476 0.00585938
0 0.552079 0.285807 0.110333 0.00911458
0 0.850762 0.161133 0.231783 0.0279948
0 0.670646 0.784505 0.0510498 0.00846354
0 0.787773 0.739746 0.0679292 0.00813802
0 0.846439 0.842611 0.225607 0.0289714
0 0.430836 0.68278 0.0580486 0.00813802
0 0.672499 0.413574 0.0300535 0.00553385
0 0.550844 0.526204 0.0576369 0.00813802
0 0.669 0.732259 0.0864553 0.00878906
0 0.670852 0.860026 0.0753396 0.0078125
0 0.671264 0.568034 0.114862 0.326823
0 0.907369 0.331055 0.0650473 0.0078125
0 0.790243 0.560059 0.0703993 0.00813802
0 0.909222 0.33252 0.0382874 0.00813802
0 0.316385 0.199056 0.110745 0.0530599
0 0.787979 0.408854 0.0576369 0.00716146
0 0.551873 0.527995 0.0424043 0.00716146
0 0.906752 0.878092 0.111569 0.0309245
0 0.434541 0.684733 0.0489914 0.00748698
0 0.789625 0.742025 0.0403458 0.00813802
0 0.672293 0.318848 0.074928 0.00683594
0 0.670852 0.4139 0.0522849 0.00748698
0 0.78839 0.562174 0.060107 0.00716146
0 0.908193 0.447103 0.0806916 0.00878906
0 0.077604 0.309733 0.0934541 0.00878906
0 0.788184 0.321126 0.086867 0.00748698
0 0.669823 0.786784 0.0386991 0.00716146
0 0.789214 0.652181 0.0395224 0.00813802
0 0.671676 0.415527 0.0448744 0.00683594
0 0.199053 0.756348 0.114039 0.0244141
0 0.669205 0.734212 0.0720461 0.00683594
0 0.198024 0.193522 0.118567 0.0263672
0 0.909222 0.227865 0.0629889 0.00716146
0 0.670852 0.862142 0.0671058 0.00683594
0 0.432071 0.574219 0.116509 0.193359
0 0.434541 0.253743 0.109098 0.0341797
0 0.67044 0.504883 0.115685 0.157552
0 0.432894 0.379232 0.114039 0.195964
0 0.433718 0.478678 0.118156 0.389648
0 0.669617 0.657878 0.114862 0.132161
0 0.78839 0.768392 0.116921 0.0322266
0 0.551256 0.706543 0.118567 0.337565
0 0.490325 0.102539 0.476739 0.0332031
0 0.313504 0.958008 0.116509 0.0345052
0 0.906546 0.924805 0.111157 0.100911
0 0.197406 0.320964 0.118156 0.244792
0 0.317003 0.181152 0.111157 0.0289714
0 0.137917 0.128418 0.236311 0.0940755
0 0.316385 0.141927 0.114862 0.0377604
0 0.196789 0.598633 0.116921 0.309896
0 0.314739 0.829102 0.117332 0.239583
0 0.789008 0.695475 0.116509 0.070638
0 0.314121 0.601725 0.116097 0.21582
0 0.196377 0.861979 0.117744 0.0377604
0 0.67044 0.293783 0.117332 0.0270182
0 0.0778098 0.638021 0.121037 0.257812
0 0.317415 0.213053 0.110333 0.0270182
0 0.670029 0.760417 0.113215 0.031901
0 0.315768 0.387207 0.113627 0.214518
0 0.0784273 0.954753 0.117332 0.0397135
0 0.907369 0.621094 0.119391 0.328125
0 0.669411 0.822917 0.115274 0.0540365
0 0.910045 0.388672 0.119802 0.0963542
0 0.138534 0.806641 0.235076 0.0664062
0 0.551256 0.927572 0.11445 0.0973307
0 0.789008 0.605306 0.117332 0.069987
0 0.670852 0.198242 0.112392 0.0377604
0 0.846439 0.82194 0.232194 0.0670573
0 0.432483 0.834635 0.118156 0.284505
0 0.910663 0.198405 0.119391 0.0374349
0 0.0792507 0.888835 0.120626 0.0888672
0 0.671058 0.148926 0.112804 0.0530599
0 0.850762 0.128255 0.236723 0.0950521
0 0.910663 0.280111 0.119391 0.0830078
0 0.0784273 0.414062 0.118979 0.183594
0 0.433512 0.17806 0.10951 0.109375
0 0.789008 0.483236 0.118156 0.137044
0 0.789625 0.364583 0.115274 0.063151
0 0.195554 0.928223 0.11445 0.0882161
0 0.789831 0.951172 0.116509 0.0494792
0 0.669617 0.924154 0.118156 0.103516
0 0.55105 0.398112 0.117332 0.231771
0 0.789625 0.89209 0.117744 0.0634766
0 0.552697 0.198568 0.112392 0.151042
0 0.315562 0.253418 0.110745 0.0419922
0 0.67147 0.246745 0.113627 0.0533854
0 0.670852 0.366699 0.118156 0.0732422
0 0.0794566 0.239421 0.117744 0.118164
0 0.790037 0.243978 0.116097 0.129883
