0 0.565186 0.721848 0.112624 0.316218
0 0.649459 0.74699 0.0565911 0.078966
0 0.648901 0.655099 0.0472151 0.0871105
0 0.748075 0.479816 0.061614 0.186969
0 0.308517 0.290899 0.331064 0.0924221
0 0.425996 0.506905 0.0304722 0.15687
0 0.386483 0.62801 0.0527961 0.0938385
0 0.647784 0.719901 0.0550285 0.249292
0 0.704934 0.610836 0.0512334 0.0708215
0 0.43381 0.731586 0.0943186 0.0679887
0 0.705492 0.757613 0.053689 0.239731
0 0.379953 0.500531 0.0330394 0.117918
0 0.431633 0.564625 0.138855 0.266643
0 0.0820404 0.215829 0.127916 0.339589
0 0.246735 0.207684 0.482308 0.275142
0 0.29395 0.579674 0.0927559 0.386686
0 0.0761246 0.610127 0.106932 0.4483
0 0.182163 0.626771 0.093314 0.496459
0 0.685958 0.481232 0.593035 0.815864
