0 0.481478 0.546483 0.114519 0.0845012
0 0.76917 0.780144 0.172476 0.0403774
0 0.596495 0.747329 0.109938 0.0299709
0 0.595001 0.536284 0.0619399 0.0943527
0 0.774746 0.496254 0.19996 0.0498127
0 0.771161 0.925489 0.207528 0.0382961
0 0.363573 0.425489 0.114519 0.181906
0 0.482872 0.444707 0.0746863 0.00582767
0 0.481378 0.537533 0.110337 0.0183155
0 0.36676 0.713196 0.114121 0.169835
0 0.423422 0.184057 0.22147 0.0720133
0 0.36437 0.315735 0.114121 0.183294
0 0.478988 0.0604967 0.92372 0.109616
0 0.130153 0.263494 0.108544 0.0152629
0 0.708026 0.927709 0.0565624 0.0371861
0 0.25941 0.230123 0.0806612 0.00818649
0 0.623979 0.798737 0.0593507 0.109477
0 0.596694 0.46885 0.110735 0.0552241
0 0.56672 0.579229 0.0324637 0.00568891
0 0.272356 0.67823 0.126469 0.240877
0 0.624577 0.547454 0.0581557 0.0850562
0 0.130552 0.266685 0.0703047 0.00666019
0 0.482075 0.68482 0.110536 0.0173442
0 0.806015 0.921881 0.122685 0.0202581
0 0.133639 0.600389 0.109142 0.00971278
0 0.788289 0.18489 0.186815 0.0781185
0 0.215495 0.184265 0.0374427 0.0771472
0 0.774248 0.440683 0.198168 0.0407937
0 0.76658 0.713265 0.177654 0.0242819
0 0.566919 0.838837 0.0468034 0.0140142
0 0.613523 0.184335 0.146385 0.078396
0 0.834097 0.240322 0.110337 0.0133204
0 0.611332 0.184335 0.570205 0.0803386
0 0.538737 0.429513 0.221071 0.0117941
0 0.542223 0.235743 0.172675 0.0135979
0 0.481777 0.503816 0.11432 0.00971278
0 0.365465 0.526918 0.116311 0.567643
0 0.481777 0.487443 0.113523 0.0127654
0 0.365664 0.878105 0.115913 0.161093
0 0.131348 0.952754 0.111332 0.00957402
0 0.250249 0.512419 0.114519 0.553073
0 0.481677 0.545789 0.114917 0.0134591
0 0.596993 0.591439 0.110137 0.274872
0 0.482374 0.524629 0.113125 0.0233107
0 0.597988 0.843347 0.112129 0.224781
0 0.130054 0.210004 0.0932085 0.0980991
0 0.265286 0.186138 0.0772754 0.0742334
0 0.131747 0.935618 0.112129 0.016928
0 0.482175 0.459206 0.115515 0.0339947
0 0.481478 0.567365 0.114917 0.0216456
0 0.567716 0.795407 0.0440151 0.0664632
0 0.772057 0.589913 0.201354 0.261829
0 0.131946 0.915568 0.112527 0.0184543
0 0.481577 0.818094 0.115515 0.280561
0 0.767974 0.852227 0.205537 0.188705
0 0.568114 0.542736 0.0440151 0.0672957
0 0.13105 0.362495 0.114718 0.166366
0 0.133738 0.648606 0.112926 0.094214
0 0.833599 0.387956 0.116112 0.0202581
0 0.132245 0.885944 0.112727 0.0308034
0 0.542422 0.334813 0.224856 0.168447
0 0.481179 0.595324 0.115515 0.0256695
0 0.131846 0.832246 0.113125 0.0671569
0 0.132245 0.520189 0.104362 0.146247
0 0.481777 0.640419 0.113125 0.0556404
0 0.24766 0.87755 0.113722 0.157763
0 0.8333 0.303455 0.115515 0.140419
0 0.717586 0.314833 0.109938 0.166227
0 0.131747 0.747745 0.113324 0.0913001
