0 0.12522 0.507102 0.161082 0.0113636
0 0.226631 0.162287 0.0699589 0.0326705
0 0.899177 0.65767 0.151088 0.166903
0 0.450029 0.78054 0.0699589 0.00568182
0 0.781011 0.700817 0.0523222 0.043679
0 0.124339 0.654474 0.145209 0.0539773
0 0.55438 0.520952 0.0893592 0.0355114
0 0.17137 0.598544 0.228689 0.00887784
0 0.261611 0.351385 0.210464 0.0472301
0 0.781599 0.810724 0.0499706 0.0752841
0 0.616108 0.0674716 0.12816 0.0426136
0 0.278366 0.0910866 0.129924 0.0820312
0 0.118166 0.820312 0.146972 0.0838068
0 0.107878 0.19478 0.114638 0.0379972
0 0.121399 0.320668 0.14756 0.0078125
0 0.435332 0.150746 0.102881 0.0117188
0 0.473839 0.0687145 0.0517343 0.0301847
0 0.621987 0.675249 0.0611405 0.059304
0 0.119342 0.137962 0.13639 0.00816761
0 0.579659 0.867898 0.141093 0.0078125
0 0.0776014 0.127663 0.0587889 0.00603693
0 0.320106 0.180753 0.0981775 0.0724432
0 0.687243 0.920987 0.108172 0.0628551
0 0.683128 0.893821 0.106996 0.0333807
0 0.652851 0.639205 0.315697 0.144176
0 0.111699 0.777166 0.122281 0.00887784
0 0.152557 0.913175 0.219283 0.0770597
0 0.121693 0.0884233 0.144621 0.0660511
0 0.776308 0.768821 0.0711346 0.166903
0 0.42475 0.643821 0.14756 0.0788352
0 0.258377 0.645419 0.168724 0.0770597
0 0.620223 0.0671165 0.0999412 0.0127841
0 0.143445 0.430398 0.198707 0.0177557
0 0.113169 0.159268 0.134627 0.0287642
0 0.562316 0.896129 0.113463 0.0394176
0 0.383598 0.91282 0.221634 0.0784801
0 0.266608 0.270774 0.14756 0.0862926
0 0.287184 0.289773 0.486185 0.533381
0 0.14903 0.471058 0.198119 0.0642756
0 0.898883 0.797053 0.149324 0.118963
0 0.446208 0.740945 0.0999412 0.0649858
0 0.431511 0.384766 0.10582 0.0536222
0 0.552322 0.637784 0.085244 0.128551
0 0.277484 0.369496 0.453851 0.0834517
0 0.630217 0.712713 0.219871 0.0127841
0 0.410935 0.275391 0.169312 0.081321
0 0.428865 0.343395 0.119342 0.0262784
0 0.266314 0.731712 0.386831 0.0820312
0 0.27866 0.615767 0.470312 0.691051
0 0.444738 0.697621 0.0946502 0.00816761
0 0.427102 0.0907315 0.140506 0.074929
0 0.258377 0.346768 0.0887713 0.0323153
0 0.122869 0.336825 0.152851 0.028054
0 0.622575 0.630504 0.0705467 0.112571
0 0.668724 0.122159 0.296884 0.0326705
0 0.273075 0.643466 0.504997 0.0838068
0 0.662257 0.554865 0.159318 0.00958807
0 0.268078 0.824751 0.438566 0.0841619
0 0.698413 0.691584 0.0658436 0.0252131
0 0.280423 0.464489 0.429159 0.084517
0 0.242504 0.270952 0.44856 0.0909091
0 0.438566 0.183771 0.114051 0.043679
0 0.621987 0.0529119 0.0893592 0.0113636
0 0.708407 0.856001 0.0623163 0.0053267
0 0.618754 0.0799006 0.118166 0.0149148
0 0.741329 0.914595 0.484421 0.081321
0 0.271017 0.182884 0.368019 0.0774148
0 0.268665 0.55593 0.45973 0.0692472
0 0.65726 0.520241 0.311581 0.0475852
0 0.903586 0.0529119 0.119929 0.0113636
0 0.267784 0.087358 0.454439 0.0973011
0 0.62669 0.783026 0.24221 0.139915
0 0.898001 0.296697 0.132275 0.0202415
0 0.763375 0.0722656 0.121693 0.0550426
0 0.738683 0.628196 0.14756 0.0965909
0 0.898589 0.582209 0.153439 0.540128
0 0.666961 0.299183 0.302763 0.382457
0 0.902704 0.173651 0.149912 0.210227
