0 0.505756 0.833568 0.0711669 0.019373
0 0.582156 0.948045 0.0586081 0.0137372
0 0.425824 0.74093 0.0531136 0.0271222
0 0.627813 0.635083 0.141549 0.0422684
0 0.504971 0.733709 0.0664574 0.0183163
0 0.895735 0.96143 0.081371 0.0214864
0 0.58922 0.952976 0.0586081 0.0116238
0 0.840398 0.615005 0.193616 0.316309
0 0.890241 0.912821 0.063056 0.0447341
0 0.588566 0.928144 0.0604396 0.0464952
0 0.902145 0.523776 0.0633176 0.0873547
0 0.896651 0.826347 0.0580848 0.103558
0 0.50798 0.479218 0.0839874 0.059528
0 0.507195 0.827228 0.0756149 0.0362804
0 0.510204 0.690736 0.0832025 0.500881
0 0.212193 0.860866 0.0622711 0.123987
0 0.0701204 0.613068 0.140241 0.766115
0 0.576138 0.971117 0.0607012 0.00774921
0 0.506541 0.525889 0.0701204 0.0380416
0 0.59079 0.872843 0.0675039 0.122578
0 0.342622 0.6851 0.386447 0.510039
0 0.592229 0.635963 0.0677656 0.0383938
0 0.821298 0.707467 0.258503 0.513209
0 0.592098 0.803276 0.0512821 0.0398027
0 0.665882 0.934308 0.0654108 0.0299401
0 0.902669 0.549842 0.0580848 0.0380416
0 0.665882 0.938535 0.0633176 0.0172596
0 0.817635 0.775801 0.0617478 0.0109193
0 0.631737 0.701832 0.150445 0.4646
0 0.505756 0.925502 0.0753532 0.0376893
0 0.21023 0.892744 0.0546834 0.060937
0 0.507718 0.633674 0.0709053 0.0197253
0 0.765568 0.694082 0.452643 0.49771
0 0.20539 0.606199 0.0617478 0.0767876
0 0.64966 0.87249 0.0355835 0.065516
0 0.66562 0.873371 0.0633176 0.0707996
0 0.743197 0.514794 0.0620094 0.115886
0 0.666797 0.636668 0.0719519 0.0412117
0 0.66405 0.809616 0.0732601 0.0531877
0 0.506541 0.87249 0.0774464 0.0563579
0 0.50484 0.535576 0.0714286 0.0228954
0 0.633569 0.533815 0.145212 0.160972
0 0.34707 0.596865 0.336735 0.299753
0 0.802067 0.859281 0.183412 0.153223
0 0.895081 0.84484 0.0575615 0.0602325
0 0.744636 0.610955 0.0591313 0.0644593
0 0.505102 0.577668 0.0750916 0.0584713
0 0.506803 0.774216 0.0502355 0.0598802
0 0.590659 0.86844 0.074045 0.072913
0 0.508242 0.680169 0.070382 0.0676294
0 0.684589 0.873547 0.0327054 0.0704473
0 0.633046 0.718563 0.141026 0.122578
0 0.350471 0.85435 0.207483 0.170835
