0 0.112655 0.907597 0.0825139 0.00542611
0 0.762719 0.635972 0.300128 0.0469199
0 0.489098 0.26939 0.129115 0.0376636
0 0.214622 0.629907 0.111159 0.192467
0 0.491663 0.313118 0.135956 0.149378
0 0.761223 0.849346 0.28944 0.0561762
0 0.327918 0.671561 0.112014 0.012129
0 0.327704 0.926109 0.0996152 0.0092563
0 0.493587 0.302266 0.122702 0.012129
0 0.490808 0.33594 0.12826 0.089052
0 0.487815 0.700926 0.127405 0.0127673
0 0.488457 0.73827 0.146644 0.307692
0 0.762292 0.76189 0.296708 0.291733
0 0.485891 0.802426 0.09705 0.0268114
0 0.104104 0.0665496 0.0936298 0.00861794
0 0.524369 0.747686 0.0602822 0.0533035
0 0.768063 0.901851 0.262078 0.0252154
0 0.330483 0.291574 0.105173 0.0775614
0 0.328559 0.0702202 0.101325 0.00957549
0 0.329842 0.769071 0.0867892 0.00542611
0 0.487815 0.401851 0.12826 0.0146824
0 0.478623 0.348707 0.0953399 0.0724545
0 0.485891 0.59767 0.126122 0.0118098
0 0.218042 0.0665496 0.0803762 0.00670284
0 0.526293 0.349027 0.0624198 0.0705394
0 0.519667 0.751197 0.0739632 0.08203
0 0.48867 0.754708 0.141086 0.115225
0 0.760368 0.839291 0.288585 0.10948
0 0.488457 0.262847 0.127832 0.0660709
0 0.216546 0.903447 0.101325 0.0539419
0 0.214622 0.0681456 0.0675502 0.00606448
0 0.1118 0.715768 0.0782386 0.00542611
0 0.491236 0.537185 0.12997 0.0893712
0 0.454681 0.640919 0.0731082 0.0797957
0 0.108807 0.71481 0.0987602 0.00797957
0 0.497649 0.643154 0.114579 0.0817108
0 0.451475 0.442866 0.0615648 0.075008
0 0.517956 0.543568 0.070543 0.0702202
0 0.486319 0.498564 0.110731 0.012129
0 0.469218 0.438079 0.103891 0.0845835
0 0.652843 0.115704 0.463446 0.0616023
0 0.913852 0.135653 0.0363403 0.0306416
0 0.767636 0.198532 0.307396 0.0893712
0 0.451047 0.747367 0.0598546 0.0596872
0 0.218469 0.22247 0.114579 0.0217044
0 0.487602 0.859081 0.133818 0.0730929
0 0.490167 0.193584 0.124412 0.0724545
0 0.458743 0.350303 0.0589996 0.0673476
0 0.452116 0.544366 0.0525866 0.067986
0 0.766353 0.614906 0.29628 0.08203
0 0.765284 0.409512 0.301838 0.0797957
0 0.520735 0.44542 0.06413 0.0686243
0 0.488029 0.908395 0.137238 0.0236195
0 0.217187 0.922917 0.100043 0.0233004
0 0.51817 0.643951 0.0692604 0.0724545
0 0.102394 0.316629 0.110731 0.0223428
0 0.109448 0.920843 0.110304 0.0300032
0 0.760795 0.725822 0.293715 0.112991
0 0.765926 0.309129 0.303121 0.11331
0 0.330269 0.150335 0.106456 0.166613
0 0.764215 0.513246 0.300556 0.107245
0 0.217828 0.890839 0.10047 0.0395787
0 0.102608 0.346154 0.111159 0.0341526
0 0.104104 0.157836 0.109021 0.185445
0 0.218256 0.381264 0.114151 0.285669
0 0.329201 0.748484 0.112869 0.026173
0 0.329201 0.260134 0.105173 0.0497925
0 0.327918 0.575646 0.110304 0.0303224
0 0.108593 0.813278 0.0983326 0.178742
0 0.103463 0.278966 0.110304 0.0491542
0 0.217614 0.850782 0.103463 0.0373444
0 0.328773 0.849346 0.100898 0.164698
0 0.102608 0.389563 0.111159 0.0494733
0 0.217401 0.662783 0.104746 0.0584105
0 0.329628 0.315672 0.105173 0.0587297
0 0.216759 0.140281 0.105173 0.136291
0 0.216759 0.579955 0.106883 0.103415
0 0.217187 0.737791 0.104318 0.0903288
0 0.103035 0.439834 0.112014 0.0459623
0 0.329842 0.469358 0.109876 0.0667092
0 0.328559 0.628471 0.112441 0.071497
0 0.104746 0.501756 0.112014 0.071497
0 0.328773 0.700128 0.113724 0.0673476
0 0.106028 0.560645 0.109448 0.0386211
0 0.217187 0.807373 0.102608 0.0424513
0 0.107525 0.645228 0.109876 0.123524
0 0.329628 0.39068 0.106883 0.0836259
0 0.329842 0.53144 0.111586 0.0504309
