0 0.686446 0.176072 0.100814 0.0380522
0 0.111431 0.129877 0.076404 0.0075782
0 0.236356 0.885601 0.261163 0.0211222
0 0.119667 0.142373 0.082953 0.00709449
0 0.127406 0.0927926 0.0853344 0.0275718
0 0.146358 0.160593 0.133161 0.0212835
0 0.731296 0.862947 0.465965 0.0506288
0 0.250347 0.92051 0.225243 0.0299903
0 0.905834 0.0924702 0.0771979 0.0346662
0 0.821691 0.314657 0.239135 0.0707836
0 0.598928 0.81256 0.141695 0.058207
0 0.232288 0.754515 0.251042 0.230087
0 0.582159 0.864399 0.0867236 0.0251532
0 0.800953 0.0509513 0.091288 0.0251532
0 0.810081 0.29555 0.308791 0.114802
0 0.232387 0.121735 0.0762056 0.00773944
0 0.350367 0.365124 0.108156 0.0443405
0 0.570054 0.834328 0.0748164 0.01693
0 0.920818 0.123267 0.0754118 0.00790068
0 0.686346 0.201951 0.106966 0.00983554
0 0.233578 0.913576 0.317523 0.0551435
0 0.740127 0.905031 0.312959 0.0187036
0 0.507541 0.0884392 0.770589 0.0485327
0 0.746874 0.811432 0.112522 0.0340213
0 0.645168 0.811916 0.0694582 0.0559497
0 0.885096 0.18357 0.0515975 0.031119
0 0.111232 0.122864 0.0811669 0.0096743
0 0.697857 0.726298 0.244295 0.125927
0 0.686346 0.185263 0.101409 0.0296678
0 0.174539 0.122702 0.205398 0.0116092
0 0.827843 0.750806 0.220877 0.176233
0 0.682377 0.163415 0.0863267 0.0411158
0 0.181088 0.15237 0.214924 0.041922
0 0.253026 0.170751 0.053979 0.00870687
0 0.605775 0.487826 0.128002 0.0433731
0 0.739432 0.725411 0.127803 0.124476
0 0.749752 0.78902 0.411987 0.268139
0 0.796785 0.38931 0.330621 0.0440181
0 0.685751 0.152773 0.0895019 0.0343438
0 0.670173 0.13673 0.0773963 0.00741696
0 0.456043 0.803451 0.111133 0.280877
0 0.737944 0.329007 0.0502084 0.0320864
0 0.235265 0.568849 0.292717 0.121896
0 0.79738 0.190987 0.110736 0.0314415
0 0.877555 0.185908 0.032943 0.0303128
0 0.797777 0.151 0.111927 0.0366011
0 0.681683 0.156562 0.0464378 0.0274105
0 0.686545 0.169865 0.108156 0.0643341
0 0.458424 0.935182 0.108355 0.0103193
0 0.874777 0.744518 0.129391 0.167204
0 0.6026 0.721783 0.130383 0.112706
0 0.365648 0.138907 0.150228 0.0104805
0 0.80006 0.168575 0.110935 0.0736859
0 0.22693 0.732264 0.257392 0.393905
0 0.235463 0.493631 0.108553 0.0117704
0 0.145961 0.156079 0.121651 0.0361174
0 0.907025 0.168575 0.0950585 0.0665914
0 0.731693 0.669381 0.434213 0.50516
0 0.406033 0.330458 0.225045 0.0159626
0 0.236555 0.197678 0.11153 0.03515
0 0.456241 0.683892 0.107561 0.174944
0 0.733479 0.542244 0.445723 0.243147
0 0.795892 0.315705 0.318119 0.190261
0 0.456936 0.852951 0.10895 0.158014
0 0.238738 0.351016 0.113515 0.263786
0 0.34878 0.420913 0.110141 0.15753
0 0.121353 0.396001 0.116094 0.208642
0 0.57313 0.39979 0.108355 0.030474
0 0.123636 0.264592 0.115102 0.0544985
0 0.459913 0.469203 0.111332 0.246372
0 0.124033 0.20703 0.110339 0.0541761
0 0.575412 0.255966 0.108156 0.245243
0 0.407918 0.230732 0.221274 0.16801
