0 0.244048 0.32813 0.330952 0.133333
0 0.577381 0.62374 0.299524 0.076748
0 0.505952 0.570244 0.174762 0.0269919
0 0.63381 0.404715 0.0533333 0.0204878
0 0.541905 0.101301 0.114286 0.0471545
0 0.65119 0.100813 0.109048 0.0487805
0 0.486429 0.47935 0.940476 0.597724
0 0.778095 0.406179 0.205714 0.0260163
0 0.229524 0.479675 0.339048 0.14439
0 0.230714 0.512358 0.370952 0.495935
0 0.153333 0.821301 0.233333 0.220163
0 0.765476 0.568293 0.176667 0.0276423
0 0.610714 0.486504 0.73381 0.196423
0 0.182143 0.328293 0.188095 0.136911
0 0.599048 0.709593 0.761905 0.0578862
0 0.82 0.161301 0.214286 0.0878049
0 0.143333 0.0905691 0.218095 0.0393496
0 0.65381 0.310732 0.478095 0.0601626
0 0.82 0.0404878 0.218095 0.00943089
0 0.82 0.206504 0.155238 0.0110569
0 0.140238 0.0572358 0.205238 0.0409756
0 0.230952 0.850081 0.067619 0.0806504
0 0.652619 0.325691 0.476667 0.116098
0 0.592857 0.0564228 0.213333 0.0386992
0 0.597143 0.101138 0.22 0.0500813
0 0.339762 0.318211 0.123333 0.114146
0 0.478333 0.921626 0.571905 0.0656911
0 0.538333 0.487642 0.248095 0.188943
0 0.647143 0.38065 0.505714 0.0230894
0 0.790476 0.485854 0.244762 0.186667
0 0.375952 0.809919 0.201429 0.12
0 0.823095 0.127317 0.224286 0.162276
0 0.821429 0.0835772 0.22 0.0617886
0 0.829524 0.63187 0.154286 0.0682927
0 0.593571 0.0821138 0.218571 0.0887805
0 0.314762 0.200163 0.111429 0.0276423
0 0.65 0.146992 0.112381 0.0325203
0 0.812143 0.806829 0.204286 0.123577
0 0.144286 0.0713821 0.227619 0.0725203
0 0.595714 0.807642 0.201905 0.125854
0 0.649762 0.189919 0.111905 0.0455285
0 0.085 0.163252 0.112857 0.101463
0 0.199524 0.133984 0.108571 0.041626
0 0.537619 0.170732 0.110476 0.0852033
0 0.200238 0.186341 0.110952 0.0546341
0 0.426429 0.0736585 0.111905 0.0705691
0 0.312143 0.111382 0.112857 0.147967
0 0.426429 0.162276 0.11 0.100813
