0 0.644599 0.616 0.405177 0.181565
0 0.274017 0.670261 0.223494 0.0626087
0 0.914385 0.494783 0.0637133 0.0177391
0 0.30214 0.79287 0.263813 0.0330435
0 0.568442 0.36887 0.742658 0.728696
0 0.697113 0.836696 0.0512693 0.0427826
0 0.863116 0.402435 0.0905923 0.0236522
0 0.552265 0.0953043 0.807865 0.0681739
0 0.90891 0.680348 0.0836237 0.0222609
0 0.29343 0.321217 0.301145 0.312
0 0.287456 0.301739 0.283225 0.0789565
0 0.183425 0.725391 0.0841215 0.010087
0 0.444749 0.756696 0.610752 0.0441739
0 0.289447 0.816 0.278248 0.0786087
0 0.349428 0.793391 0.156297 0.0292174
0 0.891986 0.550087 0.097561 0.0657391
0 0.489298 0.78713 0.097561 0.0236522
0 0.679691 0.437043 0.50224 0.33287
0 0.282479 0.206261 0.275261 0.0765217
0 0.209806 0.788522 0.124938 0.0347826
0 0.294923 0.833391 0.28223 0.0438261
0 0.527626 0.334957 0.099552 0.0146087
0 0.729219 0.224522 0.41115 0.174957
0 0.403435 0.83287 0.0562469 0.0406957
0 0.582877 0.832696 0.269786 0.0507826
0 0.696864 0.417913 0.52663 0.590957
0 0.298407 0.412696 0.299154 0.106783
0 0.438278 0.753565 0.43554 0.0344348
0 0.870831 0.817391 0.219512 0.149565
0 0.355152 0.59913 0.06222 0.0768696
0 0.859632 0.926609 0.235938 0.0667826
0 0.585366 0.917565 0.260826 0.0772174
0 0.288452 0.916522 0.284221 0.0786087
0 0.277003 0.619826 0.236436 0.16487
