0 0.656139 0.882437 0.106733 0.0292969
0 0.538416 0.682016 0.10297 0.0584435
0 0.756139 0.940805 0.0833663 0.0324519
0 0.538713 0.8125 0.0984158 0.0243389
0 0.87901 0.432467 0.0871287 0.0265925
0 0.542376 0.850962 0.0978218 0.0510817
0 0.538317 0.589393 0.107921 0.0303486
0 0.879802 0.505559 0.0443564 0.00570913
0 0.869901 0.639048 0.0792079 0.0752704
0 0.423861 0.902269 0.104356 0.0256911
0 0.654158 0.956505 0.109901 0.0160757
0 0.653861 0.87207 0.08 0.011268
0 0.530099 0.106746 0.0665347 0.00555889
0 0.878614 0.454026 0.0827723 0.00661058
0 0.200693 0.144757 0.111485 0.0259916
0 0.877228 0.269156 0.108119 0.0476262
0 0.538218 0.628305 0.107327 0.0429688
0 0.514752 0.788687 0.0489109 0.0773738
0 0.0872277 0.955078 0.106733 0.0111178
0 0.76297 0.65625 0.100594 0.0216346
0 0.878614 0.51262 0.104158 0.0216346
0 0.539505 0.13439 0.104356 0.0632512
0 0.756535 0.956205 0.0861386 0.0169772
0 0.309307 0.892202 0.117624 0.0103666
0 0.758317 0.918419 0.0928713 0.0171274
0 0.879208 0.596154 0.0380198 0.00600962
0 0.25 0.117488 0.450099 0.0201322
0 0.311584 0.901292 0.107525 0.0261418
0 0.060297 0.304011 0.0477228 0.01878
0 0.878416 0.213642 0.110495 0.211238
0 0.0732673 0.871695 0.0823762 0.0165264
0 0.257723 0.47213 0.221584 0.0217849
0 0.885644 0.83451 0.099604 0.0401142
0 0.871881 0.958909 0.128713 0.011869
0 0.539901 0.560923 0.110297 0.0202825
0 0.0881188 0.0688852 0.103762 0.0524339
0 0.650891 0.798152 0.0677228 0.0070613
0 0.540396 0.89055 0.107723 0.0244892
0 0.54 0.734675 0.106931 0.0210337
0 0.710297 0.308293 0.202376 0.00841346
0 0.11604 0.116436 0.152475 0.0165264
0 0.822079 0.804087 0.21802 0.0186298
0 0.44099 0.0705379 0.763168 0.0578425
0 0.874851 0.0679838 0.103762 0.0494291
0 0.197723 0.898588 0.107921 0.0288462
0 0.655248 0.916617 0.10495 0.101262
0 0.708515 0.556791 0.214257 0.015625
0 0.313762 0.264724 0.108317 0.0432692
0 0.879802 0.169772 0.105347 0.0405649
0 0.261584 0.305664 0.426535 0.019381
0 0.253366 0.872746 0.400594 0.0195312
0 0.878218 0.217773 0.106931 0.05003
0 0.24802 0.719576 0.43901 0.0196815
0 0.317129 0.536433 0.303168 0.0202825
0 0.882178 0.691406 0.101782 0.194712
0 0.540594 0.213717 0.112079 0.20628
0 0.0876238 0.53463 0.105149 0.0166767
0 0.880891 0.125376 0.0984158 0.0392127
0 0.877723 0.302058 0.107921 0.0329026
0 0.197822 0.93735 0.109307 0.0429688
0 0.766535 0.780424 0.110891 0.0184796
0 0.653168 0.833459 0.0825743 0.0599459
0 0.764554 0.707482 0.101782 0.11869
0 0.703069 0.137169 0.209307 0.0528846
0 0.538416 0.643705 0.110495 0.185547
0 0.313267 0.186974 0.106139 0.106821
0 0.19901 0.689904 0.108515 0.0177284
0 0.880099 0.479192 0.113069 0.0563401
0 0.88 0.550556 0.111287 0.0800781
0 0.764951 0.602764 0.110099 0.0766226
0 0.0846535 0.923152 0.112277 0.0758714
0 0.426832 0.926307 0.110693 0.0752704
0 0.541188 0.826472 0.106139 0.158353
0 0.311188 0.925105 0.113861 0.0770733
0 0.767624 0.332332 0.101188 0.0357572
0 0.654158 0.507662 0.33802 0.070613
0 0.653465 0.677209 0.112079 0.220102
0 0.539901 0.39378 0.110297 0.146034
0 0.310198 0.488356 0.113069 0.0566406
0 0.54 0.936749 0.112871 0.0561899
0 0.821881 0.879883 0.223168 0.165415
0 0.19703 0.488732 0.110891 0.0555889
0 0.428119 0.417969 0.112079 0.198618
0 0.878614 0.385066 0.103762 0.125601
0 0.426337 0.206806 0.112871 0.150691
0 0.0875247 0.623723 0.111683 0.149189
0 0.310396 0.795598 0.104752 0.119441
0 0.200099 0.209961 0.11505 0.154297
0 0.767624 0.410457 0.105941 0.114483
0 0.710495 0.236704 0.218614 0.130559
0 0.0871287 0.418419 0.110495 0.196815
0 0.654059 0.447491 0.115248 0.0386118
0 0.0879208 0.794997 0.113663 0.115535
0 0.198812 0.614709 0.107723 0.128456
0 0.425446 0.794621 0.110297 0.121695
0 0.313267 0.624174 0.111287 0.14979
0 0.200594 0.793795 0.110495 0.122746
0 0.426832 0.623723 0.112277 0.150391
0 0.256733 0.388747 0.224752 0.135066
0 0.0855446 0.209135 0.111287 0.155349
0 0.655644 0.36869 0.114851 0.109675
