0 0.3821 0.782991 0.0989673 0.0455764
0 0.0733649 0.123771 0.101979 0.164135
0 0.383821 0.181263 0.0989673 0.0145964
0 0.077883 0.548108 0.095525 0.0119154
0 0.38253 0.710456 0.10241 0.148943
0 0.383391 0.741138 0.101549 0.0452785
0 0.0772375 0.181263 0.0959553 0.0271075
0 0.179002 0.470658 0.0989673 0.0119154
0 0.0935886 0.927465 0.145869 0.0598749
0 0.179432 0.0972595 0.0895009 0.00685136
0 0.791523 0.165475 0.0907917 0.0628537
0 0.281626 0.520256 0.0993976 0.0425976
0 0.0759466 0.610217 0.098537 0.0169794
0 0.0772375 0.192434 0.0968158 0.0280012
0 0.384897 0.221775 0.0993976 0.0348525
0 0.383821 0.785672 0.0998279 0.0175752
0 0.891566 0.200328 0.0628227 0.0116175
0 0.383821 0.626452 0.100688 0.0250223
0 0.0890706 0.742627 0.1179 0.0667262
0 0.178141 0.929401 0.0946644 0.0554066
0 0.141781 0.467084 0.123494 0.0875782
0 0.27969 0.855228 0.101549 0.0220435
0 0.179647 0.106494 0.0976764 0.093238
0 0.178571 0.0433423 0.0920826 0.00744713
0 0.177926 0.842866 0.0959553 0.121835
0 0.0761618 0.156836 0.10327 0.0610664
0 0.279045 0.93938 0.0976764 0.0294906
0 0.382745 0.829014 0.0993976 0.020852
0 0.792814 0.0936848 0.0813253 0.0831099
0 0.69105 0.28031 0.0998279 0.0333631
0 0.0733649 0.0723861 0.105422 0.0631516
0 0.384466 0.711647 0.100258 0.0190646
0 0.177711 0.4577 0.0989673 0.113494
0 0.384036 0.806524 0.0839071 0.0134048
0 0.38296 0.634793 0.10327 0.0863867
0 0.0765921 0.256032 0.0989673 0.0253202
0 0.281842 0.886059 0.0998279 0.0145964
0 0.537435 0.127048 0.195353 0.145666
0 0.0744406 0.11692 0.104991 0.0235329
0 0.486446 0.387399 0.0993976 0.0330652
0 0.690835 0.257819 0.0993976 0.0324695
0 0.178356 0.458296 0.098537 0.0324695
0 0.0759466 0.279416 0.100258 0.0172773
0 0.891566 0.199732 0.0998279 0.0151921
0 0.0761618 0.874293 0.0938038 0.172178
0 0.384036 0.73518 0.100258 0.0798332
0 0.282272 0.838844 0.0998279 0.0303843
0 0.383176 0.651475 0.100258 0.0214477
0 0.791093 0.0428954 0.077883 0.00714924
0 0.177926 0.800268 0.0916523 0.0402145
0 0.278614 0.907805 0.0993976 0.0277033
0 0.841222 0.776139 0.181583 0.0473637
0 0.38253 0.705988 0.101549 0.0786416
0 0.383391 0.821567 0.0998279 0.0661305
0 0.177281 0.83244 0.0963855 0.0306822
0 0.0712134 0.808013 0.0709983 0.0217456
0 0.179002 0.160262 0.0981067 0.142389
0 0.486876 0.0490021 0.0942341 0.0175752
0 0.282272 0.856419 0.100688 0.0631516
0 0.383391 0.729967 0.0989673 0.0140006
0 0.383176 0.846142 0.0993976 0.0140006
0 0.282272 0.545725 0.100688 0.126899
0 0.383821 0.206881 0.0998279 0.033661
0 0.485585 0.344951 0.101119 0.122133
0 0.178787 0.447125 0.0993976 0.0631516
0 0.180723 0.134197 0.0989673 0.0640453
0 0.385542 0.636282 0.10327 0.0470658
0 0.0755164 0.568365 0.0968158 0.0977063
0 0.486661 0.06479 0.0963855 0.010426
0 0.0765921 0.740691 0.101549 0.0997915
0 0.0761618 0.301311 0.100688 0.0229371
0 0.0748709 0.172773 0.0989673 0.0274054
0 0.166954 0.658475 0.113597 0.0598749
0 0.383606 0.351057 0.0993976 0.0985999
0 0.07358 0.847632 0.0662651 0.0425976
0 0.0748709 0.147453 0.0998279 0.0351504
0 0.383176 0.229669 0.098537 0.0190646
0 0.179002 0.42955 0.095525 0.0256181
0 0.0759466 0.231457 0.098537 0.0196604
0 0.279905 0.879506 0.101119 0.0253202
0 0.179432 0.118856 0.0938038 0.0369377
0 0.0750861 0.0473637 0.101979 0.0131069
0 0.280336 0.531278 0.0993976 0.0199583
0 0.278399 0.839291 0.100688 0.105153
0 0.0789587 0.834674 0.0864888 0.0703009
0 0.0770224 0.266458 0.101549 0.0920465
0 0.383391 0.756777 0.100688 0.0360441
0 0.38253 0.683646 0.0989673 0.0399166
0 0.0776678 0.887548 0.0890706 0.0169794
0 0.690189 0.0701519 0.095525 0.0598749
0 0.282057 0.806226 0.0968158 0.033661
0 0.179002 0.0652368 0.0972461 0.0494489
0 0.69148 0.0512362 0.101549 0.0238308
0 0.280981 0.567024 0.0989673 0.0515341
0 0.385112 0.602472 0.0998279 0.0187668
0 0.383821 0.171731 0.0981067 0.033661
0 0.179002 0.15207 0.0981067 0.025916
0 0.0759466 0.203753 0.0864888 0.0280012
0 0.691911 0.082961 0.0938038 0.0354483
0 0.27969 0.959339 0.0998279 0.010426
0 0.382315 0.198242 0.100258 0.0837057
0 0.792169 0.198987 0.0920826 0.0190646
0 0.0787435 0.929401 0.0774527 0.0577897
0 0.383821 0.836461 0.100688 0.0327674
0 0.382745 0.352994 0.0993976 0.0202562
0 0.179002 0.496574 0.0998279 0.0339589
0 0.28012 0.607388 0.100688 0.0256181
0 0.384466 0.547364 0.098537 0.0682157
0 0.0772375 0.606047 0.0976764 0.0294906
0 0.383606 0.794608 0.100258 0.0372356
0 0.38296 0.321269 0.0981067 0.0384272
0 0.384466 0.459786 0.0839071 0.0431933
0 0.0744406 0.0915996 0.10327 0.0717903
0 0.687392 0.268394 0.100258 0.0577897
0 0.88296 0.626303 0.0524957 0.0694072
0 0.280981 0.504021 0.0998279 0.0327674
0 0.485155 0.396187 0.0968158 0.0190646
0 0.279905 0.924933 0.100258 0.0554066
0 0.488597 0.054513 0.0976764 0.0303843
0 0.179647 0.952189 0.0950947 0.0217456
0 0.793029 0.121984 0.0946644 0.139112
0 0.179432 0.921805 0.095525 0.0318737
0 0.385327 0.0513852 0.098537 0.0241287
0 0.48494 0.252458 0.0817556 0.0396187
0 0.0768072 0.779267 0.098537 0.0220435
0 0.178571 0.816056 0.0972461 0.0676199
0 0.0770224 0.574471 0.0972461 0.0324695
0 0.179002 0.574918 0.0903614 0.090557
0 0.181368 0.874739 0.0968158 0.0461722
0 0.510542 0.679327 0.104561 0.0860888
0 0.279905 0.727584 0.0856282 0.0467679
0 0.383821 0.889783 0.101549 0.0613643
0 0.4858 0.370271 0.0998279 0.028597
0 0.0770224 0.74501 0.0989673 0.036342
0 0.590792 0.112749 0.101549 0.128388
0 0.895869 0.0945785 0.104131 0.0831099
0 0.588425 0.245606 0.0950947 0.0962169
0 0.69062 0.331695 0.0972461 0.049151
0 0.69148 0.172178 0.0860585 0.125112
0 0.0776678 0.701519 0.0933735 0.0422997
0 0.485155 0.300119 0.100258 0.0342568
0 0.894148 0.173816 0.100688 0.0652368
0 0.4858 0.336312 0.100688 0.0321716
0 0.177281 0.199434 0.0886403 0.0610664
0 0.179217 0.261543 0.098537 0.0488531
0 0.0761618 0.537534 0.0963855 0.033661
0 0.177711 0.743968 0.0843373 0.0580876
0 0.486015 0.145815 0.0950947 0.144474
0 0.283348 0.348972 0.098537 0.0473637
0 0.38296 0.268841 0.0972461 0.0497468
0 0.282057 0.660411 0.101119 0.0655347
0 0.0774527 0.648645 0.095525 0.0479595
0 0.283993 0.0668752 0.0972461 0.0557045
0 0.279905 0.770777 0.0933735 0.0277033
0 0.0761618 0.471105 0.100688 0.0831099
0 0.384036 0.109473 0.0907917 0.0843015
0 0.178787 0.671433 0.08821 0.0720882
0 0.0765921 0.371314 0.0843373 0.0962169
0 0.383176 0.944593 0.0993976 0.0357462
0 0.177926 0.327674 0.0890706 0.0661305
0 0.281411 0.427316 0.095525 0.0968126
0 0.178356 0.390527 0.0813253 0.0458743
0 0.281626 0.270033 0.0899312 0.106345
0 0.58778 0.353441 0.0963855 0.0985999
0 0.585198 0.794757 0.271084 0.319333
0 0.840146 0.639559 0.17685 0.195413
0 0.690189 0.385016 0.0989673 0.0384272
0 0.841007 0.858207 0.182874 0.206732
0 0.282917 0.154007 0.0856282 0.107834
0 0.383821 0.389783 0.0998279 0.0485553
0 0.841437 0.447423 0.171687 0.154304
0 0.840792 0.285523 0.191911 0.135538
0 0.586489 0.514298 0.290878 0.198689
