0 0.432 0.3056 0.151 0.5008
0 0.27775 0.4992 0.1345 0.0088
0 0.584 0.3848 0.141 0.0224
0 0.23975 0.0546 0.2165 0.0164
0 0.0805 0.1172 0.046 0.0672
0 0.27625 0.6066 0.1505 0.2084
0 0.58175 0.0968 0.1525 0.0296
0 0.42925 0.0572 0.1345 0.032
0 0.20925 0.2298 0.1675 0.0148
0 0.735 0.1204 0.147 0.024
0 0.20225 0.052 0.1535 0.0104
0 0.20775 0.1526 0.2825 0.1012
0 0.57975 0.0462 0.1475 0.0108
0 0.2025 0.0522 0.212 0.0132
0 0.15425 0.1964 0.1775 0.0504
0 0.20925 0.228 0.1275 0.0088
0 0.42925 0.6558 0.1505 0.6748
0 0.2765 0.7894 0.149 0.1564
0 0.2745 0.8846 0.147 0.026
0 0.32475 0.1204 0.0425 0.068
0 0.58025 0.1574 0.1505 0.0772
0 0.20825 0.1092 0.2775 0.0944
0 0.582 0.708 0.092 0.0064
0 0.5885 0.205 0.033 0.006
0 0.43475 0.4498 0.1535 0.8676
0 0.211 0.1152 0.182 0.0808
0 0.58325 0.625 0.1485 0.0236
0 0.8915 0.9654 0.15 0.0132
0 0.58375 0.596 0.1475 0.0248
0 0.20425 0.2002 0.2875 0.062
0 0.5815 0.1186 0.153 0.1548
0 0.81275 0.0744 0.2815 0.056
0 0.582 0.936 0.148 0.0656
0 0.27475 0.9198 0.1475 0.0932
0 0.737 0.5166 0.149 0.5156
0 0.582 0.8314 0.152 0.0292
0 0.126 0.467 0.149 0.4548
0 0.583 0.8752 0.149 0.0472
0 0.583 0.2742 0.129 0.1244
0 0.27575 0.6814 0.1515 0.3652
0 0.58425 0.61 0.1485 0.0536
0 0.58625 0.3552 0.1435 0.0296
0 0.12325 0.9136 0.1475 0.1064
0 0.73525 0.1814 0.1495 0.1468
0 0.58 0.763 0.13 0.0972
0 0.58425 0.4056 0.1445 0.0664
0 0.58425 0.6704 0.1495 0.0584
0 0.88825 0.4354 0.1505 0.2252
0 0.7365 0.8746 0.151 0.1916
0 0.1205 0.7798 0.137 0.158
0 0.58475 0.4764 0.1445 0.064
0 0.88875 0.2116 0.1505 0.2096
0 0.27975 0.2886 0.1505 0.0964
0 0.89 0.8596 0.15 0.1896
0 0.585 0.5458 0.149 0.0652
0 0.88875 0.655 0.1495 0.206
0 0.2785 0.4164 0.14 0.1528
