0 0.290838 0.647002 0.11466 0.00940032
0 0.422906 0.328687 0.0746073 0.0200972
0 0.292801 0.654376 0.148953 0.116856
0 0.261257 0.569692 0.0774869 0.0220421
0 0.307461 0.362075 0.147382 0.0962723
0 0.271859 0.451053 0.084555 0.0207455
0 0.308639 0.321475 0.0623037 0.0124797
0 0.903272 0.943274 0.10288 0.039222
0 0.50445 0.954781 0.0575916 0.0145867
0 0.726047 0.710616 0.339529 0.112966
0 0.257853 0.480875 0.0623037 0.0213938
0 0.485471 0.671799 0.16466 0.0269044
0 0.200654 0.406645 0.0468586 0.0171799
0 0.193325 0.174311 0.177749 0.00794165
0 0.196335 0.477715 0.0361257 0.00988655
0 0.89712 0.872447 0.131937 0.0155592
0 0.142016 0.458347 0.145288 0.0145867
0 0.134555 0.676094 0.109424 0.0102107
0 0.925393 0.781848 0.0602094 0.03047
0 0.631152 0.628282 0.163874 0.00794165
0 0.604843 0.0828201 0.156283 0.0139384
0 0.112042 0.428039 0.0722513 0.00551053
0 0.353272 0.426256 0.0431937 0.0194489
0 0.295157 0.489546 0.144241 0.0163695
0 0.500262 0.322771 0.0502618 0.032577
0 0.289529 0.902755 0.114136 0.0288493
0 0.554974 0.867828 0.0591623 0.0176661
0 0.112042 0.391491 0.0696335 0.00794165
0 0.304058 0.448622 0.145288 0.0836305
0 0.68089 0.866775 0.0492147 0.0200972
0 0.450916 0.135251 0.14267 0.0222042
0 0.651832 0.709643 0.146073 0.0850891
0 0.685602 0.83363 0.0596859 0.0215559
0 0.451963 0.618963 0.128534 0.0259319
0 0.189267 0.483225 0.0617801 0.0351702
0 0.195026 0.493841 0.0397906 0.0100486
0 0.7839 0.822852 0.297644 0.172771
0 0.453272 0.382415 0.146335 0.0290113
0 0.721335 0.889222 0.137435 0.0160454
0 0.262173 0.3094 0.05 0.00680713
0 0.579319 0.94376 0.0513089 0.03047
0 0.296335 0.437844 0.13822 0.0170178
0 0.266492 0.587763 0.0769634 0.0089141
0 0.491099 0.828687 0.165969 0.0444084
0 0.682723 0.742058 0.216754 0.0559157
0 0.852094 0.468395 0.118325 0.0142626
0 0.307068 0.338979 0.0471204 0.00405186
0 0.789136 0.906807 0.0410995 0.0226904
0 0.733901 0.752107 0.11178 0.0319287
0 0.451963 0.761912 0.0955497 0.0557536
0 0.146859 0.436548 0.149738 0.1094
0 0.899869 0.912885 0.127487 0.0552674
0 0.158508 0.137763 0.145288 0.0155592
0 0.293717 0.556645 0.147644 0.0147488
0 0.686387 0.65389 0.19267 0.0144246
0 0.452749 0.503728 0.136387 0.0385737
0 0.848822 0.696434 0.0683246 0.0411669
0 0.454581 0.71013 0.112304 0.0445705
0 0.606937 0.353485 0.110209 0.00713128
0 0.49699 0.866126 0.214398 0.0194489
0 0.712958 0.942545 0.0908377 0.0176661
0 0.271728 0.443436 0.0795811 0.00777958
0 0.256414 0.494327 0.0578534 0.00875203
0 0.305497 0.309724 0.135079 0.00875203
0 0.296728 0.449433 0.144241 0.289789
0 0.125916 0.640762 0.110471 0.0095624
0 0.625654 0.694489 0.0968586 0.0379254
0 0.705497 0.599433 0.161257 0.026094
0 0.452618 0.942058 0.144503 0.0400324
0 0.453665 0.476094 0.136126 0.0218801
0 0.260209 0.692545 0.0816754 0.00875203
0 0.200393 0.445057 0.0410995 0.0103728
0 0.106806 0.46094 0.0701571 0.00777958
0 0.450393 0.344489 0.0772251 0.00923825
0 0.29712 0.458347 0.140838 0.0184765
0 0.710471 0.575122 0.130366 0.0170178
0 0.284162 0.409481 0.0918848 0.0082658
0 0.455105 0.405267 0.145812 0.113614
0 0.704188 0.800324 0.0958115 0.0398703
0 0.300262 0.477066 0.150785 0.0209076
0 0.139791 0.713695 0.138743 0.0189627
0 0.747906 0.531605 0.414136 0.165964
0 0.295942 0.562237 0.151571 0.0444084
0 0.292539 0.628201 0.146859 0.0155592
0 0.505759 0.901297 0.256021 0.0343598
0 0.885602 0.716045 0.156021 0.12966
0 0.453665 0.404862 0.141361 0.0191248
0 0.706675 0.688736 0.165183 0.0497569
0 0.265314 0.643193 0.0882199 0.00988655
0 0.298691 0.422447 0.13822 0.0270665
0 0.751832 0.832982 0.117277 0.0905997
0 0.45288 0.452431 0.141885 0.0215559
0 0.299084 0.517828 0.146335 0.0376013
0 0.453272 0.427634 0.139529 0.0205835
0 0.629319 0.755024 0.100524 0.0247974
0 0.129843 0.513614 0.121466 0.0155592
0 0.663613 0.51013 0.228272 0.091248
0 0.840969 0.15778 0.182461 0.010859
0 0.137435 0.653647 0.148168 0.0311183
0 0.470288 0.745543 0.148429 0.115397
0 0.306414 0.390357 0.146859 0.0257699
0 0.306152 0.326499 0.14267 0.0202593
0 0.291492 0.610049 0.147906 0.0515397
0 0.454712 0.362318 0.142408 0.0419773
0 0.28966 0.712399 0.148953 0.0205835
0 0.113482 0.402998 0.0814136 0.0312804
0 0.529058 0.0572123 0.804188 0.0301459
0 0.307723 0.354862 0.15 0.0293355
0 0.136649 0.696353 0.144503 0.0504052
0 0.608377 0.363533 0.147644 0.0194489
0 0.893325 0.835737 0.104974 0.0581848
0 0.111257 0.43825 0.0790576 0.0256078
0 0.878796 0.543517 0.16911 0.139546
0 0.290969 0.668314 0.146335 0.0358185
0 0.304581 0.162156 0.415445 0.0225284
0 0.604319 0.390438 0.146335 0.0249595
0 0.141099 0.478849 0.146073 0.0419773
0 0.454188 0.321151 0.137696 0.034846
0 0.603927 0.277229 0.0931937 0.0111831
0 0.295026 0.921475 0.139791 0.0743922
0 0.60589 0.324959 0.146859 0.0431118
0 0.374084 0.294976 0.230366 0.0194489
0 0.836649 0.187277 0.294764 0.0458671
0 0.668717 0.807212 0.554188 0.325608
0 0.45144 0.549595 0.135864 0.169854
0 0.140707 0.577472 0.147906 0.113776
0 0.215314 0.747407 0.285079 0.0410049
0 0.158508 0.109319 0.143717 0.0734198
0 0.292801 0.826661 0.147382 0.111345
0 0.306021 0.109562 0.141885 0.0735818
0 0.191099 0.227715 0.217277 0.110859
0 0.414921 0.228282 0.209948 0.10389
0 0.152618 0.342301 0.153403 0.0742301
0 0.452094 0.110454 0.139791 0.0747164
0 0.913613 0.110535 0.139267 0.0755267
0 0.606283 0.111102 0.155497 0.0730956
0 0.912827 0.310049 0.138743 0.189951
0 0.606675 0.211102 0.153665 0.116532
0 0.134817 0.865478 0.15288 0.196759
0 0.764267 0.111102 0.144241 0.0763371
0 0.763743 0.310049 0.146859 0.189627
