0 0.447035 0.881076 0.134651 0.00805823
0 0.595114 0.107746 0.139873 0.0101378
0 0.883812 0.606836 0.113018 0.00701846
0 0.896121 0.870548 0.147333 0.0265142
0 0.893696 0.428776 0.140992 0.0127372
0 0.29765 0.63582 0.145468 0.0660255
0 0.297091 0.554718 0.145095 0.022875
0 0.450578 0.260463 0.13204 0.0114375
0 0.450578 0.122303 0.140992 0.0231349
0 0.745617 0.472446 0.138754 0.0179361
0 0.597165 0.485053 0.136516 0.018196
0 0.894815 0.942423 0.143976 0.0132571
0 0.744312 0.372108 0.139873 0.0174162
0 0.296718 0.524695 0.145841 0.077203
0 0.596419 0.123083 0.14323 0.0252145
0 0.597352 0.659215 0.145095 0.0322329
0 0.745244 0.934494 0.144722 0.0306733
0 0.596792 0.597609 0.14696 0.0327528
0 0.296531 0.584611 0.144722 0.0327528
0 0.74599 0.714973 0.137262 0.0215753
0 0.297464 0.0703145 0.0488624 0.00493891
0 0.895934 0.894853 0.137262 0.00961788
0 0.744498 0.648167 0.141738 0.027294
0 0.596419 0.627892 0.143976 0.0231349
0 0.448527 0.90733 0.112272 0.0106577
0 0.597725 0.291916 0.144349 0.164804
0 0.74599 0.899922 0.140992 0.0213153
0 0.444797 0.0917598 0.0943678 0.0259943
0 0.397986 0.222251 0.0320776 0.072784
0 0.443118 0.476995 0.133532 0.00935794
0 0.477434 0.535742 0.0634092 0.00779828
0 0.445356 0.63426 0.112645 0.0109176
0 0.893883 0.492852 0.145841 0.0218352
0 0.598098 0.944242 0.144349 0.0142969
0 0.746177 0.396673 0.142857 0.0213153
0 0.746923 0.441383 0.143603 0.0623863
0 0.744498 0.344684 0.143976 0.0343125
0 0.892391 0.072524 0.0503543 0.00571874
0 0.449832 0.177021 0.0917568 0.00779828
0 0.890339 0.0960489 0.1395 0.0278139
0 0.74599 0.522095 0.14323 0.0740837
0 0.594927 0.0712243 0.127564 0.00831817
0 0.450392 0.27385 0.0466244 0.00649857
0 0.597725 0.0938394 0.139127 0.0280738
0 0.447781 0.402132 0.074972 0.00779828
0 0.445356 0.508578 0.140246 0.216532
0 0.446662 0.0700546 0.0466244 0.00701846
0 0.744125 0.0713543 0.0477434 0.0054588
0 0.4489 0.786847 0.141365 0.0358721
0 0.150504 0.0733039 0.120477 0.00935794
0 0.447781 0.892384 0.147333 0.0171562
0 0.596046 0.292306 0.140992 0.0475695
0 0.448527 0.506499 0.139873 0.0662854
0 0.445543 0.438783 0.132413 0.0618664
0 0.598098 0.22888 0.141365 0.0714843
0 0.596792 0.152197 0.145468 0.0756434
0 0.74655 0.446842 0.145095 0.22875
0 0.596606 0.347414 0.139127 0.0564076
0 0.447967 0.123603 0.144722 0.09072
0 0.443305 0.560957 0.134651 0.0337926
0 0.891645 0.138679 0.139873 0.109436
0 0.893883 0.222771 0.136143 0.0462698
0 0.149944 0.196127 0.152928 0.0205355
0 0.453003 0.220951 0.133905 0.09098
0 0.446475 0.601118 0.144722 0.0402911
0 0.449832 0.333377 0.140992 0.121913
0 0.891645 0.575123 0.132413 0.0470496
0 0.147333 0.22576 0.147706 0.0366519
0 0.5953 0.630491 0.148452 0.102158
0 0.596233 0.792956 0.147333 0.0777229
0 0.746177 0.903951 0.145841 0.0948791
0 0.446848 0.826488 0.143976 0.120873
0 0.449832 0.927346 0.144722 0.0506888
0 0.74655 0.811022 0.145841 0.0769431
0 0.893137 0.27372 0.142857 0.0462698
0 0.745058 0.613985 0.143603 0.0982584
0 0.301007 0.276319 0.147706 0.416428
0 0.892391 0.339095 0.142111 0.0787627
0 0.744498 0.683 0.144722 0.031973
0 0.148452 0.129841 0.149944 0.106317
0 0.745804 0.735508 0.146587 0.0657655
0 0.746363 0.257473 0.148452 0.124513
0 0.301194 0.935664 0.145841 0.0345724
0 0.89351 0.430335 0.145095 0.0943592
0 0.745804 0.133221 0.146587 0.112035
0 0.895934 0.663634 0.149944 0.0972186
0 0.596979 0.893164 0.145841 0.113335
0 0.895934 0.855082 0.148452 0.0917598
0 0.596979 0.537172 0.147333 0.0761632
0 0.594927 0.718612 0.14696 0.0584871
0 0.895748 0.927216 0.148825 0.0473096
0 0.299515 0.629841 0.148452 0.288017
0 0.89351 0.514947 0.145841 0.0644658
0 0.148452 0.293995 0.151436 0.0857811
0 0.896121 0.760073 0.149571 0.0878607
0 0.149944 0.753184 0.141738 0.103717
0 0.149571 0.642969 0.144722 0.109436
0 0.447781 0.695867 0.141365 0.13517
0 0.596979 0.437224 0.146587 0.116454
0 0.151623 0.856512 0.143603 0.0972186
0 0.148639 0.525864 0.146587 0.114375
0 0.15069 0.932025 0.144722 0.0439303
0 0.297837 0.847024 0.147333 0.13491
0 0.148452 0.402002 0.148452 0.123993
