0 0.56982 0.352879 0.212244 0.0397405
0 0.579939 0.763828 0.225398 0.0399027
0 0.416266 0.738848 0.0538831 0.0545012
0 0.833671 0.619708 0.235011 0.0186537
0 0.831647 0.818897 0.213256 0.0309813
0 0.122818 0.411841 0.110549 0.0262774
0 0.664812 0.663179 0.0349102 0.0416869
0 0.12383 0.742336 0.0933468 0.00729927
0 0.554642 0.7485 0.162661 0.0546634
0 0.663167 0.816221 0.0665317 0.0389294
0 0.912092 0.352474 0.036681 0.0298459
0 0.11915 0.685077 0.111814 0.105272
0 0.122945 0.387997 0.112826 0.048013
0 0.118518 0.385077 0.0933468 0.0123277
0 0.822793 0.66472 0.192512 0.0444444
0 0.120668 0.744769 0.0662788 0.00600162
0 0.578421 0.820195 0.216291 0.0423358
0 0.286871 0.264152 0.133063 0.0507705
0 0.123198 0.74558 0.0900582 0.00859692
0 0.675563 0.820195 0.0478118 0.0403893
0 0.144574 0.150689 0.183911 0.202433
0 0.416393 0.738524 0.036934 0.04412
0 0.154693 0.0365775 0.174298 0.0180049
0 0.12168 0.846391 0.115355 0.216058
0 0.83443 0.746229 0.228434 0.0621249
0 0.828611 0.3588 0.224387 0.0629359
0 0.872375 0.739173 0.131799 0.048013
0 0.865419 0.269749 0.190741 0.0658556
0 0.121933 0.723033 0.108778 0.032279
0 0.923982 0.429927 0.0392107 0.037794
0 0.578295 0.357908 0.21958 0.0679643
0 0.347078 0.353528 0.16089 0.0510949
0 0.126992 0.0553122 0.10979 0.00616383
0 0.121806 0.389376 0.108525 0.00859692
0 0.850367 0.585726 0.164685 0.0499594
0 0.650898 0.348337 0.0541361 0.0361719
0 0.121174 0.698621 0.108778 0.0379562
0 0.119024 0.656367 0.107007 0.0446067
0 0.832659 0.437713 0.230964 0.0660178
0 0.330508 0.90292 0.236529 0.0702352
0 0.407918 0.42871 0.0543891 0.0519059
0 0.835315 0.824818 0.233241 0.0726683
0 0.652922 0.508029 0.0804452 0.0545012
0 0.372122 0.819789 0.1447 0.0580697
0 0.124083 0.840227 0.0963825 0.00648824
0 0.328485 0.356934 0.234505 0.0669911
0 0.121806 0.380211 0.105489 0.0282238
0 0.325576 0.740795 0.223122 0.05515
0 0.149127 0.0403893 0.171262 0.0129765
0 0.831773 0.902352 0.225651 0.0707218
0 0.118644 0.645499 0.112826 0.18605
0 0.910195 0.819302 0.054642 0.0253041
0 0.119656 0.591484 0.107766 0.0812652
0 0.923982 0.896594 0.0387048 0.0358475
0 0.582848 0.667397 0.229193 0.0611517
0 0.412472 0.664882 0.0594485 0.0567721
0 0.834809 0.667721 0.237288 0.0673155
0 0.415634 0.894809 0.0450291 0.0329278
0 0.596888 0.589051 0.804705 0.712247
0 0.112573 0.372344 0.0834809 0.011841
0 0.589046 0.903325 0.220845 0.0665045
0 0.923096 0.661152 0.0374399 0.0347121
0 0.324564 0.590673 0.227675 0.0695864
0 0.409562 0.661963 0.0424994 0.0454177
0 0.654187 0.582806 0.0475588 0.0392539
0 0.664685 0.427656 0.0387048 0.0426602
0 0.580572 0.592133 0.222616 0.069262
0 0.12598 0.895783 0.108778 0.109813
0 0.576777 0.434307 0.218568 0.0679643
0 0.664685 0.818248 0.0397167 0.0364963
0 0.902226 0.736983 0.0634961 0.0416869
0 0.327726 0.513625 0.232988 0.0712084
0 0.835441 0.513869 0.238047 0.0713706
0 0.58386 0.824818 0.234758 0.0723439
0 0.404376 0.506407 0.0741209 0.0561233
0 0.585252 0.747364 0.235517 0.0715328
0 0.408803 0.581914 0.0541361 0.0501217
0 0.906653 0.507461 0.0607134 0.0364963
0 0.329117 0.822222 0.233241 0.0723439
0 0.388945 0.814842 0.105489 0.0394161
0 0.396787 0.353041 0.0817101 0.0313058
0 0.12383 0.790511 0.109537 0.0939173
0 0.580951 0.515166 0.230458 0.0681265
0 0.32684 0.433577 0.230711 0.0703974
0 0.666456 0.739335 0.0609664 0.0402271
0 0.324058 0.669181 0.227675 0.069262
0 0.576145 0.0609084 0.105489 0.0160584
0 0.904503 0.584509 0.0675436 0.0384428
0 0.835315 0.588402 0.234758 0.074777
0 0.120035 0.473155 0.107513 0.154096
0 0.793701 0.0480941 0.302808 0.0368208
0 0.123956 0.181022 0.112826 0.236496
0 0.577157 0.146959 0.109031 0.147607
0 0.123071 0.331549 0.109031 0.0545012
0 0.354035 0.185888 0.108525 0.0713706
0 0.24045 0.136983 0.112067 0.169505
0 0.354035 0.0989457 0.107007 0.0927818
0 0.466102 0.136334 0.109031 0.170154
0 0.892107 0.144688 0.162155 0.1515
0 0.717936 0.144526 0.157349 0.1515
