0 0.443552 0.252279 0.118414 0.00976562
0 0.888108 0.869792 0.1144 0.014974
0 0.084295 0.888835 0.0933266 0.00813802
0 0.898394 0.897624 0.0717511 0.0107422
0 0.454591 0.53304 0.172604 0.0465495
0 0.906924 0.224609 0.0978424 0.0351562
0 0.197692 0.2111 0.336177 0.0491536
0 0.56272 0.806641 0.790266 0.159505
0 0.35148 0.854329 0.11992 0.0491536
0 0.321124 0.712891 0.0913196 0.0175781
0 0.080281 0.338379 0.115404 0.164388
0 0.846463 0.035319 0.202709 0.00813802
0 0.620923 0.859212 0.104867 0.0348307
0 0.788008 0.457357 0.403914 0.252604
0 0.858254 0.563151 0.17712 0.0227865
0 0.321124 0.638346 0.0893126 0.0221354
0 0.235825 0.297201 0.156548 0.0436198
0 0.893879 0.692057 0.0958354 0.061849
0 0.218013 0.690918 0.0918214 0.0621745
0 0.558956 0.640462 0.0913196 0.0126953
0 0.729303 0.22819 0.216257 0.0279948
0 0.657551 0.564128 0.178123 0.0247396
0 0.396889 0.446452 0.425489 0.236654
0 0.445309 0.711914 0.0918214 0.015625
0 0.687155 0.0621745 0.0717511 0.0214844
0 0.750376 0.869466 0.117913 0.016276
0 0.902158 0.110514 0.0943302 0.0328776
0 0.873056 0.930501 0.115404 0.0361328
0 0.670346 0.692383 0.0883091 0.0611979
0 0.32288 0.61735 0.0888108 0.0608724
0 0.350226 0.870443 0.116407 0.016276
0 0.218264 0.870117 0.101355 0.0175781
0 0.860261 0.540365 0.17712 0.0716146
0 0.730557 0.249837 0.210738 0.0126953
0 0.557451 0.619792 0.0873056 0.0611979
0 0.780231 0.618815 0.100351 0.0598958
0 0.367285 0.298177 0.0993477 0.0605469
0 0.321375 0.692708 0.0938284 0.0605469
0 0.735073 0.17985 0.217762 0.0159505
0 0.442298 0.690755 0.0948319 0.0579427
0 0.5572 0.691243 0.0968389 0.0615234
0 0.549674 0.584635 0.742097 0.593099
0 0.453086 0.563965 0.189664 0.0257161
0 0.885349 0.856445 0.120923 0.0384115
0 0.0873056 0.786947 0.115404 0.0139974
0 0.487205 0.859212 0.118414 0.0400391
0 0.780983 0.639974 0.0998495 0.0208333
0 0.65705 0.539388 0.179127 0.0768229
0 0.656046 0.203451 0.0667336 0.0182292
0 0.353236 0.800456 0.125439 0.139323
0 0.482689 0.78776 0.120421 0.11849
0 0.22002 0.85612 0.107878 0.0390625
0 0.753136 0.789876 0.124436 0.104492
0 0.548169 0.920573 0.768189 0.047526
0 0.904917 0.149414 0.101856 0.0351562
0 0.258655 0.541667 0.181134 0.0683594
0 0.293276 0.19873 0.175113 0.0152995
0 0.622428 0.805501 0.111892 0.148112
0 0.666583 0.617188 0.107878 0.0722656
0 0.78299 0.693197 0.108881 0.0667318
0 0.66859 0.712728 0.0938284 0.0205078
0 0.895886 0.711589 0.10286 0.0195312
0 0.565228 0.0603841 0.10286 0.0120443
0 0.732815 0.203613 0.218264 0.0224609
0 0.68013 0.299967 0.470146 0.0361328
0 0.936277 0.187663 0.0441545 0.0309245
0 0.218264 0.61849 0.110386 0.0690104
0 0.441545 0.618001 0.126443 0.069987
0 0.885349 0.784668 0.11992 0.0999349
0 0.663823 0.417155 0.193678 0.168945
0 0.459107 0.422852 0.187657 0.169271
0 0.221024 0.788411 0.0928249 0.0983073
0 0.257401 0.423991 0.186653 0.15918
0 0.61716 0.0615234 0.211741 0.0182292
0 0.858254 0.423828 0.191169 0.169922
0 0.897391 0.618652 0.113899 0.0673828
0 0.0845459 0.922689 0.114902 0.0719401
0 0.111641 0.200684 0.153036 0.0198568
0 0.199197 0.234863 0.341194 0.0406901
0 0.907928 0.170573 0.109885 0.14388
0 0.905419 0.0625 0.114902 0.0397135
0 0.733066 0.213542 0.223783 0.0852865
0 0.561465 0.233073 0.110386 0.0488281
0 0.0870547 0.834961 0.115906 0.0904948
0 0.0835424 0.516764 0.129955 0.517253
0 0.449574 0.15332 0.113397 0.213542
0 0.562469 0.144368 0.108379 0.126628
0 0.791269 0.105143 0.112393 0.123698
0 0.206974 0.118164 0.36578 0.142578
0 0.674611 0.124186 0.116909 0.0849609
