0 0.8815 0.342203 0.143 0.0152542
0 0.13725 0.657458 0.1455 0.493898
0 0.732 0.570508 0.144 0.338983
0 0.28575 0.388644 0.1445 0.0383051
0 0.58325 0.330339 0.1485 0.169831
0 0.73425 0.642542 0.1465 0.194915
0 0.58475 0.56017 0.1475 0.392203
0 0.37725 0.572712 0.2635 0.290508
0 0.88325 0.354407 0.1465 0.0383051
0 0.35675 0.261525 0.2525 0.289153
0 0.88075 0.391017 0.1445 0.0328814
0 0.72975 0.866271 0.1225 0.00847458
0 0.58525 0.410339 0.1485 0.574576
0 0.58275 0.181525 0.1445 0.134576
0 0.728 0.868475 0.117 0.00813559
0 0.8815 0.08 0.129 0.0359322
0 0.279 0.948305 0.119 0.00847458
0 0.58625 0.550508 0.1465 0.227119
0 0.1355 0.468983 0.152 0.828136
0 0.42675 0.944237 0.1195 0.0118644
0 0.582 0.268644 0.146 0.308136
0 0.7335 0.420678 0.148 0.64678
0 0.58675 0.734068 0.1465 0.134576
0 0.7335 0.917288 0.435 0.0488136
0 0.88275 0.860169 0.1445 0.02
0 0.4355 0.434237 0.143 0.0345763
0 0.88175 0.833898 0.1465 0.019661
0 0.881 0.38322 0.147 0.0959322
0 0.4365 0.888983 0.149 0.020678
0 0.88225 0.802034 0.1455 0.0264407
0 0.437 0.916949 0.146 0.0250847
0 0.8825 0.193051 0.133 0.25661
0 0.28725 0.260678 0.1465 0.294237
0 0.36275 0.0781356 0.2975 0.0518644
0 0.43525 0.262542 0.1455 0.291186
0 0.884 0.591186 0.147 0.0874576
0 0.66325 0.0776271 0.2875 0.0522034
0 0.88225 0.687119 0.1475 0.0874576
0 0.88225 0.491525 0.1465 0.0955932
0 0.43725 0.594746 0.1465 0.276949
0 0.1375 0.929492 0.145 0.04
0 0.8825 0.760847 0.147 0.0477966
0 0.735 0.805254 0.145 0.108814
0 0.28725 0.540339 0.1475 0.248814
0 0.58525 0.843898 0.1455 0.0613559
0 0.28775 0.877119 0.1475 0.119661
0 0.288 0.739153 0.147 0.135932
0 0.43725 0.806949 0.1455 0.129153
