0 0.561115 0.406514 0.604718 0.30848
0 0.71563 0.769168 0.508697 0.389539
0 0.881939 0.870776 0.113653 0.108025
0 0.749821 0.611436 0.100071 0.0464587
0 0.350608 0.397336 0.191804 0.279077
0 0.122349 0.578704 0.180367 0.0102339
0 0.578985 0.860136 0.171075 0.19948
0 0.129736 0.61103 0.16893 0.0410981
0 0.357875 0.842836 0.194425 0.215562
0 0.816536 0.157814 0.219204 0.169428
0 0.778056 0.861192 0.138909 0.104451
0 0.306886 0.142869 0.10579 0.137589
0 0.178103 0.392706 0.108887 0.199968
0 0.773767 0.262102 0.242316 0.0125081
0 0.670121 0.429175 0.096974 0.0211176
0 0.670241 0.519737 0.0943531 0.0206303
0 0.41208 0.96142 0.0707648 0.0138077
0 0.123541 0.603395 0.121754 0.0216049
0 0.872647 0.700292 0.140815 0.209877
0 0.670717 0.530783 0.0948296 0.0440221
0 0.530498 0.592187 0.0707648 0.0167316
0 0.78568 0.967918 0.0974506 0.00666017
0 0.179652 0.351527 0.100548 0.123457
0 0.519061 0.374919 0.125089 0.025666
0 0.854062 0.887021 0.183703 0.149285
0 0.581249 0.912524 0.162735 0.0203054
0 0.251132 0.7686 0.441744 0.395224
0 0.128306 0.789311 0.169883 0.00909682
0 0.508339 0.544672 0.0750536 0.0110461
0 0.66893 0.465724 0.0955444 0.0214425
0 0.671075 0.375487 0.096021 0.0436972
0 0.592209 0.167235 0.255182 0.153184
0 0.0536097 0.84706 0.0443174 0.0865822
0 0.123064 0.210201 0.185132 0.210526
0 0.358828 0.808561 0.180129 0.0436972
0 0.533715 0.759178 0.0829164 0.114847
0 0.126162 0.439896 0.190851 0.22742
0 0.360376 0.847466 0.178461 0.022742
0 0.592328 0.0776478 0.142959 0.0321637
0 0.588873 0.169916 0.556826 0.171865
0 0.135573 0.767706 0.216822 0.397661
0 0.598165 0.146686 0.203717 0.103639
0 0.762092 0.664392 0.118418 0.0461339
0 0.577555 0.854938 0.165833 0.0415854
0 0.193233 0.702891 0.0571837 0.124431
0 0.120443 0.603151 0.0659995 0.017219
0 0.629497 0.759665 0.0776745 0.116147
0 0.126757 0.310023 0.200619 0.47872
0 0.76102 0.844704 0.107696 0.0659519
0 0.186085 0.107537 0.0891113 0.0558804
0 0.339409 0.911712 0.160829 0.0921053
0 0.174529 0.512264 0.088873 0.0394737
0 0.358351 0.77989 0.203955 0.370695
0 0.577555 0.633853 0.169645 0.103314
0 0.125208 0.710445 0.197522 0.168454
0 0.541577 0.480669 0.0810102 0.0503574
0 0.150107 0.872238 0.160591 0.134016
0 0.0897069 0.442414 0.116035 0.212313
0 0.420777 0.404971 0.335478 0.282326
0 0.58101 0.75601 0.189898 0.118908
0 0.0973314 0.703054 0.128425 0.137102
0 0.581725 0.760802 0.190374 0.405296
0 0.359423 0.657082 0.201811 0.163743
0 0.784965 0.415448 0.307124 0.271118
0 0.834882 0.775341 0.216345 0.381092
