0 0.0611017 0.902992 0.0757704 0.0496016
0 0.0623681 0.377053 0.102364 0.0167507
0 0.0579358 0.875427 0.049599 0.00650512
0 0.159139 0.852252 0.114394 0.0460237
0 0.4332 0.919743 0.0487547 0.0278094
0 0.846771 0.5322 0.102575 0.72646
0 0.177501 0.966824 0.0472773 0.00552935
0 0.125791 0.780208 0.195441 0.00861929
0 0.349831 0.918442 0.213381 0.0333388
0 0.623892 0.215564 0.0489658 0.0284599
0 0.0341916 0.398845 0.0447446 0.0147992
0 0.346982 0.758579 0.207683 0.0320377
0 0.0688054 0.531631 0.0915998 0.0081314
0 0.338751 0.149537 0.0612073 0.0180517
0 0.397742 0.839649 0.105319 0.0445601
0 0.161461 0.804928 0.113972 0.033664
0 0.0579358 0.82737 0.0804137 0.0837535
0 0.293584 0.850545 0.0443225 0.054643
0 0.0533981 0.111644 0.0785141 0.00959506
0 0.402068 0.640836 0.104263 0.0157749
0 0.0666948 0.470483 0.0966653 0.100504
0 0.122731 0.861685 0.201562 0.157587
0 0.122098 0.740039 0.218024 0.0661896
0 0.570177 0.224264 0.213381 0.078712
0 0.340439 0.300537 0.214436 0.0175638
0 0.0631068 0.361847 0.103419 0.0523662
0 0.343499 0.214994 0.208738 0.144739
0 0.105741 0.311351 0.184466 0.0388681
0 0.34371 0.428688 0.21718 0.0295983
0 0.351414 0.837128 0.214859 0.198894
0 0.569861 0.317531 0.203461 0.0902586
0 0.337906 0.328671 0.208105 0.0286225
0 0.568278 0.144251 0.207049 0.0735079
0 0.400485 0.379249 0.106163 0.0614734
0 0.348248 0.697512 0.204728 0.0764352
0 0.570283 0.447227 0.179823 0.144739
0 0.175285 0.361116 0.108696 0.0505773
0 0.401752 0.547325 0.108696 0.202472
0 0.571866 0.814685 0.202828 0.242478
0 0.120832 0.206863 0.215492 0.163929
0 0.28894 0.54952 0.106374 0.208814
0 0.286302 0.379655 0.102786 0.060335
0 0.17634 0.47341 0.107429 0.130753
0 0.574926 0.607578 0.202195 0.153846
0 0.122731 0.621565 0.198185 0.160677
