0 0.873585 0.869557 0.145622 0.0987611
0 0.737344 0.271239 0.444908 0.0571681
0 0.745533 0.563009 0.458309 0.36177
0 0.920935 0.342124 0.0896367 0.020177
0 0.728261 0.486106 0.0640262 0.00831858
0 0.510721 0.0385841 0.15545 0.0116814
0 0.90277 0.494425 0.0640262 0.0267257
0 0.1352 0.53115 0.169148 0.0509735
0 0.570578 0.950973 0.0988684 0.019823
0 0.865545 0.948496 0.198035 0.0261947
0 0.273973 0.935221 0.446694 0.0378761
0 0.38654 0.656195 0.213818 0.135752
0 0.587105 0.366106 0.127159 0.0975221
0 0.7567 0.451416 0.469327 0.428496
0 0.791691 0.440619 0.217094 0.349204
0 0.914086 0.539115 0.0920191 0.0739823
0 0.65411 0.856637 0.261763 0.15823
0 0.686569 0.951947 0.106909 0.019292
0 0.919893 0.328761 0.0863609 0.0447788
0 0.886689 0.877345 0.118821 0.0584071
0 0.554348 0.279558 0.0741513 0.040531
0 0.651429 0.60646 0.279035 0.664602
0 0.103633 0.353097 0.103633 0.00707965
0 0.266974 0.537876 0.426742 0.0658407
0 0.888178 0.892566 0.114652 0.0322124
0 0.372394 0.938496 0.260572 0.0345133
0 0.348422 0.419823 0.285884 0.140531
0 0.746724 0.615664 0.473794 0.759823
0 0.136986 0.937345 0.122692 0.0307965
0 0.634902 0.95115 0.222156 0.020177
0 0.819238 0.950354 0.110185 0.0214159
0 0.430762 0.467522 0.14324 0.0500885
0 0.770995 0.523274 0.395474 0.233451
0 0.743746 0.640531 0.124181 0.0378761
0 0.790947 0.404779 0.213222 0.140177
0 0.590828 0.331416 0.12031 0.0384071
0 0.360334 0.547699 0.184634 0.0168142
0 0.588297 0.385398 0.12835 0.0529204
0 0.914384 0.548053 0.0944014 0.0419469
0 0.162299 0.244956 0.192376 0.0134513
0 0.438356 0.235398 0.0845741 0.00495575
0 0.26489 0.57115 0.403514 0.0169911
0 0.385795 0.617965 0.211733 0.0578761
0 0.592019 0.596991 0.156045 0.341239
0 0.761465 0.401858 0.151281 0.107788
0 0.512359 0.0412389 0.161703 0.00955752
0 0.921382 0.408761 0.0917213 0.0982301
0 0.785736 0.541062 0.256998 0.156814
0 0.7433 0.714071 0.120905 0.127611
0 0.387284 0.68354 0.211733 0.0768142
0 0.894133 0.698319 0.150387 0.152389
0 0.735408 0.860265 0.442228 0.165487
0 0.235855 0.261239 0.371054 0.0492035
0 0.274717 0.728938 0.453544 0.439823
0 0.741811 0.0706195 0.464562 0.0385841
0 0.274866 0.325221 0.452055 0.0376991
0 0.43106 0.420973 0.145027 0.145664
0 0.276057 0.420796 0.14592 0.143186
0 0.12165 0.422035 0.146814 0.139292
0 0.27561 0.143451 0.429124 0.176106
0 0.587552 0.157965 0.142347 0.129027
0 0.897558 0.15354 0.150685 0.131858
0 0.738386 0.157168 0.148005 0.131681
