0 0.66225 0.76065 0.1185 0.115471
0 0.52375 0.507474 0.1035 0.0358744
0 0.66375 0.641069 0.1215 0.0414798
0 0.5125 0.653961 0.073 0.00896861
0 0.53325 0.589499 0.1165 0.0183109
0 0.78975 0.761398 0.1265 0.165546
0 0.7895 0.910874 0.122 0.0377429
0 0.15125 0.195441 0.1155 0.019432
0 0.56725 0.679933 0.0615 0.0332586
0 0.53225 0.534753 0.1235 0.0672646
0 0.533 0.504111 0.125 0.0538117
0 0.9115 0.89574 0.109 0.117339
0 0.53325 0.922085 0.1255 0.0407324
0 0.52875 0.441517 0.1225 0.0198057
0 0.7895 0.596039 0.116 0.0702541
0 0.14925 0.137332 0.0475 0.00411061
0 0.88575 0.786809 0.0515 0.0870703
0 0.15075 0.189836 0.1165 0.109865
0 0.52875 0.230194 0.1225 0.129297
0 0.15225 0.0848281 0.1115 0.0112108
0 0.503 0.505979 0.061 0.0403587
0 0.66275 0.864537 0.1195 0.0870703
0 0.78775 0.71562 0.1235 0.0508221
0 0.5345 0.849963 0.128 0.0937967
0 0.53575 0.698057 0.1255 0.0994021
0 0.788 0.542788 0.08 0.00784753
0 0.66075 0.832212 0.1065 0.0156951
0 0.663 0.825486 0.112 0.0119581
0 0.66225 0.692451 0.1215 0.30867
0 0.66225 0.791106 0.1195 0.0500747
0 0.151 0.095852 0.117 0.0661435
0 0.66225 0.666667 0.1215 0.0433483
0 0.78825 0.702541 0.1225 0.323617
0 0.15275 0.138266 0.0755 0.00896861
0 0.53275 0.571001 0.1165 0.0127055
0 0.94025 0.796338 0.0615 0.073991
0 0.66275 0.606689 0.1225 0.0153214
0 0.53425 0.652279 0.1125 0.0100897
0 0.15 0.0893124 0.114 0.00672646
0 0.6635 0.544843 0.094 0.00896861
0 0.1505 0.0773543 0.112 0.00896861
0 0.91575 0.65994 0.1165 0.221973
0 0.53375 0.501868 0.1215 0.107623
0 0.912 0.874439 0.109 0.0612855
0 0.66175 0.563341 0.1245 0.0168161
0 0.532 0.456652 0.124 0.04858
0 0.78975 0.545217 0.0815 0.00896861
0 0.5335 0.545404 0.124 0.0332586
0 0.663 0.544656 0.054 0.00859492
0 0.6625 0.586323 0.122 0.0224215
0 0.152 0.0629671 0.114 0.0108371
0 0.66225 0.82941 0.1015 0.0093423
0 0.15225 0.201233 0.1165 0.0198057
0 0.663 0.630232 0.122 0.0213004
0 0.78825 0.561285 0.1005 0.0373692
0 0.1525 0.13864 0.053 0.00523169
0 0.15275 0.191143 0.1165 0.0108371
0 0.5295 0.175448 0.121 0.0108371
0 0.15075 0.230007 0.1145 0.0325112
0 0.529 0.210762 0.12 0.0231689
0 0.53075 0.790732 0.1165 0.00971599
0 0.15175 0.234305 0.1115 0.0149477
0 0.91525 0.78793 0.1145 0.0878176
0 0.53325 0.914611 0.1255 0.0795964
0 0.53525 0.677504 0.1205 0.0440957
0 0.533 0.533819 0.126 0.19843
0 0.66325 0.840807 0.1195 0.0298954
0 0.52925 0.298954 0.1225 0.00971599
0 0.78975 0.680306 0.1215 0.0153214
0 0.66175 0.595852 0.1225 0.113976
0 0.9155 0.724215 0.115 0.0358744
0 0.40475 0.912369 0.1235 0.0467115
0 0.79 0.703662 0.114 0.0231689
0 0.52725 0.197496 0.1215 0.0586697
0 0.917 0.560351 0.121 0.0384903
0 0.53525 0.740097 0.1285 0.078849
0 0.79 0.626308 0.114 0.0239163
0 0.1525 0.205904 0.115 0.0127055
0 0.78975 0.655643 0.1215 0.0302691
0 0.40125 0.210202 0.1205 0.0205531
0 0.1515 0.070441 0.117 0.0265321
0 0.53375 0.824925 0.1285 0.0855755
0 0.94475 0.810164 0.0465 0.0455904
0 0.15175 0.221973 0.1165 0.0127055
0 0.15225 0.238789 0.1115 0.0149477
0 0.79075 0.730194 0.1225 0.0269058
0 0.66325 0.847907 0.1205 0.0171898
0 0.7895 0.596973 0.117 0.0287743
0 0.66325 0.653587 0.1225 0.0171898
0 0.88575 0.766256 0.0515 0.0422272
0 0.78775 0.758782 0.1145 0.0250374
0 0.53375 0.611921 0.1255 0.0676383
0 0.66325 0.67713 0.1215 0.0261584
0 0.74825 0.872384 0.0335 0.0444694
0 0.7895 0.827915 0.115 0.0302691
0 0.5025 0.680867 0.058 0.0403587
0 0.1525 0.160501 0.116 0.0429746
0 0.6625 0.782138 0.111 0.0254111
0 0.91 0.900037 0.1 0.0362481
0 0.53075 0.386958 0.1225 0.0108371
0 0.663 0.80867 0.119 0.019432
0 0.9135 0.859305 0.111 0.0422272
0 0.52875 0.264761 0.1215 0.0504484
0 0.27575 0.69077 0.1255 0.519058
0 0.79025 0.947496 0.1215 0.0235426
0 0.664 0.753363 0.12 0.0239163
0 0.79025 0.792414 0.1235 0.0369955
0 0.53475 0.871076 0.1285 0.172646
0 0.404 0.94787 0.125 0.014574
0 0.4035 0.177504 0.122 0.0859492
0 0.789 0.889761 0.125 0.0866966
0 0.916 0.643311 0.114 0.120703
0 0.404 0.553999 0.126 0.0183109
0 0.66275 0.936099 0.1215 0.0418535
0 0.1485 0.43423 0.124 0.372197
0 0.9125 0.939649 0.1 0.0384903
0 0.531 0.411248 0.124 0.0280269
0 0.5305 0.34006 0.125 0.0672646
0 0.152 0.114163 0.117 0.0325112
0 0.6635 0.883221 0.12 0.0422272
0 0.27625 0.236547 0.1255 0.35725
0 0.78225 0.206839 0.3595 0.258969
0 0.66425 0.715807 0.1225 0.0414798
0 0.78675 0.443759 0.3575 0.143871
0 0.40375 0.924514 0.1235 0.0246637
0 0.40425 0.897608 0.1235 0.0246637
0 0.40425 0.864723 0.1245 0.0336323
0 0.5305 0.109679 0.125 0.10426
0 0.40425 0.827541 0.1255 0.034006
0 0.4045 0.521114 0.125 0.0362481
0 0.40475 0.475897 0.1245 0.0414798
0 0.15 0.856876 0.124 0.19133
0 0.40275 0.0917414 0.1235 0.0721226
0 0.40475 0.782324 0.1265 0.0489537
0 0.404 0.332773 0.121 0.0474589
0 0.40425 0.380979 0.1215 0.0414798
0 0.40225 0.267003 0.1205 0.0721226
0 0.40625 0.703662 0.1265 0.0964126
0 0.4045 0.609118 0.126 0.077728
0 0.14825 0.689462 0.1255 0.12855
0 0.40475 0.428999 0.1235 0.0418535
