0 0.494441 0.566926 0.454141 0.0240793
0 0.840189 0.791431 0.217343 0.0304533
0 0.503891 0.361721 0.103947 0.00814448
0 0.0883824 0.522663 0.0700389 0.0177054
0 0.0894942 0.515581 0.0589216 0.00566572
0 0.124514 0.546565 0.14786 0.0208924
0 0.637021 0.935021 0.158977 0.0244334
0 0.667871 0.881374 0.10617 0.0977337
0 0.0836576 0.663067 0.0628127 0.00531161
0 0.64925 0.808782 0.14119 0.0368272
0 0.847971 0.101806 0.209561 0.0463881
0 0.157588 0.845078 0.208449 0.0109773
0 0.157588 0.410588 0.212896 0.042847
0 0.31323 0.088881 0.0539188 0.0155807
0 0.161201 0.25779 0.214564 0.0432011
0 0.0947749 0.211756 0.069483 0.00637394
0 0.478321 0.882082 0.108394 0.126062
0 0.155364 0.558959 0.212896 0.042847
0 0.094219 0.220255 0.0772652 0.01983
0 0.153974 0.095432 0.190106 0.0300991
0 0.613118 0.304178 0.176765 0.0092068
0 0.313785 0.362606 0.0639244 0.0155807
0 0.317399 0.57454 0.0800445 0.0145184
0 0.498054 0.808959 0.148972 0.0435552
0 0.570039 0.871105 0.30517 0.162181
0 0.620067 0.32755 0.224013 0.026204
0 0.569205 0.873407 0.0733741 0.0846317
0 0.164814 0.15563 0.222902 0.148371
0 0.496943 0.772132 0.460256 0.0223088
0 0.158143 0.605878 0.220678 0.140935
0 0.0953307 0.170857 0.0794886 0.0782578
0 0.162034 0.309313 0.225125 0.148371
0 0.0939411 0.323123 0.0811562 0.0825071
0 0.0892162 0.620397 0.0772652 0.0779037
0 0.162034 0.460694 0.222902 0.143059
0 0.0917176 0.472911 0.077821 0.078966
0 0.159533 0.895538 0.222346 0.111898
0 0.348249 0.669263 0.148416 0.163598
0 0.388549 0.45432 0.223457 0.172805
0 0.847693 0.224858 0.225681 0.293201
0 0.39244 0.217068 0.221234 0.251416
0 0.837132 0.866147 0.221234 0.186969
0 0.157865 0.751771 0.219011 0.133853
0 0.619789 0.188916 0.222346 0.206445
0 0.652585 0.668909 0.146748 0.160057
0 0.845748 0.484065 0.227349 0.20255
0 0.84408 0.679533 0.224013 0.177054
0 0.347693 0.869334 0.142857 0.159348
0 0.615342 0.457153 0.217899 0.167139
0 0.500834 0.669086 0.145636 0.161827
