0 0.50769 0.838282 0.0891297 0.0278823
0 0.622073 0.525721 0.101538 0.0869929
0 0.616131 0.498327 0.0784691 0.0296947
0 0.772981 0.457131 0.031108 0.0239788
0 0.725183 0.194967 0.0823139 0.0957758
0 0.409909 0.617942 0.0966445 0.0478182
0 0.952901 0.249059 0.0756728 0.0269065
0 0.745369 0.704656 0.0810905 0.062317
0 0.942415 0.593057 0.0865082 0.026767
0 0.222562 0.724313 0.199755 0.048097
0 0.623034 0.467726 0.102761 0.0513035
0 0.734883 0.377318 0.109053 0.213997
0 0.676686 0.658929 0.202377 0.185278
0 0.67957 0.246131 0.10713 0.0310888
0 0.941017 0.670779 0.0879063 0.103862
0 0.699843 0.463404 0.0438658 0.0624564
0 0.521583 0.653632 0.0973436 0.0313676
0 0.517476 0.318625 0.109752 0.0924299
0 0.848829 0.0523491 0.113946 0.0168688
0 0.625655 0.309215 0.105557 0.0797435
0 0.549983 0.577652 0.0387976 0.0263488
0 0.84813 0.762024 0.0919259 0.0437753
0 0.2223 0.80817 0.185599 0.0719364
0 0.956658 0.179353 0.0772457 0.0706817
0 0.660958 0.193991 0.141209 0.0793252
0 0.508389 0.513802 0.080741 0.0483759
0 0.0343411 0.277011 0.0686823 0.532274
0 0.166812 0.5971 0.0931493 0.0287188
0 0.683065 0.604768 0.477281 0.672522
0 0.761622 0.606162 0.0520797 0.0303917
0 0.408511 0.736233 0.102587 0.00892235
0 0.730426 0.491566 0.106431 0.120452
0 0.760224 0.593266 0.0531283 0.062317
0 0.732436 0.292555 0.103111 0.0467029
0 0.846382 0.587899 0.0957707 0.0908964
0 0.663142 0.879897 0.569556 0.0854594
0 0.842013 0.437404 0.104159 0.0405688
0 0.40755 0.666667 0.104858 0.126307
0 0.840965 0.36491 0.102062 0.095497
0 0.405103 0.776941 0.0968193 0.0861564
0 0.679483 0.882824 0.0936735 0.0715182
0 0.943289 0.492751 0.0872073 0.0729123
0 0.537225 0.240276 0.0279623 0.0383382
0 0.671444 0.871602 0.231038 0.0922905
0 0.843062 0.500418 0.110101 0.465774
0 0.763369 0.577652 0.0534778 0.0271853
0 0.733485 0.645894 0.110451 0.174822
0 0.706396 0.5971 0.056274 0.0602258
0 0.516428 0.549979 0.104159 0.0211906
0 0.915851 0.593964 0.040021 0.0294159
0 0.516428 0.60895 0.108004 0.108183
0 0.843324 0.870487 0.103286 0.0975882
0 0.736543 0.507459 0.12251 0.354663
0 0.842538 0.686184 0.10381 0.103443
0 0.9169 0.297574 0.0431667 0.0232818
0 0.941541 0.732399 0.0872073 0.0154747
0 0.623558 0.505507 0.104509 0.149171
0 0.754107 0.903597 0.0706047 0.0316465
0 0.624694 0.347205 0.105732 0.156002
0 0.406938 0.554928 0.103635 0.0793252
0 0.736805 0.404433 0.104509 0.0320647
0 0.70561 0.832567 0.483572 0.184302
0 0.223611 0.902133 0.196959 0.0733305
0 0.295177 0.377945 0.0744495 0.0621776
0 0.683852 0.884985 0.34044 0.0738882
0 0.942765 0.536526 0.0791681 0.0160323
0 0.623383 0.425136 0.105557 0.315767
0 0.681318 0.882685 0.170395 0.07347
0 0.842625 0.36247 0.104684 0.184023
0 0.659997 0.609578 0.0316323 0.0324829
0 0.625393 0.658372 0.108878 0.133975
0 0.22999 0.176356 0.191192 0.167294
0 0.605295 0.888471 0.0697309 0.0563223
0 0.843149 0.506274 0.105383 0.0843441
0 0.731825 0.360588 0.106431 0.11613
0 0.515729 0.661578 0.108354 0.21316
0 0.843062 0.600516 0.106956 0.270877
0 0.425638 0.616548 0.0644879 0.0400112
0 0.407026 0.86965 0.104509 0.0945211
0 0.409472 0.752753 0.106257 0.0394535
0 0.942765 0.774292 0.0868577 0.0970305
0 0.514068 0.886658 0.105383 0.0596682
0 0.942328 0.405758 0.0954212 0.23937
0 0.408686 0.827269 0.106082 0.184581
0 0.732611 0.125819 0.104509 0.0104559
0 0.51634 0.402203 0.109228 0.26293
0 0.739339 0.192388 0.0613422 0.0454482
0 0.941804 0.633208 0.0915764 0.182072
0 0.221776 0.812422 0.197833 0.128956
0 0.163929 0.566081 0.0845858 0.0313676
0 0.941192 0.872508 0.089654 0.0991217
0 0.277525 0.513732 0.0985669 0.319253
0 0.95395 0.174055 0.0819644 0.169943
0 0.280496 0.385194 0.110451 0.0786282
0 0.950629 0.062805 0.089654 0.0383382
0 0.220377 0.815767 0.206921 0.236303
0 0.84979 0.19894 0.108878 0.129374
0 0.681842 0.200753 0.183677 0.121288
0 0.165851 0.55925 0.0943726 0.249686
0 0.218892 0.0655235 0.229116 0.031507
0 0.407375 0.619058 0.107655 0.210093
0 0.452814 0.22264 0.210765 0.0763976
0 0.407288 0.387913 0.107829 0.234072
0 0.734533 0.0811376 0.1108 0.0705423
0 0.848916 0.086017 0.113072 0.0822529
0 0.514243 0.14931 0.109927 0.0499094
0 0.27936 0.302454 0.11517 0.081277
0 0.164016 0.34595 0.113072 0.166318
0 0.278312 0.17531 0.117267 0.166318
0 0.513282 0.0855291 0.110101 0.07347
0 0.623558 0.0897114 0.108703 0.0846229
0 0.398113 0.111181 0.11849 0.126168
0 0.16122 0.176077 0.116218 0.167852
