0 0.778382 0.414045 0.0685904 0.0353552
0 0.450095 0.320629 0.0487228 0.0197859
0 0.888363 0.315602 0.0652791 0.0733052
0 0.769631 0.592442 0.0728477 0.024327
0 0.519868 0.322575 0.119205 0.0470321
0 0.342006 0.690885 0.0558184 0.0467078
0 0.751419 0.944535 0.111164 0.0155693
0 0.429518 0.908531 0.0879849 0.0538437
0 0.586329 0.0789815 0.684484 0.0385988
0 0.43141 0.593253 0.0633869 0.0356795
0 0.427862 0.412585 0.0808893 0.0382744
0 0.382214 0.324522 0.206244 0.0476808
0 0.340823 0.417613 0.0562914 0.0347065
0 0.738647 0.809277 0.125355 0.062277
0 0.522469 0.672721 0.0591296 0.0311385
0 0.428571 0.927992 0.0889309 0.020759
0 0.604541 0.592442 0.282876 0.0282193
0 0.595317 0.484431 0.434721 0.165748
0 0.341533 0.558385 0.076632 0.316899
0 0.774834 0.188615 0.148534 0.0100551
0 0.58018 0.91145 0.204825 0.066818
0 0.849574 0.929776 0.0501419 0.0340577
0 0.342715 0.331333 0.125355 0.0483296
0 0.690161 0.229646 0.171239 0.0674668
0 0.746689 0.866364 0.0960265 0.0227052
0 0.642148 0.232241 0.0733207 0.0687642
0 0.598155 0.529517 0.0969726 0.0457347
0 0.310076 0.335225 0.0506149 0.0463834
0 0.609035 0.638664 0.0534532 0.0583847
0 0.769395 0.815602 0.0572375 0.0262731
0 0.429281 0.897502 0.0846736 0.0285436
0 0.434957 0.756082 0.06386 0.0557898
0 0.749527 0.916153 0.11211 0.0366526
0 0.726585 0.530814 0.0955535 0.0476808
0 0.392857 0.0606552 0.27578 0.0129744
0 0.476348 0.530976 0.0860927 0.0518975
0 0.641675 0.187966 0.0742668 0.0145962
0 0.511589 0.756406 0.0676443 0.0544924
0 0.344134 0.836685 0.0648061 0.218943
0 0.612819 0.772948 0.486755 0.358093
0 0.895695 0.336685 0.0534532 0.0869283
0 0.490066 0.756893 0.038789 0.0522219
0 0.529328 0.757217 0.0397351 0.0535193
0 0.891675 0.233539 0.0605487 0.0434642
0 0.741958 0.724132 0.0969726 0.028868
0 0.706481 0.811547 0.0733207 0.0661693
0 0.47824 0.670126 0.157048 0.099254
0 0.598155 0.842199 0.115894 0.0626014
0 0.0946074 0.868634 0.0936613 0.1265
0 0.147824 0.0637366 0.105487 0.0437885
0 0.735572 0.675316 0.108798 0.0538437
0 0.0915326 0.867661 0.0789972 0.0797924
0 0.596263 0.087577 0.624882 0.0259488
0 0.577105 0.670775 0.506149 0.569575
0 0.4307 0.316899 0.304163 0.144664
0 0.145695 0.129095 0.196783 0.0720078
0 0.147824 0.3289 0.211447 0.078495
0 0.150426 0.529355 0.223273 0.102498
0 0.151372 0.423451 0.213813 0.105417
0 0.150189 0.227862 0.202933 0.120337
0 0.152791 0.634609 0.227058 0.103471
0 0.157048 0.733863 0.222327 0.0937399
0 0.763009 0.285598 0.323557 0.204022
0 0.850993 0.139312 0.161779 0.0697373
0 0.15421 0.872689 0.218543 0.162504
0 0.683538 0.139799 0.160833 0.0713591
0 0.338458 0.170451 0.168874 0.129419
0 0.515137 0.170289 0.170293 0.134285
