0 0.759762 0.255169 0.102999 0.048531
0 0.287068 0.343526 0.15931 0.0237214
0 0.794426 0.365071 0.0863045 0.00674646
0 0.754245 0.706855 0.355122 0.121001
0 0.572156 0.381284 0.0764007 0.00696409
0 0.707272 0.0548422 0.100453 0.00826986
0 0.223967 0.137976 0.102716 0.0461371
0 0.46562 0.941023 0.107244 0.0256801
0 0.137238 0.830468 0.143181 0.0256801
0 0.757074 0.906855 0.445105 0.0883569
0 0.661856 0.659412 0.0888512 0.0195865
0 0.570034 0.420675 0.0710243 0.0587595
0 0.228919 0.600218 0.284663 0.134494
0 0.854273 0.554625 0.255235 0.0711643
0 0.759196 0.926659 0.392756 0.0309032
0 0.22142 0.30272 0.291737 0.0422198
0 0.957131 0.339064 0.033107 0.0317737
0 0.76245 0.348313 0.159875 0.0145811
0 0.764007 0.208705 0.142049 0.0335147
0 0.143181 0.880087 0.158461 0.035691
0 0.588285 0.815016 0.114318 0.0887922
0 0.215195 0.706202 0.293435 0.056148
0 0.662139 0.499238 0.114884 0.189336
0 0.830928 0.102938 0.313809 0.0248096
0 0.0960668 0.0410229 0.0483871 0.00848749
0 0.769808 0.490316 0.45133 0.1963
0 0.763724 0.308052 0.161856 0.0515778
0 0.569468 0.552339 0.0664969 0.197171
0 0.681239 0.716431 0.073854 0.0866159
0 0.781551 0.716322 0.0633843 0.0903156
0 0.765846 0.820239 0.415676 0.0909684
0 0.935908 0.824265 0.106112 0.0794342
0 0.171619 0.647225 0.170062 0.0483134
0 0.964205 0.416431 0.0642332 0.048531
0 0.724958 0.620892 0.20996 0.0517954
0 0.916384 0.684331 0.136672 0.173014
0 0.589276 0.236235 0.0925297 0.00631121
0 0.105829 0.0560392 0.0503679 0.0176279
0 0.820741 0.885745 0.107244 0.0378672
0 0.932654 0.885419 0.107527 0.0398259
0 0.220006 0.850163 0.326259 0.20914
0 0.591822 0.882263 0.114035 0.039173
0 0.461658 0.830468 0.103848 0.0548422
0 0.705999 0.887378 0.0979061 0.0406964
0 0.217459 0.435909 0.226089 0.169314
0 0.568336 0.709684 0.0614035 0.0896627
0 0.228353 0.612949 0.307866 0.663547
0 0.919779 0.246681 0.119694 0.229597
0 0.284946 0.102067 0.198642 0.018716
0 0.764997 0.672797 0.470006 0.536453
0 0.280985 0.0698585 0.209394 0.0352557
0 0.465337 0.881937 0.10781 0.153863
0 0.333333 0.853319 0.0973401 0.076605
0 0.945671 0.0628944 0.106961 0.0235038
0 0.70515 0.0627856 0.111488 0.0245919
0 0.829372 0.0622416 0.118846 0.022198
0 0.590549 0.063765 0.0922467 0.018716
0 0.820317 0.228727 0.311828 0.278128
0 0.102009 0.254733 0.115733 0.0254625
0 0.105971 0.110011 0.104414 0.119478
0 0.339983 0.134276 0.110074 0.0343852
0 0.102575 0.208052 0.117431 0.0609358
0 0.46562 0.201741 0.130447 0.309467
0 0.464063 0.64679 0.121109 0.14407
0 0.342388 0.250054 0.11828 0.0369967
0 0.589276 0.308814 0.112903 0.122742
0 0.340973 0.191186 0.117714 0.0724701
0 0.464346 0.760501 0.118846 0.068988
0 0.589276 0.155822 0.10781 0.151034
0 0.46562 0.466268 0.122524 0.213058
0 0.222835 0.192383 0.106112 0.151904
