0 0.260819 0.705653 0.442105 0.0131136
0 0.113889 0.513114 0.134211 0.0295942
0 0.208333 0.731437 0.0809942 0.0178983
0 0.44386 0.615187 0.0707602 0.0178983
0 0.725585 0.744196 0.369883 0.0249867
0 0.147807 0.866738 0.193275 0.00779727
0 0.444006 0.636807 0.0722222 0.0189615
0 0.446784 0.583378 0.074269 0.0407585
0 0.444737 0.658515 0.0707602 0.015949
0 0.86886 0.729133 0.0763158 0.00620237
0 0.369006 0.850877 0.21345 0.0388091
0 0.134064 0.620237 0.0874269 0.0265816
0 0.100731 0.361333 0.152339 0.0886054
0 0.071345 0.608099 0.054386 0.0558214
0 0.316228 0.941786 0.0961988 0.023569
0 0.369152 0.893053 0.216082 0.12387
0 0.369298 0.897129 0.21345 0.0349105
0 0.247807 0.678097 0.133626 0.0342017
0 0.0685673 0.572834 0.0570175 0.019316
0 0.149269 0.766968 0.218421 0.0535176
0 0.369298 0.746057 0.207602 0.0609605
0 0.262865 0.513291 0.377193 0.0292398
0 0.722222 0.777512 0.407018 0.0909091
0 0.14883 0.729488 0.220468 0.0267588
0 0.369152 0.805511 0.214327 0.0508595
0 0.619006 0.26555 0.0567251 0.00513911
0 0.711842 0.934609 0.371053 0.0396952
0 0.445614 0.683856 0.0748538 0.0198476
0 0.73538 0.926458 0.118129 0.0184299
0 0.369298 0.937533 0.207602 0.0377459
0 0.265058 0.544923 0.430702 0.0255183
0 0.145029 0.824916 0.215789 0.0609605
0 0.444444 0.627858 0.0754386 0.129009
0 0.73538 0.90218 0.39883 0.0198476
0 0.593421 0.933369 0.130117 0.0343789
0 0.106579 0.667907 0.134795 0.0531632
0 0.414035 0.27317 0.449123 0.0139996
0 0.104825 0.598352 0.131871 0.0724792
0 0.830848 0.785398 0.186842 0.0552897
0 0.262134 0.601985 0.439474 0.179692
0 0.147515 0.88694 0.215497 0.0474925
0 0.263743 0.453748 0.446199 0.0742513
0 0.623977 0.79222 0.183041 0.0696438
0 0.879532 0.111111 0.0508772 0.00637959
0 0.365205 0.627592 0.0795322 0.129541
0 0.877632 0.92947 0.113158 0.0357966
0 0.247368 0.6112 0.142105 0.0988836
0 0.144444 0.935761 0.220468 0.0427078
0 0.255409 0.830675 0.438889 0.258905
0 0.495906 0.0604289 0.0859649 0.0131136
0 0.449708 0.513645 0.0637427 0.0366826
0 0.733772 0.702286 0.40731 0.0520999
0 0.816667 0.59782 0.218713 0.146908
0 0.073538 0.437267 0.0827485 0.0458976
0 0.438304 0.457381 0.0777778 0.0577707
0 0.72807 0.85132 0.361988 0.063087
0 0.730117 0.734627 0.422222 0.441077
0 0.613889 0.594808 0.157602 0.145136
0 0.804825 0.0911749 0.295029 0.0214425
0 0.884357 0.455963 0.138304 0.0822258
0 0.652778 0.455963 0.224854 0.0730108
0 0.103801 0.240386 0.154386 0.325182
0 0.884211 0.220805 0.154386 0.190324
0 0.725439 0.251994 0.150292 0.30303
0 0.883626 0.363902 0.152632 0.0827574
0 0.412865 0.346092 0.149708 0.117668
0 0.258626 0.346004 0.152924 0.118554
0 0.570614 0.344143 0.155263 0.118377
0 0.416374 0.171274 0.461404 0.181641
