0 0.532742 0.24164 0.0536855 0.348928
0 0.53312 0.449318 0.0464336 0.0607287
0 0.0645091 0.54416 0.0526031 0.0461838
0 0.124526 0.775079 0.0522784 0.0581796
0 0.12247 0.448868 0.0559584 0.0661269
0 0.28082 0.080072 0.0940578 0.0104963
0 0.899231 0.707977 0.10499 0.135703
0 0.916387 0.860174 0.0317134 0.0340381
0 0.181297 0.617859 0.0562831 0.0283401
0 0.821463 0.648973 0.0654833 0.639076
0 0.446152 0.349228 0.0961143 0.0203929
0 0.73509 0.409132 0.104016 0.0133453
0 0.756738 0.81534 0.0620197 0.121607
0 0.825306 0.944295 0.0504384 0.0088469
0 0.0926507 0.233543 0.115597 0.299445
0 0.121712 0.450442 0.0559584 0.11516
0 0.892629 0.180687 0.0567161 0.0872695
0 0.817134 0.778902 0.0462171 0.0145449
0 0.533824 0.382141 0.049356 0.0655271
0 0.59238 0.81444 0.0640762 0.126706
0 0.924018 0.708952 0.0510878 0.0239916
0 0.588321 0.252362 0.051196 0.0107962
0 0.820435 0.668241 0.293322 0.559154
0 0.465905 0.0670265 0.0481654 0.00959664
0 0.903723 0.868796 0.10986 0.0539811
0 0.92326 0.818339 0.0502219 0.025641
0 0.359292 0.4991 0.051196 0.119208
0 0.523866 0.0911681 0.0333369 0.0350877
0 0.75847 0.541236 0.0462171 0.125506
0 0.122849 0.538162 0.0580149 0.0527815
0 0.585182 0.534113 0.0529278 0.0647773
0 0.817783 0.78595 0.0490313 0.186985
0 0.0664574 0.695232 0.0500054 0.300945
0 0.875257 0.887914 0.0514125 0.0145449
0 0.533283 0.235867 0.0508713 0.0362873
0 0.704405 0.524441 0.0471913 0.132404
0 0.239582 0.408457 0.0563914 0.045584
0 0.0918389 0.152722 0.11354 0.144699
0 0.3548 0.845929 0.0513043 0.100015
0 0.612783 0.791873 0.0931919 0.121457
0 0.17989 0.463188 0.0560667 0.039886
0 0.824765 0.926826 0.29895 0.0440846
0 0.4159 0.251237 0.0544431 0.139301
0 0.238013 0.170115 0.0595303 0.181586
0 0.756467 0.546109 0.0471913 0.0626781
0 0.182 0.713375 0.0581232 0.1423
0 0.616571 0.100465 0.0996861 0.014395
0 0.123444 0.3559 0.0542266 0.0358375
0 0.415954 0.0877193 0.0554173 0.0317889
0 0.181297 0.361149 0.0558502 0.0130454
0 0.534095 0.133978 0.0501136 0.0613285
0 0.298625 0.636377 0.154562 0.0449843
0 0.122957 0.406733 0.0562831 0.150097
0 0.299112 0.54236 0.0576902 0.126556
0 0.644117 0.573174 0.0549843 0.149498
0 0.186276 0.92765 0.0545514 0.0526316
0 0.587997 0.330109 0.0540102 0.0559304
0 0.818487 0.446994 0.0450265 0.0134953
0 0.41682 0.103689 0.0556337 0.0559304
0 0.181513 0.593042 0.0549843 0.0176938
0 0.29868 0.68586 0.167659 0.14245
0 0.904156 0.583296 0.0949237 0.0467836
0 0.586048 0.45749 0.0555255 0.19973
0 0.643414 0.516644 0.0533608 0.0376368
0 0.358426 0.106163 0.0572573 0.0533813
0 0.0646715 0.502324 0.0507631 0.0209927
0 0.615705 0.252887 0.104881 0.0118459
0 0.24061 0.264732 0.0595303 0.0670265
0 0.707869 0.943545 0.04481 0.00854701
0 0.816052 0.722672 0.0449183 0.0130454
0 0.818974 0.52744 0.051629 0.0847204
0 0.760851 0.889789 0.0440524 0.0134953
0 0.933813 0.181661 0.0555255 0.0889189
0 0.18265 0.742165 0.0592055 0.0472335
0 0.587401 0.367596 0.0541184 0.0394362
0 0.358426 0.0875693 0.0566079 0.0176938
0 0.815348 0.693132 0.0510878 0.0625281
0 0.241206 0.31354 0.0646174 0.504423
0 0.818 0.591768 0.0509795 0.045734
0 0.533337 0.0891438 0.0466501 0.0394362
0 0.299329 0.408232 0.0574738 0.101514
0 0.121117 0.661868 0.04481 0.0221922
0 0.585236 0.593117 0.053036 0.0418354
0 0.930674 0.869321 0.0574738 0.0559304
0 0.818649 0.795921 0.0488148 0.094167
0 0.910705 0.783551 0.0803117 0.0940171
0 0.709979 0.811441 0.0382076 0.037037
0 0.811397 0.64215 0.0405888 0.0346379
0 0.185789 0.844205 0.055742 0.097166
0 0.70933 0.868646 0.0485983 0.048583
0 0.472183 0.0868196 0.0509795 0.0437847
0 0.532904 0.186385 0.0501136 0.0593792
0 0.121279 0.634128 0.0581232 0.0185935
0 0.809233 0.697031 0.0349605 0.0349378
0 0.819623 0.423827 0.0527113 0.0409357
0 0.587726 0.304019 0.053036 0.0127455
0 0.727406 0.868271 0.0871306 0.0478333
0 0.708951 0.890088 0.0476242 0.0149948
0 0.534365 0.0610286 0.0432947 0.00899685
0 0.472833 0.147323 0.0518454 0.0616284
0 0.471317 0.0691258 0.0507631 0.0107962
0 0.584533 0.661119 0.0522784 0.0797721
0 0.644226 0.267057 0.0558502 0.0434848
0 0.182758 0.780327 0.0581232 0.0209927
0 0.643847 0.508697 0.0550925 0.0160444
0 0.240394 0.194782 0.0590973 0.0812716
0 0.122795 0.470085 0.0561749 0.260009
0 0.808637 0.680987 0.0380994 0.0811216
0 0.923747 0.790298 0.051196 0.079922
0 0.923693 0.679637 0.0554173 0.082921
0 0.875852 0.868571 0.0528196 0.0517319
0 0.904319 0.410856 0.0989285 0.0122957
0 0.818812 0.871195 0.048923 0.0503824
0 0.819786 0.515595 0.053469 0.197181
0 0.262258 0.726346 0.0954649 0.117259
0 0.607046 0.268631 0.0944907 0.0499325
0 0.763178 0.148073 0.0577985 0.144999
0 0.181405 0.562078 0.0545514 0.0361374
0 0.0645091 0.435598 0.0556337 0.0623782
0 0.71642 0.676938 0.073601 0.0841206
0 0.880994 0.673864 0.0646174 0.0920678
0 0.760742 0.870895 0.0490313 0.0509822
0 0.752625 0.67124 0.0501136 0.0916179
0 0.64428 0.252587 0.0522784 0.0112461
0 0.628585 0.269531 0.0951402 0.042735
0 0.812371 0.475783 0.0362593 0.0332883
0 0.615056 0.0837457 0.0895118 0.014245
0 0.814211 0.752062 0.0442689 0.0337382
0 0.533986 0.144699 0.0520619 0.14185
0 0.905347 0.55788 0.102067 0.0994152
0 0.753869 0.511021 0.0569326 0.203029
0 0.344626 0.691858 0.0638597 0.0554806
0 0.0647797 0.475409 0.0540102 0.0154446
0 0.642981 0.304843 0.051196 0.0119958
0 0.0654292 0.370745 0.0548761 0.0616284
0 0.179781 0.112761 0.0467583 0.0146949
0 0.817837 0.672964 0.0515207 0.106163
0 0.0653209 0.639076 0.0483819 0.0332883
0 0.300032 0.0835208 0.0409135 0.00779727
0 0.277627 0.872395 0.210412 0.158045
0 0.419472 0.814215 0.0576902 0.252212
0 0.445665 0.623632 0.100768 0.0761733
0 0.759498 0.788274 0.0506548 0.0950667
0 0.902262 0.524217 0.102825 0.163143
0 0.922286 0.865647 0.0389653 0.0458839
0 0.828878 0.916854 0.278602 0.0304393
0 0.592867 0.798545 0.0602879 0.0718249
0 0.759552 0.811141 0.0544431 0.0562303
0 0.240069 0.316314 0.0582314 0.0235418
0 0.298571 0.724846 0.165061 0.122657
0 0.093246 0.091468 0.119602 0.0206928
0 0.064455 0.572425 0.0531443 0.159394
0 0.270267 0.0766982 0.114298 0.0196431
0 0.359076 0.494077 0.0518454 0.225821
0 0.0678645 0.812566 0.0502219 0.0578797
0 0.181188 0.51537 0.0552008 0.0533813
0 0.183353 0.761134 0.0597467 0.0584795
0 0.17897 0.103089 0.0492478 0.0355376
0 0.533499 0.318414 0.0536855 0.195382
0 0.093246 0.137652 0.11354 0.0818713
0 0.123931 0.795097 0.0532525 0.101814
0 0.182541 0.717199 0.0587726 0.0221922
0 0.534906 0.636677 0.0402641 0.123257
0 0.123228 0.707452 0.0501136 0.0671765
0 0.587564 0.312341 0.0537937 0.0293897
0 0.89014 0.7861 0.0800952 0.0889189
0 0.181188 0.609986 0.0573655 0.0509822
0 0.181784 0.669591 0.0583396 0.0697256
0 0.290183 0.782051 0.190497 0.344729
0 0.122632 0.377493 0.0556337 0.0814215
0 0.122686 0.491753 0.0563914 0.1417
0 0.618628 0.0911681 0.101201 0.0323887
0 0.881318 0.166667 0.0442689 0.0625281
0 0.64363 0.54221 0.0533608 0.0536812
0 0.587185 0.376443 0.0547678 0.0241416
0 0.73666 0.788274 0.100444 0.099865
0 0.122795 0.747938 0.0546596 0.198531
0 0.710683 0.516194 0.0582314 0.184286
0 0.532417 0.495052 0.0478407 0.153096
0 0.76334 0.118608 0.0570408 0.082771
0 0.902587 0.67229 0.106722 0.0994152
0 0.644442 0.457715 0.0556337 0.0853201
0 0.643035 0.396086 0.0554173 0.0340381
0 0.454162 0.467836 0.0835588 0.209327
0 0.644117 0.606238 0.0513043 0.0557805
0 0.905293 0.477808 0.100444 0.120108
0 0.0675398 0.720723 0.0471913 0.122807
0 0.586644 0.411006 0.0556337 0.039886
0 0.764368 0.0928925 0.0560667 0.031339
0 0.0935166 0.25701 0.113865 0.157145
0 0.643955 0.275903 0.0520619 0.0242915
0 0.644767 0.669366 0.0521701 0.0551807
0 0.447451 0.497826 0.106938 0.316689
0 0.643468 0.344579 0.0558502 0.0578797
0 0.871577 0.791198 0.0401559 0.0769231
0 0.587455 0.346079 0.0550925 0.031489
0 0.734549 0.673189 0.101634 0.0976158
0 0.763827 0.196131 0.0588808 0.0617784
0 0.53193 0.82906 0.0453512 0.234818
0 0.705109 0.678587 0.0399394 0.0763233
0 0.587618 0.27163 0.0532525 0.0433348
0 0.870873 0.681586 0.0402641 0.0811216
0 0.764206 0.135253 0.0581232 0.0473834
0 0.239961 0.373369 0.0582314 0.122357
0 0.358967 0.380042 0.0503301 0.101215
0 0.121225 0.603539 0.0588808 0.0782726
0 0.822546 0.0982906 0.0559584 0.0385365
0 0.472778 0.126631 0.0549843 0.0982156
0 0.818054 0.313315 0.294837 0.153396
0 0.180593 0.534863 0.055309 0.0920678
0 0.0660786 0.409132 0.055742 0.1441
0 0.908648 0.100915 0.113216 0.0443845
0 0.240502 0.22912 0.0588808 0.148148
0 0.732493 0.506973 0.10315 0.206328
0 0.938954 0.0991903 0.0573655 0.0505323
0 0.239636 0.117034 0.0593138 0.0757235
0 0.0979543 0.900135 0.102825 0.0830709
0 0.299112 0.273204 0.0548761 0.0311891
0 0.822329 0.171615 0.0527113 0.102414
0 0.180864 0.431174 0.0580149 0.106313
0 0.181676 0.248013 0.0555255 0.22852
0 0.585399 0.489729 0.0563914 0.11366
0 0.910326 0.181212 0.107479 0.0901185
0 0.359887 0.20138 0.0564996 0.241416
0 0.299329 0.481481 0.0587726 0.254911
0 0.880452 0.101514 0.0559584 0.0413855
0 0.415467 0.195307 0.0568243 0.252662
0 0.447018 0.814515 0.114515 0.262108
0 0.30052 0.17154 0.055309 0.162243
0 0.24061 0.581496 0.0586644 0.0524816
0 0.614298 0.828985 0.109644 0.236167
0 0.29895 0.323137 0.0558502 0.0581796
0 0.473753 0.251612 0.0556337 0.14365
0 0.703702 0.151672 0.059855 0.151297
0 0.617437 0.177238 0.105314 0.132254
0 0.239907 0.494527 0.0587726 0.116059
0 0.585507 0.626556 0.0570408 0.153396
