0 0.233136 0.824714 0.0644982 0.0258575
0 0.885419 0.573351 0.0805766 0.0258575
0 0.459434 0.778012 0.119017 0.0151275
0 0.907226 0.421636 0.0476806 0.0175902
0 0.47348 0.720317 0.167437 0.10343
0 0.801977 0.719173 0.0822399 0.078628
0 0.711698 0.633509 0.0565515 0.0568162
0 0.702273 0.79358 0.0702273 0.0188215
0 0.807614 0.245295 0.120495 0.0420405
0 0.811033 0.468777 0.125485 0.0411609
0 0.817039 0.642304 0.0669008 0.0216359
0 0.916189 0.282938 0.0652375 0.0311346
0 0.914249 0.332102 0.0728146 0.30642
0 0.65949 0.866315 0.0523009 0.0112577
0 0.227869 0.792172 0.283866 0.163764
0 0.360469 0.418821 0.349473 0.14248
0 0.541674 0.410202 0.0336352 0.024978
0 0.24598 0.402287 0.0417668 0.048197
0 0.699871 0.572647 0.0661615 0.0255057
0 0.281556 0.735708 0.0729994 0.0262093
0 0.390963 0.304485 0.658843 0.373263
0 0.28054 0.577573 0.0702273 0.0272647
0 0.360562 0.418382 0.147477 0.138434
0 0.716873 0.738698 0.0535945 0.058927
0 0.21752 0.545031 0.182961 0.0156552
0 0.910737 0.443184 0.0687488 0.0627968
0 0.504528 0.233861 0.513029 0.124011
0 0.831916 0.724978 0.143227 0.0919965
0 0.823323 0.756025 0.0580299 0.0204046
0 0.884495 0.742128 0.0580299 0.0587511
0 0.692201 0.691821 0.0500832 0.0253298
0 0.462853 0.85796 0.0508224 0.0191733
0 0.229348 0.668162 0.0680096 0.0265611
0 0.627148 0.413369 0.199778 0.138962
0 0.809093 0.305541 0.123822 0.0728232
0 0.654962 0.655145 0.0491591 0.0121372
0 0.663094 0.609938 0.175199 0.108531
0 0.278045 0.867898 0.162077 0.0186456
0 0.467566 0.756025 0.0624653 0.0256816
0 0.312419 0.646086 0.0837184 0.0795075
0 0.731288 0.716711 0.340787 0.321724
0 0.878488 0.799736 0.0593236 0.0286719
0 0.808076 0.421548 0.127333 0.123307
0 0.624653 0.72445 0.0946221 0.080387
0 0.91545 0.375198 0.0663463 0.0256816
0 0.485677 0.483201 0.0661615 0.0182938
0 0.474496 0.595602 0.175014 0.122076
0 0.616614 0.710554 0.515432 0.340018
0 0.237479 0.195866 0.0417668 0.0255057
0 0.833949 0.331486 0.224912 0.318909
0 0.244779 0.398681 0.0356681 0.0318382
0 0.312327 0.801495 0.0901867 0.0782762
0 0.479856 0.308795 0.0741083 0.0170624
0 0.252541 0.434916 0.0615413 0.0332454
0 0.180281 0.314336 0.0615413 0.0165347
0 0.914526 0.462621 0.0667159 0.0242744
0 0.916282 0.237731 0.0654223 0.0248021
0 0.215487 0.623747 0.287562 0.141073
0 0.915912 0.306069 0.0683792 0.0728232
0 0.135003 0.431662 0.143227 0.183993
0 0.165311 0.628936 0.167622 0.136675
0 0.807799 0.197625 0.124931 0.0466139
0 0.813066 0.512049 0.126224 0.0358839
0 0.915635 0.187159 0.0644982 0.0239226
0 0.148309 0.789358 0.123267 0.136675
0 0.21983 0.709675 0.274441 0.334037
