0 0.875875 0.91476 0.043416 0.0412946
0 0.0873887 0.106934 0.114027 0.0193917
0 0.920642 0.867257 0.134224 0.0498047
0 0.0865935 0.226493 0.0952608 0.0280413
0 0.0873887 0.137416 0.113073 0.0284598
0 0.578801 0.408622 0.161101 0.296038
0 0.501431 0.0999581 0.243957 0.0885882
0 0.920881 0.874372 0.1382 0.239537
0 0.086514 0.43764 0.111959 0.379464
0 0.551447 0.964076 0.116889 0.0205078
0 0.574348 0.0181362 0.577449 0.0357143
0 0.0749046 0.0373186 0.0613868 0.0107422
0 0.905773 0.718959 0.0993957 0.0620815
0 0.670563 0.520508 0.116889 0.0756138
0 0.667939 0.169224 0.118003 0.128906
0 0.319259 0.301409 0.114981 0.11649
0 0.902115 0.0242048 0.096215 0.0113002
0 0.0878658 0.0988421 0.116571 0.0297154
0 0.551686 0.271345 0.111005 0.0605469
0 0.564647 0.136509 0.067271 0.0135324
0 0.308604 0.933663 0.0971692 0.0269252
0 0.904183 0.433524 0.102576 0.0604074
0 0.910862 0.71582 0.121024 0.472377
0 0.0878658 0.0601981 0.109256 0.023577
0 0.193464 0.987444 0.386927 0.0251116
0 0.917541 0.9232 0.108938 0.0506417
0 0.0718034 0.0344587 0.0580471 0.00753348
0 0.436546 0.830008 0.114504 0.284459
0 0.92263 0.990583 0.137246 0.0188337
0 0.552083 0.191406 0.109892 0.0917969
0 0.203006 0.320382 0.114027 0.0291574
0 0.90625 0.346261 0.102894 0.093471
0 0.0878658 0.125837 0.117844 0.167411
0 0.918496 0.958915 0.134701 0.0221819
0 0.782284 0.942592 0.0655216 0.039202
0 0.179389 0.984654 0.0989186 0.0239955
0 0.784749 0.628558 0.0987595 0.189314
0 0.66937 0.0782645 0.114186 0.0583147
0 0.904739 0.291295 0.101463 0.0172991
0 0.437023 0.624651 0.116412 0.750698
0 0.0877067 0.0867048 0.115935 0.038923
0 0.08882 0.0949358 0.113073 0.0132533
0 0.0879453 0.110491 0.112913 0.0106027
0 0.906727 0.635463 0.0640903 0.202009
0 0.0873887 0.0560128 0.0952608 0.0138114
0 0.0879453 0.0823103 0.116094 0.0694754
0 0.0877863 0.077567 0.112913 0.0125558
0 0.907522 0.502651 0.0971692 0.0435268
0 0.0474714 0.85226 0.0373728 0.0348772
0 0.786339 0.44608 0.11021 0.150251
0 0.902274 0.61935 0.052958 0.123186
0 0.612436 0.791853 0.22042 0.0122768
0 0.91945 0.931362 0.136609 0.0750558
0 0.874682 0.910087 0.0394402 0.0258092
0 0.257952 0.956543 0.206107 0.0185547
0 0.552481 0.833775 0.113868 0.0584542
0 0.399253 0.226842 0.0345102 0.0362723
0 0.436466 0.42906 0.113391 0.540597
0 0.906568 0.614467 0.0901718 0.263811
0 0.786975 0.544364 0.103531 0.350725
0 0.668655 0.305664 0.118798 0.503069
0 0.918177 0.825126 0.132156 0.130162
0 0.903865 0.37507 0.105439 0.175363
0 0.0881838 0.605678 0.113073 0.706055
0 0.0827767 0.228376 0.0653626 0.0226004
0 0.931457 0.119141 0.136768 0.162109
0 0.9243 0.24728 0.144402 0.0408761
0 0.459526 0.0988421 0.143607 0.0846819
0 0.553038 0.353167 0.114027 0.413923
0 0.203403 0.527553 0.11673 0.43736
0 0.571088 0.0917271 0.062341 0.069615
0 0.783954 0.862165 0.0933524 0.206752
0 0.320611 0.458845 0.115458 0.426339
0 0.785862 0.172921 0.110846 0.249302
0 0.08882 0.165597 0.115617 0.0876116
0 0.78785 0.332171 0.115776 0.0571987
0 0.204517 0.172921 0.115776 0.244838
0 0.550493 0.889509 0.116253 0.173828
0 0.32077 0.143555 0.117684 0.193359
0 0.670324 0.891462 0.11673 0.171596
0 0.261768 0.84933 0.204517 0.195312
0 0.320054 0.711356 0.113073 0.0636161
0 0.612595 0.67606 0.219784 0.214844
