0 0.236728 0.33689 0.197398 0.068873
0 0.297069 0.803284 0.0806042 0.0430616
0 0.606027 0.870112 0.109017 0.146818
0 0.216315 0.841298 0.151488 0.0674674
0 0.715941 0.836507 0.0877823 0.0438283
0 0.502243 0.63896 0.0979512 0.0399949
0 0.393525 0.488628 0.10483 0.167391
0 0.95566 0.931191 0.0402273 0.0167391
0 0.19837 0.876501 0.116495 0.0244058
0 0.841483 0.165985 0.261403 0.0191669
0 0.154703 0.949847 0.0432182 0.00907232
0 0.499178 0.171863 0.0657993 0.0245336
0 0.236504 0.398288 0.187378 0.0265781
0 0.924555 0.290314 0.039031 0.00638896
0 0.492373 0.0452338 0.0967549 0.00741119
0 0.150366 0.504536 0.0378346 0.0430616
0 0.500748 0.762267 0.0614625 0.0305392
0 0.498579 0.679083 0.047555 0.0297726
0 0.60812 0.043381 0.109915 0.009839
0 0.296396 0.849093 0.0843428 0.164324
0 0.925976 0.825198 0.0995962 0.0291337
0 0.17033 0.923588 0.0693884 0.0631229
0 0.713698 0.62829 0.0958576 0.00792231
0 0.233438 0.905891 0.0526395 0.0205725
0 0.927396 0.923141 0.097054 0.0175058
0 0.238223 0.248019 0.123523 0.0155891
0 0.233887 0.503706 0.194706 0.039356
0 0.236728 0.456363 0.197398 0.0836954
0 0.904741 0.930552 0.051144 0.014439
0 0.498878 0.0674035 0.0992971 0.0223614
0 0.286377 0.723614 0.101989 0.0222336
0 0.158068 0.18151 0.0481531 0.125863
0 0.238074 0.381357 0.202183 0.285075
0 0.927172 0.911896 0.0978017 0.0175058
0 0.924406 0.936749 0.0973531 0.0291337
0 0.71482 0.788845 0.0765665 0.046895
0 0.713399 0.636085 0.0991476 0.0201891
0 0.392627 0.314337 0.103933 0.516739
0 0.713848 0.753833 0.105129 0.0159724
0 0.501047 0.88749 0.0997458 0.0652952
0 0.500224 0.122349 0.0897263 0.123307
0 0.715568 0.857526 0.0906236 0.193202
0 0.259533 0.177869 0.156273 0.0981344
0 0.237326 0.0872732 0.202782 0.056734
0 0.500673 0.816509 0.102288 0.0585229
0 0.5 0.739075 0.100045 0.0766675
0 0.922312 0.272553 0.0877823 0.0253003
0 0.821818 0.944863 0.105129 0.0203169
0 0.500374 0.940838 0.100493 0.0240225
0 0.822118 0.272809 0.106924 0.0276003
0 0.607522 0.810503 0.106326 0.0411449
0 0.608195 0.856632 0.107073 0.0470227
0 0.608718 0.942819 0.105728 0.0264503
0 0.923134 0.483005 0.0927172 0.0408893
0 0.713324 0.391515 0.106176 0.0217225
0 0.501047 0.537184 0.0991476 0.0255558
0 0.71325 0.671927 0.102737 0.0463839
0 0.499776 0.618835 0.102886 0.136724
0 0.766562 0.151866 0.397189 0.190263
0 0.922686 0.310184 0.0891282 0.0433171
0 0.60812 0.905571 0.106625 0.0467672
0 0.606101 0.484539 0.105578 0.0437005
0 0.922536 0.351457 0.0864364 0.0374393
0 0.820996 0.584973 0.106176 0.0388449
0 0.924929 0.65998 0.0975026 0.045745
0 0.818753 0.909149 0.107971 0.0444672
0 0.607373 0.763736 0.10483 0.0477894
0 0.28675 0.701763 0.104531 0.0621007
0 0.823164 0.310184 0.108419 0.042806
0 0.661582 0.314528 0.210558 0.108229
0 0.604681 0.418349 0.10483 0.0805009
0 0.396889 0.941285 0.0995962 0.0315615
0 0.821594 0.868579 0.10498 0.0374393
0 0.607148 0.715372 0.105877 0.0471505
0 0.713474 0.462369 0.105279 0.0302837
0 0.606999 0.575262 0.105578 0.0385893
0 0.923882 0.572642 0.0951099 0.040506
0 0.820996 0.67838 0.105578 0.0460005
0 0.92463 0.615832 0.0966054 0.0415282
0 0.923284 0.441094 0.0897263 0.0419116
0 0.713698 0.424994 0.106027 0.0414005
0 0.820996 0.499489 0.107373 0.0421671
0 0.606251 0.667263 0.105279 0.0462561
0 0.606251 0.619474 0.103783 0.0470227
0 0.714222 0.720164 0.103783 0.0475339
0 0.396964 0.874137 0.100045 0.0950677
0 0.822192 0.356568 0.108868 0.0499617
0 0.820921 0.630143 0.106027 0.0479172
0 0.92306 0.394838 0.0871841 0.0454894
0 0.821445 0.451827 0.107073 0.0477894
0 0.607073 0.530667 0.10483 0.0460005
0 0.923882 0.528175 0.0936145 0.0440838
0 0.821519 0.542359 0.106625 0.0420394
0 0.822192 0.404421 0.107073 0.0449783
0 0.18207 0.714733 0.103634 0.0443394
0 0.181098 0.614746 0.104382 0.152313
0 0.396516 0.78137 0.100344 0.0840787
0 0.237924 0.848773 0.205772 0.213008
0 0.927097 0.871901 0.100045 0.0591618
0 0.500449 0.310887 0.104531 0.236903
0 0.821594 0.727255 0.106176 0.0466394
0 0.712876 0.553476 0.0942127 0.133529
0 0.821295 0.7753 0.104382 0.0466394
0 0.926574 0.763992 0.100493 0.151291
0 0.821295 0.824112 0.103783 0.0479172
0 0.286676 0.602926 0.103783 0.132507
0 0.499551 0.472783 0.104531 0.0909788
0 0.393525 0.656082 0.106326 0.155763
