0 0.498112 0.215831 0.24201 0.0150683
0 0.492156 0.238699 0.262057 0.0590321
0 0.868681 0.78151 0.128414 0.0625776
0 0.816967 0.132335 0.0685648 0.0905868
0 0.414585 0.324765 0.108658 0.0744549
0 0.278908 0.786474 0.109239 0.0537139
0 0.718623 0.624446 0.109529 0.0533593
0 0.651947 0.618685 0.618826 0.669385
0 0.863742 0.48635 0.0952934 0.0104591
0 0.395991 0.412693 0.0732132 0.0631094
0 0.718478 0.865538 0.119117 0.0725049
0 0.136839 0.880695 0.166182 0.135792
0 0.493318 0.621432 0.241139 0.0115228
0 0.874056 0.192253 0.0520047 0.0101046
0 0.275712 0.861195 0.113887 0.0570821
0 0.5 0.491934 1 0.935295
0 0.127833 0.288335 0.120279 0.0927141
0 0.228501 0.928382 0.195526 0.0329729
0 0.365921 0.33744 0.731842 0.629498
0 0.28283 0.220883 0.141488 0.0694912
0 0.500145 0.741269 0.275131 0.0537139
0 0.562028 0.840011 0.132191 0.105832
0 0.1181 0.224606 0.144974 0.0765822
0 0.718332 0.327424 0.109529 0.010991
0 0.28283 0.251108 0.143231 0.130651
0 0.6043 0.403386 0.761185 0.711044
0 0.865485 0.462773 0.105171 0.0547775
0 0.718332 0.458695 0.119407 0.0671867
0 0.145991 0.0574366 0.178675 0.033682
0 0.409065 0.673994 0.119698 0.0836731
0 0.593405 0.0560184 0.681871 0.0429002
0 0.547066 0.246853 0.135386 0.0370502
0 0.192185 0.930775 0.281522 0.0413047
0 0.865485 0.625155 0.126089 0.0533593
0 0.716734 0.138185 0.128414 0.0746322
0 0.129721 0.624535 0.114759 0.0535366
0 0.126525 0.465077 0.117083 0.0512321
0 0.715137 0.382645 0.135096 0.0728594
0 0.564207 0.87449 0.123184 0.0308456
0 0.273097 0.458341 0.0772806 0.062223
0 0.865776 0.305974 0.128995 0.0595639
0 0.861418 0.389913 0.122022 0.0838504
0 0.128995 0.785056 0.133062 0.0551321
0 0.276874 0.625864 0.104009 0.0551321
0 0.713684 0.162383 0.112435 0.0244637
0 0.493463 0.598919 0.24201 0.058323
0 0.712086 0.304645 0.113306 0.0615139
0 0.423881 0.25811 0.108658 0.0184364
0 0.268594 0.137564 0.146136 0.0765822
0 0.580476 0.437777 0.0981987 0.0161319
0 0.275131 0.32379 0.123765 0.0171955
0 0.419088 0.355788 0.122894 0.0212728
0 0.554765 0.257844 0.134515 0.0154228
0 0.437972 0.751906 0.13742 0.0232228
0 0.43129 0.407552 0.1595 0.0787094
0 0.580912 0.407463 0.100813 0.0767594
0 0.861273 0.934143 0.115921 0.0292501
0 0.412841 0.834604 0.134805 0.121255
0 0.267141 0.547952 0.104881 0.0847367
0 0.859239 0.132335 0.16473 0.10016
0 0.786461 0.386811 0.276583 0.0808367
0 0.712377 0.549814 0.101104 0.092005
0 0.495642 0.150328 0.28007 0.115228
0 0.490848 0.513561 0.301278 0.119128
0 0.122022 0.130473 0.139454 0.1014
0 0.271935 0.383709 0.138873 0.0739231
0 0.643521 0.930863 0.276583 0.0329729
0 0.715863 0.227796 0.131319 0.0858004
0 0.56043 0.321042 0.180709 0.0932459
0 0.865195 0.234444 0.141778 0.0686049
0 0.715718 0.708208 0.115921 0.0950186
0 0.273388 0.708474 0.104009 0.0983868
0 0.116938 0.389204 0.0938408 0.0905868
0 0.865776 0.699344 0.155142 0.0854458
0 0.12914 0.859156 0.145555 0.0842049
0 0.854445 0.548484 0.0976177 0.0957277
0 0.42025 0.932016 0.132772 0.0296047
0 0.493173 0.673108 0.292562 0.0861549
0 0.124637 0.708119 0.0981987 0.0944868
0 0.127978 0.547952 0.124056 0.0985641
0 0.861418 0.861195 0.150494 0.0826095
