0 0.364493 0.736217 0.127356 0.0294793
0 0.363856 0.109495 0.113347 0.0486217
0 0.495797 0.647684 0.126083 0.0174196
0 0.366276 0.74732 0.123281 0.00918836
0 0.490448 0.632466 0.0843097 0.00574273
0 0.365767 0.832791 0.128884 0.0334992
0 0.694982 0.0691998 0.491849 0.026608
0 0.637927 0.634093 0.111819 0.0070827
0 0.363474 0.068817 0.112583 0.0212481
0 0.100739 0.163859 0.131177 0.116003
0 0.406393 0.707217 0.0394804 0.0246937
0 0.339404 0.157734 0.0771778 0.0363706
0 0.877738 0.886677 0.163525 0.111409
0 0.496943 0.816041 0.128375 0.0658499
0 0.699949 0.107102 0.489047 0.0426876
0 0.735736 0.832695 0.0787061 0.00842266
0 0.103286 0.0757083 0.122517 0.0480475
0 0.366276 0.729518 0.130922 0.017611
0 0.367168 0.0948507 0.123535 0.0748469
0 0.395695 0.158786 0.0669893 0.0231623
0 0.366658 0.70626 0.12863 0.0254594
0 0.894167 0.763495 0.131177 0.0334992
0 0.471345 0.63438 0.072593 0.00574273
0 0.877229 0.953675 0.138563 0.0294793
0 0.100357 0.190754 0.131941 0.069487
0 0.895186 0.633901 0.111309 0.00746554
0 0.898497 0.635911 0.126083 0.00689127
0 0.737519 0.959705 0.0761589 0.0155054
0 0.496434 0.654001 0.128375 0.0227795
0 0.627611 0.933289 0.127356 0.0350306
0 0.36513 0.754211 0.127101 0.020291
0 0.103286 0.169315 0.130667 0.0273737
0 0.695364 0.634763 0.199185 0.0103369
0 0.365767 0.715352 0.127866 0.0447933
0 0.100229 0.205302 0.131686 0.0369449
0 0.627993 0.963534 0.125573 0.0220138
0 0.364111 0.757274 0.124045 0.0114855
0 0.738411 0.89041 0.0855833 0.112749
0 0.893403 0.757944 0.132196 0.0170368
0 0.367168 0.774885 0.129139 0.0627871
0 0.827942 0.898258 0.259042 0.144908
0 0.0994651 0.0966692 0.113856 0.0137825
0 0.368314 0.965831 0.129903 0.0147397
0 0.6946 0.0918836 0.541518 0.0784839
0 0.36704 0.329728 0.13296 0.305322
0 0.326923 0.158212 0.0455935 0.0350306
0 0.627993 0.789529 0.113856 0.0231623
0 0.100866 0.130743 0.131431 0.0459418
0 0.497962 0.965161 0.127866 0.0168453
0 0.498854 0.70492 0.12812 0.118874
0 0.101885 0.0691998 0.123281 0.0262251
0 0.895568 0.694966 0.13245 0.102412
0 0.366021 0.788189 0.129394 0.0354135
0 0.366021 0.847914 0.130413 0.0227795
0 0.366276 0.821975 0.130922 0.025268
0 0.628375 0.943338 0.128884 0.0616386
0 0.366786 0.588151 0.128375 0.200038
0 0.696128 0.376914 0.487519 0.496554
0 0.366913 0.88639 0.129139 0.0468989
0 0.894677 0.794506 0.130667 0.044219
0 0.496816 0.790869 0.127611 0.039242
0 0.760825 0.793932 0.129394 0.0430704
0 0.628502 0.86026 0.129139 0.102603
0 0.76108 0.704632 0.131941 0.12366
0 0.497326 0.834705 0.127611 0.0411562
0 0.367677 0.935012 0.129139 0.0457504
0 0.629012 0.703867 0.129139 0.121746
0 0.235863 0.588438 0.128884 0.238132
0 0.498981 0.903714 0.126847 0.0930322
0 0.235227 0.319678 0.131177 0.282542
0 0.103668 0.916252 0.128884 0.116194
0 0.103668 0.435394 0.129903 0.136103
0 0.104687 0.768377 0.128375 0.168836
0 0.102904 0.296708 0.131431 0.135528
0 0.103668 0.593319 0.131941 0.170559
0 0.235099 0.930609 0.129903 0.0867152
0 0.23408 0.795846 0.130413 0.170559
0 0.235863 0.111696 0.129394 0.117343
