0 0.264129 0.172872 0.0841984 0.0216312
0 0.0824683 0.84344 0.0807382 0.0308511
0 0.350923 0.0432624 0.0594002 0.00780142
0 0.267013 0.542731 0.0853518 0.0379433
0 0.358997 0.494504 0.0870819 0.133688
0 0.448962 0.641489 0.0847751 0.0531915
0 0.448385 0.812766 0.0870819 0.0340426
0 0.448674 0.771631 0.0865052 0.0432624
0 0.542388 0.231915 0.0859285 0.0304965
0 0.891003 0.17234 0.107266 0.0404255
0 0.541523 0.308333 0.0876586 0.0762411
0 0.262976 0.407624 0.0853518 0.0443262
0 0.261822 0.387411 0.0853518 0.0939716
0 0.0784314 0.973227 0.0784314 0.0102837
0 0.263841 0.418972 0.0824683 0.0166667
0 0.233276 0.264007 0.125144 0.361348
0 0.0813149 0.351064 0.0899654 0.27305
0 0.0818916 0.683333 0.088812 0.064539
0 0.170992 0.930319 0.0870819 0.0152482
0 0.543253 0.0955674 0.0865052 0.0166667
0 0.35669 0.0636525 0.0790081 0.0138298
0 0.451845 0.731738 0.0870819 0.327305
0 0.891003 0.33617 0.11188 0.0134752
0 0.538927 0.326241 0.0836217 0.0404255
0 0.17128 0.806383 0.0818916 0.0326241
0 0.543253 0.276064 0.0876586 0.14078
0 0.17301 0.799645 0.0818916 0.0156028
0 0.173587 0.383156 0.088812 0.208156
0 0.0824683 0.835461 0.0818916 0.0148936
0 0.261246 0.349291 0.0853518 0.0283688
0 0.354671 0.27305 0.088812 0.0836879
0 0.267013 0.526773 0.0599769 0.00815603
0 0.0827566 0.863652 0.0813149 0.0124113
0 0.174164 0.426773 0.0841984 0.0315603
0 0.0807382 0.520745 0.0876586 0.014539
0 0.448674 0.432447 0.0865052 0.0365248
0 0.0801615 0.112589 0.0853518 0.0968085
0 0.0816032 0.495745 0.0870819 0.0170213
0 0.890715 0.343972 0.112457 0.0276596
0 0.0798731 0.105319 0.0847751 0.0482269
0 0.173587 0.697695 0.0841984 0.072695
0 0.0804498 0.400709 0.0882353 0.0205674
0 0.174164 0.64805 0.0853518 0.0138298
0 0.17474 0.667376 0.083045 0.0248227
0 0.451557 0.753901 0.083045 0.012766
0 0.0798731 0.148936 0.0847751 0.0361702
0 0.174164 0.534397 0.083045 0.0503546
0 0.171857 0.0801418 0.0876586 0.0475177
0 0.448962 0.485106 0.0859285 0.0382979
0 0.35842 0.658511 0.0836217 0.0723404
0 0.0801615 0.11844 0.0841984 0.0489362
0 0.174452 0.677128 0.0859285 0.0131206
0 0.35842 0.683865 0.0824683 0.0443262
0 0.170704 0.948936 0.0841984 0.0347518
0 0.359285 0.826064 0.0853518 0.0322695
0 0.544118 0.769681 0.0882353 0.213121
0 0.537774 0.307447 0.0859285 0.0453901
0 0.0813149 0.489894 0.0795848 0.0117021
0 0.174164 0.486525 0.0853518 0.0177305
0 0.886967 0.753014 0.107266 0.0421986
0 0.17301 0.117376 0.0876586 0.0205674
0 0.214821 0.838652 0.10669 0.0978723
0 0.359862 0.530674 0.0876586 0.106738
0 0.540081 0.577305 0.0813149 0.0439716
0 0.173299 0.207092 0.0870819 0.0134752
0 0.543541 0.821986 0.0870819 0.104965
0 0.0801615 0.19805 0.0818916 0.0244681
0 0.17301 0.313121 0.0853518 0.0134752
0 0.355825 0.213298 0.0853518 0.0159574
0 0.888697 0.364716 0.117647 0.0840426
0 0.889562 0.883333 0.118224 0.157447
0 0.0827566 0.75656 0.0813149 0.0138298
0 0.542964 0.847872 0.0870819 0.0134752
0 0.0801615 0.175532 0.0818916 0.0177305
0 0.542676 0.461879 0.0865052 0.241489
0 0.174164 0.492908 0.0853518 0.0276596
0 0.266436 0.696809 0.088812 0.0304965
0 0.172434 0.409752 0.0841984 0.0407801
0 0.172722 0.328191 0.0859285 0.0131206
0 0.540369 0.111348 0.0899654 0.012766
0 0.450692 0.746986 0.0859285 0.180496
0 0.17474 0.593972 0.0899654 0.298582
0 0.542099 0.337943 0.0853518 0.0170213
0 0.887255 0.943972 0.107843 0.0283688
0 0.267013 0.789007 0.0865052 0.107801
0 0.0792964 0.418972 0.0824683 0.0131206
0 0.741061 0.913298 0.0634371 0.0982269
0 0.360727 0.61773 0.0847751 0.051773
0 0.448385 0.330496 0.0859285 0.0475177
0 0.264706 0.058156 0.0841984 0.022695
0 0.261246 0.216312 0.0865052 0.116312
0 0.264418 0.667199 0.0836217 0.0152482
0 0.170704 0.945035 0.0876586 0.0120567
0 0.266148 0.703546 0.0882353 0.0184397
0 0.174164 0.438652 0.0853518 0.0134752
0 0.450692 0.801773 0.0824683 0.0134752
0 0.355248 0.415426 0.0853518 0.0492908
0 0.730681 0.909574 0.196078 0.111348
0 0.731257 0.299113 0.0553633 0.00531915
0 0.262111 0.188298 0.0859285 0.0375887
0 0.542964 0.130851 0.0847751 0.0212766
0 0.266724 0.733688 0.0582468 0.00921986
0 0.265571 0.532269 0.0847751 0.0241135
0 0.355536 0.196631 0.0859285 0.0450355
0 0.709919 0.299468 0.0692042 0.00531915
0 0.353518 0.239184 0.0795848 0.0180851
0 0.543253 0.812766 0.0841984 0.0163121
0 0.542099 0.177305 0.083045 0.012766
0 0.17301 0.344326 0.0853518 0.0170213
0 0.451269 0.785638 0.0836217 0.0166667
0 0.544406 0.606738 0.0841984 0.0624113
0 0.886678 0.845567 0.112457 0.0507092
0 0.172145 0.0691489 0.0870819 0.0333333
0 0.0795848 0.435461 0.0841984 0.0170213
0 0.0801615 0.286879 0.0841984 0.0900709
0 0.543541 0.831028 0.0859285 0.0173759
0 0.0801615 0.555142 0.088812 0.0457447
0 0.685409 0.12305 0.173587 0.0361702
0 0.542964 0.0576241 0.0767013 0.0187943
0 0.172434 0.0968085 0.0876586 0.0170213
0 0.263841 0.437234 0.0720877 0.00992908
0 0.541234 0.858865 0.0882353 0.0375887
0 0.168685 0.058156 0.0743945 0.0106383
0 0.353806 0.256738 0.0882353 0.0468085
0 0.450115 0.0964539 0.0893887 0.0957447
0 0.356978 0.0583333 0.083045 0.0237589
0 0.0798731 0.403901 0.0801615 0.012766
0 0.543541 0.103723 0.0893887 0.102482
0 0.359285 0.70461 0.083045 0.0411348
0 0.0804498 0.218972 0.0813149 0.0131206
0 0.543253 0.156383 0.0841984 0.0255319
0 0.356978 0.791844 0.0876586 0.128369
0 0.35323 0.314894 0.0859285 0.20922
0 0.170992 0.337766 0.0836217 0.0287234
0 0.083045 0.796808 0.0784314 0.012766
0 0.542676 0.452837 0.0841984 0.0141844
0 0.355825 0.183333 0.0865052 0.0170213
0 0.538639 0.256028 0.0853518 0.051773
0 0.0804498 0.154433 0.0813149 0.020922
0 0.890138 0.789007 0.112457 0.0489362
0 0.265571 0.610284 0.0870819 0.0304965
0 0.0792964 0.0613475 0.0813149 0.0198582
0 0.173587 0.399291 0.0853518 0.0170213
0 0.173299 0.727482 0.0859285 0.0131206
0 0.543829 0.866489 0.0876586 0.0216312
0 0.0824683 0.72695 0.0807382 0.0120567
0 0.888985 0.812411 0.114764 0.077305
0 0.36015 0.742908 0.0870819 0.197872
0 0.17474 0.523227 0.0899654 0.534397
0 0.35669 0.168262 0.0870819 0.0719858
0 0.0816032 0.303723 0.0813149 0.0131206
0 0.359862 0.55266 0.0899654 0.0620567
0 0.541811 0.083156 0.0870819 0.0336879
0 0.540369 0.189007 0.0853518 0.0390071
0 0.542388 0.466844 0.0836217 0.0117021
0 0.450404 0.889184 0.083045 0.0180851
0 0.263264 0.734397 0.0743945 0.0148936
0 0.174164 0.419504 0.0841984 0.0205674
0 0.262976 0.135993 0.0841984 0.0244681
0 0.77451 0.123582 0.186851 0.037234
0 0.449827 0.211525 0.0911188 0.282624
0 0.541811 0.0650709 0.0813149 0.0315603
0 0.359285 0.733333 0.083045 0.012766
0 0.448097 0.0556738 0.0761246 0.0156028
0 0.17474 0.681738 0.088812 0.191135
0 0.357266 0.0992908 0.0870819 0.107092
0 0.542099 0.197695 0.0841984 0.0258865
0 0.0804498 0.309752 0.0847751 0.0421986
0 0.0827566 0.816312 0.0813149 0.0212766
0 0.541811 0.220567 0.0847751 0.0170213
0 0.542964 0.775355 0.0836217 0.0166667
0 0.353518 0.308333 0.0899654 0.0117021
0 0.266724 0.556206 0.0870819 0.0187943
0 0.21511 0.837057 0.102653 0.0542553
0 0.264994 0.468617 0.0743945 0.020922
0 0.0824683 0.707801 0.0818916 0.0212766
0 0.0810265 0.53617 0.0870819 0.0269504
0 0.888408 0.559929 0.11015 0.0957447
0 0.174452 0.46117 0.0847751 0.0301418
0 0.0824683 0.776596 0.0818916 0.0255319
0 0.890138 0.904078 0.115917 0.0457447
0 0.769608 0.0735816 0.335063 0.0464539
0 0.358131 0.835638 0.0853518 0.0138298
0 0.756632 0.230142 0.133795 0.137589
0 0.173587 0.769326 0.0853518 0.020922
0 0.266436 0.841312 0.0876586 0.221631
0 0.358997 0.716667 0.0836217 0.0177305
0 0.0807382 0.0858156 0.083045 0.0219858
0 0.0810265 0.527482 0.0870819 0.0109929
0 0.173875 0.629433 0.0847751 0.0212766
0 0.542964 0.793794 0.0836217 0.0173759
0 0.544118 0.678901 0.0836217 0.0131206
0 0.173587 0.746631 0.0853518 0.0223404
0 0.0810265 0.108688 0.0836217 0.0202128
0 0.0813149 0.308333 0.0818916 0.0230496
0 0.0813149 0.71383 0.0911188 0.363121
0 0.0804498 0.189184 0.0847751 0.0429078
0 0.448674 0.901418 0.0853518 0.0425532
0 0.888985 0.711879 0.111303 0.0882979
0 0.0807382 0.13156 0.0818916 0.0212766
0 0.263552 0.908156 0.0865052 0.114894
0 0.263841 0.0968085 0.0859285 0.041844
0 0.658016 0.122695 0.0957324 0.0333333
0 0.0798731 0.410106 0.0859285 0.142199
0 0.542388 0.243617 0.0847751 0.0255319
0 0.353806 0.207801 0.0882353 0.0276596
0 0.77278 0.121986 0.0853518 0.0333333
0 0.707901 0.852128 0.0582468 0.00638298
0 0.542099 0.271277 0.0853518 0.0255319
0 0.761822 0.909929 0.1188 0.102128
0 0.542964 0.541667 0.0836217 0.0244681
0 0.104383 0.145213 0.0922722 0.189716
0 0.543829 0.699823 0.083045 0.0258865
0 0.17128 0.905496 0.0853518 0.0230496
0 0.174164 0.52039 0.0853518 0.0223404
0 0.0807382 0.462589 0.088812 0.0351064
0 0.450692 0.910461 0.0824683 0.0223404
0 0.0798731 0.383156 0.0824683 0.0258865
0 0.353806 0.324823 0.0882353 0.0177305
0 0.174164 0.575 0.0841984 0.020922
0 0.35323 0.26383 0.0870819 0.0269504
0 0.451269 0.732447 0.0836217 0.0258865
0 0.0798731 0.42695 0.0893887 0.0304965
0 0.450692 0.820567 0.0824683 0.0212766
0 0.0810265 0.319858 0.0813149 0.0262411
0 0.542676 0.513298 0.083045 0.0294326
0 0.0824683 0.686702 0.083045 0.0173759
0 0.171857 0.937057 0.0876586 0.0322695
0 0.544406 0.589539 0.0818916 0.0265957
0 0.707036 0.15656 0.213379 0.0117021
0 0.0816032 0.846454 0.0870819 0.0992908
0 0.779412 0.11773 0.369666 0.0453901
0 0.452134 0.709397 0.0841984 0.0180851
0 0.545271 0.623582 0.0813149 0.0400709
0 0.542964 0.565071 0.0847751 0.0166667
0 0.885236 0.12234 0.101499 0.0368794
0 0.359285 0.752128 0.0841984 0.0212766
0 0.450115 0.299113 0.0847751 0.0109929
0 0.544406 0.657801 0.0841984 0.0255319
0 0.354671 0.135106 0.0922722 0.182269
0 0.0810265 0.544681 0.0870819 0.012766
0 0.542676 0.404433 0.083045 0.0173759
0 0.359285 0.695213 0.0841984 0.0216312
0 0.359285 0.773227 0.0841984 0.0166667
0 0.542388 0.485816 0.0824683 0.0219858
0 0.172145 0.755496 0.0859285 0.0471631
0 0.264706 0.832092 0.0841984 0.0358156
0 0.264418 0.779433 0.0824683 0.0638298
0 0.35842 0.818794 0.0859285 0.0177305
0 0.174164 0.601773 0.0853518 0.0297872
0 0.267013 0.578901 0.0853518 0.0223404
0 0.172722 0.370922 0.0859285 0.035461
0 0.542676 0.205496 0.0876586 0.297518
0 0.173875 0.702128 0.0859285 0.0340426
0 0.353518 0.289716 0.0899654 0.0219858
0 0.266148 0.921454 0.0859285 0.0166667
0 0.264994 0.633511 0.0905421 0.0244681
0 0.170992 0.959574 0.0882353 0.0148936
0 0.450692 0.205674 0.0847751 0.0248227
0 0.355248 0.374823 0.0876586 0.0255319
0 0.706171 0.153014 0.205882 0.0131206
0 0.356113 0.103546 0.0859285 0.0602837
0 0.450692 0.111348 0.0859285 0.0170213
0 0.542964 0.42961 0.0824683 0.0287234
0 0.639562 0.909043 0.0703576 0.100355
0 0.452711 0.686702 0.0853518 0.0251773
0 0.266436 0.622163 0.088812 0.0457447
0 0.886678 0.834752 0.118224 0.0304965
0 0.0827566 0.884574 0.0824683 0.0251773
0 0.172434 0.283688 0.083045 0.0425532
0 0.174164 0.547518 0.0853518 0.0297872
0 0.0824683 0.664184 0.0841984 0.0262411
0 0.44925 0.474645 0.0841984 0.020922
0 0.0821799 0.639007 0.0847751 0.0212766
0 0.88985 0.267731 0.102653 0.00992908
0 0.265859 0.480319 0.0841984 0.0507092
0 0.886678 0.810638 0.118224 0.041844
0 0.354095 0.34805 0.088812 0.0251773
0 0.888985 0.921099 0.114764 0.079078
0 0.451557 0.0769504 0.0865052 0.0496454
0 0.638408 0.229433 0.0795848 0.129787
0 0.448674 0.495035 0.083045 0.0177305
0 0.35842 0.502482 0.0847751 0.0120567
0 0.450115 0.278369 0.0847751 0.0255319
0 0.265571 0.492199 0.0870819 0.0333333
0 0.355825 0.404255 0.0876586 0.029078
0 0.447809 0.547695 0.0847751 0.0131206
0 0.544118 0.739539 0.0870819 0.0514184
0 0.0807382 0.35266 0.083045 0.0322695
0 0.264994 0.868972 0.0870819 0.0308511
0 0.451269 0.626064 0.0859285 0.0294326
0 0.355825 0.153723 0.0853518 0.0379433
0 0.0813149 0.56773 0.0865052 0.0297872
0 0.450404 0.249468 0.0853518 0.0308511
0 0.358708 0.795745 0.0841984 0.0255319
0 0.450115 0.420213 0.0836217 0.012766
0 0.266148 0.949291 0.0859285 0.035461
0 0.356401 0.43156 0.0876586 0.0212766
0 0.448385 0.598227 0.0859285 0.0212766
0 0.543541 0.371808 0.0824683 0.0443262
0 0.358708 0.548227 0.0841984 0.012766
0 0.45098 0.856383 0.0818916 0.0482269
0 0.452422 0.657624 0.0847751 0.0301418
0 0.450404 0.226596 0.0841984 0.012766
0 0.889273 0.866667 0.10842 0.0248227
0 0.267013 0.555674 0.088812 0.0659574
0 0.890427 0.774645 0.107266 0.0258865
0 0.17301 0.156206 0.0899654 0.205319
0 0.540369 0.943262 0.0807382 0.0269504
0 0.713379 0.230319 0.229527 0.14078
0 0.45098 0.136525 0.0865052 0.0304965
0 0.359285 0.864362 0.0853518 0.0429078
0 0.449827 0.344858 0.083045 0.0216312
0 0.36015 0.631028 0.0836217 0.0251773
0 0.265859 0.898227 0.0865052 0.0255319
0 0.450115 0.320035 0.0824683 0.0251773
0 0.266436 0.686879 0.088812 0.0539007
0 0.172145 0.931738 0.0882353 0.0698582
0 0.774221 0.100532 0.343137 0.0911347
0 0.358997 0.525 0.0836217 0.0301418
0 0.451269 0.172518 0.0859285 0.0386525
0 0.716263 0.57695 0.202999 0.544681
0 0.263264 0.300709 0.0859285 0.268794
0 0.0818916 0.604965 0.0865052 0.0432624
0 0.449827 0.522518 0.083045 0.0336879
0 0.0818916 0.135993 0.0865052 0.174113
0 0.449827 0.445922 0.083045 0.0343972
0 0.545271 0.901773 0.0870819 0.0361702
0 0.0807382 0.50266 0.0876586 0.0336879
0 0.448385 0.570567 0.0847751 0.0304965
0 0.359862 0.664007 0.083045 0.037234
0 0.358708 0.568972 0.0841984 0.0251773
0 0.890427 0.301241 0.114187 0.0507092
0 0.359862 0.603723 0.0841984 0.0258865
0 0.35842 0.469149 0.0836217 0.0510638
0 0.888985 0.738298 0.108997 0.0347518
0 0.172145 0.842731 0.0859285 0.0946809
0 0.89158 0.207624 0.113033 0.103901
0 0.450404 0.384574 0.0818916 0.0542553
0 0.889273 0.639007 0.109573 0.0496454
0 0.0813149 0.933511 0.0818916 0.0691489
0 0.0821799 0.262943 0.0813149 0.0670213
0 0.888985 0.691844 0.11015 0.0489362
0 0.889273 0.585993 0.109573 0.0492908
0 0.889273 0.354255 0.113033 0.0496454
0 0.264994 0.0971631 0.0870819 0.0985816
0 0.361015 0.926241 0.0841984 0.0801418
0 0.889273 0.487411 0.110727 0.0443262
0 0.889273 0.535993 0.109573 0.0443262
0 0.889273 0.444149 0.11188 0.0358156
0 0.88985 0.402837 0.110727 0.0404255
0 0.450692 0.944681 0.0836217 0.0397163
