0 0.309315 0.75476 0.114453 0.131897
0 0.194444 0.610632 0.110693 0.0851981
0 0.888576 0.170605 0.100042 0.0343294
0 0.308584 0.611883 0.112991 0.116887
0 0.42335 0.185615 0.0981621 0.0154274
0 0.0816625 0.873037 0.107352 0.0332175
0 0.7665 0.219597 0.0977444 0.0700486
0 0.196011 0.400278 0.110067 0.0489229
0 0.137322 0.0771369 0.219925 0.028631
0 0.540205 0.472133 0.067878 0.0903405
0 0.0807226 0.374496 0.0891813 0.00847811
0 0.446324 0.471161 0.115288 0.0903405
0 0.310046 0.851355 0.115497 0.0896456
0 0.658208 0.1754 0.115915 0.0244614
0 0.195489 0.811605 0.108187 0.0123697
0 0.31109 0.4877 0.110485 0.131202
0 0.63231 0.472898 0.11132 0.0907575
0 0.194862 0.446699 0.1132 0.136206
0 0.702277 0.578666 0.134294 0.0935372
0 0.622598 0.576164 0.431495 0.094927
0 0.78916 0.471438 0.0787385 0.0933982
0 0.626462 0.404656 0.0394737 0.00542043
0 0.885338 0.0573315 0.113617 0.0348853
0 0.502089 0.0466296 0.95071 0.0315497
0 0.639933 0.871022 0.454887 0.0358582
0 0.654657 0.071091 0.0774854 0.00986796
0 0.427109 0.17262 0.0614035 0.0047255
0 0.63513 0.939055 0.131579 0.0460042
0 0.194131 0.72057 0.111738 0.130229
0 0.649332 0.0976373 0.0889724 0.028214
0 0.886696 0.108687 0.114244 0.0580959
0 0.67241 0.718207 0.451337 0.0863099
0 0.196324 0.376442 0.0651629 0.00430855
0 0.435673 0.56435 0.072264 0.0924253
0 0.887427 0.205837 0.10401 0.0277971
0 0.640873 0.911327 0.504804 0.101737
0 0.661341 0.471994 0.520259 0.0939541
0 0.311195 0.37533 0.066416 0.00458652
0 0.0816625 0.926685 0.110693 0.0740792
0 0.82947 0.929951 0.188596 0.0694927
0 0.524123 0.569493 0.089599 0.095205
0 0.454052 0.937248 0.155388 0.0496178
0 0.195906 0.790827 0.111529 0.0272411
0 0.873851 0.473037 0.0918964 0.0946491
0 0.0813492 0.504934 0.110067 0.179569
0 0.769841 0.255177 0.0781119 0.0130646
0 0.847222 0.791174 0.140977 0.047672
0 0.771512 0.0829048 0.109023 0.0346074
0 0.66249 0.684295 0.512531 0.522168
0 0.887427 0.242808 0.104428 0.0350243
0 0.884712 0.0694232 0.111111 0.0126477
0 0.0871972 0.687074 0.105472 0.527172
0 0.194967 0.595622 0.11132 0.422933
0 0.77381 0.163238 0.104428 0.195275
0 0.887009 0.171022 0.109023 0.180264
0 0.084482 0.401529 0.11132 0.0561501
0 0.651107 0.114871 0.103383 0.0946491
0 0.309628 0.658513 0.116333 0.471161
0 0.670008 0.342321 0.126566 0.109798
0 0.806182 0.338221 0.246449 0.135511
0 0.574875 0.785198 0.391186 0.128284
0 0.196429 0.857193 0.113409 0.0840862
0 0.312343 0.400764 0.103383 0.0412787
0 0.254699 0.93148 0.224102 0.0533704
0 0.657477 0.213204 0.112782 0.0975678
0 0.540414 0.166713 0.114662 0.205281
0 0.197368 0.273245 0.112364 0.200139
0 0.0830201 0.269354 0.113826 0.201529
0 0.427736 0.295066 0.1132 0.23155
0 0.310986 0.147533 0.113617 0.169701
0 0.136591 0.116331 0.230576 0.106185
0 0.311612 0.306185 0.112782 0.136484
0 0.422828 0.115914 0.102548 0.107297
0 0.542502 0.342252 0.11132 0.139124
