0 0.443565 0.71096 0.147208 0.0625
0 0.162884 0.763722 0.0641983 0.0455028
0 0.0828606 0.339235 0.0701702 0.0177054
0 0.860854 0.0489554 0.262765 0.0217776
0 0.26172 0.349327 0.0934607 0.0106232
0 0.146462 0.802231 0.165721 0.136686
0 0.441027 0.459543 0.144521 0.0171742
0 0.442669 0.807631 0.143028 0.0331091
0 0.205584 0.699186 0.303673 0.069051
0 0.118692 0.159614 0.146014 0.0175283
0 0.117946 0.148814 0.143326 0.0192989
0 0.445655 0.932897 0.143625 0.0524079
0 0.320394 0.899876 0.0561362 0.0246105
0 0.177366 0.0463881 0.247835 0.0272663
0 0.939236 0.0491324 0.11914 0.0154037
0 0.282622 0.797185 0.135264 0.10818
0 0.0719618 0.0446176 0.0483726 0.0276204
0 0.205584 0.938651 0.276202 0.0324009
0 0.424156 0.777886 0.103613 0.0115085
0 0.0912213 0.553913 0.0886832 0.0108003
0 0.0933114 0.139873 0.0851 0.0102691
0 0.516124 0.0976452 0.753956 0.0472734
0 0.321589 0.296654 0.0704688 0.0979108
0 0.528665 0.0478931 0.492983 0.0256728
0 0.67244 0.761154 0.636608 0.0169972
0 0.0858465 0.297893 0.0755449 0.0901204
0 0.357868 0.537624 0.617199 0.0182365
0 0.267543 0.884561 0.0698716 0.0626771
0 0.121977 0.198123 0.148403 0.100212
0 0.241266 0.761686 0.0561362 0.0439093
0 0.0948044 0.762394 0.0570319 0.0449717
0 0.517169 0.440864 0.300985 0.0134561
0 0.205136 0.297893 0.15109 0.0798513
0 0.836668 0.440421 0.312332 0.0136331
0 0.836817 0.730701 0.316811 0.0216006
0 0.447596 0.869423 0.149895 0.182897
0 0.208271 0.808074 0.294715 0.294972
0 0.124216 0.60517 0.160645 0.092068
0 0.279039 0.191484 0.153777 0.114554
0 0.686324 0.279479 0.612422 0.291254
0 0.44252 0.486809 0.148104 0.072415
0 0.283368 0.436349 0.154673 0.176523
0 0.601374 0.866236 0.145715 0.1875
0 0.601374 0.644919 0.149298 0.195644
0 0.124664 0.435021 0.154374 0.178824
0 0.598985 0.486721 0.148104 0.0747167
0 0.914751 0.865174 0.15318 0.189625
0 0.757987 0.489554 0.146014 0.0754249
0 0.758585 0.801346 0.151986 0.0580737
0 0.445208 0.64545 0.151687 0.192812
0 0.757092 0.897043 0.151986 0.124823
0 0.288743 0.600124 0.15109 0.101452
0 0.91699 0.4892 0.154076 0.0743626
0 0.840549 0.624557 0.31054 0.185021
