0 0.55214 0.396117 0.121328 0.0252044
0 0.641821 0.243052 0.716358 0.392371
0 0.69387 0.622071 0.584693 0.120163
0 0.548876 0.841144 0.120965 0.013624
0 0.360809 0.225681 0.0709104 0.0456403
0 0.321545 0.422888 0.0446137 0.0351499
0 0.225608 0.88985 0.114255 0.0339237
0 0.228147 0.323025 0.11897 0.0201635
0 0.899982 0.88154 0.112985 0.0366485
0 0.381121 0.424864 0.0716358 0.0355586
0 0.835691 0.350681 0.10156 0.0452316
0 0.749184 0.588624 0.0852376 0.0388283
0 0.345938 0.561989 0.110083 0.00844687
0 0.939518 0.685763 0.0473341 0.00831063
0 0.645811 0.255177 0.684802 0.117439
0 0.171382 0.365395 0.221618 0.0542234
0 0.340225 0.705995 0.105912 0.03297
0 0.502448 0.521867 0.0451578 0.0529973
0 0.944233 0.543052 0.0466086 0.00871935
0 0.176007 0.925 0.182626 0.0273842
0 0.682173 0.635422 0.635655 0.729155
0 0.541259 0.478065 0.149256 0.147139
0 0.626768 0.048842 0.653246 0.0341962
0 0.924102 0.22064 0.0897715 0.0344687
0 0.689699 0.717302 0.0674646 0.0356948
0 0.630305 0.130313 0.663946 0.1203
0 0.561117 0.257698 0.0671019 0.113215
0 0.871509 0.580177 0.165941 0.0265668
0 0.111625 0.213828 0.101741 0.0104905
0 0.111716 0.288965 0.105187 0.0343324
0 0.263602 0.55252 0.0386289 0.0303815
0 0.363983 0.1953 0.145448 0.00831063
0 0.167029 0.488011 0.0714545 0.0449591
0 0.571545 0.324046 0.0872325 0.00640327
0 0.451668 0.265736 0.107182 0.0938692
0 0.341404 0.689578 0.101741 0.00776567
0 0.115796 0.807221 0.103192 0.121526
0 0.227965 0.837466 0.114255 0.162398
0 0.31683 0.848161 0.0424374 0.0202997
0 0.167211 0.528338 0.0634748 0.00953679
0 0.361081 0.32391 0.13239 0.00858311
0 0.936072 0.323842 0.0585782 0.00735695
0 0.941422 0.576975 0.0554951 0.0359673
0 0.113529 0.894005 0.0982952 0.0256131
0 0.924374 0.269278 0.0957563 0.0873297
0 0.553591 0.368256 0.126043 0.0803815
0 0.394632 0.366349 0.188611 0.073297
0 0.172107 0.546458 0.226696 0.0498638
0 0.345666 0.644074 0.109177 0.0617166
0 0.942873 0.561444 0.044251 0.00681199
0 0.933442 0.700817 0.0692782 0.026158
0 0.356547 0.817575 0.130577 0.00926431
0 0.68054 0.324387 0.0672833 0.00599455
0 0.939155 0.815123 0.0505985 0.00844687
0 0.900526 0.881403 0.120239 0.106676
0 0.321092 0.88154 0.0516866 0.076703
0 0.345394 0.581403 0.108995 0.0271117
0 0.0893181 0.0371935 0.0698223 0.00926431
0 0.886199 0.634264 0.163765 0.0840599
0 0.075807 0.894142 0.0453391 0.0275204
0 0.31955 0.0708447 0.0562205 0.00626703
0 0.942329 0.0729564 0.051868 0.00749319
0 0.939155 0.196322 0.0582155 0.00681199
0 0.898622 0.131131 0.141095 0.11267
0 0.810664 0.746866 0.331157 0.114441
0 0.721618 0.883379 0.147262 0.109537
0 0.826714 0.258924 0.127856 0.11376
0 0.636652 0.258992 0.218172 0.113896
0 0.719169 0.622139 0.143816 0.114578
0 0.555586 0.13079 0.127494 0.113352
0 0.734222 0.132084 0.173195 0.109401
0 0.452122 0.750204 0.338411 0.11703
0 0.111534 0.320095 0.0972071 0.0178474
0 0.461462 0.624455 0.311026 0.113488
0 0.385292 0.258583 0.185528 0.113079
0 0.481048 0.88733 0.282009 0.115259
0 0.388375 0.130381 0.197135 0.113079
0 0.0823359 0.245845 0.049329 0.0464578
0 0.456202 0.439646 0.329888 0.226703
0 0.169931 0.731471 0.224519 0.410354
0 0.167029 0.0607629 0.226696 0.026703
0 0.113801 0.257221 0.107182 0.102725
0 0.811208 0.437602 0.322452 0.223706
0 0.226514 0.207425 0.117519 0.248093
0 0.172107 0.428065 0.226696 0.180109
0 0.112441 0.139305 0.112441 0.11921
