0 0.225 0.175654 0.25 0.0120055
0 0.223785 0.114052 0.288542 0.047038
0 0.520312 0.169061 0.276736 0.129502
0 0.29809 0.14938 0.130208 0.0145641
0 0.666493 0.431214 0.562847 0.0401496
0 0.232986 0.80742 0.0763889 0.0273568
0 0.902778 0.084137 0.127778 0.00767565
0 0.675174 0.679591 0.364931 0.0224365
0 0.838368 0.219445 0.240625 0.245621
0 0.619965 0.815686 0.0614583 0.0139736
0 0.227431 0.222299 0.253472 0.0454635
0 0.694444 0.771502 0.153472 0.125959
0 0.649479 0.778587 0.119097 0.0716394
0 0.221181 0.192285 0.2875 0.039756
0 0.142188 0.257134 0.118403 0.00767565
0 0.649653 0.489864 0.169444 0.0830545
0 0.227778 0.175556 0.129167 0.0153513
0 0.228993 0.232336 0.201042 0.0242078
0 0.224826 0.200945 0.269792 0.0251919
0 0.691146 0.492816 0.166319 0.115725
0 0.717535 0.499016 0.110764 0.0883684
0 0.720139 0.785278 0.104167 0.0850226
0 0.144271 0.113265 0.132292 0.0320803
0 0.219444 0.206259 0.284722 0.0791183
0 0.240278 0.112773 0.226389 0.0322771
0 0.519097 0.0654399 0.252083 0.0434954
0 0.674306 0.437709 0.191667 0.0409368
0 0.642361 0.491832 0.122222 0.0629797
0 0.298785 0.112478 0.119097 0.0308994
0 0.673264 0.362035 0.525 0.0269632
0 0.677951 0.717772 0.185069 0.0460539
0 0.227951 0.790494 0.293403 0.326904
0 0.618576 0.533458 0.0677083 0.01358
0 0.667882 0.399528 0.538542 0.0200748
0 0.220486 0.14938 0.278472 0.0181067
0 0.674653 0.495473 0.196528 0.171029
0 0.227431 0.882405 0.292361 0.147018
0 0.679167 0.896379 0.188889 0.127731
0 0.666493 0.682444 0.521181 0.0210588
0 0.617361 0.494489 0.075 0.0584531
0 0.680208 0.828577 0.1875 0.265302
0 0.22934 0.711769 0.285764 0.16355
0 0.675868 0.566719 0.192014 0.0320803
0 0.622917 0.776127 0.0708333 0.061602
0 0.670486 0.231057 0.561806 0.2716
0 0.872049 0.571738 0.192014 0.179492
0 0.481424 0.598406 0.188542 0.128518
0 0.480035 0.470577 0.185764 0.116906
0 0.677778 0.624877 0.188889 0.0743948
0 0.228646 0.4383 0.289931 0.349144
0 0.871528 0.444893 0.190278 0.0675064
0 0.871701 0.828183 0.189236 0.261366
0 0.486111 0.827593 0.191667 0.264908
