0 0.192289 0.882358 0.0599214 0.062047
0 0.888384 0.396588 0.09111 0.0804313
0 0.637033 0.410377 0.589882 0.093866
0 0.743124 0.836486 0.105108 0.0487891
0 0.1611 0.852837 0.116896 0.0436627
0 0.690693 0.371221 0.199656 0.0095457
0 0.196955 0.684197 0.260314 0.124624
0 0.183202 0.779654 0.0844794 0.0613399
0 0.116528 0.102263 0.120088 0.00901538
0 0.871194 0.746597 0.121071 0.0740675
0 0.276645 0.800513 0.0901277 0.0800778
0 0.189342 0.789022 0.176326 0.252961
0 0.203217 0.632314 0.271857 0.0208591
0 0.198551 0.83843 0.243369 0.175358
0 0.784995 0.770903 0.168713 0.184904
0 0.585339 0.597843 0.321464 0.135407
0 0.248895 0.303518 0.0916012 0.00919215
0 0.257981 0.88059 0.0803045 0.0164398
0 0.572569 0.741029 0.34946 0.095457
0 0.843443 0.872724 0.156925 0.0222733
0 0.612844 0.573007 0.479126 0.377055
0 0.14391 0.856903 0.0800589 0.0355312
0 0.439833 0.857787 0.166503 0.107301
0 0.770874 0.551441 0.0569745 0.0475517
0 0.836567 0.5761 0.193271 0.211419
0 0.39084 0.413912 0.0709725 0.0319958
0 0.417731 0.102263 0.133595 0.0125508
0 0.644646 0.659979 0.571218 0.597313
0 0.23944 0.0724766 0.360511 0.0296977
0 0.141822 0.482234 0.160855 0.0173237
0 0.194867 0.781156 0.273821 0.317836
0 0.714268 0.0867067 0.42166 0.0599258
0 0.269769 0.510871 0.134332 0.0233339
0 0.721144 0.235726 0.139735 0.225738
0 0.417854 0.190295 0.136788 0.138413
0 0.571218 0.236344 0.137525 0.227683
0 0.272102 0.570886 0.133595 0.0836132
0 0.417731 0.3105 0.13998 0.073714
0 0.11751 0.157416 0.13335 0.121089
0 0.26498 0.382447 0.134086 0.168464
0 0.124263 0.556214 0.132122 0.112957
0 0.118861 0.400477 0.130157 0.12922
0 0.117141 0.277974 0.131631 0.112957
0 0.264489 0.19277 0.139489 0.191091
0 0.86751 0.23661 0.134823 0.223617
