0 0.867877 0.142893 0.157532 0.0198322
0 0.268421 0.141876 0.154991 0.0101704
0 0.226679 0.547038 0.147005 0.132977
0 0.854628 0.905416 0.128857 0.00813628
0 0.70127 0.741546 0.139383 0.00686499
0 0.861706 0.609331 0.150272 0.600814
0 0.542105 0.614289 0.454809 0.411391
0 0.550454 0.0986524 0.790926 0.0640732
0 0.22196 0.643529 0.154265 0.474447
0 0.868421 0.225528 0.155717 0.185609
0 0.513612 0.272057 0.218512 0.264938
0 0.228857 0.446479 0.149183 0.0849224
0 0.385118 0.458047 0.136479 0.0994152
0 0.706534 0.249047 0.14265 0.230613
0 0.21706 0.89461 0.158984 0.0165268
0 0.380762 0.845029 0.15608 0.117213
0 0.542831 0.869057 0.148457 0.070684
0 0.271688 0.270786 0.245735 0.265446
0 0.699818 0.829901 0.144465 0.160692
