0 0.726455 0.871314 0.0470907 0.0099359
0 0.875986 0.883413 0.0892505 0.00625
0 0.365508 0.769151 0.184665 0.0447115
0 0.139793 0.176362 0.135602 0.0623397
0 0.313363 0.833894 0.0759369 0.0149038
0 0.335552 0.722596 0.158284 0.00865385
0 0.618836 0.583013 0.0468442 0.00608974
0 0.120562 0.653285 0.0784024 0.0133013
0 0.147929 0.595673 0.129684 0.00961538
0 0.718565 0.765064 0.0643491 0.00576923
0 0.610084 0.590545 0.0608974 0.0128205
0 0.859467 0.848798 0.0857988 0.00657051
0 0.449334 0.597035 0.415434 0.0120192
0 0.928131 0.0346154 0.0515286 0.00769231
0 0.510602 0.0341346 0.040927 0.00641026
0 0.135725 0.0352564 0.137327 0.00897436
0 0.875247 0.883333 0.0276134 0.00608974
0 0.363042 0.833574 0.18713 0.0190705
0 0.494083 0.0746795 0.25641 0.0413462
0 0.732865 0.874519 0.0288462 0.00769231
0 0.871179 0.880449 0.0500493 0.00865385
0 0.719798 0.835337 0.103304 0.0309295
0 0.86181 0.292147 0.0761834 0.0108974
0 0.731632 0.768189 0.0461045 0.00657051
0 0.511464 0.652404 0.167406 0.025
0 0.703156 0.224038 0.0823471 0.00576923
0 0.597633 0.622436 0.732249 0.025641
0 0.124507 0.126122 0.0981262 0.0182692
0 0.587648 0.135497 0.692061 0.0520833
0 0.364029 0.809295 0.203895 0.0246795
0 0.803501 0.750801 0.142505 0.00801282
0 0.725715 0.807212 0.11711 0.0778846
0 0.875247 0.914744 0.134615 0.0483974
0 0.334443 0.647196 0.0781558 0.0088141
0 0.874877 0.859535 0.129438 0.0283654
0 0.731632 0.909615 0.10429 0.0541667
0 0.148176 0.495192 0.143491 0.213462
0 0.790927 0.186538 0.25789 0.0455128
0 0.870685 0.445593 0.116124 0.300801
0 0.869206 0.252244 0.101331 0.0580128
0 0.337155 0.690304 0.168393 0.0725962
0 0.366864 0.768429 0.583826 0.0487179
0 0.143368 0.26266 0.145217 0.235577
0 0.363659 0.876603 0.185897 0.139103
0 0.68146 0.659054 0.159763 0.0389423
0 0.681583 0.702885 0.158531 0.0442308
0 0.162352 0.685817 0.167406 0.0822115
0 0.729043 0.409535 0.144477 0.368429
0 0.510971 0.683654 0.167406 0.0842949
0 0.874137 0.803606 0.134369 0.0790064
0 0.445266 0.373077 0.411243 0.418269
0 0.856879 0.680288 0.174803 0.0836538
0 0.169995 0.871474 0.187623 0.146474
0 0.557939 0.870994 0.185404 0.149359
