0 0.0997533 0.846165 0.111385 0.0359833
0 0.0978146 0.312831 0.103983 0.0131102
0 0.0972859 0.568201 0.111385 0.245467
0 0.661086 0.71841 0.110328 0.119665
0 0.21061 0.574477 0.105393 0.0131102
0 0.660557 0.900418 0.0994008 0.0362622
0 0.440606 0.826639 0.0726119 0.00529986
0 0.0972859 0.386471 0.107155 0.100139
0 0.660909 0.969596 0.10786 0.0167364
0 0.21061 0.244212 0.106098 0.0393305
0 0.0994008 0.550767 0.108565 0.018689
0 0.890201 0.306973 0.103278 0.0175732
0 0.0992245 0.477266 0.0764892 0.00948396
0 0.0979908 0.303068 0.103631 0.0142259
0 0.100987 0.119526 0.0884737 0.0281729
0 0.884914 0.674059 0.104688 0.00920502
0 0.889496 0.396374 0.106098 0.01841
0 0.661438 0.869038 0.108213 0.0175732
0 0.890025 0.347141 0.103631 0.0153417
0 0.886147 0.504324 0.0592175 0.00502092
0 0.100282 0.409205 0.0518153 0.0105997
0 0.885795 0.675732 0.11632 0.303766
0 0.0979908 0.241702 0.10645 0.0225941
0 0.881565 0.779637 0.10927 0.01841
0 0.0990483 0.502789 0.10645 0.0242678
0 0.435671 0.959414 0.108565 0.0315202
0 0.3227 0.357043 0.113148 0.0172943
0 0.886852 0.488563 0.109975 0.0147838
0 0.550053 0.638215 0.111033 0.0803347
0 0.211667 0.779358 0.113853 0.414505
0 0.0978146 0.417155 0.0934085 0.0136681
0 0.0988721 0.642538 0.108213 0.0225941
0 0.210962 0.903208 0.110328 0.123291
0 0.660909 0.974059 0.0909411 0.00613668
0 0.0986958 0.121757 0.0874163 0.00808926
0 0.776524 0.174198 0.0838914 0.0069735
0 0.21061 0.330683 0.107508 0.116876
0 0.888086 0.446304 0.108213 0.0273361
0 0.889848 0.229847 0.106803 0.0178522
0 0.0978146 0.340865 0.106803 0.0223152
0 0.0974621 0.478661 0.101163 0.0256625
0 0.0985196 0.604881 0.0475855 0.00585774
0 0.323229 0.845746 0.111385 0.119386
0 0.0999295 0.87378 0.108918 0.018689
0 0.887557 0.415621 0.105746 0.0128312
0 0.659852 0.343654 0.109975 0.130544
0 0.891082 0.197071 0.104336 0.0198047
0 0.77018 0.721199 0.10645 0.037099
0 0.211315 0.971409 0.111738 0.0103208
0 0.0967571 0.822734 0.111738 0.0571827
0 0.210786 0.158577 0.11068 0.105718
0 0.492422 0.0582985 0.579485 0.0396095
0 0.100634 0.400697 0.106098 0.0125523
0 0.884385 0.648117 0.11068 0.032636
0 0.890201 0.288982 0.103278 0.013947
0 0.88509 0.582427 0.104336 0.0133891
0 0.0981671 0.665551 0.111033 0.0211994
0 0.0971096 0.523013 0.108213 0.0156206
0 0.210434 0.455649 0.10927 0.13417
0 0.662143 0.762204 0.110328 0.0432357
0 0.0974621 0.251464 0.109623 0.31325
0 0.884209 0.725523 0.114558 0.0317992
0 0.885266 0.54728 0.109623 0.0195258
0 0.887029 0.472385 0.108918 0.0175732
0 0.777582 0.25523 0.12055 0.169596
0 0.0971096 0.459833 0.101163 0.0142259
0 0.101163 0.110739 0.0747268 0.00669456
0 0.890025 0.175872 0.0613324 0.00529986
0 0.100634 0.3894 0.109623 0.032357
0 0.269827 0.305858 0.127952 0.400837
0 0.437258 0.59219 0.110328 0.0541144
0 0.890553 0.134449 0.0877688 0.0401674
0 0.770532 0.683543 0.10786 0.083961
0 0.32552 0.971688 0.108918 0.0142259
0 0.099577 0.216179 0.106803 0.0145049
0 0.891611 0.290795 0.108918 0.219526
0 0.0994008 0.137936 0.10645 0.0354254
0 0.109094 0.0938633 0.0771942 0.00808926
0 0.549348 0.168061 0.111738 0.125802
0 0.89073 0.213389 0.10645 0.0608089
0 0.0983433 0.36318 0.10786 0.0317992
0 0.883504 0.848536 0.109623 0.0290098
0 0.882094 0.917852 0.113148 0.0337517
0 0.0988721 0.428452 0.110328 0.0379358
0 0.0962284 0.499721 0.10927 0.0806137
0 0.905358 0.0921897 0.0616849 0.0097629
0 0.890201 0.263598 0.105393 0.0306834
0 0.771061 0.76848 0.105393 0.0529986
0 0.891435 0.308508 0.10645 0.055788
0 0.882094 0.880753 0.107508 0.0287308
0 0.882094 0.898326 0.111738 0.139191
0 0.772118 0.765969 0.108213 0.238773
0 0.0997533 0.570014 0.111385 0.06053
0 0.100458 0.319107 0.109975 0.051325
0 0.661262 0.188285 0.11068 0.16569
0 0.0992245 0.180335 0.107508 0.0454672
0 0.771237 0.84198 0.104336 0.07894
0 0.661791 0.523849 0.111738 0.527755
0 0.0994008 0.254254 0.10927 0.0711297
0 0.884737 0.689819 0.114205 0.0440725
0 0.882975 0.784519 0.114205 0.0772664
0 0.880331 0.956764 0.110328 0.037378
0 0.884914 0.61841 0.113148 0.100418
0 0.889672 0.371409 0.105746 0.0655509
0 0.436024 0.972385 0.109975 0.0122734
0 0.0974621 0.887029 0.111738 0.181869
0 0.211667 0.795816 0.108918 0.0524407
0 0.548995 0.401255 0.110328 0.572664
0 0.209905 0.961506 0.111033 0.0329149
0 0.777582 0.254114 0.118435 0.0541144
0 0.21202 0.92636 0.111738 0.032357
0 0.323053 0.387727 0.113148 0.0769874
0 0.436376 0.248396 0.10927 0.28145
0 0.885619 0.531241 0.111033 0.0594142
0 0.213782 0.740167 0.108918 0.0582985
0 0.83398 0.136402 0.210786 0.0591353
0 0.771061 0.623989 0.107508 0.027894
0 0.436729 0.505439 0.10927 0.230404
0 0.0997533 0.638494 0.11209 0.0730823
0 0.778287 0.198326 0.11773 0.0535565
0 0.0985196 0.770014 0.111738 0.0421199
0 0.21061 0.548675 0.109623 0.0407252
0 0.324639 0.66848 0.11209 0.472245
0 0.776524 0.31841 0.11914 0.0688982
0 0.77159 0.93166 0.102926 0.0948396
0 0.212372 0.844909 0.110328 0.0451883
0 0.21061 0.319107 0.108918 0.421757
0 0.211843 0.888982 0.11068 0.0396095
0 0.88791 0.45258 0.10927 0.0867504
0 0.0986958 0.711994 0.11068 0.0683403
0 0.213782 0.607392 0.109623 0.0733612
0 0.213782 0.67643 0.111738 0.0613668
0 0.774938 0.47894 0.113148 0.0518828
0 0.662319 0.916039 0.103631 0.11046
0 0.436905 0.936681 0.108918 0.0529986
0 0.324815 0.266109 0.111738 0.319665
0 0.772471 0.581311 0.109623 0.0429568
0 0.773528 0.532497 0.111033 0.0496513
0 0.437081 0.648117 0.10927 0.0543933
0 0.5497 0.720502 0.111033 0.0764296
0 0.437258 0.776151 0.103278 0.0940028
0 0.323934 0.944073 0.11209 0.0672245
0 0.438491 0.703487 0.109975 0.0490934
0 0.775291 0.403905 0.115968 0.0898187
0 0.549524 0.797908 0.11209 0.0728033
0 0.662319 0.820642 0.11068 0.0619247
0 0.436553 0.867643 0.108918 0.0794979
0 0.549172 0.877964 0.11209 0.0761506
0 0.549524 0.948257 0.11209 0.0594142
