0 0.575685 0.643184 0.215311 0.0506252
0 0.713354 0.689234 0.331448 0.0250076
0 0.595911 0.933059 0.296651 0.0222629
0 0.848412 0.346142 0.200522 0.232998
0 0.786864 0.885483 0.0730752 0.0234828
0 0.820357 0.124428 0.0661157 0.0304971
0 0.170944 0.132052 0.173119 0.0134187
0 0.170291 0.160567 0.146585 0.0247027
0 0.850587 0.931077 0.188343 0.0414761
0 0.174859 0.0404087 0.165289 0.010064
0 0.828186 0.0949985 0.0939539 0.100335
0 0.712919 0.832113 0.427142 0.144861
0 0.717921 0.856054 0.39104 0.0292772
0 0.693562 0.547271 0.462375 0.151571
0 0.361244 0.860018 0.119617 0.185422
0 0.179426 0.856969 0.131796 0.10308
0 0.699 0.933669 0.535015 0.0430009
0 0.259026 0.118939 0.332753 0.0268374
0 0.182253 0.757701 0.0965637 0.0497103
0 0.3097 0.682983 0.0495868 0.0344617
0 0.346455 0.590271 0.121357 0.0985056
0 0.642453 0.725069 0.15746 0.0375114
0 0.350805 0.488564 0.123097 0.0451357
0 0.683776 0.408509 0.46107 0.0954559
0 0.674859 0.256633 0.479774 0.163769
0 0.170074 0.183898 0.0748151 0.00609942
0 0.778599 0.094846 0.348847 0.1104
0 0.69378 0.548338 0.474989 0.768527
0 0.69117 0.125648 0.167899 0.0487954
0 0.903871 0.0974382 0.0739452 0.0625191
0 0.691823 0.0713632 0.162244 0.0567246
0 0.264463 0.836231 0.318399 0.220799
0 0.255328 0.0908814 0.339278 0.0835621
0 0.166594 0.141507 0.174859 0.0652638
0 0.343193 0.369015 0.170509 0.0500152
0 0.261635 0.581885 0.311875 0.250686
0 0.170726 0.418878 0.170074 0.0466606
0 0.166812 0.290027 0.167464 0.198841
0 0.342105 0.24047 0.169204 0.202806
0 0.344063 0.420403 0.170509 0.0442208
0 0.514354 0.0957609 0.176164 0.118939
