0 0.239328 0.0324358 0.102264 0.0263672
0 0.171214 0.558942 0.216964 0.0339007
0 0.239699 0.441616 0.0992947 0.0302734
0 0.097346 0.0952846 0.0562361 0.0279018
0 0.349852 0.255162 0.0916852 0.0133929
0 0.693671 0.238281 0.115627 0.0265067
0 0.692372 0.20738 0.117854 0.024135
0 0.116091 0.364746 0.115999 0.201869
0 0.456756 0.0558733 0.0749814 0.0207868
0 0.114978 0.257603 0.110802 0.0174386
0 0.233946 0.454381 0.114514 0.0574777
0 0.581106 0.0342494 0.102821 0.0313895
0 0.530624 0.880511 0.0731255 0.0316685
0 0.35245 0.133371 0.0927988 0.0636161
0 0.674091 0.823033 0.0720119 0.0255301
0 0.40219 0.185268 0.21121 0.324498
0 0.114792 0.210798 0.109688 0.0915179
0 0.35644 0.0332729 0.104863 0.0179967
0 0.773664 0.81815 0.227728 0.0458984
0 0.159243 0.789202 0.207869 0.0797991
0 0.0863029 0.719238 0.0564217 0.0188337
0 0.117205 0.195801 0.111173 0.25014
0 0.348924 0.25014 0.0957684 0.0262277
0 0.693022 0.268764 0.112101 0.0977958
0 0.839087 0.560617 0.144024 0.0450614
0 0.577023 0.200056 0.112472 0.151228
0 0.347439 0.0752651 0.0924276 0.0637556
0 0.115442 0.225586 0.109131 0.0479911
0 0.575631 0.256975 0.114143 0.0192522
0 0.34716 0.291713 0.110431 0.0502232
0 0.39124 0.668666 0.196733 0.0920759
0 0.456199 0.226353 0.10245 0.069894
0 0.172606 0.527134 0.189681 0.0207868
0 0.178174 0.0637556 0.221975 0.0184152
0 0.785264 0.819824 0.134744 0.0411551
0 0.458426 0.0764509 0.0953972 0.113839
0 0.347903 0.244838 0.108946 0.150391
0 0.576745 0.13637 0.111173 0.0997489
0 0.177803 0.0583845 0.224944 0.0327846
0 0.786841 0.0758231 0.0651448 0.0294364
0 0.42075 0.200474 0.175204 0.120257
0 0.875835 0.268276 0.205271 0.094308
0 0.577301 0.182547 0.113029 0.286412
0 0.458055 0.666016 0.361173 0.598493
0 0.230605 0.758929 0.0666295 0.0147879
0 0.580271 0.341099 0.102635 0.0340402
0 0.400984 0.0883789 0.205457 0.141044
0 0.463159 0.893136 0.260765 0.0806362
0 0.824053 0.780762 0.0708983 0.0330636
0 0.810412 0.154297 0.105605 0.0365513
0 0.694413 0.0257394 0.0859317 0.00795201
0 0.345397 0.226702 0.104677 0.0864955
0 0.345861 0.163365 0.0592056 0.00697545
0 0.457034 0.0719866 0.0677431 0.00892857
0 0.0882517 0.097168 0.0365627 0.0244141
0 0.166574 0.738979 0.231069 0.40625
0 0.346325 0.293527 0.111359 0.128348
0 0.234039 0.330566 0.113215 0.0199498
0 0.11572 0.303781 0.113771 0.0690569
0 0.920471 0.801549 0.0948404 0.0749163
0 0.577209 0.162249 0.11173 0.0541295
0 0.4549 0.0477121 0.0864885 0.0518973
0 0.17938 0.0337612 0.228099 0.0279018
0 0.118782 0.128697 0.109874 0.101144
0 0.822105 0.559919 0.0855605 0.0428292
0 0.348552 0.211077 0.101707 0.0491071
0 0.808649 0.905831 0.340386 0.111607
0 0.693207 0.206682 0.115442 0.212193
0 0.347996 0.346052 0.0998515 0.0255301
0 0.421399 0.880859 0.139384 0.030971
0 0.347439 0.0962612 0.0935412 0.137277
0 0.349109 0.213588 0.106904 0.261719
0 0.385579 0.921247 0.137528 0.0263672
0 0.867762 0.307617 0.21882 0.0237165
0 0.455921 0.88065 0.260022 0.039481
0 0.831385 0.271763 0.154974 0.0876116
0 0.924647 0.153599 0.109131 0.0379464
0 0.868226 0.155692 0.226058 0.0376674
0 0.236451 0.313686 0.0790646 0.00823103
0 0.867019 0.186244 0.223274 0.0220424
0 0.164254 0.851911 0.213808 0.201869
0 0.172884 0.54548 0.219562 0.0571987
0 0.4665 0.954241 0.297513 0.015625
0 0.454621 0.783552 0.297884 0.112305
0 0.867112 0.135324 0.227543 0.0809152
0 0.178267 0.0461775 0.227357 0.0541295
0 0.116834 0.287528 0.118226 0.334542
0 0.571362 0.302316 0.105976 0.0530134
0 0.578137 0.0892857 0.112101 0.0920759
0 0.382888 0.51709 0.127691 0.150809
0 0.453786 0.201939 0.100594 0.122628
0 0.539718 0.543945 0.176689 0.345982
0 0.554102 0.300921 0.0621752 0.0482701
0 0.576466 0.230469 0.113586 0.0747768
0 0.577673 0.107422 0.113771 0.17885
0 0.872309 0.212751 0.202673 0.0267857
0 0.868318 0.20173 0.22216 0.0491071
0 0.577765 0.316476 0.112472 0.0844029
0 0.23608 0.38365 0.11804 0.135324
0 0.228842 0.116699 0.115813 0.0821708
0 0.812361 0.074986 0.115071 0.0291574
0 0.921678 0.262626 0.109874 0.0682199
0 0.119154 0.401437 0.114328 0.119001
0 0.172699 0.663225 0.224759 0.163225
0 0.811618 0.261719 0.107647 0.0666853
0 0.693671 0.249512 0.115256 0.0492467
0 0.801318 0.605887 0.338716 0.583147
0 0.866741 0.113002 0.221975 0.0426897
0 0.930122 0.050572 0.112658 0.0751953
0 0.693485 0.296666 0.109688 0.0344587
0 0.230419 0.484445 0.107461 0.0422712
0 0.812175 0.0371791 0.116555 0.038644
0 0.694785 0.162598 0.115999 0.119559
0 0.694692 0.0589425 0.107647 0.0738002
0 0.230327 0.233956 0.116555 0.148438
0 0.115813 0.487165 0.113957 0.0421317
0 0.460004 0.311663 0.109688 0.0904018
