0 0.4735 0.832556 0.122 0.100233
0 0.47375 0.873543 0.1215 0.0135975
0 0.73425 0.228438 0.0905 0.00621601
0 0.73625 0.728438 0.1255 0.0792541
0 0.8685 0.572455 0.128 0.0190365
0 0.34625 0.808858 0.1215 0.00932401
0 0.6045 0.873932 0.124 0.00971251
0 0.86725 0.351787 0.1295 0.2669
0 0.476 0.720085 0.124 0.0687646
0 0.08475 0.265152 0.1175 0.0104895
0 0.34725 0.587995 0.1235 0.0128205
0 0.738 0.633838 0.128 0.0198135
0 0.73525 0.37568 0.1275 0.040404
0 0.60375 0.758741 0.0535 0.00543901
0 0.47375 0.800311 0.1215 0.010878
0 0.0905 0.654817 0.117 0.10373
0 0.73575 0.932012 0.1295 0.029526
0 0.734 0.496504 0.125 0.027195
0 0.081 0.0423465 0.084 0.00854701
0 0.70525 0.449883 0.0675 0.0777001
0 0.86875 0.674825 0.1265 0.021756
0 0.21425 0.806333 0.1295 0.277001
0 0.3465 0.823232 0.115 0.016317
0 0.867 0.860723 0.125 0.0221445
0 0.087 0.615967 0.116 0.0959596
0 0.868 0.636752 0.125 0.018648
0 0.738 0.628205 0.127 0.038073
0 0.47475 0.691919 0.0545 0.00543901
0 0.603 0.95066 0.127 0.017094
0 0.2145 0.311383 0.127 0.0174825
0 0.86825 0.655012 0.1245 0.014763
0 0.34775 0.842657 0.1155 0.019425
0 0.21125 0.192502 0.1145 0.0135975
0 0.60425 0.904235 0.1225 0.0190365
0 0.21275 0.250971 0.1265 0.02331
0 0.76075 0.466006 0.0745 0.0345765
0 0.2125 0.241453 0.124 0.0151515
0 0.86675 0.814685 0.1245 0.011655
0 0.736 0.774281 0.125 0.013209
0 0.73575 0.942696 0.1285 0.0400155
0 0.73625 0.502914 0.1215 0.0112665
0 0.47375 0.755245 0.0385 0.00621601
0 0.21475 0.199495 0.1015 0.0104895
0 0.3715 0.70202 0.071 0.04662
0 0.59375 0.331002 0.1265 0.030303
0 0.86575 0.211733 0.0745 0.00699301
0 0.34325 0.487374 0.0975 0.00815851
0 0.7805 0.540016 0.037 0.0543901
0 0.86975 0.471251 0.1295 0.024087
0 0.7375 0.647824 0.125 0.0205905
0 0.5835 0.0947941 0.121 0.0613831
0 0.735 0.271173 0.127 0.014763
0 0.86875 0.696775 0.1265 0.0151515
0 0.21375 0.824009 0.1275 0.022533
0 0.34675 0.567016 0.1245 0.0477855
0 0.8665 0.801088 0.125 0.012432
0 0.344 0.597902 0.095 0.004662
0 0.21675 0.725136 0.1285 0.0602176
0 0.6055 0.472222 0.126 0.0268065
0 0.346 0.51418 0.125 0.0283605
0 0.393 0.649378 0.034 0.0322455
0 0.21325 0.258159 0.1275 0.0182595
0 0.735 0.356449 0.127 0.0174825
0 0.86675 0.779915 0.1245 0.0213675
0 0.3455 0.419192 0.123 0.114219
0 0.472 0.879176 0.12 0.00854701
0 0.214 0.329254 0.124 0.0120435
0 0.2145 0.27972 0.127 0.0823621
0 0.47425 0.781663 0.1215 0.013986
0 0.34525 0.755633 0.0655 0.00543901
0 0.216 0.926573 0.126 0.014763
0 0.47325 0.85101 0.1105 0.0104895
0 0.3995 0.304196 0.199 0.0660451
0 0.47575 0.658508 0.1235 0.017871
0 0.86725 0.83547 0.1265 0.0244755
0 0.476 0.517288 0.123 0.0353535
0 0.47425 0.762432 0.1205 0.0190365
0 0.34675 0.554002 0.1255 0.0497281
0 0.60425 0.772144 0.1255 0.0283605
0 0.476 0.598485 0.122 0.0532246
0 0.73475 0.298563 0.0675 0.00582751
0 0.34775 0.739316 0.0915 0.010101
0 0.2085 0.041958 0.074 0.00621601
0 0.3465 0.651321 0.122 0.0462315
0 0.473 0.373543 0.101 0.00815851
0 0.734 0.388306 0.127 0.0229215
0 0.08325 0.270202 0.1235 0.102176
0 0.4735 0.856643 0.121 0.021756
0 0.60525 0.504662 0.1255 0.029526
0 0.4745 0.811966 0.123 0.042735
0 0.2145 0.222028 0.125 0.0337995
0 0.73425 0.346542 0.1255 0.040404
0 0.214 0.582751 0.129 0.044289
0 0.34725 0.435897 0.1235 0.0590521
0 0.08275 0.292735 0.1165 0.00971251
0 0.8665 0.856838 0.126 0.157343
0 0.21625 0.543901 0.1275 0.036519
0 0.40125 0.343823 0.1745 0.011655
0 0.46975 0.381896 0.1085 0.00854701
0 0.7365 0.58547 0.129 0.148407
0 0.34775 0.613248 0.1205 0.0275835
0 0.2135 0.285548 0.124 0.031857
0 0.474 0.370047 0.078 0.00582751
0 0.73325 0.336247 0.1185 0.0190365
0 0.46975 0.371601 0.0945 0.00660451
0 0.86575 0.231546 0.1315 0.047397
0 0.47425 0.55303 0.1155 0.0337995
0 0.47525 0.0452603 0.1295 0.00893551
0 0.736 0.77331 0.127 0.0392385
0 0.34475 0.045066 0.1375 0.011655
0 0.0835 0.272339 0.124 0.02331
0 0.08775 0.589938 0.1155 0.0400155
0 0.60325 0.955517 0.1265 0.0135975
0 0.607 0.442696 0.127 0.0135975
0 0.145 0.0606061 0.106 0.010101
0 0.607 0.0448718 0.116 0.00815851
0 0.867 0.749806 0.126 0.034188
0 0.34825 0.545455 0.1265 0.0955711
0 0.73775 0.614608 0.1275 0.0590521
0 0.213 0.337607 0.128 0.032634
0 0.085 0.280497 0.121 0.033411
0 0.21125 0.18512 0.1195 0.00971251
0 0.60625 0.460761 0.1265 0.014763
0 0.73425 0.790016 0.1245 0.00893551
0 0.6055 0.477855 0.125 0.014763
0 0.60625 0.419192 0.1255 0.028749
0 0.21475 0.751554 0.1275 0.0609946
0 0.7355 0.277001 0.126 0.027195
0 0.47725 0.46892 0.1275 0.197358
0 0.76125 0.451826 0.0725 0.0637141
0 0.7355 0.243978 0.125 0.035742
0 0.73525 0.956876 0.1275 0.011655
0 0.73725 0.596931 0.1295 0.0213675
0 0.345 0.835082 0.122 0.0337995
0 0.73525 0.925991 0.1285 0.0143745
0 0.34575 0.873349 0.1235 0.038073
0 0.0875 0.648796 0.115 0.017094
0 0.7355 0.907343 0.129 0.0190365
0 0.08775 0.628205 0.1155 0.021756
0 0.34625 0.448524 0.1165 0.00893551
0 0.735 0.943085 0.128 0.0112665
0 0.73575 0.879371 0.1285 0.16589
0 0.346 0.581779 0.125 0.0190365
0 0.475 0.677156 0.121 0.016317
0 0.21375 0.265346 0.1325 0.165501
0 0.7355 0.364025 0.129 0.0745921
0 0.73475 0.780109 0.1255 0.021756
0 0.21525 0.797591 0.1285 0.025641
0 0.73825 0.619075 0.1275 0.0182595
0 0.08275 0.240482 0.1215 0.033411
0 0.14675 0.112665 0.1845 0.118104
0 0.735 0.310606 0.127 0.0299145
0 0.73875 0.638695 0.1235 0.014763
0 0.7355 0.88481 0.128 0.0221445
0 0.214 0.848679 0.127 0.109946
0 0.2165 0.76826 0.126 0.0268065
0 0.09075 0.636364 0.1155 0.03885
0 0.60425 0.88073 0.1265 0.021756
0 0.34675 0.539627 0.1265 0.017871
0 0.2145 0.737956 0.128 0.0361305
0 0.73475 0.257381 0.1245 0.0672106
0 0.73575 0.857809 0.1295 0.028749
0 0.348 0.50505 0.125 0.042735
0 0.3465 0.559829 0.128 0.020202
0 0.738 0.0493395 0.12 0.013986
0 0.87025 0.587413 0.1325 0.717172
0 0.08475 0.578671 0.1085 0.0167055
0 0.869 0.048951 0.117 0.013209
0 0.47475 0.740287 0.1225 0.0174825
0 0.08525 0.315851 0.1215 0.03108
0 0.6035 0.915501 0.129 0.0967366
0 0.73425 0.214258 0.1205 0.0143745
0 0.4745 0.863636 0.124 0.03885
0 0.47525 0.709402 0.1225 0.03885
0 0.4745 0.771368 0.126 0.0361305
0 0.474 0.831391 0.122 0.020979
0 0.47375 0.806138 0.1215 0.020979
0 0.4765 0.535742 0.123 0.0699301
0 0.7355 0.749806 0.121 0.03108
0 0.3485 0.635392 0.127 0.0765346
0 0.08775 0.60237 0.1145 0.0236985
0 0.58875 0.20843 0.1415 0.277001
0 0.3455 0.910839 0.122 0.0275835
0 0.73675 0.705711 0.1235 0.0524476
0 0.73725 0.66181 0.1205 0.0252525
0 0.34675 0.741647 0.1245 0.013209
0 0.08475 0.199883 0.1235 0.0423465
0 0.736 0.820513 0.128 0.042735
0 0.4765 0.648407 0.124 0.0707071
0 0.60625 0.443667 0.1245 0.0823621
0 0.3455 0.468143 0.121 0.022533
0 0.345 0.855866 0.124 0.0730381
0 0.085 0.361694 0.119 0.0536131
0 0.0825 0.410256 0.121 0.025641
0 0.737 0.548563 0.128 0.0722611
0 0.214 0.921911 0.128 0.028749
0 0.735 0.458236 0.13 0.104507
0 0.86525 0.951243 0.1245 0.0221445
0 0.21425 0.565462 0.1285 0.0811966
0 0.08875 0.680847 0.1165 0.0439005
0 0.404 0.204934 0.191 0.289433
0 0.47275 0.591492 0.0915 0.0345765
0 0.21625 0.951826 0.1275 0.027195
0 0.604 0.807498 0.128 0.108392
0 0.4735 0.923854 0.111 0.0675991
0 0.34775 0.70474 0.1235 0.0520591
0 0.6065 0.383061 0.125 0.033411
0 0.34575 0.784577 0.1245 0.0609946
0 0.47525 0.443473 0.1255 0.113054
0 0.215 0.696193 0.13 0.043512
0 0.3455 0.946387 0.126 0.035742
0 0.3455 0.424437 0.119 0.0337995
0 0.0835 0.497863 0.12 0.137918
0 0.60675 0.621989 0.1265 0.260295
0 0.2145 0.63986 0.131 0.0621601
0 0.34475 0.384033 0.1215 0.0400155
0 0.216 0.480769 0.127 0.0819736
0 0.803 0.132867 0.244 0.138306
0 0.087 0.834887 0.119 0.25641
0 0.2125 0.398407 0.131 0.0773116
