0 0.365625 0.433511 0.09375 0.0264429
0 0.556658 0.598652 0.0883152 0.00889906
0 0.554891 0.824434 0.0831522 0.0251716
0 0.746739 0.721078 0.0918478 0.0223748
0 0.464402 0.0902619 0.0771739 0.00762777
0 0.651087 0.526443 0.0956522 0.105009
0 0.171875 0.714594 0.0964674 0.48182
0 0.363995 0.355708 0.0932065 0.0325451
0 0.547826 0.773074 0.0663043 0.0302568
0 0.745652 0.709255 0.0679348 0.0129672
0 0.940897 0.405161 0.0709239 0.129418
0 0.269022 0.166921 0.0940217 0.0185609
0 0.94375 0.793288 0.0663043 0.0142385
0 0.942255 0.56687 0.069837 0.0536486
0 0.838043 0.29939 0.0858696 0.0668701
0 0.745245 0.0905161 0.0796196 0.00966184
0 0.547011 0.63285 0.0592391 0.0467836
0 0.363859 0.157005 0.0934783 0.116705
0 0.941712 0.799008 0.0578804 0.00940758
0 0.743886 0.0875922 0.0415761 0.00533944
0 0.745924 0.206077 0.0902174 0.0180524
0 0.17337 0.13908 0.0967391 0.0437325
0 0.553668 0.795957 0.0769022 0.0256801
0 0.688723 0.46326 0.104076 0.211035
0 0.938859 0.935418 0.0603261 0.01373
0 0.837908 0.0896262 0.0421196 0.00635647
0 0.554891 0.741419 0.0793478 0.0172896
0 0.884647 0.196161 0.0980978 0.223494
0 0.556386 0.676456 0.082337 0.0948385
0 0.554212 0.931732 0.0850543 0.00584795
0 0.36481 0.0860666 0.0796196 0.00839054
0 0.74769 0.473303 0.0828804 0.0358505
0 0.747962 0.630943 0.032337 0.00533944
0 0.74538 0.361302 0.0891304 0.0142385
0 0.941576 0.779049 0.0668478 0.0361048
0 0.746875 0.718281 0.0638587 0.00610221
0 0.74769 0.512967 0.0703804 0.0317824
0 0.366033 0.792143 0.0543478 0.00533944
0 0.947283 0.0917874 0.0538043 0.00813628
0 0.942391 0.723748 0.0695652 0.0790745
0 0.556386 0.77193 0.0817935 0.0798373
0 0.556386 0.850369 0.0834239 0.0714467
0 0.842527 0.932749 0.0883152 0.00991609
0 0.942391 0.639334 0.0684783 0.0856852
0 0.27038 0.196288 0.0929348 0.0305111
0 0.55625 0.769896 0.0869565 0.327994
0 0.170788 0.121536 0.0790761 0.00813628
0 0.94212 0.575261 0.0711957 0.454869
0 0.173234 0.593949 0.09375 0.0757691
0 0.363587 0.48538 0.0923913 0.0132215
0 0.173098 0.506738 0.0934783 0.0976354
0 0.364538 0.759344 0.09375 0.0597508
0 0.175951 0.922832 0.092663 0.0190694
0 0.747826 0.735189 0.0940217 0.0256801
0 0.745516 0.451309 0.0899457 0.156115
0 0.842527 0.388635 0.0932065 0.25197
0 0.842391 0.692855 0.0940217 0.225273
0 0.365217 0.46237 0.0934783 0.0266972
0 0.651902 0.334223 0.0956522 0.493008
0 0.842799 0.551106 0.0888587 0.0592423
0 0.650136 0.629799 0.0964674 0.0956013
0 0.942255 0.869819 0.0682065 0.13374
0 0.174864 0.872616 0.092663 0.0813628
0 0.364538 0.67137 0.0921196 0.115688
0 0.556658 0.583905 0.09375 0.0358505
0 0.94144 0.223875 0.0714674 0.249936
0 0.747011 0.174167 0.0913043 0.0808543
0 0.747826 0.345029 0.0907609 0.0462751
0 0.746875 0.107424 0.0915761 0.0465294
0 0.555299 0.910247 0.0855978 0.0386473
0 0.460734 0.57971 0.0942935 0.239003
0 0.174592 0.78121 0.0932065 0.0983982
0 0.173098 0.707348 0.0940217 0.0452581
0 0.269158 0.146834 0.0932065 0.126875
0 0.649728 0.736206 0.0967391 0.118739
0 0.364402 0.179252 0.0929348 0.0300025
0 0.364402 0.110603 0.0929348 0.0523773
0 0.364674 0.39283 0.0934783 0.103738
0 0.840489 0.173277 0.0929348 0.174676
0 0.171467 0.0986524 0.0940217 0.0315281
0 0.461005 0.338164 0.0953804 0.243071
0 0.364674 0.24447 0.0934783 0.0256801
0 0.364674 0.211925 0.0934783 0.0287312
0 0.36413 0.15014 0.0923913 0.020595
0 0.747147 0.295576 0.0877717 0.0480549
0 0.746875 0.67315 0.0899457 0.078566
0 0.746739 0.243707 0.0929348 0.0505975
0 0.364674 0.274472 0.0929348 0.0292398
0 0.364538 0.553903 0.0932065 0.116705
0 0.173234 0.658022 0.09375 0.0508518
0 0.842527 0.872362 0.0932065 0.132723
0 0.459375 0.151538 0.0959239 0.119502
0 0.269158 0.271421 0.0942935 0.103992
0 0.173505 0.397661 0.094837 0.115942
0 0.555978 0.546784 0.0940217 0.0338164
0 0.269022 0.42029 0.0951087 0.18866
0 0.173098 0.234554 0.0961957 0.209255
0 0.269973 0.786295 0.0932065 0.124333
0 0.269701 0.892448 0.092663 0.0823799
0 0.460598 0.757818 0.0951087 0.116705
0 0.36481 0.865751 0.09375 0.136283
0 0.555978 0.320239 0.0940217 0.17315
0 0.747826 0.585177 0.0918478 0.078566
0 0.46087 0.87643 0.0940217 0.117976
0 0.555571 0.158276 0.0942935 0.146707
0 0.555571 0.468853 0.09375 0.115434
0 0.747418 0.820747 0.094837 0.136791
0 0.269022 0.620773 0.0961957 0.201119
0 0.650543 0.867658 0.0951087 0.135011
0 0.364538 0.315917 0.0932065 0.0424612
0 0.747283 0.914188 0.0934783 0.0470379
