0 0.256907 0.588796 0.042349 0.00755442
0 0.143176 0.19443 0.0544251 0.0728553
0 0.230769 0.480602 0.0833747 0.00806658
0 0.34177 0.945583 0.104549 0.0402049
0 0.124318 0.386172 0.088172 0.0122919
0 0.12316 0.821575 0.0947891 0.0121639
0 0.11646 0.121575 0.0631927 0.0078105
0 0.891811 0.485339 0.101902 0.00601793
0 0.206038 0.311844 0.05244 0.0667093
0 0.227957 0.269462 0.0926385 0.0113956
0 0.779901 0.790845 0.0755997 0.00960307
0 0.122829 0.509411 0.0974359 0.0103713
0 0.236476 0.600768 0.0593879 0.00973111
0 0.859636 0.934059 0.0451613 0.0235595
0 0.122829 0.584059 0.0990902 0.0165173
0 0.558644 0.477337 0.104218 0.100896
0 0.340695 0.86927 0.106369 0.0338028
0 0.889909 0.722279 0.0842018 0.0115237
0 0.150041 0.522983 0.0320926 0.00909091
0 0.0934657 0.714085 0.0377171 0.00691421
0 0.891067 0.510884 0.0888337 0.0135723
0 0.229032 0.617478 0.101737 0.0198463
0 0.340033 0.906146 0.105707 0.0448143
0 0.255666 0.315301 0.0425145 0.068758
0 0.374607 0.780858 0.0329198 0.0810499
0 0.0967742 0.193534 0.0479735 0.0705506
0 0.343424 0.834699 0.102895 0.0330346
0 0.338627 0.163508 0.105873 0.022023
0 0.187758 0.252305 0.191894 0.276697
0 0.89512 0.322215 0.115136 0.0103713
0 0.230935 0.643918 0.101241 0.0230474
0 0.887262 0.850256 0.104053 0.0992318
0 0.229198 0.60653 0.101737 0.0202305
0 0.251613 0.195134 0.0449959 0.0729834
0 0.147891 0.542958 0.0363937 0.0451985
0 0.2311 0.683611 0.0972705 0.0102433
0 0.78048 0.618182 0.0585608 0.00460947
0 0.891315 0.599936 0.103226 0.0152369
0 0.121423 0.250128 0.0906534 0.0306018
0 0.202151 0.194622 0.0466501 0.0734955
0 0.147725 0.691101 0.0449959 0.0213828
0 0.891977 0.49379 0.104549 0.00832266
0 0.123325 0.48886 0.101075 0.0192061
0 0.491811 0.697823 0.159801 0.461972
0 0.891067 0.556018 0.110008 0.0764405
0 0.121919 0.713636 0.103226 0.00883483
0 0.548718 0.615237 0.118776 0.178489
0 0.228122 0.771511 0.0979322 0.00806658
0 0.228288 0.3758 0.0989247 0.0366197
0 0.146567 0.314597 0.0479735 0.0752881
0 0.409347 0.976184 0.0679901 0.0112676
0 0.122911 0.50128 0.0995864 0.0161332
0 0.1 0.308899 0.0401985 0.0682458
0 0.894376 0.329706 0.107361 0.00537772
0 0.885608 0.911396 0.0885029 0.00768246
0 0.122498 0.479962 0.0990902 0.0116517
0 0.33871 0.0902689 0.104715 0.0332907
0 0.123573 0.686556 0.10488 0.321127
0 0.891729 0.602113 0.0845327 0.00550576
0 0.17105 0.923239 0.197519 0.0516005
0 0.254921 0.555122 0.0529363 0.0761844
0 0.562283 0.891677 0.107858 0.146223
0 0.891563 0.517157 0.0888337 0.00614597
0 0.2311 0.667029 0.100579 0.0175416
0 0.892142 0.487196 0.0549214 0.00486556
0 0.23416 0.0691421 0.330356 0.0171575
0 0.230769 0.714661 0.103226 0.218054
0 0.33962 0.777913 0.102895 0.0828425
0 0.892308 0.44219 0.0790736 0.00704225
0 0.178577 0.190141 0.209264 0.0816901
0 0.123987 0.309027 0.0944582 0.148912
0 0.120017 0.135595 0.0941274 0.0353393
0 0.889495 0.723944 0.0598842 0.00460947
0 0.2311 0.635851 0.102564 0.0791293
0 0.892721 0.408707 0.0977667 0.0056338
0 0.227874 0.405058 0.0990902 0.0121639
0 0.884863 0.958259 0.0952854 0.018694
0 0.174442 0.0895647 0.209595 0.0370038
0 0.228619 0.335019 0.0999173 0.112548
0 0.125889 0.833739 0.0999173 0.0377721
0 0.885939 0.89251 0.102068 0.0201024
0 0.228701 0.708643 0.10273 0.0567221
0 0.886352 0.829962 0.101902 0.0261204
0 0.12316 0.53822 0.0967742 0.110243
0 0.885856 0.863252 0.101902 0.0320102
0 0.228536 0.790525 0.0997519 0.0327785
0 0.225062 0.134571 0.088172 0.0317542
0 0.123408 0.787516 0.101902 0.0431498
0 0.216129 0.554738 0.0795699 0.07516
0 0.121919 0.675672 0.103226 0.0650448
0 0.229446 0.255506 0.0979322 0.0393086
0 0.230438 0.831306 0.098263 0.0426376
0 0.228371 0.753777 0.102399 0.0227913
0 0.891315 0.931562 0.0863524 0.0306018
0 0.781638 0.330346 0.106203 0.0130602
0 0.338792 0.128681 0.107527 0.0955186
0 0.560877 0.706018 0.106369 0.537516
0 0.228122 0.491869 0.100248 0.031114
0 0.88933 0.708451 0.106534 0.0138284
0 0.890819 0.559539 0.106865 0.0169014
0 0.228867 0.44443 0.102399 0.0581306
0 0.895368 0.308707 0.111001 0.0184379
0 0.891232 0.532779 0.111332 0.0245839
0 0.124069 0.432714 0.101572 0.07516
0 0.448553 0.0676697 0.105707 0.0190781
0 0.892887 0.425608 0.109347 0.0194622
0 0.891894 0.502945 0.11067 0.015621
0 0.122498 0.741549 0.102068 0.0393086
0 0.122333 0.37356 0.0934657 0.0367478
0 0.896113 0.359155 0.111166 0.0617157
0 0.340199 0.854609 0.11067 0.231114
0 0.669479 0.635403 0.10885 0.376568
0 0.891977 0.464277 0.108519 0.0322663
0 0.890902 0.582586 0.107361 0.0233035
0 0.67072 0.93694 0.104715 0.0672215
0 0.122498 0.61959 0.105376 0.0412292
0 0.88933 0.652817 0.103888 0.0979513
0 0.779653 0.946223 0.103226 0.0445583
0 0.888586 0.771959 0.104384 0.0855314
0 0.669975 0.865813 0.105211 0.0658131
0 0.339041 0.31735 0.107361 0.263636
0 0.779901 0.592958 0.108685 0.0289373
0 0.452275 0.623047 0.107527 0.180282
0 0.897105 0.235723 0.115467 0.0637644
0 0.780149 0.771703 0.105542 0.0253521
0 0.340612 0.536556 0.108519 0.176825
0 0.449462 0.1742 0.109181 0.189117
0 0.780562 0.265429 0.109347 0.127273
0 0.451034 0.463444 0.105707 0.129193
0 0.56038 0.181882 0.108354 0.247247
0 0.451613 0.812804 0.108189 0.192061
0 0.558644 0.366325 0.101572 0.110371
0 0.452357 0.334059 0.108354 0.122151
0 0.340033 0.679577 0.108354 0.105378
0 0.77957 0.812036 0.105707 0.0466069
0 0.452854 0.941549 0.108023 0.0482714
0 0.78048 0.537772 0.107527 0.078105
0 0.781224 0.397439 0.108354 0.115237
0 0.670637 0.122855 0.106534 0.130218
0 0.838792 0.127849 0.227461 0.138156
0 0.780562 0.476953 0.109677 0.0391805
0 0.672126 0.314789 0.109181 0.24315
0 0.779735 0.689117 0.092804 0.132907
0 0.779818 0.88009 0.105873 0.0766965
