0 0.375157 0.0935057 0.125052 0.0865905
0 0.913345 0.0592303 0.147293 0.0120265
0 0.1624 0.40439 0.109945 0.0384847
0 0.276962 0.302465 0.361729 0.273602
0 0.809274 0.936109 0.282417 0.0123271
0 0.949434 0.438515 0.0751154 0.0117258
0 0.545741 0.0619363 0.180864 0.0198437
0 0.168485 0.398677 0.107847 0.0234516
0 0.340537 0.305622 0.212757 0.229405
0 0.275913 0.170325 0.342845 0.0460012
0 0.777381 0.590649 0.273185 0.0243536
0 0.622325 0.440469 0.329836 0.020445
0 0.814939 0.251503 0.328158 0.017739
0 0.275073 0.471738 0.342006 0.0853879
0 0.280739 0.0966627 0.335711 0.0898978
0 0.901385 0.488725 0.171213 0.0658449
0 0.816408 0.158298 0.321863 0.157246
0 0.902014 0.548106 0.173311 0.04089
0 0.538817 0.769242 0.171213 0.221587
0 0.168065 0.289838 0.122954 0.182201
0 0.812212 0.769092 0.344524 0.32291
0 0.271087 0.621016 0.341586 0.203548
0 0.72073 0.292694 0.171632 0.0544197
0 0.539446 0.915213 0.169115 0.0589296
0 0.72136 0.375075 0.171213 0.0917017
0 0.539236 0.193175 0.172052 0.230006
0 0.716744 0.511275 0.169534 0.112748
0 0.274024 0.836741 0.342426 0.20926
0 0.900755 0.341551 0.171632 0.156344
0 0.536928 0.552916 0.169115 0.196633
0 0.539866 0.371618 0.171632 0.102826
