0 0.315 0.906022 0.119 0.0306866
0 0.55625 0.810702 0.1115 0.0134254
0 0.1495 0.311469 0.178 0.14346
0 0.1965 0.798619 0.076 0.0130418
0 0.3085 0.0604143 0.096 0.0195627
0 0.195 0.0329881 0.105 0.00843882
0 0.6795 0.547372 0.123 0.0245493
0 0.55775 0.507672 0.1095 0.0479478
0 0.80225 0.262754 0.1165 0.0759494
0 0.43425 0.57499 0.0455 0.00537016
0 0.07625 0.306483 0.1125 0.0153433
0 0.55775 0.827771 0.0795 0.00997315
0 0.55775 0.565401 0.1075 0.0245493
0 0.07625 0.138857 0.1195 0.0314538
0 0.55625 0.600499 0.1165 0.0341389
0 0.19575 0.130226 0.1085 0.0187955
0 0.31675 0.626966 0.1155 0.0118911
0 0.31575 0.614308 0.1205 0.0287687
0 0.43375 0.0659762 0.2195 0.0329881
0 0.587 0.15957 0.056 0.0245493
0 0.68425 0.71519 0.1085 0.053318
0 0.19525 0.367664 0.1095 0.021097
0 0.552 0.718642 0.122 0.462984
0 0.07475 0.616226 0.1245 0.062524
0 0.432 0.865171 0.063 0.00575374
0 0.922 0.175873 0.115 0.0280015
0 0.1965 0.780207 0.1 0.0168776
0 0.5885 0.039509 0.069 0.0107403
0 0.19325 0.282317 0.1105 0.0191791
0 0.434 0.794208 0.041 0.00498657
0 0.80025 0.757192 0.1105 0.140391
0 0.19675 0.343115 0.1105 0.0195627
0 0.19625 0.110664 0.1075 0.0180284
0 0.075 0.17127 0.114 0.0280015
0 0.0745 0.19486 0.031 0.00537016
0 0.07775 0.0464135 0.1195 0.0337553
0 0.197 0.34043 0.112 0.0771001
0 0.077 0.322593 0.116 0.0506329
0 0.1945 0.393939 0.116 0.0237821
0 0.80125 0.488109 0.1175 0.0141926
0 0.55825 0.45608 0.1115 0.0475642
0 0.077 0.844074 0.118 0.0318374
0 0.43575 0.87687 0.1175 0.224779
0 0.197 0.217875 0.111 0.0322209
0 0.076 0.712313 0.119 0.0176448
0 0.07675 0.687764 0.1175 0.0283851
0 0.07625 0.0809359 0.1245 0.0306866
0 0.58325 0.105869 0.0795 0.103567
0 0.1965 0.558113 0.114 0.013809
0 0.16525 0.11028 0.1795 0.156885
0 0.43675 0.636555 0.1165 0.0494822
0 0.19575 0.31051 0.0835 0.0157269
0 0.437 0.596855 0.117 0.0452628
0 0.19875 0.761412 0.1105 0.229382
0 0.296 0.0861143 0.067 0.0295359
0 0.198 0.860951 0.106 0.021097
0 0.19425 0.264864 0.1185 0.0556195
0 0.07725 0.661488 0.1185 0.0233985
0 0.07525 0.268316 0.1135 0.0548523
0 0.31725 0.763521 0.1195 0.0249329
0 0.55725 0.975643 0.1205 0.0149597
0 0.55625 0.953011 0.1225 0.0257
0 0.0735 0.693517 0.128 0.463368
0 0.19525 0.23341 0.1205 0.409283
0 0.0785 0.707135 0.122 0.0924434
0 0.68175 0.272919 0.1175 0.0418105
0 0.077 0.738588 0.118 0.0295359
0 0.4985 0.120061 0.091 0.0544687
0 0.80425 0.0416187 0.1175 0.0241657
0 0.07625 0.767165 0.1165 0.0260836
0 0.31575 0.718642 0.1185 0.057921
0 0.317 0.0397008 0.113 0.00958957
0 0.68075 0.337553 0.1175 0.0866897
0 0.197 0.827004 0.11 0.0629076
0 0.317 0.725738 0.121 0.27618
0 0.318 0.846759 0.117 0.0471807
0 0.31775 0.802839 0.1175 0.0406598
0 0.07725 0.365362 0.1185 0.0318374
0 0.194 0.969889 0.117 0.0233985
0 0.196 0.906598 0.115 0.0257
0 0.077 0.816647 0.119 0.0721135
0 0.0765 0.109896 0.123 0.156885
0 0.1965 0.762179 0.109 0.0529344
0 0.19475 0.455121 0.1195 0.114691
0 0.07475 0.288454 0.1185 0.187188
0 0.43725 0.666091 0.1175 0.189106
0 0.3865 0.118143 0.098 0.0652091
0 0.195 0.939202 0.119 0.0410433
0 0.07475 0.917722 0.1195 0.113157
0 0.67925 0.83621 0.1255 0.301496
0 0.075 0.962025 0.116 0.0375911
0 0.076 0.214998 0.117 0.0448792
0 0.1975 0.633295 0.106 0.0306866
0 0.43475 0.773494 0.1175 0.0287687
0 0.0725 0.508822 0.111 0.252781
0 0.1965 0.712888 0.109 0.0387418
0 0.85725 0.835251 0.2535 0.291139
0 0.19725 0.599348 0.1065 0.0295359
0 0.55625 0.632911 0.1175 0.106636
0 0.557 0.748945 0.117 0.131569
0 0.19725 0.670886 0.1065 0.0368239
0 0.68125 0.204066 0.1175 0.346759
0 0.436 0.806099 0.116 0.0295359
0 0.3745 0.38224 0.213 0.0318374
0 0.5565 0.844457 0.119 0.044112
0 0.4335 0.881089 0.117 0.0391254
0 0.19525 0.541427 0.1145 0.048715
0 0.31625 0.592443 0.1195 0.0517837
0 0.316 0.664557 0.118 0.0494822
0 0.43525 0.840621 0.1155 0.0333717
0 0.31575 0.930188 0.1195 0.106636
0 0.4345 0.9229 0.114 0.0368239
0 0.556 0.386843 0.112 0.0433448
0 0.80175 0.20445 0.1095 0.0268508
0 0.43525 0.964135 0.1115 0.0379747
0 0.445 0.201189 0.363 0.308017
0 0.30575 0.444572 0.0695 0.0613732
0 0.55725 0.90583 0.1165 0.0648255
0 0.68 0.429996 0.121 0.0912927
0 0.55775 0.495013 0.1125 0.162255
0 0.67925 0.519563 0.1235 0.0855389
0 0.803 0.119678 0.117 0.138857
0 0.79625 0.626391 0.3705 0.111239
0 0.37575 0.485999 0.2235 0.144227
0 0.801 0.522823 0.12 0.0805524
0 0.922 0.0955121 0.117 0.131185
0 0.8015 0.349444 0.12 0.250863
0 0.9225 0.250096 0.12 0.175681
0 0.92325 0.451669 0.1215 0.223629
