0 0.531 0.157118 0.267 0.0119508
0 0.6355 0.785413 0.045 0.00527241
0 0.6395 0.130404 0.044 0.0210896
0 0.51175 0.843234 0.2095 0.0611599
0 0.53075 0.795782 0.2255 0.0210896
0 0.529 0.242531 0.282 0.0267135
0 0.2985 0.672935 0.123 0.00808436
0 0.5235 0.431459 0.272 0.0404218
0 0.82425 0.296309 0.2695 0.0231986
0 0.4565 0.720914 0.092 0.0253076
0 0.81925 0.945694 0.2995 0.0235501
0 0.92525 0.908787 0.0795 0.0383128
0 0.3035 0.229877 0.143 0.210193
0 0.533 0.317223 0.226 0.0460457
0 0.3025 0.13304 0.145 0.0186292
0 0.5305 0.372232 0.23 0.0485062
0 0.52 0.894552 0.269 0.0407733
0 0.5255 0.267487 0.195 0.0133568
0 0.62025 0.070123 0.0825 0.00949033
0 0.611 0.192619 0.121 0.0126538
0 0.43525 0.0683656 0.0705 0.00808436
0 0.302 0.337434 0.055 0.0056239
0 0.59525 0.575571 0.1425 0.0158172
0 0.458 0.68348 0.083 0.0643234
0 0.2995 0.46362 0.135 0.0112478
0 0.43575 0.191037 0.1105 0.0123023
0 0.8295 0.0787346 0.252 0.0372583
0 0.30125 0.118102 0.0465 0.00632689
0 0.7715 0.190861 0.137 0.10826
0 0.91125 0.192619 0.1265 0.153251
0 0.45025 0.679262 0.1165 0.14587
0 0.1545 0.773989 0.146 0.0161687
0 0.302 0.355536 0.142 0.0397188
0 0.2975 0.480492 0.139 0.0449912
0 0.5195 0.8471 0.073 0.0541301
0 0.59475 0.522496 0.1475 0.0980668
0 0.29325 0.72478 0.0965 0.0330404
0 0.29675 0.684886 0.1395 0.031283
0 0.2975 0.58471 0.141 0.0671353
0 0.302 0.147979 0.15 0.0639719
0 0.597 0.680668 0.121 0.156415
0 0.3015 0.391916 0.139 0.0295255
0 0.153 0.843585 0.148 0.0168717
0 0.15225 0.54464 0.1475 0.0165202
0 0.829 0.192443 0.269 0.261863
0 0.71725 0.909842 0.0825 0.0488576
0 0.29725 0.646397 0.1405 0.0358524
0 0.15225 0.933392 0.1285 0.0390158
0 0.15225 0.744815 0.1445 0.0667838
0 0.29975 0.859578 0.1405 0.0467487
0 0.30125 0.433392 0.1425 0.0463972
0 0.30175 0.202285 0.1495 0.0404218
0 0.154 0.276098 0.144 0.431283
0 0.3 0.526362 0.142 0.0425308
0 0.44475 0.523726 0.1385 0.0927944
0 0.5275 0.113884 0.271 0.102636
0 0.30325 0.246573 0.1395 0.0390158
0 0.303 0.298418 0.146 0.059051
0 0.3 0.76942 0.141 0.0393673
0 0.3005 0.813884 0.137 0.0383128
0 0.1535 0.809842 0.146 0.0428822
0 0.52875 0.227768 0.2935 0.0913884
0 0.52575 0.373111 0.2675 0.159227
0 0.8155 0.787873 0.27 0.162742
0 0.82225 0.920562 0.2885 0.0738137
0 0.151 0.515466 0.148 0.0333919
0 0.82225 0.551494 0.2585 0.278383
0 0.822 0.36942 0.259 0.0513181
0 0.2995 0.92109 0.141 0.0615114
0 0.152 0.882601 0.146 0.0513181
0 0.5225 0.86696 0.28 0.167663
0 0.3055 0.0831283 0.153 0.0544815
0 0.1515 0.632865 0.147 0.147979
