0 0.586277 0.88908 0.0828804 0.0094583
0 0.26053 0.640155 0.171875 0.0558899
0 0.430367 0.160791 0.0822011 0.0206363
0 0.330163 0.178418 0.09375 0.0197764
0 0.38553 0.19626 0.199049 0.0116079
0 0.310122 0.63822 0.185462 0.05546
0 0.585938 0.91423 0.118886 0.0460017
0 0.323709 0.819218 0.101223 0.0838349
0 0.717391 0.570292 0.453804 0.563629
0 0.713655 0.647249 0.42731 0.0984523
0 0.266304 0.725279 0.172554 0.0739467
0 0.544497 0.629837 0.0672554 0.00601892
0 0.813859 0.190456 0.09375 0.0343938
0 0.327446 0.396389 0.0910326 0.0266552
0 0.587636 0.858555 0.0896739 0.0309544
0 0.267663 0.496776 0.429348 0.0941531
0 0.387908 0.213886 0.195652 0.0150473
0 0.157609 0.174334 0.201087 0.0580396
0 0.375 0.760103 0.0638587 0.00515907
0 0.158967 0.150258 0.199728 0.0245056
0 0.0774456 0.870378 0.0339674 0.00558899
0 0.0930706 0.734093 0.0584239 0.0537403
0 0.710598 0.323087 0.455163 0.527515
0 0.667799 0.58147 0.09375 0.0786758
0 0.0852581 0.597592 0.060462 0.00773861
0 0.590353 0.890585 0.0502717 0.00902838
0 0.527514 0.440671 0.0495924 0.00687876
0 0.535666 0.258813 0.0618207 0.00773861
0 0.33356 0.818358 0.186141 0.0864144
0 0.277514 0.66509 0.405571 0.0911436
0 0.326087 0.0812554 0.0910326 0.0249355
0 0.585258 0.923904 0.110734 0.0283749
0 0.267663 0.290198 0.127717 0.0472915
0 0.283967 0.366724 0.245924 0.0842648
0 0.325408 0.369304 0.0923913 0.0825451
0 0.719429 0.394239 0.179348 0.0713672
0 0.110734 0.462812 0.10462 0.0709372
0 0.27072 0.851462 0.419158 0.103611
0 0.713995 0.153912 0.427989 0.16595
0 0.581861 0.677773 0.147418 0.0907137
0 0.527514 0.536543 0.0441576 0.00687876
0 0.272079 0.771496 0.442255 0.408856
0 0.076087 0.228934 0.0366848 0.00472915
0 0.217052 0.638435 0.0903533 0.0533104
0 0.411685 0.725709 0.13587 0.0765262
0 0.740829 0.679063 0.188179 0.0829751
0 0.0822011 0.684007 0.0434783 0.00687876
0 0.878736 0.582115 0.0930706 0.0799656
0 0.712976 0.256879 0.424592 0.0975924
0 0.268003 0.778805 0.425951 0.150903
0 0.109715 0.822227 0.0971467 0.088994
0 0.588655 0.929278 0.0971467 0.0176268
0 0.588315 0.841574 0.141304 0.206793
0 0.434783 0.817068 0.0910326 0.0864144
0 0.818274 0.902838 0.256114 0.101462
0 0.421875 0.137575 0.127717 0.125537
0 0.586277 0.75086 0.0774456 0.0124678
0 0.804688 0.791488 0.241168 0.106621
0 0.712296 0.739897 0.0523098 0.00859845
0 0.610054 0.30503 0.201087 0.0769561
0 0.157269 0.11264 0.192255 0.0378332
0 0.557745 0.165735 0.112772 0.00730868
0 0.392323 0.91509 0.174592 0.0760963
0 0.120924 0.771496 0.116848 0.00816853
0 0.38519 0.207868 0.201087 0.0305245
0 0.743886 0.901763 0.110054 0.0950129
0 0.876359 0.903697 0.119565 0.099742
0 0.21841 0.822227 0.0985054 0.0821152
0 0.427649 0.370808 0.106658 0.0769561
0 0.817595 0.30374 0.20856 0.0795357
0 0.121943 0.272571 0.124321 0.0825451
0 0.216372 0.368229 0.113451 0.0838349
0 0.570312 0.398968 0.116168 0.0670679
0 0.324389 0.63736 0.0985054 0.0528805
0 0.265625 0.330825 0.422554 0.126827
0 0.078125 0.598237 0.0380435 0.00730868
0 0.555367 0.587919 0.101223 0.0743766
0 0.173573 0.91552 0.220788 0.0769561
0 0.372962 0.367154 0.221467 0.0877042
0 0.71909 0.487102 0.224864 0.0791058
0 0.379416 0.142519 0.212636 0.156062
0 0.546875 0.631341 0.0855978 0.00644884
0 0.577106 0.488177 0.147418 0.077816
0 0.746603 0.805675 0.112772 0.0808254
0 0.546535 0.0707223 0.0889946 0.00730868
0 0.861413 0.796217 0.134511 0.100602
0 0.370584 0.549656 0.222147 0.0735168
0 0.383152 0.461737 0.201087 0.0696475
0 0.529212 0.443895 0.0557065 0.00644884
0 0.866508 0.396819 0.113451 0.0748065
0 0.601562 0.117799 0.203125 0.0782459
0 0.158288 0.461952 0.202446 0.0700774
0 0.592731 0.809329 0.125679 0.129407
0 0.434783 0.639295 0.09375 0.0533104
0 0.15659 0.55374 0.189538 0.0713672
0 0.82337 0.116724 0.228261 0.0829751
0 0.0822011 0.509243 0.044837 0.00644884
0 0.108016 0.641015 0.0978261 0.0524506
0 0.719429 0.392949 0.421196 0.0756664
0 0.814878 0.845873 0.261549 0.206793
0 0.0879755 0.419819 0.060462 0.00730868
0 0.269022 0.639725 0.404891 0.0558899
0 0.434443 0.182072 0.10394 0.0133276
0 0.715693 0.488392 0.419158 0.0791058
0 0.529552 0.260318 0.0482337 0.00558899
0 0.262568 0.273431 0.194973 0.0773861
0 0.86481 0.486672 0.129076 0.0765262
0 0.709918 0.488607 0.126359 0.0760963
0 0.717391 0.579106 0.421196 0.0799656
0 0.712976 0.30331 0.42731 0.0821152
0 0.272079 0.818143 0.413723 0.0782459
0 0.106997 0.368229 0.105299 0.0855546
0 0.326766 0.130267 0.0923913 0.117799
0 0.276155 0.914015 0.413723 0.0782459
0 0.72962 0.677558 0.411685 0.0859845
0 0.27038 0.725279 0.41712 0.0808254
0 0.713655 0.115219 0.431386 0.0842648
0 0.262228 0.462167 0.438859 0.072227
0 0.158628 0.147893 0.203125 0.122098
0 0.431386 0.124248 0.103261 0.0851247
0 0.592731 0.800516 0.109375 0.0825451
0 0.268342 0.552451 0.415761 0.0739467
0 0.432745 0.0728719 0.111413 0.0107481
0 0.716033 0.209372 0.422554 0.0808254
0 0.154552 0.0752365 0.0849185 0.0120378
0 0.263587 0.369518 0.411685 0.0821152
0 0.268682 0.2773 0.404212 0.0773861
