0 0.89225 0.667098 0.1205 0.0447816
0 0.63075 0.662472 0.1325 0.0140637
0 0.764 0.601591 0.129 0.0277572
0 0.763 0.374352 0.126 0.0196151
0 0.63275 0.282939 0.1265 0.0314582
0 0.762 0.407291 0.118 0.00851221
0 0.631 0.363249 0.128 0.0284974
0 0.7635 0.497964 0.127 0.0122132
0 0.3675 0.476314 0.13 0.0495929
0 0.76125 0.397113 0.1285 0.0125833
0 0.63 0.531828 0.13 0.0303479
0 0.89125 0.645263 0.0775 0.00777202
0 0.89375 0.708549 0.1225 0.0292376
0 0.7615 0.403035 0.121 0.0111029
0 0.104 0.151369 0.125 0.178386
0 0.10225 0.2302 0.1285 0.0458919
0 0.763 0.848816 0.128 0.0181347
0 0.89375 0.680422 0.1245 0.0780903
0 0.63 0.55718 0.131 0.0173945
0 0.36675 0.951702 0.1325 0.0159141
0 0.76275 0.230015 0.1275 0.0188749
0 0.63075 0.231495 0.1245 0.0292376
0 0.89 0.952813 0.119 0.00777202
0 0.629 0.435233 0.124 0.00666173
0 0.23325 0.561066 0.1285 0.0888231
0 0.89275 0.695781 0.1215 0.0170244
0 0.89275 0.955588 0.1185 0.00666173
0 0.632 0.218357 0.127 0.0792006
0 0.89325 0.59678 0.0865 0.00777202
0 0.8925 0.626573 0.118 0.0651369
0 0.889 0.884715 0.115 0.027017
0 0.76275 0.309215 0.1275 0.0492228
0 0.23525 0.222798 0.1295 0.0888231
0 0.236 0.305699 0.129 0.0658771
0 0.36675 0.485936 0.0785 0.00740192
0 0.8935 0.713546 0.123 0.015544
0 0.764 0.63342 0.127 0.0344189
0 0.63025 0.13564 0.0635 0.00851221
0 0.7625 0.210215 0.129 0.0177646
0 0.63075 0.305699 0.1105 0.00740192
0 0.498 0.136936 0.127 0.00814212
0 0.89475 0.596225 0.0435 0.00740192
0 0.63025 0.438379 0.1255 0.0151739
0 0.76225 0.190415 0.1275 0.0188749
0 0.63125 0.764989 0.0735 0.00666173
0 0.89175 0.505551 0.1205 0.0288675
0 0.88725 0.61695 0.0805 0.0481125
0 0.233 0.643782 0.131 0.0610659
0 0.50025 0.374537 0.0705 0.00740192
0 0.7625 0.446521 0.13 0.0151739
0 0.764 0.564027 0.13 0.0199852
0 0.8935 0.676906 0.121 0.0170244
0 0.7605 0.370836 0.128 0.0399704
0 0.893 0.653035 0.124 0.0210955
0 0.7635 0.163397 0.128 0.0255366
0 0.49925 0.355477 0.1215 0.00925241
0 0.895 0.410252 0.131 0.0410807
0 0.76525 0.579756 0.0775 0.00703183
0 0.76475 0.138416 0.1015 0.00888231
0 0.76175 0.42191 0.1285 0.0310881
0 0.76025 0.15433 0.1295 0.042191
0 0.76325 0.472243 0.1295 0.0333087
0 0.76325 0.522391 0.1285 0.0573649
0 0.8665 0.833272 0.152 0.178016
0 0.3675 0.487417 0.064 0.00740192
0 0.62775 0.455218 0.1285 0.0540341
0 0.89575 0.294412 0.1335 0.0262768
0 0.897 0.326795 0.134 0.0370096
0 0.103 0.313657 0.128 0.109178
0 0.234 0.939859 0.125 0.0396003
0 0.762 0.391192 0.128 0.019245
0 0.3675 0.504811 0.131 0.0325685
0 0.6335 0.767209 0.076 0.00666173
0 0.89525 0.390452 0.1295 0.0288675
0 0.8945 0.621207 0.048 0.0366395
0 0.69475 0.0969652 0.4845 0.0259067
0 0.892 0.656921 0.125 0.135455
0 0.89375 0.418764 0.1275 0.0210955
0 0.7625 0.237787 0.129 0.19356
0 0.89825 0.214286 0.1385 0.0532939
0 0.8935 0.388786 0.13 0.0810511
0 0.89875 0.186158 0.1375 0.0125833
0 0.6305 0.44393 0.128 0.0240563
0 0.893 0.498705 0.088 0.0255366
0 0.76275 0.382309 0.1285 0.0370096
0 0.8965 0.360659 0.133 0.0255366
0 0.8945 0.260363 0.135 0.0336788
0 0.3685 0.599741 0.132 0.15359
0 0.8975 0.313657 0.136 0.0640266
0 0.89325 0.529608 0.1205 0.0273871
0 0.632 0.324389 0.127 0.0447816
0 0.63075 0.472243 0.1275 0.0273871
0 0.89275 0.929127 0.1175 0.0388601
0 0.63175 0.258142 0.1275 0.0840118
0 0.764 0.761288 0.128 0.0362694
0 0.7615 0.349371 0.124 0.0259067
0 0.6305 0.688009 0.135 0.034789
0 0.89375 0.457994 0.1155 0.0381199
0 0.10425 0.215211 0.1275 0.300148
0 0.76525 0.723353 0.1315 0.0336788
0 0.89325 0.567913 0.1225 0.0433013
0 0.63075 0.733901 0.1155 0.0399704
0 0.764 0.678016 0.128 0.0495929
0 0.36575 0.202443 0.1295 0.278312
0 0.762 0.867691 0.129 0.178756
0 0.3675 0.465026 0.132 0.0277572
0 0.63125 0.15396 0.1285 0.0414508
0 0.4995 0.163768 0.132 0.0632865
0 0.09975 0.82809 0.1355 0.266839
0 0.76275 0.488712 0.1305 0.169874
0 0.76275 0.611954 0.1295 0.072909
0 0.631 0.196151 0.126 0.0362694
0 0.63075 0.579386 0.1335 0.179497
0 0.89825 0.15507 0.1365 0.0407106
0 0.62825 0.387676 0.1265 0.0788305
0 0.36725 0.779978 0.1345 0.19282
0 0.10175 0.612879 0.1305 0.160622
0 0.8925 0.814027 0.117 0.170614
0 0.50025 0.280533 0.1305 0.162102
0 0.23525 0.258882 0.1325 0.160252
0 0.36675 0.917098 0.1325 0.0799408
0 0.10075 0.450962 0.1305 0.158031
0 0.49875 0.901369 0.1275 0.117321
0 0.368 0.397113 0.129 0.0954848
0 0.498 0.45966 0.128 0.170984
0 0.23475 0.893042 0.1295 0.135455
0 0.23525 0.59715 0.1305 0.158031
0 0.49925 0.785529 0.1265 0.108438
0 0.6295 0.860659 0.13 0.197261
0 0.49775 0.638231 0.1255 0.178756
0 0.235 0.118616 0.129 0.109919
0 0.2335 0.749075 0.129 0.136195
0 0.2355 0.428016 0.131 0.169874
