0 0.528111 0.754705 0.148408 0.139491
0 0.688714 0.615372 0.152956 0.124308
0 0.179206 0.0547209 0.0450599 0.00664242
0 0.425382 0.666535 0.0673832 0.00933101
0 0.52501 0.416891 0.15585 0.0281512
0 0.52501 0.680294 0.150475 0.00964732
0 0.849008 0.403052 0.151509 0.143761
0 0.379082 0.459987 0.106656 0.0532975
0 0.530591 0.45888 0.152956 0.0504507
0 0.850661 0.245216 0.151922 0.172861
0 0.500723 0.905978 0.212278 0.0330539
0 0.767052 0.911751 0.319967 0.0132848
0 0.472096 0.101218 0.627119 0.0822394
0 0.848698 0.418868 0.153369 0.523328
0 0.24876 0.90155 0.213518 0.0333702
0 0.491422 0.591412 0.217652 0.0308398
0 0.690161 0.418789 0.153783 0.520955
0 0.243076 0.595524 0.214138 0.0441246
0 0.229847 0.176657 0.150475 0.0417523
0 0.375672 0.393405 0.461554 0.32279
0 0.770566 0.794797 0.305912 0.212083
0 0.372881 0.770599 0.45432 0.204492
0 0.534208 0.177447 0.142828 0.0411197
0 0.384353 0.177764 0.143241 0.0417523
