0 0.594118 0.655996 0.0997442 0.0224244
0 0.882353 0.342704 0.0900256 0.0360741
0 0.489003 0.181995 0.0951407 0.0474488
0 0.488747 0.5143 0.0936061 0.0438739
0 0.590793 0.472701 0.0910486 0.0081248
0 0.792072 0.574423 0.0936061 0.0191745
0 0.792072 0.551511 0.0925831 0.0240494
0 0.129668 0.755281 0.138619 0.141696
0 0.694629 0.195808 0.0982097 0.0276243
0 0.304092 0.530062 0.0731458 0.0175496
0 0.69335 0.289405 0.100767 0.0211245
0 0.592327 0.778356 0.332481 0.38089
0 0.305371 0.139747 0.154476 0.0201495
0 0.692327 0.696295 0.0936061 0.0126747
0 0.786957 0.194833 0.0956522 0.0198245
0 0.593095 0.630322 0.0997442 0.0289243
0 0.305882 0.167858 0.154476 0.0263243
0 0.252685 0.446051 0.0531969 0.0438739
0 0.149361 0.533474 0.132992 0.0321742
0 0.613811 0.610822 0.241432 0.246019
0 0.695141 0.800292 0.0787724 0.0588235
0 0.591304 0.911277 0.0930946 0.0662983
0 0.79156 0.361878 0.083376 0.0295743
0 0.585934 0.0859604 0.0966752 0.0100747
0 0.689258 0.419402 0.0987212 0.0230744
0 0.591816 0.231882 0.0951407 0.0373741
0 0.693095 0.522912 0.0971867 0.0259994
0 0.116624 0.639909 0.0920716 0.0448489
0 0.492072 0.468963 0.0971867 0.0220994
0 0.881841 0.379266 0.102302 0.526487
0 0.59156 0.342704 0.0956522 0.0445239
0 0.492072 0.514787 0.0930946 0.0110497
0 0.692327 0.316217 0.0997442 0.0747481
0 0.209719 0.887228 0.293606 0.102047
0 0.504859 0.689958 0.124808 0.421839
0 0.786957 0.659409 0.0792839 0.0259994
0 0.789258 0.305492 0.0890026 0.0311992
0 0.483376 0.0854729 0.0531969 0.00584985
0 0.593606 0.19857 0.0946292 0.0324992
0 0.292583 0.731557 0.150384 0.100097
0 0.880563 0.405427 0.0905371 0.0289243
0 0.556266 0.575723 0.117136 0.0666233
0 0.493862 0.731232 0.0936061 0.0136497
0 0.488235 0.531687 0.0905371 0.0240494
0 0.491304 0.40429 0.0966752 0.0246994
0 0.265985 0.511862 0.0808184 0.0103997
0 0.494629 0.724244 0.0961637 0.0425739
0 0.49335 0.154696 0.0936061 0.0188495
0 0.883376 0.30858 0.0910486 0.0289243
0 0.490281 0.373253 0.100767 0.507312
0 0.697442 0.918265 0.087468 0.0510237
0 0.258568 0.629672 0.176471 0.0230744
0 0.592583 0.303705 0.0925831 0.0315242
0 0.694373 0.220994 0.0987212 0.0201495
0 0.591304 0.269093 0.0941176 0.0292493
0 0.592327 0.363016 0.0941176 0.0220994
0 0.332992 0.358304 0.0685422 0.0432239
0 0.583376 0.381703 0.0547315 0.00682483
0 0.690026 0.669158 0.0890026 0.0142996
0 0.206905 0.307605 0.301279 0.0516737
0 0.730691 0.371953 0.142711 0.165421
0 0.586189 0.182483 0.056266 0.00617485
0 0.691816 0.448164 0.0976982 0.0363991
0 0.490537 0.230419 0.0992327 0.0519987
0 0.218926 0.926552 0.293606 0.0311992
0 0.791049 0.253169 0.0956522 0.347091
0 0.881074 0.376341 0.088491 0.0246994
0 0.493606 0.649984 0.0930946 0.077998
0 0.413555 0.801267 0.0424552 0.0341241
0 0.591816 0.597985 0.0992327 0.0194995
0 0.692072 0.654209 0.0941176 0.0142996
0 0.592839 0.634384 0.0951407 0.0968476
0 0.775192 0.0838479 0.0659847 0.00649984
0 0.214322 0.61261 0.306905 0.0922977
0 0.691049 0.48245 0.0982097 0.078973
0 0.789003 0.524049 0.0976982 0.233019
0 0.493606 0.623497 0.0869565 0.0282743
0 0.688747 0.0987975 0.0966752 0.0350991
0 0.285166 0.797693 0.122251 0.0282743
0 0.496164 0.118785 0.0910486 0.0542736
0 0.493862 0.68102 0.0946292 0.040624
0 0.264194 0.859766 0.174425 0.0269743
0 0.418414 0.080598 0.0398977 0.0519987
0 0.139642 0.80403 0.114578 0.0337992
0 0.591304 0.539811 0.0971867 0.0253494
0 0.691049 0.554436 0.0992327 0.081248
0 0.595908 0.69207 0.0961637 0.0230744
0 0.591816 0.154046 0.0930946 0.040299
0 0.791049 0.330192 0.0925831 0.0292493
0 0.132225 0.426552 0.0976982 0.172571
0 0.138619 0.469451 0.0736573 0.0731232
0 0.596675 0.80858 0.0803069 0.039649
0 0.491304 0.173058 0.0966752 0.166071
0 0.413555 0.91339 0.0424552 0.0484238
0 0.495141 0.789243 0.0992327 0.151771
0 0.591816 0.571011 0.0992327 0.0337992
0 0.692839 0.386253 0.100767 0.0854729
0 0.791816 0.38414 0.0900256 0.122197
0 0.328645 0.656159 0.0659847 0.0233994
0 0.691816 0.465876 0.0997442 0.389015
0 0.692839 0.251056 0.100767 0.0497238
0 0.886445 0.199058 0.0849105 0.0445239
0 0.291816 0.427852 0.141688 0.18297
0 0.414066 0.850179 0.0414322 0.0344491
0 0.592583 0.532662 0.0936061 0.305492
0 0.790793 0.260643 0.0941176 0.112447
0 0.792327 0.546311 0.0941176 0.0747481
0 0.590793 0.5 0.0961637 0.0640234
0 0.692583 0.627397 0.0961637 0.0627234
0 0.29335 0.315242 0.150895 0.0259994
0 0.0992327 0.750731 0.0634271 0.0519987
0 0.692583 0.683458 0.0920716 0.0370491
0 0.490793 0.322067 0.100767 0.126097
0 0.49156 0.451901 0.103325 0.132922
0 0.683632 0.0625609 0.457801 0.0217745
0 0.113811 0.865291 0.0905371 0.0464738
0 0.79156 0.616672 0.0956522 0.0484238
0 0.885166 0.249594 0.0936061 0.0857979
0 0.692583 0.179071 0.100256 0.191095
0 0.702302 0.736757 0.0624041 0.0545986
0 0.789003 0.11196 0.0976982 0.0614235
0 0.59156 0.423139 0.0946292 0.0877478
0 0.496419 0.905265 0.0976982 0.079623
0 0.493095 0.566461 0.0982097 0.0877478
0 0.792072 0.477088 0.0936061 0.0597985
0 0.886445 0.488138 0.0900256 0.121547
0 0.138107 0.322067 0.15243 0.0272993
0 0.790793 0.174033 0.0941176 0.0503737
0 0.592072 0.109522 0.0946292 0.0545986
0 0.883376 0.363503 0.0930946 0.136172
0 0.637084 0.858954 0.188747 0.176146
0 0.641176 0.735457 0.174425 0.0526487
0 0.593606 0.276406 0.0956522 0.19467
0 0.215345 0.272668 0.308951 0.0649984
0 0.886189 0.59766 0.0915601 0.0864478
0 0.208696 0.421677 0.302813 0.261618
0 0.886189 0.127072 0.0925831 0.0916477
0 0.21509 0.0554111 0.311509 0.0159246
0 0.304092 0.109035 0.15601 0.0848229
0 0.306394 0.195158 0.156522 0.0822229
0 0.887468 0.685083 0.0757033 0.0740981
0 0.216368 0.747481 0.310997 0.375691
0 0.78977 0.686058 0.0879795 0.0753981
0 0.836061 0.837992 0.174425 0.18167
0 0.13734 0.151121 0.162148 0.167696
