0 0.18025 0.70741 0.2835 0.0334105
0 0.457 0.125538 0.889 0.0426728
0 0.39625 0.205756 0.1295 0.0138935
0 0.18275 0.851472 0.2835 0.0337413
0 0.8285 0.0947734 0.108 0.00826993
0 0.1765 0.779193 0.284 0.0353953
0 0.752 0.591135 0.286 0.0238174
0 0.088 0.0967582 0.1 0.00694674
0 0.39325 0.251406 0.1425 0.132319
0 0.18175 0.816242 0.2765 0.026133
0 0.64975 0.784486 0.0755 0.0585511
0 0.39725 0.22213 0.1445 0.0671518
0 0.465 0.0492888 0.823 0.0648363
0 0.53925 0.765134 0.0735 0.00595435
0 0.17925 0.788455 0.2855 0.0863381
0 0.397 0.199636 0.138 0.0241482
0 0.68075 0.714026 0.1445 0.0631823
0 0.18025 0.586669 0.2825 0.108832
0 0.17825 0.71353 0.2875 0.0714522
0 0.4545 0.142574 0.857 0.0740986
0 0.79525 0.821039 0.3915 0.336752
0 0.396 0.244294 0.143 0.071783
0 0.177 0.837082 0.287 0.0611975
0 0.18025 0.764307 0.2825 0.0678134
0 0.18 0.692689 0.279 0.0661594
0 0.7535 0.626861 0.288 0.094608
0 0.18525 0.615283 0.2705 0.0721138
0 0.538 0.821039 0.138 0.116441
0 0.18 0.91085 0.288 0.071783
0 0.1815 0.526464 0.279 0.0889845
0 0.75425 0.243467 0.2805 0.111148
0 0.17325 0.431856 0.2915 0.089646
0 0.1785 0.341879 0.288 0.0731062
0 0.39525 0.719319 0.1415 0.0327489
0 0.3935 0.680615 0.142 0.0373801
0 0.176 0.243301 0.282 0.110817
0 0.3925 0.635627 0.141 0.0413497
0 0.396 0.311611 0.141 0.0535892
0 0.54025 0.333609 0.1375 0.292094
0 0.39375 0.582534 0.1405 0.0549123
0 0.752 0.51869 0.282 0.113133
0 0.395 0.7782 0.141 0.0803837
0 0.5365 0.915316 0.136 0.0615283
0 0.75125 0.379755 0.2865 0.14952
0 0.53825 0.622395 0.1425 0.266292
0 0.3925 0.493549 0.142 0.115117
0 0.39375 0.387364 0.1415 0.0913
0 0.3945 0.921766 0.141 0.0532584
0 0.39475 0.857096 0.1405 0.0681442
