0 0.282174 0.152359 0.1454 0.0148989
0 0.583105 0.455303 0.143757 0.0851366
0 0.346386 0.527226 0.0717415 0.00869102
0 0.279573 0.171426 0.13965 0.0282015
0 0.428258 0.171515 0.138554 0.0131252
0 0.279436 0.160341 0.124042 0.00780419
0 0.868428 0.927013 0.0523001 0.0193331
0 0.385268 0.13276 0.0542169 0.00585314
0 0.424699 0.133558 0.133625 0.00709471
0 0.867333 0.840014 0.0840635 0.0681093
0 0.256435 0.282724 0.0939211 0.00780419
0 0.260542 0.414243 0.0742059 0.0147215
0 0.632941 0.0800816 0.213308 0.0338773
0 0.426205 0.0956013 0.137733 0.0102873
0 0.736993 0.914065 0.109255 0.0431004
0 0.262596 0.422756 0.107338 0.0296204
0 0.933461 0.835935 0.0531216 0.061724
0 0.572837 0.183664 0.110077 0.00975523
0 0.340088 0.526783 0.239321 0.0106421
0 0.581736 0.759933 0.113636 0.00727208
0 0.351862 0.112717 0.286966 0.0466477
0 0.864869 0.855711 0.0796824 0.0313941
0 0.898275 0.929053 0.13828 0.0791061
0 0.895947 0.82751 0.13965 0.0963107
0 0.242333 0.417879 0.075575 0.0219936
0 0.73535 0.48049 0.146495 0.140475
0 0.543538 0.40227 0.0607886 0.0099326
0 0.276424 0.69679 0.136637 0.132139
0 0.282174 0.526783 0.1454 0.0106421
0 0.582694 0.760642 0.0870756 0.00514367
0 0.569277 0.054984 0.0859803 0.0102873
0 0.345153 0.147481 0.267525 0.0122384
0 0.425794 0.116974 0.146769 0.0264278
0 0.893346 0.788489 0.140471 0.0246541
0 0.103505 0.0424796 0.136364 0.0136573
0 0.736309 0.644643 0.151698 0.234658
0 0.277108 0.488648 0.138007 0.0528556
0 0.765882 0.402182 0.0898138 0.00762682
0 0.736172 0.81536 0.148138 0.143668
0 0.427711 0.111476 0.147864 0.0459383
0 0.304491 0.0697943 0.159365 0.0285562
0 0.346249 0.0696169 0.28943 0.0299752
0 0.246851 0.413888 0.0780394 0.0104647
0 0.744797 0.201401 0.14184 0.0200426
0 0.291347 0.147836 0.156627 0.0111742
0 0.278888 0.465236 0.141019 0.0911671
0 0.277519 0.44679 0.137733 0.037602
0 0.276698 0.579993 0.139376 0.0886839
0 0.274644 0.113959 0.115553 0.0427457
0 0.740005 0.950248 0.118565 0.0356509
0 0.73891 0.653157 0.151972 0.48652
0 0.352683 0.0958673 0.289157 0.0824761
0 0.896084 0.872561 0.146495 0.189961
0 0.276835 0.653334 0.140745 0.22508
0 0.582421 0.884977 0.124863 0.0147215
0 0.739869 0.930472 0.129792 0.0744945
0 0.425383 0.302944 0.137185 0.0294431
0 0.582968 0.798599 0.125958 0.0540972
0 0.424973 0.786272 0.142935 0.0305073
0 0.278888 0.258159 0.137733 0.0313941
0 0.583516 0.852607 0.126506 0.0368925
0 0.277382 0.199716 0.136911 0.0741398
0 0.11391 0.71701 0.151698 0.0406172
0 0.114047 0.662735 0.150876 0.0629656
0 0.427711 0.889322 0.146221 0.0329904
0 0.742744 0.296736 0.146495 0.187655
0 0.581873 0.72038 0.128697 0.0619014
0 0.63253 0.117506 0.21632 0.110145
0 0.426752 0.360855 0.139376 0.0856687
0 0.111583 0.226055 0.152519 0.358815
0 0.425657 0.836378 0.144304 0.0647393
0 0.425794 0.470291 0.138554 0.0963107
0 0.114321 0.456013 0.150876 0.100745
0 0.580778 0.541947 0.147864 0.261972
0 0.112952 0.940227 0.150876 0.0535651
0 0.852683 0.117772 0.213582 0.110678
0 0.424425 0.648102 0.139102 0.22774
0 0.894852 0.410961 0.150055 0.201845
0 0.114458 0.785917 0.152245 0.094005
0 0.427848 0.219581 0.141566 0.108194
0 0.586528 0.287336 0.147317 0.207166
0 0.582968 0.931625 0.125958 0.0647393
0 0.27218 0.876286 0.150055 0.0459383
0 0.427711 0.937921 0.145126 0.0581767
0 0.113773 0.873271 0.151972 0.0707698
0 0.89718 0.708939 0.150329 0.128769
0 0.114869 0.568021 0.149781 0.117595
0 0.272043 0.811369 0.144852 0.0782192
0 0.89759 0.578751 0.15115 0.125576
0 0.272864 0.93464 0.148686 0.065094
0 0.279436 0.339393 0.142114 0.120433
0 0.895263 0.249468 0.146495 0.115112
