0 0.811043 0.938298 0.0657383 0.0382979
0 0.130181 0.878723 0.156088 0.0756501
0 0.747571 0.564184 0.392811 0.072104
0 0.21114 0.95461 0.0544041 0.00567376
0 0.411269 0.930969 0.0589378 0.00614657
0 0.748705 0.837589 0.176813 0.0799054
0 0.603789 0.491844 0.107189 0.0191489
0 0.747571 0.725532 0.167422 0.035461
0 0.177299 0.630496 0.244495 0.118203
0 0.400583 0.721868 0.0472798 0.0427896
0 0.749838 0.67305 0.177785 0.139953
0 0.887144 0.94539 0.0579663 0.0208038
0 0.129372 0.857801 0.155117 0.0522459
0 0.129048 0.940071 0.149288 0.0158392
0 0.860913 0.491726 0.0599093 0.0217494
0 0.836302 0.489244 0.111075 0.0276596
0 0.267001 0.720095 0.08193 0.0420804
0 0.740609 0.773877 0.275259 0.0309693
0 0.693167 0.49409 0.056671 0.0250591
0 0.787241 0.492317 0.0628238 0.0219858
0 0.748867 0.865012 0.217293 0.130024
0 0.697863 0.399764 0.198834 0.058156
0 0.724255 0.140544 0.383744 0.144444
0 0.812338 0.945154 0.0592617 0.022695
0 0.0778821 0.284988 0.100712 0.0465721
0 0.72717 0.678723 0.295013 0.138534
0 0.713731 0.252837 0.376295 0.163357
0 0.133258 0.791371 0.170661 0.0825059
0 0.616904 0.940307 0.113342 0.0111111
0 0.286108 0.831206 0.127267 0.169267
0 0.423899 0.833097 0.17228 0.163593
0 0.201263 0.833215 0.315738 0.174232
0 0.886658 0.938534 0.0628238 0.0340426
0 0.173899 0.106147 0.0965026 0.0222222
0 0.459521 0.720331 0.0615285 0.0425532
0 0.748219 0.683806 0.386334 0.22435
0 0.176652 0.134043 0.100065 0.0666667
0 0.39362 0.941371 0.138925 0.0340426
0 0.392325 0.930496 0.0948834 0.00661939
0 0.297118 0.721395 0.0540803 0.0437352
0 0.210978 0.941962 0.0534326 0.0210402
0 0.729113 0.872813 0.339054 0.147045
0 0.85136 0.201537 0.169689 0.257447
0 0.49158 0.23026 0.101036 0.0283688
0 0.147506 0.723168 0.0307642 0.0420804
0 0.128238 0.896809 0.148964 0.041844
0 0.0759391 0.233215 0.0987694 0.111348
0 0.0914832 0.721631 0.0897021 0.0427896
0 0.891677 0.679196 0.0909974 0.13948
0 0.11318 0.941017 0.105894 0.0120567
0 0.171308 0.579314 0.259715 0.235225
0 0.492228 0.284634 0.101684 0.0737589
0 0.194786 0.721986 0.0476036 0.0420804
0 0.179404 0.28156 0.0990933 0.0553191
0 0.427947 0.943617 0.0599093 0.0286052
0 0.610104 0.682388 0.0770725 0.134515
0 0.743685 0.385461 0.371438 0.0895981
0 0.737209 0.471513 0.382448 0.0716312
0 0.359294 0.943972 0.0625 0.0288416
0 0.349579 0.721868 0.0482513 0.0446809
0 0.744171 0.203546 0.396373 0.267139
0 0.445758 0.721277 0.0424223 0.0420804
0 0.60476 0.856383 0.107189 0.107092
0 0.24579 0.721395 0.0511658 0.041844
0 0.747733 0.73747 0.410622 0.432388
0 0.074158 0.133333 0.0984456 0.0822695
0 0.178271 0.209811 0.0994171 0.0829787
0 0.884229 0.857683 0.0851684 0.106856
0 0.076101 0.202837 0.100389 0.209456
0 0.491904 0.213239 0.104275 0.219858
0 0.179728 0.202128 0.101036 0.216076
0 0.491095 0.155674 0.104598 0.107092
0 0.278335 0.673995 0.493199 0.513948
0 0.620952 0.269267 0.149288 0.140426
0 0.490285 0.362411 0.0887306 0.0652482
0 0.124838 0.0724586 0.186852 0.0286052
0 0.437014 0.0791962 0.202396 0.0321513
0 0.129372 0.354137 0.196567 0.0832151
0 0.387791 0.38487 0.0974741 0.027896
0 0.279307 0.124468 0.0968264 0.124586
0 0.38601 0.245154 0.0997409 0.063357
0 0.388115 0.324113 0.100065 0.0855792
0 0.38342 0.155674 0.101036 0.108511
0 0.284003 0.325887 0.0965026 0.14208
0 0.28206 0.221158 0.0977979 0.0621749
