0 0.0860748 0.509262 0.119874 0.0594562
0 0.314781 0.73902 0.0977918 0.0110547
0 0.579315 0.102181 0.045516 0.023902
0 0.203245 0.703167 0.0964398 0.0176277
0 0.44119 0.274126 0.0829202 0.00687183
0 0.548671 0.227965 0.0914826 0.00776815
0 0.579315 0.0775321 0.045516 0.0259934
0 0.893871 0.13176 0.111311 0.0191216
0 0.318612 0.561249 0.102749 0.045115
0 0.657954 0.685689 0.480397 0.0734987
0 0.194682 0.317598 0.389365 0.0591575
0 0.204597 0.607559 0.0928346 0.0439199
0 0.204146 0.664774 0.102749 0.0489991
0 0.318387 0.582462 0.1032 0.021213
0 0.440063 0.288617 0.0914826 0.0262922
0 0.0838215 0.631013 0.115367 0.0495967
0 0.203695 0.732447 0.100045 0.0170302
0 0.407841 0.164476 0.0396575 0.0917239
0 0.0867508 0.396624 0.118522 0.0176277
0 0.661109 0.575739 0.176656 0.0501942
0 0.201667 0.362563 0.332132 0.0247983
0 0.316133 0.672244 0.0851735 0.0197192
0 0.0835962 0.559008 0.115818 0.035853
0 0.0980171 0.764416 0.0815683 0.021213
0 0.543263 0.314461 0.0743578 0.0714072
0 0.0975665 0.756648 0.080667 0.00746938
0 0.316809 0.626382 0.0955385 0.0666268
0 0.66584 0.66343 0.415052 0.0236032
0 0.317711 0.70242 0.0892294 0.0746938
0 0.199865 0.925605 0.266336 0.0663281
0 0.320189 0.406334 0.113114 0.0322677
0 0.444795 0.311324 0.0811176 0.0633403
0 0.892519 0.155064 0.107706 0.0167314
0 0.201667 0.570361 0.111311 0.0113535
0 0.202569 0.397072 0.309599 0.0191216
0 0.493691 0.0778309 0.112213 0.0247983
0 0.663587 0.212429 0.115818 0.017329
0 0.776251 0.0700627 0.0761604 0.01464
0 0.135872 0.354646 0.196034 0.00896325
0 0.5 0.0591575 0.203245 0.0125486
0 0.315683 0.513295 0.100496 0.0501942
0 0.198513 0.296982 0.319513 0.0113535
0 0.662686 0.0746938 0.11041 0.0555722
0 0.665615 0.495369 0.535376 0.23902
0 0.210906 0.373917 0.345201 0.0194204
0 0.543939 0.24634 0.127986 0.0439199
0 0.77963 0.260084 0.187472 0.0498954
0 0.779856 0.295787 0.278053 0.104571
0 0.661785 0.160143 0.113114 0.116522
0 0.893871 0.10487 0.114917 0.0938154
0 0.202794 0.399014 0.111762 0.0200179
0 0.495043 0.312519 0.224876 0.0806693
0 0.316584 0.616821 0.108607 0.257245
0 0.290446 0.322528 0.159081 0.0403346
0 0.494367 0.135494 0.205498 0.155064
0 0.119198 0.325067 0.168995 0.0406334
0 0.673051 0.844039 0.535827 0.20974
0 0.435782 0.246489 0.115367 0.0442187
0 0.54822 0.701972 0.22758 0.0510905
0 0.202343 0.659845 0.107256 0.161637
0 0.203245 0.427099 0.112663 0.0319689
0 0.317711 0.438452 0.116269 0.0947117
0 0.0853988 0.703466 0.109509 0.0869435
0 0.782785 0.701972 0.225327 0.0498954
0 0.210455 0.858231 0.28932 0.202271
0 0.897702 0.194353 0.114466 0.0558709
0 0.0835962 0.559755 0.118522 0.191515
0 0.780081 0.146699 0.114466 0.152973
0 0.201667 0.509411 0.114917 0.118912
0 0.203921 0.168509 0.351059 0.239618
0 0.0860748 0.42441 0.118973 0.0714072
