0 0.468264 0.6978 0.0867876 0.0960196
0 0.377591 0.135126 0.0874352 0.159567
0 0.913698 0.0816166 0.0793394 0.0459148
0 0.886334 0.56573 0.131477 0.029155
0 0.563633 0.758642 0.0884067 0.0211243
0 0.554566 0.197975 0.079987 0.0422486
0 0.110104 0.424232 0.0699482 0.00942737
0 0.3784 0.776187 0.0845207 0.0352654
0 0.732675 0.695793 0.403821 0.0103003
0 0.896211 0.202339 0.0994171 0.0638966
0 0.113018 0.210196 0.0777202 0.0115223
0 0.198996 0.411487 0.0812824 0.0405028
0 0.725712 0.924145 0.435233 0.0553422
0 0.30149 0.063111 0.253238 0.0134427
0 0.372571 0.234375 0.0748057 0.0563897
0 0.466807 0.531337 0.0858161 0.0602304
0 0.552137 0.925628 0.0699482 0.0478352
0 0.196244 0.858153 0.0803109 0.0972416
0 0.377429 0.5158 0.08193 0.0137919
0 0.734618 0.267109 0.0864637 0.0935754
0 0.46794 0.402409 0.0900259 0.0384078
0 0.829339 0.0486208 0.0602332 0.00576117
0 0.557966 0.471892 0.0835492 0.0199022
0 0.201911 0.1875 0.0825777 0.0268855
0 0.468102 0.720932 0.0806347 0.0480098
0 0.824158 0.140101 0.0835492 0.0155377
0 0.291613 0.487692 0.0735104 0.00750698
0 0.107999 0.488128 0.0838731 0.0488827
0 0.102979 0.914717 0.0952073 0.080831
0 0.822863 0.0750698 0.0822539 0.0412011
0 0.703206 0.798708 0.0864637 0.0153631
0 0.375324 0.102217 0.0854922 0.0668645
0 0.37581 0.0688722 0.0812824 0.0221718
0 0.376295 0.837902 0.0841969 0.0399791
0 0.912241 0.0480098 0.0757772 0.00558659
0 0.716321 0.802025 0.112047 0.0157123
0 0.561367 0.833799 0.0858161 0.036662
0 0.464864 0.0634602 0.0773964 0.00960196
0 0.202073 0.0986383 0.0835492 0.0691341
0 0.876295 0.9272 0.117228 0.051676
0 0.46875 0.129888 0.0858161 0.0195531
0 0.106056 0.907908 0.0948834 0.0396299
0 0.464864 0.875087 0.0767487 0.0675628
0 0.109942 0.693087 0.068329 0.0111732
0 0.377429 0.736906 0.0858161 0.0328212
0 0.377267 0.347154 0.0576425 0.00890363
0 0.109294 0.237081 0.076101 0.0254888
0 0.82853 0.0573499 0.0754534 0.0158869
0 0.204339 0.0625873 0.0699482 0.00995112
0 0.466969 0.153631 0.0835492 0.0446927
0 0.466645 0.470583 0.0809586 0.0302025
0 0.913212 0.0580482 0.0783679 0.0169344
0 0.375162 0.416114 0.0832254 0.0452165
0 0.46794 0.440817 0.0835492 0.0352654
0 0.107189 0.491446 0.0841969 0.0858939
0 0.289832 0.267982 0.0854922 0.117668
0 0.60897 0.0621508 0.181671 0.0115223
0 0.912565 0.131721 0.0829016 0.0459148
0 0.467131 0.697451 0.0845207 0.0450419
0 0.862209 0.299319 0.14864 0.0637221
0 0.848931 0.931564 0.0534326 0.0349162
0 0.199482 0.472853 0.0829016 0.0703561
0 0.338407 0.518418 0.162565 0.0137919
0 0.30149 0.287011 0.11658 0.0949721
0 0.103465 0.887832 0.0935881 0.0172835
0 0.467131 0.742755 0.0832254 0.0284567
0 0.703692 0.767895 0.0893782 0.0651187
0 0.465512 0.0622381 0.0553756 0.00925279
0 0.375324 0.0984637 0.0854922 0.0293296
0 0.465997 0.81346 0.0816062 0.0155377
0 0.377429 0.785265 0.0825777 0.015014
0 0.466483 0.587291 0.0838731 0.0558659
0 0.10897 0.440031 0.0676813 0.0302025
0 0.557642 0.876571 0.0841969 0.0296788
0 0.219074 0.545566 0.114961 0.0949721
0 0.865609 0.210719 0.147021 0.0792598
0 0.290317 0.391498 0.0884067 0.0724511
0 0.466159 0.337378 0.0825777 0.0871159
0 0.912889 0.115398 0.0796632 0.0443436
0 0.465835 0.243366 0.0825777 0.0740223
0 0.64362 0.243366 0.0845207 0.0384078
0 0.738342 0.27514 0.0835492 0.0356145
0 0.375648 0.134253 0.0829016 0.0373603
0 0.84796 0.797399 0.0832254 0.0298534
0 0.70272 0.793645 0.0893782 0.027933
0 0.911755 0.0586592 0.0728627 0.00907821
0 0.108323 0.677112 0.076101 0.0263617
0 0.650907 0.157559 0.0874352 0.0242668
0 0.465997 0.0744588 0.0803109 0.0315992
0 0.114313 0.108066 0.0770725 0.0171089
0 0.555214 0.484113 0.0838731 0.0300279
0 0.647992 0.219012 0.0835492 0.0350908
0 0.11658 0.0878142 0.0764249 0.0244413
0 0.466969 0.817912 0.0816062 0.0338687
0 0.377429 0.0762046 0.0864637 0.0368366
0 0.102979 0.928073 0.0939119 0.0303771
0 0.467617 0.751571 0.0841969 0.0146648
0 0.463407 0.806215 0.0731865 0.0111732
0 0.467617 0.183223 0.0816062 0.0347416
0 0.375971 0.699721 0.0861399 0.0307263
0 0.470369 0.766934 0.0845207 0.0625
0 0.64783 0.15625 0.0858161 0.0436453
0 0.912889 0.0694832 0.0803109 0.0349162
0 0.467455 0.675541 0.0864637 0.0319483
0 0.376943 0.063111 0.0764249 0.00995112
0 0.562014 0.750349 0.0858161 0.0363128
0 0.225389 0.35955 0.110751 0.0553422
0 0.108808 0.400314 0.0848446 0.027933
0 0.289184 0.739525 0.0861399 0.0879888
0 0.845855 0.878142 0.0867876 0.0317737
0 0.105894 0.845845 0.0874352 0.0398045
0 0.198834 0.801501 0.0835492 0.034567
0 0.467617 0.3853 0.0693005 0.0101257
0 0.701425 0.874738 0.0867876 0.0371858
0 0.467455 0.735161 0.0793394 0.131983
0 0.465997 0.6147 0.0835492 0.0635475
0 0.352655 0.498603 0.139896 0.0226955
0 0.377267 0.185056 0.0809586 0.0342179
0 0.554242 0.474424 0.074158 0.0116969
0 0.737532 0.103963 0.072215 0.0885126
0 0.730894 0.672922 0.430699 0.0542947
0 0.741095 0.0607542 0.0670337 0.0118715
0 0.466807 0.503579 0.0864637 0.029155
0 0.556671 0.494763 0.0874352 0.051676
0 0.376295 0.639665 0.0796632 0.0178073
0 0.377915 0.860597 0.0796632 0.0424232
0 0.198672 0.556826 0.076101 0.0309008
0 0.557804 0.370112 0.0793394 0.0167598
0 0.846988 0.838076 0.0884067 0.0288059
0 0.375324 0.688024 0.0809586 0.0115223
0 0.85638 0.389839 0.185557 0.0914804
0 0.204987 0.0750698 0.0848446 0.0338687
0 0.556185 0.491707 0.0858161 0.0148394
0 0.199482 0.745024 0.0848446 0.0707053
0 0.464864 0.307699 0.0845207 0.0267109
0 0.871114 0.751484 0.131477 0.0375349
0 0.377591 0.84794 0.0796632 0.0296788
0 0.909812 0.207402 0.0599093 0.0412011
0 0.245142 0.760911 0.131477 0.0392807
0 0.10897 0.446927 0.0832254 0.0520251
0 0.836788 0.666812 0.212435 0.0392807
0 0.55829 0.351693 0.0783679 0.020426
0 0.376133 0.456966 0.0773964 0.0116969
0 0.104113 0.891672 0.0929404 0.0361383
0 0.823996 0.142982 0.08193 0.038757
0 0.704177 0.83537 0.0935881 0.0275838
0 0.32772 0.505237 0.169689 0.0324721
0 0.330635 0.369937 0.0829016 0.0342179
0 0.286593 0.0628492 0.0744819 0.0111732
0 0.564605 0.795653 0.0851684 0.029155
0 0.545661 0.179818 0.0621762 0.00872905
0 0.645887 0.175454 0.0884067 0.034567
0 0.466321 0.0897346 0.0848446 0.0363128
0 0.198672 0.141672 0.0735104 0.00995112
0 0.200777 0.195618 0.0848446 0.103177
0 0.198025 0.845932 0.08193 0.0466131
0 0.851522 0.755412 0.0864637 0.0324721
0 0.46535 0.388181 0.0803109 0.00995112
0 0.377915 0.871858 0.0803109 0.0167598
0 0.110266 0.24389 0.0871114 0.0422486
0 0.642649 0.0616271 0.0773964 0.0118715
0 0.557804 0.179818 0.076101 0.012919
0 0.464216 0.300017 0.0806347 0.0113478
0 0.912565 0.0766411 0.0770725 0.0202514
0 0.376457 0.825768 0.0838731 0.0115223
0 0.46454 0.315817 0.0825777 0.0136173
0 0.770402 0.531337 0.341321 0.029155
0 0.199158 0.634777 0.0783679 0.0223464
0 0.114961 0.606844 0.0699482 0.0132682
0 0.466321 0.824895 0.0816062 0.0185056
0 0.467131 0.73132 0.0838731 0.0192039
0 0.377591 0.804557 0.0854922 0.0179818
0 0.738828 0.21037 0.0864637 0.0185056
0 0.467455 0.709148 0.0845207 0.0181564
0 0.825939 0.0933135 0.0793394 0.0452165
0 0.377429 0.466568 0.0838731 0.0350908
0 0.107837 0.562238 0.0803109 0.0483589
0 0.109132 0.690555 0.0790155 0.0103003
0 0.105084 0.229661 0.0676813 0.0103003
0 0.103465 0.921439 0.0942357 0.0146648
0 0.198187 0.90817 0.0861399 0.0146648
0 0.704663 0.755412 0.0906736 0.0296788
0 0.555699 0.0630237 0.0835492 0.0104749
0 0.376457 0.399878 0.079987 0.00995112
0 0.465674 0.494588 0.0803109 0.0104749
0 0.104275 0.881198 0.0913212 0.0151885
0 0.46794 0.0816166 0.0841969 0.0186802
0 0.825453 0.0605796 0.0731865 0.0104749
0 0.203044 0.176589 0.0829016 0.0497556
0 0.376943 0.0812675 0.0829016 0.0214735
0 0.558776 0.358328 0.078044 0.0371858
0 0.733161 0.626397 0.432642 0.14176
0 0.376457 0.707839 0.0864637 0.0186802
0 0.374838 0.891411 0.0877591 0.127444
0 0.824968 0.134689 0.0812824 0.0151885
0 0.466969 0.7761 0.0841969 0.0354399
0 0.105408 0.832228 0.0864637 0.0111732
0 0.468264 0.101432 0.0861399 0.0143156
0 0.821891 0.105709 0.0867876 0.0989874
0 0.763439 0.394815 0.294365 0.10213
0 0.377591 0.172573 0.0835492 0.018331
0 0.103303 0.942825 0.0984456 0.0221718
0 0.911593 0.103177 0.0809586 0.106494
0 0.377915 0.193698 0.0848446 0.0155377
0 0.103141 0.900751 0.0935881 0.0200768
0 0.112694 0.0949721 0.0777202 0.0415503
0 0.555214 0.513006 0.0838731 0.0193785
0 0.377915 0.749476 0.0854922 0.0583101
0 0.290317 0.242668 0.0838731 0.0212989
0 0.196405 0.525314 0.070272 0.0303771
0 0.289994 0.714124 0.0825777 0.0396299
0 0.735913 0.286662 0.0851684 0.0143156
0 0.741256 0.125262 0.0744819 0.0197277
0 0.110589 0.777584 0.0851684 0.0146648
0 0.741095 0.179644 0.0728627 0.0370112
0 0.46794 0.512395 0.0848446 0.0181564
0 0.742714 0.087727 0.0689767 0.0483589
0 0.467293 0.66463 0.0867876 0.0195531
0 0.649288 0.186802 0.0880829 0.0139665
0 0.197215 0.882943 0.0816062 0.0228701
0 0.374676 0.518942 0.0770725 0.0113478
0 0.201425 0.0804818 0.0841969 0.0199022
0 0.824968 0.15398 0.08193 0.0143156
0 0.913536 0.100559 0.0816062 0.0195531
0 0.197377 0.540066 0.0864637 0.0675628
0 0.782545 0.484026 0.329987 0.0665154
0 0.467779 0.144117 0.0838731 0.0179818
0 0.911917 0.150925 0.0829016 0.0186802
0 0.856218 0.402497 0.164508 0.0574372
0 0.467131 0.166638 0.0851684 0.0190293
0 0.462435 0.888967 0.0757772 0.122207
0 0.46794 0.686627 0.0867876 0.0195531
0 0.111237 0.765625 0.0871114 0.0354399
0 0.824806 0.107716 0.0790155 0.0219972
0 0.647992 0.228003 0.0829016 0.0153631
0 0.556023 0.536313 0.0841969 0.0202514
0 0.558776 0.236732 0.0884067 0.0104749
0 0.913212 0.12596 0.0829016 0.0235684
0 0.735427 0.573499 0.419689 0.0471369
0 0.741418 0.147434 0.0754534 0.0197277
0 0.109456 0.757856 0.0854922 0.0174581
0 0.377591 0.475471 0.0848446 0.0186802
0 0.196891 0.657821 0.0809586 0.0701816
0 0.559747 0.302811 0.0864637 0.018331
0 0.376781 0.128055 0.0845207 0.0186802
0 0.376619 0.105447 0.0848446 0.0171089
0 0.376943 0.150402 0.0848446 0.0190293
0 0.110427 0.672311 0.0777202 0.0132682
0 0.648316 0.207402 0.0848446 0.0188547
0 0.468426 0.121683 0.0845207 0.0188547
0 0.198187 0.936278 0.0835492 0.0359637
0 0.199158 0.761522 0.0854922 0.0363128
0 0.111075 0.405988 0.0790155 0.0144902
0 0.289022 0.100384 0.0832254 0.0569134
0 0.825939 0.0840608 0.0806347 0.0256634
0 0.736075 0.265276 0.0854922 0.0179818
0 0.376943 0.91882 0.0822539 0.0659916
0 0.202234 0.226693 0.0864637 0.0448673
0 0.376133 0.63015 0.078044 0.0378841
0 0.376133 0.664892 0.0858161 0.0193785
0 0.648154 0.251047 0.0838731 0.0226955
0 0.467293 0.40852 0.0854922 0.0223464
0 0.289184 0.566079 0.0829016 0.067912
0 0.466969 0.191341 0.0861399 0.023743
0 0.558776 0.420478 0.0838731 0.0734986
0 0.775745 0.442737 0.33193 0.20007
0 0.286269 0.680429 0.0861399 0.0190293
0 0.289994 0.333013 0.0838731 0.0179818
0 0.110427 0.376484 0.0848446 0.0347416
0 0.649935 0.166376 0.0880829 0.0188547
0 0.288212 0.799232 0.0809586 0.0195531
0 0.112209 0.16786 0.0825777 0.0923534
0 0.372895 0.271037 0.076101 0.132507
0 0.373543 0.541027 0.076101 0.0185056
0 0.736723 0.238128 0.0841969 0.0272346
0 0.290965 0.51126 0.0825777 0.0357891
0 0.467617 0.264141 0.0848446 0.0439944
0 0.46794 0.541201 0.0835492 0.0317737
0 0.199806 0.826728 0.0861399 0.0853701
0 0.199806 0.429033 0.0835492 0.0762919
0 0.105408 0.855447 0.0903497 0.0268855
0 0.108323 0.505587 0.0851684 0.16655
0 0.467131 0.5728 0.0851684 0.023743
0 0.376619 0.498516 0.0841969 0.0193785
0 0.287403 0.615922 0.0838731 0.0226955
0 0.467293 0.222416 0.0861399 0.0321229
0 0.291127 0.759602 0.0822539 0.0464385
0 0.289184 0.443348 0.0835492 0.0221718
0 0.650421 0.143593 0.0897021 0.0190293
0 0.200615 0.486295 0.0838731 0.0298534
0 0.647183 0.280028 0.079987 0.0275838
0 0.289994 0.181128 0.0864637 0.0923534
0 0.558938 0.267371 0.0848446 0.0406774
0 0.467779 0.636697 0.0845207 0.0275838
0 0.55829 0.207926 0.0867876 0.0359637
0 0.466969 0.4533 0.0861399 0.0598813
0 0.109942 0.312849 0.0858161 0.084148
0 0.291937 0.288408 0.0825777 0.0607542
0 0.110427 0.722067 0.0835492 0.0425978
0 0.467293 0.603876 0.0829016 0.0314246
0 0.735913 0.316079 0.08193 0.0361383
0 0.287403 0.649441 0.0838731 0.0359637
0 0.65204 0.0851955 0.0909974 0.0272346
0 0.198996 0.720234 0.0851684 0.0396299
0 0.288374 0.938373 0.0812824 0.0317737
0 0.558128 0.0971543 0.0858161 0.0490573
0 0.10978 0.805691 0.0861399 0.0321229
0 0.377915 0.427112 0.0803109 0.0357891
0 0.648316 0.316079 0.0738342 0.0361383
0 0.290155 0.409829 0.0854922 0.0361383
0 0.201101 0.354138 0.0854922 0.0665154
0 0.65204 0.116009 0.0884067 0.0263617
0 0.289832 0.4739 0.0816062 0.03125
0 0.202073 0.284131 0.0841969 0.0616271
0 0.467131 0.350646 0.0884067 0.0490573
0 0.111399 0.252706 0.0809586 0.0256634
0 0.557804 0.147346 0.0871114 0.0412011
0 0.202396 0.113478 0.0835492 0.0363128
0 0.866256 0.250524 0.159326 0.16271
0 0.375971 0.571666 0.0861399 0.0270601
0 0.725712 0.830744 0.425518 0.251571
0 0.110589 0.6408 0.079987 0.0396299
0 0.200453 0.598376 0.0796632 0.0375349
0 0.286593 0.867318 0.0835492 0.0960196
0 0.377105 0.371421 0.0689767 0.0315992
0 0.290317 0.367318 0.0832254 0.040852
