0 0.355881 0.771401 0.0967827 0.363695
0 0.186313 0.334919 0.0930907 0.0423988
0 0.819225 0.844914 0.0851793 0.00838304
0 0.446334 0.63961 0.0878165 0.0227309
0 0.289557 0.354345 0.0991561 0.0777043
0 0.085443 0.458488 0.0901899 0.0177334
0 0.909942 0.808399 0.0915084 0.0398194
0 0.849024 0.395534 0.114188 0.161696
0 0.265955 0.900532 0.087289 0.0922134
0 0.727848 0.917782 0.0901899 0.0670643
0 0.185654 0.294777 0.0806962 0.00983395
0 0.591772 0.327503 0.0981013 0.0285346
0 0.170491 0.666452 0.0756857 0.00806062
0 0.19317 0.767129 0.109968 0.11043
0 0.448576 0.771723 0.0981013 0.362728
0 0.450949 0.743995 0.0875527 0.165081
0 0.487078 0.248428 0.192511 0.00999516
0 0.446334 0.678301 0.0888713 0.0343382
0 0.819488 0.781154 0.0878165 0.0291794
0 0.903877 0.685636 0.073576 0.0286958
0 0.723892 0.718443 0.0922996 0.0330485
0 0.187896 0.387313 0.0967827 0.0901177
0 0.495781 0.449702 0.0944093 0.0533613
0 0.91192 0.844914 0.0949367 0.0274061
0 0.819488 0.694664 0.0883439 0.0583589
0 0.595464 0.352652 0.096519 0.0949541
0 0.263845 0.584878 0.0772679 0.00838304
0 0.358254 0.719249 0.0867616 0.0817346
0 0.390955 0.263824 0.0941456 0.0233758
0 0.723365 0.89223 0.0907173 0.118169
0 0.819488 0.945188 0.087289 0.0138643
0 0.721915 0.627922 0.0793776 0.0119297
0 0.912843 0.872481 0.0957278 0.0261164
0 0.0841245 0.569724 0.0886076 0.0157988
0 0.0817511 0.641867 0.0812236 0.078188
0 0.818829 0.692729 0.0880802 0.0138643
0 0.817247 0.719894 0.0886076 0.0430437
0 0.630274 0.584233 0.0632911 0.00806062
0 0.818038 0.848219 0.0875527 0.0775431
0 0.172337 0.586813 0.0709388 0.01064
0 0.553929 0.584798 0.106276 0.00822183
0 0.906514 0.606723 0.0777954 0.0166049
0 0.90981 0.756892 0.07173 0.00677092
0 0.261603 0.0911656 0.146097 0.0220861
0 0.262395 0.748751 0.085443 0.107851
0 0.390823 0.441641 0.0896624 0.0295019
0 0.818565 0.662099 0.0696203 0.00548122
0 0.187368 0.411091 0.0967827 0.0473964
0 0.63423 0.803885 0.0886076 0.288086
0 0.817774 0.65823 0.0849156 0.0502982
0 0.247495 0.62373 0.11366 0.0696437
0 0.187368 0.367967 0.0957278 0.0291794
0 0.819357 0.613252 0.068038 0.00580364
0 0.727321 0.769466 0.0886076 0.0245043
0 0.727189 0.718443 0.0893987 0.0907625
0 0.901767 0.64622 0.0646097 0.0378849
0 0.264636 0.592133 0.0878165 0.0222473
0 0.357727 0.720941 0.0851793 0.1596
0 0.91403 0.918507 0.0949367 0.041754
0 0.388449 0.408996 0.0864979 0.0274061
0 0.723233 0.689666 0.0899262 0.0283734
0 0.26279 0.219813 0.144251 0.0453007
0 0.18605 0.344511 0.0941456 0.0828631
0 0.900185 0.354264 0.0915084 0.0772207
0 0.0861023 0.544736 0.0920359 0.0664195
0 0.697785 0.369096 0.0959916 0.0627116
0 0.086366 0.524101 0.0936181 0.0306303
0 0.727321 0.671852 0.0696203 0.00693213
0 0.204509 0.750766 0.121572 0.178946
0 0.700686 0.415605 0.0970464 0.189263
0 0.817247 0.891343 0.0849156 0.0483637
0 0.900185 0.762776 0.0630274 0.0343382
0 0.283096 0.478398 0.0756857 0.0169273
0 0.727848 0.632194 0.0880802 0.0191843
0 0.490374 0.376189 0.0930907 0.0469128
0 0.538766 0.613171 0.0886076 0.044011
0 0.633439 0.863614 0.0822785 0.139932
0 0.595332 0.419313 0.0957278 0.0438498
0 0.542062 0.591488 0.087289 0.0119297
0 0.367089 0.584878 0.0738397 0.00580364
0 0.696334 0.314767 0.0941456 0.0443334
0 0.723629 0.798323 0.0886076 0.0315976
0 0.729694 0.584314 0.100211 0.00725455
0 0.818697 0.734483 0.087289 0.0196679
0 0.817906 0.777849 0.0883439 0.0532001
0 0.2649 0.844591 0.0899262 0.208931
0 0.542194 0.585604 0.0791139 0.00596486
0 0.900844 0.748186 0.0622363 0.00741577
0 0.816456 0.612284 0.0896624 0.0412704
0 0.169304 0.668467 0.0722574 0.00532001
0 0.902426 0.463888 0.0833333 0.0175721
0 0.903217 0.433016 0.0917722 0.0825407
0 0.590717 0.460825 0.0812236 0.0365952
0 0.186973 0.320893 0.0981013 0.0636789
0 0.493803 0.264146 0.0973101 0.0201515
0 0.493935 0.390376 0.092827 0.0649686
0 0.448312 0.905288 0.089135 0.0878607
0 0.902822 0.617363 0.0582806 0.00564243
0 0.591508 0.295422 0.0886076 0.0111236
0 0.448576 0.639287 0.0896624 0.10237
0 0.631329 0.908512 0.0864979 0.084314
0 0.0812236 0.787442 0.0622363 0.00725455
0 0.909942 0.601725 0.0846519 0.0175721
0 0.814478 0.582299 0.0756857 0.00838304
0 0.817247 0.679349 0.0886076 0.0303079
0 0.727057 0.94019 0.0912447 0.0222473
0 0.265823 0.771643 0.0901899 0.365146
0 0.81962 0.85644 0.0843882 0.0166049
0 0.172205 0.701596 0.0849156 0.0548122
0 0.264504 0.597453 0.0838608 0.0161212
0 0.5952 0.387716 0.0970464 0.197001
0 0.817379 0.888602 0.0857067 0.0886668
0 0.0801688 0.588747 0.0516878 0.01064
0 0.81817 0.595438 0.0846519 0.013703
0 0.187632 0.463485 0.0973101 0.0583589
0 0.907832 0.584314 0.0677743 0.00628728
0 0.16759 0.164356 0.24077 0.166532
0 0.818961 0.712236 0.0846519 0.0222473
0 0.495121 0.517572 0.0952004 0.118813
0 0.162843 0.588747 0.0524789 0.0125746
0 0.900712 0.670966 0.0614451 0.00580364
0 0.617616 0.585201 0.0601266 0.00741577
0 0.174051 0.75794 0.0864979 0.0562631
0 0.0846519 0.488957 0.0917722 0.0374013
0 0.0832015 0.587055 0.0756857 0.0104788
0 0.086366 0.520716 0.0941456 0.105755
0 0.544831 0.724649 0.0875527 0.142512
0 0.818434 0.644607 0.0888713 0.0256328
0 0.266086 0.886023 0.0864979 0.0528776
0 0.816588 0.865871 0.0851793 0.0344994
0 0.264636 0.585926 0.0693565 0.00499758
0 0.543117 0.721022 0.0878165 0.0717395
0 0.594409 0.43882 0.0949367 0.0793165
0 0.0859705 0.442367 0.0959916 0.274706
0 0.818961 0.625504 0.0888713 0.0245043
0 0.53903 0.89892 0.0886076 0.102209
0 0.0861023 0.34314 0.0941456 0.0846365
0 0.820016 0.877317 0.0862342 0.0228921
0 0.172732 0.810334 0.0859705 0.0469128
0 0.543117 0.59979 0.0867616 0.0162824
0 0.715322 0.584395 0.0656646 0.00612607
0 0.636472 0.73142 0.083597 0.0499758
0 0.450026 0.611075 0.0851793 0.0404643
0 0.083597 0.44414 0.0864979 0.0399807
0 0.0750264 0.789295 0.0545886 0.00580364
0 0.635549 0.677737 0.0864979 0.0551346
0 0.749868 0.271562 0.198576 0.0262776
0 0.26635 0.931485 0.0870253 0.0393358
0 0.491297 0.310092 0.0986287 0.0933419
0 0.63568 0.783653 0.0857067 0.0522328
0 0.357463 0.943737 0.0862342 0.0161212
0 0.819093 0.905771 0.0870253 0.03724
0 0.174578 0.294374 0.203587 0.0119297
0 0.542326 0.735773 0.0862342 0.0412704
0 0.0878165 0.294132 0.0954641 0.0114461
0 0.494726 0.0615025 0.9077 0.0330485
0 0.443565 0.585201 0.0733122 0.00644849
0 0.0846519 0.403514 0.0917722 0.0354667
0 0.819488 0.928664 0.0867616 0.0446558
0 0.634494 0.729969 0.0849156 0.15025
0 0.265032 0.626794 0.0870253 0.0561019
0 0.357727 0.849911 0.0857067 0.0438498
0 0.187896 0.394164 0.0988924 0.206029
0 0.265559 0.832178 0.0864979 0.0564243
0 0.593618 0.315251 0.0933544 0.0504595
0 0.357199 0.737708 0.0851793 0.0425601
0 0.910206 0.768338 0.0851793 0.0261164
0 0.634626 0.891504 0.0841245 0.0444946
0 0.542985 0.686845 0.0875527 0.0549734
0 0.286524 0.33774 0.0851793 0.0122521
0 0.357463 0.794857 0.0862342 0.0656134
0 0.265559 0.776802 0.0875527 0.0507819
0 0.818961 0.938981 0.0867616 0.0262776
0 0.392141 0.396744 0.0949367 0.0525552
0 0.173787 0.7527 0.0886076 0.165081
0 0.451345 0.924472 0.0846519 0.0533613
0 0.594014 0.371756 0.0925633 0.0535225
0 0.81962 0.827825 0.089135 0.036434
0 0.449103 0.665001 0.0859705 0.0651298
0 0.635153 0.932613 0.083597 0.0367564
0 0.59586 0.270595 0.0883439 0.031114
0 0.9077 0.596002 0.0864979 0.0315976
0 0.635417 0.840319 0.0851793 0.0578752
0 0.450422 0.877237 0.0838608 0.0398194
0 0.808017 0.584395 0.0738397 0.00709334
0 0.350738 0.585443 0.0669831 0.00596486
0 0.495253 0.416573 0.0996835 0.317588
0 0.186445 0.536112 0.0970464 0.0804449
0 0.389768 0.308238 0.0970464 0.109947
0 0.723497 0.181928 0.146361 0.133
0 0.727189 0.649444 0.0888713 0.050137
0 0.818565 0.633564 0.0875527 0.0454619
0 0.818961 0.734322 0.0899262 0.144446
0 0.913502 0.709254 0.092827 0.0814122
0 0.916403 0.943576 0.0981013 0.0174109
0 0.356804 0.904965 0.085443 0.0604546
0 0.819488 0.59979 0.0867616 0.018217
0 0.265559 0.678784 0.0870253 0.0494922
0 0.543117 0.63437 0.0878165 0.0502982
0 0.542985 0.775431 0.0859705 0.034177
0 0.912052 0.639771 0.0857067 0.0488473
0 0.393196 0.501693 0.0970464 0.147348
0 0.727321 0.813236 0.0896624 0.278091
0 0.45029 0.834999 0.0851793 0.0443334
0 0.127505 0.885297 0.164293 0.0469128
0 0.449367 0.726261 0.0849156 0.0580364
0 0.541799 0.876592 0.0867616 0.0533613
0 0.449103 0.784056 0.0849156 0.0578752
0 0.542985 0.927696 0.0870253 0.0469128
0 0.289161 0.369579 0.094673 0.0411091
0 0.356936 0.696598 0.0851793 0.0390134
0 0.190137 0.268983 0.283228 0.0269225
0 0.0830696 0.815089 0.0775316 0.0325649
0 0.2649 0.727229 0.0857067 0.0454619
0 0.726793 0.118169 0.143987 0.0777043
0 0.798523 0.310172 0.0959916 0.0370788
0 0.750659 0.263099 0.201213 0.0177334
0 0.914689 0.824682 0.0952004 0.0723843
0 0.596387 0.529582 0.0867616 0.0815734
0 0.803929 0.544817 0.0957278 0.0620667
0 0.289293 0.52257 0.0954641 0.107206
0 0.749736 0.282605 0.200422 0.0116073
0 0.357859 0.635499 0.0859705 0.0751249
0 0.901767 0.39223 0.0925633 0.157021
0 0.700554 0.456553 0.0967827 0.101241
0 0.915348 0.898033 0.0981013 0.0720619
0 0.542062 0.82186 0.0883439 0.0551346
0 0.726266 0.605997 0.0870253 0.0306303
0 0.799974 0.419152 0.0957278 0.177656
0 0.700026 0.546026 0.0967827 0.0625504
0 0.173259 0.633645 0.0822785 0.0601322
0 0.288238 0.308399 0.0954641 0.0396582
0 0.0808281 0.691601 0.0857067 0.179268
0 0.63568 0.619055 0.0862342 0.0564243
0 0.899525 0.283331 0.0901899 0.0588425
0 0.697126 0.348138 0.0952004 0.11172
0 0.572389 0.225858 0.145306 0.0322425
0 0.290084 0.429147 0.0754219 0.0631952
0 0.905459 0.523859 0.0809599 0.0914074
0 0.878296 0.229405 0.138449 0.0274061
0 0.415348 0.206997 0.147152 0.0741577
0 0.262395 0.163953 0.14346 0.168951
0 0.879615 0.189747 0.141087 0.0403031
0 0.417458 0.124214 0.147679 0.0833468
0 0.110232 0.162824 0.144515 0.166694
0 0.570807 0.142754 0.143724 0.125262
0 0.880406 0.122683 0.144251 0.0828631
