0 0.785894 0.548401 0.187657 0.0132485
0 0.274244 0.567921 0.150504 0.0105988
0 0.545497 0.649797 0.32966 0.0355061
0 0.951511 0.53003 0.0774559 0.00688924
0 0.599024 0.478891 0.153338 0.0438085
0 0.293766 0.640876 0.149874 0.0204911
0 0.445372 0.934994 0.119332 0.0243773
0 0.707809 0.0589119 0.18136 0.0192545
0 0.547702 0.917947 0.0437657 0.00794913
0 0.460642 0.641318 0.149244 0.0242007
0 0.598867 0.445151 0.151763 0.0233174
0 0.459068 0.631337 0.149244 0.0109521
0 0.549276 0.929871 0.383186 0.0332097
0 0.703243 0.085144 0.157746 0.0134252
0 0.907431 0.931461 0.151134 0.0409822
0 0.620592 0.661279 0.153023 0.0128952
0 0.906014 0.0492846 0.172229 0.0116587
0 0.458753 0.666048 0.149244 0.0164282
0 0.525819 0.713831 0.168136 0.00777248
0 0.947576 0.532945 0.0834383 0.00459283
0 0.909477 0.223724 0.179156 0.00830242
0 0.709855 0.199965 0.161524 0.00918566
0 0.90869 0.900724 0.153652 0.0462816
0 0.107525 0.0682742 0.140113 0.0093623
0 0.129093 0.729465 0.146725 0.00688924
0 0.456392 0.664812 0.150819 0.070129
0 0.10721 0.273273 0.133816 0.00706589
0 0.189389 0.543455 0.121222 0.00865571
0 0.457651 0.690161 0.150819 0.0257905
0 0.515113 0.0477831 0.156171 0.0143084
0 0.609572 0.0506978 0.305416 0.0148384
0 0.171599 0.620473 0.234887 0.0143084
0 0.139326 0.862657 0.168451 0.00900901
0 0.311083 0.91097 0.0982368 0.0752517
0 0.115712 0.182653 0.144521 0.00883236
0 0.190491 0.536036 0.103275 0.00900901
0 0.359887 0.419007 0.663728 0.0197845
0 0.693482 0.0954778 0.135705 0.00794913
0 0.482683 0.157039 0.107053 0.00847907
0 0.190334 0.552288 0.120592 0.0104222
0 0.280227 0.183448 0.093199 0.0097156
0 0.873583 0.151828 0.106108 0.0104222
0 0.542191 0.787758 0.879093 0.305423
0 0.712689 0.211888 0.180416 0.0323264
0 0.713948 0.0750751 0.172859 0.0229641
0 0.343829 0.25499 0.628463 0.0220809
0 0.129565 0.648737 0.156486 0.0379792
0 0.321631 0.208797 0.175378 0.036036
0 0.126417 0.210034 0.180416 0.0342696
0 0.294395 0.661897 0.152393 0.0650062
0 0.13177 0.695902 0.152708 0.0323264
0 0.907116 0.187864 0.176952 0.0517576
0 0.274402 0.578343 0.153967 0.0332097
0 0.204817 0.91044 0.0985516 0.0777248
0 0.131297 0.790408 0.155542 0.110758
0 0.111776 0.578785 0.147985 0.0355061
0 0.516688 0.196432 0.179471 0.0611199
0 0.712689 0.1475 0.178526 0.0840841
0 0.841467 0.569952 0.305101 0.0559972
0 0.515586 0.0983925 0.175378 0.0727787
0 0.906958 0.096891 0.180416 0.0743685
0 0.597607 0.513779 0.153652 0.162339
0 0.0990239 0.9115 0.0991814 0.075605
0 0.113193 0.33669 0.153967 0.123653
0 0.125945 0.12012 0.180101 0.0840841
0 0.274402 0.334658 0.152708 0.130189
0 0.112091 0.477566 0.153023 0.0913266
0 0.842412 0.388359 0.303841 0.290231
0 0.321159 0.114026 0.18073 0.100866
0 0.597764 0.336513 0.154597 0.128246
0 0.435296 0.514927 0.152708 0.163929
0 0.274244 0.477036 0.152393 0.0892069
0 0.436241 0.335011 0.150819 0.129836
