0 0.739041 0.760254 0.142922 0.0328776
0 0.21895 0.269857 0.130137 0.0299479
0 0.223973 0.754883 0.194064 0.0371094
0 0.28242 0.22347 0.0945205 0.0120443
0 0.518721 0.0681966 0.310502 0.0315755
0 0.548402 0.427734 0.903196 0.718099
0 0.759589 0.433919 0.158447 0.0423177
0 0.253425 0.169434 0.157078 0.0817057
0 0.785388 0.321126 0.244749 0.15332
0 0.786758 0.486491 0.246575 0.151367
0 0.515982 0.813477 0.243836 0.155599
0 0.7879 0.812337 0.253425 0.154622
0 0.511416 0.167806 0.252055 0.129883
0 0.513699 0.321777 0.257534 0.154622
0 0.518037 0.648275 0.246119 0.154622
0 0.518037 0.488118 0.247032 0.148763
0 0.786758 0.647786 0.251142 0.152995
0 0.246347 0.326009 0.259817 0.147461
0 0.246804 0.811523 0.26621 0.160156
0 0.248174 0.648112 0.259817 0.152344
0 0.247717 0.486328 0.26347 0.15625
0 0.787443 0.168294 0.246119 0.130208
