0 0.6395 0.784376 0.038 0.00424178
0 0.51325 0.516967 0.1225 0.0151997
0 0.77 0.0768823 0.364 0.0243902
0 0.19025 0.319371 0.2475 0.0371156
0 0.89375 0.771297 0.1195 0.0155532
0 0.8935 0.831919 0.036 0.00530223
0 0.76225 0.504949 0.0625 0.00459526
0 0.5115 0.524744 0.118 0.0123719
0 0.638 0.871863 0.123 0.0159067
0 0.76325 0.360375 0.0725 0.00671615
0 0.1935 0.108165 0.243 0.0798869
0 0.8935 0.820785 0.117 0.0106045
0 0.7645 0.77766 0.124 0.038883
0 0.63725 0.817957 0.1225 0.0254507
0 0.638 0.615942 0.124 0.0187345
0 0.14625 0.105868 0.1515 0.0738777
0 0.514 0.454401 0.115 0.00883705
0 0.63825 0.627607 0.1245 0.0448922
0 0.89175 0.433899 0.0315 0.00530223
0 0.892 0.629198 0.03 0.00494875
0 0.74925 0.281725 0.3445 0.0346412
0 0.28475 0.399611 0.1715 0.134677
0 0.892 0.915341 0.116 0.0144928
0 0.618 0.283846 0.074 0.0332273
0 0.89075 0.379993 0.1225 0.0169671
0 0.76275 0.434959 0.1235 0.0512549
0 0.8935 0.726935 0.123 0.0314599
0 0.63875 0.665606 0.1225 0.0275716
0 0.89 0.538353 0.124 0.0615058
0 0.89075 0.402086 0.1215 0.0307529
0 0.891 0.422234 0.122 0.0130788
0 0.766 0.932131 0.127 0.00989749
0 0.8935 0.78685 0.125 0.0862496
0 0.637 0.478084 0.122 0.0427713
0 0.892 0.893779 0.118 0.0250972
0 0.89 0.444503 0.121 0.028632
0 0.89225 0.954931 0.1175 0.0151997
0 0.5115 0.439024 0.126 0.200071
0 0.89325 0.879639 0.0495 0.00459526
0 0.76975 0.38123 0.2375 0.0526688
0 0.891 0.365323 0.12 0.0137858
0 0.63825 0.593319 0.1245 0.0187345
0 0.89375 0.794097 0.1175 0.00954401
0 0.8925 0.749028 0.122 0.0282785
0 0.7655 0.54065 0.071 0.00600919
0 0.636 0.407918 0.123 0.0339343
0 0.7645 0.489926 0.123 0.0155532
0 0.76575 0.897137 0.1245 0.0120184
0 0.766 0.916048 0.125 0.0894309
0 0.89075 0.43708 0.1225 0.162955
0 0.63825 0.576175 0.1245 0.0318134
0 0.513 0.521739 0.112 0.00848356
0 0.19625 0.230824 0.2365 0.16755
0 0.638 0.547013 0.125 0.0307529
0 0.511 0.950866 0.12 0.0219159
0 0.76625 0.915164 0.1235 0.0219159
0 0.8915 0.699894 0.119 0.0494875
0 0.63825 0.466949 0.1235 0.019088
0 0.89275 0.813362 0.1205 0.0254507
0 0.894 0.73701 0.123 0.0141393
0 0.89175 0.586426 0.1225 0.0261577
0 0.8945 0.778544 0.122 0.0194415
0 0.76525 0.478614 0.1245 0.038176
0 0.765 0.422411 0.124 0.0233298
0 0.638 0.488512 0.124 0.0219159
0 0.76575 0.879639 0.1235 0.0166136
0 0.89325 0.802934 0.1215 0.0455992
0 0.76475 0.470484 0.1245 0.0219159
0 0.63675 0.462177 0.1225 0.0710498
0 0.7645 0.452987 0.126 0.0858961
0 0.893 0.613998 0.121 0.0148462
0 0.89375 0.755567 0.1215 0.0194415
0 0.639 0.44362 0.124 0.0254507
0 0.23675 0.101449 0.1645 0.0735242
0 0.8915 0.607282 0.122 0.0268646
0 0.7655 0.446801 0.125 0.0219159
0 0.767 0.91375 0.128 0.0459526
0 0.89125 0.393425 0.1225 0.0714033
0 0.765 0.949275 0.125 0.0250972
0 0.51125 0.487451 0.1245 0.058678
0 0.18125 0.201838 0.2815 0.273595
0 0.89225 0.851007 0.1195 0.0441852
0 0.63675 0.867268 0.1225 0.0201485
0 0.50975 0.958466 0.1215 0.0130788
0 0.89375 0.596501 0.1235 0.0498409
0 0.89225 0.500353 0.1225 0.13609
0 0.89275 0.715624 0.1225 0.0229763
0 0.638 0.806292 0.125 0.0487805
0 0.89325 0.686285 0.1205 0.0279251
0 0.1115 0.104277 0.077 0.0706964
0 0.89 0.918346 0.118 0.0876635
0 0.51375 0.584659 0.1235 0.115235
0 0.6365 0.845175 0.125 0.0212089
0 0.76025 0.308943 0.3445 0.0862496
0 0.6385 0.390421 0.123 0.0696359
0 0.76475 0.38123 0.1235 0.0498409
0 0.638 0.56451 0.124 0.0706964
0 0.512 0.936373 0.123 0.0240368
0 0.12875 0.420643 0.1275 0.146341
0 0.1285 0.773418 0.131 0.28632
0 0.7645 0.518381 0.126 0.0321668
0 0.63775 0.5152 0.1225 0.0229763
0 0.513 0.173206 0.125 0.0332273
0 0.51275 0.395016 0.1255 0.114882
0 0.767 0.162248 0.381 0.193708
0 0.894 0.646341 0.124 0.0406504
0 0.7655 0.810534 0.126 0.103217
0 0.6395 0.945917 0.123 0.0332273
0 0.63775 0.692471 0.1235 0.169671
0 0.38475 0.798339 0.1235 0.330505
0 0.258 0.655355 0.128 0.328738
0 0.12875 0.59544 0.1285 0.0653941
0 0.38375 0.181866 0.1245 0.230824
0 0.766 0.645458 0.125 0.21421
0 0.513 0.109226 0.126 0.0869565
0 0.12925 0.528279 0.1265 0.0668081
0 0.63875 0.904737 0.1245 0.0434783
0 0.51225 0.899434 0.1235 0.0455992
0 0.38525 0.6041 0.1235 0.0473666
0 0.5125 0.264404 0.125 0.139272
0 0.5105 0.719866 0.124 0.148109
0 0.25775 0.418346 0.1245 0.142453
0 0.511 0.834924 0.123 0.078473
0 0.129 0.943443 0.13 0.0459526
0 0.384 0.366914 0.125 0.13503
0 0.258 0.894486 0.125 0.141746
0 0.384 0.508307 0.124 0.137858
