0 0.630663 0.895651 0.0977587 0.083739
0 0.748927 0.640458 0.444921 0.113762
0 0.554721 0.890133 0.0469719 0.0658877
0 0.157368 0.0770042 0.211731 0.024505
0 0.573557 0.445148 0.0932284 0.0292113
0 0.907368 0.904901 0.134716 0.0740019
0 0.863019 0.683463 0.222461 0.0890945
0 0.75918 0.759494 0.447783 0.481013
0 0.39783 0.0684843 0.179542 0.0152548
0 0.93133 0.296738 0.0991893 0.0189873
0 0.935742 0.118874 0.127563 0.200747
0 0.868026 0.137293 0.094659 0.159039
0 0.558417 0.633398 0.0715308 0.00843882
0 0.152957 0.201558 0.190987 0.106459
0 0.157606 0.113843 0.162136 0.0394352
0 0.944325 0.422509 0.0522175 0.00827653
0 0.633047 0.687277 0.220792 0.0876339
0 0.782547 0.133966 0.059609 0.174132
0 0.916428 0.685816 0.114211 0.086011
0 0.910825 0.474521 0.13114 0.0915287
0 0.556748 0.846397 0.0619933 0.00795196
0 0.872437 0.120334 0.104912 0.00600454
0 0.315331 0.0791139 0.0755842 0.010224
0 0.801741 0.685329 0.107535 0.0863356
0 0.940391 0.739857 0.0715308 0.00681597
0 0.820219 0.072866 0.08536 0.0740019
0 0.783143 0.173645 0.0555556 0.0918533
0 0.608131 0.487179 0.170959 0.0636157
0 0.614449 0.792762 0.183119 0.092827
0 0.747616 0.850049 0.457082 0.200584
0 0.786481 0.270204 0.392227 0.0678351
0 0.812709 0.275884 0.186218 0.0613437
0 0.755961 0.794547 0.0960897 0.0944499
0 0.765975 0.47517 0.213877 0.0957481
0 0.566166 0.422428 0.0646161 0.0097371
0 0.959824 0.16829 0.0722461 0.097371
0 0.407964 0.0333496 0.211731 0.0465758
0 0.146161 0.293168 0.159752 0.0105485
0 0.76824 0.270286 0.206485 0.0663746
0 0.624702 0.0403278 0.200763 0.0426809
0 0.895565 0.790815 0.165951 0.0963973
0 0.150334 0.391594 0.234382 0.20383
0 0.602766 0.364898 0.152599 0.0913664
0 0.92835 0.272558 0.102289 0.0663746
0 0.931569 0.234096 0.0824988 0.00762739
0 0.695517 0.27272 0.107296 0.0608569
0 0.754769 0.366439 0.152361 0.090555
0 0.935265 0.848588 0.083691 0.00876339
0 0.397353 0.0713242 0.20434 0.0258033
0 0.595851 0.581629 0.144015 0.0856865
0 0.548999 0.634859 0.0522175 0.0097371
0 0.940033 0.531808 0.0731998 0.0064914
0 0.941941 0.635265 0.0646161 0.00632911
0 0.903791 0.366277 0.139008 0.090555
0 0.817 0.275154 0.098474 0.0589094
0 0.578922 0.314508 0.0977587 0.00908796
0 0.567835 0.530185 0.0822604 0.0103862
0 0.557344 0.848669 0.057463 0.00762739
0 0.898546 0.0752191 0.0436338 0.0754625
0 0.961016 0.127394 0.0779685 0.190523
0 0.90391 0.579844 0.1464 0.0876339
0 0.948736 0.424375 0.0529328 0.00681597
0 0.389247 0.0653197 0.180973 0.0108731
0 0.582022 0.738072 0.106819 0.00876339
0 0.75 0.579763 0.159514 0.087147
0 0.842394 0.0746511 0.0495947 0.0746511
0 0.624702 0.0485232 0.188364 0.025641
0 0.576299 0.272152 0.0996662 0.0616683
0 0.755961 0.896381 0.449452 0.0903927
0 0.395923 0.62147 0.231521 0.196527
0 0.389485 0.518906 0.202909 0.010224
0 0.564974 0.23296 0.0670005 0.00957481
0 0.14938 0.115953 0.0765379 0.0397598
0 0.933834 0.315563 0.0741535 0.00600454
0 0.392227 0.74643 0.190749 0.0111977
0 0.398426 0.394596 0.226991 0.195229
0 0.144492 0.622769 0.245589 0.187764
0 0.148307 0.747322 0.153076 0.0103862
0 0.746543 0.684924 0.450644 0.0903927
0 0.159394 0.0447095 0.222938 0.0137942
0 0.749523 0.582522 0.448498 0.0858487
0 0.148069 0.520286 0.211254 0.0113599
0 0.751073 0.363275 0.433953 0.0975333
0 0.869695 0.216569 0.10372 0.0144434
0 0.389127 0.292356 0.191226 0.00989938
0 0.869337 0.164476 0.103958 0.0767608
0 0.756676 0.474927 0.438484 0.100454
0 0.15391 0.160256 0.205293 0.191334
0 0.742608 0.790003 0.441345 0.092827
0 0.278135 0.622363 0.489509 0.198312
0 0.274678 0.393379 0.490701 0.19604
0 0.390677 0.168614 0.244397 0.191496
0 0.264545 0.843314 0.482833 0.199448
0 0.633882 0.142081 0.221507 0.153035
