0 0.788254 0.37458 0.140111 0.0137882
0 0.606005 0.254287 0.182776 0.0167934
0 0.895312 0.182164 0.0929681 0.0733604
0 0.308401 0.453155 0.0732157 0.00795475
0 0.688833 0.461729 0.117725 0.0275765
0 0.131288 0.335425 0.127732 0.0153792
0 0.858046 0.332243 0.212273 0.0624006
0 0.895839 0.247746 0.0703187 0.038006
0 0.826047 0.412321 0.145115 0.0514407
0 0.0941533 0.788315 0.112984 0.127453
0 0.895049 0.681368 0.0919147 0.0224501
0 0.437319 0.516705 0.115618 0.0753049
0 0.158678 0.335779 0.075586 0.0171469
0 0.0887543 0.846915 0.064788 0.0194449
0 0.29655 0.790879 0.218594 0.155206
0 0.651172 0.73272 0.059784 0.0664663
0 0.549908 0.415768 0.0990255 0.0540923
0 0.895575 0.208149 0.0908612 0.120028
0 0.606005 0.235284 0.146431 0.00707089
0 0.434685 0.582906 0.114564 0.0387131
0 0.737293 0.375464 0.252568 0.0137882
0 0.432447 0.62816 0.0747959 0.025632
0 0.90137 0.821195 0.0908612 0.0574509
0 0.381617 0.465883 0.221227 0.0210359
0 0.897946 0.10129 0.0966553 0.0844971
0 0.812088 0.291321 0.169344 0.0106063
0 0.895575 0.162807 0.0977087 0.208945
0 0.0963919 0.914884 0.0884909 0.0892699
0 0.154332 0.394202 0.200158 0.0844971
0 0.143666 0.529875 0.191994 0.0125508
0 0.15262 0.0884745 0.208849 0.0454304
0 0.550303 0.428761 0.0998156 0.0334099
0 0.535423 0.827028 0.122202 0.249425
0 0.0940216 0.815361 0.107453 0.0309351
0 0.433632 0.539685 0.114037 0.126922
0 0.89518 0.641594 0.0990255 0.0528549
0 0.493152 0.651671 0.188307 0.0779565
0 0.318936 0.832774 0.302871 0.234046
0 0.550698 0.387308 0.0984988 0.0463143
0 0.0967869 0.762065 0.11035 0.067527
0 0.608507 0.302192 0.204109 0.115079
0 0.156044 0.220435 0.224651 0.20647
0 0.320516 0.65114 0.0995523 0.081492
0 0.151172 0.481174 0.199631 0.067527
0 0.898209 0.411614 0.10877 0.0510871
0 0.788386 0.701167 0.32789 0.507159
0 0.895707 0.331625 0.107453 0.0625773
0 0.666184 0.411437 0.118778 0.0517942
0 0.785752 0.121619 0.113511 0.12869
0 0.0967869 0.629751 0.11193 0.182252
0 0.784172 0.23546 0.11193 0.0866183
0 0.381485 0.253491 0.201475 0.374757
0 0.210034 0.618084 0.106136 0.159625
0 0.783513 0.332685 0.11114 0.0618703
0 0.319199 0.540834 0.112194 0.124978
0 0.5532 0.537564 0.111404 0.119498
0 0.785489 0.411349 0.112457 0.0516175
0 0.613642 0.142302 0.21912 0.172176
