0 0.580721 0.333626 0.1186 0.159171
0 0.704284 0.747013 0.532915 0.373155
0 0.899687 0.32695 0.15883 0.0628953
0 0.467085 0.341708 0.104493 0.0720309
0 0.297544 0.571504 0.206374 0.220309
0 0.947231 0.114547 0.0783699 0.103303
0 0.704545 0.193956 0.11651 0.0527056
0 0.899425 0.363668 0.167712 0.136332
0 0.640543 0.898981 0.0574713 0.0467323
0 0.31139 0.0572734 0.0365726 0.00632467
0 0.167973 0.235945 0.223093 0.02565
0 0.166144 0.155481 0.223615 0.193605
0 0.786834 0.0736121 0.0856844 0.0270555
0 0.297806 0.882467 0.202717 0.143008
0 0.58046 0.393008 0.121212 0.0390021
0 0.16954 0.191673 0.224138 0.0713282
0 0.167973 0.139845 0.223093 0.037948
0 0.29441 0.920239 0.121735 0.0534083
0 0.708725 0.529691 0.462382 0.0657063
0 0.166144 0.085383 0.22466 0.0611384
0 0.709248 0.897576 0.208464 0.044624
0 0.701149 0.174455 0.107628 0.0130007
0 0.745559 0.335207 0.188088 0.199578
0 0.893678 0.264055 0.146813 0.0586788
0 0.295716 0.619993 0.167189 0.0945186
0 0.29023 0.748419 0.175026 0.109628
0 0.817398 0.33591 0.34117 0.196767
0 0.29023 0.485067 0.0736677 0.0481377
0 0.712121 0.652846 0.507837 0.217147
0 0.165883 0.249824 0.225183 0.387913
0 0.701411 0.205552 0.107106 0.035137
0 0.0869906 0.192902 0.0590387 0.0576247
0 0.294148 0.711174 0.214211 0.486297
0 0.871996 0.143535 0.234065 0.169712
0 0.169279 0.34733 0.221526 0.1922
0 0.697753 0.108046 0.11651 0.110682
0 0.119645 0.919185 0.0804598 0.0773015
0 0.578109 0.819923 0.247126 0.0938159
0 0.582811 0.231729 0.117555 0.360155
0 0.581243 0.429726 0.119645 0.0231904
0 0.837252 0.818693 0.252351 0.0927618
0 0.117816 0.857695 0.117555 0.0288124
0 0.117555 0.590829 0.121212 0.28215
0 0.467607 0.374209 0.103448 0.136332
0 0.410136 0.138791 0.22675 0.167252
0 0.117555 0.787421 0.118077 0.101897
0 0.350052 0.375264 0.128527 0.139143
0 0.403866 0.267041 0.229885 0.0674631
