0 0.178451 0.128964 0.246097 0.0116918
0 0.372054 0.840478 0.313131 0.023915
0 0.887664 0.143313 0.190389 0.056333
0 0.374809 0.707352 0.0572391 0.0085031
0 0.646465 0.55837 0.0710132 0.00673162
0 0.645852 0.833924 0.0697888 0.00761736
0 0.0775941 0.219929 0.09397 0.129495
0 0.18993 0.270151 0.12213 0.221789
0 0.0760637 0.334898 0.0780533 0.035961
0 0.378176 0.872808 0.0566269 0.00744021
0 0.364861 0.467139 0.0599939 0.0081488
0 0.460514 0.202214 0.130089 0.0122232
0 0.0722375 0.429141 0.0697888 0.00584588
0 0.190389 0.164128 0.191001 0.0547387
0 0.077135 0.179805 0.0875421 0.0428698
0 0.0919804 0.465545 0.101928 0.00744021
0 0.0743802 0.237555 0.0881543 0.0432241
0 0.0779002 0.279628 0.0860116 0.0306466
0 0.0774411 0.365102 0.0869299 0.111249
0 0.190389 0.239504 0.112642 0.0488928
0 0.188705 0.345173 0.117845 0.0480071
0 0.218243 0.0759965 0.365473 0.028698
0 0.187022 0.39628 0.117539 0.0464128
0 0.298592 0.275111 0.0835629 0.23419
0 0.287573 0.428875 0.0860116 0.0085031
0 0.110805 0.725421 0.157331 0.501329
0 0.189624 0.292117 0.116621 0.0453499
0 0.183655 0.138884 0.293848 0.0329495
0 0.191613 0.185651 0.121824 0.0471213
0 0.295072 0.407352 0.0673401 0.0267493
0 0.744414 0.540567 0.265687 0.010806
0 0.891644 0.272719 0.18794 0.196457
0 0.185797 0.285562 0.319559 0.269619
0 0.677839 0.49566 0.134986 0.0680248
0 0.580349 0.153676 0.369758 0.0735164
0 0.817417 0.496014 0.134986 0.0662533
0 0.885063 0.382905 0.176615 0.0139947
0 0.459902 0.313906 0.207836 0.230647
0 0.370829 0.575376 0.302112 0.227458
0 0.871595 0.680602 0.218243 0.256864
0 0.645852 0.901949 0.215488 0.143667
0 0.37236 0.778388 0.31007 0.15093
0 0.369911 0.919132 0.302724 0.104694
0 0.645087 0.682197 0.215794 0.255093
0 0.871595 0.899823 0.212733 0.146501
0 0.679523 0.311869 0.211815 0.234367
