0 0.233488 0.805614 0.399718 0.295495
0 0.641563 0.795495 0.267016 0.272087
0 0.435763 0.293559 0.0829642 0.0211193
0 0.688079 0.556406 0.0789368 0.0163675
0 0.373439 0.656635 0.031615 0.00492784
0 0.831152 0.634372 0.193516 0.0469905
0 0.653745 0.677666 0.0553766 0.00686378
0 0.0589005 0.651531 0.0606122 0.0095037
0 0.623943 0.55931 0.210834 0.0538543
0 0.319976 0.591869 0.0418848 0.0513904
0 0.574205 0.870644 0.124245 0.0577262
0 0.577426 0.851813 0.112163 0.0186554
0 0.353605 0.466385 0.0463149 0.0535023
0 0.617398 0.923442 0.210632 0.0461105
0 0.146194 0.923266 0.231172 0.0872932
0 0.815948 0.957321 0.229561 0.0174234
0 0.12938 0.76584 0.176601 0.210313
0 0.248892 0.380676 0.434152 0.587469
0 0.623037 0.600933 0.211841 0.061422
0 0.377467 0.913851 0.190294 0.0663499
0 0.57501 0.752552 0.119815 0.141851
0 0.622735 0.306054 0.176601 0.478353
0 0.82944 0.350053 0.187273 0.486448
0 0.371526 0.769095 0.192912 0.215065
0 0.831152 0.586765 0.183447 0.0464625
0 0.831655 0.81107 0.204591 0.273319
