0 0.538506 0.195479 0.330631 0.052305
0 0.499855 0.499734 0.625651 0.825709
0 0.28923 0.252571 0.106543 0.0512411
0 0.496526 0.671277 0.411697 0.250355
0 0.478286 0.366312 0.0492183 0.0553191
0 0.730457 0.252482 0.342791 0.0524823
0 0.495802 0.476862 0.509844 0.0845745
0 0.508396 0.624557 0.236827 0.0512411
0 0.2196 0.280496 0.264331 0.0691489
0 0.49392 0.493972 0.480602 0.0475177
0 0.648958 0.255851 0.535321 0.0599291
0 0.492038 0.763387 0.220324 0.0512411
0 0.217574 0.252482 0.266068 0.0560284
0 0.488998 0.662057 0.52403 0.462411
0 0.665171 0.362234 0.483208 0.0673759
0 0.311089 0.136613 0.411986 0.054078
0 0.491604 0.62633 0.115229 0.0501773
0 0.225101 0.310372 0.274175 0.0533688
0 0.499421 0.872429 0.486972 0.0437943
