0 0.08025 0.137938 0.0305 0.0255805
0 0.243 0.705628 0.094 0.00550964
0 0.62325 0.580677 0.1265 0.182999
0 0.36675 0.0869736 0.1115 0.0125935
0 0.17875 0.201299 0.2145 0.00983865
0 0.11825 0.889414 0.1135 0.0141677
0 0.62175 0.151909 0.1215 0.0873672
0 0.81375 0.161747 0.0775 0.0094451
0 0.49 0.0279418 0.872 0.0527351
0 0.281 0.723337 0.042 0.0299095
0 0.1845 0.204054 0.065 0.00669028
0 0.49675 0.580283 0.1065 0.0106257
0 0.37 0.50551 0.124 0.0106257
0 0.87725 0.66588 0.0595 0.00787092
0 0.4965 0.903188 0.122 0.126722
0 0.811 0.161354 0.2 0.0118064
0 0.11875 0.740457 0.1215 0.0751673
0 0.11825 0.803227 0.1215 0.0503739
0 0.74875 0.531484 0.1105 0.00747737
0 0.24425 0.603109 0.1195 0.0562771
0 0.36925 0.414797 0.1255 0.0362062
0 0.48175 0.0604093 0.8895 0.0428965
0 0.17875 0.187525 0.2375 0.153876
0 0.24475 0.748524 0.1135 0.0094451
0 0.872 0.138135 0.119 0.0291224
0 0.49575 0.779614 0.1225 0.356553
0 0.62125 0.094451 0.1155 0.0196773
0 0.622 0.113341 0.104 0.0118064
0 0.18025 0.180047 0.2395 0.0271547
0 0.747 0.542897 0.092 0.00826446
0 0.7505 0.134002 0.121 0.0326643
0 0.494 0.182212 0.123 0.034632
0 0.118 0.855175 0.121 0.0472255
0 0.4945 0.141677 0.123 0.114915
0 0.18225 0.131444 0.2385 0.042503
0 0.118 0.943133 0.119 0.0271547
0 0.1185 0.908697 0.119 0.0480126
0 0.1825 0.0899252 0.249 0.0200708
0 0.74675 0.0911059 0.3645 0.0287288
0 0.3695 0.446675 0.12 0.0165289
0 0.4965 0.930539 0.122 0.0287288
0 0.74775 0.859898 0.1195 0.0322708
0 0.49725 0.955136 0.1205 0.0133806
0 0.749 0.188705 0.123 0.0263676
0 0.49525 0.269185 0.1195 0.137741
0 0.24625 0.722747 0.1185 0.0326643
0 0.8095 0.141677 0.257 0.0550964
0 0.4955 0.854388 0.121 0.0330578
0 0.11975 0.830382 0.1285 0.255805
0 0.74675 0.896301 0.1185 0.021645
0 0.24375 0.685754 0.1185 0.0279418
0 0.49675 0.894333 0.1215 0.0365998
0 0.87275 0.896694 0.1185 0.0224321
0 0.2435 0.652105 0.119 0.0385675
0 0.24425 0.466352 0.1235 0.334514
0 0.36975 0.4756 0.1255 0.0413223
0 0.8735 0.683983 0.12 0.0456513
0 0.49575 0.812279 0.1205 0.0440771
0 0.621 0.391185 0.125 0.563558
0 0.49625 0.753837 0.1205 0.0657222
0 0.74775 0.818182 0.1145 0.0338449
0 0.17575 0.251673 0.2315 0.0798898
0 0.7475 0.367769 0.121 0.329398
0 0.80975 0.940378 0.2305 0.0436836
0 0.62225 0.938607 0.1205 0.0480126
0 0.49625 0.414404 0.1215 0.0385675
0 0.369 0.845533 0.119 0.127115
0 0.87525 0.263676 0.1245 0.172373
0 0.49625 0.369736 0.1195 0.0436836
0 0.24375 0.848485 0.1215 0.214876
0 0.498 0.645022 0.12 0.142464
0 0.37075 0.93841 0.1145 0.0334514
0 0.87375 0.737702 0.1205 0.05549
0 0.74975 0.739866 0.1195 0.114128
0 0.36975 0.357143 0.1245 0.149941
0 0.369 0.532468 0.125 0.0669028
0 0.11775 0.498819 0.1225 0.399449
0 0.6225 0.792011 0.128 0.235734
0 0.3695 0.74144 0.126 0.068477
0 0.37 0.63656 0.123 0.131838
0 0.8745 0.570248 0.119 0.177096
0 0.369 0.182212 0.122 0.194412
0 0.8745 0.415584 0.119 0.125148
0 0.749 0.611964 0.12 0.13538
0 0.496 0.505116 0.121 0.131051
0 0.87275 0.827037 0.1195 0.114522
