0 0.531846 0.652429 0.549432 0.695142
0 0.893845 0.251448 0.09822 0.0688546
0 0.670277 0.817728 0.140468 0.0952381
0 0.426764 0.0978121 0.0686253 0.0521236
0 0.320716 0.932835 0.0967188 0.0149614
0 0.804525 0.54416 0.0718422 0.00659588
0 0.912717 0.314028 0.0523268 0.0273488
0 0.708449 0.802767 0.04911 0.021879
0 0.491422 0.68018 0.179069 0.110682
0 0.315677 0.864463 0.0849239 0.0149614
0 0.416041 0.333253 0.0874973 0.0632239
0 0.080742 0.0559041 0.108728 0.0143179
0 0.715741 0.56065 0.034956 0.0250965
0 0.202766 0.928008 0.0499678 0.0210746
0 0.668668 0.774292 0.12953 0.0241313
0 0.343234 0.838079 0.0465366 0.0355534
0 0.488312 0.629022 0.173708 0.0768983
0 0.538173 0.56805 0.0671242 0.0505148
0 0.198585 0.416828 0.115376 0.0318533
0 0.311924 0.247346 0.0636929 0.0519627
0 0.710701 0.232304 0.120952 0.0160875
0 0.320716 0.895833 0.10401 0.0751287
0 0.551469 0.671654 0.053828 0.0341055
0 0.848166 0.785473 0.166845 0.0146396
0 0.0841733 0.61768 0.0409608 0.0464929
0 0.848703 0.81443 0.17864 0.0538932
0 0.653013 0.350064 0.615912 0.504183
0 0.763028 0.710666 0.410036 0.367278
0 0.912288 0.399694 0.0651941 0.140122
0 0.67092 0.65814 0.13146 0.02574
0 0.190435 0.44297 0.0759168 0.0104569
0 0.794767 0.381194 0.0416041 0.0561454
0 0.805597 0.0838964 0.0469655 0.0175354
0 0.386983 0.197957 0.13146 0.0345882
0 0.364036 0.518903 0.172207 0.0185006
0 0.886125 0.155325 0.0926442 0.0384492
0 0.338516 0.805421 0.0718422 0.0976512
0 0.489492 0.636985 0.173065 0.0246139
0 0.79273 0.89342 0.0864251 0.0333012
0 0.193223 0.056065 0.0814926 0.0104569
0 0.345271 0.803652 0.0553292 0.0246139
0 0.673279 0.706483 0.115591 0.0114221
0 0.321145 0.62508 0.095861 0.0114221
0 0.845915 0.698037 0.176925 0.0366795
0 0.32522 0.743082 0.0954321 0.023166
0 0.580206 0.194257 0.564658 0.0378057
0 0.849239 0.782979 0.181857 0.218468
0 0.666416 0.851834 0.134463 0.0212355
0 0.811495 0.653636 0.0939309 0.0276705
0 0.726785 0.332609 0.175424 0.0178571
0 0.726785 0.446107 0.174566 0.0534106
0 0.720352 0.27936 0.155694 0.109878
0 0.351169 0.578909 0.0426764 0.0722329
0 0.399528 0.249517 0.0990779 0.0498713
0 0.666953 0.591216 0.131246 0.029601
0 0.876367 0.102156 0.0641218 0.0569498
0 0.648831 0.684685 0.0825649 0.0222008
0 0.363607 0.284347 0.173493 0.0175354
0 0.888913 0.278555 0.100365 0.0326577
0 0.365323 0.502172 0.175209 0.0564672
0 0.487669 0.704794 0.171992 0.028314
0 0.361891 0.375724 0.171778 0.0239704
0 0.363714 0.374839 0.195153 0.305985
0 0.732039 0.376448 0.191937 0.300837
0 0.701158 0.504022 0.113017 0.0540541
0 0.793481 0.686615 0.0639074 0.016731
0 0.142719 0.695866 0.133605 0.0532497
0 0.885481 0.383285 0.117092 0.27751
0 0.491636 0.67093 0.172636 0.0365187
0 0.492172 0.712033 0.190435 0.334299
0 0.889234 0.509492 0.107013 0.0250965
0 0.547931 0.431548 0.138966 0.0239704
0 0.142719 0.527429 0.19065 0.0429537
0 0.364036 0.431708 0.189363 0.078668
0 0.892237 0.928652 0.0872829 0.0165701
0 0.356423 0.897442 0.0441776 0.0513192
0 0.491422 0.846284 0.179069 0.0516409
0 0.604868 0.127735 0.645722 0.116474
0 0.324576 0.744289 0.11216 0.383044
0 0.763886 0.283703 0.0754879 0.0699807
0 0.202981 0.874115 0.0641218 0.135296
0 0.687004 0.620174 0.0937165 0.0215573
0 0.542891 0.518018 0.130603 0.0151223
0 0.704268 0.376609 0.11409 0.0614543
0 0.806241 0.606178 0.0795625 0.129665
0 0.293159 0.800032 0.0446065 0.0897683
0 0.785439 0.503459 0.0533991 0.0580759
0 0.322968 0.671573 0.101651 0.0805985
0 0.670598 0.714607 0.140682 0.335907
0 0.133605 0.87685 0.202016 0.133687
0 0.619022 0.906853 0.449282 0.0598456
0 0.545035 0.324003 0.154621 0.179858
0 0.645293 0.561133 0.0900708 0.0292793
0 0.886661 0.880952 0.086854 0.0659588
0 0.323075 0.328105 0.0967188 0.0622587
0 0.493674 0.768903 0.181428 0.0860682
0 0.913682 0.240267 0.0516835 0.0410232
0 0.138216 0.683237 0.166202 0.175997
0 0.529059 0.477477 0.0999357 0.0592021
0 0.793373 0.813143 0.0606905 0.0378057
0 0.697083 0.742921 0.0714133 0.032175
0 0.450139 0.569579 0.0879262 0.0481017
0 0.639502 0.813143 0.0763457 0.0529279
0 0.88591 0.743645 0.0943599 0.0558237
0 0.299378 0.579392 0.0536136 0.0760939
0 0.201051 0.462918 0.114304 0.0497104
0 0.891593 0.600869 0.0997212 0.126126
0 0.197727 0.244369 0.110658 0.381918
0 0.0815998 0.15082 0.119022 0.20222
0 0.0811709 0.471525 0.118164 0.028314
0 0.0804203 0.352236 0.117521 0.191602
