0 0.795592 0.449422 0.235516 0.329716
0 0.329975 0.29104 0.183879 0.0756038
0 0.369144 0.399983 0.738287 0.572804
0 0.68602 0.855793 0.11461 0.109905
0 0.363224 0.743437 0.668514 0.102905
0 0.333879 0.529576 0.245592 0.269513
0 0.450252 0.586979 0.0516373 0.040252
0 0.732494 0.294802 0.106801 0.0110256
0 0.793073 0.581467 0.214358 0.0099755
0 0.722922 0.811078 0.0816121 0.020126
0 0.0642317 0.404533 0.0871537 0.0110256
0 0.162469 0.308278 0.129471 0.0691285
0 0.25932 0.634669 0.0551637 0.0267763
0 0.114358 0.403745 0.191436 0.0157508
0 0.519521 0.439972 0.198741 0.0581029
0 0.132872 0.133007 0.189673 0.0462023
0 0.0580605 0.274326 0.0838791 0.0232762
0 0.0513854 0.317466 0.0760705 0.0647532
0 0.29597 0.137294 0.0634761 0.0267763
0 0.378463 0.296552 0.0778338 0.0229261
0 0.299622 0.763738 0.0632242 0.0455023
0 0.531486 0.927896 0.174307 0.0455023
0 0.445214 0.211761 0.406801 0.060203
0 0.364232 0.695222 0.673048 0.609555
0 0.337154 0.738624 0.157935 0.0939797
0 0.346977 0.109205 0.658186 0.0938047
0 0.0739295 0.133182 0.0662469 0.039552
0 0.117254 0.661796 0.20529 0.0138257
0 0.543577 0.74475 0.233753 0.0866293
0 0.114484 0.444172 0.197229 0.0668533
0 0.525945 0.29979 0.198992 0.107105
0 0.35869 0.934984 0.150126 0.0320266
0 0.456297 0.40112 0.0662469 0.0154008
0 0.317758 0.861218 0.0697733 0.0633532
0 0.436776 0.267938 0.488161 0.180259
0 0.315491 0.611481 0.174055 0.105355
0 0.287909 0.317816 0.0921914 0.0703535
0 0.252771 0.374169 0.474307 0.019251
0 0.496096 0.133007 0.327204 0.0427021
0 0.124433 0.268726 0.246348 0.166433
0 0.797733 0.64447 0.212594 0.0120756
0 0.811839 0.0457648 0.206045 0.0148757
0 0.132368 0.714823 0.174055 0.0638782
0 0.452897 0.880294 0.325945 0.152958
0 0.528338 0.534652 0.219899 0.254813
0 0.795466 0.527564 0.231234 0.0880294
0 0.795214 0.610431 0.233753 0.0630032
0 0.320403 0.449335 0.180856 0.10133
0 0.322544 0.528264 0.189169 0.0481274
0 0.800126 0.184897 0.166499 0.0113756
0 0.783879 0.879594 0.313854 0.145957
0 0.116625 0.528439 0.202015 0.261288
0 0.798489 0.352818 0.228212 0.0983549
0 0.144458 0.909345 0.242065 0.0955548
0 0.800756 0.729349 0.244836 0.148582
0 0.803275 0.116381 0.19597 0.0896045
0 0.796725 0.252013 0.233753 0.0980049
0 0.795466 0.444697 0.234257 0.0731537
0 0.139547 0.803378 0.246348 0.10693
