0 0.378306 0.836066 0.123523 0.039258
0 0.630698 0.891825 0.125211 0.0295513
0 0.758723 0.374676 0.117895 0.0163934
0 0.123241 0.129638 0.122679 0.160915
0 0.888013 0.913719 0.132245 0.0526316
0 0.758723 0.393982 0.117895 0.0157463
0 0.758019 0.336173 0.110861 0.00798102
0 0.505346 0.870039 0.0528981 0.00539258
0 0.377884 0.776639 0.123804 0.0286885
0 0.631964 0.553494 0.123804 0.52459
0 0.887029 0.416954 0.121835 0.0150992
0 0.631683 0.708154 0.12099 0.043572
0 0.759285 0.401316 0.119584 0.0567299
0 0.376055 0.58887 0.124086 0.0280414
0 0.122257 0.0526316 0.117333 0.011648
0 0.822454 0.31428 0.236353 0.0237274
0 0.376477 0.434858 0.123241 0.11346
0 0.757738 0.653149 0.12099 0.0556514
0 0.375914 0.91415 0.125492 0.0819672
0 0.885903 0.385138 0.123523 0.0524159
0 0.885622 0.556946 0.0745639 0.0069025
0 0.757316 0.544543 0.119021 0.0481018
0 0.123241 0.206752 0.123804 0.0243745
0 0.124086 0.2555 0.119865 0.0209232
0 0.377321 0.931406 0.125492 0.0215703
0 0.376477 0.734038 0.122679 0.0366695
0 0.376759 0.758628 0.123804 0.0211389
0 0.124367 0.224331 0.118177 0.0120794
0 0.7583 0.349978 0.118739 0.0291199
0 0.37704 0.943917 0.123241 0.0237274
0 0.733118 0.0752804 0.0706246 0.0539258
0 0.75816 0.416091 0.119021 0.0224331
0 0.376477 0.855371 0.12493 0.0282571
0 0.123382 0.213978 0.123523 0.0202761
0 0.375914 0.944888 0.121553 0.00970664
0 0.376055 0.641178 0.124086 0.0519845
0 0.884637 0.434211 0.0917276 0.00560828
0 0.124086 0.248706 0.120428 0.0383952
0 0.378306 0.822045 0.124086 0.0185505
0 0.729319 0.923533 0.0680923 0.0735548
0 0.886747 0.345449 0.126899 0.0239431
0 0.378447 0.720125 0.122116 0.031277
0 0.376899 0.908542 0.12296 0.0310613
0 0.885903 0.432916 0.111142 0.00819672
0 0.888436 0.91415 0.092009 0.00862813
0 0.12493 0.220449 0.119302 0.00992235
0 0.377743 0.950712 0.124648 0.0200604
0 0.375633 0.957506 0.120428 0.00992235
0 0.788689 0.921484 0.0579629 0.0776531
0 0.376899 0.54066 0.124086 0.0351596
0 0.378447 0.711713 0.124367 0.0209232
0 0.125774 0.058132 0.120428 0.0235116
0 0.121553 0.260677 0.119302 0.0170406
0 0.815138 0.0757118 0.245357 0.0565142
0 0.121412 0.23997 0.119584 0.0213546
0 0.376196 0.898943 0.124367 0.0131579
0 0.884074 0.535052 0.122679 0.0256687
0 0.122679 0.205889 0.121553 0.0135893
0 0.757456 0.633844 0.120428 0.0226488
0 0.631683 0.391178 0.126055 0.696506
0 0.376618 0.91566 0.125211 0.0133736
0 0.125211 0.103538 0.121553 0.0491803
0 0.249437 0.936691 0.121272 0.00927524
0 0.376477 0.931083 0.126055 0.0118637
0 0.123523 0.165552 0.120428 0.0580242
0 0.376899 0.863352 0.125774 0.0140207
0 0.376759 0.846743 0.124367 0.0144521
0 0.884778 0.504745 0.124648 0.0306299
0 0.757597 0.606126 0.119584 0.0267472
0 0.756753 0.664582 0.119584 0.02761
0 0.37704 0.881148 0.124367 0.0142364
0 0.249719 0.953516 0.12296 0.0166091
0 0.376337 0.830349 0.126899 0.0135893
0 0.756331 0.532571 0.112549 0.0232959
0 0.884918 0.51607 0.12493 0.0575928
0 0.888295 0.893227 0.126618 0.0258844
0 0.377181 0.768874 0.124086 0.0187662
0 0.377321 0.705997 0.124367 0.0189819
0 0.822031 0.203624 0.229319 0.239431
0 0.249719 0.945966 0.120709 0.0273943
0 0.376618 0.790013 0.12296 0.0187662
0 0.8852 0.379422 0.126055 0.0905953
0 0.376196 0.811583 0.123804 0.0179034
0 0.376759 0.748059 0.122679 0.0181191
0 0.757878 0.502912 0.117895 0.0291199
0 0.376899 0.727459 0.124086 0.0183348
0 0.758863 0.380608 0.120428 0.0955565
0 0.63112 0.746333 0.123241 0.0258844
0 0.885763 0.462252 0.124367 0.0401208
0 0.377884 0.468292 0.123241 0.0418464
0 0.377181 0.605695 0.123523 0.0224331
0 0.7583 0.456967 0.119302 0.0515531
0 0.757597 0.57129 0.121272 0.0360224
0 0.887591 0.836281 0.126899 0.0823986
0 0.376899 0.580134 0.125211 0.0239431
0 0.378165 0.410375 0.123804 0.0692407
0 0.376759 0.683024 0.123804 0.0230802
0 0.37704 0.631579 0.123804 0.0232959
0 0.376759 0.209771 0.125492 0.326359
0 0.377181 0.657355 0.124086 0.0226488
0 0.121553 0.317407 0.122116 0.0890854
0 0.37704 0.551014 0.123804 0.0282571
0 0.631542 0.799288 0.123523 0.0757118
0 0.250703 0.404443 0.126618 0.367558
0 0.250281 0.758844 0.12296 0.335634
0 0.123804 0.928063 0.124367 0.0649267
0 0.631261 0.919219 0.126899 0.0869284
0 0.757597 0.752265 0.122397 0.136109
0 0.759285 0.920837 0.119584 0.0798102
0 0.630979 0.856989 0.126899 0.0349439
0 0.888858 0.935936 0.132245 0.0539258
0 0.504502 0.334664 0.124367 0.185289
0 0.376759 0.513589 0.122679 0.041415
0 0.759285 0.850302 0.121835 0.0543572
0 0.504783 0.761432 0.121553 0.206212
0 0.884356 0.673965 0.123804 0.235332
0 0.504924 0.915121 0.120709 0.0964193
0 0.25 0.131255 0.123523 0.169758
0 0.123382 0.800906 0.126899 0.185505
0 0.503517 0.54368 0.124648 0.223684
0 0.121131 0.524051 0.125774 0.114538
0 0.12296 0.414689 0.123241 0.0985764
0 0.121553 0.645492 0.126055 0.123167
0 0.503799 0.141393 0.12296 0.190897
