0 0.314331 0.897466 0.103556 0.0226121
0 0.186977 0.680507 0.0580544 0.125146
0 0.551255 0.263743 0.108787 0.0136452
0 0.158473 0.462378 0.0439331 0.008577
0 0.43227 0.730799 0.104079 0.011306
0 0.520659 0.868616 0.042364 0.00545809
0 0.0980649 0.677973 0.0559623 0.120078
0 0.150628 0.584016 0.254184 0.379727
0 0.788964 0.445419 0.10931 0.0191033
0 0.601726 0.887134 0.224372 0.130604
0 0.213389 0.734698 0.039749 0.0276803
0 0.570084 0.754971 0.0690377 0.00662768
0 0.899843 0.556725 0.10931 0.0155945
0 0.145921 0.442885 0.185146 0.0132554
0 0.435408 0.27271 0.108264 0.0518519
0 0.11977 0.869201 0.114017 0.105653
0 0.31773 0.617544 0.0988494 0.0522417
0 0.787918 0.495322 0.107218 0.019883
0 0.323745 0.522027 0.103556 0.008577
0 0.785826 0.185965 0.111402 0.0155945
0 0.315638 0.701754 0.0998954 0.0810916
0 0.316946 0.646589 0.0993724 0.0261209
0 0.906642 0.301559 0.11454 0.0931774
0 0.154289 0.0432749 0.16318 0.0116959
0 0.548902 0.605458 0.108264 0.0405458
0 0.555962 0.0497076 0.111925 0.0276803
0 0.344404 0.882456 0.0486402 0.037037
0 0.316946 0.789084 0.0941423 0.00935673
0 0.783734 0.605263 0.111402 0.0206628
0 0.666318 0.832359 0.0617155 0.0194932
0 0.170502 0.939571 0.0481172 0.00701754
0 0.151935 0.402924 0.185669 0.0152047
0 0.786872 0.207602 0.111402 0.0175439
0 0.790533 0.470955 0.107218 0.0233918
0 0.313808 0.816959 0.0993724 0.0152047
0 0.665272 0.24425 0.0617155 0.00662768
0 0.429655 0.957895 0.111402 0.0311891
0 0.434885 0.365887 0.0998954 0.0105263
0 0.549163 0.491033 0.106695 0.00818713
0 0.712605 0.762183 0.458682 0.0873294
0 0.906119 0.248538 0.113494 0.0276803
0 0.908473 0.870565 0.0690377 0.00623782
0 0.436715 0.0890838 0.109833 0.0237817
0 0.905858 0.302924 0.114017 0.0218324
0 0.786088 0.17076 0.114017 0.0421053
0 0.787918 0.241131 0.111402 0.037037
0 0.906381 0.276803 0.111925 0.0202729
0 0.322176 0.530214 0.104603 0.008577
0 0.553609 0.577388 0.0946653 0.0124756
0 0.905596 0.207797 0.116632 0.0483431
0 0.667364 0.0584795 0.0889121 0.0124756
0 0.551778 0.252437 0.110879 0.0245614
0 0.910565 0.0746589 0.122385 0.0877193
0 0.667103 0.0810916 0.0726987 0.0109162
0 0.775628 0.0360624 0.0805439 0.0120858
0 0.320345 0.55809 0.10931 0.0510721
0 0.429132 0.77232 0.0998954 0.0116959
0 0.153766 0.605848 0.0481172 0.051462
0 0.788964 0.278558 0.108264 0.0237817
0 0.667626 0.111111 0.110356 0.155945
0 0.786349 0.223197 0.112448 0.155556
0 0.903504 0.108967 0.11454 0.0191033
0 0.321391 0.400975 0.106172 0.0432749
0 0.518828 0.814035 0.0324268 0.00545809
0 0.666841 0.195322 0.107741 0.00935673
0 0.901935 0.465302 0.113494 0.0619883
0 0.436977 0.163743 0.110356 0.0319688
0 0.219927 0.605848 0.0653766 0.0538012
0 0.550209 0.288304 0.110879 0.0183236
0 0.902458 0.518324 0.113494 0.0448343
0 0.91318 0.81345 0.0554393 0.00584795
0 0.904289 0.332359 0.117155 0.0292398
0 0.535042 0.982846 0.0951883 0.00623782
0 0.786872 0.442495 0.110356 0.126316
0 0.787395 0.366862 0.11454 0.0272904
0 0.902458 0.170565 0.108264 0.0175439
0 0.668672 0.37193 0.116632 0.017154
0 0.904027 0.367446 0.116632 0.02846
0 0.785826 0.52729 0.110356 0.0339181
0 0.669456 0.27076 0.114017 0.0557505
0 0.0902197 0.904288 0.105126 0.0463938
0 0.66841 0.441715 0.117155 0.017154
0 0.358264 0.0401559 0.0679916 0.0109162
0 0.668672 0.134308 0.10931 0.0159844
0 0.903766 0.402144 0.118201 0.0362573
0 0.156904 0.683821 0.0575314 0.11462
0 0.904027 0.139961 0.10931 0.0358674
0 0.431485 0.117544 0.08159 0.0261209
0 0.787918 0.305458 0.111402 0.0783626
0 0.207897 0.326706 0.107218 0.122417
0 0.434623 0.338012 0.107741 0.0366472
0 0.786088 0.392203 0.111925 0.433528
0 0.322699 0.450682 0.109833 0.0545809
0 0.0915272 0.844249 0.100418 0.054191
0 0.669456 0.332554 0.114017 0.0538012
0 0.145921 0.503119 0.202929 0.140741
0 0.668672 0.0495127 0.103033 0.0335283
0 0.548902 0.472515 0.10931 0.034308
0 0.149843 0.803899 0.0915272 0.008577
0 0.669718 0.497466 0.125 0.0155945
0 0.77955 0.0269006 0.0998954 0.0366472
0 0.666841 0.565107 0.112971 0.0120858
0 0.66841 0.368226 0.118201 0.247563
0 0.153243 0.574854 0.040795 0.00506823
0 0.667103 0.0415205 0.0716527 0.0152047
0 0.0949268 0.374074 0.113494 0.02846
0 0.22045 0.679337 0.0591004 0.132943
0 0.559362 0.0360624 0.0444561 0.00740741
0 0.666841 0.406238 0.115063 0.0413255
0 0.781904 0.78538 0.0575314 0.0354776
0 0.14749 0.0448343 0.0491632 0.00701754
0 0.668933 0.47154 0.121339 0.02846
0 0.612971 0.784795 0.186192 0.0421053
0 0.143567 0.882651 0.221234 0.17232
0 0.839697 0.898246 0.221234 0.0460039
0 0.544718 0.953606 0.100941 0.0405458
0 0.667103 0.107992 0.104079 0.0405458
0 0.722803 0.844834 0.473849 0.276803
0 0.847019 0.955556 0.168933 0.0382066
0 0.436715 0.0631579 0.111925 0.0202729
0 0.839958 0.838012 0.219665 0.0526316
0 0.611663 0.898246 0.187762 0.0444444
0 0.667103 0.531384 0.11454 0.0397661
0 0.430439 0.753411 0.107741 0.0549708
0 0.549163 0.51423 0.109833 0.0241715
0 0.718358 0.725146 0.391736 0.0366472
0 0.844665 0.78499 0.203975 0.0409357
0 0.159257 0.516374 0.0538703 0.107212
0 0.20999 0.327485 0.105126 0.0288499
0 0.169979 0.953606 0.141213 0.0350877
0 0.549948 0.546004 0.10931 0.0261209
0 0.432793 0.539571 0.106172 0.0545809
0 0.656381 0.955945 0.105649 0.0397661
0 0.4341 0.235478 0.109833 0.17154
0 0.78478 0.583431 0.111402 0.062768
0 0.905073 0.450682 0.118724 0.192593
0 0.54864 0.507018 0.110879 0.104094
0 0.137552 0.663158 0.183054 0.167641
0 0.325837 0.496491 0.10251 0.0300195
0 0.787134 0.0986355 0.108787 0.0966862
0 0.668149 0.168421 0.113494 0.0405458
0 0.756538 0.838986 0.0549163 0.0452242
0 0.323483 0.0838207 0.110356 0.0608187
0 0.428086 0.802924 0.0936192 0.0269006
0 0.905596 0.191033 0.117678 0.315789
0 0.323222 0.298635 0.0983264 0.451462
0 0.669979 0.221637 0.115063 0.0300195
0 0.760722 0.898636 0.0695607 0.0366472
0 0.199791 0.87076 0.104603 0.112671
0 0.145921 0.422222 0.197699 0.0545809
0 0.210251 0.365887 0.107741 0.0401559
0 0.217835 0.515789 0.0674686 0.106043
0 0.903504 0.580507 0.112448 0.0631579
0 0.601464 0.84152 0.215481 0.0440546
0 0.434885 0.462573 0.110356 0.203899
0 0.439069 0.0927875 0.110356 0.0779727
0 0.547856 0.366472 0.112448 0.173879
0 0.0870816 0.516959 0.0789749 0.107602
0 0.150366 0.233333 0.205544 0.0136452
0 0.0632845 0.951462 0.0543933 0.0432749
0 0.432531 0.647953 0.109833 0.147368
0 0.519351 0.783626 0.0575314 0.0452242
0 0.316684 0.660819 0.104079 0.258869
0 0.209467 0.287329 0.107218 0.0288499
0 0.314592 0.918519 0.108264 0.107602
0 0.667364 0.635673 0.106695 0.126706
0 0.158734 0.257895 0.156381 0.0120858
0 0.841527 0.664912 0.217573 0.071345
0 0.52432 0.896101 0.0528243 0.045614
0 0.314592 0.831774 0.105126 0.0510721
0 0.431747 0.886355 0.113494 0.174269
0 0.549425 0.633918 0.111402 0.131774
0 0.551255 0.147953 0.112971 0.230409
0 0.146182 0.774464 0.203452 0.0401559
0 0.0959728 0.330604 0.113494 0.11384
0 0.152197 0.136452 0.211297 0.173879
