0 0.698403 0.894989 0.0978711 0.134916
0 0.191381 0.751969 0.0977232 0.0340144
0 0.0902572 0.19798 0.100384 0.0425751
0 0.496378 0.574192 0.10068 0.098733
0 0.598758 0.448921 0.0963927 0.0107294
0 0.194559 0.0918845 0.102898 0.140623
0 0.494604 0.213389 0.0953578 0.0181486
0 0.0873743 0.0771031 0.101419 0.0167789
0 0.394663 0.246433 0.0992017 0.0273941
0 0.494456 0.312179 0.0971319 0.0600388
0 0.0890745 0.237815 0.0986103 0.350987
0 0.596245 0.68257 0.0978711 0.0255679
0 0.396437 0.143134 0.0974276 0.0139254
0 0.581461 0.729083 0.0691898 0.0530761
0 0.0939533 0.412053 0.093288 0.0226002
0 0.394441 0.884089 0.0993495 0.0106152
0 0.396363 0.109234 0.100532 0.048168
0 0.494973 0.780619 0.0993495 0.0120991
0 0.597132 0.955256 0.0958013 0.0178062
0 0.49586 0.444641 0.0987581 0.0158658
0 0.396141 0.889567 0.101863 0.160826
0 0.190568 0.951318 0.0978711 0.0236274
0 0.394589 0.879694 0.100532 0.0159799
0 0.850902 0.914336 0.202099 0.0795571
0 0.596467 0.163737 0.0980189 0.0542176
0 0.494899 0.691702 0.099793 0.0383518
0 0.392593 0.438991 0.100089 0.0257961
0 0.697221 0.12139 0.0981668 0.181144
0 0.596245 0.330271 0.0990538 0.0425751
0 0.0896659 0.210707 0.0965405 0.0235133
0 0.396215 0.150896 0.0987581 0.0278507
0 0.495269 0.787524 0.0987581 0.0480539
0 0.0882614 0.0821253 0.104672 0.0291063
0 0.193377 0.463532 0.0955056 0.00753339
0 0.597132 0.759559 0.0984624 0.181372
0 0.497043 0.436765 0.0984624 0.0297911
0 0.394145 0.827189 0.0975754 0.0207739
0 0.394072 0.816745 0.098906 0.0412053
0 0.699438 0.799338 0.0990538 0.336491
0 0.59691 0.419359 0.0971319 0.049766
0 0.496526 0.466613 0.0977232 0.0262527
0 0.153829 0.333067 0.175192 0.127154
0 0.596393 0.282844 0.0987581 0.0287638
0 0.343658 0.507648 0.189385 0.111517
0 0.394589 0.863543 0.0984624 0.0491953
0 0.0916617 0.460906 0.0987581 0.0205456
0 0.395328 0.282331 0.0993495 0.0368679
0 0.698625 0.392307 0.102158 0.772743
0 0.494678 0.371818 0.0972797 0.0450862
0 0.496969 0.547654 0.0992017 0.0849218
0 0.0898876 0.453088 0.0981668 0.0523913
0 0.293983 0.869478 0.0953578 0.0101587
0 0.395476 0.679888 0.100237 0.223605
0 0.495713 0.0999315 0.0987581 0.0854925
0 0.0898137 0.440646 0.0980189 0.0307043
0 0.0897398 0.60347 0.100532 0.0559297
0 0.698329 0.609976 0.100384 0.723205
0 0.85105 0.628924 0.205352 0.26618
0 0.0903312 0.532302 0.0978711 0.0263669
0 0.62123 0.734905 0.0493791 0.0348134
0 0.70003 0.187422 0.0999409 0.318913
0 0.571038 0.732222 0.044796 0.0388084
0 0.494456 0.582867 0.0965405 0.0144961
0 0.0906269 0.182057 0.0987581 0.0123274
0 0.848019 0.112373 0.151094 0.0144961
0 0.496304 0.279135 0.0984624 0.225431
0 0.0898137 0.719895 0.0992017 0.0520489
0 0.0897398 0.663851 0.0999409 0.0479397
0 0.0926966 0.555302 0.101124 0.0440589
0 0.0901833 0.483335 0.0966884 0.0368679
0 0.596762 0.713218 0.0968362 0.0811551
0 0.494678 0.189191 0.0978711 0.0464559
0 0.849128 0.260986 0.168687 0.43842
0 0.596762 0.371704 0.0994973 0.0316174
0 0.0873743 0.0729369 0.0996452 0.0111859
0 0.394515 0.0455998 0.099793 0.0359548
0 0.852085 0.809725 0.202986 0.085835
0 0.494973 0.672126 0.0984624 0.0809268
0 0.595801 0.735475 0.0990538 0.030476
0 0.850754 0.0658601 0.193525 0.0680288
0 0.596245 0.959765 0.0907747 0.0124415
0 0.0902572 0.415706 0.0980189 0.0127839
0 0.494604 0.251056 0.0980189 0.0565004
0 0.0903312 0.449777 0.0981668 0.0154092
0 0.595949 0.691816 0.0996452 0.0408629
0 0.0907008 0.433398 0.0977232 0.0125556
0 0.494752 0.745691 0.0980189 0.0162082
0 0.495121 0.726572 0.0978711 0.0211163
0 0.494604 0.733478 0.0994973 0.0369821
0 0.596614 0.770745 0.098906 0.0316174
0 0.495639 0.502511 0.0986103 0.0409771
0 0.0905529 0.470209 0.0974276 0.0195183
0 0.84691 0.257105 0.166322 0.202831
0 0.394515 0.582182 0.0994973 0.0277366
0 0.0904051 0.492467 0.0983146 0.0197466
0 0.495417 0.608036 0.0975754 0.0470266
0 0.0892224 0.306985 0.08767 0.225431
0 0.494678 0.679831 0.0966884 0.0191759
0 0.191529 0.888997 0.0980189 0.0197466
0 0.59691 0.11711 0.0980189 0.0196325
0 0.090479 0.515866 0.0984624 0.0206597
0 0.496008 0.771031 0.0984624 0.0315033
0 0.193007 0.931115 0.0974276 0.0626641
0 0.852011 0.440132 0.196038 0.0899441
0 0.395328 0.842313 0.100237 0.0950805
0 0.495121 0.702089 0.0975754 0.0230567
0 0.595801 0.575334 0.0978711 0.0352699
0 0.596614 0.146102 0.0959491 0.0324164
0 0.595949 0.817258 0.0987581 0.0607237
0 0.853637 0.7276 0.206978 0.464216
0 0.495713 0.438534 0.0993495 0.0821824
0 0.495639 0.548967 0.098906 0.0485104
0 0.0908486 0.538694 0.0992017 0.0195183
0 0.394072 0.626698 0.098906 0.113115
0 0.596541 0.179317 0.0987581 0.0340144
0 0.0906269 0.593825 0.100532 0.0293346
0 0.393406 0.413766 0.100237 0.0764753
0 0.092327 0.832268 0.0994973 0.0284214
0 0.495269 0.804246 0.0990538 0.0303618
0 0.0905529 0.705456 0.098906 0.0247689
0 0.0878179 0.0456569 0.104672 0.0356124
0 0.0905529 0.623217 0.100089 0.0246547
0 0.598019 0.50759 0.0990538 0.10113
0 0.0878918 0.133147 0.100976 0.0822965
0 0.495047 0.651296 0.0980189 0.0346992
0 0.0904051 0.649869 0.100384 0.0236274
0 0.0907747 0.563977 0.0990538 0.0251113
0 0.597723 0.404006 0.0984624 0.097135
0 0.0925488 0.767093 0.100828 0.0297911
0 0.596836 0.232222 0.0984624 0.0660883
0 0.0908486 0.799623 0.100089 0.0286497
0 0.0902572 0.677491 0.0994973 0.0252254
0 0.291765 0.917646 0.100089 0.0943956
0 0.595875 0.614485 0.0974276 0.0391508
0 0.596393 0.310067 0.100237 0.0859491
0 0.0907008 0.735133 0.0977232 0.0286497
0 0.597723 0.901495 0.0975754 0.103413
0 0.19419 0.0558155 0.0992017 0.0552448
0 0.193229 0.421128 0.0990538 0.0711106
0 0.191898 0.675208 0.0990538 0.191417
0 0.495195 0.222977 0.0992017 0.110147
0 0.495121 0.337233 0.0984624 0.113343
0 0.292504 0.756991 0.0992017 0.212761
0 0.394219 0.0801278 0.100384 0.106609
0 0.0910704 0.877982 0.0984624 0.05456
0 0.496156 0.126298 0.0978711 0.0759046
0 0.394145 0.928661 0.0996452 0.0712247
0 0.394589 0.318457 0.0996452 0.109348
0 0.0901833 0.935681 0.0984624 0.0551307
0 0.394589 0.198722 0.0981668 0.125328
0 0.596541 0.652893 0.0996452 0.0337861
0 0.190716 0.516151 0.0958013 0.115284
0 0.393628 0.739699 0.0986103 0.105353
0 0.494973 0.0598105 0.0990538 0.0625499
0 0.294648 0.119222 0.0993495 0.185481
0 0.193672 0.331298 0.100237 0.107864
0 0.59728 0.0656318 0.0999409 0.0735076
0 0.191677 0.849047 0.0983146 0.0519347
0 0.294057 0.257961 0.0987581 0.0890309
0 0.191677 0.796827 0.0980189 0.0445155
0 0.39348 0.50993 0.0994973 0.110832
0 0.194855 0.119792 0.0984624 0.0685995
0 0.293983 0.374329 0.0983146 0.140281
0 0.497117 0.895103 0.098906 0.138569
0 0.292209 0.505935 0.0983146 0.11517
0 0.193894 0.213845 0.0992017 0.117681
0 0.2928 0.607122 0.0977232 0.0796713
