0 0.499194 0.894213 0.120968 0.0348475
0 0.449194 0.473761 0.211828 0.23854
0 0.87164 0.764468 0.118548 0.0213649
0 0.498522 0.492014 0.121237 0.0435594
0 0.623118 0.671437 0.118817 0.0257208
0 0.375269 0.212404 0.122581 0.343912
0 0.872312 0.155258 0.119355 0.0271728
0 0.623253 0.666667 0.116935 0.0145198
0 0.870027 0.49917 0.118548 0.0188758
0 0.375269 0.936217 0.119355 0.023854
0 0.872312 0.780232 0.120968 0.137523
0 0.624194 0.0493673 0.105376 0.014105
0 0.624731 0.791018 0.12043 0.0906451
0 0.838844 0.403962 0.178763 0.142916
0 0.871102 0.228894 0.119086 0.043352
0 0.871505 0.810828 0.119892 0.078407
0 0.747715 0.0750882 0.114785 0.0261357
0 0.870833 0.573014 0.120161 0.040448
0 0.624597 0.127152 0.118011 0.033603
0 0.622715 0.644472 0.118548 0.025306
0 0.872312 0.642813 0.117742 0.0974901
0 0.871102 0.531944 0.120699 0.0387886
0 0.624059 0.85781 0.120161 0.0392035
0 0.747312 0.245177 0.11828 0.0340178
0 0.747849 0.207426 0.119892 0.120722
0 0.500672 0.55196 0.119086 0.0439743
0 0.498925 0.483302 0.119892 0.0174238
0 0.746909 0.0494711 0.107796 0.0176312
0 0.747581 0.48994 0.115591 0.0128604
0 0.499866 0.513275 0.120161 0.0155569
0 0.498656 0.515764 0.122043 0.113877
0 0.624462 0.174964 0.116129 0.046256
0 0.498925 0.53464 0.11828 0.023854
0 0.871102 0.551442 0.121774 0.0777847
0 0.622715 0.616677 0.118548 0.0373367
0 0.624866 0.921489 0.117473 0.0163866
0 0.625269 0.12933 0.122581 0.159096
0 0.5 0.687824 0.12043 0.216138
0 0.466801 0.930097 0.0551075 0.0365069
0 0.87164 0.303049 0.11586 0.0116158
0 0.625 0.918274 0.118817 0.0638872
0 0.623522 0.571147 0.118011 0.0495748
0 0.625 0.931031 0.11828 0.0338104
0 0.775134 0.828666 0.0615591 0.0506119
0 0.747849 0.151525 0.119892 0.0358847
0 0.498118 0.56202 0.11828 0.0226094
0 0.869624 0.437565 0.119355 0.0632649
0 0.623118 0.629849 0.118817 0.0587015
0 0.870565 0.343082 0.118548 0.267579
0 0.747715 0.164074 0.122849 0.189172
0 0.501075 0.477494 0.122043 0.197884
0 0.500538 0.420971 0.12043 0.0943788
0 0.499194 0.607032 0.12043 0.0578718
0 0.624194 0.863099 0.119355 0.022402
0 0.623656 0.0539307 0.117204 0.0228168
0 0.871102 0.373781 0.119624 0.129434
0 0.624731 0.0887783 0.119355 0.0435594
0 0.624866 0.212611 0.117473 0.0257208
0 0.748522 0.111388 0.120161 0.0406555
0 0.624194 0.822651 0.122043 0.0514416
0 0.747715 0.0647169 0.115323 0.0472931
0 0.748253 0.868907 0.116398 0.0124456
0 0.747043 0.467953 0.11828 0.0261357
0 0.625134 0.925534 0.120699 0.0145198
0 0.872312 0.258038 0.119355 0.100809
0 0.624194 0.155673 0.117742 0.0902302
0 0.376478 0.344638 0.122312 0.608795
0 0.500806 0.783344 0.119892 0.0587015
0 0.500403 0.69664 0.120161 0.114706
0 0.625 0.94358 0.119355 0.0145198
0 0.624731 0.772143 0.12043 0.0487451
0 0.747849 0.827214 0.118817 0.0514416
0 0.747849 0.9134 0.118817 0.068658
0 0.747984 0.552686 0.120699 0.130471
0 0.62379 0.603194 0.121237 0.11118
0 0.126613 0.268305 0.123656 0.44078
0 0.500269 0.151421 0.119355 0.0609832
0 0.871237 0.190002 0.11828 0.0327733
0 0.873118 0.135657 0.119892 0.0692802
0 0.872043 0.680979 0.117742 0.33437
0 0.87043 0.492222 0.116667 0.0398258
0 0.62379 0.895043 0.118548 0.0340178
0 0.624462 0.704003 0.119892 0.086704
0 0.872715 0.0696951 0.119624 0.0580792
0 0.125941 0.626322 0.122849 0.270691
0 0.747715 0.640842 0.120161 0.0454263
0 0.500538 0.0797552 0.119892 0.0757104
0 0.870833 0.901162 0.120699 0.0952085
0 0.500941 0.841319 0.120699 0.0551753
0 0.250806 0.736258 0.122043 0.229206
0 0.252688 0.0735325 0.119892 0.0582867
0 0.500403 0.279506 0.121774 0.187306
0 0.747581 0.305642 0.122043 0.0757104
0 0.500806 0.911948 0.119355 0.0728065
0 0.748118 0.735325 0.12043 0.133997
0 0.624597 0.439017 0.120161 0.208463
0 0.376478 0.901473 0.121774 0.0925119
0 0.747177 0.4134 0.119624 0.131923
0 0.251075 0.361958 0.122043 0.254304
0 0.623253 0.28044 0.121774 0.104128
0 0.125672 0.7961 0.120699 0.0630575
0 0.125269 0.888197 0.122043 0.118648
0 0.377151 0.751711 0.120968 0.203277
0 0.252419 0.168948 0.120968 0.128397
0 0.251344 0.902406 0.121505 0.0910599
0 0.250941 0.555694 0.121774 0.129019
