0 0.607214 0.981196 0.705473 0.0376086
0 0.075 0.259515 0.129104 0.298472
0 0.948632 0.888972 0.0728856 0.0623314
0 0.371891 0.8405 0.341294 0.150584
0 0.448632 0.283788 0.168905 0.217261
0 0.452363 0.569374 0.204726 0.0125862
0 0.450498 0.830986 0.189552 0.128559
0 0.36107 0.741085 0.321642 0.0428529
0 0.5 0.972655 1 0.0525921
0 0.787438 0.56353 0.397761 0.0605334
0 0.848881 0.885676 0.26592 0.0662272
0 0.831095 0.783114 0.262687 0.0879533
0 0.0925373 0.0939467 0.169652 0.0164819
0 0.865299 0.218684 0.267413 0.152382
0 0.257463 0.879907 0.140796 0.011837
0 0.0735075 0.672835 0.116169 0.65433
0 0.36194 0.446509 0.411443 0.0824094
0 0.858333 0.369344 0.195771 0.120767
0 0.0686567 0.436695 0.126368 0.653431
0 0.362313 0.50487 0.412687 0.0828589
0 0.306219 0.284612 0.268159 0.215912
0 0.354478 0.570348 0.389055 0.0133353
0 0.640174 0.828364 0.128109 0.206323
0 0.650497 0.364249 0.123383 0.0377585
0 0.447637 0.631256 0.225622 0.0638298
0 0.360448 0.753221 0.393532 0.348517
0 0.851866 0.445385 0.245025 0.0142343
0 0.648383 0.508016 0.134577 0.0295175
0 0.650373 0.420363 0.131095 0.141894
0 0.422139 0.158226 0.495025 0.025472
0 0.256841 0.821546 0.150995 0.0991909
0 0.786692 0.732619 0.421642 0.396314
0 0.364925 0.477525 0.40995 0.149536
0 0.85995 0.286335 0.266667 0.293078
0 0.510075 0.284088 0.136567 0.219958
0 0.225622 0.284912 0.136816 0.218909
0 0.658209 0.259889 0.118408 0.165268
0 0.369279 0.284088 0.134577 0.221756
0 0.792537 0.489586 0.136318 0.0564879
0 0.932836 0.490785 0.129353 0.0651783
