0 0.879066 0.0703872 0.100243 0.0127977
0 0.304824 0.492386 0.102014 0.0163616
0 0.137198 0.105621 0.188095 0.0213834
0 0.307701 0.399158 0.104669 0.0145796
0 0.136867 0.0971165 0.173268 0.00988174
0 0.136424 0.0724121 0.138305 0.0145796
0 0.135539 0.0537826 0.182563 0.0129597
0 0.532087 0.892273 0.105112 0.163292
0 0.134211 0.398591 0.107325 0.00923376
0 0.864129 0.714239 0.112857 0.438037
0 0.647599 0.436498 0.104669 0.120687
0 0.874972 0.653491 0.101792 0.0294832
0 0.874308 0.641422 0.10135 0.00858578
0 0.133658 0.103353 0.160212 0.00615584
0 0.881279 0.159161 0.102899 0.0111777
0 0.133215 0.403937 0.105776 0.00923376
0 0.766652 0.318403 0.0878513 0.0335331
0 0.881279 0.0554026 0.0967028 0.00939576
0 0.136977 0.136076 0.204913 0.075166
0 0.769529 0.305848 0.100243 0.00939576
0 0.134432 0.39041 0.0971454 0.0077758
0 0.132773 0.0718451 0.199159 0.0507047
0 0.127904 0.167585 0.119495 0.0076138
0 0.137752 0.386036 0.0909493 0.00874777
0 0.133437 0.117771 0.182784 0.0178195
0 0.646382 0.665965 0.110201 0.561801
0 0.648927 0.926616 0.104669 0.0852098
0 0.133769 0.144824 0.196725 0.0242994
0 0.529874 0.675684 0.107325 0.592257
0 0.365014 0.367325 0.21133 0.0157136
0 0.127462 0.758707 0.183669 0.0202495
0 0.882054 0.0950915 0.106661 0.0894217
0 0.59272 0.35388 0.156893 0.0153896
0 0.761341 0.735056 0.107325 0.467358
0 0.766652 0.397052 0.108652 0.178519
0 0.35561 0.522193 0.19075 0.0144176
0 0.420115 0.962417 0.105112 0.0174955
0 0.875526 0.710595 0.102014 0.138506
0 0.297964 0.585291 0.100686 0.078082
0 0.13056 0.283088 0.211551 0.189049
0 0.299181 0.701361 0.104005 0.131703
0 0.303607 0.954155 0.10489 0.0353151
0 0.877628 0.502025 0.107546 0.259193
0 0.128347 0.568281 0.208453 0.333387
0 0.883381 0.255953 0.108874 0.204763
0 0.305931 0.447027 0.105997 0.106755
0 0.416685 0.824316 0.10312 0.23538
0 0.487608 0.157541 0.435716 0.21432
0 0.302058 0.852584 0.106661 0.154544
0 0.878845 0.87826 0.105997 0.188401
0 0.598584 0.304147 0.211551 0.0662563
0 0.420447 0.446703 0.105333 0.109023
0 0.185771 0.820752 0.103341 0.0694962
0 0.0735782 0.879232 0.106439 0.186781
0 0.766984 0.124656 0.105776 0.156974
0 0.362359 0.307792 0.209117 0.075166
0 0.767205 0.249636 0.106218 0.0835898
0 0.188869 0.921108 0.106882 0.103029
0 0.413144 0.623927 0.106218 0.154382
