0 0.125984 0.920222 0.0770825 0.0063101
0 0.739329 0.136118 0.285122 0.046274
0 0.546415 0.225962 0.699959 0.126202
0 0.503523 0.290264 0.642354 0.390024
0 0.869043 0.672175 0.0397845 0.0342548
0 0.476585 0.35652 0.480729 0.0910457
0 0.103191 0.986178 0.0654787 0.00661058
0 0.343349 0.442758 0.228346 0.0441707
0 0.437008 0.733323 0.540821 0.479868
0 0.107957 0.510667 0.0990468 0.0429688
0 0.111687 0.726713 0.11811 0.378305
0 0.821384 0.394381 0.190634 0.179988
0 0.580191 0.442608 0.222959 0.0432692
0 0.816826 0.733624 0.213013 0.433594
0 0.11293 0.951623 0.101533 0.0643029
0 0.107128 0.371394 0.108993 0.0600962
0 0.106299 0.195613 0.110651 0.277043
0 0.108164 0.44351 0.111894 0.0745192
