0 0.472275 0.691126 0.271572 0.0216155
0 0.162294 0.607184 0.273194 0.021778
0 0.166216 0.480335 0.275629 0.025516
0 0.476467 0.444986 0.26535 0.0273038
0 0.168109 0.88274 0.269678 0.0219405
0 0.526778 0.898017 0.891263 0.101251
0 0.438058 0.339834 0.181499 0.022103
0 0.171626 0.941736 0.277793 0.0222656
0 0.130241 0.778888 0.191236 0.0261661
0 0.782932 0.860231 0.275629 0.0165773
0 0.159183 0.540712 0.278875 0.0211279
0 0.162429 0.572973 0.274547 0.0300666
0 0.119692 0.33764 0.18799 0.0138144
0 0.477279 0.558996 0.267514 0.0323419
0 0.788342 0.813424 0.269137 0.0162522
0 0.124831 0.809524 0.192859 0.0211279
0 0.769813 0.939135 0.236408 0.0141394
0 0.41412 0.279295 0.743846 0.0778482
0 0.829186 0.289209 0.123614 0.040143
0 0.473222 0.179668 0.890722 0.27385
0 0.167027 0.902487 0.284285 0.103364
0 0.475521 0.580855 0.285637 0.492768
0 0.478902 0.902162 0.286448 0.102389
0 0.78442 0.899967 0.285637 0.0950756
0 0.162159 0.580124 0.285908 0.501706
0 0.781444 0.581017 0.289424 0.497643
