0 0.087 0.753267 0.138 0.0137761
0 0.56775 0.0499823 0.1525 0.0342635
0 0.801 0.203638 0.252 0.0688803
0 0.85675 0.0621688 0.1275 0.0282586
0 0.23775 0.918757 0.1565 0.0473331
0 0.14675 0.22077 0.2385 0.0261392
0 0.804 0.602791 0.326 0.0201342
0 0.23775 0.454256 0.1575 0.134935
0 0.23725 0.773931 0.1565 0.0409749
0 0.3975 0.832568 0.154 0.0876016
0 0.2365 0.585659 0.156 0.0247262
0 0.0865 0.758919 0.065 0.00741787
0 0.2375 0.953903 0.153 0.0413282
0 0.23775 0.738432 0.1565 0.0201342
0 0.81075 0.689686 0.2645 0.073119
0 0.397 0.927058 0.154 0.0936065
0 0.2375 0.854645 0.157 0.0377958
0 0.80875 0.496821 0.2455 0.0872483
0 0.237 0.81261 0.155 0.0328506
0 0.085 0.570293 0.141 0.0271989
0 0.23625 0.874956 0.1555 0.202755
0 0.40475 0.29018 0.1635 0.0787707
0 0.406 0.233663 0.164 0.0264924
0 0.23725 0.549276 0.1565 0.0409749
0 0.2375 0.500177 0.154 0.0480396
0 0.405 0.138114 0.163 0.213352
0 0.238 0.654186 0.156 0.0268456
0 0.807 0.841046 0.248 0.088308
0 0.40125 0.423878 0.1615 0.171671
0 0.085 0.675733 0.142 0.143412
0 0.8035 0.288767 0.283 0.0950194
0 0.3995 0.631226 0.156 0.0784175
0 0.40425 0.142882 0.1615 0.03497
0 0.238 0.698163 0.157 0.0540445
0 0.23825 0.619922 0.1575 0.0324974
0 0.238 0.451607 0.156 0.0427411
0 0.08525 0.471035 0.1415 0.0356764
0 0.40525 0.0549276 0.1605 0.0455669
0 0.8135 0.750265 0.282 0.088308
0 0.23825 0.400918 0.1545 0.0551042
0 0.40075 0.453373 0.1655 0.838926
0 0.405 0.100671 0.162 0.0360297
0 0.406 0.189686 0.164 0.0529848
0 0.17825 0.0526316 0.2455 0.0254327
0 0.3985 0.776404 0.157 0.387849
0 0.7215 0.747969 0.117 0.063935
0 0.80125 0.413811 0.2245 0.0596962
0 0.3985 0.550159 0.159 0.074532
0 0.08675 0.513246 0.1395 0.0381491
0 0.55675 0.649064 0.1475 0.0201342
0 0.08475 0.554221 0.1415 0.0310844
0 0.23675 0.67432 0.1595 0.591311
0 0.08475 0.449311 0.1425 0.156835
0 0.085 0.588131 0.142 0.0275521
0 0.8065 0.783645 0.29 0.283645
0 0.088 0.627517 0.139 0.0314377
0 0.80575 0.961144 0.3225 0.0430943
0 0.08675 0.735959 0.1415 0.0271989
0 0.80425 0.493995 0.2775 0.239138
0 0.08725 0.705051 0.1405 0.0254327
0 0.0845 0.666019 0.141 0.0342635
0 0.16075 0.193748 0.2875 0.310491
0 0.809 0.193924 0.278 0.291063
0 0.08575 0.863829 0.1455 0.217238
0 0.56025 0.595019 0.1585 0.0787707
0 0.5625 0.508478 0.158 0.0929
0 0.56025 0.820558 0.1495 0.310138
0 0.56575 0.424762 0.1575 0.0632285
0 0.5675 0.199929 0.156 0.0868951
0 0.56625 0.0923702 0.1555 0.119039
0 0.5685 0.318439 0.157 0.143059
