0 0.88273 0.671615 0.0885794 0.292683
0 0.888858 0.0505479 0.0796657 0.0106045
0 0.469359 0.761753 0.0830084 0.0268646
0 0.67688 0.739307 0.103621 0.113468
0 0.889136 0.121951 0.0880223 0.176741
0 0.67883 0.799753 0.0963788 0.0243902
0 0.216156 0.806999 0.34429 0.205726
0 0.47493 0.940969 0.0885794 0.0162602
0 0.615042 0.805408 0.145961 0.277483
0 0.886072 0.183457 0.0874652 0.143514
0 0.469359 0.385825 0.103064 0.0943796
0 0.886351 0.531637 0.0846797 0.00989749
0 0.780223 0.74514 0.0841226 0.1117
0 0.67883 0.805585 0.0963788 0.0148462
0 0.677716 0.884765 0.103064 0.132909
0 0.678273 0.80965 0.100836 0.281018
0 0.781616 0.792153 0.0869081 0.211382
0 0.220334 0.91216 0.329248 0.0342877
0 0.625905 0.671792 0.181058 0.0123719
0 0.626741 0.661541 0.17493 0.00954401
0 0.629248 0.440615 0.117549 0.00742312
0 0.676602 0.910569 0.0997214 0.0749381
0 0.679109 0.811064 0.0924791 0.0137858
0 0.471031 0.360551 0.097493 0.0424178
0 0.472145 0.424178 0.097493 0.15836
0 0.883844 0.58731 0.0885794 0.114882
0 0.671309 0.880346 0.0824513 0.0144928
0 0.471588 0.671439 0.0986072 0.542595
0 0.787744 0.124779 0.0846797 0.164723
0 0.88273 0.77006 0.0830084 0.100035
0 0.781058 0.774302 0.0824513 0.0554966
0 0.625905 0.486214 0.191086 0.0979145
0 0.786908 0.172853 0.0818942 0.0742312
0 0.677994 0.793743 0.0947075 0.0137858
0 0.788301 0.0878402 0.0835655 0.0844821
0 0.882451 0.683634 0.0846797 0.0735242
0 0.88273 0.732414 0.0852368 0.176034
0 0.780223 0.715801 0.0830084 0.0565571
0 0.883008 0.616826 0.0869081 0.0629198
0 0.206964 0.0807706 0.257939 0.0639802
0 0.569081 0.490279 0.0785515 0.0876635
0 0.883844 0.556027 0.0885794 0.0593849
0 0.885794 0.493284 0.0846797 0.0597384
0 0.888301 0.0820078 0.091922 0.0721103
0 0.679666 0.94362 0.0969359 0.0166136
0 0.884958 0.462884 0.0885794 0.123365
0 0.781616 0.833687 0.081337 0.0590315
0 0.628134 0.346059 0.193315 0.0127253
0 0.889136 0.207671 0.0869081 0.0795334
0 0.889415 0.144221 0.0885794 0.0494875
0 0.679387 0.911806 0.097493 0.0427713
0 0.67883 0.757158 0.0986072 0.0558501
0 0.216992 0.736126 0.359331 0.393425
0 0.780501 0.910746 0.0857939 0.0837752
0 0.679666 0.846766 0.100279 0.0540827
0 0.628134 0.664899 0.194429 0.0176741
0 0.78078 0.452633 0.0830084 0.104277
0 0.628691 0.390244 0.192201 0.0869565
0 0.666295 0.488865 0.113649 0.077059
0 0.881894 0.42842 0.0880223 0.0572641
0 0.574095 0.213326 0.264624 0.0166136
0 0.781058 0.633086 0.0846797 0.105338
0 0.780501 0.543832 0.0835655 0.0710498
0 0.78468 0.264228 0.0818942 0.0957936
0 0.57688 0.81725 0.097493 0.270767
0 0.781894 0.355603 0.0807799 0.0890774
0 0.679944 0.701485 0.0997214 0.0505479
0 0.885794 0.290562 0.0880223 0.0813008
0 0.208635 0.327678 0.352646 0.401555
0 0.570474 0.0657476 0.275209 0.0445387
0 0.627855 0.596147 0.198329 0.112054
0 0.883565 0.886356 0.0824513 0.128314
0 0.501114 0.143514 0.155432 0.106045
0 0.884123 0.365323 0.0891365 0.0618593
0 0.498607 0.278544 0.15376 0.108165
0 0.660724 0.14316 0.149304 0.106045
0 0.658774 0.27819 0.150975 0.104631
