0 0.509216 0.446605 0.0933294 0.023338
0 0.62873 0.152522 0.100059 0.0532768
0 0.631949 0.444602 0.108836 0.0169731
0 0.627853 0.232909 0.0971328 0.0226308
0 0.510825 0.21016 0.105325 0.0256954
0 0.255998 0.613744 0.120538 0.104903
0 0.394822 0.181518 0.110298 0.0150872
0 0.473669 0.959099 0.110591 0.0115512
0 0.509655 0.298208 0.0988882 0.0292315
0 0.620831 0.102074 0.12756 0.0103725
0 0.629462 0.252711 0.0980105 0.0141443
0 0.511264 0.1814 0.107373 0.0266384
0 0.187537 0.700024 0.254535 0.0954738
0 0.627267 0.172324 0.093622 0.0146157
0 0.636776 0.955563 0.132534 0.0186233
0 0.62361 0.128241 0.0904037 0.0207449
0 0.382241 0.889321 0.133119 0.103489
0 0.511264 0.139439 0.113809 0.0436115
0 0.627414 0.152169 0.0944997 0.024281
0 0.626682 0.19083 0.0942071 0.0176803
0 0.50907 0.070132 0.901112 0.0421971
0 0.646431 0.0657709 0.698362 0.0320603
0 0.386044 0.613508 0.127267 0.073786
0 0.513897 0.880127 0.122586 0.163838
0 0.626975 0.209925 0.093622 0.0186233
0 0.370392 0.958392 0.115857 0.0134371
0 0.384728 0.861268 0.12873 0.0360679
0 0.395992 0.126709 0.0997659 0.0209807
0 0.897308 0.680457 0.12756 0.112918
0 0.181246 0.414309 0.244295 0.260019
0 0.897016 0.633428 0.122879 0.0103725
0 0.840843 0.389793 0.196606 0.454267
0 0.512288 0.652876 0.123464 0.279349
0 0.513751 0.926096 0.120538 0.073786
0 0.126536 0.605846 0.130193 0.0966525
0 0.19251 0.554809 0.242832 0.0120226
0 0.510386 0.101367 0.357226 0.0160302
0 0.39526 0.143093 0.10825 0.0504479
0 0.769602 0.851249 0.127267 0.208392
0 0.395992 0.12447 0.0863078 0.0122584
0 0.385752 0.543847 0.127853 0.0627063
0 0.769602 0.605611 0.125512 0.0311174
0 0.125073 0.6471 0.130193 0.194719
0 0.385167 0.911127 0.132534 0.0645922
0 0.384289 0.6781 0.131363 0.329797
0 0.189731 0.651226 0.2677 0.190712
0 0.254681 0.648279 0.125512 0.189062
0 0.511849 0.290547 0.112639 0.333569
0 0.513166 0.57355 0.123464 0.122112
0 0.768724 0.750118 0.112054 0.0183876
0 0.633411 0.287011 0.114102 0.335455
0 0.770626 0.804338 0.125219 0.067421
0 0.897162 0.65818 0.127853 0.0636492
0 0.394822 0.152405 0.102692 0.0299387
0 0.513166 0.714757 0.123464 0.152287
0 0.897455 0.718883 0.127267 0.0553984
0 0.392481 0.315417 0.111469 0.281471
0 0.770334 0.876709 0.12639 0.0763791
0 0.900088 0.391207 0.129608 0.463225
0 0.515214 0.844059 0.121709 0.0964168
0 0.77165 0.384017 0.128438 0.447902
0 0.447923 0.486681 0.19017 0.025224
0 0.639994 0.65429 0.128438 0.385903
0 0.639116 0.909477 0.128438 0.112211
0 0.255266 0.185054 0.124342 0.0537482
0 0.771504 0.94083 0.126975 0.0490335
0 0.124195 0.185879 0.130193 0.053041
0 0.189146 0.123645 0.250731 0.0577558
0 0.256437 0.414309 0.128438 0.259076
0 0.254974 0.928925 0.123171 0.0752004
0 0.837332 0.121876 0.248683 0.0594059
0 0.899356 0.858911 0.128145 0.214286
0 0.127121 0.858439 0.127853 0.2157
0 0.124049 0.414781 0.132826 0.260962
0 0.190609 0.246464 0.253072 0.0605846
0 0.255851 0.817892 0.124927 0.132249
0 0.769602 0.679986 0.123757 0.103489
