0 0.744755 0.564062 0.145105 0.0180755
0 0.427885 0.729222 0.140152 0.00744285
0 0.73616 0.903863 0.0859557 0.012582
0 0.276807 0.797803 0.124709 0.00815169
0 0.274767 0.493355 0.147436 0.00886053
0 0.887821 0.906699 0.0868298 0.0228602
0 0.58581 0.521088 0.131993 0.00797448
0 0.896707 0.152224 0.131993 0.00708843
0 0.115822 0.387028 0.137238 0.00744285
0 0.587558 0.907585 0.122669 0.0228602
0 0.422931 0.913078 0.144814 0.019316
0 0.275641 0.201577 0.14627 0.00726564
0 0.43109 0.230285 0.130245 0.00691122
0 0.428613 0.589137 0.107226 0.0214425
0 0.738928 0.386319 0.140443 0.0163034
0 0.116259 0.916268 0.136946 0.0139996
0 0.120629 0.685185 0.149184 0.0278221
0 0.74155 0.226209 0.138112 0.00726564
0 0.272145 0.338295 0.153846 0.0411129
0 0.506702 0.943647 0.874126 0.0241007
0 0.660111 0.865674 0.278846 0.103845
0 0.490676 0.0393408 0.909674 0.0407585
0 0.120338 0.610048 0.145688 0.0108099
0 0.430216 0.510987 0.137821 0.00691122
0 0.273747 0.903509 0.144231 0.0384547
0 0.895542 0.435584 0.141317 0.00886053
0 0.587413 0.231792 0.140443 0.00673401
0 0.115385 0.272018 0.13986 0.0279993
0 0.745192 0.509481 0.0941142 0.00637959
0 0.894959 0.559454 0.144231 0.0265816
0 0.11757 0.144693 0.147145 0.00903775
0 0.893065 0.314195 0.137529 0.0389864
0 0.587267 0.393496 0.145979 0.0285309
0 0.500437 0.0779727 0.266608 0.0191388
0 0.743444 0.540758 0.151807 0.0668084
0 0.275787 0.860269 0.147727 0.128478
0 0.120629 0.871965 0.151515 0.106504
0 0.733537 0.757576 0.435606 0.332093
0 0.428613 0.555467 0.148019 0.0859472
0 0.115967 0.433014 0.147436 0.100478
0 0.894522 0.101808 0.140443 0.0831118
0 0.898601 0.50505 0.149184 0.14106
0 0.741113 0.158249 0.145979 0.123693
0 0.89627 0.241715 0.144522 0.185717
0 0.117279 0.219298 0.145979 0.138047
0 0.427593 0.825713 0.148893 0.198299
0 0.275204 0.279018 0.15472 0.158958
0 0.587413 0.318625 0.149767 0.177211
0 0.120921 0.652667 0.149767 0.0942761
0 0.120338 0.761297 0.147436 0.108099
0 0.585373 0.160198 0.145105 0.130782
0 0.897436 0.38561 0.142191 0.0854156
0 0.585227 0.546075 0.150058 0.0561758
0 0.274913 0.574251 0.150058 0.168173
0 0.431527 0.159844 0.143939 0.129009
0 0.274038 0.145667 0.149476 0.0974659
0 0.739656 0.451799 0.142483 0.0965798
0 0.118298 0.0993266 0.145105 0.0774411
0 0.276369 0.726653 0.143065 0.124225
0 0.117279 0.335637 0.140152 0.0878965
0 0.429341 0.664274 0.138986 0.119617
0 0.742133 0.311093 0.152098 0.171363
0 0.587558 0.464381 0.143065 0.101896
0 0.43109 0.297714 0.150058 0.143895
0 0.119318 0.545455 0.145396 0.115541
0 0.43109 0.440634 0.146562 0.128478
0 0.273019 0.425749 0.148601 0.116782
