0 0.673405 0.691014 0.151611 0.010616
0 0.123079 0.0284839 0.124447 0.0097189
0 0.855864 0.775718 0.182565 0.229665
0 0.907665 0.0454545 0.0751737 0.0311005
0 0.255001 0.947667 0.0564329 0.0152512
0 0.736471 0.216133 0.0440093 0.0297548
0 0.160771 0.871337 0.147189 0.0850777
0 0.777006 0.92038 0.349547 0.0752093
0 0.611813 0.848983 0.0680143 0.020634
0 0.450305 0.731534 0.181722 0.0357356
0 0.143504 0.875224 0.117288 0.0324462
0 0.612445 0.873206 0.0684355 0.0657895
0 0.753632 0.648325 0.344494 0.0574163
0 0.241209 0.74686 0.108023 0.0681818
0 0.235734 0.871412 0.125711 0.128589
0 0.482417 0.688621 0.15877 0.017195
0 0.303959 0.688023 0.450832 0.0133074
0 0.76753 0.265924 0.327227 0.0121112
0 0.701411 0.857356 0.120868 0.0445574
0 0.453253 0.933687 0.188461 0.0357356
0 0.612655 0.567958 0.0680143 0.0575658
0 0.76953 0.573266 0.230154 0.0870215
0 0.671931 0.755682 0.166351 0.135167
0 0.766582 0.51884 0.364498 0.013756
0 0.188355 0.827527 0.249526 0.237291
0 0.121605 0.757102 0.12529 0.111693
0 0.773952 0.778185 0.371657 0.35302
0 0.917351 0.566238 0.0650663 0.055323
0 0.31554 0.0549492 0.468099 0.0297548
0 0.451253 0.835153 0.215624 0.230114
0 0.312276 0.377691 0.485155 0.0212321
0 0.765845 0.135766 0.365972 0.213218
0 0.763424 0.391298 0.374184 0.23116
0 0.30459 0.534764 0.508528 0.282745
0 0.310592 0.219423 0.504106 0.282446
