0 0.780572 0.246296 0.0719921 0.0128889
0 0.785404 0.203037 0.0591716 0.0463704
0 0.744675 0.65763 0.157199 0.144296
0 0.105128 0.686518 0.145562 0.045037
0 0.710947 0.383333 0.0613412 0.103259
0 0.128895 0.808889 0.0502959 0.00503704
0 0.400789 0.188815 0.740828 0.142074
0 0.242801 0.368667 0.0540434 0.0217778
0 0.748422 0.797185 0.0238659 0.00533333
0 0.312327 0.359111 0.214398 0.155556
0 0.283925 0.538296 0.113807 0.148889
0 0.430671 0.84437 0.101972 0.0662222
0 0.48501 0.385556 0.110059 0.0934815
0 0.552465 0.843778 0.102564 0.0662222
0 0.735404 0.890222 0.116568 0.0915556
0 0.713412 0.887407 0.0662722 0.0986667
0 0.711341 0.898444 0.0625247 0.0437037
0 0.335897 0.912444 0.160158 0.0444444
0 0.784418 0.153481 0.0591716 0.042963
0 0.304241 0.84637 0.106312 0.0651852
0 0.894576 0.447259 0.103156 0.170074
0 0.243688 0.408741 0.0747534 0.0462222
0 0.42998 0.357407 0.484813 0.164593
0 0.785404 0.179481 0.0619329 0.094963
0 0.101381 0.727407 0.153846 0.176296
0 0.896252 0.0922963 0.0970414 0.00681481
0 0.524162 0.909185 0.167456 0.0438519
0 0.0760355 0.759481 0.0928994 0.0952593
0 0.473866 0.511407 0.263708 0.0773333
0 0.747337 0.657333 0.153452 0.283259
0 0.890039 0.578593 0.091716 0.0114074
0 0.747436 0.748444 0.13432 0.0951111
0 0.0653846 0.774593 0.0514793 0.0608889
0 0.0699211 0.581111 0.0546351 0.0751111
0 0.540335 0.353037 0.228205 0.167704
0 0.407495 0.0988889 0.800789 0.0528889
0 0.900493 0.0779259 0.0921105 0.0314074
0 0.105819 0.574815 0.132347 0.0957037
0 0.0985207 0.479778 0.139448 0.0780741
0 0.103945 0.670963 0.153057 0.0764444
0 0.107988 0.761704 0.143787 0.0985185
0 0.744477 0.291333 0.136292 0.0597037
0 0.0682446 0.687259 0.0836292 0.0417778
0 0.422387 0.696074 0.424655 0.470963
0 0.706509 0.400889 0.0469428 0.0613333
0 0.744181 0.562444 0.14714 0.100296
0 0.330868 0.729852 0.190335 0.0917037
0 0.24142 0.316889 0.0607495 0.0675556
0 0.111341 0.352222 0.136292 0.156889
0 0.745957 0.657111 0.147929 0.0736296
0 0.748817 0.384741 0.136686 0.103407
0 0.745266 0.879037 0.142604 0.133778
0 0.895957 0.150148 0.103156 0.103556
0 0.895858 0.226296 0.104536 0.0451852
0 0.747041 0.47363 0.156016 0.0601481
0 0.891223 0.770222 0.103945 0.371259
0 0.106213 0.888593 0.160355 0.133926
0 0.895365 0.390741 0.103945 0.06
0 0.894083 0.53 0.10217 0.0697778
0 0.895562 0.305111 0.0956607 0.102074
0 0.895464 0.458074 0.103748 0.064
