0 0.927076 0.861669 0.0942939 0.0301078
0 0.453624 0.862942 0.0951751 0.0275614
0 0.692664 0.784152 0.0806345 0.0236669
0 0.571161 0.930647 0.106411 0.0137807
0 0.456158 0.576019 0.0945142 0.0160276
0 0.57028 0.915893 0.108614 0.0414919
0 0.929169 0.504494 0.102886 0.177951
0 0.576669 0.377022 0.110817 0.119832
0 0.100903 0.715174 0.0669751 0.00674056
0 0.924873 0.79284 0.0784314 0.0479329
0 0.572813 0.806246 0.0863626 0.0690533
0 0.930051 0.450569 0.102005 0.0125824
0 0.455056 0.909751 0.0883455 0.0582684
0 0.693765 0.931246 0.0920908 0.014979
0 0.811633 0.923307 0.0907689 0.0293589
0 0.227914 0.344742 0.0914298 0.0100359
0 0.696629 0.670611 0.303591 0.0218694
0 0.224719 0.334407 0.0868033 0.00644098
0 0.693104 0.726034 0.304472 0.0197723
0 0.228795 0.84302 0.0544173 0.00599161
0 0.687817 0.760111 0.149813 0.0118334
0 0.693985 0.230602 0.574135 0.0316058
0 0.339833 0.160126 0.112139 0.0158778
0 0.226702 0.337478 0.0912095 0.00599161
0 0.318572 0.0581186 0.530513 0.0215698
0 0.226702 0.351183 0.111919 0.0127322
0 0.455056 0.288945 0.100683 0.0461354
0 0.92961 0.351483 0.0989205 0.0489814
0 0.930051 0.28932 0.112139 0.0498802
0 0.569949 0.854404 0.113241 0.170761
0 0.11247 0.152487 0.11258 0.0305572
0 0.340604 0.937762 0.1128 0.0103355
0 0.927737 0.411549 0.10575 0.0375974
0 0.687596 0.458658 0.354263 0.383164
0 0.455056 0.855902 0.102886 0.168664
0 0.456819 0.193904 0.113902 0.0280108
0 0.456598 0.117061 0.111699 0.0247154
0 0.928729 0.472364 0.0927517 0.0537747
0 0.576889 0.0841821 0.121833 0.0224685
0 0.927848 0.721315 0.0808548 0.0372978
0 0.930491 0.0775914 0.114783 0.0107849
0 0.163692 0.702741 0.166116 0.0115339
0 0.226702 0.0876273 0.111919 0.0305572
0 0.691121 0.854329 0.107953 0.170012
0 0.926746 0.855153 0.0945142 0.168664
0 0.456378 0.154434 0.113461 0.0476333
0 0.930712 0.594443 0.104649 0.0453865
0 0.811302 0.853805 0.102005 0.168664
0 0.927737 0.535126 0.0890064 0.049281
0 0.456488 0.0874026 0.1128 0.0286099
0 0.456598 0.659976 0.0953955 0.0413421
0 0.694977 0.700345 0.313065 0.0801378
0 0.456048 0.531381 0.096497 0.0426902
0 0.930161 0.658928 0.103988 0.0518274
0 0.794448 0.048607 0.300066 0.0387957
0 0.457149 0.474611 0.10531 0.0501797
0 0.576559 0.189934 0.11985 0.0329539
0 0.456268 0.412897 0.109275 0.0486818
0 0.457369 0.723787 0.110597 0.0488316
0 0.458361 0.594593 0.102005 0.0495806
0 0.159176 0.194278 0.207314 0.0353505
0 0.576338 0.133913 0.121172 0.0745956
0 0.224499 0.135336 0.11236 0.0651588
0 0.16898 0.51101 0.220313 0.030707
0 0.11247 0.104254 0.110377 0.0641102
0 0.455607 0.351932 0.108394 0.0495806
0 0.106081 0.826842 0.113902 0.230377
0 0.22538 0.8932 0.116325 0.10006
0 0.930712 0.113092 0.118308 0.0548232
0 0.9295 0.175105 0.118528 0.0611144
0 0.226922 0.420237 0.113241 0.0331037
0 0.226922 0.275389 0.10575 0.109497
0 0.339943 0.113691 0.115003 0.0793889
0 0.226261 0.379793 0.111038 0.0387957
0 0.224609 0.545986 0.113461 0.0344518
0 0.343027 0.57879 0.117647 0.04284
0 0.814386 0.0857549 0.113461 0.0259137
0 0.224389 0.464724 0.114783 0.0480827
0 0.111368 0.417391 0.114783 0.049281
0 0.109275 0.366237 0.116766 0.0509287
0 0.69729 0.13908 0.115003 0.133463
0 0.342146 0.411624 0.114563 0.0518274
0 0.227363 0.776588 0.10575 0.120581
0 0.341154 0.863017 0.113902 0.134062
0 0.341044 0.528984 0.113681 0.0471839
0 0.11236 0.276738 0.116325 0.120881
0 0.342366 0.47139 0.114122 0.0587178
0 0.107733 0.669862 0.11236 0.0365488
0 0.108063 0.467271 0.113461 0.0432894
0 0.341595 0.239739 0.111699 0.127472
0 0.109716 0.587927 0.1128 0.116836
0 0.342146 0.345042 0.111919 0.0732475
0 0.22516 0.62867 0.113681 0.119233
0 0.341926 0.695551 0.116766 0.184991
0 0.812183 0.154584 0.113461 0.106052
