0 0.8315 0.600867 0.237 0.0762209
0 0.1595 0.179142 0.211 0.152898
0 0.63075 0.788681 0.1235 0.0182565
0 0.2645 0.903697 0.042 0.0282976
0 0.8325 0.538567 0.233 0.0337745
0 0.15825 0.222273 0.1655 0.0511182
0 0.636 0.263122 0.123 0.0333181
0 0.63425 0.355774 0.1095 0.0104975
0 0.33975 0.318804 0.0525 0.0333181
0 0.20725 0.737563 0.1535 0.143314
0 0.4955 0.487905 0.098 0.0264719
0 0.63125 0.531264 0.1275 0.0264719
0 0.159 0.626655 0.195 0.015518
0 0.497 0.561387 0.137 0.0237335
0 0.496 0.775445 0.094 0.0200822
0 0.17125 0.964172 0.3225 0.0579644
0 0.26625 0.789366 0.0335 0.0278412
0 0.71375 0.349384 0.2765 0.237791
0 0.3605 0.492697 0.083 0.0296668
0 0.906 0.268371 0.11 0.0812414
0 0.49575 0.791876 0.1345 0.0538567
0 0.42825 0.392515 0.1015 0.00821543
0 0.808 0.261981 0.323 0.44911
0 0.49625 0.523277 0.1345 0.0981287
0 0.361 0.414651 0.128 0.0260155
0 0.83075 0.640803 0.2385 0.0301232
0 0.15125 0.738019 0.2535 0.16157
0 0.156 0.866728 0.26 0.0921953
0 0.16325 0.317663 0.2565 0.118667
0 0.15825 0.135098 0.2145 0.175262
0 0.8105 0.352351 0.268 0.225468
0 0.76025 0.210178 0.3845 0.0479233
0 0.36 0.411912 0.122 0.0150616
0 0.16075 0.5801 0.2445 0.0848927
0 0.902 0.349384 0.107 0.210406
0 0.49725 0.872204 0.1355 0.0867184
0 0.76975 0.346189 0.1375 0.208581
0 0.76375 0.47581 0.3385 0.0543131
0 0.76525 0.143998 0.3925 0.184847
0 0.63575 0.400274 0.1215 0.106801
0 0.08 0.742355 0.104 0.135555
0 0.14825 0.348243 0.2965 0.580557
0 0.42125 0.613875 0.2525 0.275673
0 0.42575 0.0750799 0.2365 0.0333181
0 0.1495 0.472843 0.284 0.31675
0 0.159 0.461661 0.253 0.160201
0 0.496 0.680968 0.136 0.159744
0 0.63775 0.298037 0.1185 0.0976723
0 0.1865 0.959836 0.205 0.0511182
0 0.36225 0.968051 0.1315 0.0273848
0 0.499 0.127111 0.128 0.0643542
0 0.36125 0.127796 0.1425 0.0648106
0 0.15475 0.779325 0.2635 0.272478
0 0.3615 0.437243 0.129 0.0675491
0 0.90075 0.913282 0.1395 0.0903697
0 0.631 0.827476 0.129 0.0410771
0 0.43425 0.275445 0.2485 0.219534
0 0.4965 0.948197 0.134 0.0625285
0 0.765 0.919443 0.13 0.0990415
0 0.63225 0.913282 0.1295 0.115929
0 0.632 0.661114 0.128 0.281607
0 0.835 0.766317 0.245 0.173437
0 0.83475 0.589 0.2475 0.135555
0 0.496 0.434961 0.134 0.0675491
0 0.36175 0.611593 0.1275 0.271109
0 0.497 0.616385 0.137 0.284345
0 0.49575 0.839343 0.1355 0.147878
0 0.3635 0.854176 0.129 0.197627
