0 0.241031 0.612424 0.129148 0.222606
0 0.775448 0.257722 0.129821 0.00949094
0 0.507175 0.0912856 0.117489 0.0189819
0 0.909753 0.832097 0.131166 0.0655738
0 0.507511 0.311475 0.123094 0.00655738
0 0.640135 0.0319241 0.096861 0.00793788
0 0.91222 0.0632442 0.136099 0.050906
0 0.775112 0.772821 0.127803 0.0364107
0 0.675224 0.914064 0.0598655 0.0245039
0 0.911659 0.401639 0.135874 0.603106
0 0.909978 0.264107 0.134753 0.0174288
0 0.102915 0.0424504 0.115247 0.022088
0 0.91065 0.925884 0.132511 0.0864538
0 0.374439 0.501726 0.121525 0.0108714
0 0.372422 0.331665 0.126457 0.0141501
0 0.775224 0.716739 0.119955 0.0150129
0 0.372646 0.204487 0.130942 0.236756
0 0.91009 0.503279 0.129596 0.0253667
0 0.102915 0.0438309 0.103587 0.00759275
0 0.775 0.731406 0.12713 0.0460742
0 0.102915 0.0526316 0.106726 0.00897325
0 0.372309 0.0307161 0.0948431 0.00793788
0 0.60639 0.914582 0.0553812 0.022088
0 0.241256 0.109232 0.131839 0.137705
0 0.387892 0.71277 0.096861 0.0388266
0 0.770964 0.0329594 0.056278 0.008283
0 0.240583 0.481708 0.126457 0.0219154
0 0.238453 0.382399 0.132511 0.672994
0 0.238677 0.398102 0.128475 0.0417601
0 0.239798 0.518292 0.128924 0.0464193
0 0.238117 0.316652 0.130493 0.116307
0 0.105269 0.0311475 0.128027 0.0101812
0 0.913117 0.0357204 0.0840807 0.008283
0 0.642152 0.963158 0.126906 0.0132873
0 0.506502 0.0592752 0.126906 0.0408973
0 0.372534 0.244176 0.130717 0.0293356
0 0.238901 0.44478 0.128027 0.0474547
0 0.506166 0.0327869 0.115919 0.0106989
0 0.372309 0.281363 0.128027 0.0326143
0 0.371637 0.188697 0.129821 0.0774806
0 0.103924 0.11855 0.0979821 0.0113891
0 0.641928 0.944262 0.129148 0.0341674
0 0.644395 0.635116 0.129596 0.0295082
0 0.505718 0.125194 0.128475 0.0823123
0 0.373094 0.310785 0.127354 0.016566
0 0.240247 0.560569 0.129372 0.0329594
0 0.328251 0.718637 0.0336323 0.0467645
0 0.373206 0.135893 0.130717 0.0163934
0 0.239798 0.216221 0.129821 0.0742019
0 0.104484 0.0836928 0.126906 0.0472821
0 0.911211 0.328732 0.13139 0.142882
0 0.374215 0.950043 0.128251 0.0429681
0 0.238789 0.104142 0.129148 0.0281277
0 0.239462 0.0728214 0.132735 0.0289905
0 0.238229 0.131924 0.129372 0.0229508
0 0.240919 0.680846 0.128027 0.0163934
0 0.642377 0.900173 0.129596 0.0491803
0 0.375112 0.074547 0.126457 0.0969802
0 0.909529 0.5283 0.129821 0.0709232
0 0.775336 0.807161 0.130493 0.191027
0 0.91278 0.15082 0.13139 0.210526
0 0.506726 0.237532 0.129148 0.134081
0 0.909529 0.955306 0.12713 0.0258844
0 0.641592 0.431061 0.13296 0.442796
0 0.506726 0.873339 0.129596 0.044176
0 0.239238 0.0406385 0.13139 0.0295082
0 0.240471 0.709146 0.128475 0.0336497
0 0.91009 0.805263 0.134081 0.271786
0 0.910314 0.614582 0.129148 0.101294
0 0.507511 0.486713 0.128924 0.339431
0 0.237556 0.160915 0.128027 0.0288179
0 0.10639 0.333218 0.128924 0.407938
0 0.507623 0.804487 0.1287 0.0931838
0 0.640135 0.188438 0.130493 0.024849
0 0.643498 0.665487 0.130493 0.0229508
0 0.774888 0.0865401 0.13139 0.106471
0 0.508072 0.95591 0.128251 0.0284728
0 0.373543 0.812683 0.129596 0.231752
0 0.240471 0.601294 0.128027 0.0402071
0 0.240807 0.646678 0.128251 0.045384
0 0.507735 0.918033 0.128475 0.041415
0 0.910314 0.446506 0.13139 0.0874892
0 0.642937 0.700777 0.129821 0.0407248
0 0.640022 0.100431 0.129372 0.145643
0 0.239798 0.849353 0.131166 0.244694
0 0.775 0.202071 0.131166 0.122519
0 0.373991 0.594133 0.130045 0.193615
0 0.104148 0.92994 0.129372 0.0869715
0 0.777466 0.659362 0.123991 0.0969802
0 0.374664 0.408887 0.129596 0.164797
0 0.509305 0.708024 0.128924 0.0949094
0 0.642265 0.746851 0.130717 0.0452114
0 0.775448 0.935548 0.129821 0.0657463
0 0.105045 0.830285 0.131166 0.107161
0 0.641592 0.823037 0.130717 0.0992235
0 0.776121 0.316911 0.132063 0.105781
0 0.77713 0.559534 0.127803 0.0992235
0 0.776233 0.439603 0.130045 0.137532
0 0.105717 0.615099 0.132511 0.137532
0 0.106614 0.729508 0.132063 0.0792062
