0 0.562559 0.0708215 0.177883 0.0258499
0 0.612954 0.28789 0.0935229 0.0283286
0 0.813428 0.621813 0.0957346 0.0403683
0 0.510111 0.542404 0.0944708 0.0249646
0 0.710585 0.506551 0.092891 0.0332861
0 0.436019 0.0770184 0.0467615 0.00637394
0 0.762875 0.836314 0.120379 0.0239023
0 0.61248 0.369865 0.0906793 0.0648017
0 0.215008 0.134561 0.0824645 0.0120397
0 0.510427 0.509738 0.0976303 0.0417847
0 0.760032 0.903329 0.120379 0.0127479
0 0.351659 0.55108 0.127014 0.199894
0 0.310427 0.56551 0.0957346 0.0169972
0 0.811374 0.529214 0.0941548 0.0506374
0 0.917693 0.330737 0.0780411 0.00672805
0 0.512164 0.432897 0.0935229 0.0293909
0 0.510585 0.692457 0.0960506 0.0272663
0 0.116114 0.551257 0.0742496 0.00513456
0 0.31248 0.375089 0.0916272 0.0228399
0 0.88594 0.830294 0.11564 0.0391289
0 0.61327 0.719016 0.0947867 0.0509915
0 0.21406 0.362695 0.0900474 0.0285057
0 0.412796 0.430329 0.0887836 0.0274433
0 0.128752 0.245485 0.064139 0.00655099
0 0.913586 0.354727 0.0957346 0.0511686
0 0.312164 0.0735659 0.0935229 0.0104462
0 0.611216 0.671388 0.0906793 0.0308074
0 0.455766 0.702018 0.122275 0.167139
0 0.124013 0.24336 0.0635071 0.00725921
0 0.310111 0.228665 0.0957346 0.0508144
0 0.814376 0.420945 0.0944708 0.065687
0 0.192417 0.80409 0.226224 0.0104462
0 0.310585 0.129869 0.0903633 0.016466
0 0.714534 0.195467 0.0957346 0.0116856
0 0.5109 0.619865 0.0947867 0.0223088
0 0.642338 0.772751 0.12575 0.0313385
0 0.911532 0.429178 0.0947867 0.0244334
0 0.410269 0.692015 0.0932069 0.197061
0 0.91485 0.636066 0.0944708 0.217599
0 0.21564 0.301877 0.0729858 0.00956091
0 0.31169 0.0918024 0.0944708 0.0451487
0 0.927646 0.0750708 0.0492891 0.00779037
0 0.912006 0.426611 0.0976303 0.194582
0 0.713428 0.235127 0.0947867 0.0226629
0 0.713112 0.104462 0.0947867 0.0212465
0 0.515008 0.432365 0.0954186 0.140227
0 0.213428 0.750797 0.0951027 0.0139873
0 0.717062 0.0753364 0.0710901 0.00655099
0 0.212322 0.695644 0.0973144 0.0325779
0 0.81485 0.634472 0.0966825 0.0157578
0 0.513902 0.313385 0.0951027 0.0715297
0 0.711374 0.280542 0.0957346 0.0518768
0 0.51169 0.609419 0.0969984 0.0251416
0 0.212322 0.389341 0.0916272 0.0679887
0 0.514218 0.289837 0.0913112 0.0159348
0 0.510269 0.633941 0.0960506 0.0231941
0 0.511374 0.489465 0.0944708 0.0171742
0 0.411374 0.731055 0.0909953 0.0205382
0 0.414534 0.123761 0.099842 0.0626771
0 0.712638 0.211048 0.0963665 0.0251416
0 0.413744 0.548336 0.0919431 0.0269122
0 0.213428 0.123938 0.0862559 0.0134561
0 0.613902 0.487341 0.0947867 0.216183
0 0.71169 0.46034 0.0969984 0.0910057
0 0.510585 0.651647 0.0966825 0.0532932
0 0.81485 0.0752479 0.0827804 0.00956091
0 0.91564 0.0885269 0.092891 0.0102691
0 0.899842 0.145981 0.153554 0.14784
0 0.210585 0.597645 0.0919431 0.0352337
0 0.612006 0.720963 0.0922591 0.0138102
0 0.210269 0.612783 0.0957346 0.0718838
0 0.715482 0.518945 0.10079 0.251062
0 0.513744 0.272928 0.0916272 0.0122167
0 0.81327 0.172362 0.092891 0.0157578
0 0.309795 0.509118 0.0976303 0.088704
0 0.31248 0.300637 0.092891 0.0226629
0 0.211532 0.485216 0.0944708 0.049398
0 0.885782 0.903771 0.115956 0.0122167
0 0.509479 0.685729 0.0938389 0.0134561
0 0.112164 0.726363 0.0916272 0.0306303
0 0.814376 0.647132 0.0969984 0.0963173
0 0.202686 0.177851 0.113428 0.158463
0 0.512322 0.472822 0.0932069 0.0146955
0 0.118799 0.290988 0.0878357 0.0253187
0 0.309479 0.177762 0.0944708 0.0269122
0 0.209795 0.545591 0.092891 0.0157578
0 0.525592 0.272574 0.0603475 0.00725921
0 0.710742 0.497875 0.0938389 0.0191218
0 0.716272 0.186526 0.0688784 0.0143414
0 0.216588 0.0717953 0.0767772 0.00584278
0 0.429858 0.899433 0.232227 0.0733003
0 0.11722 0.223265 0.0821485 0.0159348
0 0.411532 0.620043 0.0963665 0.339235
0 0.214692 0.14421 0.0849921 0.0115085
0 0.814376 0.368538 0.0957346 0.0380666
0 0.711216 0.423159 0.0954186 0.0240793
0 0.210427 0.589855 0.0973144 0.177939
0 0.314218 0.768502 0.0938389 0.0380666
0 0.912638 0.157666 0.0951027 0.0320467
0 0.713744 0.07392 0.0890995 0.0100921
0 0.913428 0.347645 0.0935229 0.0288598
0 0.211532 0.271512 0.0887836 0.0440864
0 0.312006 0.756462 0.0932069 0.0122167
0 0.413586 0.615705 0.0916272 0.0256728
0 0.811848 0.691572 0.0988942 0.0300991
0 0.31169 0.290103 0.0963665 0.075602
0 0.312164 0.391377 0.0947867 0.0504603
0 0.422749 0.0763987 0.0537125 0.00619688
0 0.509479 0.714501 0.092575 0.0143414
0 0.110269 0.632259 0.0909953 0.0187677
0 0.120695 0.259649 0.0878357 0.0341714
0 0.71248 0.657401 0.0909953 0.00991501
0 0.815324 0.319759 0.0900474 0.0116856
0 0.11327 0.741147 0.0944708 0.0980878
0 0.517694 0.273902 0.0635071 0.00672805
0 0.613586 0.516732 0.0903633 0.0185907
0 0.912954 0.209101 0.0830964 0.00956091
0 0.561295 0.0882613 0.172196 0.0430241
0 0.713428 0.217511 0.0947867 0.0118626
0 0.712006 0.294441 0.0963665 0.0502833
0 0.214376 0.391023 0.0900474 0.0256728
0 0.512796 0.402355 0.0947867 0.0249646
0 0.21169 0.687943 0.0973144 0.0200071
0 0.519115 0.0579851 0.0720379 0.00867564
0 0.312954 0.357914 0.0932069 0.0497521
0 0.73049 0.659348 0.0530806 0.00601983
0 0.112638 0.678293 0.0944708 0.049221
0 0.313586 0.346406 0.0963665 0.128718
0 0.912796 0.704497 0.0954186 0.0743626
0 0.113744 0.771689 0.0935229 0.0324009
0 0.512954 0.293467 0.0951027 0.0373584
0 0.760348 0.816218 0.131122 0.032932
0 0.214692 0.317812 0.0875197 0.0123938
0 0.212006 0.165899 0.0903633 0.0283286
0 0.633807 0.880577 0.119431 0.0423159
0 0.813428 0.150761 0.092575 0.0242564
0 0.3109 0.274345 0.0960506 0.0398371
0 0.726066 0.188385 0.0682464 0.00956091
0 0.413428 0.442192 0.0862559 0.0182365
0 0.312638 0.707596 0.092575 0.106409
0 0.312006 0.755489 0.0944708 0.0612606
0 0.309479 0.416519 0.0938389 0.0486898
0 0.312322 0.306657 0.0932069 0.0488669
0 0.71406 0.203877 0.0922591 0.0108003
0 0.411058 0.67006 0.0909953 0.0210694
0 0.109637 0.599327 0.0954186 0.0917139
0 0.414534 0.292581 0.0922591 0.209455
0 0.117062 0.290899 0.0875197 0.0435552
0 0.509795 0.742121 0.0969984 0.0883499
0 0.413586 0.400319 0.0751975 0.00708215
0 0.612796 0.732737 0.0900474 0.0224858
0 0.211058 0.421565 0.0903633 0.0587819
0 0.824645 0.392617 0.0480253 0.00584278
0 0.210269 0.707861 0.0969984 0.0155807
0 0.312796 0.366678 0.0916272 0.0106232
0 0.611374 0.553382 0.0916272 0.0115085
0 0.822117 0.0759561 0.0549763 0.00637394
0 0.612006 0.255931 0.0935229 0.0377125
0 0.41327 0.583746 0.0922591 0.0364731
0 0.610743 0.394033 0.0903633 0.0961402
0 0.915482 0.0734773 0.0748815 0.00956091
0 0.713428 0.12199 0.0935229 0.0152266
0 0.510427 0.517528 0.0951027 0.0237252
0 0.509005 0.733623 0.092891 0.0249646
0 0.812796 0.096937 0.0900474 0.0306303
0 0.756556 0.823123 0.179779 0.0513456
0 0.712796 0.606144 0.0903633 0.029568
0 0.533017 0.133499 0.0966825 0.0453258
0 0.309795 0.507967 0.0969984 0.0400142
0 0.712638 0.423159 0.0988942 0.200779
0 0.214692 0.326753 0.0868878 0.0405453
0 0.213112 0.413863 0.092575 0.0189448
0 0.415324 0.185907 0.0881517 0.0109773
0 0.712954 0.734862 0.092575 0.0171742
0 0.759874 0.827018 0.127014 0.0364731
0 0.712796 0.249911 0.0992101 0.12199
0 0.513744 0.335606 0.0903633 0.0224858
0 0.513586 0.383676 0.0976303 0.21636
0 0.310427 0.469104 0.0951027 0.0384207
0 0.516114 0.369334 0.0900474 0.0403683
0 0.110427 0.523902 0.0900474 0.0276204
0 0.314218 0.664217 0.0913112 0.0154037
0 0.412954 0.228488 0.0897314 0.0663952
0 0.6109 0.283375 0.0932069 0.0146955
0 0.210111 0.520804 0.0973144 0.374823
0 0.118325 0.120574 0.0875197 0.0683428
0 0.713112 0.201576 0.0954186 0.0355878
0 0.309953 0.551611 0.0973144 0.0440864
0 0.312638 0.777001 0.092575 0.0221317
0 0.577093 0.685021 0.155766 0.152266
0 0.61406 0.32029 0.0919431 0.0300991
0 0.6109 0.536207 0.0913112 0.0203612
0 0.312006 0.782312 0.0894155 0.00973796
0 0.311848 0.627744 0.0947867 0.049398
0 0.610111 0.474327 0.0884676 0.0665722
0 0.612954 0.543467 0.0909953 0.0313385
0 0.712322 0.434579 0.100158 0.395361
0 0.560821 0.0972911 0.161769 0.0210694
0 0.81248 0.123761 0.0913112 0.0977337
0 0.310427 0.207419 0.0944708 0.135446
0 0.81169 0.727514 0.0973144 0.0293909
0 0.115798 0.550991 0.0805687 0.00849858
0 0.411374 0.549575 0.092891 0.122875
0 0.510585 0.569936 0.0973144 0.0786119
0 0.309953 0.120662 0.0941548 0.0947238
0 0.107741 0.714324 0.0941548 0.136863
0 0.812006 0.452107 0.0960506 0.118449
0 0.312638 0.324894 0.0913112 0.0177054
0 0.914376 0.328523 0.0840442 0.00867564
0 0.311058 0.104108 0.0906793 0.032932
0 0.710427 0.5162 0.0932069 0.0157578
0 0.117536 0.0771955 0.0840442 0.0116856
0 0.223065 0.140581 0.0473934 0.00814448
0 0.911058 0.732826 0.0919431 0.0251416
0 0.909953 0.184579 0.0916272 0.0285057
0 0.512164 0.509295 0.0966825 0.416254
0 0.811216 0.679621 0.10079 0.135092
0 0.312638 0.381374 0.0932069 0.016289
0 0.813744 0.304887 0.0900474 0.0109773
0 0.509005 0.75903 0.0941548 0.0237252
0 0.411848 0.439005 0.092575 0.0894122
0 0.510427 0.704586 0.0963665 0.172982
0 0.116746 0.20671 0.085624 0.0451487
0 0.411848 0.138013 0.0982622 0.0306303
0 0.811532 0.497167 0.0944708 0.214943
0 0.512164 0.456533 0.0935229 0.0143414
0 0.71564 0.139784 0.0821485 0.0104462
0 0.812322 0.202284 0.092891 0.0784348
0 0.886098 0.815776 0.114692 0.032755
0 0.613428 0.737518 0.0868878 0.0139873
0 0.412322 0.10216 0.0985782 0.0371813
0 0.411058 0.639607 0.0909953 0.0663952
0 0.116272 0.463261 0.0827804 0.016466
0 0.209163 0.52585 0.0935229 0.0223088
0 0.109479 0.494865 0.092575 0.0226629
0 0.213112 0.350301 0.092575 0.0589589
0 0.887204 0.878098 0.114376 0.0359419
0 0.116904 0.17006 0.0865719 0.026381
0 0.312164 0.212907 0.0973144 0.279568
0 0.309953 0.588527 0.0973144 0.0258499
0 0.413112 0.515581 0.0919431 0.0368272
0 0.641548 0.87863 0.0976303 0.0281516
0 0.209163 0.498052 0.0960506 0.0300991
0 0.512796 0.270273 0.0846761 0.00902975
0 0.610584 0.283729 0.092575 0.0964943
0 0.711058 0.360482 0.0938389 0.0764873
0 0.564613 0.163952 0.182622 0.189448
0 0.413586 0.458215 0.0909953 0.0485127
0 0.711848 0.219901 0.0966825 0.0513456
0 0.12733 0.947415 0.0872038 0.023017
0 0.309479 0.403329 0.0944708 0.0251416
0 0.115324 0.355436 0.0884676 0.0536473
0 0.115956 0.338084 0.0834123 0.039483
0 0.413428 0.377302 0.0881517 0.0311615
0 0.413428 0.352868 0.0875197 0.0817989
0 0.709953 0.617564 0.0916272 0.0563031
0 0.712164 0.575956 0.0897314 0.0265581
0 0.31327 0.349858 0.0906793 0.0290368
0 0.913586 0.537624 0.0995261 0.418024
0 0.412164 0.173424 0.0988942 0.0345255
0 0.91485 0.303028 0.0906793 0.0288598
0 0.510742 0.577638 0.0957346 0.0419618
0 0.212164 0.313474 0.0881517 0.0239023
0 0.209953 0.545414 0.0938389 0.126593
0 0.61327 0.580028 0.0916272 0.0400142
0 0.612638 0.645981 0.0954186 0.0869334
0 0.510742 0.662801 0.0938389 0.0309844
0 0.210111 0.626859 0.092891 0.0231941
0 0.211532 0.386686 0.0919431 0.129958
0 0.211058 0.438828 0.0922591 0.0277975
0 0.812322 0.712376 0.0973144 0.0607295
0 0.312322 0.738669 0.0913112 0.0212465
0 0.6109 0.426257 0.0963665 0.176877
0 0.817378 0.321972 0.0808847 0.00725921
0 0.714534 0.279568 0.0988942 0.0931303
0 0.609637 0.625885 0.0906793 0.0474504
0 0.412322 0.335694 0.08594 0.0470963
0 0.761611 0.878895 0.121011 0.0339943
0 0.31248 0.720343 0.0884676 0.0108003
0 0.711532 0.542847 0.0909953 0.0357649
0 0.209795 0.469104 0.0947867 0.0253187
0 0.313902 0.693254 0.0900474 0.0405453
0 0.713428 0.634472 0.0872038 0.0224858
0 0.634597 0.828258 0.110269 0.016289
0 0.312006 0.549487 0.0951027 0.196707
0 0.11643 0.350567 0.0919431 0.195822
0 0.713428 0.162004 0.0663507 0.0194759
0 0.610584 0.564005 0.0900474 0.0717068
0 0.4109 0.729993 0.0919431 0.109419
0 0.312954 0.611367 0.0976303 0.33711
0 0.212006 0.658463 0.0985782 0.0350567
0 0.115324 0.284083 0.0935229 0.0809136
0 0.714692 0.157843 0.0853081 0.029568
0 0.115956 0.409525 0.0916272 0.0793201
0 0.212006 0.716537 0.0973144 0.0793201
0 0.813744 0.569405 0.0969984 0.349504
0 0.576145 0.133233 0.131754 0.0483357
0 0.1109 0.510712 0.0903633 0.0550637
0 0.310585 0.430241 0.0922591 0.0290368
0 0.566667 0.120397 0.169036 0.0701133
0 0.413112 0.41466 0.0913112 0.0364731
0 0.611058 0.697061 0.0922591 0.0931303
0 0.514218 0.248141 0.0868878 0.0228399
0 0.562875 0.198654 0.181043 0.0764873
0 0.111216 0.672982 0.0960506 0.234065
0 0.509795 0.78063 0.0957346 0.0152266
0 0.814218 0.158375 0.0947867 0.171565
0 0.415956 0.249292 0.092575 0.11119
0 0.415008 0.130489 0.0982622 0.119334
0 0.117694 0.15386 0.0906793 0.155453
0 0.912638 0.135092 0.0969984 0.126771
0 0.562559 0.0765758 0.1703 0.013279
0 0.612954 0.132082 0.0676145 0.0481586
0 0.428278 0.827373 0.0969984 0.0587819
0 0.813902 0.277532 0.0947867 0.0635623
0 0.213428 0.214324 0.0913112 0.153506
0 0.71327 0.0996813 0.0976303 0.0616147
0 0.211374 0.777532 0.0947867 0.0331091
0 0.814692 0.350478 0.0988942 0.0600212
0 0.911216 0.261597 0.0935229 0.114554
0 0.214534 0.100478 0.0916272 0.0632082
0 0.711374 0.699097 0.0913112 0.085517
0 0.429542 0.880843 0.236019 0.161119
0 0.192733 0.879338 0.228752 0.162358
0 0.760348 0.85579 0.375039 0.214766
