0 0.10325 0.132258 0.1465 0.0136201
0 0.268 0.0482079 0.144 0.0111111
0 0.10625 0.697133 0.1535 0.0265233
0 0.82375 0.513262 0.3005 0.0157706
0 0.429 0.61595 0.159 0.15448
0 0.1045 0.743907 0.13 0.00896057
0 0.886 0.214875 0.199 0.081362
0 0.10475 0.827957 0.1455 0.0136201
0 0.1045 0.765591 0.145 0.0250896
0 0.9035 0.67043 0.154 0.0390681
0 0.1045 0.506093 0.152 0.0315412
0 0.10625 0.911649 0.1505 0.016129
0 0.10225 0.333692 0.1565 0.470968
0 0.105 0.598746 0.154 0.0232975
0 0.10575 0.723297 0.1525 0.0272401
0 0.10125 0.404839 0.1535 0.0598566
0 0.90675 0.80681 0.1205 0.0444444
0 0.106 0.797133 0.152 0.0293907
0 0.10225 0.469355 0.1555 0.102867
0 0.1045 0.844624 0.147 0.0448029
0 0.10425 0.330108 0.1375 0.0408602
0 0.10375 0.640143 0.1535 0.0544803
0 0.74625 0.70448 0.1485 0.0225806
0 0.881 0.743907 0.048 0.0655914
0 0.266 0.116846 0.152 0.0215054
0 0.2665 0.0688172 0.152 0.0523297
0 0.10625 0.693548 0.1545 0.0903226
0 0.77125 0.157348 0.0885 0.009319
0 0.10525 0.824014 0.1515 0.15914
0 0.10325 0.551971 0.1575 0.34767
0 0.10475 0.57276 0.1555 0.0781362
0 0.105 0.894982 0.15 0.0501792
0 0.10275 0.169713 0.1575 0.0856631
0 0.10175 0.293907 0.1545 0.141935
0 0.746 0.739247 0.149 0.0333333
0 0.90825 0.105018 0.1535 0.12043
0 0.748 0.660753 0.151 0.114337
0 0.1055 0.0810036 0.155 0.0860215
0 0.748 0.553226 0.152 0.090681
0 0.941 0.740502 0.051 0.069534
0 0.74725 0.782616 0.1415 0.120789
0 0.58925 0.629032 0.1555 0.101075
0 0.10525 0.955197 0.1515 0.0573477
0 0.746 0.967742 0.148 0.0387097
0 0.8205 0.486559 0.311 0.0240143
0 0.425 0.36828 0.157 0.646237
0 0.58775 0.970789 0.1535 0.0318996
0 0.90375 0.839427 0.1305 0.270968
0 0.586 0.469176 0.155 0.216487
0 0.904 0.598208 0.154 0.182796
0 0.7345 0.216129 0.134 0.0831541
0 0.589 0.925448 0.154 0.0473118
0 0.745 0.897491 0.141 0.09319
0 0.752 0.0964158 0.153 0.107527
0 0.26675 0.754301 0.1565 0.466308
0 0.26625 0.214695 0.1565 0.34552
0 0.4265 0.898387 0.156 0.174552
0 0.825 0.248387 0.321 0.156272
0 0.58375 0.197491 0.1565 0.315412
0 0.82225 0.404839 0.2815 0.11147
0 0.58975 0.791756 0.1545 0.0731183
0 0.4275 0.753584 0.157 0.115771
0 0.58825 0.865412 0.1555 0.0648746
0 0.2615 0.447849 0.15 0.125806
0 0.5895 0.716129 0.156 0.0659498
