0 0.435576 0.480203 0.0996942 0.0086072
0 0.0881753 0.626839 0.0772681 0.014241
0 0.729154 0.6759 0.417737 0.217527
0 0.664832 0.86964 0.101121 0.00970266
0 0.0869521 0.0641628 0.114373 0.028482
0 0.73211 0.418545 0.167176 0.0264476
0 0.727013 0.587324 0.167584 0.0250391
0 0.196126 0.784351 0.216514 0.0973396
0 0.550561 0.797105 0.0858308 0.00798122
0 0.731091 0.327778 0.170846 0.0245696
0 0.379817 0.454225 0.163099 0.0107981
0 0.204179 0.936463 0.228135 0.0181534
0 0.730071 0.491002 0.167176 0.0317684
0 0.752905 0.858451 0.041998 0.0395931
0 0.72212 0.130282 0.380428 0.0602504
0 0.904893 0.889202 0.0772681 0.0948357
0 0.724465 0.753052 0.13476 0.0588419
0 0.878695 0.321753 0.123547 0.387793
0 0.726198 0.631534 0.160245 0.109703
0 0.8737 0.632003 0.12579 0.272144
0 0.579918 0.45133 0.127421 0.651017
0 0.826911 0.864554 0.0994903 0.0311424
0 0.380836 0.426604 0.170846 0.057903
0 0.379409 0.35626 0.172885 0.0777778
0 0.275535 0.892879 0.148216 0.0539906
0 0.323853 0.281299 0.281957 0.375743
0 0.377574 0.218466 0.180632 0.189358
0 0.228746 0.434898 0.0974516 0.0416275
0 0.227727 0.27903 0.0974516 0.0607199
0 0.723853 0.0671362 0.423445 0.0416275
0 0.898165 0.800861 0.10948 0.0173709
0 0.722528 0.448513 0.463201 0.705164
0 0.320082 0.712911 0.117023 0.01518
0 0.784608 0.802426 0.112334 0.0183099
0 0.0876656 0.331925 0.116616 0.560563
0 0.204077 0.835603 0.315189 0.217997
0 0.224057 0.359703 0.0880734 0.0868545
0 0.319878 0.484664 0.114985 0.0162754
0 0.666463 0.804851 0.113354 0.0209703
0 0.320693 0.0826291 0.309888 0.0438185
0 0.149949 0.670266 0.214271 0.0973396
0 0.234251 0.184272 0.0815494 0.120031
0 0.842304 0.879969 0.219572 0.121753
0 0.554638 0.902504 0.091947 0.0719875
0 0.437003 0.526056 0.11315 0.099374
0 0.319674 0.543427 0.116208 0.0940532
0 0.435066 0.913067 0.110499 0.0693271
0 0.666463 0.847261 0.113761 0.0557121
0 0.320183 0.682316 0.114781 0.0406886
0 0.438124 0.65626 0.114169 0.15759
0 0.550357 0.827465 0.112334 0.0649452
0 0.31947 0.626135 0.114169 0.0641628
0 0.435882 0.772066 0.110092 0.0677621
0 0.203976 0.543114 0.112742 0.135055
0 0.667278 0.91385 0.111723 0.0680751
0 0.43578 0.84241 0.109072 0.0679186
