0 0.32123 0.531595 0.117898 0.154098
0 0.201837 0.491505 0.117471 0.0226528
0 0.202478 0.456334 0.117898 0.0435171
0 0.322085 0.122206 0.117898 0.125782
0 0.324648 0.305365 0.121316 0.061699
0 0.934216 0.940089 0.0982486 0.0315946
0 0.93742 0.32608 0.122597 0.0327869
0 0.322725 0.897765 0.120034 0.131744
0 0.935284 0.83994 0.107219 0.249776
0 0.2044 0.916691 0.120034 0.099851
0 0.813114 0.775559 0.106365 0.0214605
0 0.262922 0.236662 0.217428 0.0113264
0 0.201837 0.524441 0.117471 0.0330849
0 0.322512 0.568405 0.119607 0.0870343
0 0.0792396 0.600745 0.11918 0.140387
0 0.894276 0.506408 0.182401 0.219374
0 0.32123 0.477943 0.117898 0.0915052
0 0.197352 0.236364 0.105938 0.00834575
0 0.264417 0.0472429 0.226399 0.0116244
0 0.754806 0.0456036 0.214438 0.0113264
0 0.736865 0.305216 0.226399 0.197914
0 0.200982 0.556781 0.114054 0.0262295
0 0.0811619 0.884799 0.121316 0.0241431
0 0.200342 0.492101 0.121316 0.114456
0 0.32123 0.474069 0.120461 0.27392
0 0.0768902 0.0487332 0.119607 0.0128167
0 0.321017 0.384054 0.121743 0.0974665
0 0.933575 0.390611 0.0619393 0.0432191
0 0.935925 0.897317 0.106792 0.103428
0 0.935498 0.813562 0.103375 0.0605067
0 0.935925 0.352012 0.123879 0.0107303
0 0.933575 0.501788 0.112345 0.278092
0 0.0790261 0.86155 0.121316 0.0152012
0 0.322939 0.790462 0.119607 0.348733
0 0.754165 0.18763 0.236224 0.0217586
0 0.322939 0.283159 0.120461 0.105514
0 0.0777446 0.54918 0.121316 0.0849478
0 0.0790261 0.633234 0.119607 0.0783905
0 0.815036 0.918778 0.103375 0.0754098
0 0.26399 0.209389 0.237505 0.0348733
0 0.0788125 0.931744 0.11918 0.0685544
0 0.0745408 0.14307 0.122597 0.170492
0 0.935711 0.740835 0.102947 0.071237
0 0.200342 0.397615 0.115335 0.0709389
0 0.201837 0.948137 0.116617 0.0357675
0 0.566425 0.129657 0.12217 0.173472
0 0.753311 0.114456 0.239641 0.117437
0 0.813541 0.726379 0.116617 0.121013
0 0.93443 0.672727 0.10551 0.0536513
0 0.0777446 0.2769 0.125587 0.0929955
0 0.56856 0.477794 0.124733 0.0637854
0 0.0790261 0.761699 0.119607 0.176155
0 0.262708 0.122653 0.23836 0.135618
0 0.568347 0.403577 0.12516 0.0804769
0 0.938061 0.117139 0.114481 0.155589
0 0.0760359 0.363189 0.126442 0.0766021
0 0.569842 0.793294 0.123024 0.179732
0 0.20141 0.897914 0.11918 0.0593145
0 0.200982 0.838599 0.120034 0.0527571
0 0.813968 0.305365 0.120889 0.201192
0 0.937847 0.270045 0.120889 0.147243
0 0.813968 0.833681 0.109782 0.0780924
0 0.445963 0.107899 0.11619 0.13532
0 0.0783853 0.452608 0.124306 0.101639
0 0.569201 0.605514 0.123452 0.186289
0 0.691585 0.305067 0.121316 0.202385
0 0.569842 0.925335 0.12217 0.0789866
0 0.811619 0.49225 0.11619 0.167809
0 0.444041 0.353949 0.118326 0.117735
0 0.442546 0.454545 0.121316 0.0822653
0 0.200342 0.705663 0.120461 0.0694486
0 0.566852 0.29076 0.123024 0.142176
0 0.201196 0.620566 0.117898 0.09538
0 0.444041 0.56468 0.123452 0.130253
0 0.812046 0.621311 0.11619 0.0837556
0 0.445963 0.234575 0.115335 0.116244
0 0.693293 0.788823 0.119607 0.121908
0 0.44575 0.875559 0.122597 0.0825633
0 0.444468 0.688227 0.12516 0.110879
0 0.445963 0.942623 0.12217 0.0444113
0 0.445109 0.789121 0.124733 0.0837556
0 0.692653 0.488227 0.11918 0.157377
0 0.200769 0.7769 0.120461 0.0670641
0 0.201196 0.302086 0.117044 0.115946
0 0.692866 0.647541 0.119607 0.155887
0 0.693507 0.907601 0.120889 0.115052
