0 0.718463 0.799416 0.100917 0.00796319
0 0.286554 0.768094 0.28469 0.290037
0 0.141198 0.908069 0.0564794 0.00690143
0 0.715453 0.785348 0.170585 0.0314988
0 0.331422 0.647496 0.171445 0.0332684
0 0.331852 0.752876 0.151089 0.0168112
0 0.712873 0.883206 0.164851 0.0410547
0 0.713159 0.754468 0.135034 0.0136259
0 0.524369 0.653336 0.177752 0.0318528
0 0.717603 0.658998 0.115826 0.0102637
0 0.506881 0.182976 0.344037 0.0559193
0 0.330132 0.879933 0.170011 0.0451248
0 0.524799 0.754999 0.128727 0.0139798
0 0.713159 0.732171 0.136181 0.0168112
0 0.271072 0.79685 0.055906 0.0523801
0 0.498853 0.632631 0.120986 0.0120333
0 0.71445 0.639444 0.171445 0.0168112
0 0.515052 0.147054 0.704989 0.130242
0 0.573681 0.871616 0.0670872 0.0348611
0 0.189364 0.927093 0.177466 0.0173421
0 0.719323 0.831534 0.153096 0.0428243
0 0.336439 0.699699 0.132741 0.0516723
0 0.504014 0.58149 0.580275 0.0619359
0 0.517058 0.358609 0.723337 0.381702
0 0.52695 0.703592 0.146216 0.0421164
0 0.328412 0.698726 0.183773 0.133605
0 0.333859 0.838082 0.182626 0.136259
0 0.718033 0.694744 0.127007 0.0502566
0 0.525659 0.695187 0.172305 0.135728
0 0.718177 0.69908 0.171445 0.136436
0 0.72133 0.838347 0.162844 0.127588
0 0.525229 0.837816 0.182339 0.133605
