0 0.822664 0.151144 0.307958 0.0216427
0 0.146626 0.116108 0.194637 0.0292709
0 0.751442 0.261487 0.147636 0.152918
0 0.825548 0.184939 0.298155 0.0189817
0 0.722895 0.258382 0.094579 0.133227
0 0.752451 0.795991 0.273645 0.0539294
0 0.23169 0.435604 0.0423875 0.0814263
0 0.673155 0.725741 0.205594 0.091538
0 0.357122 0.0411566 0.168685 0.0376087
0 0.356257 0.0507362 0.101788 0.0159659
0 0.8156 0.413784 0.239043 0.123293
0 0.356978 0.043995 0.109573 0.0230619
0 0.668108 0.847348 0.0749712 0.0228845
0 0.323818 0.73532 0.202422 0.100053
0 0.35568 0.0306901 0.116205 0.0127728
0 0.479815 0.714121 0.129758 0.0718467
0 0.27797 0.355774 0.227797 0.0477204
0 0.810986 0.257495 0.378028 0.165159
0 0.487168 0.441458 0.0412341 0.0718467
0 0.0808824 0.0447933 0.0544983 0.0260777
0 0.356978 0.0370765 0.108997 0.0216427
0 0.410467 0.816569 0.265571 0.0627994
0 0.86981 0.398084 0.0833333 0.0312223
0 0.880767 0.454054 0.164648 0.0274969
0 0.735006 0.0830229 0.1188 0.0862161
0 0.348904 0.0784992 0.567474 0.0367217
0 0.279844 0.330406 0.452999 0.0182721
0 0.595012 0.465673 0.104095 0.0156111
0 0.356978 0.209243 0.595732 0.0232393
0 0.594435 0.331471 0.0896771 0.0143693
0 0.602364 0.716427 0.742791 0.473479
0 0.596886 0.404382 0.115917 0.104133
0 0.749856 0.414139 0.40917 0.127195
0 0.356978 0.086837 0.592272 0.0260777
0 0.859285 0.262019 0.22549 0.156111
0 0.823241 0.097747 0.306228 0.128082
0 0.363178 0.434717 0.293829 0.0821359
0 0.127884 0.752084 0.159458 0.408905
0 0.147636 0.145822 0.197809 0.0926024
0 0.125144 0.26876 0.150519 0.0943764
0 0.590686 0.268228 0.149654 0.0940216
0 0.564879 0.147862 0.204152 0.0917155
0 0.435698 0.364644 0.147636 0.0470108
0 0.35669 0.148217 0.197232 0.092425
0 0.280565 0.364644 0.144752 0.046656
0 0.125 0.441281 0.153114 0.200993
0 0.280421 0.267962 0.147347 0.0945538
0 0.434112 0.268494 0.151384 0.0952634
