0 0.7685 0.747927 0.122 0.0141672
0 0.64425 0.40584 0.1245 0.020387
0 0.6455 0.69454 0.125 0.0193504
0 0.76875 0.27678 0.1315 0.230131
0 0.647 0.64962 0.105 0.00691085
0 0.72375 0.16707 0.2645 0.0888044
0 0.77 0.199551 0.127 0.0321355
0 0.76925 0.222011 0.1175 0.0114029
0 0.9005 0.234278 0.129 0.0400829
0 0.51625 0.668106 0.1265 0.0217692
0 0.64775 0.934347 0.1255 0.0200415
0 0.3875 0.123359 0.124 0.0829302
0 0.9005 0.434174 0.121 0.0217692
0 0.77425 0.887699 0.1255 0.0380097
0 0.6415 0.245508 0.122 0.0583967
0 0.90225 0.750173 0.1295 0.0919143
0 0.7715 0.247927 0.124 0.0155494
0 0.51525 0.0836213 0.1115 0.0435384
0 0.13325 0.31047 0.1245 0.12405
0 0.9025 0.653939 0.128 0.0376641
0 0.904 0.293366 0.102 0.0124395
0 0.13375 0.685038 0.1255 0.101244
0 0.90325 0.69765 0.1245 0.0221147
0 0.131 0.191949 0.128 0.126814
0 0.70525 0.269869 0.2415 0.402211
0 0.51525 0.834831 0.1295 0.0635798
0 0.7725 0.699032 0.127 0.0234969
0 0.773 0.467692 0.129 0.0169316
0 0.13275 0.482723 0.1255 0.0953697
0 0.13075 0.151693 0.1265 0.0393918
0 0.77275 0.645128 0.1215 0.0138217
0 0.90475 0.715619 0.1185 0.00967519
0 0.90075 0.3934 0.1245 0.0625432
0 0.89925 0.202315 0.1315 0.0259157
0 0.77175 0.723739 0.1245 0.0114029
0 0.83575 0.284209 0.2665 0.407395
0 0.134 0.442813 0.124 0.0355909
0 0.76925 0.332239 0.1265 0.0570145
0 0.7825 0.796303 0.124 0.208362
0 0.516 0.591396 0.126 0.020387
0 0.51775 0.567554 0.1265 0.0231513
0 0.76875 0.258639 0.1285 0.0729095
0 0.261 0.0934692 0.12 0.0217692
0 0.518 0.690739 0.126 0.0152039
0 0.642 0.124223 0.111 0.0141672
0 0.77525 0.901866 0.1165 0.0131306
0 0.645 0.444022 0.125 0.0518314
0 0.773 0.494299 0.121 0.00932965
0 0.26025 0.713372 0.1215 0.0583967
0 0.7685 0.112647 0.123 0.00829302
0 0.516 0.318936 0.127 0.0310988
0 0.26075 0.337595 0.1265 0.0656531
0 0.77475 0.531272 0.1225 0.0127851
0 0.64275 0.0863856 0.1235 0.0559779
0 0.89975 0.348134 0.1255 0.0252246
0 0.26225 0.391327 0.1275 0.036973
0 0.133 0.897719 0.133 0.0995162
0 0.9 0.317035 0.124 0.0321355
0 0.13525 0.579475 0.1265 0.0988252
0 0.7735 0.548721 0.129 0.139599
0 0.774 0.513131 0.119 0.0476849
0 0.834 0.236869 0.251 0.0957153
0 0.64975 0.864029 0.1215 0.012094
0 0.134 0.401348 0.126 0.0376641
0 0.8325 0.73756 0.261 0.0342087
0 0.77575 0.81548 0.1205 0.0463027
0 0.132 0.0934692 0.126 0.0196959
0 0.899 0.314616 0.131 0.225639
0 0.77125 0.152384 0.1095 0.0511403
0 0.642 0.197478 0.127 0.0355909
0 0.1315 0.342605 0.129 0.438493
0 0.77625 0.556496 0.1255 0.0155494
0 0.64525 0.676918 0.1225 0.0621977
0 0.642 0.154112 0.127 0.0456116
0 0.771 0.416552 0.125 0.227021
0 0.6435 0.757602 0.117 0.0874223
0 0.77175 0.755183 0.1275 0.0722184
0 0.6425 0.334485 0.123 0.264686
0 0.1325 0.114375 0.128 0.0269523
0 0.64675 0.833967 0.1195 0.0597789
0 0.903 0.693849 0.129 0.12094
0 0.90125 0.769005 0.1255 0.0293711
0 0.1295 0.791292 0.135 0.310297
0 0.7725 0.676054 0.125 0.0722184
0 0.516 0.632688 0.128 0.102281
0 0.77575 0.865757 0.1205 0.0487215
0 0.83625 0.145301 0.2475 0.0846579
0 0.77625 0.60038 0.1265 0.0521769
0 0.64475 0.531099 0.1295 0.126469
0 0.516 0.791638 0.129 0.214927
0 0.77525 0.921562 0.1225 0.0532135
0 0.90125 0.92519 0.1265 0.0480304
0 0.64975 0.91085 0.1255 0.0739461
0 0.5175 0.909468 0.132 0.0808569
0 0.649 0.620249 0.126 0.0442294
0 0.38925 0.312543 0.1265 0.459226
0 0.26275 0.411196 0.1255 0.215619
0 0.901 0.846406 0.127 0.113683
0 0.51525 0.190221 0.1265 0.217346
0 0.5155 0.520387 0.126 0.119558
0 0.90175 0.489979 0.1255 0.0926054
0 0.38775 0.711645 0.1285 0.332757
0 0.5165 0.381133 0.126 0.155494
0 0.38725 0.914305 0.1265 0.0718728
0 0.2605 0.191085 0.128 0.217001
0 0.261 0.635453 0.124 0.217001
0 0.903 0.585867 0.129 0.0874223
0 0.26125 0.850035 0.1235 0.198341
