0 0.87627 0.153927 0.11128 0.0449073
0 0.581047 0.884579 0.142785 0.110453
0 0.62157 0.779476 0.0739329 0.10816
0 0.443089 0.225588 0.16311 0.30021
0 0.878049 0.29935 0.110264 0.0150965
0 0.545732 0.420218 0.109756 0.157844
0 0.874111 0.817504 0.0708841 0.00687942
0 0.323298 0.710013 0.312246 0.468756
0 0.54624 0.518154 0.105183 0.0158609
0 0.700457 0.891076 0.0772358 0.0206383
0 0.545478 0.558475 0.108232 0.119434
0 0.533664 0.782056 0.082063 0.101471
0 0.207698 0.895567 0.0846037 0.0903879
0 0.76499 0.0985095 0.105691 0.0273266
0 0.418445 0.593828 0.139736 0.121345
0 0.387195 0.906077 0.0579268 0.0731894
0 0.656758 0.681636 0.0995935 0.0687942
0 0.575457 0.856297 0.163618 0.044334
0 0.6297 0.496656 0.182165 0.346264
0 0.876524 0.0677432 0.0955285 0.0116568
0 0.698679 0.905312 0.0726626 0.00554175
0 0.574695 0.905026 0.167175 0.0707051
0 0.875127 0.442958 0.111026 0.0164342
0 0.900915 0.804032 0.0457317 0.0170075
0 0.736408 0.748137 0.152185 0.0450984
0 0.420986 0.718995 0.134654 0.394229
0 0.699441 0.748519 0.0746951 0.0439518
0 0.38656 0.845404 0.0561484 0.0450984
0 0.87716 0.162049 0.10747 0.0198739
0 0.112297 0.881999 0.104167 0.0544621
0 0.110518 0.914485 0.106199 0.0525511
0 0.878938 0.347411 0.117632 0.0749092
0 0.872205 0.636251 0.10315 0.00783489
0 0.42124 0.742595 0.13313 0.224346
0 0.545351 0.3734 0.106453 0.0179629
0 0.736789 0.893656 0.153455 0.0265622
0 0.876906 0.426715 0.111535 0.0496847
0 0.545859 0.564686 0.104929 0.0378368
0 0.54624 0.532677 0.103659 0.020065
0 0.873603 0.266577 0.0912094 0.0076438
0 0.546367 0.526849 0.101372 0.00917256
0 0.546367 0.472482 0.104929 0.0334416
0 0.656885 0.29142 0.0967988 0.00802599
0 0.249238 0.391267 0.169715 0.124021
0 0.877033 0.304701 0.113821 0.0762469
0 0.545097 0.387158 0.105437 0.0252245
0 0.545859 0.412383 0.106453 0.0145232
0 0.875127 0.395758 0.0993394 0.0103191
0 0.766133 0.0898146 0.0983232 0.0103191
0 0.597434 0.172941 0.189278 0.186127
0 0.874873 0.56201 0.101372 0.0110835
0 0.875254 0.416683 0.109756 0.0196828
0 0.110518 0.860119 0.097561 0.00993694
0 0.409299 0.225301 0.159553 0.191859
0 0.87843 0.31674 0.107978 0.012039
0 0.870046 0.794477 0.105437 0.028091
0 0.874365 0.457481 0.106961 0.0114657
0 0.546621 0.514619 0.104929 0.00955475
0 0.577744 0.834034 0.150407 0.21995
0 0.87157 0.803937 0.102896 0.0248423
0 0.413872 0.534015 0.149898 0.791707
0 0.212398 0.203994 0.089939 0.23906
0 0.545986 0.539843 0.105691 0.0122301
0 0.876524 0.169883 0.106707 0.0149054
0 0.875254 0.408179 0.114329 0.0328683
0 0.872713 0.639308 0.0960366 0.00859927
0 0.876143 0.147812 0.111535 0.0254156
0 0.545732 0.424995 0.106707 0.0171985
0 0.414888 0.429964 0.152439 0.203707
0 0.545478 0.408274 0.105183 0.0116568
0 0.545986 0.596312 0.105691 0.0170075
0 0.247332 0.204376 0.165904 0.24441
0 0.259782 0.625072 0.190803 0.626027
0 0.545859 0.578158 0.105945 0.0150965
0 0.878557 0.376457 0.113821 0.0194917
0 0.545224 0.377508 0.106707 0.0112746
0 0.57533 0.778616 0.163872 0.106058
0 0.544969 0.392318 0.105183 0.0145232
0 0.873857 0.445251 0.114075 0.0328683
0 0.545478 0.355628 0.106199 0.024078
0 0.655234 0.272597 0.104167 0.0273266
0 0.546494 0.499618 0.106199 0.0185362
0 0.545224 0.614561 0.105183 0.0145232
0 0.546494 0.46073 0.105183 0.0149054
0 0.546621 0.479362 0.104929 0.018154
0 0.110772 0.879228 0.10061 0.0252245
0 0.545859 0.443723 0.104929 0.0149054
0 0.546621 0.482133 0.111026 0.278616
0 0.764355 0.114561 0.109502 0.0571374
0 0.765117 0.151825 0.106961 0.0231225
0 0.336001 0.0721384 0.253303 0.0143321
0 0.87157 0.786738 0.0993394 0.0126123
0 0.872078 0.83604 0.108994 0.0420409
0 0.546113 0.557902 0.104929 0.020065
0 0.875127 0.536404 0.11001 0.044334
0 0.661331 0.508504 0.106707 0.423466
0 0.876778 0.283776 0.114329 0.0450984
0 0.878176 0.344162 0.112551 0.0416587
0 0.765498 0.38563 0.106707 0.427671
0 0.545605 0.308523 0.10747 0.0617237
0 0.764101 0.658227 0.103913 0.124403
0 0.546113 0.173323 0.107978 0.217084
0 0.706555 0.0708007 0.181911 0.0135677
0 0.110772 0.909325 0.103659 0.0288553
0 0.876143 0.0973629 0.110518 0.0666921
0 0.737805 0.926906 0.153963 0.0322951
0 0.87157 0.879897 0.101372 0.0357348
0 0.111153 0.934168 0.106453 0.0177718
0 0.738186 0.81588 0.156758 0.182878
0 0.407393 0.105102 0.149136 0.0386012
0 0.545732 0.643894 0.106199 0.0376457
0 0.108867 0.212689 0.105437 0.294286
0 0.108232 0.729505 0.108232 0.249761
0 0.87157 0.602045 0.106453 0.0628702
0 0.875127 0.488821 0.110518 0.0466272
0 0.877414 0.219664 0.112043 0.0800688
0 0.655742 0.170839 0.106199 0.171603
0 0.109756 0.482133 0.108232 0.236576
0 0.871316 0.921842 0.10188 0.0416587
0 0.545986 0.693293 0.107215 0.0580929
0 0.872332 0.711447 0.106961 0.133384
