0 0.176107 0.144179 0.108206 0.0248195
0 0.0308642 0.230144 0.0588235 0.0397112
0 0.717139 0.716832 0.459695 0.561823
0 0.186638 0.64463 0.097313 0.00857401
0 0.734931 0.479693 0.117647 0.0812274
0 0.176834 0.129287 0.111111 0.0329422
0 0.277052 0.0861913 0.0631808 0.00812274
0 0.602033 0.194043 0.22658 0.0893502
0 0.16703 0.205325 0.0595497 0.0884477
0 0.063907 0.304829 0.110385 0.0401625
0 0.0904139 0.104468 0.0486565 0.0537004
0 0.728395 0.745713 0.408134 0.073556
0 0.557008 0.372969 0.110385 0.0509928
0 0.803922 0.481724 0.259985 0.0870939
0 0.176107 0.0981498 0.108206 0.025722
0 0.140886 0.161327 0.0348584 0.0049639
0 0.16703 0.161552 0.0827887 0.00541516
0 0.411038 0.445623 0.0798838 0.023917
0 0.184822 0.89102 0.195352 0.0916065
0 0.938272 0.051444 0.0551924 0.00631769
0 0.600944 0.130866 0.230211 0.0225632
0 0.714234 0.577166 0.45098 0.0929603
0 0.183733 0.406588 0.100218 0.00722022
0 0.412491 0.532491 0.063907 0.00631769
0 0.100581 0.513538 0.0849673 0.0577617
0 0.0748003 0.272563 0.106028 0.0135379
0 0.840959 0.131543 0.225127 0.0221119
0 0.189906 0.961643 0.249092 0.0216607
0 0.154321 0.161552 0.0384895 0.00541516
0 0.0689906 0.280009 0.122004 0.0121841
0 0.727306 0.351534 0.485839 0.592058
0 0.904866 0.131543 0.10167 0.0221119
0 0.420479 0.76241 0.114742 0.0888989
0 0.0856935 0.311823 0.0595497 0.0234657
0 0.184096 0.968186 0.286855 0.0130866
0 0.0925926 0.182762 0.0413943 0.0370036
0 0.260712 0.452843 0.0827887 0.0546029
0 0.180102 0.63741 0.275962 0.0103791
0 0.657952 0.665162 0.110385 0.0694946
0 0.404866 0.555957 0.0675381 0.0117329
0 0.663036 0.195397 0.114742 0.0875451
0 0.070443 0.268502 0.129267 0.0216607
0 0.141249 0.182536 0.0413943 0.04287
0 0.781409 0.131318 0.104575 0.0225632
0 0.145243 0.228791 0.0406681 0.0397112
0 0.249818 0.339125 0.217865 0.116877
0 0.817357 0.925767 0.220044 0.0888989
0 0.263253 0.5713 0.0835149 0.0577617
0 0.544662 0.131769 0.10167 0.0234657
0 0.712781 0.587094 0.423384 0.446751
0 0.659041 0.74481 0.109659 0.0708484
0 0.177197 0.168773 0.110385 0.166968
0 0.77342 0.289486 0.0769789 0.0852888
0 0.546841 0.193818 0.108932 0.0879964
0 0.542847 0.639666 0.100944 0.0166968
0 0.777052 0.744134 0.104575 0.064982
0 0.770516 0.577166 0.0987654 0.0902527
0 0.139434 0.445171 0.111837 0.0509928
0 0.145243 0.578971 0.0958606 0.0433213
0 0.0620915 0.162229 0.115468 0.168321
0 0.544662 0.675767 0.097313 0.0491877
0 0.897967 0.194043 0.118373 0.0884477
0 0.417574 0.679829 0.114742 0.0230144
0 0.0911402 0.22676 0.0399419 0.0455776
0 0.655047 0.577843 0.117647 0.090704
0 0.663762 0.131318 0.0885984 0.0216607
0 0.0933188 0.120036 0.0515614 0.0749097
0 0.888526 0.740523 0.0965868 0.0685921
0 0.778141 0.19472 0.114016 0.0888989
0 0.889978 0.578294 0.124183 0.0961191
0 0.542121 0.747067 0.102397 0.0699458
0 0.773057 0.664937 0.0951343 0.0699458
0 0.418664 0.796706 0.112564 0.0419675
0 0.893246 0.664711 0.110385 0.0694946
0 0.602033 0.927572 0.22077 0.0870939
0 0.0915033 0.206453 0.0508351 0.0834838
0 0.417211 0.706904 0.114016 0.0221119
0 0.560639 0.482175 0.145243 0.0861913
0 0.717865 0.195848 0.480029 0.0965704
0 0.541394 0.577617 0.0994916 0.0884477
0 0.417938 0.746841 0.111111 0.0487365
0 0.418301 0.611462 0.117647 0.103791
0 0.72077 0.925542 0.461147 0.0902527
0 0.173203 0.0837094 0.0835149 0.0049639
0 0.192084 0.649819 0.0936819 0.00902527
0 0.729484 0.479242 0.45098 0.0857401
0 0.648511 0.294224 0.338417 0.0866426
0 0.359114 0.25 0.0951343 0.00631769
0 0.0660857 0.28204 0.111837 0.00722022
0 0.891431 0.291065 0.12854 0.0902527
0 0.0446623 0.310018 0.0849673 0.032491
0 0.404503 0.376805 0.0653595 0.015343
0 0.0798838 0.266245 0.111837 0.0144404
0 0.841322 0.0997292 0.240378 0.0884477
0 0.144154 0.206002 0.0457516 0.0888989
0 0.724038 0.384025 0.461874 0.0884477
0 0.0846042 0.0656588 0.131445 0.0148917
0 0.600944 0.0947653 0.222948 0.0703971
0 0.72077 0.831904 0.464052 0.0898014
0 0.18809 0.808664 0.213508 0.292419
0 0.421569 0.471119 0.102397 0.135379
0 0.198983 0.205325 0.0682643 0.0848375
0 0.41939 0.686146 0.116921 0.274819
0 0.0265069 0.310469 0.0442992 0.0306859
0 0.0617284 0.363267 0.111837 0.0676895
0 0.179739 0.508348 0.272331 0.19991
0 0.176834 0.122067 0.111111 0.0699458
0 0.418664 0.900045 0.109659 0.146661
0 0.181554 0.338222 0.110385 0.12139
0 0.422658 0.31769 0.108932 0.0794224
0 0.301743 0.338448 0.114016 0.119134
0 0.356572 0.162906 0.233842 0.16426
