0 0.320582 0.483179 0.0805221 0.00975134
0 0.196185 0.821388 0.0738956 0.00845116
0 0.550502 0.548675 0.127108 0.103039
0 0.0865462 0.607996 0.0666667 0.00780107
0 0.202811 0.561108 0.114056 0.0570453
0 0.432631 0.546319 0.107831 0.118804
0 0.0843373 0.849829 0.108835 0.0604583
0 0.31988 0.434097 0.116867 0.111165
0 0.676406 0.333658 0.113454 0.0178775
0 0.537751 0.0875995 0.182731 0.0971884
0 0.490462 0.379408 0.23755 0.4549
0 0.678112 0.150821 0.115663 0.065334
0 0.917369 0.479685 0.0769076 0.00568828
0 0.796586 0.458719 0.119277 0.0875995
0 0.796486 0.489517 0.113454 0.0126767
0 0.320683 0.485861 0.0698795 0.010564
0 0.499197 0.0719161 0.223293 0.0128393
0 0.542972 0.461807 0.142169 0.0993012
0 0.0845382 0.854868 0.108032 0.0325045
0 0.798394 0.31058 0.118474 0.0107265
0 0.50251 0.508045 0.219076 0.0237283
0 0.403414 0.892979 0.148594 0.131481
0 0.319277 0.346823 0.116867 0.0614334
0 0.854819 0.105721 0.225301 0.0362425
0 0.428313 0.490411 0.097992 0.0645214
0 0.321988 0.37437 0.0580321 0.00536324
0 0.0859438 0.37949 0.0614458 0.00715098
0 0.319779 0.803836 0.114257 0.0208029
0 0.49508 0.321713 0.230723 0.0209654
0 0.36747 0.892654 0.419679 0.13083
0 0.539759 0.821469 0.0871486 0.00763855
0 0.321084 0.48131 0.11245 0.0160897
0 0.504618 0.534048 0.239759 0.141069
0 0.497088 0.463026 0.237952 0.029254
0 0.425904 0.487161 0.0903614 0.0196652
0 0.546285 0.509101 0.141165 0.0238908
0 0.318675 0.423046 0.114859 0.0152771
0 0.493976 0.484967 0.216867 0.0208029
0 0.504016 0.534455 0.227711 0.0258411
0 0.916466 0.461807 0.11245 0.0242158
0 0.550201 0.211929 0.136145 0.0838615
0 0.916767 0.325776 0.113052 0.0989761
0 0.0853414 0.872664 0.108434 0.0674468
0 0.796888 0.368357 0.0419679 0.00471315
0 0.499297 0.542987 0.247189 0.0458313
0 0.916566 0.480172 0.10743 0.00731351
0 0.0832329 0.547782 0.116667 0.0320169
0 0.426004 0.463107 0.0893574 0.0248659
0 0.0856426 0.324232 0.111446 0.103689
0 0.805221 0.819925 0.0799197 0.00780107
0 0.0842369 0.889078 0.10743 0.0313668
0 0.432229 0.536568 0.10743 0.0264911
0 0.556024 0.573948 0.116867 0.0492443
0 0.431526 0.467414 0.104016 0.118641
0 0.201305 0.484235 0.105823 0.00601333
0 0.201707 0.398017 0.114659 0.0191776
0 0.245382 0.892735 0.167068 0.132618
0 0.0840361 0.583862 0.115863 0.0316919
0 0.426807 0.470502 0.0917671 0.0689095
0 0.435944 0.609378 0.116064 0.011214
0 0.546084 0.472046 0.144378 0.0485942
0 0.429116 0.218186 0.0935743 0.103852
0 0.320482 0.297416 0.116867 0.0302292
0 0.433936 0.571835 0.109639 0.0625711
0 0.201406 0.468308 0.113253 0.0209654
0 0.0856426 0.81505 0.109036 0.043881
0 0.915261 0.360393 0.113253 0.039818
0 0.79498 0.368844 0.060241 0.00633837
0 0.492269 0.367219 0.234739 0.0684219
0 0.677309 0.35503 0.111647 0.0216155
0 0.0835341 0.819031 0.107631 0.0823988
0 0.319478 0.484804 0.112048 0.00975134
0 0.435442 0.278238 0.107028 0.220705
0 0.198996 0.147245 0.116867 0.0315293
0 0.201606 0.762311 0.116064 0.108077
0 0.426205 0.511052 0.089759 0.0248659
0 0.636747 0.891841 0.399598 0.12888
0 0.544779 0.500081 0.142169 0.193727
0 0.201406 0.821144 0.118876 0.00958882
0 0.500803 0.284414 0.235743 0.235982
0 0.678614 0.349179 0.115863 0.0901999
0 0.503614 0.892735 0.711245 0.137819
0 0.0836345 0.295141 0.111446 0.0399805
0 0.426506 0.426702 0.0911647 0.0446936
0 0.498193 0.424265 0.236145 0.0424183
0 0.794679 0.453194 0.118273 0.0495693
0 0.553614 0.28417 0.122892 0.226719
0 0.795884 0.394767 0.117068 0.058508
0 0.498394 0.570128 0.235743 0.0601333
0 0.319779 0.454412 0.116265 0.0487567
0 0.796787 0.218186 0.118876 0.0502194
0 0.79739 0.27385 0.120482 0.0559077
0 0.676908 0.378515 0.116466 0.0887372
0 0.553614 0.802048 0.118072 0.0237283
0 0.499598 0.0524135 0.235341 0.0310418
0 0.819478 0.822526 0.0618474 0.00747603
0 0.32008 0.514383 0.113253 0.0464814
0 0.318173 0.402487 0.11747 0.0554201
0 0.677209 0.323745 0.116265 0.0396555
0 0.79498 0.501706 0.116867 0.0419308
0 0.0854418 0.568178 0.117068 0.0744352
0 0.798594 0.247603 0.120482 0.103527
0 0.79739 0.425077 0.12008 0.120429
0 0.0863454 0.831383 0.109237 0.151633
0 0.917169 0.34731 0.113855 0.0208029
0 0.0842369 0.344547 0.113454 0.058183
0 0.676807 0.472127 0.104618 0.0624086
0 0.318976 0.79961 0.114257 0.03608
0 0.319277 0.322851 0.116867 0.0973509
0 0.202811 0.794409 0.111245 0.0403055
0 0.916867 0.37047 0.113253 0.0222656
0 0.0848394 0.414838 0.115462 0.0706972
0 0.498594 0.151308 0.213253 0.0201528
0 0.0848394 0.678693 0.11747 0.140094
0 0.913956 0.499431 0.118675 0.0442061
0 0.0844378 0.517796 0.116265 0.0240533
0 0.201807 0.740696 0.112851 0.0609459
0 0.084739 0.203641 0.110843 0.140419
0 0.0855422 0.934991 0.109237 0.0458313
0 0.917068 0.305623 0.111245 0.0554201
0 0.202008 0.62116 0.113655 0.173574
0 0.436345 0.635219 0.114056 0.0599707
0 0.200602 0.359418 0.116466 0.0960507
0 0.917771 0.148464 0.113855 0.0323419
0 0.854217 0.081505 0.235743 0.0882496
0 0.440361 0.104096 0.116867 0.0684219
0 0.31988 0.156021 0.118474 0.237283
0 0.202711 0.507151 0.11506 0.0417682
0 0.553916 0.739883 0.118273 0.0963757
0 0.677912 0.245409 0.115261 0.114741
0 0.798293 0.333658 0.120281 0.0572079
0 0.319277 0.662766 0.116867 0.242808
0 0.678414 0.111003 0.113855 0.141719
0 0.14257 0.0808549 0.229317 0.0901999
0 0.676506 0.664635 0.118474 0.303104
0 0.2 0.444092 0.115663 0.0680969
0 0.913153 0.871932 0.100201 0.169348
0 0.916466 0.429709 0.114458 0.0890622
0 0.0846386 0.477653 0.11506 0.0513571
0 0.200602 0.221274 0.116064 0.175362
0 0.560643 0.104746 0.115663 0.0645214
0 0.797992 0.161872 0.12249 0.0588331
0 0.916867 0.22103 0.111245 0.107265
0 0.79498 0.649114 0.116466 0.240533
0 0.913655 0.55412 0.119277 0.0586706
0 0.555823 0.647083 0.12008 0.0872745
0 0.91496 0.682513 0.121084 0.192589
0 0.436446 0.699171 0.115863 0.0607834
0 0.794578 0.794897 0.115261 0.0419308
0 0.436847 0.773688 0.114659 0.0814237
