0 0.481223 0.303566 0.218103 0.0696921
0 0.494704 0.918152 0.246028 0.0340357
0 0.579201 0.301783 0.0539239 0.0512156
0 0.385412 0.294814 0.0544054 0.0515397
0 0.481945 0.643436 0.96389 0.49919
0 0.491574 0.165802 0.22051 0.109887
0 0.490371 0.871961 0.257583 0.03047
0 0.879393 0.173582 0.103515 0.028201
0 0.66105 0.172123 0.100144 0.0259319
0 0.297304 0.631118 0.567646 0.451216
0 0.484834 0.301135 0.152143 0.0538088
0 0.51637 0.222204 0.898893 0.345867
0 0.489167 0.897083 0.240732 0.0800648
0 0.793693 0.895948 0.309581 0.0823339
0 0.193308 0.897083 0.301878 0.0871961
