0 0.600686 0.141643 0.0675057 0.0092068
0 0.6373 0.259561 0.196796 0.0502833
0 0.391876 0.766289 0.113272 0.0106232
0 0.0729405 0.604108 0.0806636 0.00991501
0 0.6373 0.3125 0.196796 0.0463881
0 0.0806636 0.525673 0.0949657 0.0102691
0 0.830664 0.569228 0.15103 0.00956091
0 0.488272 0.0674575 0.103547 0.0194759
0 0.254577 0.940864 0.146453 0.0191218
0 0.422197 0.498938 0.153318 0.106941
0 0.706522 0.206268 0.0480549 0.00601983
0 0.601545 0.188031 0.122998 0.0609065
0 0.238844 0.620928 0.108124 0.00885269
0 0.83667 0.427054 0.180206 0.0141643
0 0.581236 0.502656 0.108696 0.11721
0 0.602689 0.148548 0.104691 0.0223088
0 0.779176 0.508322 0.26659 0.116501
0 0.625286 0.118449 0.56865 0.0216006
0 0.639016 0.209278 0.196796 0.148017
0 0.102689 0.684313 0.151602 0.169618
0 0.0998284 0.862429 0.151602 0.180949
0 0.839245 0.373407 0.188787 0.103754
0 0.180206 0.543732 0.298627 0.0548867
0 0.257151 0.720255 0.147025 0.209632
0 0.704233 0.169263 0.0675057 0.065864
0 0.838387 0.226098 0.191648 0.180949
0 0.64016 0.361898 0.199085 0.143059
0 0.188787 0.187146 0.250572 0.141289
0 0.254005 0.890935 0.147597 0.120397
0 0.630721 0.589943 0.586384 0.287535
0 0.179062 0.389164 0.300915 0.221671
0 0.434783 0.283994 0.201373 0.296742
0 0.830092 0.816395 0.203661 0.0881728
0 0.834668 0.911827 0.203661 0.0771955
0 0.630149 0.921742 0.19508 0.0566572
0 0.42992 0.85517 0.19508 0.191926
0 0.627288 0.827904 0.192792 0.111898
