0 0.913717 0.892062 0.126549 0.0195876
0 0.514012 0.177113 0.131268 0.0313402
0 0.912832 0.903402 0.117699 0.0150515
0 0.115192 0.734433 0.130088 0.0152577
0 0.380531 0.151031 0.130383 0.0208247
0 0.913127 0.775773 0.124779 0.0134021
0 0.915192 0.45268 0.130678 0.106186
0 0.646165 0.804433 0.130678 0.0327835
0 0.246755 0.696495 0.128909 0.0202062
0 0.382006 0.86299 0.126844 0.0146392
0 0.24646 0.0918557 0.114749 0.00597938
0 0.24646 0.878144 0.129499 0.143505
0 0.25059 0.165773 0.079351 0.00783505
0 0.779941 0.636082 0.129204 0.0140206
0 0.381121 0.927526 0.130383 0.0171134
0 0.513717 0.673196 0.128909 0.0362887
0 0.914897 0.518763 0.129499 0.0189691
0 0.247198 0.865361 0.128024 0.017732
0 0.513127 0.456392 0.128909 0.0179381
0 0.24823 0.835155 0.130678 0.0179381
0 0.381268 0.272268 0.131268 0.0125773
0 0.380678 0.656907 0.119469 0.00989691
0 0.110324 0.104948 0.131563 0.0197938
0 0.380973 0.415773 0.131268 0.0216495
0 0.247788 0.505258 0.129204 0.0150515
0 0.513864 0.862887 0.129204 0.0202062
0 0.112832 0.329588 0.131268 0.0212371
0 0.515634 0.225876 0.122714 0.0125773
0 0.647345 0.912062 0.129499 0.0513402
0 0.914749 0.368763 0.131563 0.0513402
0 0.380383 0.444536 0.130678 0.017732
0 0.780531 0.197423 0.127434 0.0245361
0 0.780236 0.677629 0.0949853 0.00639175
0 0.24823 0.677629 0.128909 0.0158763
0 0.757375 0.0627835 0.0911504 0.016701
0 0.914159 0.727732 0.129204 0.128041
0 0.115929 0.469278 0.121534 0.0103093
0 0.914749 0.555979 0.130383 0.115258
0 0.513864 0.42732 0.126254 0.0340206
0 0.512094 0.568969 0.128614 0.0208247
0 0.380678 0.760928 0.128909 0.0187629
0 0.780973 0.880825 0.127139 0.0317526
0 0.513274 0.786907 0.127434 0.0595876
0 0.513569 0.891546 0.129204 0.0313402
0 0.512832 0.608041 0.130678 0.0329897
0 0.514454 0.318144 0.127434 0.0804124
0 0.513422 0.743918 0.127139 0.0239175
0 0.780973 0.151856 0.129499 0.0616495
0 0.248083 0.660928 0.128024 0.0142268
0 0.380383 0.640619 0.128909 0.0156701
0 0.380236 0.107216 0.129204 0.0230928
0 0.119027 0.94433 0.125369 0.0152577
0 0.513864 0.31268 0.128024 0.0175258
0 0.512832 0.375876 0.0976401 0.00824742
0 0.24705 0.479175 0.128909 0.134433
0 0.380678 0.691856 0.131268 0.0154639
0 0.248083 0.812062 0.129204 0.0241237
0 0.781121 0.383608 0.131563 0.0397938
0 0.779204 0.68433 0.121829 0.0214433
0 0.779646 0.368969 0.0861357 0.00597938
0 0.247493 0.887629 0.129794 0.0218557
0 0.246903 0.523608 0.128614 0.0191753
0 0.380383 0.128763 0.130088 0.016701
0 0.247198 0.910206 0.129204 0.0175258
0 0.779941 0.604639 0.129204 0.0204124
0 0.24823 0.642474 0.128909 0.0185567
0 0.514012 0.944845 0.128319 0.0179381
0 0.514897 0.243918 0.127729 0.0210309
0 0.914897 0.496907 0.128909 0.022268
0 0.380236 0.62299 0.130383 0.0241237
0 0.915339 0.448454 0.131563 0.0206186
0 0.512094 0.765876 0.110914 0.0134021
0 0.780383 0.915979 0.130088 0.0208247
0 0.380678 0.393402 0.131268 0.0193814
0 0.515782 0.20732 0.125369 0.0270103
0 0.913569 0.763196 0.125664 0.0105155
0 0.380826 0.734227 0.128614 0.0305155
0 0.780531 0.935567 0.132743 0.0117526
0 0.247345 0.623918 0.130088 0.0148454
0 0.914454 0.598144 0.130383 0.0218557
0 0.380826 0.946082 0.129204 0.0142268
0 0.913864 0.792165 0.128614 0.0152577
0 0.248525 0.583402 0.127729 0.0150515
0 0.24705 0.561031 0.127139 0.0243299
0 0.779351 0.123196 0.0814159 0.00474227
0 0.24764 0.431959 0.130088 0.0181443
0 0.647345 0.334948 0.129499 0.0158763
0 0.381121 0.812577 0.127434 0.0243299
0 0.379499 0.910619 0.130088 0.0781443
0 0.24823 0.603814 0.127139 0.0216495
0 0.643953 0.79299 0.0713864 0.0057732
0 0.381416 0.372062 0.130383 0.0195876
0 0.248525 0.127216 0.0852507 0.00907217
0 0.513717 0.389588 0.127139 0.0348454
0 0.781121 0.94866 0.130383 0.0115464
0 0.379646 0.840412 0.129794 0.0263918
0 0.384071 0.350515 0.119764 0.0226804
0 0.915487 0.420309 0.130088 0.0307216
0 0.780236 0.0915464 0.0867257 0.0057732
0 0.380973 0.684227 0.128319 0.0624742
0 0.512832 0.351649 0.128909 0.0253608
0 0.648673 0.950515 0.129204 0.00865979
0 0.780678 0.641856 0.130088 0.0527835
0 0.24705 0.414536 0.129499 0.0129897
0 0.915634 0.40433 0.0713864 0.00659794
0 0.511652 0.640103 0.129499 0.0286598
0 0.646165 0.37268 0.131268 0.0129897
0 0.626549 0.063299 0.161652 0.0181443
0 0.380236 0.599381 0.130383 0.0218557
0 0.109735 0.0930928 0.111504 0.00597938
0 0.646903 0.295155 0.130383 0.0575258
0 0.250147 0.936289 0.125664 0.0313402
0 0.915782 0.0915464 0.0876106 0.00618557
0 0.913569 0.784639 0.129204 0.0550515
0 0.912537 0.866598 0.0740413 0.00659794
0 0.24764 0.357938 0.130088 0.0148454
0 0.646018 0.0923711 0.0867257 0.00618557
0 0.381121 0.170206 0.0985251 0.00845361
0 0.246755 0.287526 0.131858 0.0121649
0 0.380678 0.246289 0.131268 0.0307216
0 0.883923 0.062268 0.160177 0.0160825
0 0.64646 0.352887 0.131268 0.0538144
0 0.914159 0.636701 0.128614 0.0527835
0 0.378909 0.0920619 0.0911504 0.00680412
0 0.914749 0.715155 0.129204 0.0150515
0 0.913717 0.814639 0.127139 0.0251546
0 0.24705 0.386186 0.130088 0.0387629
0 0.512684 0.0920619 0.107965 0.00639175
0 0.448083 0.0640206 0.165192 0.0187629
0 0.380383 0.193814 0.130678 0.0552577
0 0.914602 0.740103 0.130678 0.0315464
0 0.912979 0.913918 0.130973 0.0286598
0 0.124336 0.0649485 0.126549 0.0169072
0 0.914307 0.196907 0.132448 0.0284536
0 0.914749 0.624227 0.130973 0.449691
0 0.272566 0.0637113 0.156342 0.017732
0 0.247198 0.680103 0.129794 0.552783
0 0.380531 0.276186 0.130383 0.114845
0 0.511947 0.696598 0.128909 0.119794
0 0.913717 0.943918 0.122419 0.0181443
0 0.914307 0.686701 0.130678 0.0389691
0 0.379794 0.571959 0.129499 0.0210309
0 0.912242 0.879072 0.130088 0.0315464
0 0.246313 0.321546 0.129204 0.0525773
0 0.246755 0.138969 0.127729 0.0292784
0 0.246903 0.243402 0.130383 0.0814433
0 0.912389 0.844948 0.129204 0.028866
0 0.379646 0.603196 0.130973 0.0880412
0 0.380678 0.803093 0.131858 0.29732
0 0.780383 0.101031 0.134218 0.0251546
0 0.247198 0.179278 0.128614 0.0381443
0 0.381416 0.447938 0.132153 0.217938
0 0.116814 0.711134 0.130973 0.474639
0 0.514012 0.229072 0.130088 0.275464
0 0.514012 0.495876 0.130088 0.248247
0 0.648083 0.232062 0.132153 0.288041
0 0.246018 0.104433 0.129794 0.031134
0 0.112389 0.279588 0.134513 0.368247
0 0.914012 0.307113 0.134218 0.181649
0 0.914749 0.13299 0.132153 0.0898969
0 0.779056 0.810309 0.130383 0.269278
0 0.645723 0.68268 0.132743 0.205361
0 0.379056 0.124948 0.126254 0.0734021
0 0.779646 0.518557 0.130973 0.303505
0 0.646018 0.869072 0.131563 0.157938
0 0.648525 0.478866 0.131858 0.194021
0 0.512832 0.856701 0.130088 0.196289
0 0.779941 0.240412 0.129204 0.241237
