0 0.37775 0.560682 0.1235 0.121005
0 0.8855 0.655476 0.125 0.0111311
0 0.2515 0.868223 0.126 0.0244165
0 0.505 0.559605 0.122 0.216517
0 0.12825 0.884381 0.1235 0.157989
0 0.3785 0.410233 0.125 0.143986
0 0.75625 0.663196 0.1235 0.0438061
0 0.8825 0.961041 0.124 0.0140036
0 0.886 0.0639138 0.115 0.0114901
0 0.75825 0.0989228 0.1225 0.0132855
0 0.63 0.884201 0.124 0.0204668
0 0.63025 0.687253 0.1195 0.0473968
0 0.631 0.308797 0.126 0.0229803
0 0.7555 0.691921 0.124 0.0172352
0 0.125 0.574686 0.125 0.161221
0 0.2515 0.705566 0.125 0.0294434
0 0.5035 0.246499 0.125 0.376661
0 0.252 0.735907 0.124 0.0254937
0 0.50625 0.0606822 0.1045 0.00789946
0 0.885 0.172711 0.054 0.00502693
0 0.2515 0.208079 0.124 0.104488
0 0.88475 0.056912 0.0955 0.00825853
0 0.7555 0.0588869 0.08 0.00718133
0 0.123 0.164632 0.126 0.0348294
0 0.7585 0.124776 0.125 0.0290844
0 0.2515 0.767145 0.125 0.0290844
0 0.7575 0.51526 0.126 0.0208259
0 0.7575 0.487074 0.124 0.0384201
0 0.88575 0.072711 0.1205 0.0125673
0 0.35875 0.493716 0.1565 0.179533
0 0.31475 0.106643 0.2495 0.0926391
0 0.758 0.0903052 0.126 0.0513465
0 0.756 0.890305 0.126 0.0175943
0 0.631 0.0603232 0.078 0.0064632
0 0.7565 0.389408 0.127 0.0204668
0 0.75825 0.154578 0.1265 0.0240574
0 0.25275 0.906643 0.1245 0.101257
0 0.121 0.147935 0.106 0.0129264
0 0.75675 0.935009 0.1245 0.0308797
0 0.88625 0.68851 0.1275 0.118133
0 0.75525 0.714901 0.1235 0.0251346
0 0.75475 0.747217 0.1245 0.0308797
0 0.7565 0.850808 0.126 0.0456014
0 0.252 0.910413 0.123 0.0183124
0 0.75625 0.909336 0.1235 0.0183124
0 0.757 0.812029 0.125 0.0276481
0 0.886 0.302873 0.128 0.0341113
0 0.25125 0.687074 0.1265 0.561221
0 0.12325 0.140215 0.1105 0.00897666
0 0.7575 0.625853 0.12 0.021544
0 0.505 0.610592 0.127 0.661041
0 0.886 0.2693 0.128 0.0416517
0 0.886 0.707899 0.127 0.0254937
0 0.377 0.714901 0.124 0.185278
0 0.75775 0.196589 0.1245 0.0549372
0 0.88625 0.429623 0.1265 0.0240574
0 0.75625 0.960682 0.1235 0.0154399
0 0.629 0.396768 0.122 0.0208259
0 0.122 0.15763 0.118 0.0114901
0 0.75475 0.779892 0.1245 0.0294434
0 0.37775 0.856912 0.1225 0.0807899
0 0.754 0.894614 0.125 0.139677
0 0.758 0.147217 0.127 0.17307
0 0.757 0.552065 0.13 0.0477558
0 0.75675 0.594075 0.1265 0.0298025
0 0.125 0.477379 0.126 0.533932
0 0.884 0.396948 0.129 0.0578097
0 0.884 0.641652 0.127 0.0373429
0 0.12525 0.067325 0.1065 0.0132855
0 0.75575 0.452962 0.1265 0.145422
0 0.88375 0.681508 0.1275 0.0373429
0 0.62975 0.282765 0.1245 0.0247756
0 0.25175 0.736804 0.1255 0.0912029
0 0.378 0.197307 0.126 0.272531
0 0.25275 0.944345 0.1225 0.043088
0 0.25175 0.242011 0.1255 0.33465
0 0.12675 0.922442 0.1195 0.0244165
0 0.37775 0.61167 0.1245 0.58061
0 0.88525 0.550987 0.1255 0.0319569
0 0.884 0.462478 0.127 0.0373429
0 0.128 0.892101 0.121 0.0312388
0 0.88425 0.594075 0.1275 0.0506284
0 0.12125 0.189946 0.1265 0.0394973
0 0.12825 0.952783 0.1205 0.0254937
0 0.885 0.508797 0.124 0.0459605
0 0.12525 0.702513 0.1215 0.0807899
0 0.62925 0.351885 0.1225 0.10772
0 0.6295 0.240575 0.124 0.0545781
0 0.25175 0.639677 0.1245 0.0965889
0 0.75725 0.249551 0.1245 0.0416517
0 0.25125 0.503411 0.1265 0.168761
0 0.252 0.818133 0.124 0.0642729
0 0.883 0.308618 0.13 0.116697
0 0.8835 0.753321 0.128 0.0675045
0 0.37675 0.933393 0.1235 0.0628366
0 0.12775 0.845781 0.1205 0.0499102
0 0.75775 0.690305 0.1265 0.151167
0 0.75675 0.360862 0.1235 0.0308797
0 0.88375 0.109336 0.1285 0.108797
0 0.6295 0.103052 0.124 0.0854578
0 0.12525 0.105745 0.1195 0.0506284
0 0.6295 0.181867 0.126 0.0570916
0 0.8855 0.945242 0.128 0.0506284
0 0.75725 0.308079 0.1255 0.0682226
0 0.8855 0.854578 0.129 0.124955
0 0.62825 0.780072 0.1235 0.227289
0 0.12775 0.780251 0.1205 0.0631957
0 0.62925 0.93447 0.1225 0.064991
0 0.63075 0.535009 0.1255 0.247756
0 0.886 0.206463 0.127 0.0739677
