0 0.603173 0.0615535 0.385902 0.0517319
0 0.712046 0.0697256 0.140414 0.0392862
0 0.420293 0.0698755 0.152385 0.0452842
0 0.921528 0.512296 0.0904427 0.00614785
0 0.442333 0.259259 0.115903 0.00959664
0 0.798879 0.848328 0.113813 0.231369
0 0.916968 0.777403 0.113243 0.0391363
0 0.337735 0.110061 0.114953 0.00989654
0 0.779023 0.109912 0.0763823 0.00989654
0 0.48917 0.193957 0.692571 0.034338
0 0.940718 0.111411 0.0608018 0.00719748
0 0.560232 0.533663 0.100133 0.00659769
0 0.565837 0.0633528 0.119324 0.0520318
0 0.184591 0.110886 0.0788524 0.00824711
0 0.199696 0.518369 0.0843625 0.00569801
0 0.530211 0.147173 0.808474 0.0565302
0 0.678795 0.961913 0.100133 0.00689759
0 0.200361 0.797871 0.119894 0.0134953
0 0.50095 0.849228 0.480524 0.0178438
0 0.201501 0.960789 0.100513 0.00614785
0 0.443853 0.446094 0.0923428 0.00659769
0 0.887327 0.0644774 0.117804 0.0335882
0 0.801254 0.752662 0.106023 0.0298396
0 0.201406 0.778827 0.115523 0.0173939
0 0.745202 0.22777 0.215846 0.0128955
0 0.0817024 0.0605788 0.102983 0.0302894
0 0.233232 0.0642525 0.117994 0.0361374
0 0.798974 0.798096 0.112483 0.0517319
0 0.203211 0.854851 0.118754 0.119658
0 0.914212 0.939046 0.117994 0.0481332
0 0.914782 0.836332 0.116093 0.153696
0 0.0816074 0.27043 0.116854 0.37112
0 0.796979 0.901634 0.112293 0.0443845
0 0.201026 0.748238 0.107163 0.0305893
0 0.0791374 0.757985 0.117994 0.403959
0 0.383527 0.233543 0.229717 0.0310391
0 0.920483 0.635852 0.117234 0.235867
0 0.743967 0.440771 0.216797 0.0226421
0 0.203116 0.935223 0.118564 0.0368871
0 0.920958 0.34173 0.120084 0.326586
0 0.801539 0.712176 0.114953 0.0412356
0 0.564697 0.374419 0.120084 0.312791
0 0.798404 0.852602 0.110963 0.0470835
0 0.202831 0.367746 0.117994 0.297946
0 0.679935 0.910106 0.116473 0.100615
0 0.802394 0.62753 0.115523 0.121158
0 0.741212 0.335433 0.223447 0.183236
0 0.32339 0.806418 0.119324 0.0521817
0 0.796789 0.945719 0.111533 0.0380867
0 0.201881 0.581871 0.120274 0.11321
0 0.681075 0.757685 0.118754 0.152946
0 0.682786 0.565902 0.120274 0.211426
0 0.561182 0.584795 0.118754 0.0899685
0 0.32187 0.352302 0.120464 0.194182
0 0.442333 0.565302 0.115143 0.215025
0 0.32111 0.676713 0.119324 0.197331
0 0.201786 0.685335 0.119324 0.0826211
0 0.0800874 0.505773 0.114193 0.0929675
0 0.442428 0.346379 0.117234 0.181436
0 0.560707 0.735568 0.113243 0.19988
0 0.443093 0.754836 0.115523 0.157145
0 0.32206 0.911606 0.118564 0.105413
0 0.803724 0.508997 0.112863 0.0979157
0 0.560612 0.913105 0.116854 0.105713
0 0.441573 0.912731 0.116664 0.105863
0 0.32453 0.514845 0.115143 0.11441
