0 0.313777 0.784985 0.0911596 0.0095562
0 0.566475 0.389537 0.0840413 0.00939423
0 0.688863 0.852041 0.105626 0.0756398
0 0.193915 0.707888 0.108152 0.0539359
0 0.91527 0.195902 0.11527 0.00793651
0 0.737658 0.826612 0.246383 0.141723
0 0.799885 0.666586 0.116418 0.261257
0 0.437773 0.637512 0.0943743 0.0654357
0 0.596441 0.825154 0.084271 0.115484
0 0.311251 0.585844 0.0962113 0.113703
0 0.192997 0.821348 0.097589 0.0178166
0 0.919977 0.744736 0.111366 0.00939423
0 0.196785 0.642128 0.0886338 0.00923226
0 0.800574 0.653466 0.114581 0.0986395
0 0.191389 0.523162 0.0668197 0.00809848
0 0.310448 0.46542 0.107922 0.121639
0 0.301837 0.830256 0.402985 0.10528
0 0.914007 0.386216 0.112285 0.0830904
0 0.796326 0.567217 0.111596 0.0761257
0 0.195982 0.870262 0.121929 0.0301263
0 0.189093 0.697927 0.112285 0.127308
0 0.308955 0.532637 0.0663605 0.00631681
0 0.683697 0.765711 0.119633 0.0095562
0 0.153502 0.10528 0.0484501 0.00712666
0 0.192997 0.690719 0.0677382 0.00599287
0 0.191389 0.414075 0.116877 0.0241335
0 0.194145 0.728782 0.0594719 0.00502106
0 0.312285 0.410917 0.107003 0.0103661
0 0.557635 0.664399 0.11504 0.158406
0 0.55442 0.436265 0.0934558 0.00664075
0 0.612514 0.146906 0.237199 0.0615484
0 0.916074 0.641318 0.120551 0.582604
0 0.554191 0.591351 0.11504 0.0268869
0 0.678875 0.425575 0.0943743 0.00890832
0 0.43054 0.601474 0.0978186 0.0111759
0 0.313433 0.787577 0.0835821 0.00664075
0 0.431803 0.257937 0.119173 0.0221898
0 0.196785 0.63978 0.0991963 0.0100421
0 0.915155 0.349044 0.0929966 0.0074506
0 0.61217 0.407353 0.204822 0.0204082
0 0.313203 0.6546 0.0688863 0.00599287
0 0.806889 0.624231 0.14558 0.449627
0 0.853502 0.204244 0.231917 0.0217039
0 0.673938 0.517493 0.119403 0.0229997
0 0.799082 0.854875 0.114351 0.0641399
0 0.432032 0.667638 0.112285 0.140266
0 0.681401 0.825397 0.123307 0.128928
0 0.670609 0.82151 0.23031 0.129252
0 0.31791 0.834062 0.107233 0.102527
0 0.198163 0.776725 0.0780712 0.00793651
0 0.442135 0.816246 0.13341 0.133949
0 0.198852 0.640347 0.0753157 0.00631681
0 0.556142 0.514091 0.111137 0.117266
0 0.800115 0.375526 0.117336 0.116132
0 0.429621 0.748704 0.0918484 0.0095562
0 0.245465 0.517817 0.246154 0.236476
0 0.800344 0.582847 0.114122 0.276158
0 0.617107 0.410431 0.220207 0.0369291
0 0.793571 0.330418 0.123536 0.0233236
0 0.921814 0.788468 0.115959 0.0965338
0 0.429621 0.346453 0.114351 0.19987
0 0.433754 0.601879 0.0776119 0.00777454
0 0.558439 0.732831 0.123077 0.301425
0 0.432951 0.469793 0.121929 0.0228377
0 0.431458 0.521056 0.122618 0.127632
0 0.800804 0.48518 0.105396 0.0817946
0 0.247876 0.14148 0.23031 0.0448656
0 0.673823 0.201247 0.112285 0.0095562
0 0.197359 0.830823 0.113662 0.107386
0 0.432721 0.75081 0.080597 0.00793651
0 0.794834 0.205053 0.113662 0.021056
0 0.428817 0.13403 0.115499 0.0338516
0 0.18806 0.512958 0.118944 0.218983
0 0.248565 0.291383 0.239954 0.0262391
0 0.67589 0.62496 0.107692 0.240525
0 0.613892 0.131114 0.24225 0.0309362
0 0.856602 0.153142 0.225718 0.0649498
