0 0.669216 0.357269 0.0929837 0.0611706
0 0.691794 0.389614 0.0487983 0.00616107
0 0.899976 0.459733 0.155378 0.103858
0 0.555232 0.390054 0.0485555 0.00645445
0 0.47293 0.389614 0.0480699 0.00704122
0 0.85664 0.704709 0.217286 0.159894
0 0.777495 0.444404 0.086186 0.149773
0 0.526341 0.359836 0.152464 0.0648379
0 0.826536 0.565058 0.195436 0.0856682
0 0.57951 0.488118 0.269968 0.175297
0 0.849842 0.65542 0.242049 0.267273
0 0.639111 0.311721 0.691187 0.021417
0 0.575868 0.360202 0.263171 0.0661581
0 0.551226 0.358295 0.059966 0.0579434
0 0.480821 0.357929 0.059966 0.0575033
0 0.525977 0.720625 0.340617 0.11486
0 0.617626 0.358882 0.0572955 0.0608772
0 0.857732 0.446897 0.251032 0.148012
0 0.689731 0.357415 0.057781 0.0582368
0 0.381767 0.720845 0.134741 0.122635
0 0.582302 0.615153 0.252731 0.0664515
0 0.795703 0.346413 0.126973 0.0391668
0 0.37497 0.489878 0.134256 0.322869
0 0.514324 0.486871 0.131343 0.174857
0 0.655013 0.486724 0.13547 0.176031
0 0.929595 0.34502 0.126244 0.0401936
