0 0.686172 0.873702 0.487835 0.126298
0 0.729443 0.343789 0.472128 0.259659
0 0.370804 0.615081 0.180474 0.0934774
0 0.362642 0.601475 0.141977 0.043415
0 0.132892 0.561176 0.10194 0.0363523
0 0.553126 0.606772 0.893748 0.133361
0 0.866184 0.76828 0.187558 0.0754051
0 0.515091 0.508517 0.609486 0.0199418
0 0.514475 0.87339 0.97105 0.135646
0 0.535109 0.741068 0.840468 0.131907
0 0.518941 0.76236 0.936249 0.385958
0 0.198491 0.616951 0.259624 0.10054
0 0.427472 0.826651 0.182322 0.0284587
0 0.430551 0.883361 0.194025 0.110719
0 0.55636 0.298297 0.887281 0.371417
0 0.409917 0.148733 0.2162 0.123806
0 0.602864 0.606876 0.218355 0.124844
0 0.627656 0.413482 0.211888 0.125675
0 0.643825 0.875467 0.207268 0.128999
0 0.867878 0.741172 0.18109 0.122975
0 0.186326 0.411716 0.21312 0.125467
0 0.407453 0.412858 0.214352 0.128583
0 0.454573 0.740341 0.243917 0.123806
0 0.406067 0.28012 0.21466 0.128583
0 0.860025 0.874533 0.198645 0.126298
0 0.834155 0.606668 0.244841 0.127337
0 0.850169 0.412235 0.224515 0.126506
0 0.286418 0.606668 0.417 0.124429
0 0.676163 0.740652 0.169695 0.122767
0 0.201417 0.876091 0.245765 0.127337
0 0.184632 0.148317 0.207884 0.124636
0 0.630582 0.280744 0.2085 0.126506
0 0.631044 0.147486 0.208192 0.122559
0 0.199723 0.740133 0.247305 0.125883
0 0.849707 0.279705 0.219279 0.124844
0 0.182476 0.280328 0.206036 0.124429
0 0.852325 0.145617 0.215276 0.12339
