0 0.712597 0.768144 0.273761 0.0401256
0 0.712824 0.570481 0.272397 0.111654
0 0.307412 0.172017 0.261937 0.0286113
0 0.960437 0.118283 0.0354707 0.00628053
0 0.376535 0.482903 0.131878 0.0286113
0 0.108458 0.710921 0.128695 0.0219819
0 0.503183 0.0750174 0.769895 0.0593161
0 0.106412 0.162073 0.131878 0.0666434
0 0.309231 0.141486 0.272851 0.0261689
0 0.917917 0.0806001 0.0850387 0.0230286
0 0.712597 0.135904 0.0709413 0.0108165
0 0.103911 0.0809491 0.106867 0.0251221
0 0.50955 0.603803 0.129604 0.0736218
0 0.108458 0.279833 0.134152 0.296581
0 0.308322 0.178123 0.263756 0.0966504
0 0.709413 0.457606 0.267394 0.329728
0 0.914507 0.303559 0.136426 0.348221
0 0.912915 0.583217 0.134152 0.196441
0 0.243975 0.470691 0.130514 0.468248
0 0.107322 0.484473 0.132788 0.110607
0 0.712142 0.7097 0.264666 0.159107
0 0.508413 0.501221 0.12915 0.128053
0 0.376535 0.363398 0.133697 0.266225
0 0.71487 0.918528 0.268304 0.081298
0 0.510687 0.280356 0.130969 0.304606
0 0.915416 0.824843 0.136426 0.271458
0 0.107094 0.672017 0.132333 0.0467551
0 0.711687 0.206909 0.266485 0.15492
0 0.377217 0.627879 0.133242 0.25157
0 0.107094 0.776343 0.132333 0.157013
0 0.376535 0.812107 0.130969 0.102233
0 0.108231 0.594557 0.132788 0.0997906
0 0.712369 0.833915 0.26694 0.0746685
0 0.11096 0.909456 0.133697 0.0973482
0 0.511369 0.763782 0.130514 0.229588
0 0.512506 0.922366 0.130059 0.0729239
0 0.378126 0.913817 0.134152 0.0914166
0 0.241928 0.902652 0.132788 0.108165
0 0.243975 0.775994 0.133242 0.138172
