0 0.609526 0.0899154 0.682753 0.0352609
0 0.370541 0.675071 0.189677 0.0426657
0 0.851867 0.400564 0.132606 0.0141044
0 0.468527 0.773449 0.39488 0.285966
0 0.393412 0.676657 0.234578 0.0620592
0 0.129249 0.140691 0.0721779 0.00705219
0 0.506924 0.547602 0.154427 0.0578279
0 0.759337 0.786319 0.0440621 0.0239774
0 0.869702 0.950458 0.107847 0.0102257
0 0.8718 0.786671 0.0642048 0.0218618
0 0.768779 0.861953 0.284515 0.10543
0 0.510491 0.0449577 0.0793118 0.014457
0 0.150021 0.613893 0.0969366 0.0267983
0 0.492446 0.078103 0.820394 0.0659379
0 0.671213 0.409556 0.48804 0.0250353
0 0.13953 0.129408 0.0935795 0.00846262
0 0.138901 0.132934 0.096517 0.01622
0 0.330046 0.140691 0.140579 0.0246827
0 0.591901 0.761284 0.671003 0.304654
0 0.330885 0.212976 0.148972 0.110719
0 0.169115 0.354901 0.156106 0.447461
0 0.177507 0.769041 0.160302 0.330748
0 0.840537 0.506876 0.161141 0.143512
0 0.682753 0.257581 0.483424 0.271157
0 0.507763 0.503702 0.156106 0.144922
0 0.673311 0.505818 0.159883 0.144922
0 0.33718 0.425071 0.166597 0.295134
