0 0.0876851 0.811068 0.122369 0.0208271
0 0.347428 0.84216 0.0541699 0.00743826
0 0.180631 0.740405 0.0541699 0.00743826
0 0.805534 0.0908956 0.0444271 0.00624814
0 0.582034 0.834573 0.0448168 0.00535555
0 0.437062 0.865963 0.10873 0.103243
0 0.889906 0.920857 0.0791115 0.00773579
0 0.7841 0.926659 0.10756 0.0473073
0 0.783125 0.883666 0.109509 0.038679
0 0.776306 0.860607 0.0592362 0.0068432
0 0.208106 0.925022 0.113796 0.0226123
0 0.206742 0.740553 0.078332 0.00892591
0 0.681606 0.548349 0.0740452 0.00773579
0 0.462588 0.946891 0.0561185 0.00981851
0 0.205378 0.792324 0.109119 0.00892591
0 0.291699 0.905385 0.0440374 0.00892591
0 0.207327 0.797084 0.104443 0.00654567
0 0.318005 0.730586 0.105222 0.0175543
0 0.322291 0.41803 0.111458 0.0315382
0 0.289945 0.930229 0.0498831 0.0383814
0 0.407833 0.895269 0.0557288 0.00892591
0 0.469797 0.754835 0.0463757 0.00892591
0 0.693102 0.0903005 0.0518316 0.0068432
0 0.205768 0.903749 0.114575 0.0217197
0 0.205768 0.890211 0.109899 0.0178518
0 0.264614 0.41089 0.227592 0.0184469
0 0.435113 0.82773 0.0876851 0.00833085
0 0.345674 0.418477 0.0600156 0.0294555
0 0.205963 0.923683 0.110288 0.0395716
0 0.462588 0.888277 0.055339 0.00862838
0 0.67615 0.0903005 0.0974279 0.00743826
0 0.321512 0.75186 0.109119 0.0202321
0 0.320733 0.901964 0.0911925 0.00862838
0 0.0876851 0.851235 0.117693 0.010116
0 0.781956 0.0910443 0.101715 0.00595061
0 0.406664 0.950461 0.0510522 0.00565308
0 0.225448 0.789943 0.0713172 0.00714073
0 0.311769 0.727908 0.0670304 0.0110086
0 0.239673 0.789497 0.0530008 0.00803332
0 0.205183 0.70723 0.0853468 0.0523654
0 0.306118 0.676584 0.0814497 0.0124963
0 0.320148 0.840821 0.104053 0.00714073
0 0.446804 0.889319 0.0822292 0.00833085
0 0.899065 0.0770604 0.118472 0.0119012
0 0.21668 0.736537 0.0732658 0.00743826
0 0.351325 0.927998 0.0518316 0.048795
0 0.178293 0.793216 0.0518316 0.00773579
0 0.0935308 0.538381 0.0904131 0.00922345
0 0.893024 0.433056 0.0572876 0.00862838
0 0.437256 0.81568 0.10834 0.0877715
0 0.888348 0.847813 0.0923617 0.0276703
0 0.523578 0.794704 0.0596259 0.136269
0 0.837101 0.659625 0.185503 0.0160666
0 0.321902 0.90479 0.0997662 0.00952098
0 0.777475 0.670187 0.0763835 0.00981851
0 0.78332 0.859268 0.0530008 0.00773579
0 0.665433 0.445849 0.114186 0.151443
0 0.890881 0.932758 0.0911925 0.010116
0 0.401403 0.891699 0.0358535 0.00833085
0 0.726617 0.244719 0.181995 0.293663
0 0.205963 0.737876 0.0728761 0.00773579
0 0.32385 0.840375 0.0654716 0.00624814
0 0.406664 0.332342 0.0526111 0.00773579
0 0.222915 0.739958 0.0537802 0.00654567
0 0.778644 0.408509 0.0872954 0.00952098
0 0.0849571 0.854359 0.0787217 0.00862838
0 0.463757 0.949866 0.0537802 0.00743826
0 0.429267 0.894079 0.0908028 0.00833085
0 0.208301 0.914014 0.113406 0.0767629
0 0.20947 0.678667 0.106391 0.0113062
0 0.413289 0.92294 0.0619641 0.0470098
0 0.206937 0.846474 0.10756 0.00833085
0 0.667966 0.545522 0.102884 0.00981851
0 0.204793 0.790092 0.0946999 0.00981851
0 0.670109 0.550134 0.0970382 0.00654567
0 0.890296 0.928444 0.0915822 0.0199345
0 0.301052 0.929188 0.068979 0.048795
0 0.449532 0.920113 0.0822292 0.0574234
0 0.205573 0.893484 0.114186 0.0309432
0 0.404131 0.859417 0.0483242 0.0455222
0 0.552416 0.861053 0.114186 0.0476049
0 0.551637 0.738619 0.112627 0.0258852
0 0.464536 0.799613 0.0506625 0.0490925
0 0.405885 0.800059 0.0526111 0.0481999
0 0.891076 0.920113 0.0323461 0.00565308
0 0.206157 0.935138 0.114575 0.0339185
0 0.779813 0.817465 0.08106 0.00743826
0 0.0896337 0.854805 0.0568979 0.00654567
0 0.205963 0.930973 0.112627 0.0172568
0 0.894973 0.669592 0.043258 0.0068432
0 0.233437 0.763017 0.060795 0.043737
0 0.435113 0.857037 0.112627 0.053853
0 0.205378 0.909848 0.110678 0.0184469
0 0.297935 0.807498 0.0588465 0.0529604
0 0.320538 0.770753 0.0978176 0.00922345
0 0.782541 0.768224 0.100546 0.00773579
0 0.0890491 0.538381 0.0572876 0.00803332
0 0.890881 0.945701 0.0966485 0.0116037
0 0.206937 0.762571 0.109899 0.0440345
0 0.888932 0.90479 0.0896337 0.0184469
0 0.180826 0.7651 0.0545596 0.0407617
0 0.463367 0.862095 0.0514419 0.0514728
0 0.568979 0.793365 0.0740452 0.0943172
0 0.259743 0.67584 0.222525 0.014579
0 0.179852 0.711247 0.0510522 0.0467123
0 0.296181 0.867896 0.0561185 0.0517703
0 0.785659 0.671675 0.101325 0.00922345
0 0.89244 0.434841 0.0701481 0.00743826
0 0.777085 0.860309 0.0319564 0.00624814
0 0.435503 0.799613 0.114186 0.0508777
0 0.176734 0.821482 0.0510522 0.038679
0 0.349376 0.86864 0.0549493 0.053258
0 0.23636 0.822821 0.0541699 0.0508777
0 0.778839 0.832639 0.103274 0.0401666
0 0.206547 0.948378 0.111458 0.014579
0 0.464341 0.922493 0.0518316 0.0467123
0 0.352884 0.806754 0.0448168 0.053258
0 0.205378 0.819101 0.109899 0.0470098
0 0.464731 0.730289 0.0533905 0.0514728
0 0.400818 0.923683 0.0455963 0.0550431
0 0.322486 0.701131 0.109509 0.0348111
0 0.0909977 0.462809 0.113406 0.131211
0 0.77767 0.408956 0.063523 0.00743826
0 0.552221 0.805564 0.116134 0.162749
0 0.23636 0.710503 0.0541699 0.0476049
0 0.322681 0.104731 0.275136 0.0142815
0 0.206157 0.860458 0.113016 0.029753
0 0.320928 0.0670931 0.566251 0.0354061
0 0.665238 0.289795 0.111458 0.388575
0 0.436867 0.767777 0.105222 0.00922345
0 0.320343 0.802737 0.109119 0.0577209
0 0.726422 0.0773579 0.222136 0.0166617
0 0.259158 0.418328 0.215121 0.0309432
0 0.785659 0.053258 0.312549 0.0184469
0 0.888348 0.890063 0.0923617 0.0484975
0 0.320148 0.866111 0.10873 0.058911
0 0.320928 0.741595 0.111847 0.0389765
0 0.667186 0.533472 0.109899 0.0172568
0 0.889712 0.880244 0.0919719 0.0270753
0 0.182385 0.36388 0.0576773 0.0654567
0 0.889712 0.932758 0.0958691 0.0345135
0 0.406274 0.732818 0.0502728 0.0476049
0 0.435308 0.730586 0.110678 0.0508777
0 0.550468 0.700387 0.0962588 0.029753
0 0.772019 0.839929 0.0896337 0.0261827
0 0.319369 0.925915 0.10873 0.0529604
0 0.265588 0.363434 0.217849 0.0621839
0 0.32463 0.307051 0.339829 0.029158
0 0.58106 0.790836 0.055339 0.0743826
0 0.0946999 0.310027 0.111458 0.426659
0 0.08788 0.838292 0.1212 0.0205296
0 0.434723 0.459833 0.113406 0.27224
0 0.838465 0.654716 0.195246 0.0139839
0 0.434723 0.650104 0.110288 0.109491
0 0.781956 0.793514 0.111847 0.0339185
0 0.893219 0.118268 0.103663 0.0955073
0 0.780008 0.246058 0.109509 0.308837
0 0.666407 0.752603 0.113796 0.391253
0 0.889322 0.769414 0.0919719 0.188039
0 0.0896337 0.591788 0.117693 0.0862838
0 0.0880748 0.907617 0.12159 0.0996727
0 0.782151 0.720173 0.111458 0.0800357
0 0.552221 0.939899 0.115355 0.0249926
0 0.0880748 0.785927 0.120031 0.0776555
0 0.550468 0.236388 0.111847 0.283547
0 0.781956 0.456114 0.111847 0.0773579
0 0.886594 0.48914 0.0904131 0.109491
0 0.207132 0.528117 0.113406 0.191015
0 0.551052 0.641476 0.113796 0.0737876
0 0.206547 0.646385 0.110678 0.0377864
0 0.890686 0.59402 0.0954793 0.093127
0 0.7841 0.910443 0.111458 0.0833085
0 0.886984 0.297382 0.0943102 0.254389
0 0.552611 0.906278 0.115355 0.0368938
0 0.321512 0.202023 0.333593 0.170783
0 0.551247 0.55906 0.114186 0.0827135
0 0.320928 0.508182 0.111068 0.136269
0 0.782541 0.569771 0.114575 0.145195
0 0.550078 0.448378 0.115744 0.132699
0 0.320928 0.622285 0.111068 0.0847962
0 0.089244 0.69161 0.119252 0.104433
