0 0.745532 0.219808 0.0866845 0.0105794
0 0.55172 0.0808105 0.216041 0.0112305
0 0.745979 0.300212 0.222967 0.287598
0 0.979781 0.980632 0.0404379 0.038737
0 0.393878 0.649984 0.154155 0.0382487
0 0.55563 0.5271 0.158177 0.0359701
0 0.473637 0.498535 0.160411 0.0130208
0 0.0468052 0.328125 0.0860143 0.611979
0 0.803396 0.448486 0.23235 0.0154622
0 0.802055 0.424154 0.257819 0.0247396
0 0.796023 0.815755 0.154155 0.0113932
0 0.474419 0.106201 0.304513 0.0125326
0 0.916332 0.078776 0.0819928 0.00716146
0 0.795912 0.820638 0.26966 0.0179036
0 0.467493 0.379801 0.316577 0.175618
0 0.80429 0.532308 0.195264 0.0154622
0 0.473637 0.327393 0.148347 0.012207
0 0.803172 0.485107 0.33244 0.211426
0 0.797029 0.863363 0.313896 0.0968424
0 0.474531 0.215007 0.317694 0.0244141
0 0.472744 0.345785 0.157283 0.0125326
0 0.234361 0.122803 0.106792 0.00634766
0 0.800715 0.612874 0.180518 0.0131836
0 0.476653 0.304932 0.303619 0.0535482
0 0.79647 0.696777 0.185433 0.0139974
0 0.238047 0.362223 0.150804 0.0356445
0 0.798481 0.56193 0.263628 0.074707
0 0.879468 0.487467 0.157954 0.0625
0 0.795576 0.410807 0.300715 0.0882161
0 0.236819 0.478027 0.0893655 0.00651042
0 0.472632 0.808268 0.163762 0.0126953
0 0.801385 0.101156 0.191242 0.0144857
0 0.719951 0.487793 0.15706 0.0605469
0 0.473637 0.487712 0.15773 0.0284831
0 0.877122 0.859863 0.155496 0.063151
0 0.235255 0.299967 0.156836 0.0823568
0 0.476318 0.164307 0.318588 0.116699
0 0.476095 0.251872 0.313673 0.0408529
0 0.71794 0.856934 0.157507 0.0579427
0 0.798257 0.906169 0.31546 0.0213216
0 0.80038 0.220947 0.165103 0.0135091
0 0.558199 0.409261 0.145889 0.110189
0 0.234026 0.111979 0.150357 0.0292969
0 0.386506 0.411702 0.120643 0.112142
0 0.234249 0.195394 0.15706 0.12321
0 0.71794 0.651123 0.155719 0.0626628
0 0.879915 0.651611 0.156166 0.0649414
0 0.879468 0.295003 0.158847 0.130046
0 0.717717 0.756185 0.159741 0.104818
0 0.393543 0.569661 0.154826 0.118164
0 0.393878 0.714762 0.155496 0.166178
0 0.234808 0.452718 0.151475 0.0336914
0 0.879021 0.755534 0.155719 0.100911
0 0.881591 0.158773 0.155496 0.102051
0 0.717382 0.157389 0.15639 0.104818
0 0.234473 0.701335 0.160634 0.425456
0 0.554401 0.654704 0.161528 0.288249
0 0.39466 0.866699 0.153038 0.100586
0 0.717382 0.296712 0.157283 0.129883
0 0.234584 0.407878 0.155943 0.0452474
0 0.55496 0.866374 0.15639 0.102539
