0 0.408614 0.0813404 0.0926529 0.0380979
0 0.802751 0.856229 0.249729 0.0617353
0 0.622874 0.894188 0.0991676 0.110957
0 0.689468 0.227475 0.0636989 0.041713
0 0.356497 0.271274 0.595729 0.426863
0 0.525878 0.596774 0.886717 0.160734
0 0.22928 0.651974 0.129207 0.0208565
0 0.514839 0.518076 0.441187 0.0367075
0 0.680782 0.753337 0.105682 0.0556174
0 0.554289 0.811179 0.425262 0.280311
0 0.727832 0.274611 0.144046 0.134316
0 0.233623 0.869438 0.325371 0.119299
0 0.25932 0.80381 0.352153 0.0214127
0 0.863916 0.607898 0.0781759 0.0339266
0 0.901737 0.0901001 0.0698516 0.0572859
0 0.772892 0.517659 0.132827 0.0247497
0 0.152733 0.520996 0.150561 0.0336485
0 0.898661 0.523915 0.0926529 0.0461624
0 0.48498 0.415462 0.594282 0.1396
0 0.600615 0.74861 0.718422 0.502781
0 0.284654 0.272247 0.120521 0.139043
0 0.106044 0.909066 0.0579081 0.0150167
0 0.203764 0.731646 0.264929 0.115684
0 0.279225 0.868882 0.228375 0.0875973
0 0.523163 0.803949 0.866088 0.295884
0 0.405537 0.608593 0.208107 0.112625
0 0.686573 0.749305 0.0832428 0.0342047
0 0.14658 0.687291 0.136808 0.0253059
0 0.231994 0.935901 0.315599 0.0236374
0 0.605863 0.609844 0.188201 0.111791
0 0.839848 0.732202 0.204488 0.117353
0 0.119073 0.857063 0.102063 0.0889878
0 0.808179 0.885567 0.259862 0.127086
0 0.487875 0.910317 0.147666 0.0586763
0 0.507781 0.0454672 0.0868621 0.022525
0 0.821209 0.606229 0.237423 0.114016
0 0.210279 0.273498 0.284473 0.141546
0 0.505972 0.272108 0.278683 0.134872
0 0.787731 0.417825 0.266739 0.138765
0 0.798227 0.274194 0.286283 0.140712
0 0.503981 0.128615 0.280492 0.139321
0 0.209193 0.413932 0.279406 0.133204
0 0.504162 0.416852 0.286645 0.139043
0 0.797865 0.128615 0.287731 0.140434
0 0.21426 0.127225 0.28013 0.140434
0 0.182953 0.581757 0.226203 0.16574
