0 0.104196 0.879912 0.13184 0.0696655
0 0.469663 0.157032 0.886022 0.119844
0 0.149277 0.0737252 0.06833 0.0318285
0 0.47746 0.727103 0.51772 0.0196492
0 0.827474 0.0720201 0.18004 0.0349139
0 0.10689 0.44568 0.127587 0.0112049
0 0.29983 0.930578 0.0592572 0.00795713
0 0.475758 0.430578 0.898214 0.0212731
0 0.758435 0.610831 0.201871 0.195031
0 0.138928 0.931471 0.181457 0.00746996
0 0.306918 0.828597 0.242983 0.177493
0 0.479586 0.461107 0.938758 0.0508282
0 0.104621 0.448441 0.140629 0.0121793
0 0.0779699 0.239445 0.0816558 0.0115297
0 0.843351 0.524846 0.134675 0.0256577
0 0.699036 0.914339 0.42444 0.0115297
0 0.0876099 0.1291 0.0981004 0.0698279
0 0.470513 0.727022 0.910405 0.0233842
0 0.0895946 0.175463 0.0963992 0.00958103
0 0.119081 0.461351 0.163879 0.0412472
0 0.357528 0.948279 0.56025 0.0235466
0 0.101077 0.801153 0.115963 0.00925625
0 0.486532 0.0866353 0.872696 0.160929
0 0.253615 0.697142 0.480011 0.026632
0 0.0700312 0.0713706 0.0652112 0.0277688
0 0.481854 0.130481 0.900766 0.0690159
0 0.611001 0.611968 0.291466 0.196655
0 0.103913 0.802858 0.0592572 0.0084443
0 0.476184 0.209484 0.894528 0.0487171
0 0.578679 0.949984 0.221718 0.0211108
0 0.0905869 0.744641 0.105189 0.0108802
0 0.362206 0.948035 0.215197 0.0198116
0 0.119223 0.475235 0.163028 0.0326405
0 0.145733 0.952907 0.206408 0.0285807
0 0.812305 0.952095 0.212645 0.0276064
0 0.142472 0.700065 0.207258 0.0269568
0 0.108307 0.897044 0.128721 0.039948
0 0.362206 0.698035 0.211228 0.027444
0 0.102637 0.775171 0.134959 0.0368626
0 0.10292 0.331682 0.144032 0.168399
0 0.479019 0.467035 0.174369 0.0506658
0 0.104905 0.841588 0.13666 0.0608964
0 0.294443 0.467603 0.170967 0.051153
0 0.327474 0.389169 0.293167 0.0531017
0 0.82875 0.464761 0.170683 0.0470932
0 0.655656 0.46736 0.163595 0.0477428
0 0.693933 0.325593 0.432379 0.179604
0 0.32719 0.29685 0.292033 0.125041
0 0.845619 0.611075 0.139779 0.191621
0 0.699036 0.611562 0.138078 0.197467
0 0.552594 0.613024 0.149135 0.197791
0 0.256308 0.596298 0.433229 0.169211
0 0.39949 0.826892 0.142898 0.17733
0 0.251205 0.829003 0.142898 0.178629
0 0.69691 0.824294 0.434363 0.164664
