0 0.0875 0.6020833333333333 0.0828125 0.60625 0.1 0.6041666666666666 0.240625 0.5270833333333333 0.2578125 0.45625 0.21875 0.5125 0.1921875 0.5375
0 0.2375 0.03125 0.2390625 0.04583333333333333 0.2453125 0.03333333333333333 0.2640625 0.027083333333333334 0.30625 0.029166666666666667 0.3484375 0.04375 0.3734375 0.0625 0.53125 0.26875 0.5125 0.29791666666666666 0.5 0.28958333333333336 0.571875 0.3958333333333333 0.7 0.5270833333333333 0.7125 0.53125 0.734375 0.5604166666666667 0.7421875 0.5583333333333333 0.75 0.575 0.771875 0.5854166666666667 0.775 0.5979166666666667 0.7859375 0.6020833333333333 0.865625 0.6979166666666666 0.8828125 0.75625 0.88125 0.7979166666666667 0.8734375 0.8270833333333333 0.8296875 0.8854166666666666 0.8421875 0.8875 0.890625 0.8 0.8921875 0.74375 0.86875 0.6875 0.371875 0.04791666666666667 0.3328125 0.025 0.2671875 0.014583333333333334 0.25 0.016666666666666666
0 0.2046875 0.42291666666666666 0.2078125 0.5145833333333333 0.2171875 0.49583333333333335 0.240625 0.48125 0.2421875 0.46458333333333335 0.25625 0.46458333333333335 0.2640625 0.4125 0.259375 0.3458333333333333 0.2734375 0.26875 0.309375 0.23125 0.3125 0.21458333333333332 0.334375 0.18541666666666667 0.3265625 0.17083333333333334 0.325 0.12708333333333333 0.2890625 0.09791666666666667 0.246875 0.08333333333333333 0.240625 0.06875 0.228125 0.07916666666666666 0.2296875 0.23333333333333334 0.221875 0.2625 0.2171875 0.36875
0 0.228125 0.19166666666666668 0.228125 0.21458333333333332 0.2484375 0.24791666666666667 0.2515625 0.23958333333333334 0.2375 0.20208333333333334 0.246875 0.17291666666666666
0 0.2671875 0.09166666666666666 0.259375 0.09166666666666666 0.259375 0.11458333333333333 0.275 0.2875 0.2796875 0.22083333333333333
0 0.1890625 0.6416666666666667 0.1796875 0.825 0.19375 0.85 0.19375 0.8041666666666667 0.2171875 0.7395833333333334 0.2171875 0.6729166666666667 0.23125 0.6520833333333333 0.2484375 0.5979166666666667 0.2484375 0.5791666666666667 0.26875 0.53125 0.2796875 0.5208333333333334 0.2796875 0.50625 0.265625 0.49583333333333335 0.2625 0.47708333333333336 0.2546875 0.475 0.234375 0.51875 0.2203125 0.525 0.215625 0.5416666666666666 0.2 0.5520833333333334
0 0.2359375 0.825 0.2375 0.85625 0.2515625 0.85625 0.259375 0.8333333333333334 0.246875 0.80625 0.240625 0.8083333333333333
0 0.2734375 0.7375 0.271875 0.7479166666666667 0.3203125 0.7 0.309375 0.6979166666666666
0 0.33125 0.7729166666666667 0.334375 0.8354166666666667 0.3375 0.8479166666666667 0.3453125 0.8479166666666667 0.34375 0.8270833333333333 0.35625 0.8020833333333334 0.35625 0.7083333333333334 0.346875 0.71875
0 0.4171875 0.5291666666666667 0.41875 0.5395833333333333 0.434375 0.5166666666666667
0 0.7421875 0.7541666666666667 0.7453125 0.80625 0.778125 0.875 0.790625 0.86875 0.828125 0.8770833333333333 0.840625 0.8520833333333333 0.8625 0.83125 0.8796875 0.775 0.865625 0.70625 0.834375 0.6708333333333333 0.7953125 0.6729166666666667 0.775 0.6833333333333333 0.75625 0.7083333333333334
0 0.5359375 0.3 0.5234375 0.3125 0.53125 0.32916666666666666 0.546875 0.33541666666666664 0.5546875 0.36041666666666666 0.5796875 0.36875 0.578125 0.38125 0.584375 0.38125 0.584375 0.36041666666666666 0.5703125 0.3541666666666667 0.559375 0.31666666666666665 0.5359375 0.3104166666666667
0 0.45 0.47291666666666665 0.45 0.5020833333333333 0.4375 0.5333333333333333 0.4421875 0.5416666666666666 0.465625 0.5458333333333333 0.4671875 0.5333333333333333 0.4890625 0.525 0.4875 0.5166666666666667 0.4703125 0.5125 0.459375 0.49583333333333335 0.4625 0.46458333333333335
0 0.4421875 0.21666666666666667 0.4234375 0.21875 0.4234375 0.22916666666666666 0.43125 0.23333333333333334 0.4390625 0.2708333333333333 0.4546875 0.28125 0.453125 0.3125 0.4625 0.32708333333333334 0.453125 0.4583333333333333 0.4609375 0.45208333333333334 0.4734375 0.4708333333333333 0.484375 0.4666666666666667 0.4984375 0.4354166666666667 0.5453125 0.4354166666666667 0.546875 0.44166666666666665 0.5609375 0.43333333333333335 0.5921875 0.4354166666666667 0.5921875 0.41875 0.5828125 0.40208333333333335 0.5484375 0.36041666666666666 0.54375 0.36875 0.5375 0.35625 0.528125 0.35625 0.5046875 0.31666666666666665 0.4953125 0.3145833333333333 0.49375 0.29375 0.4765625 0.2833333333333333 0.478125 0.27291666666666664 0.4625 0.23541666666666666