0 0.416146 0.739583 0.0385417 0.0625 
0 0.0411458 0.2875 0.0395833 0.0616667 
0 0.615365 0.469167 0.0390625 0.0633333 
0 0.482552 0.90875 0.0432292 0.0675 
0 0.0682292 0.844167 0.040625 0.065 
0 0.947656 0.443333 0.0390625 0.0616667 
0 0.43151 0.729167 0.0401042 0.065 
0 0.669271 0.9 0.0385417 0.0616667 
0 0.775 0.77 0.0375 0.06 
0 0.21224 0.74625 0.0421875 0.0658333 
0 0.583073 0.459167 0.0390625 0.0633333 
0 0.439583 0.785833 0.0416667 0.065 
0 0.0809896 0.5025 0.0401042 0.0633333 
0 0.208594 0.14375 0.0401042 0.0641667 
0 0.35599 0.553333 0.0411458 0.0666667 
0 0.633073 0.747917 0.0390625 0.0625 
0 0.515365 0.265833 0.0390625 0.0633333 
