0 0.0328125 0.76375 0.040625 0.0675 
0 0.0429688 0.755 0.0411458 0.0666667 
0 0.273958 0.775 0.0427083 0.0683333 
0 0.864062 0.240833 0.040625 0.065 
0 0.198958 0.16375 0.0427083 0.0675 
0 0.0377604 0.35375 0.0432292 0.0675 
0 0.961719 0.0216667 0.0421875 0.0433333 
0 0.913021 0.0429167 0.040625 0.0658333 
0 0.984896 0.60875 0.0302083 0.0625 
0 0.585417 0.242917 0.0416667 0.0658333 
0 0.0565104 0.554583 0.0401042 0.0641667 
0 0.320573 0.706667 0.0442708 0.07 
0 0.757292 0.94 0.040625 0.065 
0 0.270573 0.93625 0.0432292 0.0675 
0 0.0119792 0.911667 0.0239583 0.0666667 
0 0.71224 0.72125 0.0411458 0.0658333 
0 0.514323 0.214583 0.0421875 0.0675 
0 0.514063 0.3575 0.0427083 0.0666667 
0 0.8875 0.729167 0.0458333 0.07 
0 0.834896 0.444167 0.040625 0.065 
0 0.76276 0.786667 0.0411458 0.0666667 
0 0.457292 0.330417 0.0416667 0.0658333 
0 0.986719 0.5625 0.0265625 0.0616667 
0 0.152344 0.926667 0.0411458 0.065 
0 0.690104 0.6475 0.0427083 0.0683333 
0 0.703125 0.923333 0.0416667 0.0666667 
0 0.527604 0.679167 0.040625 0.065 
0 0.666406 0.684583 0.0421875 0.0675 
0 0.978125 0.105833 0.040625 0.065 
0 0.576563 0.447917 0.0395833 0.0641667 
0 0.382292 0.578333 0.0395833 0.065 
0 0.304688 0.658333 0.040625 0.0666667 
0 0.0408854 0.502917 0.0432292 0.0691667 
0 0.604167 0.925833 0.0395833 0.065 
0 0.44375 0.294167 0.0416667 0.065 
0 0.435156 0.772917 0.0432292 0.0675 
0 0.784635 0.1175 0.0401042 0.0633333 
0 0.20651 0.314583 0.0421875 0.0675 
0 0.346094 0.442917 0.0411458 0.0658333 
0 0.972656 0.885417 0.0421875 0.0658333 
0 0.16849 0.134167 0.0421875 0.0683333 
0 0.259375 0.177083 0.0427083 0.0675 
0 0.182292 0.45 0.0416667 0.0666667 
0 0.619531 0.495833 0.0401042 0.065 
0 0.768229 0.515417 0.040625 0.0658333 
0 0.55 0.915833 0.0395833 0.065 
0 0.222656 0.68625 0.0421875 0.0658333 
0 0.0791667 0.7075 0.0416667 0.0683333 
0 0.180729 0.23375 0.0427083 0.0691667 
0 0.384115 0.261667 0.0421875 0.0666667 
0 0.734375 0.205 0.040625 0.065 
0 0.0591146 0.585417 0.0411458 0.0658333 
0 0.460938 0.555 0.0395833 0.0633333 
0 0.594531 0.6675 0.0390625 0.0633333 
0 0.94375 0.28 0.040625 0.065 
0 0.71875 0.465833 0.0395833 0.065 
