0 0.471615 0.330417 0.0411458 0.0658333 
0 0.989583 0.562917 0.0208333 0.0675 
0 0.315365 0.641667 0.0411458 0.065 
0 0.907812 0.3725 0.040625 0.065 
0 0.58776 0.8325 0.0421875 0.0683333 
0 0.141667 0.0254167 0.0427083 0.0508333 
0 0.671875 0.0816667 0.040625 0.065 
0 0.648438 0.16625 0.040625 0.0641667 
0 0.554688 0.269583 0.040625 0.0658333 
0 0.50651 0.334167 0.0411458 0.065 
0 0.0122396 0.4475 0.0244792 0.0666667 
0 0.0476562 0.458333 0.0411458 0.0666667 
0 0.0138021 0.55375 0.0276042 0.0625 
0 0.802604 0.520833 0.040625 0.065 
0 0.69375 0.85625 0.0416667 0.0675 
0 0.786719 0.186667 0.0411458 0.0633333 
0 0.0432292 0.5275 0.0416667 0.0666667 
0 0.252604 0.462917 0.0427083 0.0675 
0 0.794271 0.94125 0.0427083 0.0691667 
0 0.63125 0.77875 0.0416667 0.0675 
0 0.960938 0.42625 0.0385417 0.0625 
0 0.119271 0.970833 0.0416667 0.0583333 
0 0.24401 0.242917 0.0421875 0.0675 
0 0.206771 0.873333 0.040625 0.065 
