0 0.188281 0.95 0.0401042 0.0633333 
0 0.215885 0.42375 0.0401042 0.0641667 
0 0.714063 0.333333 0.0416667 0.0666667 
0 0.396875 0.949167 0.0427083 0.0683333 
0 0.872656 0.85125 0.0390625 0.0641667 
0 0.477344 0.170417 0.0401042 0.0641667 
0 0.740625 0.422917 0.040625 0.0675 
0 0.753646 0.483333 0.040625 0.0633333 
0 0.1375 0.27625 0.0395833 0.0641667 
0 0.711719 0.08 0.0411458 0.0666667 
0 0.428125 0.910417 0.0395833 0.0658333 
0 0.459635 0.45625 0.0401042 0.0641667 
0 0.466406 0.701667 0.0401042 0.065 
