0 0.598698 0.515833 0.0380208 0.0616667 
0 0.253906 0.04375 0.0411458 0.0675 
0 0.265365 0.4575 0.0390625 0.0616667 
0 0.426042 0.404167 0.040625 0.0633333 
0 0.503385 0.123333 0.0411458 0.0666667 
0 0.0445312 0.732083 0.0421875 0.0691667 
0 0.123958 0.585417 0.0385417 0.0625 
0 0.246875 0.130833 0.0416667 0.0666667 
0 0.585938 0.888333 0.0395833 0.0633333 
0 0.0666667 0.280417 0.040625 0.0658333 
0 0.230729 0.589167 0.0427083 0.0683333 
0 0.178906 0.44875 0.0380208 0.0625 
0 0.504687 0.190417 0.0395833 0.0641667 
0 0.639063 0.7475 0.040625 0.065 
0 0.310677 0.0504167 0.0421875 0.0658333 
