0 0.133854 0.798333 0.0416667 0.065 
0 0.427083 0.780417 0.0395833 0.0641667 
0 0.986979 0.544583 0.0260417 0.0658333 
0 0.470833 0.816667 0.0416667 0.0666667 
0 0.0651042 0.76875 0.0416667 0.0658333 
0 0.284115 0.490417 0.0401042 0.0658333 
0 0.302344 0.969167 0.0421875 0.0616667 
0 0.239323 0.395833 0.0401042 0.0633333 
0 0.614583 0.250417 0.0416667 0.0658333 
0 0.868229 0.035 0.040625 0.065 
0 0.36875 0.8125 0.0427083 0.0683333 
0 0.507292 0.323333 0.0395833 0.065 
0 0.980208 0.875 0.0375 0.065 
0 0.426562 0.109583 0.0395833 0.0641667 
0 0.986458 0.580833 0.0270833 0.065 
0 0.765885 0.252083 0.0401042 0.0641667 
0 0.561719 0.8625 0.0390625 0.0633333 
0 0.647917 0.450833 0.040625 0.065 
0 0.654688 0.636667 0.0416667 0.0666667 
0 0.678906 0.695833 0.0401042 0.065 
0 0.971875 0.4575 0.0395833 0.0616667 
0 0.101823 0.205 0.0411458 0.0666667 
0 0.040625 0.295417 0.0416667 0.0675 
0 0.126042 0.82625 0.0427083 0.0691667 
0 0.6375 0.525833 0.0385417 0.0616667 
0 0.953125 0.7875 0.040625 0.0666667 
0 0.91875 0.75125 0.040625 0.0641667 
0 0.644792 0.895 0.0416667 0.0666667 
0 0.209375 0.349167 0.0416667 0.065 
0 0.0263021 0.544167 0.0401042 0.065 
0 0.566406 0.35625 0.0390625 0.0625 
0 0.265885 0.175417 0.0390625 0.0625 
0 0.304427 0.884583 0.0411458 0.0658333 
0 0.83125 0.81375 0.0395833 0.0625 
0 0.853646 0.288333 0.040625 0.0666667 
0 0.320312 0.333333 0.0395833 0.065 
0 0.622656 0.73125 0.0401042 0.0625 
0 0.853125 0.671667 0.040625 0.0666667 
0 0.24349 0.966667 0.0411458 0.0666667 
0 0.64375 0.967917 0.040625 0.0641667 
