0 0.213542 0.0241667 0.0416667 0.0483333 
0 0.434635 0.322083 0.0411458 0.0675 
0 0.9625 0.292083 0.0395833 0.0625 
0 0.0138021 0.383333 0.0276042 0.07 
0 0.694792 0.175417 0.0416667 0.0658333 
0 0.991406 0.342917 0.0171875 0.0625 
0 0.241406 0.39875 0.0421875 0.0675 
0 0.834375 0.39125 0.040625 0.0658333 
0 0.198437 0.528333 0.040625 0.065 
0 0.642448 0.757083 0.0421875 0.0691667 
0 0.83125 0.140417 0.0395833 0.0641667 
0 0.0536458 0.0716667 0.0427083 0.0683333 
0 0.334115 0.596667 0.0421875 0.0666667 
0 0.153906 0.46125 0.0421875 0.0675 
0 0.824479 0.6525 0.040625 0.065 
0 0.50625 0.196667 0.0416667 0.0666667 
0 0.300521 0.165833 0.0427083 0.07 
0 0.511979 0.10625 0.040625 0.0658333 
0 0.550521 0.2075 0.040625 0.065 
0 0.269792 0.754583 0.0416667 0.0675 
0 0.239844 0.812917 0.0432292 0.0691667 
0 0.813021 0.41125 0.040625 0.0658333 
0 0.324479 0.664167 0.04375 0.0683333 
0 0.856771 0.330417 0.040625 0.0658333 
0 0.807813 0.9375 0.040625 0.0633333 
0 0.39349 0.289167 0.0411458 0.0666667 
0 0.921875 0.0479167 0.0395833 0.0641667 
0 0.921875 0.826667 0.040625 0.065 
0 0.796875 0.506667 0.0395833 0.0633333 
