0 0.944792 0.848333 0.04375 0.07 
0 0.179167 0.10375 0.04375 0.0691667 
0 0.601302 0.0341667 0.0432292 0.0683333 
0 0.0278646 0.755 0.0421875 0.0683333 
0 0.982292 0.895833 0.0354167 0.0683333 
0 0.302344 0.0341667 0.0442708 0.0683333 
0 0.485156 0.8875 0.0411458 0.0666667 
0 0.923958 0.279167 0.04375 0.07 
0 0.847917 0.105833 0.04375 0.0683333 
0 0.411198 0.37875 0.0401042 0.0641667 
0 0.892187 0.240417 0.046875 0.0725 
0 0.878906 0.28125 0.0421875 0.0691667 
0 0.559115 0.97375 0.0421875 0.0525 
0 0.252344 0.482917 0.0421875 0.0675 
0 0.655469 0.209583 0.0421875 0.0691667 
0 0.284896 0.599583 0.0427083 0.0675 
0 0.404167 0.453333 0.0416667 0.0666667 
0 0.621094 0.968333 0.0421875 0.0633333 
0 0.584375 0.602917 0.0416667 0.0675 
0 0.229427 0.0570833 0.0442708 0.0708333 
0 0.0403646 0.414583 0.0421875 0.0691667 
0 0.400781 0.79625 0.0421875 0.0675 
0 0.629427 0.5525 0.0421875 0.0683333 
0 0.307552 0.882917 0.0421875 0.0675 
0 0.54974 0.2925 0.0421875 0.0683333 
0 0.517969 0.0454167 0.0432292 0.0675 
