0 0.0106771 0.37875 0.0213542 0.0641667 
0 0.0835937 0.8725 0.0380208 0.0616667 
0 0.903125 0.0633333 0.0375 0.0616667 
0 0.885938 0.0175 0.0364583 0.035 
0 0.0596354 0.432917 0.0401042 0.0658333 
0 0.05625 0.13875 0.0416667 0.0675 
0 0.389844 0.550833 0.0380208 0.0616667 
0 0.600781 0.233333 0.0421875 0.0683333 
0 0.570833 0.35 0.0375 0.0616667 
0 0.723177 0.979167 0.0421875 0.0416667 
0 0.361458 0.23875 0.040625 0.0658333 
0 0.939062 0.970833 0.040625 0.0583333 
0 0.584896 0.025 0.040625 0.05 
0 0.501823 0.0208333 0.0380208 0.0416667 
0 0.483333 0.585417 0.040625 0.0658333 
0 0.842188 0.940833 0.040625 0.065 
0 0.659115 0.736667 0.0401042 0.065 
0 0.558333 0.381667 0.0375 0.0616667 
0 0.0898438 0.423333 0.0411458 0.0666667 
0 0.316406 0.60875 0.0390625 0.0641667 
0 0.217187 0.179167 0.0395833 0.0633333 
0 0.274219 0.0541667 0.0401042 0.065 
0 0.466927 0.121667 0.0390625 0.0633333 
0 0.622135 0.66 0.0411458 0.0633333 
0 0.434635 0.175 0.0401042 0.065 
0 0.747135 0.953333 0.0411458 0.065 
0 0.489844 0.103333 0.0390625 0.065 
0 0.890104 0.850833 0.040625 0.065 
0 0.530469 0.0779167 0.0390625 0.0625 
0 0.679688 0.05625 0.0395833 0.0641667 
0 0.361979 0.667917 0.0385417 0.0608333 
0 0.716667 0.487083 0.0395833 0.0641667 
0 0.472917 0.471667 0.0395833 0.0633333 
0 0.446094 0.230833 0.0401042 0.065 
0 0.622656 0.852917 0.0401042 0.0625 
0 0.977344 0.867917 0.0390625 0.0625 
