0 0.36849 0.419167 0.0411458 0.0666667 
0 0.946875 0.288333 0.040625 0.065 
0 0.0179687 0.976667 0.0359375 0.0466667 
0 0.5 0.9275 0.0395833 0.0616667 
0 0.0140625 0.91625 0.028125 0.0675 
0 0.0627604 0.932083 0.0442708 0.0708333 
0 0.201562 0.239583 0.0416667 0.0675 
0 0.910937 0.536667 0.040625 0.065 
0 0.767187 0.470833 0.0395833 0.065 
0 0.046875 0.275417 0.0416667 0.0675 
0 0.198698 0.0991667 0.0401042 0.065 
0 0.0861979 0.15375 0.0411458 0.0641667 
0 0.409375 0.111667 0.0416667 0.0666667 
0 0.511719 0.80625 0.0390625 0.0625 
0 0.563281 0.88 0.0401042 0.0633333 
0 0.289583 0.25625 0.0427083 0.0675 
0 0.0921875 0.04875 0.0416667 0.0675 
0 0.234896 0.348333 0.040625 0.065 
0 0.942187 0.759583 0.040625 0.0658333 
0 0.470313 0.379583 0.0395833 0.0641667 
0 0.807292 0.380417 0.0416667 0.0658333 
0 0.673958 0.598333 0.040625 0.0666667 
0 0.428125 0.455833 0.040625 0.065 
0 0.515625 0.0775 0.0416667 0.0666667 
0 0.765625 0.415 0.040625 0.065 
0 0.204427 0.28625 0.0411458 0.0658333 
0 0.763021 0.675 0.040625 0.0633333 
0 0.394271 0.860417 0.040625 0.0658333 
0 0.966667 0.587083 0.04375 0.0675 
0 0.445312 0.79875 0.0395833 0.0641667 
0 0.114583 0.892083 0.0427083 0.0691667 
0 0.885938 0.706667 0.040625 0.065 
