0 0.857813 0.237083 0.0427083 0.0675 
0 0.0875 0.771667 0.040625 0.0666667 
0 0.327865 0.0658333 0.0442708 0.07 
0 0.642708 0.452083 0.0416667 0.0675 
0 0.238802 0.400417 0.0401042 0.0641667 
0 0.409375 0.36 0.0395833 0.0633333 
0 0.598958 0.237083 0.040625 0.0658333 
0 0.39401 0.8425 0.0390625 0.0616667 
0 0.596615 0.9325 0.0401042 0.0633333 
0 0.447656 0.14625 0.0411458 0.0641667 
0 0.446094 0.1875 0.0401042 0.0633333 
0 0.41901 0.214583 0.0411458 0.0658333 
0 0.267188 0.683333 0.040625 0.0666667 
0 0.144531 0.90875 0.0401042 0.0641667 
