0 0.301042 0.02 0.0375 0.04 
0 0.570312 0.344167 0.0395833 0.065 
0 0.25651 0.905417 0.0401042 0.0641667 
0 0.948438 0.525 0.040625 0.065 
0 0.267969 0.962083 0.0401042 0.0625 
0 0.73151 0.645 0.0401042 0.065 
0 0.461719 0.698333 0.0401042 0.0633333 
0 0.685677 0.235833 0.0390625 0.0633333 
0 0.535156 0.7575 0.0401042 0.0633333 
0 0.549219 0.346667 0.0380208 0.0633333 
0 0.765885 0.460417 0.0401042 0.0641667 
0 0.0145833 0.517083 0.0291667 0.0641667 
0 0.65 0.522083 0.0395833 0.0641667 
0 0.555729 0.235833 0.0385417 0.0616667 
0 0.2875 0.665833 0.0395833 0.065 
0 0.850521 0.865 0.040625 0.065 
0 0.483333 0.280833 0.0375 0.06 
0 0.261458 0.122917 0.0395833 0.0641667 
0 0.0372396 0.71625 0.0401042 0.0625 
0 0.522135 0.125833 0.0401042 0.0616667 
0 0.0914062 0.889583 0.0401042 0.0641667 
0 0.483594 0.73125 0.0390625 0.0625 
0 0.439844 0.615417 0.0401042 0.0641667 
