0 0.367969 0.400417 0.0401042 0.0641667 
0 0.234896 0.10375 0.040625 0.0641667 
0 0.932813 0.173333 0.0427083 0.0683333 
0 0.988281 0.961667 0.0234375 0.06 
0 0.00833333 0.885833 0.0166667 0.07 
0 0.988542 0.907917 0.0229167 0.0625 
0 0.0731771 0.858333 0.0401042 0.0633333 
0 0.703646 0.34 0.040625 0.065 
0 0.794792 0.8125 0.0395833 0.0633333 
0 0.360156 0.962917 0.0421875 0.0675 
0 0.674479 0.125417 0.040625 0.0658333 
0 0.866406 0.73625 0.0421875 0.0658333 
0 0.0151042 0.665417 0.0302083 0.0658333 
0 0.54375 0.186667 0.0416667 0.0666667 
0 0.541927 0.295417 0.0421875 0.0675 
0 0.447135 0.342083 0.0411458 0.0658333 
0 0.841146 0.7975 0.040625 0.0666667 
0 0.953906 0.324167 0.0421875 0.0683333 
0 0.585417 0.445 0.040625 0.065 
0 0.355469 0.632917 0.0401042 0.0625 
0 0.38776 0.08625 0.0390625 0.0625 
