0 0.37526 0.548333 0.0421875 0.065 
0 0.671875 0.588333 0.0416667 0.065 
0 0.977604 0.197083 0.040625 0.0691667 
0 0.671354 0.895417 0.0427083 0.0675 
0 0.455208 0.197083 0.04375 0.0691667 
0 0.495313 0.975 0.0416667 0.05 
0 0.279687 0.865 0.040625 0.0633333 
0 0.910937 0.22 0.04375 0.0683333 
0 0.810417 0.291667 0.04375 0.0683333 
0 0.504687 0.785 0.040625 0.0666667 
0 0.632812 0.815833 0.040625 0.065 
0 0.353385 0.130417 0.0411458 0.0675 
0 0.302344 0.73 0.0390625 0.0633333 
0 0.634115 0.24625 0.0421875 0.0675 
