0 0.0291667 0.313333 0.040625 0.065 
0 0.340625 0.69 0.040625 0.065 
0 0.64375 0.424167 0.040625 0.065 
0 0.66901 0.625417 0.0390625 0.0625 
0 0.760156 0.979167 0.0390625 0.0416667 
0 0.179948 0.0575 0.0442708 0.07 
0 0.209635 0.321667 0.0421875 0.0683333 
0 0.815104 0.620833 0.040625 0.065 
0 0.755729 0.175833 0.040625 0.065 
0 0.848437 0.970833 0.040625 0.0583333 
0 0.0947917 0.920833 0.040625 0.065 
0 0.847656 0.339167 0.0421875 0.0666667 
0 0.350781 0.50375 0.0401042 0.0641667 
0 0.53151 0.760417 0.0411458 0.0658333 
0 0.365625 0.342917 0.0416667 0.0658333 
0 0.8375 0.2275 0.0395833 0.0616667 
0 0.748438 0.6375 0.040625 0.0633333 
0 0.0963542 0.544583 0.0395833 0.0641667 
0 0.0283854 0.926667 0.0401042 0.065 
0 0.161979 0.505 0.040625 0.065 
0 0.381771 0.375833 0.040625 0.065 
0 0.684115 0.159167 0.0390625 0.0616667 
0 0.0802083 0.6825 0.0395833 0.065 
