0 0.988021 0.270833 0.0239583 0.065 
0 0.33776 0.6275 0.0401042 0.0633333 
0 0.221094 0.860417 0.0380208 0.0625 
0 0.845312 0.84875 0.0427083 0.0691667 
0 0.146875 0.745833 0.040625 0.065 
0 0.8 0.863333 0.0395833 0.0633333 
0 0.581771 0.835 0.040625 0.065 
0 0.960938 0.889167 0.040625 0.065 
0 0.346094 0.330417 0.0411458 0.0658333 
0 0.433073 0.9275 0.0390625 0.0616667 
0 0.779427 0.110417 0.0411458 0.0658333 
0 0.572656 0.934583 0.0401042 0.0641667 
0 0.690104 0.635833 0.040625 0.065 
0 0.686719 0.265833 0.0401042 0.065 
0 0.01875 0.955833 0.0354167 0.065 
0 0.689323 0.939583 0.0421875 0.0658333 
0 0.705469 0.409167 0.0411458 0.065 
0 0.428906 0.3275 0.0401042 0.065 
0 0.419271 0.179167 0.040625 0.065 
0 0.784635 0.328333 0.0411458 0.0666667 
0 0.360677 0.2825 0.0401042 0.0633333 
0 0.306771 0.259583 0.040625 0.0641667 
0 0.177604 0.104583 0.040625 0.0641667 
0 0.467708 0.284583 0.040625 0.0641667 
0 0.251042 0.3675 0.0395833 0.065 
0 0.728646 0.230833 0.0385417 0.0616667 
0 0.667448 0.68 0.0421875 0.0666667 
0 0.907812 0.79375 0.0427083 0.0658333 
0 0.261979 0.94375 0.0395833 0.0625 
