0 0.971354 0.94375 0.040625 0.0658333 
0 0.935938 0.0191667 0.0385417 0.0383333 
0 0.263542 0.51875 0.0395833 0.0625 
0 0.164323 0.324167 0.0401042 0.065 
0 0.726562 0.12 0.040625 0.0666667 
0 0.160677 0.87375 0.0380208 0.0608333 
0 0.846875 0.266667 0.0416667 0.0666667 
0 0.86875 0.504583 0.0395833 0.0641667 
0 0.11276 0.915833 0.0380208 0.0616667 
0 0.520052 0.38875 0.0380208 0.0625 
0 0.891406 0.279167 0.0390625 0.0633333 
0 0.71875 0.213333 0.0416667 0.0666667 
0 0.879687 0.0708333 0.0427083 0.0683333 
0 0.885938 0.485 0.040625 0.065 
0 0.932813 0.563333 0.040625 0.065 
0 0.778125 0.169167 0.0416667 0.0683333 
