0 0.440104 0.67875 0.040625 0.0658333 
0 0.34974 0.3025 0.0411458 0.065 
0 0.733073 0.135417 0.0432292 0.0691667 
0 0.975 0.132917 0.0395833 0.0658333 
0 0.328906 0.302083 0.0401042 0.0641667 
0 0.797396 0.74875 0.0395833 0.0625 
0 0.672656 0.96 0.0401042 0.0633333 
0 0.422917 0.483333 0.0375 0.06 
0 0.665625 0.246667 0.0416667 0.0666667 
0 0.184115 0.425417 0.0359375 0.0575 
0 0.448438 0.197917 0.0416667 0.0658333 
0 0.680208 0.319167 0.0416667 0.065 
0 0.945312 0.76625 0.040625 0.0641667 
0 0.754687 0.319583 0.0416667 0.0658333 
0 0.388281 0.905 0.0390625 0.0633333 
0 0.224479 0.6125 0.0385417 0.0616667 
0 0.482031 0.52875 0.0390625 0.0641667 
0 0.45651 0.665 0.0401042 0.065 
0 0.907812 0.617917 0.0427083 0.0675 
0 0.831771 0.5825 0.040625 0.065 
0 0.758333 0.7075 0.0395833 0.0633333 
0 0.882031 0.747917 0.0390625 0.0625 
0 0.319271 0.85125 0.0395833 0.0641667 
0 0.907812 0.380417 0.0385417 0.0641667 
0 0.171875 0.744583 0.040625 0.0641667 
0 0.201562 0.0508333 0.040625 0.065 
0 0.8375 0.255417 0.04375 0.0691667 
