0 0.64349 0.05375 0.0390625 0.0625 
0 0.378906 0.434583 0.0390625 0.0625 
0 0.986458 0.0304167 0.0270833 0.0608333 
0 0.536198 0.0654167 0.0390625 0.0608333 
0 0.370833 0.474583 0.0385417 0.0625 
0 0.514583 0.0270833 0.0375 0.0541667 
0 0.170052 0.258333 0.0390625 0.0633333 
0 0.711979 0.150833 0.0385417 0.0633333 
0 0.59349 0.353333 0.0401042 0.0633333 
0 0.170573 0.37875 0.0401042 0.0641667 
0 0.623438 0.03 0.0385417 0.06 
0 0.177604 0.691667 0.0395833 0.065 
0 0.660677 0.724583 0.0359375 0.0575 
0 0.0799479 0.0383333 0.0401042 0.0633333 
0 0.0885417 0.15 0.0385417 0.06 
0 0.402083 0.49125 0.0385417 0.0625 
0 0.870313 0.4 0.0375 0.0616667 
0 0.201562 0.27625 0.0385417 0.0625 
0 0.858854 0.731667 0.040625 0.065 
