0 0.884896 0.53125 0.040625 0.0658333 
0 0.899219 0.593333 0.0421875 0.0666667 
0 0.0440104 0.462083 0.0390625 0.0625 
0 0.439323 0.20625 0.0359375 0.0608333 
0 0.895312 0.680417 0.0427083 0.0658333 
0 0.513542 0.585 0.0395833 0.065 
0 0.596875 0.185833 0.040625 0.065 
0 0.892187 0.951667 0.040625 0.0633333 
0 0.909375 0.570417 0.0395833 0.0641667 
0 0.929167 0.344167 0.04375 0.0683333 
0 0.71224 0.325 0.0401042 0.065 
0 0.957812 0.26 0.0427083 0.0683333 
0 0.816927 0.844583 0.0390625 0.0641667 
0 0.378646 0.504583 0.040625 0.0658333 
0 0.900781 0.0308333 0.0421875 0.0616667 
0 0.947656 0.775 0.0390625 0.0633333 
0 0.695312 0.74625 0.0385417 0.0608333 
0 0.619531 0.777917 0.0390625 0.0625 
0 0.28151 0.899583 0.0421875 0.0675 
0 0.928125 0.6225 0.040625 0.0683333 
0 0.515625 0.45 0.0364583 0.06 
0 0.298698 0.588333 0.0411458 0.065 
0 0.569271 0.429583 0.040625 0.0658333 
0 0.197135 0.6775 0.0390625 0.0616667 
0 0.425781 0.231667 0.0411458 0.065 
