0 0.00833333 0.85125 0.0166667 0.0641667 
0 0.0973958 0.103333 0.040625 0.065 
0 0.235938 0.95125 0.040625 0.0658333 
0 0.115104 0.139167 0.0416667 0.065 
0 0.401302 0.9025 0.0401042 0.065 
0 0.317969 0.56875 0.0421875 0.0658333 
0 0.292188 0.491667 0.040625 0.065 
0 0.888021 0.95875 0.040625 0.0658333 
0 0.472396 0.950833 0.040625 0.065 
0 0.903906 0.20125 0.0421875 0.0675 
0 0.105469 0.804583 0.0421875 0.0675 
0 0.171615 0.0370833 0.0390625 0.0608333 
0 0.252083 0.237083 0.040625 0.0658333 
0 0.179688 0.0745833 0.0416667 0.0658333 
0 0.307552 0.532083 0.0411458 0.0675 
0 0.509115 0.94625 0.0411458 0.0675 
0 0.211979 0.165417 0.040625 0.0658333 
