0 0.11875 0.0341667 0.0427083 0.0666667 
0 0.0713542 0.364167 0.0395833 0.0633333 
0 0.95625 0.164167 0.040625 0.065 
0 0.289844 0.976667 0.0432292 0.0466667 
0 0.689844 0.372083 0.0390625 0.0625 
0 0.609635 0.335417 0.0411458 0.0658333 
0 0.328906 0.86375 0.0432292 0.0691667 
0 0.872656 0.56 0.0421875 0.0666667 
0 0.425 0.15375 0.0416667 0.0658333 
0 0.78125 0.83375 0.040625 0.0658333 
0 0.743229 0.643333 0.040625 0.065 
0 0.104948 0.423333 0.0421875 0.0666667 
0 0.0322917 0.350833 0.0416667 0.0683333 
0 0.971875 0.845 0.0395833 0.065 
0 0.275521 0.7775 0.0427083 0.0683333 
0 0.514583 0.746667 0.0416667 0.0666667 
0 0.757552 0.479583 0.0390625 0.0625 
0 0.948438 0.943333 0.040625 0.0666667 
0 0.954687 0.816667 0.040625 0.065 
0 0.121615 0.927083 0.0432292 0.0675 
0 0.0546875 0.200833 0.040625 0.065 
0 0.234375 0.82 0.0416667 0.0666667 
0 0.863021 0.17375 0.040625 0.0658333 
0 0.544792 0.62375 0.0416667 0.0658333 
0 0.874219 0.834583 0.0390625 0.0625 
