0 0.340104 0.0216667 0.0385417 0.0433333 
0 0.700521 0.592917 0.040625 0.0658333 
0 0.36875 0.699583 0.040625 0.0675 
0 0.230729 0.565 0.0416667 0.0666667 
0 0.923958 0.570833 0.04375 0.07 
0 0.73099 0.38 0.0421875 0.0666667 
0 0.0174479 0.26625 0.0348958 0.0658333 
0 0.116146 0.242083 0.040625 0.0641667 
0 0.791406 0.23 0.0421875 0.0666667 
0 0.788802 0.95875 0.0432292 0.0691667 
0 0.808854 0.2175 0.0416667 0.065 
0 0.0979167 0.78 0.04375 0.0666667 
0 0.335417 0.362917 0.0395833 0.0641667 
0 0.790104 0.426667 0.0427083 0.0683333 
0 0.252083 0.505833 0.0427083 0.0683333 
0 0.871875 0.805 0.04375 0.07 
0 0.351302 0.959583 0.0421875 0.0675 
0 0.542188 0.165417 0.0395833 0.0641667 
0 0.403125 0.399583 0.0395833 0.0625 
0 0.0148437 0.58 0.0296875 0.0666667 
0 0.946094 0.660417 0.0421875 0.0675 
0 0.13151 0.33125 0.0421875 0.0675 
0 0.383073 0.224167 0.0401042 0.065 
0 0.815625 0.67125 0.0416667 0.0675 
0 0.859375 0.39625 0.040625 0.0658333 
0 0.657812 0.148333 0.0427083 0.0666667 
0 0.598958 0.852083 0.040625 0.0675 
0 0.0869792 0.84875 0.040625 0.0641667 
0 0.0453125 0.20625 0.0427083 0.0675 
0 0.334115 0.585 0.0432292 0.0666667 
0 0.572135 0.845833 0.0390625 0.0616667 
0 0.466667 0.217917 0.0395833 0.0641667 
0 0.515625 0.0916667 0.0416667 0.0666667 
