0 0.577344 0.129583 0.0411458 0.0658333 
0 0.409375 0.848333 0.040625 0.065 
0 0.74974 0.19625 0.0421875 0.0658333 
0 0.578125 0.165 0.040625 0.0633333 
0 0.305729 0.9225 0.0395833 0.0616667 
0 0.285156 0.09375 0.0421875 0.0675 
0 0.23776 0.594167 0.0401042 0.0633333 
0 0.246615 0.7875 0.0411458 0.065 
0 0.102604 0.88875 0.040625 0.0658333 
0 0.921875 0.824167 0.0395833 0.065 
0 0.824479 0.357083 0.040625 0.0625 
0 0.0651042 0.790833 0.04375 0.0683333 
0 0.025 0.48875 0.040625 0.0675 
0 0.0960938 0.0904167 0.0421875 0.0658333 
0 0.708594 0.240833 0.0401042 0.0633333 
0 0.130729 0.618333 0.040625 0.065 
0 0.808594 0.0316667 0.0411458 0.0633333 
