0 0.932813 0.732917 0.0427083 0.0691667 
0 0.0648438 0.34875 0.0411458 0.0658333 
0 0.00885417 0.15 0.0177083 0.065 
0 0.23724 0.356667 0.0411458 0.0666667 
0 0.275521 0.69125 0.0416667 0.0658333 
0 0.61849 0.5975 0.0421875 0.0683333 
0 0.833594 0.865 0.0421875 0.065 
0 0.0197917 0.936667 0.0375 0.0666667 
0 0.084375 0.9475 0.0416667 0.0666667 
0 0.103125 0.72 0.0416667 0.0666667 
0 0.559115 0.769583 0.0421875 0.0675 
0 0.119531 0.0858333 0.0411458 0.065 
0 0.317187 0.414167 0.040625 0.0633333 
0 0.784375 0.274167 0.040625 0.065 
0 0.398177 0.95375 0.0432292 0.0675 
0 0.682552 0.752917 0.0421875 0.0675 
0 0.0421875 0.866667 0.0416667 0.0666667 
0 0.35599 0.83875 0.0401042 0.0625 
0 0.559375 0.397917 0.0395833 0.0625 
0 0.402604 0.313333 0.040625 0.065 
0 0.557292 0.65375 0.040625 0.0641667 
0 0.934375 0.425833 0.040625 0.065 
0 0.381771 0.189583 0.040625 0.0641667 
0 0.664583 0.65 0.040625 0.065 
0 0.441406 0.844167 0.0401042 0.065 
0 0.758594 0.186667 0.0401042 0.065 
