0 0.316927 0.31125 0.0421875 0.0675 
0 0.0794271 0.4325 0.0401042 0.065 
0 0.477604 0.5425 0.040625 0.0666667 
0 0.617708 0.193333 0.0395833 0.0633333 
0 0.747396 0.515417 0.040625 0.0641667 
0 0.0851562 0.114583 0.0380208 0.0608333 
0 0.921875 0.935 0.040625 0.0633333 
0 0.840104 0.60625 0.040625 0.0641667 
0 0.9 0.21625 0.0395833 0.0658333 
0 0.610937 0.669167 0.040625 0.065 
0 0.392708 0.19875 0.0395833 0.0625 
0 0.315104 0.77375 0.0416667 0.0658333 
0 0.188542 0.195833 0.0395833 0.0616667 
0 0.975 0.821667 0.040625 0.065 
0 0.534896 0.525417 0.0385417 0.0625 
0 0.629687 0.28375 0.0416667 0.0658333 
0 0.738021 0.835833 0.040625 0.065 
0 0.0184896 0.401667 0.0369792 0.0633333 
0 0.821875 0.157083 0.0416667 0.0658333 
0 0.152083 0.840417 0.0416667 0.0658333 
0 0.173177 0.587083 0.0380208 0.0608333 
0 0.7375 0.12 0.0395833 0.0633333 
0 0.974219 0.595 0.0421875 0.0666667 
0 0.806771 0.86125 0.0395833 0.0641667 
0 0.964063 0.537917 0.0385417 0.0641667 
0 0.120052 0.955 0.0390625 0.0633333 
0 0.729167 0.477917 0.0416667 0.0658333 
0 0.327865 0.124167 0.0390625 0.0633333 
0 0.10599 0.262917 0.0401042 0.0641667 
0 0.40651 0.774167 0.0411458 0.065 
0 0.929688 0.242083 0.0385417 0.0658333 
0 0.1875 0.272917 0.0395833 0.0641667 
0 0.432552 0.115417 0.0380208 0.0608333 
0 0.272396 0.565 0.0395833 0.0633333 
0 0.726042 0.0525 0.0395833 0.0633333 
