0 0.722656 0.60375 0.0401042 0.0641667 
0 0.229948 0.1475 0.0421875 0.0666667 
0 0.509375 0.981667 0.0416667 0.0366667 
0 0.989583 0.53 0.0208333 0.0633333 
0 0.477604 0.939167 0.040625 0.065 
0 0.484115 0.3525 0.0411458 0.065 
0 0.5375 0.145 0.0395833 0.0666667 
0 0.878125 0.0320833 0.040625 0.0641667 
0 0.0192708 0.115833 0.0385417 0.0683333 
0 0.0276042 0.738333 0.0395833 0.065 
0 0.366146 0.45625 0.040625 0.0675 
0 0.366406 0.92 0.0421875 0.0666667 
0 0.0755208 0.696667 0.040625 0.065 
0 0.475521 0.581667 0.040625 0.065 
0 0.645052 0.974167 0.0432292 0.0516667 
0 0.309635 0.575 0.0411458 0.0666667 
0 0.0221354 0.51375 0.0411458 0.0675 
0 0.226562 0.755833 0.040625 0.065 
0 0.532812 0.779583 0.0385417 0.0641667 
0 0.478906 0.634583 0.0411458 0.0675 
0 0.804688 0.925 0.0375 0.0616667 
0 0.290625 0.658333 0.0427083 0.07 
0 0.0190104 0.580833 0.0380208 0.0666667 
0 0.884375 0.63625 0.0395833 0.0641667 
0 0.0971354 0.184167 0.0432292 0.0683333 
0 0.121615 0.212917 0.0421875 0.0658333 
0 0.121094 0.43375 0.0421875 0.0675 
0 0.789583 0.73375 0.0395833 0.0641667 
0 0.534375 0.392083 0.0416667 0.0675 
0 0.378385 0.09625 0.0432292 0.0691667 
0 0.08125 0.57625 0.0416667 0.0675 
0 0.251563 0.395417 0.040625 0.0658333 
0 0.169271 0.469583 0.040625 0.0658333 
0 0.51901 0.329583 0.0401042 0.0641667 
0 0.724219 0.43375 0.0401042 0.0641667 
0 0.652083 0.215417 0.040625 0.0658333 
0 0.342187 0.193333 0.0427083 0.0666667 
0 0.41901 0.677083 0.0411458 0.0675 
0 0.166927 0.336667 0.0411458 0.0666667 
0 0.936719 0.234167 0.0390625 0.0633333 
0 0.557813 0.347083 0.0416667 0.0658333 
0 0.611458 0.172917 0.0395833 0.0658333 
0 0.260938 0.79375 0.040625 0.0641667 
