0 0.0976562 0.448333 0.0401042 0.0633333 
0 0.321615 0.540833 0.0401042 0.0633333 
0 0.95 0.88375 0.040625 0.0641667 
0 0.603385 0.526667 0.0401042 0.0633333 
0 0.836979 0.120833 0.040625 0.0666667 
0 0.836979 0.9 0.040625 0.065 
0 0.270312 0.72 0.040625 0.065 
0 0.794531 0.363333 0.0421875 0.0683333 
0 0.702604 0.969583 0.040625 0.0608333 
0 0.0325521 0.0216667 0.0411458 0.0433333 
0 0.54974 0.67625 0.0421875 0.0658333 
0 0.432813 0.11875 0.040625 0.0658333 
0 0.494531 0.592917 0.0421875 0.0675 
0 0.857813 0.762917 0.0427083 0.0675 
0 0.38099 0.250833 0.0401042 0.065 
0 0.581771 0.342917 0.0385417 0.0625 
0 0.971875 0.719167 0.0395833 0.0616667 
0 0.721354 0.397083 0.040625 0.0641667 
0 0.484115 0.47375 0.0390625 0.0625 
