0 0.666406 0.980417 0.0380208 0.0391667 
0 0.957812 0.541667 0.040625 0.0666667 
0 0.14349 0.134167 0.0421875 0.0666667 
0 0.692448 0.526667 0.0390625 0.0633333 
0 0.279427 0.0466667 0.0411458 0.0666667 
0 0.51224 0.702083 0.0390625 0.0625 
0 0.0885417 0.9425 0.040625 0.065 
0 0.5 0.850833 0.0416667 0.065 
0 0.109635 0.554167 0.0401042 0.065 
0 0.974479 0.297083 0.040625 0.0658333 
0 0.588542 0.72125 0.0395833 0.0625 
0 0.407031 0.91875 0.0390625 0.0608333 
0 0.902604 0.14375 0.040625 0.0658333 
0 0.494531 0.348333 0.0411458 0.0666667 
0 0.482031 0.679583 0.0401042 0.0641667 
0 0.553385 0.24875 0.0421875 0.0691667 
0 0.367708 0.519583 0.0395833 0.0641667 
0 0.132552 0.663333 0.0411458 0.065 
0 0.121354 0.164583 0.0427083 0.0675 
0 0.898438 0.572083 0.040625 0.0658333 
0 0.968229 0.779167 0.040625 0.065 
0 0.357812 0.210833 0.040625 0.0666667 
0 0.939062 0.324167 0.040625 0.065 
0 0.383594 0.559583 0.0380208 0.0625 
0 0.982031 0.886667 0.0359375 0.0633333 
0 0.190885 0.349583 0.0411458 0.0658333 
0 0.336198 0.59125 0.0390625 0.0641667 
0 0.132552 0.342917 0.0421875 0.0675 
0 0.726562 0.4275 0.0395833 0.0633333 
0 0.185937 0.527083 0.040625 0.0641667 
0 0.166667 0.207083 0.0416667 0.0675 
