0 0.1125 0.274167 0.0416667 0.0666667 
0 0.715104 0.183333 0.040625 0.065 
0 0.495313 0.65625 0.040625 0.0625 
0 0.708333 0.981667 0.0416667 0.0366667 
0 0.0364583 0.401667 0.0416667 0.0666667 
0 0.293229 0.795 0.0395833 0.065 
0 0.309375 0.635833 0.0395833 0.065 
0 0.105729 0.833333 0.040625 0.065 
0 0.009375 0.606667 0.01875 0.0683333 
0 0.546094 0.339167 0.0390625 0.0633333 
0 0.693229 0.0295833 0.040625 0.0591667 
0 0.590104 0.179167 0.040625 0.065 
0 0.371875 0.85875 0.0395833 0.0625 
0 0.201302 0.94 0.0411458 0.065 
0 0.917188 0.13875 0.0427083 0.0658333 
0 0.0666667 0.2325 0.04375 0.0683333 
0 0.364844 0.185833 0.0390625 0.0633333 
0 0.677083 0.679167 0.040625 0.065 
0 0.66849 0.215417 0.0401042 0.0641667 
0 0.697135 0.740417 0.0411458 0.0658333 
0 0.923437 0.96625 0.04375 0.0675 
0 0.285156 0.90125 0.0390625 0.0641667 
0 0.491667 0.820833 0.0416667 0.065 
0 0.538021 0.17125 0.040625 0.0658333 
0 0.492188 0.876667 0.0416667 0.0666667 
0 0.530208 0.96125 0.040625 0.0658333 
0 0.445052 0.621667 0.0390625 0.0633333 
0 0.202344 0.112083 0.0421875 0.0675 
0 0.420312 0.11375 0.040625 0.0641667 
0 0.015625 0.28375 0.03125 0.0641667 
0 0.906771 0.644167 0.040625 0.065 
0 0.626562 0.447917 0.040625 0.0641667 
0 0.153906 0.559583 0.0411458 0.0658333 
0 0.492448 0.6975 0.0390625 0.0616667 
0 0.928125 0.102917 0.0395833 0.0641667 
0 0.234896 0.477917 0.040625 0.0625 
0 0.832031 0.94125 0.0421875 0.0658333 
0 0.161198 0.510833 0.0390625 0.0616667 
0 0.0833333 0.435 0.0416667 0.065 
0 0.259635 0.716667 0.0411458 0.065 
0 0.671875 0.89125 0.0427083 0.0691667 
0 0.920833 0.792917 0.04375 0.0675 
0 0.933594 0.88375 0.0421875 0.0691667 
