0 0.0851562 0.09625 0.0442708 0.0708333 
0 0.747135 0.61875 0.0411458 0.0675 
0 0.935938 0.329583 0.0427083 0.0675 
0 0.16224 0.94375 0.0421875 0.0658333 
0 0.655208 0.505417 0.04375 0.0691667 
0 0.0213542 0.242083 0.040625 0.0691667 
0 0.990104 0.645833 0.0197917 0.0683333 
0 0.975781 0.37125 0.0421875 0.0675 
0 0.821875 0.87625 0.04375 0.0691667 
0 0.542708 0.222917 0.04375 0.0675 
0 0.871875 0.8025 0.0416667 0.0666667 
0 0.310156 0.967917 0.0421875 0.0641667 
0 0.625 0.608333 0.0416667 0.0666667 
0 0.248177 0.715 0.0411458 0.065 
0 0.0625 0.095 0.0458333 0.0716667 
0 0.769792 0.93875 0.040625 0.0641667 
0 0.729688 0.610417 0.0416667 0.0675 
0 0.900781 0.175833 0.0421875 0.07 
0 0.440625 0.912083 0.0416667 0.0675 
0 0.694271 0.885833 0.0427083 0.0683333 
0 0.29375 0.175833 0.04375 0.07 
0 0.690365 0.799583 0.0421875 0.0675 
0 0.75625 0.45375 0.0416667 0.0675 
0 0.0213542 0.811667 0.0395833 0.0666667 
0 0.0184896 0.639583 0.0369792 0.0675 
0 0.649479 0.0970833 0.0427083 0.0691667 
0 0.30651 0.89375 0.0432292 0.0675 
0 0.279687 0.547917 0.0416667 0.0675 
0 0.981771 0.285833 0.0364583 0.0683333 
0 0.26276 0.8225 0.0411458 0.0666667 
0 0.0679687 0.349583 0.0432292 0.0691667 
0 0.59349 0.565 0.0421875 0.0666667 
0 0.591406 0.35875 0.0421875 0.0675 
0 0.0414063 0.56 0.0411458 0.0666667 
0 0.101562 0.646667 0.0427083 0.07 
0 0.391406 0.32875 0.0421875 0.0691667 
0 0.766927 0.520417 0.0421875 0.0658333 
0 0.691406 0.970417 0.0432292 0.0591667 
0 0.14401 0.328333 0.0453125 0.0716667 
0 0.110417 0.489167 0.0427083 0.0683333 
0 0.705469 0.568333 0.0411458 0.0666667 
0 0.340625 0.89625 0.0416667 0.0675 
0 0.479688 0.198333 0.0427083 0.0666667 
0 0.526302 0.408333 0.0421875 0.0666667 
0 0.380729 0.950417 0.040625 0.0658333 
0 0.792708 0.744583 0.0416667 0.0675 
0 0.335677 0.456667 0.0411458 0.065 
0 0.0481771 0.897917 0.0432292 0.0675 
0 0.71849 0.198333 0.0411458 0.0666667 
0 0.208594 0.0420833 0.0421875 0.0675 
0 0.307813 0.425833 0.0427083 0.0666667 
0 0.846094 0.29375 0.0421875 0.0675 
0 0.189583 0.715 0.0427083 0.0666667 
0 0.698958 0.696667 0.04375 0.07 
0 0.769531 0.377917 0.0411458 0.0675 
0 0.511719 0.615 0.0411458 0.0666667 
0 0.832812 0.935833 0.040625 0.065 
0 0.692969 0.250833 0.0432292 0.07 
0 0.627083 0.285833 0.0416667 0.0666667 
0 0.865625 0.585 0.0395833 0.0633333 
0 0.408333 0.246667 0.0416667 0.0666667 
0 0.32474 0.255 0.0411458 0.0666667 
