0 0.0179687 0.422917 0.0348958 0.0641667 
0 0.00885417 0.353333 0.0177083 0.0666667 
0 0.558854 0.0425 0.040625 0.0666667 
0 0.0195312 0.74375 0.0390625 0.0641667 
0 0.977604 0.89375 0.034375 0.0625 
0 0.982292 0.93125 0.0354167 0.0625 
0 0.159896 0.855833 0.040625 0.065 
0 0.138542 0.980833 0.040625 0.0383333 
0 0.604948 0.43125 0.0421875 0.0691667 
0 0.95625 0.277917 0.04375 0.0691667 
0 0.684115 0.269583 0.0401042 0.0641667 
0 0.0921875 0.657917 0.0416667 0.0675 
0 0.241406 0.970417 0.0421875 0.0591667 
0 0.228906 0.716667 0.0411458 0.0666667 
0 0.405469 0.96375 0.0411458 0.0658333 
0 0.858854 0.0266667 0.040625 0.0533333 
0 0.757292 0.8825 0.040625 0.0633333 
0 0.139844 0.37625 0.0411458 0.0658333 
0 0.142969 0.680833 0.0401042 0.065 
0 0.135156 0.726667 0.0421875 0.0666667 
0 0.192969 0.943333 0.0401042 0.065 
0 0.805469 0.531667 0.0421875 0.0666667 
0 0.669531 0.8425 0.0411458 0.065 
0 0.75 0.129583 0.040625 0.0658333 
0 0.0510417 0.358333 0.0395833 0.065 
0 0.021875 0.968333 0.0385417 0.0633333 
0 0.81849 0.1775 0.0411458 0.065 
0 0.783594 0.795417 0.0411458 0.0658333 
0 0.935938 0.501667 0.04375 0.0683333 
0 0.524479 0.51 0.040625 0.065 
0 0.233594 0.452917 0.0401042 0.0658333 
0 0.210417 0.12375 0.0416667 0.0658333 
0 0.333073 0.6725 0.0401042 0.0616667 
0 0.365885 0.28 0.0411458 0.0666667 
0 0.96875 0.805833 0.040625 0.065 
0 0.871094 0.275417 0.0421875 0.0675 
0 0.585156 0.875 0.0421875 0.0666667 
0 0.259115 0.589583 0.0401042 0.0641667 
0 0.607031 0.880417 0.0401042 0.0641667 
0 0.447135 0.9325 0.0421875 0.0683333 
0 0.494531 0.94625 0.0421875 0.0675 
0 0.930729 0.795833 0.040625 0.065 
0 0.690885 0.0279167 0.0390625 0.0558333 
0 0.659635 0.955833 0.0401042 0.065 
0 0.290625 0.5875 0.040625 0.0666667 
0 0.2125 0.78375 0.0416667 0.0658333 
0 0.95625 0.581667 0.0416667 0.0683333 
0 0.258073 0.9175 0.0411458 0.065 
0 0.096875 0.59625 0.040625 0.0641667 
0 0.329167 0.151667 0.0416667 0.065 
0 0.175 0.641667 0.0395833 0.065 
0 0.251563 0.40625 0.0385417 0.0625 
0 0.23099 0.35625 0.0411458 0.0658333 
0 0.804688 0.452083 0.040625 0.0641667 
0 0.0283854 0.275833 0.0411458 0.065 
0 0.361719 0.147917 0.0411458 0.0675 
0 0.501562 0.23 0.0416667 0.0666667 
0 0.492708 0.35625 0.0416667 0.0675 
0 0.622135 0.0654167 0.0411458 0.0675 
0 0.56901 0.710417 0.0411458 0.0658333 
0 0.917708 0.0341667 0.04375 0.0683333 
0 0.369271 0.978333 0.040625 0.0433333 
0 0.457031 0.364583 0.0380208 0.0625 
0 0.715625 0.819167 0.040625 0.065 
0 0.85625 0.1125 0.0416667 0.0683333 
0 0.0523437 0.96875 0.0421875 0.0625 
0 0.336198 0.83 0.0421875 0.0666667 
0 0.808594 0.343333 0.0421875 0.0666667 
0 0.468229 0.855 0.0427083 0.0666667 
0 0.965104 0.427083 0.040625 0.0641667 
0 0.7625 0.52625 0.0416667 0.0658333 
0 0.858854 0.415 0.040625 0.0666667 
0 0.414583 0.628333 0.0416667 0.0666667 
0 0.295573 0.208333 0.0411458 0.0666667 
0 0.157813 0.49 0.0385417 0.0633333 
