0 0.525 0.1675 0.040625 0.065 
0 0.870313 0.055 0.04375 0.0683333 
0 0.146354 0.8325 0.040625 0.0666667 
0 0.795052 0.257917 0.0442708 0.0708333 
0 0.452083 0.460417 0.040625 0.0658333 
0 0.673958 0.969583 0.0416667 0.0608333 
0 0.634115 0.494167 0.0411458 0.0666667 
0 0.870833 0.916667 0.04375 0.07 
0 0.60625 0.21625 0.0416667 0.0675 
0 0.838542 0.139583 0.04375 0.0691667 
0 0.0710938 0.52375 0.0390625 0.0625 
0 0.607292 0.164583 0.04375 0.0691667 
0 0.61901 0.83375 0.0421875 0.0675 
0 0.816146 0.396667 0.0427083 0.07 
0 0.451562 0.823333 0.0395833 0.065 
0 0.835417 0.0583333 0.04375 0.07 
0 0.93125 0.233333 0.04375 0.07 
0 0.429688 0.869167 0.04375 0.07 
0 0.467969 0.312917 0.0421875 0.0675 
0 0.149479 0.703333 0.040625 0.065 
0 0.727865 0.298333 0.0411458 0.065 
0 0.270573 0.19625 0.0411458 0.0658333 
0 0.433854 0.75625 0.040625 0.0675 
0 0.227865 0.709167 0.0421875 0.065 
0 0.0424479 0.22875 0.0380208 0.0608333 
0 0.243229 0.575833 0.040625 0.065 
