0 0.79401 0.315417 0.0411458 0.0658333 
0 0.573177 0.615833 0.0380208 0.0616667 
0 0.932813 0.0929167 0.0489583 0.0758333 
0 0.263542 0.200417 0.0416667 0.0658333 
0 0.215104 0.174583 0.0416667 0.0675 
0 0.122917 0.78 0.0385417 0.0616667 
0 0.161458 0.492083 0.0395833 0.0641667 
0 0.567187 0.0929167 0.0427083 0.0675 
0 0.096875 0.69875 0.0395833 0.0625 
0 0.0765625 0.86125 0.0375 0.0608333 
0 0.257812 0.8125 0.0375 0.06 
0 0.471094 0.185 0.0411458 0.0666667 
0 0.132812 0.847083 0.0385417 0.0625 
