0 0.0109375 0.712083 0.021875 0.0691667 
0 0.988542 0.36125 0.0229167 0.0675 
0 0.310156 0.03 0.0401042 0.06 
0 0.44375 0.13375 0.0416667 0.0658333 
0 0.708333 0.614167 0.04375 0.0683333 
0 0.0255208 0.820833 0.0395833 0.065 
0 0.194531 0.483333 0.0411458 0.0666667 
0 0.238021 0.780833 0.040625 0.065 
0 0.778385 0.575417 0.0421875 0.0675 
0 0.642708 0.055 0.0395833 0.0633333 
0 0.480729 0.29875 0.040625 0.0658333 
0 0.981771 0.53 0.0364583 0.065 
0 0.725 0.60625 0.040625 0.0658333 
0 0.764063 0.915 0.0427083 0.0666667 
0 0.907812 0.585833 0.040625 0.065 
0 0.867969 0.52 0.0421875 0.0666667 
0 0.452865 0.825833 0.0411458 0.065 
0 0.453125 0.435 0.0416667 0.065 
0 0.524219 0.852083 0.0421875 0.0675 
0 0.335938 0.447083 0.0416667 0.0675 
