0 0.776563 0.22 0.04375 0.07 
0 0.0192708 0.216667 0.0375 0.0633333 
0 0.536979 0.385417 0.040625 0.0641667 
0 0.0703125 0.68375 0.0416667 0.0675 
0 0.0986979 0.953333 0.0401042 0.065 
0 0.215885 0.395 0.0411458 0.065 
0 0.710156 0.173333 0.0421875 0.0683333 
0 0.563281 0.0283333 0.0411458 0.0566667 
0 0.386458 0.287083 0.0416667 0.0675 
0 0.580729 0.5875 0.040625 0.0666667 
0 0.560156 0.144167 0.0390625 0.0633333 
0 0.284375 0.0941667 0.040625 0.065 
0 0.586719 0.461667 0.0401042 0.0633333 
0 0.813281 0.110833 0.0421875 0.0666667 
0 0.360417 0.447917 0.0395833 0.0625 
0 0.303385 0.570417 0.0401042 0.0641667 
0 0.169271 0.8375 0.040625 0.0666667 
0 0.603906 0.799583 0.0390625 0.0641667 
0 0.453906 0.534167 0.0401042 0.065 
0 0.319531 0.619167 0.0411458 0.065 
0 0.961979 0.186667 0.040625 0.0666667 
0 0.403125 0.789583 0.0416667 0.0675 
0 0.867969 0.765 0.0421875 0.0666667 
0 0.636458 0.29 0.0395833 0.065 
0 0.485417 0.489583 0.0395833 0.0641667 
0 0.547656 0.76875 0.0401042 0.0641667 
0 0.95625 0.114583 0.040625 0.0641667 
0 0.70026 0.926667 0.0421875 0.0666667 
0 0.277083 0.905 0.0395833 0.065 
0 0.742188 0.145417 0.0427083 0.0675 
0 0.465104 0.86875 0.040625 0.0658333 
0 0.307031 0.2325 0.0401042 0.0633333 
