0 0.530208 0.0183333 0.040625 0.0366667 
0 0.9125 0.245833 0.040625 0.0683333 
0 0.0851562 0.82625 0.0411458 0.0658333 
0 0.85 0.587917 0.0416667 0.0691667 
0 0.510156 0.065 0.0432292 0.0683333 
0 0.760156 0.22875 0.0411458 0.0675 
0 0.975 0.66375 0.0395833 0.0691667 
0 0.782552 0.29375 0.0411458 0.0675 
0 0.926562 0.26875 0.0427083 0.0658333 
0 0.565625 0.386667 0.040625 0.065 
0 0.9125 0.976667 0.0416667 0.0466667 
0 0.642969 0.954583 0.0401042 0.0641667 
0 0.892187 0.264167 0.0427083 0.0666667 
0 0.771615 0.317917 0.0421875 0.0675 
0 0.301823 0.77875 0.0421875 0.0675 
0 0.180208 0.6575 0.040625 0.065 
0 0.615625 0.6975 0.040625 0.065 
0 0.311198 0.162917 0.0411458 0.0658333 
0 0.755729 0.355833 0.040625 0.065 
0 0.988021 0.430417 0.0239583 0.0641667 
0 0.861719 0.857083 0.0421875 0.0675 
0 0.218229 0.105 0.0395833 0.065 
0 0.21875 0.372917 0.040625 0.0641667 
0 0.0859375 0.225 0.0395833 0.0633333 
0 0.0513021 0.72375 0.0390625 0.0641667 
0 0.05 0.795833 0.0395833 0.065 
0 0.55625 0.972917 0.0416667 0.0541667 
0 0.531771 0.44 0.040625 0.065 
0 0.248437 0.319583 0.0385417 0.0625 
0 0.0815104 0.3125 0.0401042 0.065 
0 0.401042 0.77625 0.0385417 0.0641667 
0 0.34349 0.489583 0.0401042 0.0641667 
0 0.35 0.855833 0.040625 0.065 
0 0.176042 0.472083 0.0416667 0.0675 
0 0.873438 0.744167 0.040625 0.065 
0 0.844271 0.3975 0.040625 0.065 
0 0.628125 0.852083 0.0416667 0.0691667 
0 0.61901 0.356667 0.0411458 0.0666667 
0 0.783073 0.495 0.0401042 0.065 
0 0.710156 0.352083 0.0421875 0.0675 
0 0.702344 0.44625 0.0411458 0.0675 
0 0.259896 0.787917 0.040625 0.0675 
