0 0.0411458 0.725 0.0427083 0.0683333 
0 0.676562 0.317083 0.0385417 0.0625 
0 0.418229 0.69125 0.0427083 0.0691667 
0 0.978646 0.464167 0.040625 0.0683333 
0 0.203385 0.89 0.0421875 0.0666667 
0 0.4375 0.0979167 0.0427083 0.0691667 
0 0.191406 0.4125 0.0421875 0.0683333 
0 0.0257812 0.294167 0.0421875 0.0683333 
0 0.463542 0.0516667 0.04375 0.07 
0 0.428906 0.43625 0.0411458 0.0675 
0 0.694271 0.534167 0.040625 0.065 
0 0.284375 0.21875 0.04375 0.0708333 
0 0.154948 0.69125 0.0442708 0.0708333 
0 0.25651 0.791667 0.0432292 0.07 
0 0.610417 0.49 0.0416667 0.0666667 
0 0.308854 0.0633333 0.0447917 0.0716667 
