0 0.154948 0.25125 0.0411458 0.0658333 
0 0.239063 0.025 0.040625 0.05 
0 0.0710938 0.495833 0.0411458 0.0666667 
0 0.372135 0.420833 0.0390625 0.0633333 
0 0.51849 0.780417 0.0411458 0.0658333 
0 0.277083 0.765417 0.0427083 0.0675 
0 0.240625 0.451667 0.040625 0.0666667 
0 0.397396 0.4575 0.040625 0.065 
0 0.576042 0.562917 0.040625 0.0658333 
0 0.407031 0.536667 0.0421875 0.0666667 
0 0.315625 0.1 0.0416667 0.0666667 
0 0.292188 0.395 0.040625 0.065 
0 0.982031 0.119167 0.0359375 0.06 
0 0.832812 0.53875 0.040625 0.0641667 
0 0.221615 0.801667 0.0411458 0.0666667 
0 0.241146 0.593333 0.0395833 0.0633333 
0 0.142188 0.581667 0.0395833 0.0633333 
0 0.385938 0.229167 0.040625 0.065 
0 0.673958 0.5925 0.0416667 0.065 
0 0.858594 0.645 0.0390625 0.0633333 
0 0.710156 0.385417 0.0380208 0.0608333 
0 0.63151 0.647917 0.0390625 0.0625 
0 0.495052 0.33375 0.0390625 0.0625 
0 0.584115 0.885417 0.0401042 0.0641667 
