0 0.908333 0.457917 0.0375 0.0608333 
0 0.450521 0.8475 0.0385417 0.0616667 
0 0.298177 0.340833 0.0421875 0.0666667 
0 0.248698 0.494167 0.0380208 0.06 
0 0.489844 0.983333 0.0369792 0.0333333 
0 0.302344 0.454583 0.0411458 0.0658333 
0 0.630208 0.735833 0.0395833 0.065 
0 0.901563 0.640833 0.0364583 0.0583333 
0 0.386198 0.46875 0.0390625 0.0625 
0 0.455729 0.8625 0.0385417 0.0616667 
0 0.478906 0.90625 0.0380208 0.0608333 
0 0.0117188 0.0725 0.0234375 0.0666667 
0 0.797917 0.70375 0.0375 0.0608333 
0 0.0132813 0.234583 0.0255208 0.0641667 
0 0.3375 0.644583 0.0395833 0.0641667 
0 0.133594 0.634167 0.0401042 0.065 
0 0.110417 0.342083 0.0395833 0.0641667 
0 0.277344 0.42375 0.0380208 0.0625 
0 0.315625 0.6575 0.0395833 0.0633333 
0 0.176042 0.91375 0.0375 0.0608333 
0 0.8 0.2 0.0395833 0.065 
0 0.641667 0.864167 0.0375 0.0616667 
0 0.41224 0.725 0.0380208 0.0633333 
0 0.05 0.0879167 0.0427083 0.0675 
0 0.661458 0.745833 0.0375 0.06 
0 0.869531 0.372083 0.0390625 0.0608333 
0 0.720833 0.705 0.0375 0.06 
0 0.629687 0.283333 0.0385417 0.0633333 
0 0.113021 0.232917 0.040625 0.0658333 
0 0.723177 0.326667 0.0390625 0.0633333 
0 0.578906 0.269167 0.0401042 0.065 
0 0.115365 0.710833 0.0390625 0.0616667 
