0 0.502344 0.0233333 0.0411458 0.0466667 
0 0.944271 0.0654167 0.040625 0.0675 
0 0.159375 0.775 0.0395833 0.0633333 
0 0.415104 0.5825 0.0375 0.0616667 
0 0.591406 0.718333 0.0401042 0.065 
0 0.401563 0.25875 0.0427083 0.0691667 
0 0.990104 0.169583 0.0197917 0.0641667 
0 0.817187 0.962083 0.0427083 0.0675 
0 0.123958 0.07625 0.040625 0.0641667 
0 0.842188 0.425 0.0385417 0.0633333 
0 0.409375 0.938333 0.0395833 0.0633333 
0 0.536458 0.285 0.0416667 0.0666667 
0 0.377083 0.304167 0.0395833 0.0633333 
0 0.628906 0.289583 0.0390625 0.0641667 
0 0.26875 0.209583 0.0416667 0.0658333 
0 0.313021 0.750833 0.040625 0.065 
0 0.0773437 0.335 0.0390625 0.0633333 
0 0.905729 0.263333 0.040625 0.0666667 
0 0.942187 0.739583 0.040625 0.0641667 
0 0.853125 0.635417 0.040625 0.0658333 
0 0.90625 0.640417 0.040625 0.0658333 
0 0.671875 0.324583 0.0395833 0.0641667 
0 0.757812 0.20375 0.0385417 0.0641667 
0 0.933854 0.55 0.040625 0.065 
