0 0.821875 0.115417 0.04375 0.0691667 
0 0.685938 0.635833 0.040625 0.065 
0 0.246094 0.738333 0.0421875 0.0666667 
0 0.689323 0.735 0.0390625 0.0633333 
0 0.0908854 0.0391667 0.0411458 0.0666667 
0 0.123177 0.622917 0.0380208 0.0608333 
0 0.576302 0.487083 0.0390625 0.0641667 
0 0.975 0.861667 0.0395833 0.065 
0 0.670313 0.66875 0.0416667 0.0675 
0 0.770833 0.2725 0.0416667 0.065 
0 0.0195312 0.94 0.0369792 0.0633333 
0 0.297135 0.18375 0.0411458 0.0658333 
0 0.0122396 0.0558333 0.0244792 0.0666667 
0 0.636979 0.0879167 0.040625 0.0658333 
0 0.216667 0.3275 0.0385417 0.0616667 
0 0.463281 0.974167 0.0421875 0.0516667 
0 0.318229 0.679583 0.0427083 0.0675 
0 0.257812 0.229583 0.0395833 0.0641667 
0 0.397135 0.895 0.0411458 0.0666667 
0 0.838542 0.29375 0.04375 0.0691667 
0 0.465625 0.306667 0.0395833 0.065 
0 0.875 0.762083 0.0416667 0.0675 
0 0.328646 0.5375 0.0395833 0.0633333 
0 0.32526 0.238333 0.0411458 0.0666667 
0 0.428646 0.26 0.040625 0.065 
0 0.752344 0.702917 0.0421875 0.0675 
0 0.559375 0.159167 0.0416667 0.065 
0 0.66875 0.772083 0.0416667 0.0675 
0 0.780469 0.195833 0.0411458 0.065 
0 0.866146 0.275417 0.040625 0.0658333 
0 0.409635 0.478333 0.0390625 0.0616667 
0 0.30625 0.720417 0.0416667 0.0658333 
0 0.526042 0.05125 0.0395833 0.0641667 
0 0.569271 0.973333 0.040625 0.0533333 
0 0.852604 0.395 0.040625 0.065 
0 0.730729 0.973333 0.040625 0.0533333 
0 0.157031 0.497083 0.0390625 0.0625 
0 0.328125 0.46625 0.0395833 0.0641667 
0 0.902344 0.568333 0.0421875 0.0666667 
