0 0.983854 0.316667 0.0322917 0.0666667 
0 0.549219 0.33875 0.0401042 0.0625 
0 0.266927 0.576667 0.0401042 0.0633333 
0 0.184635 0.32 0.0421875 0.0666667 
0 0.39349 0.02125 0.0390625 0.0425 
0 0.0617188 0.328333 0.0411458 0.0666667 
0 0.275521 0.338333 0.0395833 0.0633333 
0 0.365625 0.38625 0.040625 0.0641667 
0 0.053125 0.612083 0.0395833 0.0641667 
0 0.622917 0.653333 0.040625 0.0633333 
0 0.0973958 0.893333 0.040625 0.065 
0 0.13151 0.08625 0.0421875 0.0675 
0 0.52474 0.0958333 0.0401042 0.065 
0 0.160677 0.192083 0.0411458 0.0675 
0 0.0166667 0.43375 0.0333333 0.0658333 
0 0.359115 0.797083 0.0442708 0.0708333 
0 0.824219 0.54625 0.0421875 0.0675 
0 0.552865 0.860417 0.0411458 0.0675 
0 0.603125 0.89875 0.040625 0.0658333 
0 0.704167 0.185833 0.0395833 0.065 
0 0.493229 0.508333 0.040625 0.065 
0 0.956771 0.876667 0.040625 0.065 
0 0.978125 0.439167 0.040625 0.065 
0 0.374219 0.907917 0.0421875 0.0691667 
0 0.573698 0.05625 0.0380208 0.0625 
0 0.56276 0.505 0.0401042 0.065 
0 0.895312 0.365 0.0385417 0.0633333 
0 0.273698 0.0291667 0.0411458 0.0583333 
0 0.324479 0.4 0.0395833 0.065 
0 0.883594 0.760417 0.0390625 0.0641667 
0 0.69401 0.5175 0.0421875 0.0666667 
0 0.876562 0.97125 0.040625 0.0575 
0 0.517969 0.4325 0.0411458 0.0666667 
0 0.103906 0.48375 0.0411458 0.0675 
0 0.416406 0.035 0.0390625 0.0633333 
0 0.54401 0.96625 0.0411458 0.0658333 
0 0.573177 0.225 0.0390625 0.0633333 
0 0.736458 0.510833 0.0416667 0.065 
0 0.523438 0.605833 0.0416667 0.065 
0 0.458333 0.584583 0.040625 0.0658333 
0 0.61849 0.7525 0.0411458 0.0666667 
0 0.749479 0.847917 0.040625 0.0675 
0 0.949219 0.348333 0.0421875 0.0683333 
