0 0.523177 0.454167 0.0390625 0.0616667 
0 0.973437 0.833333 0.0385417 0.0633333 
0 0.85625 0.385417 0.040625 0.0641667 
0 0.446875 0.566667 0.0395833 0.0633333 
0 0.326562 0.85375 0.0395833 0.0641667 
0 0.879687 0.898333 0.040625 0.0666667 
0 0.0132813 0.697083 0.0265625 0.0691667 
0 0.0145833 0.75375 0.0291667 0.0641667 
0 0.860156 0.28 0.0390625 0.0633333 
0 0.486458 0.137917 0.0395833 0.0641667 
0 0.315885 0.720833 0.0401042 0.065 
0 0.339323 0.0916667 0.0411458 0.065 
0 0.0171875 0.931667 0.034375 0.07 
0 0.504167 0.25375 0.0416667 0.0675 
0 0.179167 0.66375 0.0427083 0.0691667 
0 0.495573 0.783333 0.0390625 0.0633333 
0 0.227344 0.5525 0.0421875 0.0683333 
0 0.429688 0.745417 0.040625 0.0658333 
0 0.932813 0.85875 0.0385417 0.0641667 
0 0.0317708 0.545417 0.0416667 0.0675 
0 0.593229 0.376667 0.040625 0.065 
0 0.447396 0.710833 0.040625 0.065 
0 0.346615 0.959167 0.0411458 0.065 
0 0.734115 0.456667 0.0411458 0.065 
0 0.214323 0.487917 0.0401042 0.0641667 
0 0.485417 0.868333 0.0395833 0.0633333 
0 0.0330729 0.747917 0.0432292 0.0691667 
0 0.257812 0.798333 0.040625 0.065 
0 0.832812 0.634583 0.0385417 0.0641667 
0 0.683594 0.69875 0.0421875 0.0658333 
0 0.347656 0.26375 0.0401042 0.0641667 
0 0.0700521 0.252083 0.0401042 0.0641667 
0 0.54974 0.68625 0.0390625 0.0641667 
0 0.221615 0.33125 0.0401042 0.0625 
0 0.836979 0.223333 0.040625 0.0666667 
