0 0.233854 0.106667 0.040625 0.065 
0 0.132812 0.652917 0.0385417 0.0625 
0 0.790104 0.0375 0.0385417 0.0616667 
0 0.853906 0.976667 0.0421875 0.0466667 
0 0.804167 0.04 0.0385417 0.0633333 
0 0.163542 0.3975 0.040625 0.065 
0 0.278385 0.577917 0.0411458 0.0675 
0 0.786198 0.07375 0.0369792 0.0591667 
0 0.0690104 0.820417 0.0421875 0.0658333 
0 0.819792 0.144167 0.0375 0.0583333 
0 0.257552 0.969583 0.0411458 0.0608333 
0 0.198698 0.565833 0.0411458 0.0666667 
0 0.9875 0.0525 0.025 0.0583333 
0 0.73724 0.52 0.0390625 0.065 
0 0.107031 0.609167 0.0401042 0.065 
0 0.152865 0.328333 0.0411458 0.065 
0 0.778125 0.8875 0.0416667 0.0683333 
0 0.478646 0.621667 0.040625 0.0666667 
0 0.58099 0.460833 0.0401042 0.065 
0 0.797396 0.545 0.040625 0.065 
0 0.799479 0.908333 0.0427083 0.07 
0 0.504948 0.228333 0.0390625 0.065 
0 0.22474 0.908333 0.0401042 0.065 
