0 0.0984375 0.559583 0.040625 0.0641667 
0 0.296094 0.802083 0.0421875 0.0675 
0 0.352604 0.634167 0.040625 0.065 
0 0.820833 0.897917 0.0427083 0.0675 
0 0.230469 0.18875 0.0421875 0.0675 
0 0.442708 0.610833 0.040625 0.065 
0 0.386458 0.978333 0.04375 0.0433333 
0 0.51849 0.0508333 0.0421875 0.0716667 
0 0.352083 0.777083 0.0427083 0.0691667 
0 0.0778646 0.5825 0.0401042 0.065 
0 0.159635 0.0458333 0.0401042 0.065 
0 0.491406 0.06375 0.0421875 0.0691667 
0 0.463281 0.0466667 0.0432292 0.07 
0 0.325521 0.02875 0.040625 0.0575 
0 0.0132813 0.733333 0.0265625 0.0666667 
0 0.305729 0.245833 0.0427083 0.0683333 
0 0.13724 0.857083 0.0421875 0.0675 
0 0.75625 0.36375 0.0416667 0.0675 
0 0.838021 0.382083 0.040625 0.0658333 
0 0.423958 0.269583 0.0416667 0.0675 
0 0.783594 0.550417 0.0421875 0.0658333 
0 0.960938 0.335833 0.0427083 0.065 
0 0.425781 0.464167 0.0401042 0.065 
0 0.390104 0.806667 0.040625 0.065 
0 0.79974 0.60875 0.0411458 0.0658333 
0 0.764844 0.927917 0.0421875 0.0691667 
0 0.0377604 0.296667 0.0411458 0.0666667 
0 0.751562 0.157083 0.0427083 0.0691667 
0 0.315365 0.337083 0.0401042 0.0658333 
0 0.604948 0.20875 0.0432292 0.0691667 
0 0.330729 0.290833 0.040625 0.065 
0 0.808854 0.02875 0.040625 0.0575 
0 0.759375 0.245417 0.0416667 0.0658333 
0 0.863542 0.30625 0.04375 0.0675 
0 0.91875 0.215 0.040625 0.0666667 
0 0.705469 0.257917 0.0421875 0.0675 
0 0.68125 0.729583 0.0416667 0.0675 
0 0.770312 0.39375 0.040625 0.0641667 
0 0.960156 0.175 0.0421875 0.0666667 
0 0.559115 0.9225 0.0421875 0.0683333 
0 0.946094 0.104167 0.0421875 0.0666667 
