0 0.290885 0.534167 0.0411458 0.065 
0 0.954167 0.742917 0.04375 0.0691667 
0 0.226042 0.8025 0.0395833 0.065 
0 0.0101562 0.97625 0.0203125 0.0475 
0 0.302083 0.0191667 0.040625 0.0383333 
0 0.185677 0.614167 0.0401042 0.065 
0 0.633073 0.837083 0.0442708 0.0708333 
0 0.458594 0.976667 0.0421875 0.0466667 
0 0.874219 0.582917 0.0421875 0.0675 
0 0.251042 0.0329167 0.0427083 0.0658333 
0 0.306771 0.715 0.0416667 0.0683333 
0 0.652604 0.945833 0.0427083 0.0683333 
0 0.655469 0.595 0.0421875 0.0666667 
0 0.513281 0.8575 0.0432292 0.0683333 
0 0.896354 0.605 0.040625 0.0666667 
0 0.0117188 0.4575 0.0234375 0.0633333 
0 0.907812 0.645833 0.04375 0.07 
0 0.958854 0.395833 0.040625 0.065 
0 0.908594 0.862917 0.0421875 0.0675 
0 0.176042 0.6975 0.0416667 0.0683333 
0 0.982031 0.1225 0.0359375 0.0666667 
0 0.414583 0.965833 0.040625 0.065 
0 0.0588542 0.957917 0.0385417 0.0625 
0 0.4875 0.280833 0.0395833 0.065 
0 0.113281 0.975833 0.0421875 0.0483333 
0 0.706771 0.1425 0.040625 0.065 
0 0.790104 0.74 0.0447917 0.07 
0 0.579687 0.820833 0.0427083 0.0683333 
0 0.496354 0.535833 0.040625 0.0633333 
0 0.448958 0.87625 0.0416667 0.0658333 
0 0.0458333 0.28875 0.040625 0.0658333 
0 0.820573 0.564167 0.0432292 0.0683333 
0 0.659635 0.3875 0.0411458 0.0683333 
0 0.0596354 0.46375 0.0390625 0.0625 
0 0.0794271 0.7725 0.0421875 0.0683333 
0 0.673698 0.24625 0.0432292 0.0675 
0 0.7375 0.183333 0.0385417 0.0616667 
0 0.605469 0.14 0.0432292 0.0666667 
0 0.971094 0.59375 0.0421875 0.0675 
0 0.896094 0.945 0.0421875 0.0666667 
0 0.402865 0.6725 0.0411458 0.0666667 
0 0.363542 0.89625 0.0416667 0.0675 
0 0.975521 0.41625 0.040625 0.0658333 
0 0.878125 0.26125 0.0416667 0.0675 
0 0.613281 0.26375 0.0401042 0.0641667 
0 0.325521 0.9575 0.0416667 0.0683333 
0 0.561719 0.412917 0.0432292 0.0691667 
0 0.677604 0.161667 0.040625 0.0666667 
0 0.882031 0.92125 0.0421875 0.0691667 
0 0.507552 0.8925 0.0432292 0.07 
0 0.108854 0.799583 0.0427083 0.0658333 
0 0.569792 0.564583 0.0395833 0.0641667 
0 0.556771 0.87 0.0427083 0.0666667 
0 0.765885 0.0520833 0.0411458 0.0658333 
0 0.316406 0.11625 0.0411458 0.0658333 
0 0.202083 0.286667 0.040625 0.0633333 
0 0.0419271 0.165833 0.0411458 0.065 
0 0.86875 0.75125 0.04375 0.0691667 
0 0.482031 0.135833 0.0411458 0.065 
0 0.0588542 0.244583 0.0385417 0.0625 
0 0.65625 0.658333 0.0416667 0.0666667 
0 0.880469 0.11875 0.0421875 0.0675 
0 0.644531 0.73125 0.0411458 0.0658333 
0 0.0703125 0.0875 0.040625 0.065 
0 0.944792 0.834583 0.04375 0.0675 
0 0.192969 0.80375 0.0411458 0.0658333 
0 0.804427 0.862917 0.0411458 0.0675 
0 0.598698 0.9075 0.0442708 0.0683333 
0 0.252865 0.649167 0.0401042 0.065 
