0 0.295052 0.520833 0.0421875 0.0666667 
0 0.473698 0.100833 0.0369792 0.06 
0 0.209896 0.91 0.0416667 0.0666667 
0 0.11901 0.90625 0.0380208 0.0625 
0 0.446875 0.79375 0.0385417 0.0625 
0 0.21901 0.0366667 0.0390625 0.0616667 
0 0.822396 0.187917 0.040625 0.0641667 
0 0.142448 0.736667 0.0421875 0.0666667 
0 0.11276 0.6775 0.0401042 0.0633333 
0 0.69349 0.482917 0.0390625 0.0625 
0 0.93125 0.272917 0.040625 0.0658333 
0 0.383854 0.759583 0.0385417 0.0625 
0 0.7625 0.92125 0.0375 0.0608333 
0 0.01875 0.155833 0.0375 0.0616667 
0 0.359375 0.968333 0.0395833 0.0633333 
0 0.227344 0.08625 0.0401042 0.0658333 
0 0.183854 0.470833 0.0395833 0.0633333 
0 0.0632813 0.194167 0.0390625 0.0633333 
0 0.247135 0.840833 0.0390625 0.0616667 
0 0.533333 0.724167 0.040625 0.065 
0 0.367708 0.487917 0.0395833 0.0658333 
0 0.721094 0.857917 0.0390625 0.0625 
0 0.836979 0.269167 0.040625 0.0666667 
0 0.211979 0.63 0.0416667 0.0666667 
0 0.10651 0.45625 0.0390625 0.0625 
0 0.945312 0.9125 0.0385417 0.0616667 
