0 0.115885 0.591667 0.0411458 0.0666667 
0 0.931771 0.142083 0.040625 0.0641667 
0 0.846875 0.501667 0.040625 0.065 
0 0.366146 0.207917 0.0416667 0.0675 
0 0.9375 0.184583 0.040625 0.0641667 
0 0.464063 0.504583 0.0385417 0.0641667 
0 0.229427 0.300417 0.0411458 0.0658333 
0 0.715365 0.945417 0.0411458 0.0658333 
0 0.290625 0.490833 0.0416667 0.065 
0 0.651563 0.253333 0.040625 0.065 
0 0.421354 0.530833 0.040625 0.065 
0 0.764063 0.912083 0.0427083 0.0675 
0 0.460156 0.04125 0.0390625 0.0641667 
0 0.804427 0.92 0.0390625 0.0633333 
0 0.0507812 0.529583 0.0421875 0.0675 
0 0.861979 0.277083 0.040625 0.0658333 
0 0.571615 0.702917 0.0421875 0.0675 
0 0.201042 0.230833 0.0395833 0.065 
0 0.109375 0.914167 0.040625 0.065 
0 0.11875 0.31 0.040625 0.065 
0 0.983333 0.41875 0.0333333 0.0675 
0 0.253646 0.205417 0.0416667 0.0675 
0 0.601562 0.161667 0.0395833 0.065 
0 0.452344 0.79625 0.0442708 0.0708333 
0 0.688542 0.442083 0.0395833 0.0641667 
0 0.133073 0.0620833 0.0390625 0.0625 
0 0.125781 0.725833 0.0411458 0.065 
0 0.832031 0.333333 0.0421875 0.0666667 
0 0.33151 0.635833 0.0421875 0.065 
0 0.263021 0.41 0.0395833 0.0633333 
0 0.533333 0.8325 0.0395833 0.065 
0 0.741667 0.785 0.0416667 0.0666667 
0 0.271875 0.365417 0.040625 0.0658333 
0 0.0588542 0.645417 0.0427083 0.0675 
0 0.534375 0.207917 0.0395833 0.0625 
0 0.503125 0.275 0.0395833 0.0633333 
