0 0.109896 0.813333 0.0416667 0.0666667 
0 0.878125 0.971667 0.0395833 0.0566667 
0 0.541667 0.378333 0.0416667 0.0666667 
0 0.542708 0.0254167 0.040625 0.0508333 
0 0.0757812 0.605 0.0390625 0.0633333 
0 0.0325521 0.303333 0.0411458 0.0666667 
0 0.659635 0.414167 0.0401042 0.065 
0 0.390625 0.480417 0.0416667 0.0658333 
0 0.625521 0.766667 0.040625 0.0666667 
0 0.907031 0.134583 0.0390625 0.0641667 
0 0.399479 0.326667 0.040625 0.065 
0 0.906771 0.52625 0.040625 0.0658333 
0 0.283073 0.559167 0.0411458 0.065 
0 0.420573 0.134167 0.0411458 0.065 
0 0.759375 0.682083 0.0416667 0.0675 
0 0.274479 0.6875 0.040625 0.0666667 
0 0.0502604 0.317083 0.0401042 0.0658333 
0 0.798698 0.457917 0.0421875 0.0675 
0 0.645573 0.459167 0.0432292 0.0683333 
0 0.965625 0.957083 0.0416667 0.0675 
0 0.163021 0.520417 0.040625 0.0658333 
0 0.600521 0.230833 0.040625 0.065 
0 0.610156 0.395833 0.0432292 0.0683333 
0 0.18724 0.212083 0.0401042 0.0641667 
0 0.146615 0.54375 0.0411458 0.0625 
0 0.10026 0.2 0.0411458 0.0666667 
0 0.972656 0.584583 0.0421875 0.0675 
0 0.747917 0.252917 0.0395833 0.0641667 
0 0.864062 0.255833 0.0385417 0.0616667 
0 0.190365 0.51375 0.0411458 0.0658333 
0 0.834375 0.862917 0.0416667 0.0691667 
0 0.760417 0.355833 0.0416667 0.0666667 
0 0.931771 0.676667 0.040625 0.065 
0 0.502083 0.950417 0.040625 0.0675 
0 0.590885 0.262917 0.0401042 0.0658333 
0 0.328385 0.7675 0.0411458 0.0683333 
0 0.439063 0.702083 0.0427083 0.0691667 
0 0.366667 0.54375 0.0427083 0.0675 
0 0.0268229 0.26125 0.0390625 0.0641667 
0 0.0747396 0.675 0.0390625 0.0633333 
0 0.471094 0.065 0.0411458 0.065 
0 0.924479 0.129167 0.040625 0.0633333 
0 0.965625 0.179167 0.040625 0.0633333 
0 0.021875 0.119583 0.0395833 0.0641667 
0 0.43724 0.3625 0.0411458 0.0666667 
0 0.514323 0.390833 0.0421875 0.0666667 
0 0.790625 0.304167 0.040625 0.065 
0 0.56849 0.7425 0.0421875 0.0683333 
0 0.784896 0.899167 0.0427083 0.0683333 
0 0.353646 0.170833 0.0395833 0.0633333 
0 0.201562 0.334167 0.040625 0.065 
0 0.70599 0.92 0.0411458 0.0666667 
0 0.924219 0.89 0.0421875 0.0683333 
0 0.353385 0.495 0.0421875 0.0683333 
0 0.106771 0.775833 0.040625 0.065 
0 0.978125 0.394583 0.0375 0.0641667 
0 0.832812 0.685 0.0427083 0.0666667 
0 0.0825521 0.148333 0.0401042 0.065 
0 0.910156 0.3725 0.0390625 0.0633333 
0 0.311458 0.303333 0.040625 0.065 
0 0.738281 0.624583 0.0421875 0.0658333 
0 0.632292 0.09125 0.040625 0.0641667 
0 0.103125 0.471667 0.0416667 0.065 
0 0.724219 0.185 0.0390625 0.0633333 
0 0.504687 0.085 0.040625 0.065 
0 0.217187 0.925833 0.040625 0.065 
0 0.417708 0.31125 0.040625 0.0641667 
0 0.770833 0.205417 0.040625 0.0641667 
0 0.208073 0.14625 0.0401042 0.0641667 
0 0.156771 0.244583 0.0395833 0.0641667 
0 0.508854 0.758333 0.040625 0.0666667 
0 0.432813 0.837083 0.04375 0.0675 
0 0.540885 0.415833 0.0401042 0.065 
0 0.314063 0.250833 0.0416667 0.065 
0 0.619792 0.815833 0.04375 0.0683333 
0 0.777604 0.0754167 0.040625 0.0658333 
0 0.170833 0.61 0.0416667 0.0666667 
0 0.475 0.7875 0.0395833 0.065 
0 0.849219 0.9475 0.0421875 0.065 
0 0.519531 0.205833 0.0380208 0.0616667 
0 0.0825521 0.408333 0.0411458 0.0666667 
