0 0.364062 0.11125 0.0427083 0.0641667 
0 0.597135 0.702917 0.0390625 0.0625 
0 0.468229 0.675 0.04375 0.0683333 
0 0.461719 0.495833 0.0411458 0.0666667 
0 0.172917 0.2925 0.040625 0.065 
0 0.595833 0.0958333 0.0416667 0.0666667 
0 0.934896 0.524167 0.040625 0.065 
0 0.484115 0.67 0.0411458 0.0666667 
0 0.510417 0.602083 0.040625 0.0641667 
0 0.683333 0.1775 0.0416667 0.0666667 
0 0.53099 0.0529167 0.0411458 0.0675 
0 0.244792 0.58625 0.0416667 0.0691667 
0 0.576042 0.0954167 0.0416667 0.0675 
0 0.552083 0.67875 0.0416667 0.0658333 
0 0.190625 0.643333 0.04375 0.07 
0 0.447396 0.75125 0.040625 0.0658333 
0 0.483594 0.331667 0.0432292 0.0666667 
0 0.98125 0.7175 0.0375 0.07 
0 0.923437 0.8625 0.040625 0.0666667 
0 0.786979 0.449167 0.0427083 0.0683333 
0 0.617448 0.5825 0.0421875 0.0683333 
0 0.892187 0.475417 0.040625 0.0658333 
0 0.784896 0.0575 0.040625 0.065 
0 0.622656 0.48625 0.0411458 0.0675 
0 0.804688 0.1825 0.0427083 0.0683333 
0 0.760938 0.715 0.0427083 0.07 
0 0.894531 0.915 0.0421875 0.0666667 
0 0.821875 0.269167 0.040625 0.065 
0 0.367969 0.555833 0.0432292 0.0683333 
0 0.6625 0.534167 0.040625 0.0666667 
0 0.639583 0.812083 0.04375 0.0691667 
0 0.0838542 0.601667 0.0416667 0.065 
0 0.254687 0.515417 0.0427083 0.0675 
0 0.396094 0.280833 0.0401042 0.0633333 
0 0.108594 0.850417 0.0421875 0.0675 
0 0.347396 0.394583 0.0416667 0.0658333 
