0 0.98125 0.984167 0.0375 0.0316667 
0 0.685156 0.0845833 0.0421875 0.0675 
0 0.685938 0.23125 0.040625 0.0641667 
0 0.167187 0.261667 0.0427083 0.0683333 
0 0.594531 0.546667 0.0390625 0.0616667 
0 0.140885 0.879583 0.0411458 0.0658333 
0 0.823438 0.514583 0.040625 0.0658333 
0 0.886979 0.440833 0.040625 0.0633333 
0 0.982031 0.43875 0.0359375 0.0641667 
0 0.446875 0.45 0.0375 0.06 
0 0.200781 0.107917 0.0421875 0.0675 
0 0.216927 0.199167 0.0432292 0.0683333 
0 0.957031 0.42375 0.0390625 0.0625 
0 0.561198 0.3525 0.0432292 0.0683333 
0 0.841406 0.324167 0.0390625 0.065 
0 0.716146 0.689583 0.040625 0.0658333 
0 0.39375 0.7825 0.0416667 0.0683333 
0 0.768229 0.370417 0.0427083 0.0691667 
0 0.191667 0.97125 0.0416667 0.0575 
0 0.352083 0.87375 0.0416667 0.0658333 
0 0.899219 0.375 0.0390625 0.0633333 
0 0.707292 0.4325 0.0416667 0.065 
0 0.979688 0.755417 0.0385417 0.0641667 
0 0.711979 0.527917 0.040625 0.0641667 
0 0.446875 0.164583 0.0416667 0.0658333 
0 0.235417 0.805417 0.0416667 0.0658333 
0 0.667188 0.385833 0.040625 0.0666667 
0 0.369271 0.775 0.040625 0.0633333 
0 0.18724 0.769167 0.0390625 0.065 
0 0.290625 0.9375 0.0416667 0.0666667 
0 0.345313 0.24875 0.040625 0.0641667 
0 0.502604 0.81 0.040625 0.0666667 
0 0.904688 0.616667 0.040625 0.065 
0 0.732031 0.8925 0.0411458 0.0683333 
0 0.826042 0.592083 0.0375 0.0625 
0 0.530729 0.37 0.040625 0.065 
0 0.0953125 0.66375 0.0416667 0.0658333 
0 0.234896 0.515833 0.0395833 0.0633333 
0 0.876562 0.675833 0.040625 0.065 
0 0.835156 0.87 0.0421875 0.0683333 
