0 0.613542 0.20375 0.04375 0.0691667 
0 0.974219 0.700417 0.0421875 0.0658333 
0 0.661979 0.4125 0.0427083 0.0683333 
0 0.898438 0.177917 0.0427083 0.0675 
0 0.0872396 0.66 0.0401042 0.065 
0 0.555208 0.735 0.04375 0.0716667 
0 0.764844 0.330417 0.0421875 0.0691667 
0 0.620833 0.1625 0.0416667 0.0666667 
0 0.314063 0.4925 0.0416667 0.0683333 
0 0.628646 0.841667 0.040625 0.0666667 
0 0.591146 0.514583 0.040625 0.0658333 
0 0.466146 0.65 0.040625 0.065 
0 0.084375 0.434583 0.0416667 0.0658333 
0 0.692708 0.9575 0.0416667 0.065 
0 0.471094 0.07625 0.0411458 0.0658333 
0 0.715885 0.359167 0.0411458 0.0666667 
0 0.584635 0.624583 0.0390625 0.0625 
0 0.417708 0.69 0.0416667 0.0666667 
0 0.388281 0.494167 0.0411458 0.0666667 
0 0.523438 0.0520833 0.0427083 0.0675 
0 0.560938 0.30125 0.040625 0.0658333 
0 0.882292 0.58875 0.04375 0.0691667 
0 0.685156 0.285833 0.0411458 0.0666667 
0 0.240625 0.504583 0.040625 0.0658333 
0 0.920313 0.433333 0.0427083 0.0666667 
0 0.865625 0.546667 0.040625 0.0666667 
