0 0.815885 0.055 0.0401042 0.0633333 
0 0.0111979 0.224167 0.0223958 0.0666667 
0 0.0119792 0.881667 0.0239583 0.0633333 
0 0.649479 0.794167 0.040625 0.065 
0 0.409896 0.75 0.0416667 0.0666667 
0 0.139062 0.480417 0.0416667 0.0658333 
0 0.17526 0.50625 0.0390625 0.0641667 
0 0.127083 0.8 0.040625 0.0666667 
0 0.386979 0.802083 0.0416667 0.0675 
0 0.666146 0.795833 0.040625 0.065 
0 0.270052 0.7975 0.0390625 0.0616667 
0 0.670313 0.456667 0.0395833 0.0633333 
0 0.83125 0.459167 0.040625 0.065 
0 0.248958 0.45375 0.040625 0.0658333 
0 0.68125 0.855 0.040625 0.065 
0 0.907292 0.516667 0.0375 0.06 
0 0.529167 0.0866667 0.040625 0.0666667 
0 0.408333 0.193333 0.0416667 0.0666667 
0 0.220573 0.40875 0.0411458 0.0658333 
0 0.316667 0.7075 0.040625 0.0666667 
