0 0.216146 0.9675 0.040625 0.065 
0 0.72474 0.60875 0.0411458 0.0658333 
0 0.673177 0.14 0.0421875 0.0683333 
0 0.6625 0.0925 0.0416667 0.0666667 
0 0.971875 0.0254167 0.0395833 0.0508333 
0 0.571354 0.977083 0.0427083 0.0458333 
0 0.792708 0.232917 0.0416667 0.0658333 
0 0.563542 0.8425 0.0416667 0.0666667 
0 0.128385 0.222917 0.0421875 0.0675 
0 0.866406 0.0295833 0.0421875 0.0591667 
0 0.702865 0.57625 0.0411458 0.0675 
0 0.727083 0.20375 0.0416667 0.0658333 
0 0.840625 0.590833 0.040625 0.065 
0 0.684115 0.450833 0.0411458 0.0666667 
0 0.363281 0.434167 0.0401042 0.065 
0 0.338281 0.435 0.0411458 0.0666667 
0 0.328125 0.64 0.0395833 0.0633333 
0 0.863281 0.8675 0.0421875 0.0683333 
0 0.959375 0.912083 0.04375 0.0675 
0 0.73099 0.895 0.0411458 0.0666667 
0 0.729167 0.4775 0.0395833 0.065 
0 0.836458 0.850833 0.04375 0.0683333 
0 0.208073 0.669583 0.0411458 0.0658333 
0 0.371354 0.628333 0.040625 0.065 
0 0.490885 0.82625 0.0411458 0.0675 
0 0.824479 0.0945833 0.040625 0.0675 
0 0.871875 0.905 0.04375 0.07 
