0 0.363281 0.89875 0.0390625 0.0608333 
0 0.0125 0.262083 0.025 0.0675 
0 0.500781 0.58125 0.0390625 0.0641667 
0 0.957812 0.261667 0.04375 0.07 
0 0.177604 0.878333 0.0395833 0.0633333 
0 0.477865 0.675833 0.0401042 0.065 
0 0.934896 0.98 0.040625 0.04 
0 0.0851562 0.8575 0.0401042 0.0633333 
0 0.0666667 0.0791667 0.040625 0.065 
0 0.334375 0.67875 0.0395833 0.0625 
0 0.372917 0.979167 0.0395833 0.0416667 
0 0.909375 0.168333 0.0416667 0.0666667 
0 0.0255208 0.294583 0.0385417 0.0641667 
0 0.729427 0.549583 0.0432292 0.0691667 
0 0.214583 0.42125 0.0395833 0.0641667 
0 0.704167 0.939167 0.040625 0.065 
0 0.0664062 0.565 0.0390625 0.065 
0 0.795833 0.80125 0.0416667 0.0658333 
0 0.338021 0.0233333 0.0385417 0.0466667 
0 0.407813 0.24625 0.0375 0.0608333 
0 0.0981771 0.234583 0.0411458 0.0658333 
0 0.722135 0.614583 0.0421875 0.0675 
0 0.0585938 0.24625 0.0401042 0.0641667 
0 0.985156 0.78125 0.0296875 0.0675 
0 0.511458 0.74 0.0416667 0.065 
0 0.800781 0.563333 0.0390625 0.0633333 
0 0.0544271 0.955833 0.0401042 0.065 
0 0.591146 0.0866667 0.0385417 0.0633333 
0 0.194271 0.30125 0.0395833 0.0641667 
0 0.85 0.170417 0.040625 0.0658333 
0 0.15651 0.706667 0.0390625 0.0633333 
0 0.958594 0.729583 0.0421875 0.0658333 
0 0.544271 0.27625 0.0375 0.0625 
0 0.551302 0.12875 0.0380208 0.0608333 
0 0.881771 0.48 0.040625 0.065 
0 0.403906 0.926667 0.0390625 0.0633333 
0 0.503125 0.0854167 0.0395833 0.0641667 
0 0.689062 0.645833 0.040625 0.065 
0 0.0408854 0.488333 0.0411458 0.065 
0 0.582812 0.432917 0.0375 0.0591667 
0 0.398698 0.161667 0.0380208 0.0616667 
0 0.854688 0.929167 0.0385417 0.065 
0 0.66849 0.535 0.0401042 0.0633333 
