0 0.667969 0.13875 0.0380208 0.0608333 
0 0.48125 0.294167 0.0395833 0.0633333 
0 0.0361979 0.856667 0.0411458 0.0666667 
0 0.354427 0.21375 0.0380208 0.0641667 
0 0.0447917 0.9 0.0416667 0.0666667 
0 0.178125 0.58875 0.040625 0.0641667 
0 0.369792 0.934583 0.0416667 0.0675 
0 0.715365 0.46625 0.0390625 0.0641667 
0 0.513281 0.94625 0.0390625 0.0625 
0 0.0229167 0.684167 0.0395833 0.065 
0 0.795573 0.45875 0.0380208 0.0625 
0 0.981771 0.845833 0.0364583 0.0683333 
0 0.317448 0.170833 0.0411458 0.065 
0 0.0989583 0.469167 0.0395833 0.065 
0 0.0838542 0.875417 0.0427083 0.0675 
0 0.870313 0.88 0.0385417 0.0633333 
0 0.446354 0.279167 0.040625 0.065 
0 0.0528646 0.414167 0.0401042 0.0633333 
0 0.525781 0.890833 0.0401042 0.065 
0 0.0820312 0.78875 0.0411458 0.0658333 
0 0.561458 0.8475 0.040625 0.0633333 
0 0.216406 0.6025 0.0401042 0.065 
0 0.246615 0.69 0.0401042 0.065 
0 0.646354 0.880833 0.040625 0.065 
0 0.715365 0.0445833 0.0390625 0.0625 
0 0.39375 0.10125 0.040625 0.0641667 
0 0.763281 0.305 0.0390625 0.0633333 
0 0.582031 0.140417 0.0390625 0.0625 
0 0.88125 0.96 0.040625 0.0633333 
0 0.321615 0.292083 0.0401042 0.0641667 
0 0.352865 0.70625 0.0390625 0.0625 
