0 0.307031 0.885833 0.0401042 0.065 
0 0.541667 0.810833 0.040625 0.065 
0 0.329948 0.150833 0.0432292 0.0683333 
0 0.688281 0.8225 0.0432292 0.0683333 
0 0.800781 0.214167 0.0421875 0.0683333 
0 0.95625 0.944167 0.0395833 0.065 
0 0.659375 0.331667 0.0416667 0.0666667 
0 0.521615 0.142083 0.0411458 0.0641667 
0 0.746354 0.21875 0.0427083 0.0691667 
0 0.389323 0.305833 0.0421875 0.0666667 
0 0.248437 0.182917 0.040625 0.0658333 
0 0.0458333 0.462917 0.0416667 0.0675 
0 0.345313 0.779583 0.0385417 0.0641667 
0 0.126563 0.604583 0.040625 0.0641667 
0 0.728125 0.446667 0.0416667 0.0683333 
0 0.388802 0.87125 0.0411458 0.0658333 
0 0.0942708 0.480417 0.0416667 0.0658333 
0 0.871094 0.208333 0.0421875 0.0683333 
0 0.813802 0.759583 0.0411458 0.0658333 
0 0.608594 0.0258333 0.0442708 0.0516667 
0 0.544792 0.122083 0.0416667 0.0675 
0 0.691146 0.851667 0.040625 0.065 
0 0.453125 0.0408333 0.0416667 0.0683333 
0 0.139583 0.903333 0.0416667 0.0666667 
0 0.20026 0.561667 0.0411458 0.065 
0 0.0796875 0.580417 0.0416667 0.0675 
0 0.748438 0.9175 0.0416667 0.0666667 
0 0.7125 0.28625 0.0416667 0.0675 
0 0.690625 0.490833 0.0427083 0.0683333 
0 0.559375 0.761667 0.0375 0.06 
0 0.605729 0.530833 0.040625 0.065 
0 0.56875 0.0858333 0.0416667 0.0683333 
0 0.248698 0.814167 0.0401042 0.065 
0 0.846354 0.401667 0.040625 0.065 
0 0.946875 0.3375 0.0416667 0.0683333 
0 0.782812 0.8225 0.040625 0.0666667 
0 0.170573 0.265 0.0421875 0.0666667 
0 0.380208 0.0570833 0.0427083 0.0691667 
0 0.708854 0.676667 0.040625 0.065 
