0 0.0111979 0.980833 0.0223958 0.0383333 
0 0.891667 0.900833 0.04375 0.07 
0 0.638802 0.9375 0.0421875 0.0683333 
0 0.0648438 0.5075 0.0390625 0.0616667 
0 0.0411458 0.398333 0.040625 0.0633333 
0 0.433854 0.58625 0.040625 0.0658333 
0 0.61224 0.499583 0.0411458 0.0658333 
0 0.553125 0.0395833 0.0416667 0.0675 
0 0.306771 0.405 0.0395833 0.065 
0 0.614844 0.649583 0.0421875 0.0675 
0 0.065625 0.966667 0.0416667 0.0666667 
0 0.328906 0.75 0.0421875 0.0666667 
0 0.123438 0.330417 0.0395833 0.0625 
0 0.607031 0.4 0.0411458 0.065 
0 0.108333 0.177917 0.0385417 0.0625 
0 0.545833 0.475833 0.040625 0.065 
0 0.454948 0.879583 0.0421875 0.0658333 
0 0.365625 0.367083 0.040625 0.0658333 
0 0.0434896 0.715 0.0401042 0.0633333 
0 0.832031 0.6425 0.0421875 0.0683333 
0 0.0703125 0.07875 0.040625 0.0641667 
0 0.0710938 0.159583 0.0401042 0.0641667 
0 0.708854 0.326667 0.040625 0.065 
