0 0.952604 0.262917 0.040625 0.0658333 
0 0.317448 0.76625 0.0442708 0.0691667 
0 0.834896 0.624583 0.040625 0.0641667 
0 0.613542 0.140833 0.04375 0.0683333 
0 0.358594 0.455 0.0421875 0.0683333 
0 0.98125 0.161667 0.0375 0.0666667 
0 0.473437 0.5975 0.0395833 0.065 
0 0.434635 0.844167 0.0401042 0.065 
0 0.959375 0.282083 0.040625 0.0658333 
0 0.0510417 0.85625 0.0416667 0.0675 
0 0.788802 0.730417 0.0411458 0.0658333 
0 0.701563 0.93125 0.0395833 0.0641667 
0 0.414583 0.872917 0.04375 0.0691667 
0 0.0299479 0.2725 0.0442708 0.07 
0 0.986458 0.60375 0.0270833 0.0641667 
0 0.213281 0.925833 0.0401042 0.065 
0 0.0783854 0.651667 0.0442708 0.07 
0 0.690625 0.601667 0.040625 0.0666667 
0 0.378646 0.473333 0.0395833 0.0633333 
0 0.263542 0.404167 0.0416667 0.0683333 
0 0.563281 0.450417 0.0401042 0.0658333 
0 0.743229 0.212083 0.040625 0.0658333 
0 0.39974 0.7325 0.0411458 0.0666667 
0 0.304427 0.35875 0.0442708 0.0725 
0 0.09375 0.11125 0.0447917 0.0708333 
0 0.404948 0.264167 0.0421875 0.0683333 
0 0.697396 0.6625 0.040625 0.0666667 
