0 0.320312 0.51 0.0385417 0.065 
0 0.531771 0.4775 0.040625 0.065 
0 0.465625 0.13 0.0395833 0.0633333 
0 0.982813 0.792917 0.0322917 0.0708333 
0 0.845312 0.13125 0.0427083 0.0658333 
0 0.34974 0.490833 0.0401042 0.065 
0 0.226302 0.697083 0.0390625 0.0625 
0 0.617188 0.943333 0.040625 0.065 
0 0.323958 0.724167 0.040625 0.065 
0 0.0177083 0.30875 0.0354167 0.0675 
0 0.4625 0.31625 0.0375 0.0608333 
0 0.733594 0.39 0.0421875 0.0666667 
0 0.692969 0.32375 0.0401042 0.0641667 
0 0.885938 0.31375 0.040625 0.0675 
0 0.303125 0.879583 0.0395833 0.0625 
0 0.0643229 0.0716667 0.0432292 0.07 
0 0.351562 0.755417 0.0385417 0.0625 
0 0.945833 0.225833 0.04375 0.0683333 
0 0.667708 0.93625 0.040625 0.0641667 
0 0.933333 0.300833 0.04375 0.0683333 
0 0.278906 0.850833 0.0401042 0.065 
0 0.680729 0.705 0.0427083 0.0666667 
0 0.680469 0.204583 0.0401042 0.0658333 
0 0.684375 0.846667 0.0416667 0.065 
