0 0.89375 0.884167 0.04375 0.065 
0 0.58151 0.93125 0.0421875 0.0675 
0 0.454688 0.568333 0.0395833 0.0633333 
0 0.338802 0.282083 0.0390625 0.0625 
0 0.594792 0.642917 0.0395833 0.0625 
0 0.232031 0.85875 0.0390625 0.0625 
0 0.950521 0.671667 0.040625 0.0666667 
0 0.953125 0.154583 0.040625 0.0658333 
0 0.66875 0.341667 0.0458333 0.0733333 
0 0.0958333 0.37625 0.0364583 0.0591667 
0 0.339063 0.239167 0.0375 0.06 
0 0.690365 0.0683333 0.0411458 0.0666667 
0 0.55625 0.766667 0.0395833 0.0633333 
0 0.265625 0.77375 0.0395833 0.0641667 
0 0.699479 0.93 0.040625 0.0666667 
0 0.231771 0.94625 0.0364583 0.0591667 
0 0.0273438 0.203333 0.0369792 0.06 
0 0.852344 0.144583 0.0421875 0.0675 
0 0.594531 0.354167 0.0411458 0.065 
0 0.0388021 0.649167 0.0369792 0.0583333 
0 0.289062 0.91 0.0375 0.06 
0 0.371094 0.538333 0.0390625 0.0633333 
0 0.582292 0.6025 0.0395833 0.0633333 
0 0.761458 0.248333 0.0416667 0.0666667 
