0 0.528385 0.79375 0.0401042 0.0608333 
0 0.122135 0.0854167 0.0411458 0.0658333 
0 0.363021 0.06375 0.0385417 0.0625 
0 0.234375 0.147083 0.0416667 0.0658333 
0 0.51875 0.786667 0.0385417 0.06 
0 0.401042 0.727917 0.040625 0.0625 
0 0.13151 0.24625 0.0390625 0.0625 
0 0.899479 0.597917 0.040625 0.0658333 
0 0.541667 0.085 0.040625 0.0633333 
0 0.159896 0.255417 0.0416667 0.0658333 
0 0.0174479 0.175 0.0338542 0.0666667 
0 0.409115 0.312917 0.0390625 0.0625 
0 0.0950521 0.473333 0.0390625 0.0633333 
0 0.367188 0.140417 0.040625 0.0641667 
0 0.0195312 0.370417 0.0390625 0.0641667 
