0 0.622656 0.18125 0.0442708 0.0708333 
0 0.572917 0.37375 0.0416667 0.0675 
0 0.221354 0.913333 0.0395833 0.0633333 
0 0.60599 0.17375 0.0421875 0.0675 
0 0.755208 0.894167 0.04375 0.07 
0 0.949219 0.0366667 0.0421875 0.0683333 
0 0.27474 0.963333 0.0411458 0.065 
0 0.551562 0.361667 0.0416667 0.0666667 
0 0.760938 0.85875 0.0416667 0.0675 
0 0.945312 0.680833 0.04375 0.0683333 
0 0.404427 0.479583 0.0380208 0.0625 
0 0.467969 0.968333 0.0442708 0.0633333 
0 0.17526 0.249583 0.0401042 0.0641667 
0 0.140365 0.5775 0.0411458 0.065 
0 0.776563 0.49125 0.040625 0.0658333 
0 0.102344 0.715417 0.0390625 0.0641667 
0 0.182031 0.49375 0.0390625 0.0625 
0 0.536719 0.158333 0.0421875 0.0666667 
0 0.654688 0.15 0.0427083 0.0666667 
0 0.923437 0.645 0.0427083 0.065 
0 0.81901 0.606667 0.0432292 0.0683333 
0 0.633073 0.0316667 0.0432292 0.0633333 
0 0.70625 0.26875 0.0416667 0.0675 
0 0.692187 0.174167 0.0427083 0.0683333 
0 0.65026 0.514167 0.0401042 0.065 
0 0.264844 0.314583 0.0421875 0.0658333 
0 0.161719 0.715 0.0401042 0.065 
0 0.724479 0.455833 0.040625 0.065 
0 0.0424479 0.21625 0.0411458 0.0658333 
0 0.858594 0.329167 0.0421875 0.0683333 
0 0.808333 0.681667 0.04375 0.07 
0 0.302604 0.0945833 0.0427083 0.0691667 
0 0.296094 0.8925 0.0411458 0.0666667 
0 0.767187 0.2975 0.0427083 0.0683333 
0 0.614062 0.372917 0.0427083 0.0675 
0 0.160677 0.612083 0.0390625 0.0625 
0 0.195052 0.845833 0.0390625 0.065 
0 0.196615 0.565833 0.0401042 0.065 
