0 0.285677 0.6175 0.0401042 0.065 
0 0.251302 0.152917 0.0411458 0.0658333 
0 0.0471354 0.662917 0.0380208 0.0608333 
0 0.477604 0.5075 0.040625 0.065 
0 0.0151042 0.12625 0.0302083 0.0625 
0 0.957812 0.81375 0.0427083 0.0675 
0 0.601562 0.792917 0.0385417 0.0608333 
0 0.170573 0.184167 0.0390625 0.0633333 
0 0.541406 0.50125 0.0401042 0.0641667 
0 0.120312 0.91875 0.0395833 0.0641667 
0 0.927604 0.360833 0.040625 0.065 
0 0.975 0.6125 0.04375 0.07 
0 0.273177 0.651667 0.0401042 0.0633333 
0 0.364583 0.969167 0.0395833 0.0616667 
0 0.276823 0.318333 0.0401042 0.0633333 
0 0.747396 0.974167 0.040625 0.0516667 
0 0.608854 0.763333 0.040625 0.0666667 
0 0.682031 0.52 0.0411458 0.065 
0 0.533854 0.412083 0.040625 0.0641667 
0 0.1375 0.881667 0.0375 0.06 
0 0.597656 0.306667 0.0432292 0.0683333 
0 0.975 0.937083 0.0416667 0.0675 
0 0.542188 0.306667 0.0395833 0.0633333 
0 0.679167 0.120417 0.04375 0.0691667 
0 0.288281 0.04625 0.0390625 0.0608333 
0 0.397396 0.429167 0.040625 0.0633333 
0 0.336979 0.761667 0.0385417 0.0633333 
0 0.710417 0.4325 0.040625 0.0633333 
0 0.715885 0.6375 0.0390625 0.0616667 
0 0.78776 0.0920833 0.0432292 0.0691667 
