0 0.185677 0.342917 0.0390625 0.0641667 
0 0.442708 0.620833 0.0395833 0.065 
0 0.338021 0.643333 0.040625 0.065 
0 0.246615 0.632083 0.0401042 0.0625 
0 0.299479 0.900417 0.0416667 0.0675 
0 0.502344 0.0241667 0.0401042 0.0483333 
0 0.891406 0.824583 0.0390625 0.0641667 
0 0.285156 0.0491667 0.0390625 0.0633333 
0 0.591667 0.340417 0.0395833 0.0641667 
0 0.434896 0.36625 0.0385417 0.0625 
0 0.465885 0.18125 0.0411458 0.0658333 
0 0.734115 0.232083 0.0401042 0.0625 
0 0.423438 0.71 0.0416667 0.0666667 
0 0.0236979 0.02125 0.0401042 0.0425 
0 0.27474 0.683333 0.0411458 0.0666667 
0 0.684375 0.195417 0.0385417 0.0625 
0 0.95625 0.543333 0.0416667 0.0666667 
0 0.744792 0.285833 0.040625 0.065 
0 0.739844 0.745 0.0390625 0.0633333 
0 0.829687 0.07 0.040625 0.065 
0 0.394792 0.442083 0.0395833 0.0641667 
0 0.324219 0.191667 0.0401042 0.065 
