0 0.917188 0.70875 0.0385417 0.0641667 
0 0.851562 0.806667 0.040625 0.065 
0 0.910937 0.822917 0.0385417 0.0625 
0 0.0291667 0.610833 0.0385417 0.0616667 
0 0.402083 0.93125 0.040625 0.0658333 
0 0.288542 0.818333 0.0416667 0.0666667 
0 0.751562 0.211667 0.0395833 0.065 
0 0.220052 0.509583 0.0401042 0.0641667 
0 0.844271 0.628333 0.040625 0.065 
0 0.874479 0.218333 0.040625 0.065 
0 0.73776 0.821667 0.0411458 0.065 
0 0.889844 0.7725 0.0421875 0.0683333 
0 0.969271 0.759583 0.040625 0.0658333 
0 0.596875 0.765 0.0395833 0.065 
0 0.123438 0.732083 0.0385417 0.0625 
0 0.357292 0.4275 0.0385417 0.0616667 
0 0.55599 0.795 0.0411458 0.0666667 
0 0.346875 0.904167 0.040625 0.065 
0 0.146875 0.755417 0.0395833 0.0625 
0 0.348177 0.04875 0.0411458 0.0641667 
0 0.883594 0.0541667 0.0421875 0.0666667 
0 0.988281 0.645833 0.0234375 0.065 
0 0.845312 0.0658333 0.0427083 0.0666667 
0 0.416667 0.597083 0.0416667 0.0658333 
0 0.59349 0.51875 0.0390625 0.0625 
0 0.753646 0.102917 0.040625 0.0658333 
0 0.981771 0.159583 0.0364583 0.0658333 
0 0.790625 0.21125 0.0416667 0.0675 
0 0.30625 0.539167 0.040625 0.0633333 
0 0.11875 0.64 0.040625 0.0633333 
0 0.632292 0.170417 0.040625 0.0641667 
0 0.69974 0.347917 0.0401042 0.0641667 
0 0.685417 0.382083 0.0395833 0.0625 
