0 0.19401 0.728333 0.0442708 0.07 
0 0.960156 0.729167 0.0390625 0.065 
0 0.989583 0.83875 0.0208333 0.0641667 
0 0.0867188 0.473333 0.0411458 0.0683333 
0 0.250521 0.0508333 0.0395833 0.065 
0 0.861719 0.37 0.0421875 0.0666667 
0 0.0130208 0.704167 0.0260417 0.07 
0 0.540104 0.1425 0.040625 0.0666667 
0 0.0231771 0.119167 0.0401042 0.0666667 
0 0.814844 0.662083 0.0421875 0.0691667 
0 0.0552083 0.6575 0.0427083 0.0683333 
0 0.979688 0.664583 0.0385417 0.0675 
0 0.491667 0.0454167 0.04375 0.0708333 
0 0.857813 0.516667 0.0427083 0.0666667 
0 0.52526 0.104167 0.0401042 0.065 
0 0.165885 0.22 0.0411458 0.0666667 
0 0.166927 0.730417 0.0421875 0.0658333 
0 0.961719 0.0695833 0.0421875 0.0675 
0 0.559635 0.79875 0.0421875 0.0675 
0 0.871354 0.446667 0.040625 0.0666667 
0 0.316667 0.197083 0.0416667 0.0658333 
0 0.104427 0.343333 0.0401042 0.065 
0 0.359375 0.735 0.0427083 0.0683333 
0 0.789844 0.605417 0.0421875 0.0658333 
0 0.0559896 0.897083 0.0421875 0.0675 
0 0.875521 0.33625 0.040625 0.0641667 
0 0.110937 0.68625 0.04375 0.0691667 
0 0.233594 0.0529167 0.0401042 0.0641667 
0 0.549219 0.0745833 0.0442708 0.0708333 
0 0.186458 0.337083 0.040625 0.0658333 
0 0.454948 0.0708333 0.0432292 0.07 
0 0.746615 0.772917 0.0421875 0.0675 
0 0.169531 0.969583 0.0411458 0.0608333 
0 0.465885 0.457083 0.0411458 0.0658333 
0 0.594531 0.0733333 0.0411458 0.0666667 
0 0.184115 0.887917 0.0421875 0.0675 
0 0.454167 0.14875 0.0416667 0.0675 
0 0.520312 0.227917 0.0416667 0.0675 
0 0.71276 0.169583 0.0411458 0.0658333 
0 0.281771 0.288333 0.0416667 0.0666667 
0 0.0770833 0.568333 0.04375 0.0683333 
