0 0.515625 0.518333 0.0395833 0.0633333 
0 0.224219 0.5425 0.0390625 0.0616667 
0 0.191406 0.402917 0.0401042 0.0641667 
0 0.854688 0.551667 0.0427083 0.0683333 
0 0.841146 0.728333 0.040625 0.0666667 
0 0.0770833 0.93625 0.0416667 0.0675 
0 0.72474 0.555417 0.0411458 0.0675 
0 0.147396 0.80375 0.0427083 0.0675 
0 0.528385 0.284167 0.0421875 0.0683333 
0 0.236458 0.152083 0.0416667 0.0675 
0 0.0872396 0.967083 0.0411458 0.0658333 
0 0.79974 0.03125 0.0411458 0.0625 
0 0.576563 0.373333 0.0427083 0.0683333 
0 0.244271 0.230417 0.040625 0.0641667 
0 0.872656 0.855 0.0421875 0.0666667 
0 0.648438 0.6675 0.0416667 0.0666667 
