0 0.8875 0.763333 0.0395833 0.0633333 
0 0.480208 0.290833 0.0395833 0.065 
0 0.346615 0.354167 0.0411458 0.065 
0 0.967188 0.740833 0.040625 0.065 
0 0.0742188 0.58875 0.0390625 0.0625 
0 0.96875 0.855833 0.040625 0.065 
0 0.590104 0.5325 0.040625 0.065 
0 0.871875 0.115417 0.0375 0.0591667 
0 0.53125 0.189167 0.0416667 0.0666667 
0 0.611458 0.65 0.0395833 0.0633333 
0 0.0703125 0.937083 0.0385417 0.0625 
0 0.0338542 0.03375 0.04375 0.0675 
0 0.806771 0.519583 0.040625 0.0641667 
0 0.407552 0.0708333 0.0411458 0.065 
