0 0.226562 0.058333 0.041667 0.066667
0 0.301563 0.028333 0.041667 0.066667
0 0.178125 0.108333 0.041667 0.066667
0 0.040104 0.415833 0.041667 0.066667
0 0.250521 0.479167 0.041667 0.066667
0 0.286458 0.600000 0.041667 0.066667
0 0.028125 0.753333 0.041667 0.066667
0 0.308333 0.883333 0.041667 0.066667
0 0.402083 0.799167 0.041667 0.066667
0 0.560937 0.977500 0.041667 0.066667
0 0.622917 0.967500 0.041667 0.066667
0 0.585417 0.602500 0.041667 0.066667
0 0.628125 0.554167 0.041667 0.066667
0 0.405208 0.452500 0.041667 0.066667
0 0.414583 0.375833 0.041667 0.066667
0 0.547396 0.292500 0.041667 0.066667
0 0.519271 0.046667 0.041667 0.066667
0 0.601042 0.032500 0.041667 0.066667
0 0.656250 0.212500 0.041667 0.066667
0 0.890104 0.240833 0.041667 0.066667
0 0.928125 0.279167 0.041667 0.066667
0 0.877083 0.279167 0.041667 0.066667
0 0.943750 0.844167 0.041667 0.066667
0 0.986458 0.894167 0.041667 0.066667
0 0.032292 0.381667 0.041667 0.066667
0 0.845833 0.106667 0.041667 0.066667
