0 0.323958 0.195000 0.041667 0.066667
0 0.285417 0.047500 0.041667 0.066667
0 0.465625 0.180000 0.041667 0.066667
0 0.688021 0.200000 0.041667 0.066667
0 0.829688 0.067500 0.041667 0.066667
0 0.956250 0.545833 0.041667 0.066667
0 0.592187 0.342500 0.041667 0.066667
0 0.395833 0.442500 0.041667 0.066667
0 0.276042 0.680833 0.041667 0.066667
0 0.424479 0.708333 0.041667 0.066667
0 0.739062 0.744167 0.041667 0.066667
0 0.890104 0.821667 0.041667 0.066667
0 0.186458 0.347500 0.041667 0.066667
0 0.503646 0.016667 0.041667 0.066667
0 0.339062 0.640833 0.041667 0.066667
0 0.744792 0.285833 0.041667 0.066667
