0 0.308333 0.064167 0.041667 0.066667
0 0.282813 0.220000 0.041667 0.066667
0 0.025000 0.293333 0.041667 0.066667
0 0.191146 0.405000 0.041667 0.066667
0 0.152604 0.685833 0.041667 0.066667
0 0.038021 0.723333 0.041667 0.066667
0 0.255208 0.790833 0.041667 0.066667
0 0.204167 0.894167 0.041667 0.066667
0 0.417708 0.687500 0.041667 0.066667
0 0.610417 0.490833 0.041667 0.066667
0 0.496875 0.434167 0.041667 0.066667
0 0.432292 0.440000 0.041667 0.066667
0 0.464583 0.050833 0.041667 0.066667
0 0.434375 0.095833 0.041667 0.066667
0 0.673958 0.320833 0.041667 0.066667
0 0.694271 0.530833 0.041667 0.066667
0 0.980729 0.460000 0.041667 0.066667
