0 0.025521 0.133333 0.041667 0.066667
0 0.304688 0.415000 0.041667 0.066667
0 0.238021 0.822500 0.041667 0.066667
0 0.080208 0.895000 0.041667 0.066667
0 0.397917 0.701667 0.041667 0.066667
0 0.364583 0.635000 0.041667 0.066667
0 0.638542 0.773333 0.041667 0.066667
0 0.364063 0.985000 0.041667 0.066667
0 0.458333 0.318333 0.041667 0.066667
0 0.547917 0.090833 0.041667 0.066667
0 0.671354 0.195000 0.041667 0.066667
0 0.863021 0.076667 0.041667 0.066667
0 0.848437 0.287500 0.041667 0.066667
0 0.890104 0.157500 0.041667 0.066667
0 0.756250 0.257500 0.041667 0.066667
0 0.747396 0.364167 0.041667 0.066667
0 0.706250 0.485000 0.041667 0.066667
0 0.778646 0.473333 0.041667 0.066667
0 0.930729 0.441667 0.041667 0.066667
0 0.969792 0.569167 0.041667 0.066667
0 0.782292 0.850000 0.041667 0.066667
0 0.728125 0.917500 0.041667 0.066667
0 0.909375 0.899167 0.041667 0.066667
