0 0.116146 0.069167 0.041667 0.066667
0 0.129688 0.216667 0.041667 0.066667
0 0.319271 0.150000 0.041667 0.066667
0 0.343750 0.206667 0.041667 0.066667
0 0.567187 0.095833 0.041667 0.066667
0 0.971354 0.294167 0.041667 0.066667
0 0.907292 0.368333 0.041667 0.066667
0 0.900521 0.292500 0.041667 0.066667
0 0.190104 0.577500 0.041667 0.066667
0 0.170833 0.770833 0.041667 0.066667
0 0.721354 0.878333 0.041667 0.066667
0 0.769792 0.806667 0.041667 0.066667
0 0.885938 0.686667 0.041667 0.066667
0 0.979688 0.910833 0.041667 0.066667
0 0.177604 0.144167 0.041667 0.066667
0 0.095312 0.124167 0.041667 0.066667
0 0.251042 0.073333 0.041667 0.066667
0 0.378125 0.098333 0.041667 0.066667
0 0.796875 0.048333 0.041667 0.066667
0 0.503125 0.475833 0.041667 0.066667
0 0.209896 0.488333 0.041667 0.066667
0 0.075000 0.433333 0.041667 0.066667
0 0.097396 0.316667 0.041667 0.066667
0 0.190625 0.929167 0.041667 0.066667
0 0.370312 0.646667 0.041667 0.066667
0 0.844271 0.776667 0.041667 0.066667
0 0.740104 0.757500 0.041667 0.066667
0 0.713542 0.740000 0.041667 0.066667
0 0.653125 0.735000 0.041667 0.066667
0 0.718750 0.919167 0.041667 0.066667
0 0.094792 0.872500 0.041667 0.066667
0 0.063542 0.743333 0.041667 0.066667
0 0.103646 0.176667 0.041667 0.066667
0 0.430208 0.881667 0.041667 0.066667
0 0.400000 0.362500 0.041667 0.066667
0 0.581771 0.562500 0.041667 0.066667
0 0.377083 0.173333 0.041667 0.066667
