0 0.192188 0.274167 0.041667 0.066667
0 0.259375 0.299167 0.041667 0.066667
0 0.272917 0.355833 0.041667 0.066667
0 0.052083 0.472500 0.041667 0.066667
0 0.007812 0.558333 0.041667 0.066667
0 0.108333 0.630000 0.041667 0.066667
0 0.097396 0.650000 0.041667 0.066667
0 0.041667 0.970833 0.041667 0.066667
0 0.096354 0.951667 0.041667 0.066667
0 0.568750 0.829167 0.041667 0.066667
0 0.943750 0.910000 0.041667 0.066667
0 0.900521 0.741667 0.041667 0.066667
0 0.751563 0.277500 0.041667 0.066667
0 0.741667 0.330833 0.041667 0.066667
