0 0.348438 0.047500 0.041667 0.066667
0 0.631771 0.169167 0.041667 0.066667
0 0.754687 0.103333 0.041667 0.066667
0 0.791146 0.212500 0.041667 0.066667
0 0.876042 0.221667 0.041667 0.066667
0 0.844271 0.069167 0.041667 0.066667
0 0.883854 0.055833 0.041667 0.066667
0 0.948438 0.045833 0.041667 0.066667
0 0.980729 0.159167 0.041667 0.066667
0 0.968750 0.010833 0.041667 0.066667
0 0.683854 0.379167 0.041667 0.066667
0 0.887500 0.552500 0.041667 0.066667
0 0.843750 0.628333 0.041667 0.066667
0 0.993750 0.652500 0.041667 0.066667
0 0.593750 0.521667 0.041667 0.066667
0 0.356771 0.427500 0.041667 0.066667
0 0.418229 0.599167 0.041667 0.066667
0 0.305729 0.541667 0.041667 0.066667
0 0.118750 0.641667 0.041667 0.066667
0 0.289062 0.819167 0.041667 0.066667
0 0.145833 0.755833 0.041667 0.066667
0 0.121354 0.732500 0.041667 0.066667
0 0.031771 0.611667 0.041667 0.066667
0 0.346354 0.901667 0.041667 0.066667
0 0.914062 0.823333 0.041667 0.066667
0 0.891146 0.772500 0.041667 0.066667
0 0.738542 0.825000 0.041667 0.066667
0 0.970833 0.758333 0.041667 0.066667
0 0.271875 0.015833 0.041667 0.066667
0 0.219792 0.510000 0.041667 0.066667
