0 0.035937 0.345000 0.041667 0.066667
0 0.028125 0.165833 0.041667 0.066667
0 0.171354 0.324167 0.041667 0.066667
0 0.277083 0.044167 0.041667 0.066667
0 0.204687 0.291667 0.041667 0.066667
0 0.471875 0.214167 0.041667 0.066667
0 0.491667 0.021667 0.041667 0.066667
0 0.606250 0.170000 0.041667 0.066667
0 0.667708 0.184167 0.041667 0.066667
0 0.709375 0.230000 0.041667 0.066667
0 0.796354 0.297500 0.041667 0.066667
0 0.852604 0.058333 0.041667 0.066667
0 0.871354 0.542500 0.041667 0.066667
0 0.959896 0.468333 0.041667 0.066667
0 0.760938 0.672500 0.041667 0.066667
0 0.513021 0.656667 0.041667 0.066667
0 0.581771 0.548333 0.041667 0.066667
0 0.484896 0.531667 0.041667 0.066667
0 0.404687 0.515000 0.041667 0.066667
0 0.291667 0.807500 0.041667 0.066667
0 0.247396 0.840833 0.041667 0.066667
0 0.185417 0.685833 0.041667 0.066667
0 0.141667 0.830833 0.041667 0.066667
0 0.430208 0.969167 0.041667 0.066667
0 0.608854 0.695000 0.041667 0.066667
0 0.920312 0.972500 0.041667 0.066667
0 0.975521 0.819167 0.041667 0.066667
0 0.137500 0.155000 0.041667 0.066667
0 0.713542 0.350833 0.041667 0.066667
0 0.111979 0.796667 0.041667 0.066667
