0 0.025000 0.178333 0.041667 0.066667
0 0.198958 0.160000 0.041667 0.066667
0 0.235937 0.110000 0.041667 0.066667
0 0.241146 0.046667 0.041667 0.066667
0 0.135937 0.300000 0.041667 0.066667
0 0.239583 0.230833 0.041667 0.066667
0 0.655208 0.250000 0.041667 0.066667
0 0.884896 0.270833 0.041667 0.066667
0 0.926562 0.097500 0.041667 0.066667
0 0.826042 0.123333 0.041667 0.066667
0 0.235937 0.591667 0.041667 0.066667
0 0.059375 0.710000 0.041667 0.066667
0 0.197396 0.751667 0.041667 0.066667
0 0.152604 0.840833 0.041667 0.066667
0 0.121354 0.889167 0.041667 0.066667
0 0.294271 0.940000 0.041667 0.066667
0 0.201042 0.944167 0.041667 0.066667
0 0.119792 0.755833 0.041667 0.066667
0 0.582292 0.737500 0.041667 0.066667
0 0.723437 0.915833 0.041667 0.066667
0 0.712500 0.365833 0.041667 0.066667
0 0.047917 0.643333 0.041667 0.066667
0 0.179167 0.515833 0.041667 0.066667
0 0.776042 0.792500 0.041667 0.066667
0 0.807813 0.797500 0.041667 0.066667
0 0.695833 0.546667 0.041667 0.066667
0 0.552604 0.354167 0.041667 0.066667
0 0.862500 0.664167 0.041667 0.066667
0 0.559375 0.193333 0.041667 0.066667
0 0.259896 0.560000 0.041667 0.066667
