0 0.110417 0.223333 0.041667 0.066667
0 0.283333 0.043333 0.041667 0.066667
0 0.694792 0.116667 0.041667 0.066667
0 0.801042 0.145000 0.041667 0.066667
0 0.969271 0.519167 0.041667 0.066667
0 0.651563 0.502500 0.041667 0.066667
0 0.670833 0.607500 0.041667 0.066667
0 0.809375 0.582500 0.041667 0.066667
0 0.614062 0.446667 0.041667 0.066667
0 0.198437 0.500833 0.041667 0.066667
0 0.096875 0.480833 0.041667 0.066667
0 0.363542 0.874167 0.041667 0.066667
0 0.922396 0.773333 0.041667 0.066667
0 0.271354 0.480833 0.041667 0.066667
