0 0.273438 0.133333 0.041667 0.066667
0 0.236458 0.656667 0.041667 0.066667
0 0.212500 0.696667 0.041667 0.066667
0 0.134896 0.885833 0.041667 0.066667
0 0.382292 0.775000 0.041667 0.066667
0 0.476562 0.910833 0.041667 0.066667
0 0.544792 0.976667 0.041667 0.066667
0 0.373958 0.229167 0.041667 0.066667
0 0.411979 0.039167 0.041667 0.066667
0 0.855208 0.318333 0.041667 0.066667
0 0.654167 0.364167 0.041667 0.066667
0 0.727083 0.460000 0.041667 0.066667
0 0.896875 0.734167 0.041667 0.066667
0 0.897917 0.782500 0.041667 0.066667
0 0.832812 0.787500 0.041667 0.066667
