0 0.179167 0.106667 0.041667 0.066667
0 0.363021 0.279167 0.041667 0.066667
0 0.467708 0.286667 0.041667 0.066667
0 0.729167 0.228333 0.041667 0.066667
0 0.786458 0.328333 0.041667 0.066667
0 0.705729 0.411667 0.041667 0.066667
0 0.911979 0.592500 0.041667 0.066667
0 0.338542 0.623333 0.041667 0.066667
0 0.251563 0.365833 0.041667 0.066667
0 0.016146 0.953333 0.041667 0.066667
0 0.259896 0.943333 0.041667 0.066667
0 0.147917 0.745000 0.041667 0.066667
0 0.432812 0.925833 0.041667 0.066667
0 0.691667 0.936667 0.041667 0.066667
0 0.907292 0.793333 0.041667 0.066667
0 0.856250 0.849167 0.041667 0.066667
0 0.883854 0.730000 0.041667 0.066667
0 0.426563 0.325833 0.041667 0.066667
