0 0.091146 0.114167 0.041667 0.066667
0 0.028646 0.269167 0.041667 0.066667
0 0.045312 0.265833 0.041667 0.066667
0 0.305208 0.358333 0.041667 0.066667
0 0.263021 0.405000 0.041667 0.066667
0 0.078125 0.655833 0.041667 0.066667
0 0.046875 0.859167 0.041667 0.066667
0 0.215104 0.925833 0.041667 0.066667
0 0.317708 0.767500 0.041667 0.066667
0 0.415104 0.877500 0.041667 0.066667
0 0.414583 0.859167 0.041667 0.066667
0 0.437500 0.840000 0.041667 0.066667
0 0.398958 0.731667 0.041667 0.066667
0 0.379167 0.473333 0.041667 0.066667
0 0.354687 0.415833 0.041667 0.066667
0 0.360417 0.458333 0.041667 0.066667
0 0.470313 0.595833 0.041667 0.066667
0 0.560937 0.449167 0.041667 0.066667
0 0.407813 0.261667 0.041667 0.066667
0 0.615625 0.133333 0.041667 0.066667
0 0.603646 0.147500 0.041667 0.066667
0 0.744792 0.210833 0.041667 0.066667
0 0.979167 0.161667 0.041667 0.066667
0 0.954167 0.260833 0.041667 0.066667
0 0.957812 0.280833 0.041667 0.066667
0 0.691146 0.598333 0.041667 0.066667
0 0.697917 0.661667 0.041667 0.066667
0 0.785937 0.729167 0.041667 0.066667
0 0.838021 0.631667 0.041667 0.066667
0 0.828125 0.612500 0.041667 0.066667
0 0.885938 0.675833 0.041667 0.066667
0 0.994271 0.603333 0.041667 0.066667
0 0.701562 0.933333 0.041667 0.066667
