0 0.102083 0.115833 0.041667 0.066667
0 0.086979 0.483333 0.041667 0.066667
0 0.218750 0.554167 0.041667 0.066667
0 0.235417 0.575000 0.041667 0.066667
0 0.279687 0.451667 0.041667 0.066667
0 0.247917 0.764167 0.041667 0.066667
0 0.166667 0.964167 0.041667 0.066667
0 0.334896 0.813333 0.041667 0.066667
0 0.434375 0.816667 0.041667 0.066667
0 0.654687 0.977500 0.041667 0.066667
0 0.626563 0.152500 0.041667 0.066667
0 0.777604 0.179167 0.041667 0.066667
0 0.821875 0.378333 0.041667 0.066667
0 0.644792 0.496667 0.041667 0.066667
0 0.958854 0.590833 0.041667 0.066667
0 0.851042 0.954167 0.041667 0.066667
