0 0.589063 0.182500 0.041667 0.066667
0 0.963542 0.645000 0.041667 0.066667
0 0.286458 0.532500 0.041667 0.066667
0 0.530729 0.989167 0.041667 0.066667
0 0.698958 0.698333 0.041667 0.066667
0 0.788542 0.808333 0.041667 0.066667
0 0.077604 0.527500 0.041667 0.066667
0 0.119271 0.562500 0.041667 0.066667
0 0.228125 0.021667 0.041667 0.066667
0 0.202083 0.064167 0.041667 0.066667
0 0.771354 0.400833 0.041667 0.066667
0 0.786458 0.415833 0.041667 0.066667
0 0.893229 0.370000 0.041667 0.066667
0 0.915104 0.425000 0.041667 0.066667
0 0.543750 0.817500 0.041667 0.066667
0 0.036458 0.985833 0.041667 0.066667
