0 0.798958 0.150833 0.041667 0.066667
0 0.738021 0.219167 0.041667 0.066667
0 0.644271 0.260833 0.041667 0.066667
0 0.527604 0.136667 0.041667 0.066667
0 0.461979 0.235833 0.041667 0.066667
0 0.394792 0.184167 0.041667 0.066667
0 0.301042 0.100000 0.041667 0.066667
0 0.073438 0.225833 0.041667 0.066667
0 0.160417 0.269167 0.041667 0.066667
0 0.236979 0.640833 0.041667 0.066667
0 0.101042 0.772500 0.041667 0.066667
0 0.040625 0.725833 0.041667 0.066667
0 0.631250 0.892500 0.041667 0.066667
0 0.583333 0.920833 0.041667 0.066667
0 0.553646 0.946667 0.041667 0.066667
0 0.576042 0.975833 0.041667 0.066667
0 0.547396 0.767500 0.041667 0.066667
0 0.625000 0.388333 0.041667 0.066667
0 0.630729 0.434167 0.041667 0.066667
0 0.659375 0.510833 0.041667 0.066667
0 0.988542 0.581667 0.041667 0.066667
0 0.781250 0.700000 0.041667 0.066667
0 0.795312 0.984167 0.041667 0.066667
0 0.255208 0.761667 0.041667 0.066667
