0 0.097917 0.549167 0.041667 0.066667
0 0.211979 0.320000 0.041667 0.066667
0 0.755729 0.178333 0.041667 0.066667
0 0.685417 0.159167 0.041667 0.066667
0 0.839063 0.227500 0.041667 0.066667
0 0.847396 0.341667 0.041667 0.066667
0 0.750000 0.640833 0.041667 0.066667
0 0.643229 0.424167 0.041667 0.066667
0 0.382292 0.375833 0.041667 0.066667
0 0.350521 0.500833 0.041667 0.066667
0 0.365625 0.345000 0.041667 0.066667
0 0.163021 0.502500 0.041667 0.066667
0 0.080729 0.683333 0.041667 0.066667
0 0.026042 0.925000 0.041667 0.066667
0 0.530729 0.760833 0.041667 0.066667
0 0.848958 0.975000 0.041667 0.066667
0 0.180208 0.059167 0.041667 0.066667
0 0.816667 0.620833 0.041667 0.066667
