0 0.051562 0.191667 0.041667 0.066667
0 0.189583 0.080833 0.041667 0.066667
0 0.280208 0.163333 0.041667 0.066667
0 0.014583 0.180000 0.041667 0.066667
0 0.100000 0.774167 0.041667 0.066667
0 0.264062 0.823333 0.041667 0.066667
0 0.635938 0.763333 0.041667 0.066667
0 0.354167 0.563333 0.041667 0.066667
0 0.509896 0.375000 0.041667 0.066667
0 0.527083 0.100000 0.041667 0.066667
0 0.920312 0.216667 0.041667 0.066667
0 0.983333 0.173333 0.041667 0.066667
0 0.685417 0.395833 0.041667 0.066667
0 0.691146 0.584167 0.041667 0.066667
0 0.844792 0.633333 0.041667 0.066667
0 0.839063 0.674167 0.041667 0.066667
0 0.824479 0.631667 0.041667 0.066667
