0 0.103646 0.029167 0.041667 0.066667
0 0.328125 0.138333 0.041667 0.066667
0 0.343229 0.246667 0.041667 0.066667
0 0.290104 0.275000 0.041667 0.066667
0 0.291146 0.322500 0.041667 0.066667
0 0.113021 0.330833 0.041667 0.066667
0 0.218750 0.118333 0.041667 0.066667
0 0.204167 0.254167 0.041667 0.066667
0 0.037500 0.422500 0.041667 0.066667
0 0.318229 0.424167 0.041667 0.066667
0 0.324479 0.650000 0.041667 0.066667
0 0.208333 0.841667 0.041667 0.066667
0 0.135937 0.786667 0.041667 0.066667
0 0.108333 0.760000 0.041667 0.066667
0 0.151562 0.703333 0.041667 0.066667
0 0.042188 0.621667 0.041667 0.066667
0 0.430208 0.975000 0.041667 0.066667
0 0.395313 0.980833 0.041667 0.066667
0 0.570312 0.926667 0.041667 0.066667
0 0.618750 0.902500 0.041667 0.066667
0 0.472917 0.554167 0.041667 0.066667
0 0.625521 0.233333 0.041667 0.066667
0 0.650521 0.070833 0.041667 0.066667
0 0.683854 0.030833 0.041667 0.066667
0 0.720833 0.072500 0.041667 0.066667
0 0.877604 0.055000 0.041667 0.066667
0 0.907813 0.243333 0.041667 0.066667
0 0.863542 0.370000 0.041667 0.066667
0 0.912500 0.355000 0.041667 0.066667
0 0.804167 0.707500 0.041667 0.066667
0 0.721354 0.775000 0.041667 0.066667
0 0.814063 0.860833 0.041667 0.066667
0 0.952604 0.915000 0.041667 0.066667
0 0.960938 0.722500 0.041667 0.066667
0 0.960938 0.762500 0.041667 0.066667
0 0.416667 0.601667 0.041667 0.066667
0 0.623958 0.306667 0.041667 0.066667
