0 0.032292 0.093333 0.041667 0.066667
0 0.002083 0.204167 0.041667 0.066667
0 0.068229 0.208333 0.041667 0.066667
0 0.016146 0.040833 0.041667 0.066667
0 0.156250 0.276667 0.041667 0.066667
0 0.080729 0.330000 0.041667 0.066667
0 0.287500 0.248333 0.041667 0.066667
0 0.049479 0.425833 0.041667 0.066667
0 0.031250 0.538333 0.041667 0.066667
0 0.207292 0.515000 0.041667 0.066667
0 0.140104 0.659167 0.041667 0.066667
0 0.247917 0.577500 0.041667 0.066667
0 0.313542 0.558333 0.041667 0.066667
0 0.307812 0.599167 0.041667 0.066667
0 0.216667 0.432500 0.041667 0.066667
0 0.010417 0.708333 0.041667 0.066667
0 0.063542 0.788333 0.041667 0.066667
0 0.121875 0.877500 0.041667 0.066667
0 0.250000 0.775000 0.041667 0.066667
0 0.307292 0.822500 0.041667 0.066667
0 0.314063 0.685833 0.041667 0.066667
0 0.081250 0.975000 0.041667 0.066667
0 0.234375 0.968333 0.041667 0.066667
0 0.457292 0.895833 0.041667 0.066667
0 0.379167 0.922500 0.041667 0.066667
0 0.354167 0.846667 0.041667 0.066667
0 0.506250 0.930833 0.041667 0.066667
0 0.368229 0.680833 0.041667 0.066667
0 0.663542 0.851667 0.041667 0.066667
0 0.634375 0.807500 0.041667 0.066667
0 0.517188 0.773333 0.041667 0.066667
0 0.511979 0.615833 0.041667 0.066667
0 0.654687 0.656667 0.041667 0.066667
0 0.656250 0.572500 0.041667 0.066667
0 0.670833 0.580000 0.041667 0.066667
0 0.670833 0.480000 0.041667 0.066667
0 0.623437 0.480000 0.041667 0.066667
0 0.602083 0.448333 0.041667 0.066667
0 0.395833 0.410833 0.041667 0.066667
0 0.373437 0.494167 0.041667 0.066667
0 0.455208 0.430833 0.041667 0.066667
0 0.392708 0.314167 0.041667 0.066667
0 0.564583 0.390000 0.041667 0.066667
0 0.662500 0.388333 0.041667 0.066667
0 0.340104 0.324167 0.041667 0.066667
0 0.376563 0.067500 0.041667 0.066667
0 0.551042 0.033333 0.041667 0.066667
0 0.611979 0.051667 0.041667 0.066667
0 0.633854 0.193333 0.041667 0.066667
0 0.684375 0.212500 0.041667 0.066667
0 0.705729 0.172500 0.041667 0.066667
0 0.678646 0.044167 0.041667 0.066667
0 0.738021 0.255833 0.041667 0.066667
0 0.798438 0.245000 0.041667 0.066667
0 0.755729 0.301667 0.041667 0.066667
0 0.986979 0.160833 0.041667 0.066667
0 0.948438 0.257500 0.041667 0.066667
0 0.868229 0.376667 0.041667 0.066667
0 0.811979 0.345000 0.041667 0.066667
0 0.956771 0.426667 0.041667 0.066667
0 0.896354 0.503333 0.041667 0.066667
0 0.903125 0.530833 0.041667 0.066667
0 0.753646 0.483333 0.041667 0.066667
0 0.961979 0.611667 0.041667 0.066667
0 0.835417 0.704167 0.041667 0.066667
0 0.928125 0.741667 0.041667 0.066667
0 0.896354 0.770000 0.041667 0.066667
0 0.959896 0.909167 0.041667 0.066667
0 0.942187 0.811667 0.041667 0.066667
0 0.744271 0.889167 0.041667 0.066667
0 0.726562 0.894167 0.041667 0.066667
