0 0.909375 0.112500 0.041667 0.066667
0 0.090625 0.040000 0.041667 0.066667
0 0.623437 0.620833 0.041667 0.066667
0 0.495833 0.404167 0.041667 0.066667
0 0.415104 0.406667 0.041667 0.066667
0 0.201563 0.707500 0.041667 0.066667
0 0.865104 0.880000 0.041667 0.066667
0 0.184896 0.587500 0.041667 0.066667
0 0.042188 0.570000 0.041667 0.066667
0 0.871875 0.255000 0.041667 0.066667
0 0.794792 0.332500 0.041667 0.066667
0 0.890625 0.398333 0.041667 0.066667
0 0.871875 0.478333 0.041667 0.066667
0 0.815104 0.982500 0.041667 0.066667
