0 0.450521 0.390833 0.041667 0.066667
0 0.428125 0.418333 0.041667 0.066667
0 0.548438 0.397500 0.041667 0.066667
0 0.540625 0.480833 0.041667 0.066667
0 0.660937 0.366667 0.041667 0.066667
0 0.574479 0.585833 0.041667 0.066667
0 0.520833 0.619167 0.041667 0.066667
0 0.000521 0.102500 0.041667 0.066667
0 0.148438 0.011667 0.041667 0.066667
0 0.245833 0.083333 0.041667 0.066667
0 0.200000 0.275000 0.041667 0.066667
0 0.298958 0.220000 0.041667 0.066667
0 0.271875 0.335000 0.041667 0.066667
0 0.302604 0.482500 0.041667 0.066667
0 0.220312 0.588333 0.041667 0.066667
0 0.117708 0.617500 0.041667 0.066667
0 0.075000 0.630000 0.041667 0.066667
0 0.066146 0.842500 0.041667 0.066667
0 0.111979 0.908333 0.041667 0.066667
0 0.177604 0.817500 0.041667 0.066667
0 0.263021 0.798333 0.041667 0.066667
0 0.216667 0.965000 0.041667 0.066667
0 0.373437 0.903333 0.041667 0.066667
0 0.507292 0.870833 0.041667 0.066667
0 0.680208 0.734167 0.041667 0.066667
0 0.679688 0.710833 0.041667 0.066667
0 0.392188 0.496667 0.041667 0.066667
0 0.388542 0.266667 0.041667 0.066667
0 0.408333 0.212500 0.041667 0.066667
0 0.657292 0.060000 0.041667 0.066667
0 0.632292 0.086667 0.041667 0.066667
0 0.934375 0.160000 0.041667 0.066667
0 0.842187 0.187500 0.041667 0.066667
0 0.855729 0.278333 0.041667 0.066667
0 0.785417 0.250000 0.041667 0.066667
0 0.700000 0.236667 0.041667 0.066667
0 0.773438 0.395833 0.041667 0.066667
0 0.883333 0.517500 0.041667 0.066667
0 0.967708 0.630833 0.041667 0.066667
0 0.816146 0.575000 0.041667 0.066667
0 0.856250 0.708333 0.041667 0.066667
0 0.959896 0.738333 0.041667 0.066667
0 0.696354 0.947500 0.041667 0.066667
0 0.974479 0.957500 0.041667 0.066667
