0 0.912500 0.849167 0.041667 0.066667
0 0.880729 0.984167 0.041667 0.066667
0 0.847396 0.945833 0.041667 0.066667
0 0.834375 0.775833 0.041667 0.066667
0 0.802083 0.714167 0.041667 0.066667
0 0.687500 0.743333 0.041667 0.066667
0 0.911458 0.470833 0.041667 0.066667
0 0.838542 0.530833 0.041667 0.066667
0 0.802604 0.409167 0.041667 0.066667
0 0.690104 0.357500 0.041667 0.066667
0 0.672396 0.435833 0.041667 0.066667
0 0.679167 0.642500 0.041667 0.066667
0 0.681771 0.616667 0.041667 0.066667
0 0.943229 0.610833 0.041667 0.066667
0 0.953125 0.129167 0.041667 0.066667
0 0.903125 0.134167 0.041667 0.066667
0 0.876042 0.113333 0.041667 0.066667
0 0.853646 0.193333 0.041667 0.066667
0 0.981771 0.270000 0.041667 0.066667
0 0.744271 0.143333 0.041667 0.066667
0 0.727083 0.229167 0.041667 0.066667
0 0.823438 0.094167 0.041667 0.066667
0 0.418229 0.212500 0.041667 0.066667
0 0.503125 0.271667 0.041667 0.066667
0 0.479687 0.345833 0.041667 0.066667
0 0.427604 0.400833 0.041667 0.066667
0 0.554688 0.364167 0.041667 0.066667
0 0.580729 0.424167 0.041667 0.066667
0 0.640625 0.590000 0.041667 0.066667
0 0.653125 0.554167 0.041667 0.066667
0 0.419792 0.603333 0.041667 0.066667
0 0.642188 0.784167 0.041667 0.066667
0 0.650521 0.690000 0.041667 0.066667
0 0.588021 0.755000 0.041667 0.066667
0 0.422917 0.921667 0.041667 0.066667
0 0.291146 0.722500 0.041667 0.066667
0 0.256250 0.775833 0.041667 0.066667
0 0.148438 0.760000 0.041667 0.066667
0 0.152604 0.705833 0.041667 0.066667
0 0.214062 0.875000 0.041667 0.066667
0 0.166667 0.892500 0.041667 0.066667
0 0.065625 0.755000 0.041667 0.066667
0 0.129167 0.931667 0.041667 0.066667
0 0.107813 0.654167 0.041667 0.066667
0 0.161979 0.572500 0.041667 0.066667
0 0.193229 0.573333 0.041667 0.066667
0 0.226562 0.570833 0.041667 0.066667
0 0.269271 0.666667 0.041667 0.066667
0 0.078125 0.470833 0.041667 0.066667
0 0.068229 0.357500 0.041667 0.066667
0 0.018229 0.505000 0.041667 0.066667
0 0.320833 0.401667 0.041667 0.066667
0 0.424479 0.480833 0.041667 0.066667
0 0.538021 0.490833 0.041667 0.066667
0 0.608333 0.423333 0.041667 0.066667
0 0.401042 0.313333 0.041667 0.066667
0 0.562500 0.181667 0.041667 0.066667
0 0.235937 0.279167 0.041667 0.066667
0 0.286979 0.287500 0.041667 0.066667
0 0.266667 0.042500 0.041667 0.066667
0 0.203646 0.045833 0.041667 0.066667
0 0.086458 0.205000 0.041667 0.066667
