0 0.029167 0.160000 0.041667 0.066667
0 0.030729 0.180000 0.041667 0.066667
0 0.079687 0.165833 0.041667 0.066667
0 0.134375 0.085000 0.041667 0.066667
0 0.132292 0.207500 0.041667 0.066667
0 0.621354 0.231667 0.041667 0.066667
0 0.946875 0.221667 0.041667 0.066667
0 0.818229 0.277500 0.041667 0.066667
0 0.770312 0.294167 0.041667 0.066667
0 0.961458 0.453333 0.041667 0.066667
0 0.936979 0.606667 0.041667 0.066667
0 0.723437 0.500000 0.041667 0.066667
0 0.146354 0.404167 0.041667 0.066667
0 0.019271 0.420833 0.041667 0.066667
0 0.061458 0.884167 0.041667 0.066667
0 0.132292 0.757500 0.041667 0.066667
0 0.219792 0.699167 0.041667 0.066667
0 0.232292 0.849167 0.041667 0.066667
0 0.444792 0.862500 0.041667 0.066667
0 0.371875 0.957500 0.041667 0.066667
0 0.665104 0.813333 0.041667 0.066667
0 0.696354 0.840000 0.041667 0.066667
0 0.752083 0.930000 0.041667 0.066667
0 0.765625 0.970833 0.041667 0.066667
0 0.893229 0.988333 0.041667 0.066667
0 0.175521 0.787500 0.041667 0.066667
0 0.217188 0.480000 0.041667 0.066667
0 0.306771 0.391667 0.041667 0.066667
0 0.353646 0.432500 0.041667 0.066667
0 0.641667 0.085000 0.041667 0.066667
0 0.358854 0.795000 0.041667 0.066667
0 0.419271 0.844167 0.041667 0.066667
0 0.256771 0.375833 0.041667 0.066667
