0 0.079687 0.215000 0.041667 0.066667
0 0.286979 0.032500 0.041667 0.066667
0 0.286979 0.125833 0.041667 0.066667
0 0.011458 0.013333 0.041667 0.066667
0 0.017708 0.525000 0.041667 0.066667
0 0.152604 0.531667 0.041667 0.066667
0 0.231771 0.570833 0.041667 0.066667
0 0.200521 0.521667 0.041667 0.066667
0 0.043750 0.799167 0.041667 0.066667
0 0.098958 0.833333 0.041667 0.066667
0 0.193229 0.910000 0.041667 0.066667
0 0.047396 0.895833 0.041667 0.066667
0 0.095312 0.861667 0.041667 0.066667
0 0.153125 0.836667 0.041667 0.066667
0 0.368229 0.735000 0.041667 0.066667
0 0.378646 0.825000 0.041667 0.066667
0 0.423958 0.920000 0.041667 0.066667
0 0.650000 0.748333 0.041667 0.066667
0 0.396354 0.411667 0.041667 0.066667
0 0.493750 0.416667 0.041667 0.066667
0 0.641667 0.498333 0.041667 0.066667
0 0.373958 0.052500 0.041667 0.066667
0 0.564063 0.066667 0.041667 0.066667
0 0.950521 0.036667 0.041667 0.066667
0 0.956250 0.108333 0.041667 0.066667
0 0.740104 0.549167 0.041667 0.066667
0 0.972917 0.616667 0.041667 0.066667
0 0.994792 0.565000 0.041667 0.066667
0 0.729688 0.666667 0.041667 0.066667
0 0.722396 0.850000 0.041667 0.066667
0 0.858333 0.928333 0.041667 0.066667
0 0.907292 0.825833 0.041667 0.066667
0 0.852604 0.795833 0.041667 0.066667
