0 0.029167 0.275000 0.041667 0.066667
0 0.214062 0.125000 0.041667 0.066667
0 0.294271 0.007500 0.041667 0.066667
0 0.330208 0.150000 0.041667 0.066667
0 0.296354 0.212500 0.041667 0.066667
0 0.052604 0.356667 0.041667 0.066667
0 0.140104 0.375833 0.041667 0.066667
0 0.231250 0.356667 0.041667 0.066667
0 0.250000 0.408333 0.041667 0.066667
0 0.233854 0.460000 0.041667 0.066667
0 0.231250 0.428333 0.041667 0.066667
0 0.153646 0.490833 0.041667 0.066667
0 0.095833 0.598333 0.041667 0.066667
0 0.093229 0.663333 0.041667 0.066667
0 0.172917 0.642500 0.041667 0.066667
0 0.260417 0.587500 0.041667 0.066667
0 0.292708 0.586667 0.041667 0.066667
0 0.141667 0.680000 0.041667 0.066667
0 0.135417 0.725833 0.041667 0.066667
0 0.214062 0.784167 0.041667 0.066667
0 0.054688 0.970000 0.041667 0.066667
0 0.021875 0.973333 0.041667 0.066667
0 0.191667 0.940000 0.041667 0.066667
0 0.241146 0.980833 0.041667 0.066667
0 0.257812 0.922500 0.041667 0.066667
0 0.339062 0.832500 0.041667 0.066667
0 0.470833 0.855833 0.041667 0.066667
0 0.493750 0.949167 0.041667 0.066667
0 0.368750 0.989167 0.041667 0.066667
0 0.586458 0.876667 0.041667 0.066667
0 0.606250 0.878333 0.041667 0.066667
0 0.659375 0.959167 0.041667 0.066667
0 0.672396 0.842500 0.041667 0.066667
0 0.568229 0.710833 0.041667 0.066667
0 0.412500 0.630833 0.041667 0.066667
0 0.524479 0.515833 0.041667 0.066667
0 0.602083 0.444167 0.041667 0.066667
0 0.606250 0.423333 0.041667 0.066667
0 0.492708 0.360833 0.041667 0.066667
0 0.459375 0.362500 0.041667 0.066667
0 0.360938 0.149167 0.041667 0.066667
0 0.503125 0.230833 0.041667 0.066667
0 0.621875 0.066667 0.041667 0.066667
0 0.688021 0.025833 0.041667 0.066667
0 0.695833 0.270833 0.041667 0.066667
0 0.751042 0.133333 0.041667 0.066667
0 0.858854 0.022500 0.041667 0.066667
0 0.918229 0.035833 0.041667 0.066667
0 0.856250 0.114167 0.041667 0.066667
0 0.817708 0.179167 0.041667 0.066667
0 0.869271 0.275833 0.041667 0.066667
0 0.807813 0.342500 0.041667 0.066667
0 0.804167 0.450000 0.041667 0.066667
0 0.861458 0.417500 0.041667 0.066667
0 0.965625 0.424167 0.041667 0.066667
0 0.938542 0.500000 0.041667 0.066667
0 0.960417 0.584167 0.041667 0.066667
0 0.761979 0.525000 0.041667 0.066667
0 0.715104 0.819167 0.041667 0.066667
0 0.758854 0.883333 0.041667 0.066667
0 0.932292 0.803333 0.041667 0.066667
0 0.968229 0.807500 0.041667 0.066667
0 0.988021 0.923333 0.041667 0.066667
0 0.987500 0.931667 0.041667 0.066667
0 0.978646 0.890833 0.041667 0.066667
