0 0.239063 0.020000 0.041667 0.066667
0 0.386979 0.225833 0.041667 0.066667
0 0.315625 0.101667 0.041667 0.066667
0 0.616146 0.023333 0.041667 0.066667
0 0.983854 0.117500 0.041667 0.066667
0 0.832812 0.540833 0.041667 0.066667
0 0.827083 0.520000 0.041667 0.066667
0 0.858854 0.647500 0.041667 0.066667
0 0.630729 0.647500 0.041667 0.066667
0 0.672917 0.590833 0.041667 0.066667
0 0.710417 0.385000 0.041667 0.066667
0 0.572917 0.562500 0.041667 0.066667
0 0.375000 0.416667 0.041667 0.066667
0 0.398438 0.461667 0.041667 0.066667
0 0.407292 0.537500 0.041667 0.066667
0 0.071354 0.494167 0.041667 0.066667
0 0.142708 0.584167 0.041667 0.066667
0 0.275521 0.764167 0.041667 0.066667
0 0.223438 0.801667 0.041667 0.066667
0 0.241667 0.593333 0.041667 0.066667
0 0.493750 0.333333 0.041667 0.066667
0 0.583333 0.883333 0.041667 0.066667
0 0.515104 0.780833 0.041667 0.066667
0 0.070312 0.472500 0.041667 0.066667
0 0.291146 0.393333 0.041667 0.066667
