0 0.164583 0.127500 0.041667 0.066667
0 0.314583 0.052500 0.041667 0.066667
0 0.340625 0.094167 0.041667 0.066667
0 0.314063 0.140000 0.041667 0.066667
0 0.278125 0.158333 0.041667 0.066667
0 0.268750 0.198333 0.041667 0.066667
0 0.115625 0.208333 0.041667 0.066667
0 0.029687 0.261667 0.041667 0.066667
0 0.011458 0.410000 0.041667 0.066667
0 0.015104 0.431667 0.041667 0.066667
0 0.166667 0.616667 0.041667 0.066667
0 0.287500 0.552500 0.041667 0.066667
0 0.201042 0.895000 0.041667 0.066667
0 0.157812 0.800833 0.041667 0.066667
0 0.099479 0.783333 0.041667 0.066667
0 0.093229 0.876667 0.041667 0.066667
0 0.359375 0.761667 0.041667 0.066667
0 0.406771 0.789167 0.041667 0.066667
0 0.421875 0.773333 0.041667 0.066667
0 0.600521 0.819167 0.041667 0.066667
0 0.611979 0.870000 0.041667 0.066667
0 0.339583 0.645000 0.041667 0.066667
0 0.497396 0.587500 0.041667 0.066667
0 0.575000 0.484167 0.041667 0.066667
0 0.641667 0.580000 0.041667 0.066667
0 0.618750 0.565000 0.041667 0.066667
0 0.397396 0.109167 0.041667 0.066667
0 0.497396 0.170833 0.041667 0.066667
0 0.576042 0.240000 0.041667 0.066667
0 0.690104 0.051667 0.041667 0.066667
0 0.686979 0.017500 0.041667 0.066667
0 0.719792 0.032500 0.041667 0.066667
0 0.741667 0.095833 0.041667 0.066667
0 0.696354 0.224167 0.041667 0.066667
0 0.756250 0.290833 0.041667 0.066667
0 0.741146 0.243333 0.041667 0.066667
0 0.839583 0.155000 0.041667 0.066667
0 0.828646 0.030833 0.041667 0.066667
0 0.897917 0.083333 0.041667 0.066667
0 0.938542 0.137500 0.041667 0.066667
0 0.867708 0.171667 0.041667 0.066667
0 0.850000 0.304167 0.041667 0.066667
0 0.917708 0.393333 0.041667 0.066667
0 0.842187 0.400000 0.041667 0.066667
0 0.793229 0.575000 0.041667 0.066667
0 0.845313 0.622500 0.041667 0.066667
0 0.700521 0.686667 0.041667 0.066667
0 0.757292 0.735000 0.041667 0.066667
0 0.718750 0.787500 0.041667 0.066667
0 0.730729 0.900000 0.041667 0.066667
0 0.852604 0.770833 0.041667 0.066667
0 0.840625 0.857500 0.041667 0.066667
0 0.871354 0.980833 0.041667 0.066667
0 0.974479 0.731667 0.041667 0.066667
0 0.960938 0.941667 0.041667 0.066667
