0 0.165104 0.265000 0.041667 0.066667
0 0.214062 0.197500 0.041667 0.066667
0 0.202083 0.105833 0.041667 0.066667
0 0.344792 0.247500 0.041667 0.066667
0 0.842187 0.324167 0.041667 0.066667
0 0.888542 0.442500 0.041667 0.066667
0 0.959375 0.423333 0.041667 0.066667
0 0.901563 0.374167 0.041667 0.066667
0 0.984375 0.439167 0.041667 0.066667
0 0.706771 0.434167 0.041667 0.066667
0 0.768750 0.368333 0.041667 0.066667
0 0.709375 0.532500 0.041667 0.066667
0 0.903125 0.618333 0.041667 0.066667
0 0.876042 0.679167 0.041667 0.066667
0 0.531771 0.367500 0.041667 0.066667
0 0.595833 0.541667 0.041667 0.066667
0 0.235937 0.520000 0.041667 0.066667
0 0.096354 0.663333 0.041667 0.066667
0 0.187500 0.769167 0.041667 0.066667
0 0.235417 0.807500 0.041667 0.066667
0 0.188542 0.975000 0.041667 0.066667
0 0.291667 0.940000 0.041667 0.066667
0 0.368750 0.777500 0.041667 0.066667
0 0.393750 0.782500 0.041667 0.066667
0 0.353125 0.873333 0.041667 0.066667
0 0.715625 0.691667 0.041667 0.066667
0 0.979167 0.755000 0.041667 0.066667
0 0.731771 0.891667 0.041667 0.066667
0 0.503646 0.809167 0.041667 0.066667
0 0.824479 0.515000 0.041667 0.066667
0 0.447396 0.165000 0.041667 0.066667
0 0.826042 0.592500 0.041667 0.066667
0 0.834896 0.870000 0.041667 0.066667
0 0.669792 0.385000 0.041667 0.066667
0 0.138542 0.880000 0.041667 0.066667
0 0.151562 0.984167 0.041667 0.066667
