0 0.382292 0.220833 0.041667 0.066667
0 0.657292 0.145833 0.041667 0.066667
0 0.789062 0.424167 0.041667 0.066667
0 0.404687 0.400000 0.041667 0.066667
0 0.115625 0.243333 0.041667 0.066667
0 0.007812 0.579167 0.041667 0.066667
0 0.232292 0.563333 0.041667 0.066667
0 0.249479 0.504167 0.041667 0.066667
0 0.516667 0.088333 0.041667 0.066667
0 0.541667 0.165833 0.041667 0.066667
0 0.465625 0.219167 0.041667 0.066667
0 0.792188 0.226667 0.041667 0.066667
0 0.861458 0.396667 0.041667 0.066667
0 0.729688 0.375000 0.041667 0.066667
0 0.701042 0.590000 0.041667 0.066667
0 0.086458 0.846667 0.041667 0.066667
0 0.351042 0.960000 0.041667 0.066667
0 0.598958 0.852500 0.041667 0.066667
0 0.333854 0.582500 0.041667 0.066667
0 0.814583 0.670000 0.041667 0.066667
0 0.871354 0.801667 0.041667 0.066667
0 0.096354 0.780000 0.041667 0.066667
