0 0.234896 0.445833 0.041667 0.066667
0 0.279167 0.396667 0.041667 0.066667
0 0.030729 0.778333 0.041667 0.066667
0 0.238542 0.952500 0.041667 0.066667
0 0.535417 0.707500 0.041667 0.066667
0 0.404167 0.488333 0.041667 0.066667
0 0.415104 0.458333 0.041667 0.066667
0 0.630729 0.479167 0.041667 0.066667
0 0.363021 0.345000 0.041667 0.066667
0 0.361979 0.160000 0.041667 0.066667
0 0.389583 0.015000 0.041667 0.066667
0 0.770833 0.295000 0.041667 0.066667
0 0.826042 0.280000 0.041667 0.066667
0 0.927604 0.258333 0.041667 0.066667
0 0.963542 0.198333 0.041667 0.066667
0 0.991667 0.186667 0.041667 0.066667
0 0.783333 0.452500 0.041667 0.066667
0 0.982812 0.511667 0.041667 0.066667
0 0.980729 0.941667 0.041667 0.066667
