0 0.034896 0.191667 0.041667 0.066667
0 0.129688 0.034167 0.041667 0.066667
0 0.063021 0.341667 0.041667 0.066667
0 0.237500 0.326667 0.041667 0.066667
0 0.214062 0.393333 0.041667 0.066667
0 0.279167 0.455000 0.041667 0.066667
0 0.163021 0.748333 0.041667 0.066667
0 0.550521 0.951667 0.041667 0.066667
0 0.617188 0.716667 0.041667 0.066667
0 0.440104 0.516667 0.041667 0.066667
0 0.609896 0.165000 0.041667 0.066667
0 0.923438 0.117500 0.041667 0.066667
0 0.764062 0.411667 0.041667 0.066667
0 0.954167 0.384167 0.041667 0.066667
