0 0.109375 0.148333 0.041667 0.066667
0 0.296354 0.155833 0.041667 0.066667
0 0.677083 0.141667 0.041667 0.066667
0 0.724479 0.070833 0.041667 0.066667
0 0.665104 0.045000 0.041667 0.066667
0 0.496354 0.098333 0.041667 0.066667
0 0.555729 0.385833 0.041667 0.066667
0 0.482812 0.370833 0.041667 0.066667
0 0.809375 0.160000 0.041667 0.066667
0 0.062500 0.543333 0.041667 0.066667
0 0.301563 0.675000 0.041667 0.066667
0 0.176563 0.693333 0.041667 0.066667
0 0.250521 0.040000 0.041667 0.066667
