0 0.690625 0.065000 0.041667 0.066667
0 0.761979 0.249167 0.041667 0.066667
0 0.583854 0.602500 0.041667 0.066667
0 0.094271 0.376667 0.041667 0.066667
0 0.029687 0.205000 0.041667 0.066667
0 0.339062 0.240000 0.041667 0.066667
0 0.338542 0.280000 0.041667 0.066667
0 0.851042 0.144167 0.041667 0.066667
0 0.951042 0.158333 0.041667 0.066667
0 0.700000 0.928333 0.041667 0.066667
0 0.950521 0.673333 0.041667 0.066667
0 0.455729 0.566667 0.041667 0.066667
0 0.369792 0.540000 0.041667 0.066667
0 0.669792 0.341667 0.041667 0.066667
0 0.594271 0.353333 0.041667 0.066667
0 0.039583 0.648333 0.041667 0.066667
0 0.266146 0.773333 0.041667 0.066667
0 0.289583 0.910833 0.041667 0.066667
0 0.555208 0.767500 0.041667 0.066667
0 0.157292 0.485833 0.041667 0.066667
