0 0.121354 0.142500 0.041667 0.066667
0 0.127604 0.176667 0.041667 0.066667
0 0.102083 0.291667 0.041667 0.066667
0 0.029167 0.319167 0.041667 0.066667
0 0.220312 0.212500 0.041667 0.066667
0 0.222396 0.181667 0.041667 0.066667
0 0.288021 0.207500 0.041667 0.066667
0 0.153646 0.413333 0.041667 0.066667
0 0.122917 0.488333 0.041667 0.066667
0 0.199479 0.525833 0.041667 0.066667
0 0.275000 0.552500 0.041667 0.066667
0 0.086979 0.668333 0.041667 0.066667
0 0.073438 0.713333 0.041667 0.066667
0 0.068229 0.822500 0.041667 0.066667
0 0.150000 0.775000 0.041667 0.066667
0 0.243229 0.749167 0.041667 0.066667
0 0.319271 0.780000 0.041667 0.066667
0 0.296875 0.825833 0.041667 0.066667
0 0.263542 0.940833 0.041667 0.066667
0 0.192708 0.932500 0.041667 0.066667
0 0.063021 0.903333 0.041667 0.066667
0 0.321875 0.505000 0.041667 0.066667
0 0.364063 0.115000 0.041667 0.066667
0 0.456771 0.090000 0.041667 0.066667
0 0.468229 0.027500 0.041667 0.066667
0 0.548958 0.096667 0.041667 0.066667
0 0.643229 0.074167 0.041667 0.066667
0 0.673438 0.059167 0.041667 0.066667
0 0.604167 0.266667 0.041667 0.066667
0 0.569271 0.218333 0.041667 0.066667
0 0.385417 0.356667 0.041667 0.066667
0 0.330208 0.365000 0.041667 0.066667
0 0.405729 0.586667 0.041667 0.066667
0 0.507292 0.442500 0.041667 0.066667
0 0.501563 0.400833 0.041667 0.066667
0 0.588542 0.656667 0.041667 0.066667
0 0.364583 0.965833 0.041667 0.066667
0 0.353646 0.839167 0.041667 0.066667
0 0.651563 0.846667 0.041667 0.066667
0 0.523438 0.892500 0.041667 0.066667
0 0.478646 0.670000 0.041667 0.066667
0 0.765104 0.771667 0.041667 0.066667
0 0.726042 0.661667 0.041667 0.066667
0 0.863542 0.684167 0.041667 0.066667
0 0.945312 0.865833 0.041667 0.066667
0 0.861979 0.880833 0.041667 0.066667
0 0.822396 0.911667 0.041667 0.066667
0 0.736979 0.866667 0.041667 0.066667
0 0.939583 0.599167 0.041667 0.066667
0 0.827604 0.532500 0.041667 0.066667
0 0.690625 0.503333 0.041667 0.066667
0 0.983333 0.485833 0.041667 0.066667
0 0.797396 0.059167 0.041667 0.066667
