0 0.175521 0.087500 0.041667 0.066667
0 0.294792 0.015000 0.041667 0.066667
0 0.415625 0.117500 0.041667 0.066667
0 0.387500 0.343333 0.041667 0.066667
0 0.213021 0.465833 0.041667 0.066667
0 0.082812 0.210000 0.041667 0.066667
0 0.074479 0.322500 0.041667 0.066667
0 0.058333 0.778333 0.041667 0.066667
0 0.084896 0.979167 0.041667 0.066667
0 0.358333 0.462500 0.041667 0.066667
0 0.516667 0.202500 0.041667 0.066667
0 0.641146 0.086667 0.041667 0.066667
0 0.821875 0.405833 0.041667 0.066667
0 0.990625 0.571667 0.041667 0.066667
0 0.953646 0.563333 0.041667 0.066667
0 0.055208 0.260833 0.041667 0.066667
0 0.140104 0.285833 0.041667 0.066667
0 0.538021 0.590000 0.041667 0.066667
0 0.757812 0.894167 0.041667 0.066667
0 0.515625 0.036667 0.041667 0.066667
0 0.423438 0.102500 0.041667 0.066667
