0 0.050000 0.024167 0.041667 0.066667
0 0.251563 0.118333 0.041667 0.066667
0 0.222917 0.238333 0.041667 0.066667
0 0.227083 0.371667 0.041667 0.066667
0 0.013542 0.381667 0.041667 0.066667
0 0.310417 0.941667 0.041667 0.066667
0 0.179167 0.883333 0.041667 0.066667
0 0.550521 0.857500 0.041667 0.066667
0 0.543750 0.850833 0.041667 0.066667
0 0.502604 0.956667 0.041667 0.066667
0 0.577604 0.455000 0.041667 0.066667
0 0.381771 0.432500 0.041667 0.066667
0 0.428646 0.388333 0.041667 0.066667
0 0.643750 0.305833 0.041667 0.066667
0 0.564583 0.140833 0.041667 0.066667
0 0.586458 0.134167 0.041667 0.066667
0 0.476562 0.015000 0.041667 0.066667
0 0.855208 0.053333 0.041667 0.066667
0 0.742188 0.325833 0.041667 0.066667
0 0.983854 0.170833 0.041667 0.066667
0 0.902604 0.625000 0.041667 0.066667
0 0.978646 0.885000 0.041667 0.066667
