0 0.122396 0.284167 0.041667 0.066667
0 0.122917 0.392500 0.041667 0.066667
0 0.054167 0.508333 0.041667 0.066667
0 0.113021 0.524167 0.041667 0.066667
0 0.225000 0.486667 0.041667 0.066667
0 0.285417 0.452500 0.041667 0.066667
0 0.367188 0.332500 0.041667 0.066667
0 0.055729 0.686667 0.041667 0.066667
0 0.219792 0.688333 0.041667 0.066667
0 0.277083 0.678333 0.041667 0.066667
0 0.284375 0.782500 0.041667 0.066667
0 0.273958 0.841667 0.041667 0.066667
0 0.168229 0.980833 0.041667 0.066667
0 0.285417 0.965833 0.041667 0.066667
0 0.329688 0.841667 0.041667 0.066667
0 0.345833 0.646667 0.041667 0.066667
0 0.396875 0.732500 0.041667 0.066667
0 0.403125 0.965833 0.041667 0.066667
0 0.507812 0.990000 0.041667 0.066667
0 0.573438 0.850000 0.041667 0.066667
0 0.495312 0.586667 0.041667 0.066667
0 0.461979 0.622500 0.041667 0.066667
0 0.479167 0.607500 0.041667 0.066667
0 0.485938 0.575833 0.041667 0.066667
0 0.443750 0.331667 0.041667 0.066667
0 0.493750 0.302500 0.041667 0.066667
0 0.551042 0.266667 0.041667 0.066667
0 0.391667 0.055000 0.041667 0.066667
0 0.618750 0.150000 0.041667 0.066667
0 0.755729 0.135000 0.041667 0.066667
0 0.901042 0.114167 0.041667 0.066667
0 0.871354 0.099167 0.041667 0.066667
0 0.932813 0.155000 0.041667 0.066667
0 0.913021 0.062500 0.041667 0.066667
0 0.924479 0.028333 0.041667 0.066667
0 0.968750 0.224167 0.041667 0.066667
0 0.750000 0.334167 0.041667 0.066667
0 0.904687 0.489167 0.041667 0.066667
0 0.923438 0.557500 0.041667 0.066667
0 0.863021 0.541667 0.041667 0.066667
0 0.908333 0.788333 0.041667 0.066667
0 0.902604 0.983333 0.041667 0.066667
0 0.855729 0.978333 0.041667 0.066667
0 0.721875 0.893333 0.041667 0.066667
0 0.956771 0.963333 0.041667 0.066667
0 0.121354 0.038333 0.041667 0.066667
0 0.282813 0.092500 0.041667 0.066667
0 0.323958 0.318333 0.041667 0.066667
