0 0.094792 0.033333 0.041667 0.066667
0 0.242188 0.154167 0.041667 0.066667
0 0.107292 0.069167 0.041667 0.066667
0 0.390625 0.108333 0.041667 0.066667
0 0.380729 0.275000 0.041667 0.066667
0 0.488542 0.274167 0.041667 0.066667
0 0.888021 0.235000 0.041667 0.066667
0 0.759896 0.490833 0.041667 0.066667
0 0.763021 0.525833 0.041667 0.066667
0 0.851042 0.496667 0.041667 0.066667
0 0.484375 0.419167 0.041667 0.066667
0 0.452604 0.472500 0.041667 0.066667
0 0.441667 0.591667 0.041667 0.066667
0 0.223438 0.395000 0.041667 0.066667
0 0.073958 0.424167 0.041667 0.066667
0 0.082292 0.385833 0.041667 0.066667
0 0.008333 0.723333 0.041667 0.066667
0 0.380729 0.917500 0.041667 0.066667
0 0.422396 0.888333 0.041667 0.066667
0 0.498437 0.899167 0.041667 0.066667
0 0.808854 0.843333 0.041667 0.066667
0 0.808333 0.926667 0.041667 0.066667
0 0.977604 0.800833 0.041667 0.066667
0 0.324479 0.366667 0.041667 0.066667
0 0.142708 0.349167 0.041667 0.066667
0 0.509896 0.768333 0.041667 0.066667
0 0.497396 0.389167 0.041667 0.066667
0 0.466667 0.357500 0.041667 0.066667
0 0.509896 0.368333 0.041667 0.066667
0 0.946875 0.037500 0.041667 0.066667
0 0.831771 0.123333 0.041667 0.066667
0 0.806771 0.666667 0.041667 0.066667
