0 0.021696 0.502959 0.007890 0.017751
0 0.031558 0.502959 0.007890 0.017751
0 0.099606 0.504438 0.009862 0.020710
0 0.165680 0.502959 0.007890 0.017751
0 0.254438 0.505917 0.007890 0.017751
0 0.304734 0.510355 0.009862 0.026627
0 0.320513 0.497041 0.025641 0.082840
0 0.356016 0.498521 0.041420 0.127219
0 0.441815 0.498521 0.074951 0.221893
0 0.497041 0.510355 0.007890 0.014793
0 0.570020 0.510355 0.007890 0.014793
0 0.629191 0.513314 0.011834 0.020710
0 0.689349 0.510355 0.009862 0.014793
0 0.858974 0.511834 0.005917 0.017751
0 0.929980 0.513314 0.005917 0.014793
0 0.951677 0.517751 0.009862 0.017751
0 0.777120 0.513314 0.252465 0.730769
