2 0.099332 0.241000 0.098497 0.134000
2 0.181970 0.243000 0.103506 0.122000
2 0.229549 0.380000 0.125209 0.132000
2 0.375626 0.337000 0.120200 0.134000
2 0.198664 0.531000 0.116861 0.122000
2 0.415693 0.511000 0.123539 0.138000
2 0.616861 0.417000 0.118531 0.126000
2 0.424875 0.715000 0.118531 0.130000
2 0.777963 0.402000 0.116861 0.140000
2 0.759599 0.524000 0.116861 0.140000
2 0.662771 0.670000 0.113523 0.140000
2 0.840568 0.665000 0.108514 0.122000
2 0.795492 0.875000 0.108514 0.118000
2 0.827212 0.788000 0.111853 0.100000
