0 0.157292 0.199167 0.041667 0.066667
0 0.367188 0.110000 0.041667 0.066667
0 0.396875 0.283333 0.041667 0.066667
0 0.480208 0.335000 0.041667 0.066667
0 0.531250 0.050833 0.041667 0.066667
0 0.575000 0.095000 0.041667 0.066667
0 0.680208 0.172500 0.041667 0.066667
0 0.784375 0.060000 0.041667 0.066667
0 0.803125 0.182500 0.041667 0.066667
0 0.825000 0.266667 0.041667 0.066667
0 0.892188 0.475000 0.041667 0.066667
0 0.939063 0.523333 0.041667 0.066667
0 0.619271 0.582500 0.041667 0.066667
0 0.458854 0.495833 0.041667 0.066667
0 0.368229 0.555000 0.041667 0.066667
0 0.346354 0.394167 0.041667 0.066667
0 0.255208 0.518333 0.041667 0.066667
0 0.084896 0.603333 0.041667 0.066667
0 0.244792 0.590000 0.041667 0.066667
0 0.110417 0.848333 0.041667 0.066667
0 0.639062 0.810000 0.041667 0.066667
0 0.894792 0.916667 0.041667 0.066667
0 0.786458 0.449167 0.041667 0.066667
0 0.621875 0.487500 0.041667 0.066667
0 0.446354 0.753333 0.041667 0.066667
0 0.191146 0.644167 0.041667 0.066667
0 0.922396 0.862500 0.041667 0.066667
0 0.983854 0.720000 0.041667 0.066667
0 0.758854 0.715000 0.041667 0.066667
