0 0.093229 0.285833 0.041667 0.066667
0 0.076563 0.291667 0.041667 0.066667
0 0.023438 0.300000 0.041667 0.066667
0 0.031250 0.035000 0.041667 0.066667
0 0.145833 0.042500 0.041667 0.066667
0 0.054167 0.333333 0.041667 0.066667
0 0.048438 0.465000 0.041667 0.066667
0 0.095833 0.563333 0.041667 0.066667
0 0.038542 0.601667 0.041667 0.066667
0 0.236458 0.570000 0.041667 0.066667
0 0.308854 0.603333 0.041667 0.066667
0 0.288542 0.421667 0.041667 0.066667
0 0.090104 0.690833 0.041667 0.066667
0 0.073958 0.830000 0.041667 0.066667
0 0.022396 0.895000 0.041667 0.066667
0 0.059375 0.953333 0.041667 0.066667
0 0.132812 0.847500 0.041667 0.066667
0 0.164583 0.752500 0.041667 0.066667
0 0.256771 0.870000 0.041667 0.066667
0 0.207813 0.930000 0.041667 0.066667
0 0.308854 0.865000 0.041667 0.066667
0 0.249479 0.714167 0.041667 0.066667
0 0.098437 0.891667 0.041667 0.066667
0 0.088021 0.961667 0.041667 0.066667
0 0.504687 0.853333 0.041667 0.066667
0 0.547396 0.828333 0.041667 0.066667
0 0.530729 0.816667 0.041667 0.066667
0 0.551562 0.767500 0.041667 0.066667
0 0.566146 0.748333 0.041667 0.066667
0 0.509896 0.605000 0.041667 0.066667
0 0.522917 0.505000 0.041667 0.066667
0 0.413542 0.386667 0.041667 0.066667
0 0.666146 0.477500 0.041667 0.066667
0 0.520312 0.174167 0.041667 0.066667
0 0.528646 0.039167 0.041667 0.066667
0 0.576562 0.056667 0.041667 0.066667
0 0.650000 0.301667 0.041667 0.066667
0 0.743229 0.146667 0.041667 0.066667
0 0.744792 0.267500 0.041667 0.066667
0 0.733333 0.381667 0.041667 0.066667
0 0.704688 0.403333 0.041667 0.066667
0 0.657292 0.340833 0.041667 0.066667
0 0.688021 0.310833 0.041667 0.066667
0 0.727604 0.431667 0.041667 0.066667
0 0.754687 0.475000 0.041667 0.066667
0 0.763021 0.628333 0.041667 0.066667
0 0.955729 0.570000 0.041667 0.066667
0 0.958333 0.512500 0.041667 0.066667
0 0.859896 0.711667 0.041667 0.066667
0 0.707812 0.955833 0.041667 0.066667
