0 0.088542 0.188333 0.041667 0.066667
0 0.303646 0.037500 0.041667 0.066667
0 0.270313 0.245000 0.041667 0.066667
0 0.598437 0.096667 0.041667 0.066667
0 0.967708 0.284167 0.041667 0.066667
0 0.991667 0.112500 0.041667 0.066667
0 0.908854 0.466667 0.041667 0.066667
0 0.884375 0.481667 0.041667 0.066667
0 0.970833 0.508333 0.041667 0.066667
0 0.467708 0.443333 0.041667 0.066667
0 0.534375 0.517500 0.041667 0.066667
0 0.333854 0.409167 0.041667 0.066667
0 0.409375 0.499167 0.041667 0.066667
0 0.043750 0.401667 0.041667 0.066667
0 0.069792 0.755000 0.041667 0.066667
0 0.102083 0.875833 0.041667 0.066667
0 0.178646 0.867500 0.041667 0.066667
0 0.227604 0.946667 0.041667 0.066667
0 0.198958 0.859167 0.041667 0.066667
0 0.015625 0.708333 0.041667 0.066667
0 0.513021 0.715000 0.041667 0.066667
0 0.452604 0.966667 0.041667 0.066667
0 0.421354 0.825833 0.041667 0.066667
0 0.584896 0.848333 0.041667 0.066667
0 0.524479 0.978333 0.041667 0.066667
0 0.676562 0.717500 0.041667 0.066667
0 0.743229 0.693333 0.041667 0.066667
0 0.778646 0.731667 0.041667 0.066667
0 0.680729 0.820000 0.041667 0.066667
0 0.911458 0.761667 0.041667 0.066667
0 0.858854 0.920000 0.041667 0.066667
0 0.833333 0.754167 0.041667 0.066667
0 0.129167 0.547500 0.041667 0.066667
0 0.559896 0.430833 0.041667 0.066667
0 0.628125 0.516667 0.041667 0.066667
0 0.633854 0.513333 0.041667 0.066667
