0 0.129688 0.199167 0.041667 0.066667
0 0.191146 0.193333 0.041667 0.066667
0 0.120833 0.223333 0.041667 0.066667
0 0.046875 0.340000 0.041667 0.066667
0 0.212500 0.349167 0.041667 0.066667
0 0.278125 0.479167 0.041667 0.066667
0 0.020833 0.478333 0.041667 0.066667
0 0.319271 0.797500 0.041667 0.066667
0 0.508333 0.845833 0.041667 0.066667
0 0.755729 0.094167 0.041667 0.066667
0 0.757812 0.230000 0.041667 0.066667
0 0.911458 0.204167 0.041667 0.066667
0 0.798438 0.443333 0.041667 0.066667
0 0.690625 0.525833 0.041667 0.066667
0 0.802604 0.665000 0.041667 0.066667
0 0.929688 0.124167 0.041667 0.066667
