0 0.116667 0.082500 0.041667 0.066667
0 0.323437 0.075000 0.041667 0.066667
0 0.410938 0.330000 0.041667 0.066667
0 0.432812 0.261667 0.041667 0.066667
0 0.492708 0.239167 0.041667 0.066667
0 0.777083 0.305000 0.041667 0.066667
0 0.902604 0.127500 0.041667 0.066667
0 0.510417 0.587500 0.041667 0.066667
0 0.175000 0.346667 0.041667 0.066667
0 0.043229 0.709167 0.041667 0.066667
0 0.967187 0.840000 0.041667 0.066667
0 0.902604 0.922500 0.041667 0.066667
0 0.190625 0.941667 0.041667 0.066667
