0 0.120313 0.024167 0.041667 0.066667
0 0.165625 0.075000 0.041667 0.066667
0 0.313542 0.297500 0.041667 0.066667
0 0.009896 0.275000 0.041667 0.066667
0 0.152604 0.400833 0.041667 0.066667
0 0.121875 0.310000 0.041667 0.066667
0 0.283854 0.490000 0.041667 0.066667
0 0.203646 0.620833 0.041667 0.066667
0 0.146354 0.550833 0.041667 0.066667
0 0.127083 0.511667 0.041667 0.066667
0 0.055729 0.595833 0.041667 0.066667
0 0.150000 0.584167 0.041667 0.066667
0 0.129688 0.505000 0.041667 0.066667
0 0.080729 0.730000 0.041667 0.066667
0 0.103125 0.850000 0.041667 0.066667
0 0.270833 0.755833 0.041667 0.066667
0 0.300521 0.749167 0.041667 0.066667
0 0.201563 0.848333 0.041667 0.066667
0 0.511979 0.775833 0.041667 0.066667
0 0.481771 0.715833 0.041667 0.066667
0 0.425521 0.735000 0.041667 0.066667
0 0.429167 0.847500 0.041667 0.066667
0 0.403646 0.913333 0.041667 0.066667
0 0.359896 0.944167 0.041667 0.066667
0 0.535417 0.976667 0.041667 0.066667
0 0.603646 0.780000 0.041667 0.066667
0 0.411458 0.642500 0.041667 0.066667
0 0.507292 0.343333 0.041667 0.066667
0 0.603646 0.380833 0.041667 0.066667
0 0.376042 0.345833 0.041667 0.066667
0 0.379688 0.243333 0.041667 0.066667
0 0.506250 0.116667 0.041667 0.066667
0 0.552604 0.160000 0.041667 0.066667
0 0.566146 0.018333 0.041667 0.066667
0 0.692708 0.058333 0.041667 0.066667
0 0.723437 0.087500 0.041667 0.066667
0 0.825000 0.111667 0.041667 0.066667
0 0.864583 0.009167 0.041667 0.066667
0 0.722917 0.370000 0.041667 0.066667
0 0.758854 0.398333 0.041667 0.066667
0 0.772917 0.385000 0.041667 0.066667
0 0.731771 0.440000 0.041667 0.066667
0 0.801562 0.594167 0.041667 0.066667
0 0.863021 0.569167 0.041667 0.066667
0 0.900000 0.518333 0.041667 0.066667
0 0.894271 0.613333 0.041667 0.066667
0 0.851562 0.901667 0.041667 0.066667
0 0.809375 0.920833 0.041667 0.066667
0 0.743229 0.782500 0.041667 0.066667
0 0.980208 0.773333 0.041667 0.066667
