0 0.160938 0.052500 0.041667 0.066667
0 0.330729 0.258333 0.041667 0.066667
0 0.049479 0.453333 0.041667 0.066667
0 0.243229 0.659167 0.041667 0.066667
0 0.295833 0.686667 0.041667 0.066667
0 0.040625 0.674167 0.041667 0.066667
0 0.286979 0.931667 0.041667 0.066667
0 0.550000 0.966667 0.041667 0.066667
0 0.608854 0.979167 0.041667 0.066667
0 0.385417 0.334167 0.041667 0.066667
0 0.462500 0.068333 0.041667 0.066667
0 0.811979 0.055000 0.041667 0.066667
0 0.826562 0.228333 0.041667 0.066667
0 0.740104 0.221667 0.041667 0.066667
0 0.807292 0.318333 0.041667 0.066667
0 0.735938 0.434167 0.041667 0.066667
0 0.716146 0.470000 0.041667 0.066667
0 0.700521 0.409167 0.041667 0.066667
0 0.727604 0.631667 0.041667 0.066667
0 0.842187 0.950000 0.041667 0.066667
0 0.936979 0.954167 0.041667 0.066667
