0 0.094271 0.265833 0.041667 0.066667
0 0.013542 0.215833 0.041667 0.066667
0 0.250000 0.284167 0.041667 0.066667
0 0.495833 0.046667 0.041667 0.066667
0 0.583333 0.090000 0.041667 0.066667
0 0.621354 0.081667 0.041667 0.066667
0 0.727083 0.167500 0.041667 0.066667
0 0.690625 0.269167 0.041667 0.066667
0 0.885417 0.545833 0.041667 0.066667
0 0.843750 0.587500 0.041667 0.066667
0 0.762500 0.420833 0.041667 0.066667
0 0.927083 0.474167 0.041667 0.066667
0 0.579688 0.373333 0.041667 0.066667
0 0.088021 0.585833 0.041667 0.066667
0 0.020313 0.431667 0.041667 0.066667
0 0.067708 0.522500 0.041667 0.066667
0 0.007812 0.648333 0.041667 0.066667
0 0.221354 0.720833 0.041667 0.066667
0 0.199479 0.897500 0.041667 0.066667
0 0.264583 0.371667 0.041667 0.066667
0 0.197396 0.415833 0.041667 0.066667
0 0.259896 0.584167 0.041667 0.066667
0 0.617708 0.748333 0.041667 0.066667
0 0.685417 0.665833 0.041667 0.066667
0 0.672917 0.672500 0.041667 0.066667
0 0.755208 0.674167 0.041667 0.066667
0 0.727083 0.935000 0.041667 0.066667
0 0.593750 0.963333 0.041667 0.066667
0 0.858333 0.920000 0.041667 0.066667
0 0.960417 0.380833 0.041667 0.066667
0 0.221875 0.200000 0.041667 0.066667
0 0.526042 0.429167 0.041667 0.066667
0 0.469271 0.500833 0.041667 0.066667
0 0.665104 0.408333 0.041667 0.066667
0 0.869271 0.144167 0.041667 0.066667
0 0.779167 0.743333 0.041667 0.066667
0 0.644271 0.756667 0.041667 0.066667
