0 0.069792 0.250833 0.041667 0.066667
0 0.221354 0.329167 0.041667 0.066667
0 0.213021 0.490833 0.041667 0.066667
0 0.225000 0.552500 0.041667 0.066667
0 0.031250 0.545833 0.041667 0.066667
0 0.178646 0.660833 0.041667 0.066667
0 0.254688 0.796667 0.041667 0.066667
0 0.032292 0.748333 0.041667 0.066667
0 0.007812 0.697500 0.041667 0.066667
0 0.008333 0.760833 0.041667 0.066667
0 0.014583 0.931667 0.041667 0.066667
0 0.346875 0.955833 0.041667 0.066667
0 0.317188 0.721667 0.041667 0.066667
0 0.429688 0.749167 0.041667 0.066667
0 0.447917 0.710833 0.041667 0.066667
0 0.485417 0.870000 0.041667 0.066667
0 0.496354 0.778333 0.041667 0.066667
0 0.550521 0.686667 0.041667 0.066667
0 0.683854 0.697500 0.041667 0.066667
0 0.594271 0.377500 0.041667 0.066667
0 0.506250 0.253333 0.041667 0.066667
0 0.485938 0.139167 0.041667 0.066667
0 0.348958 0.262500 0.041667 0.066667
0 0.340104 0.093333 0.041667 0.066667
0 0.836458 0.228333 0.041667 0.066667
0 0.861458 0.282500 0.041667 0.066667
0 0.735417 0.455000 0.041667 0.066667
0 0.834896 0.636667 0.041667 0.066667
0 0.930729 0.857500 0.041667 0.066667
0 0.973437 0.832500 0.041667 0.066667
