0 0.014583 0.170000 0.041667 0.066667
0 0.121875 0.090000 0.041667 0.066667
0 0.133333 0.249167 0.041667 0.066667
0 0.160417 0.255000 0.041667 0.066667
0 0.236458 0.150833 0.041667 0.066667
0 0.364583 0.137500 0.041667 0.066667
0 0.361458 0.061667 0.041667 0.066667
0 0.015104 0.372500 0.041667 0.066667
0 0.096354 0.472500 0.041667 0.066667
0 0.384896 0.735833 0.041667 0.066667
0 0.519271 0.783333 0.041667 0.066667
0 0.410417 0.312500 0.041667 0.066667
0 0.543229 0.085833 0.041667 0.066667
0 0.874479 0.335833 0.041667 0.066667
0 0.897917 0.593333 0.041667 0.066667
