0 0.055729 0.072500 0.041667 0.066667
0 0.226042 0.160833 0.041667 0.066667
0 0.271354 0.134167 0.041667 0.066667
0 0.197917 0.306667 0.041667 0.066667
0 0.164062 0.454167 0.041667 0.066667
0 0.231250 0.634167 0.041667 0.066667
0 0.193750 0.598333 0.041667 0.066667
0 0.181250 0.625833 0.041667 0.066667
0 0.189583 0.755833 0.041667 0.066667
0 0.204167 0.854167 0.041667 0.066667
0 0.152083 0.892500 0.041667 0.066667
0 0.511979 0.858333 0.041667 0.066667
0 0.441667 0.288333 0.041667 0.066667
0 0.725521 0.136667 0.041667 0.066667
0 0.745833 0.440000 0.041667 0.066667
0 0.879687 0.555000 0.041667 0.066667
0 0.916667 0.691667 0.041667 0.066667
0 0.927604 0.718333 0.041667 0.066667
