0 0.427604 0.110000 0.041667 0.066667
0 0.183333 0.118333 0.041667 0.066667
0 0.382812 0.218333 0.041667 0.066667
0 0.654167 0.293333 0.041667 0.066667
0 0.588021 0.230833 0.041667 0.066667
0 0.560937 0.490000 0.041667 0.066667
0 0.069792 0.979167 0.041667 0.066667
0 0.358333 0.840833 0.041667 0.066667
0 0.656250 0.954167 0.041667 0.066667
0 0.675000 0.955000 0.041667 0.066667
0 0.401042 0.085000 0.041667 0.066667
0 0.163021 0.323333 0.041667 0.066667
0 0.016667 0.284167 0.041667 0.066667
0 0.077604 0.933333 0.041667 0.066667
