0 0.527604 0.054167 0.041667 0.066667
0 0.584896 0.334167 0.041667 0.066667
0 0.765625 0.137500 0.041667 0.066667
0 0.849479 0.122500 0.041667 0.066667
0 0.984375 0.082500 0.041667 0.066667
0 0.701562 0.374167 0.041667 0.066667
0 0.771354 0.377500 0.041667 0.066667
0 0.925000 0.590000 0.041667 0.066667
0 0.691667 0.626667 0.041667 0.066667
0 0.700521 0.652500 0.041667 0.066667
0 0.225521 0.725000 0.041667 0.066667
0 0.344271 0.970000 0.041667 0.066667
0 0.838542 0.880000 0.041667 0.066667
0 0.884896 0.703333 0.041667 0.066667
0 0.355208 0.574167 0.041667 0.066667
0 0.442708 0.895833 0.041667 0.066667
