0 0.084896 0.240833 0.041667 0.066667
0 0.104167 0.030000 0.041667 0.066667
0 0.219271 0.347500 0.041667 0.066667
0 0.308854 0.419167 0.041667 0.066667
0 0.023958 0.600000 0.041667 0.066667
0 0.016146 0.527500 0.041667 0.066667
0 0.194271 0.601667 0.041667 0.066667
0 0.159375 0.544167 0.041667 0.066667
0 0.230729 0.578333 0.041667 0.066667
0 0.035937 0.780833 0.041667 0.066667
0 0.280208 0.857500 0.041667 0.066667
0 0.292187 0.720833 0.041667 0.066667
0 0.332813 0.985833 0.041667 0.066667
0 0.419792 0.950000 0.041667 0.066667
0 0.360938 0.883333 0.041667 0.066667
0 0.607812 0.953333 0.041667 0.066667
0 0.657292 0.926667 0.041667 0.066667
0 0.652083 0.788333 0.041667 0.066667
0 0.595833 0.078333 0.041667 0.066667
0 0.686979 0.374167 0.041667 0.066667
0 0.826562 0.515000 0.041667 0.066667
0 0.883854 0.506667 0.041667 0.066667
0 0.991667 0.352500 0.041667 0.066667
0 0.961979 0.853333 0.041667 0.066667
0 0.768229 0.897500 0.041667 0.066667
