0 0.141146 0.201667 0.041667 0.066667
0 0.285938 0.283333 0.041667 0.066667
0 0.201042 0.245833 0.041667 0.066667
0 0.276562 0.152500 0.041667 0.066667
0 0.254688 0.100833 0.041667 0.066667
0 0.265104 0.069167 0.041667 0.066667
0 0.384896 0.271667 0.041667 0.066667
0 0.402083 0.371667 0.041667 0.066667
0 0.343229 0.279167 0.041667 0.066667
0 0.211979 0.585833 0.041667 0.066667
0 0.088542 0.948333 0.041667 0.066667
0 0.587500 0.558333 0.041667 0.066667
0 0.584896 0.490000 0.041667 0.066667
0 0.462500 0.070833 0.041667 0.066667
0 0.509375 0.191667 0.041667 0.066667
0 0.498958 0.207500 0.041667 0.066667
0 0.580208 0.171667 0.041667 0.066667
0 0.726562 0.180833 0.041667 0.066667
0 0.951562 0.066667 0.041667 0.066667
0 0.167708 0.209167 0.041667 0.066667
0 0.592187 0.450833 0.041667 0.066667
0 0.866146 0.907500 0.041667 0.066667
