0 0.089583 0.050000 0.041667 0.066667
0 0.088021 0.154167 0.041667 0.066667
0 0.045312 0.275833 0.041667 0.066667
0 0.204167 0.280833 0.041667 0.066667
0 0.202604 0.235833 0.041667 0.066667
0 0.290625 0.256667 0.041667 0.066667
0 0.232813 0.339167 0.041667 0.066667
0 0.115625 0.892500 0.041667 0.066667
0 0.005729 0.914167 0.041667 0.066667
0 0.426042 0.455000 0.041667 0.066667
0 0.491146 0.475833 0.041667 0.066667
0 0.475000 0.375000 0.041667 0.066667
0 0.394271 0.862500 0.041667 0.066667
0 0.447396 0.795833 0.041667 0.066667
0 0.511979 0.808333 0.041667 0.066667
0 0.563542 0.882500 0.041667 0.066667
0 0.500521 0.927500 0.041667 0.066667
0 0.675521 0.600000 0.041667 0.066667
0 0.410417 0.106667 0.041667 0.066667
0 0.516667 0.079167 0.041667 0.066667
0 0.766146 0.411667 0.041667 0.066667
0 0.802604 0.380000 0.041667 0.066667
0 0.767188 0.470000 0.041667 0.066667
0 0.945312 0.285833 0.041667 0.066667
0 0.915625 0.537500 0.041667 0.066667
0 0.967187 0.583333 0.041667 0.066667
0 0.886979 0.709167 0.041667 0.066667
0 0.762500 0.675000 0.041667 0.066667
0 0.842708 0.724167 0.041667 0.066667
0 0.940625 0.763333 0.041667 0.066667
0 0.977604 0.934167 0.041667 0.066667
