0 0.143229 0.160000 0.041667 0.066667
0 0.195833 0.114167 0.041667 0.066667
0 0.283333 0.137500 0.041667 0.066667
0 0.292708 0.344167 0.041667 0.066667
0 0.157292 0.095000 0.041667 0.066667
0 0.233854 0.494167 0.041667 0.066667
0 0.244271 0.586667 0.041667 0.066667
0 0.291667 0.735000 0.041667 0.066667
0 0.598437 0.750000 0.041667 0.066667
0 0.546354 0.535000 0.041667 0.066667
0 0.900521 0.197500 0.041667 0.066667
0 0.914062 0.054167 0.041667 0.066667
0 0.905729 0.640833 0.041667 0.066667
0 0.967187 0.735833 0.041667 0.066667
0 0.721354 0.863333 0.041667 0.066667
0 0.767708 0.836667 0.041667 0.066667
0 0.823438 0.860000 0.041667 0.066667
0 0.826562 0.812500 0.041667 0.066667
0 0.817187 0.842500 0.041667 0.066667
0 0.878125 0.939167 0.041667 0.066667
0 0.923958 0.739167 0.041667 0.066667
0 0.638021 0.487500 0.041667 0.066667
0 0.684375 0.837500 0.041667 0.066667
0 0.722396 0.688333 0.041667 0.066667
0 0.575521 0.198333 0.041667 0.066667
0 0.021354 0.743333 0.041667 0.066667
0 0.368750 0.127500 0.041667 0.066667
0 0.618750 0.500000 0.041667 0.066667
0 0.813542 0.703333 0.041667 0.066667
