0 0.243750 0.034167 0.041667 0.066667
0 0.350521 0.546667 0.041667 0.066667
0 0.298958 0.577500 0.041667 0.066667
0 0.052083 0.542500 0.041667 0.066667
0 0.038021 0.570000 0.041667 0.066667
0 0.054167 0.504167 0.041667 0.066667
0 0.113021 0.602500 0.041667 0.066667
0 0.126562 0.661667 0.041667 0.066667
0 0.329688 0.690833 0.041667 0.066667
0 0.089583 0.829167 0.041667 0.066667
0 0.134375 0.894167 0.041667 0.066667
0 0.232292 0.986667 0.041667 0.066667
0 0.372396 0.701667 0.041667 0.066667
0 0.454688 0.915833 0.041667 0.066667
0 0.572396 0.880833 0.041667 0.066667
0 0.761458 0.702500 0.041667 0.066667
0 0.917188 0.732500 0.041667 0.066667
0 0.882292 0.792500 0.041667 0.066667
0 0.634896 0.881667 0.041667 0.066667
0 0.243750 0.545833 0.041667 0.066667
0 0.188021 0.421667 0.041667 0.066667
0 0.143229 0.438333 0.041667 0.066667
0 0.039062 0.276667 0.041667 0.066667
0 0.622917 0.399167 0.041667 0.066667
0 0.410938 0.347500 0.041667 0.066667
