0 0.168229 0.183333 0.041667 0.066667
0 0.091146 0.346667 0.041667 0.066667
0 0.233854 0.580000 0.041667 0.066667
0 0.377604 0.976667 0.041667 0.066667
0 0.541667 0.903333 0.041667 0.066667
0 0.583333 0.649167 0.041667 0.066667
0 0.669271 0.740000 0.041667 0.066667
0 0.446875 0.412500 0.041667 0.066667
0 0.606250 0.311667 0.041667 0.066667
0 0.389062 0.291667 0.041667 0.066667
0 0.630208 0.276667 0.041667 0.066667
0 0.643750 0.131667 0.041667 0.066667
0 0.654687 0.230000 0.041667 0.066667
0 0.663542 0.189167 0.041667 0.066667
0 0.733333 0.556667 0.041667 0.066667
