0 0.017708 0.335833 0.041667 0.066667
0 0.184896 0.518333 0.041667 0.066667
0 0.025000 0.715833 0.041667 0.066667
0 0.314063 0.840000 0.041667 0.066667
0 0.327083 0.918333 0.041667 0.066667
0 0.515625 0.635000 0.041667 0.066667
0 0.524479 0.320833 0.041667 0.066667
0 0.688542 0.375000 0.041667 0.066667
0 0.535937 0.115833 0.041667 0.066667
0 0.478125 0.080000 0.041667 0.066667
0 0.399479 0.014167 0.041667 0.066667
0 0.594792 0.109167 0.041667 0.066667
0 0.965104 0.374167 0.041667 0.066667
0 0.687500 0.908333 0.041667 0.066667
0 0.855729 0.802500 0.041667 0.066667
