0 0.055208 0.071667 0.041667 0.066667
0 0.300521 0.165000 0.041667 0.066667
0 0.110417 0.204167 0.041667 0.066667
0 0.150521 0.460833 0.041667 0.066667
0 0.197396 0.524167 0.041667 0.066667
0 0.269271 0.756667 0.041667 0.066667
0 0.240104 0.815833 0.041667 0.066667
0 0.324479 0.663333 0.041667 0.066667
0 0.333854 0.598333 0.041667 0.066667
0 0.653646 0.778333 0.041667 0.066667
0 0.394271 0.288333 0.041667 0.066667
0 0.506250 0.195833 0.041667 0.066667
0 0.550000 0.210000 0.041667 0.066667
0 0.512500 0.106667 0.041667 0.066667
0 0.832812 0.138333 0.041667 0.066667
0 0.921875 0.045833 0.041667 0.066667
0 0.958854 0.296667 0.041667 0.066667
0 0.856250 0.330000 0.041667 0.066667
0 0.811458 0.408333 0.041667 0.066667
0 0.831771 0.395000 0.041667 0.066667
0 0.798958 0.504167 0.041667 0.066667
0 0.825000 0.653333 0.041667 0.066667
0 0.806250 0.936667 0.041667 0.066667
0 0.921354 0.825000 0.041667 0.066667
0 0.243229 0.403333 0.041667 0.066667
0 0.210938 0.012500 0.041667 0.066667
