0 0.195833 0.190833 0.041667 0.066667
0 0.162500 0.177500 0.041667 0.066667
0 0.268750 0.399167 0.041667 0.066667
0 0.284896 0.421667 0.041667 0.066667
0 0.207813 0.533333 0.041667 0.066667
0 0.255729 0.573333 0.041667 0.066667
0 0.035417 0.630833 0.041667 0.066667
0 0.242708 0.685833 0.041667 0.066667
0 0.248438 0.824167 0.041667 0.066667
0 0.261979 0.915833 0.041667 0.066667
0 0.224479 0.988333 0.041667 0.066667
0 0.154167 0.835000 0.041667 0.066667
0 0.060937 0.990833 0.041667 0.066667
0 0.556250 0.920833 0.041667 0.066667
0 0.576042 0.958333 0.041667 0.066667
0 0.601562 0.970833 0.041667 0.066667
0 0.620313 0.910833 0.041667 0.066667
0 0.568229 0.759167 0.041667 0.066667
0 0.573438 0.665833 0.041667 0.066667
0 0.365104 0.477500 0.041667 0.066667
0 0.372917 0.355000 0.041667 0.066667
0 0.548438 0.485000 0.041667 0.066667
0 0.530208 0.407500 0.041667 0.066667
0 0.591146 0.326667 0.041667 0.066667
0 0.465625 0.076667 0.041667 0.066667
0 0.495312 0.155000 0.041667 0.066667
0 0.509896 0.084167 0.041667 0.066667
0 0.908854 0.062500 0.041667 0.066667
0 0.694792 0.397500 0.041667 0.066667
0 0.820312 0.383333 0.041667 0.066667
0 0.979167 0.415833 0.041667 0.066667
0 0.880729 0.456667 0.041667 0.066667
0 0.882812 0.565833 0.041667 0.066667
0 0.935417 0.590000 0.041667 0.066667
0 0.724479 0.445833 0.041667 0.066667
0 0.695833 0.770000 0.041667 0.066667
0 0.835938 0.713333 0.041667 0.066667
0 0.905729 0.812500 0.041667 0.066667
0 0.866667 0.861667 0.041667 0.066667
0 0.783854 0.874167 0.041667 0.066667
0 0.827083 0.940833 0.041667 0.066667
0 0.978125 0.911667 0.041667 0.066667
