0 0.323958 0.291667 0.041667 0.066667
0 0.355208 0.211667 0.041667 0.066667
0 0.328125 0.228333 0.041667 0.066667
0 0.319271 0.169167 0.041667 0.066667
0 0.394271 0.102500 0.041667 0.066667
0 0.390625 0.214167 0.041667 0.066667
0 0.449479 0.280000 0.041667 0.066667
0 0.480208 0.300000 0.041667 0.066667
0 0.581771 0.138333 0.041667 0.066667
0 0.764583 0.304167 0.041667 0.066667
0 0.713542 0.462500 0.041667 0.066667
0 0.797917 0.460000 0.041667 0.066667
0 0.217188 0.604167 0.041667 0.066667
0 0.178646 0.586667 0.041667 0.066667
0 0.053125 0.415833 0.041667 0.066667
0 0.100000 0.467500 0.041667 0.066667
0 0.083333 0.880000 0.041667 0.066667
0 0.081250 0.790833 0.041667 0.066667
0 0.034375 0.857500 0.041667 0.066667
0 0.043229 0.900833 0.041667 0.066667
0 0.021354 0.685000 0.041667 0.066667
0 0.247396 0.688333 0.041667 0.066667
0 0.352083 0.709167 0.041667 0.066667
0 0.511458 0.946667 0.041667 0.066667
0 0.525000 0.893333 0.041667 0.066667
0 0.560417 0.847500 0.041667 0.066667
0 0.875521 0.881667 0.041667 0.066667
0 0.866667 0.885000 0.041667 0.066667
0 0.883333 0.961667 0.041667 0.066667
0 0.986458 0.849167 0.041667 0.066667
0 0.715625 0.043333 0.041667 0.066667
0 0.646354 0.880000 0.041667 0.066667
