0 0.990625 0.729583 0.01875 0.0675 
0 0.576302 0.07375 0.0380208 0.0608333 
0 0.0481771 0.635833 0.0421875 0.0683333 
0 0.335677 0.0591667 0.0401042 0.065 
0 0.7375 0.182917 0.0395833 0.0625 
0 0.573438 0.2225 0.0385417 0.0633333 
0 0.634375 0.91 0.040625 0.065 
0 0.659375 0.3425 0.0395833 0.0633333 
0 0.983333 0.26 0.0333333 0.065 
0 0.744531 0.748333 0.0411458 0.0666667 
0 0.0151042 0.734167 0.0302083 0.065 
0 0.847396 0.665833 0.040625 0.065 
0 0.376563 0.84 0.040625 0.0633333 
0 0.601562 0.0275 0.0395833 0.055 
0 0.103125 0.295833 0.040625 0.065 
0 0.433854 0.179583 0.040625 0.0658333 
0 0.579687 0.0454167 0.0375 0.0591667 
0 0.685417 0.17875 0.0416667 0.0658333 
0 0.685938 0.46 0.0395833 0.0633333 
0 0.188542 0.145 0.0395833 0.065 
0 0.170833 0.284167 0.040625 0.065 
0 0.669531 0.760417 0.0401042 0.0641667 
0 0.126563 0.485 0.0395833 0.0633333 
0 0.288542 0.755417 0.040625 0.0658333 
0 0.50651 0.59625 0.0390625 0.0625 
0 0.574479 0.804583 0.0385417 0.0625 
0 0.876562 0.188333 0.040625 0.065 
0 0.0979167 0.586667 0.0416667 0.0683333 
0 0.284375 0.433333 0.0416667 0.0666667 
0 0.433594 0.71375 0.0411458 0.0675 
0 0.109375 0.79625 0.0416667 0.0658333 
0 0.323177 0.213333 0.0411458 0.0683333 
0 0.9 0.75625 0.0395833 0.0641667 
0 0.0364583 0.970833 0.040625 0.0583333 
0 0.0526042 0.0541667 0.040625 0.065 
0 0.927604 0.227917 0.040625 0.0658333 
0 0.36901 0.397917 0.0411458 0.0658333 
