0 0.836719 0.0941667 0.0390625 0.0633333 
0 0.890625 0.674167 0.0416667 0.065 
0 0.416146 0.803333 0.040625 0.0666667 
0 0.627083 0.0675 0.040625 0.065 
0 0.420833 0.97125 0.0416667 0.0575 
0 0.115885 0.285833 0.0411458 0.0666667 
0 0.91875 0.895 0.04375 0.0683333 
0 0.875 0.35 0.040625 0.065 
0 0.257292 0.917083 0.0385417 0.0608333 
0 0.130729 0.190417 0.040625 0.0641667 
0 0.582031 0.517083 0.0442708 0.0708333 
0 0.0596354 0.6025 0.0401042 0.0633333 
0 0.440365 0.0841667 0.0401042 0.0633333 
0 0.81901 0.280417 0.0401042 0.0641667 
0 0.769792 0.78125 0.0395833 0.0641667 
0 0.0963542 0.29125 0.040625 0.0641667 
0 0.815885 0.832083 0.0432292 0.0691667 
0 0.260677 0.60875 0.0390625 0.0625 
0 0.527604 0.281667 0.0427083 0.0683333 
0 0.677344 0.750417 0.0421875 0.0658333 
0 0.5 0.800833 0.0427083 0.07 
0 0.870313 0.749167 0.04375 0.0683333 
0 0.934896 0.539583 0.040625 0.0658333 
0 0.563281 0.292917 0.0421875 0.0691667 
