0 0.253906 0.976667 0.0369792 0.0466667 
0 0.884375 0.270833 0.040625 0.065 
0 0.561979 0.192917 0.040625 0.0658333 
0 0.0255208 0.17875 0.0385417 0.0625 
0 0.807552 0.798333 0.0390625 0.0666667 
0 0.292188 0.547083 0.0416667 0.0675 
0 0.05 0.645 0.040625 0.065 
0 0.7125 0.365833 0.0395833 0.0633333 
0 0.826563 0.122917 0.040625 0.0641667 
0 0.240104 0.229583 0.0395833 0.0641667 
0 0.553125 0.354167 0.040625 0.065 
0 0.198437 0.16 0.040625 0.0666667 
0 0.8625 0.664583 0.0416667 0.0675 
0 0.196875 0.750833 0.0395833 0.065 
0 0.136458 0.298333 0.040625 0.065 
0 0.776042 0.7925 0.0416667 0.0666667 
0 0.582292 0.735833 0.040625 0.065 
0 0.178646 0.517083 0.040625 0.0658333 
0 0.293229 0.93875 0.040625 0.0641667 
0 0.259375 0.562917 0.0416667 0.0658333 
0 0.926562 0.0975 0.040625 0.065 
0 0.119271 0.755 0.040625 0.065 
0 0.657031 0.249167 0.0421875 0.0683333 
0 0.152083 0.84 0.0395833 0.065 
0 0.234896 0.10875 0.0395833 0.0641667 
0 0.20026 0.945 0.0401042 0.065 
0 0.240625 0.0479167 0.040625 0.0658333 
0 0.121094 0.888333 0.0411458 0.0666667 
0 0.696615 0.547917 0.0411458 0.0675 
0 0.238021 0.592083 0.040625 0.0658333 
0 0.724479 0.91375 0.040625 0.0658333 
0 0.0606771 0.712083 0.0390625 0.0625 
