0 0.0158854 0.320417 0.0317708 0.0641667 
0 0.00989583 0.295417 0.0197917 0.0625 
0 0.148698 0.0854167 0.0401042 0.0641667 
0 0.234635 0.04625 0.0380208 0.0625 
0 0.228125 0.09625 0.0375 0.0608333 
0 0.892969 0.0779167 0.0421875 0.0675 
0 0.672135 0.580833 0.0411458 0.0666667 
0 0.73724 0.584583 0.0411458 0.0675 
0 0.758854 0.74125 0.0427083 0.0691667 
0 0.735156 0.400417 0.0421875 0.0675 
0 0.854688 0.3675 0.0427083 0.0666667 
0 0.857813 0.0704167 0.04375 0.0691667 
0 0.820312 0.972083 0.0427083 0.0558333 
0 0.271354 0.690833 0.040625 0.065 
0 0.567969 0.703333 0.0432292 0.07 
0 0.520312 0.33375 0.0427083 0.0675 
0 0.667188 0.82375 0.0416667 0.0691667 
0 0.307552 0.3475 0.0411458 0.0666667 
0 0.577865 0.8 0.0421875 0.0666667 
0 0.78724 0.33125 0.0411458 0.0658333 
