0 0.9625 0.737917 0.0375 0.0591667 
0 0.0184896 0.33 0.0369792 0.0666667 
0 0.430469 0.112083 0.0401042 0.0625 
0 0.990625 0.869583 0.01875 0.0658333 
0 0.986719 0.74 0.0265625 0.0616667 
0 0.990625 0.315 0.01875 0.065 
0 0.0796875 0.252917 0.0416667 0.0675 
0 0.820312 0.391667 0.040625 0.065 
0 0.03125 0.37625 0.0416667 0.0675 
0 0.96875 0.700417 0.0395833 0.0625 
0 0.195312 0.219167 0.040625 0.065 
0 0.983594 0.95 0.0328125 0.0633333 
0 0.445573 0.11 0.0390625 0.0633333 
0 0.38776 0.952917 0.0390625 0.0625 
0 0.873438 0.742083 0.0375 0.0625 
0 0.566146 0.50125 0.040625 0.0658333 
0 0.549479 0.480833 0.040625 0.065 
0 0.782552 0.973333 0.0411458 0.0533333 
0 0.877604 0.6725 0.040625 0.0633333 
0 0.838021 0.162917 0.040625 0.0641667 
0 0.445833 0.940417 0.0395833 0.0641667 
0 0.176563 0.255 0.0395833 0.0633333 
0 0.427083 0.830417 0.0416667 0.0641667 
0 0.125 0.15125 0.040625 0.0641667 
0 0.55599 0.33 0.0421875 0.0666667 
0 0.408594 0.200833 0.0390625 0.0616667 
0 0.539583 0.720417 0.0416667 0.0658333 
0 0.853125 0.497917 0.040625 0.0658333 
0 0.693229 0.466667 0.040625 0.065 
0 0.10599 0.972083 0.0390625 0.0558333 
0 0.908594 0.150417 0.0390625 0.0625 
0 0.965625 0.237083 0.0395833 0.0625 
0 0.561458 0.0566667 0.0395833 0.0633333 
0 0.256771 0.0808333 0.0385417 0.0616667 
0 0.105208 0.239583 0.0385417 0.0625 
0 0.22474 0.60375 0.0411458 0.0658333 
0 0.846875 0.35 0.040625 0.065 
0 0.473437 0.4475 0.0395833 0.065 
0 0.244792 0.547917 0.040625 0.0658333 
0 0.285677 0.565833 0.0421875 0.0666667 
0 0.754687 0.134583 0.040625 0.0641667 
0 0.832812 0.315417 0.0385417 0.0641667 
0 0.429948 0.396667 0.0421875 0.0666667 
0 0.0825521 0.309167 0.0411458 0.065 
0 0.420833 0.0233333 0.0375 0.0466667 
0 0.269792 0.962917 0.0395833 0.0625 
0 0.328646 0.840417 0.0385417 0.0625 
0 0.623958 0.615 0.0395833 0.0633333 
0 0.714063 0.03125 0.0395833 0.0625 
0 0.777083 0.544167 0.040625 0.0666667 
0 0.303906 0.378333 0.0390625 0.0616667 
