0 0.583073 0.49875 0.0421875 0.0675 
0 0.783333 0.651667 0.0395833 0.0633333 
0 0.12474 0.02625 0.0401042 0.0525 
0 0.419271 0.355417 0.040625 0.0658333 
0 0.649219 0.9725 0.0390625 0.055 
0 0.40026 0.343333 0.0411458 0.0666667 
0 0.983854 0.976667 0.0322917 0.0466667 
0 0.846354 0.395833 0.040625 0.0633333 
0 0.519792 0.483333 0.04375 0.07 
0 0.0268229 0.30125 0.0421875 0.0675 
0 0.0921875 0.409583 0.0427083 0.0691667 
0 0.308073 0.46875 0.0411458 0.0675 
0 0.366406 0.62 0.0421875 0.0666667 
0 0.46875 0.968333 0.0416667 0.0633333 
0 0.145052 0.785 0.0421875 0.0666667 
0 0.491146 0.4925 0.0427083 0.0683333 
0 0.651563 0.815 0.0416667 0.0666667 
0 0.436458 0.684167 0.0416667 0.065 
0 0.78776 0.0970833 0.0390625 0.0625 
0 0.693229 0.149167 0.040625 0.065 
0 0.727083 0.24625 0.0395833 0.0641667 
0 0.50026 0.811667 0.0401042 0.0666667 
0 0.0989583 0.977917 0.0416667 0.0441667 
0 0.36875 0.0470833 0.040625 0.0658333 
0 0.0705729 0.707917 0.0421875 0.0675 
0 0.402083 0.96125 0.0416667 0.0658333 
0 0.251302 0.208333 0.0411458 0.0666667 
0 0.226042 0.172917 0.0416667 0.0658333 
0 0.892187 0.0808333 0.0385417 0.065 
0 0.982292 0.104583 0.0354167 0.0641667 
0 0.704167 0.475833 0.040625 0.065 
0 0.5375 0.815 0.040625 0.0666667 
0 0.965625 0.238333 0.0395833 0.0616667 
0 0.0638021 0.0883333 0.0401042 0.0666667 
