0 0.0127604 0.5725 0.0244792 0.0683333 
0 0.976562 0.820417 0.040625 0.0625 
0 0.403125 0.515 0.040625 0.0666667 
0 0.470313 0.210833 0.0395833 0.0633333 
0 0.758333 0.67125 0.0395833 0.0641667 
0 0.871354 0.539583 0.040625 0.0658333 
0 0.142448 0.83 0.0401042 0.065 
0 0.11276 0.8 0.0401042 0.0633333 
0 0.204427 0.2925 0.0401042 0.065 
0 0.172396 0.320417 0.0395833 0.0625 
0 0.853125 0.0625 0.0375 0.0616667 
0 0.0367187 0.345833 0.0401042 0.065 
0 0.604427 0.17 0.0390625 0.0633333 
0 0.246875 0.844583 0.040625 0.0641667 
0 0.0294271 0.170417 0.0411458 0.0658333 
0 0.136979 0.155 0.040625 0.065 
0 0.278385 0.0429167 0.0401042 0.0658333 
0 0.708594 0.22875 0.0390625 0.0641667 
0 0.794792 0.29625 0.0395833 0.0641667 
0 0.959896 0.466667 0.040625 0.0666667 
0 0.580729 0.547917 0.040625 0.0658333 
0 0.515365 0.652917 0.0411458 0.0675 
0 0.668229 0.18375 0.040625 0.0658333 
0 0.429688 0.968333 0.0395833 0.0633333 
0 0.611198 0.694583 0.0390625 0.0641667 
0 0.492969 0.0258333 0.0401042 0.0516667 
0 0.71276 0.3475 0.0411458 0.0683333 
0 0.919271 0.970417 0.040625 0.0591667 
0 0.184375 0.685 0.040625 0.0683333 
0 0.483594 0.525833 0.0411458 0.0666667 
0 0.291406 0.805 0.0411458 0.0666667 
