0 0.247396 0.27875 0.0416667 0.0675 
0 0.891406 0.620833 0.0421875 0.065 
0 0.560156 0.73125 0.0411458 0.0675 
0 0.0476562 0.32 0.0401042 0.065 
0 0.0184896 0.324167 0.0369792 0.0616667 
0 0.409375 0.805833 0.040625 0.065 
0 0.409115 0.775833 0.0401042 0.065 
0 0.120052 0.130833 0.0401042 0.065 
0 0.850781 0.135833 0.0421875 0.0666667 
0 0.877344 0.720417 0.0421875 0.0675 
0 0.503646 0.624167 0.040625 0.065 
0 0.961979 0.511667 0.040625 0.0683333 
0 0.365104 0.461667 0.040625 0.065 
0 0.846094 0.665417 0.0421875 0.0675 
0 0.910937 0.590417 0.040625 0.0658333 
0 0.149479 0.935 0.0416667 0.0683333 
0 0.497396 0.77875 0.0427083 0.0675 
0 0.621354 0.7125 0.040625 0.0666667 
0 0.858854 0.334583 0.040625 0.0658333 
0 0.329948 0.2225 0.0432292 0.07 
0 0.340625 0.74375 0.0416667 0.0675 
0 0.907812 0.433333 0.040625 0.0666667 
