0 0.990104 0.444583 0.0197917 0.0658333 
0 0.00885417 0.879167 0.015625 0.065 
0 0.640625 0.409167 0.0395833 0.0633333 
0 0.00989583 0.336667 0.0197917 0.0666667 
0 0.815625 0.658333 0.040625 0.065 
0 0.504948 0.827917 0.0380208 0.0608333 
0 0.42474 0.780833 0.0401042 0.065 
0 0.841146 0.155833 0.040625 0.0633333 
0 0.0997396 0.1025 0.0411458 0.0666667 
0 0.848437 0.524167 0.040625 0.065 
0 0.564062 0.304583 0.040625 0.0641667 
0 0.452083 0.460417 0.0395833 0.0658333 
0 0.663542 0.160417 0.0395833 0.0608333 
0 0.963281 0.575833 0.0390625 0.0616667 
0 0.772656 0.897917 0.0390625 0.0625 
0 0.66875 0.52625 0.0395833 0.0641667 
0 0.176823 0.519583 0.0411458 0.0658333 
0 0.971875 0.482083 0.0395833 0.0625 
0 0.0375 0.361667 0.0395833 0.0633333 
0 0.542188 0.35375 0.0416667 0.0658333 
0 0.234115 0.865 0.0380208 0.0616667 
0 0.11901 0.194583 0.0411458 0.0658333 
0 0.790365 0.745417 0.0401042 0.0641667 
0 0.647656 0.120417 0.0401042 0.0641667 
0 0.224479 0.701667 0.0416667 0.0666667 
0 0.0815104 0.394583 0.0401042 0.0658333 
0 0.0434896 0.541667 0.0411458 0.065 
0 0.294531 0.755417 0.0390625 0.0625 
0 0.601823 0.6875 0.0390625 0.0616667 
0 0.334896 0.14 0.040625 0.065 
0 0.383333 0.43875 0.0416667 0.0658333 
0 0.733073 0.2375 0.0390625 0.0616667 
0 0.31276 0.9425 0.0390625 0.0616667 
0 0.0942708 0.230417 0.0427083 0.0675 
0 0.924219 0.465833 0.0390625 0.0633333 
0 0.582812 0.960417 0.0385417 0.0625 
0 0.709896 0.8625 0.0385417 0.0616667 
0 0.407292 0.03 0.040625 0.06 
0 0.83125 0.292917 0.040625 0.0641667 
0 0.403385 0.568333 0.0411458 0.0666667 
0 0.0739583 0.885 0.0385417 0.0616667 
0 0.0335938 0.45875 0.0411458 0.0641667 
0 0.0674479 0.665417 0.0411458 0.0675 
0 0.217708 0.275833 0.040625 0.065 
0 0.840104 0.62625 0.040625 0.0658333 
0 0.802344 0.209583 0.0411458 0.0658333 
0 0.586458 0.5675 0.040625 0.0666667 
0 0.483854 0.155833 0.040625 0.065 
