0 0.925521 0.7425 0.040625 0.065 
0 0.0289063 0.28875 0.0411458 0.0658333 
0 0.973437 0.189167 0.0385417 0.065 
0 0.282031 0.529583 0.0432292 0.0675 
0 0.210417 0.858333 0.0416667 0.0666667 
0 0.254167 0.596667 0.0416667 0.0666667 
0 0.423438 0.0633333 0.0416667 0.0666667 
0 0.0914062 0.546667 0.0411458 0.0666667 
0 0.114323 0.224583 0.0411458 0.0658333 
0 0.267969 0.273333 0.0411458 0.0666667 
0 0.0578125 0.7625 0.0395833 0.0633333 
0 0.827344 0.0916667 0.0390625 0.0666667 
0 0.329167 0.709167 0.040625 0.065 
0 0.914844 0.510417 0.0390625 0.0658333 
0 0.915625 0.0925 0.040625 0.0666667 
0 0.451562 0.24625 0.040625 0.0675 
0 0.878125 0.04375 0.0416667 0.0675 
