0 0.989062 0.7875 0.021875 0.0583333 
0 0.9875 0.455833 0.025 0.06 
0 0.771875 0.0633333 0.0375 0.0583333 
0 0.00833333 0.60625 0.0166667 0.0658333 
0 0.950781 0.8975 0.0359375 0.0566667 
0 0.967969 0.90125 0.0390625 0.0608333 
0 0.386719 0.175417 0.0390625 0.0625 
0 0.96875 0.976667 0.0395833 0.0466667 
0 0.0460938 0.0741667 0.0411458 0.065 
0 0.484115 0.520833 0.0401042 0.0633333 
0 0.464844 0.867083 0.0390625 0.0608333 
0 0.927344 0.11125 0.0359375 0.0591667 
0 0.619271 0.832083 0.0375 0.0608333 
0 0.334115 0.899583 0.0401042 0.0641667 
0 0.239063 0.204167 0.0395833 0.0633333 
0 0.195052 0.49125 0.0401042 0.0641667 
0 0.669531 0.819167 0.0390625 0.0616667 
0 0.772135 0.595833 0.0390625 0.0616667 
0 0.306771 0.7375 0.0364583 0.0583333 
0 0.197656 0.0320833 0.0390625 0.0641667 
0 0.0721354 0.969167 0.0390625 0.0616667 
0 0.221875 0.666667 0.0395833 0.0633333 
0 0.323698 0.428333 0.0390625 0.0633333 
0 0.66875 0.33875 0.040625 0.0641667 
