0 0.924219 0.861667 0.0390625 0.0633333 
0 0.157813 0.196667 0.0416667 0.0666667 
0 0.244531 0.5875 0.0421875 0.0683333 
0 0.365104 0.11 0.0416667 0.0666667 
0 0.9375 0.52375 0.0416667 0.0658333 
0 0.788802 0.449167 0.0411458 0.065 
0 0.822656 0.266667 0.0421875 0.0683333 
0 0.981771 0.719167 0.0364583 0.065 
0 0.622396 0.484167 0.040625 0.065 
0 0.683073 0.175 0.0421875 0.0666667 
0 0.575781 0.095 0.0401042 0.065 
0 0.483333 0.33375 0.0416667 0.0675 
0 0.36901 0.554583 0.0411458 0.0658333 
0 0.760156 0.713333 0.0390625 0.065 
0 0.458854 0.494167 0.040625 0.065 
0 0.190625 0.6425 0.0416667 0.0666667 
0 0.396615 0.2825 0.0401042 0.065 
0 0.891146 0.474167 0.040625 0.065 
0 0.347135 0.394583 0.0421875 0.0675 
0 0.0848958 0.6025 0.0395833 0.065 
0 0.446094 0.75125 0.0421875 0.0691667 
0 0.53125 0.05 0.0416667 0.0666667 
0 0.61875 0.583333 0.0416667 0.0666667 
0 0.785156 0.0570833 0.0421875 0.0675 
0 0.256771 0.5175 0.040625 0.065 
0 0.804948 0.18 0.0421875 0.0666667 
0 0.638281 0.81125 0.0390625 0.0625 
0 0.895312 0.915417 0.040625 0.0641667 
0 0.110156 0.85 0.0401042 0.065 
