0 0.702604 0.144583 0.0364583 0.0625 
0 0.792708 0.22125 0.0416667 0.0658333 
0 0.691406 0.175 0.0401042 0.0633333 
0 0.735156 0.376667 0.0411458 0.0666667 
0 0.649219 0.4975 0.0411458 0.0666667 
0 0.971875 0.343333 0.040625 0.0666667 
0 0.224219 0.359583 0.0411458 0.0658333 
0 0.816667 0.86375 0.0416667 0.0658333 
0 0.772656 0.0379167 0.0390625 0.0625 
0 0.446875 0.05875 0.040625 0.0658333 
0 0.921094 0.454583 0.0390625 0.0641667 
0 0.599479 0.9325 0.040625 0.065 
0 0.817969 0.6475 0.0390625 0.0633333 
0 0.794531 0.502083 0.0401042 0.0641667 
0 0.751562 0.495417 0.0395833 0.0641667 
0 0.61276 0.864583 0.0411458 0.0658333 
0 0.850781 0.732083 0.0421875 0.0675 
0 0.434115 0.83375 0.0390625 0.0625 
