0 0.0398437 0.402083 0.0411458 0.0658333 
0 0.611458 0.495833 0.0416667 0.065 
0 0.832812 0.64 0.0427083 0.0666667 
0 0.124479 0.329583 0.040625 0.0641667 
0 0.452604 0.87875 0.040625 0.0641667 
0 0.0729167 0.156667 0.0395833 0.0633333 
0 0.0447917 0.713333 0.040625 0.0666667 
0 0.607031 0.400417 0.0411458 0.0658333 
0 0.0713542 0.0795833 0.0395833 0.0625 
0 0.707812 0.325 0.0416667 0.0666667 
0 0.328906 0.745 0.0401042 0.065 
0 0.545313 0.47625 0.0427083 0.0675 
0 0.614062 0.64875 0.040625 0.0658333 
0 0.366927 0.364583 0.0401042 0.0641667 
