0 0.794271 0.25625 0.040625 0.0658333 
0 0.450781 0.819583 0.0401042 0.0625 
0 0.60599 0.214583 0.0411458 0.0658333 
0 0.839063 0.140417 0.0385417 0.0641667 
0 0.454688 0.4625 0.0395833 0.0633333 
0 0.608073 0.167083 0.0390625 0.0625 
0 0.964844 0.535 0.0421875 0.0666667 
0 0.835156 0.06 0.0390625 0.0616667 
0 0.15 0.70375 0.0385417 0.0625 
0 0.815365 0.395833 0.0411458 0.065 
0 0.633854 0.494167 0.040625 0.065 
0 0.428906 0.87 0.0390625 0.0633333 
0 0.432552 0.7575 0.0380208 0.0616667 
0 0.225 0.705417 0.0395833 0.0641667 
0 0.86875 0.91875 0.040625 0.0675 
0 0.270573 0.19875 0.0390625 0.0625 
0 0.726562 0.29875 0.040625 0.0641667 
0 0.241927 0.57625 0.0390625 0.0641667 
0 0.0424479 0.22875 0.0390625 0.0625 
