0 0.116927 0.0375 0.0390625 0.0633333 
0 0.873438 0.559167 0.0427083 0.0666667 
0 0.782031 0.829583 0.0421875 0.0675 
0 0.0338542 0.3475 0.0416667 0.0666667 
0 0.0664062 0.365 0.0401042 0.0633333 
0 0.102604 0.654583 0.040625 0.0658333 
0 0.107031 0.422917 0.0411458 0.0641667 
0 0.757812 0.482917 0.0416667 0.0658333 
0 0.957031 0.163333 0.0390625 0.0633333 
0 0.276042 0.774167 0.0395833 0.065 
0 0.608594 0.2 0.0401042 0.0633333 
0 0.513542 0.7425 0.040625 0.0666667 
0 0.235156 0.819583 0.0411458 0.0658333 
0 0.948438 0.94375 0.0427083 0.0675 
0 0.874479 0.835417 0.040625 0.0641667 
0 0.0567708 0.20125 0.0395833 0.0641667 
0 0.746354 0.643333 0.040625 0.0666667 
0 0.545833 0.6225 0.040625 0.0666667 
0 0.953125 0.816667 0.0416667 0.0666667 
0 0.120052 0.925833 0.0411458 0.065 
0 0.42526 0.150417 0.0401042 0.0641667 
0 0.290885 0.976667 0.0421875 0.0466667 
0 0.864062 0.17375 0.0385417 0.0641667 
0 0.328385 0.860833 0.0401042 0.065 
