0 0.398958 0.35625 0.0416667 0.0658333 
0 0.125781 0.663333 0.0421875 0.0666667 
0 0.454688 0.91625 0.0416667 0.0641667 
0 0.0101562 0.30625 0.0203125 0.0675 
0 0.298698 0.578333 0.0390625 0.0633333 
0 0.0390625 0.28 0.0416667 0.0666667 
0 0.328385 0.690833 0.0411458 0.065 
0 0.635156 0.883333 0.0390625 0.0633333 
0 0.0536458 0.5425 0.040625 0.0666667 
0 0.572396 0.881667 0.040625 0.065 
0 0.917188 0.732083 0.040625 0.0625 
0 0.620313 0.400833 0.040625 0.065 
0 0.114583 0.60375 0.0395833 0.0641667 
0 0.371094 0.703333 0.0401042 0.0633333 
0 0.0554687 0.505 0.0421875 0.0666667 
0 0.186198 0.427917 0.0411458 0.0675 
0 0.133073 0.895 0.0411458 0.065 
0 0.7625 0.705 0.0364583 0.0566667 
0 0.144792 0.438333 0.0416667 0.065 
0 0.233594 0.975833 0.0411458 0.0483333 
0 0.24375 0.0366667 0.0375 0.06 
0 0.244531 0.543333 0.0411458 0.0666667 
0 0.0882813 0.831667 0.0401042 0.065 
0 0.88125 0.792917 0.0395833 0.0625 
0 0.349479 0.54875 0.040625 0.0658333 
0 0.0367187 0.570833 0.0411458 0.065 
