0 0.975781 0.580417 0.0390625 0.0625 
0 0.72526 0.129583 0.0390625 0.0625 
0 0.986979 0.559583 0.0260417 0.0641667 
0 0.285937 0.0808333 0.0395833 0.065 
0 0.2125 0.379167 0.040625 0.065 
0 0.532031 0.30875 0.0421875 0.0675 
0 0.538021 0.276667 0.040625 0.065 
0 0.360417 0.48875 0.0416667 0.0658333 
0 0.0164062 0.257917 0.0328125 0.0641667 
0 0.0651042 0.459167 0.0395833 0.065 
0 0.496875 0.08125 0.040625 0.0658333 
0 0.398958 0.36125 0.0416667 0.0658333 
0 0.524479 0.115417 0.040625 0.0641667 
0 0.0296875 0.93 0.0416667 0.0666667 
0 0.116667 0.82 0.0416667 0.0666667 
0 0.0216146 0.338333 0.0411458 0.0666667 
0 0.898438 0.59 0.040625 0.065 
0 0.0481771 0.67875 0.0421875 0.0675 
0 0.608854 0.700833 0.040625 0.065 
0 0.0674479 0.33 0.0421875 0.0666667 
0 0.18099 0.710417 0.0411458 0.0658333 
0 0.43151 0.26875 0.0411458 0.0658333 
0 0.059375 0.514583 0.040625 0.0675 
0 0.142188 0.623333 0.0416667 0.0666667 
0 0.634115 0.71375 0.0421875 0.0675 
0 0.0664062 0.397083 0.0411458 0.0658333 
0 0.677604 0.194167 0.040625 0.065 
0 0.661719 0.45 0.0390625 0.0633333 
0 0.474479 0.61625 0.040625 0.0641667 
0 0.739844 0.03625 0.0411458 0.0658333 
0 0.316406 0.969167 0.0411458 0.0616667 
0 0.58151 0.2525 0.0401042 0.0633333 
0 0.329427 0.530833 0.0411458 0.0666667 
0 0.551562 0.928333 0.040625 0.0666667 
0 0.253125 0.67625 0.0416667 0.0675 
0 0.689062 0.83375 0.0395833 0.0641667 
0 0.572917 0.885 0.0416667 0.0666667 
0 0.902344 0.308333 0.0390625 0.0633333 
0 0.677604 0.10125 0.040625 0.0658333 
0 0.826563 0.292917 0.040625 0.0658333 
0 0.308854 0.848333 0.0395833 0.0633333 
0 0.870313 0.817917 0.0385417 0.0625 
