0 0.0109375 0.76875 0.0208333 0.0675 
0 0.5 0.76625 0.0395833 0.0608333 
0 0.847917 0.754167 0.04375 0.0683333 
0 0.839063 0.7425 0.04375 0.0683333 
0 0.923437 0.974167 0.040625 0.0516667 
0 0.9625 0.895 0.040625 0.0633333 
0 0.920313 0.3725 0.040625 0.065 
0 0.21276 0.157083 0.0401042 0.0641667 
0 0.836979 0.86 0.040625 0.065 
0 0.417448 0.820417 0.0421875 0.0675 
0 0.442448 0.07375 0.0390625 0.0641667 
0 0.761979 0.8525 0.040625 0.065 
0 0.569792 0.730417 0.0395833 0.0641667 
0 0.638281 0.497083 0.0401042 0.0625 
0 0.379687 0.959167 0.040625 0.065 
0 0.893229 0.397917 0.040625 0.0658333 
0 0.178906 0.132083 0.0401042 0.0641667 
0 0.686458 0.8675 0.040625 0.0666667 
0 0.791927 0.825 0.0411458 0.0666667 
0 0.514063 0.91125 0.0416667 0.0675 
0 0.733333 0.625417 0.0416667 0.0675 
0 0.172135 0.732917 0.0411458 0.0675 
0 0.289844 0.235833 0.0411458 0.0666667 
0 0.689062 0.8325 0.040625 0.065 
0 0.260677 0.85 0.0411458 0.0666667 
0 0.628125 0.935833 0.0395833 0.065 
0 0.705469 0.204167 0.0401042 0.065 
0 0.235938 0.290417 0.040625 0.0675 
0 0.639844 0.566667 0.0421875 0.0683333 
0 0.367708 0.27625 0.040625 0.0658333 
0 0.391146 0.725417 0.040625 0.0658333 
