0 0.988542 0.0266667 0.0229167 0.0533333 
0 0.981771 0.13125 0.034375 0.0625 
0 0.0171875 0.0658333 0.034375 0.0616667 
0 0.0205729 0.2025 0.0380208 0.0633333 
0 0.230469 0.842917 0.0390625 0.0608333 
0 0.0796875 0.09875 0.0395833 0.0641667 
0 0.110937 0.825417 0.0385417 0.0641667 
0 0.873438 0.640417 0.0385417 0.0641667 
0 0.465625 0.4025 0.040625 0.065 
0 0.550521 0.4025 0.040625 0.065 
0 0.889844 0.2 0.0421875 0.065 
0 0.155729 0.820833 0.0385417 0.0616667 
0 0.642969 0.0308333 0.0390625 0.0616667 
0 0.0445312 0.622083 0.0390625 0.0625 
0 0.90625 0.92125 0.0395833 0.0625 
0 0.157292 0.865 0.0395833 0.0633333 
0 0.852604 0.100833 0.040625 0.0633333 
0 0.134896 0.591667 0.040625 0.065 
0 0.784375 0.32375 0.0395833 0.0641667 
0 0.321875 0.977917 0.0416667 0.0441667 
0 0.932031 0.550417 0.0390625 0.0625 
0 0.120312 0.12875 0.0385417 0.0625 
0 0.724479 0.2775 0.040625 0.065 
0 0.371354 0.0804167 0.0395833 0.0625 
0 0.674479 0.263333 0.040625 0.065 
0 0.0986979 0.9475 0.0401042 0.065 
0 0.210677 0.1175 0.0401042 0.065 
0 0.74375 0.424583 0.0416667 0.0641667 
