0 0.0971354 0.806667 0.0401042 0.065 
0 0.0643229 0.237917 0.0390625 0.0625 
0 0.0789063 0.812083 0.0401042 0.0625 
0 0.934375 0.0383333 0.0375 0.06 
0 0.806771 0.2275 0.040625 0.065 
0 0.833854 0.156667 0.040625 0.0633333 
0 0.659375 0.69875 0.040625 0.0658333 
0 0.782031 0.0708333 0.0401042 0.0633333 
0 0.458854 0.314583 0.040625 0.0658333 
0 0.06875 0.7075 0.0395833 0.0616667 
0 0.86875 0.831667 0.0416667 0.0666667 
0 0.879167 0.551667 0.04375 0.07 
0 0.545313 0.33 0.0427083 0.0683333 
