0 0.141146 0.375833 0.0416667 0.0666667 
0 0.021875 0.0320833 0.0416667 0.0641667 
0 0.0807292 0.796667 0.0416667 0.0666667 
0 0.510938 0.04125 0.0385417 0.0625 
0 0.48724 0.93375 0.0421875 0.0675 
0 0.140885 0.0354167 0.0421875 0.0691667 
0 0.269792 0.15375 0.0416667 0.0675 
0 0.766927 0.276667 0.0390625 0.0633333 
0 0.672656 0.71625 0.0380208 0.0625 
0 0.51849 0.48 0.0401042 0.0633333 
0 0.447135 0.312917 0.0411458 0.0658333 
0 0.404687 0.150417 0.0395833 0.0641667 
0 0.856771 0.53875 0.040625 0.0641667 
