0 0.55 0.34625 0.0395833 0.0641667 
0 0.571094 0.33625 0.0390625 0.0641667 
0 0.0153646 0.5175 0.0307292 0.0683333 
0 0.461979 0.69875 0.040625 0.0658333 
0 0.482812 0.28125 0.0395833 0.0641667 
0 0.765625 0.46125 0.0395833 0.0641667 
0 0.484115 0.728333 0.0401042 0.0633333 
0 0.851562 0.86375 0.040625 0.0658333 
0 0.0916667 0.89125 0.0416667 0.0658333 
0 0.440885 0.618333 0.0390625 0.0633333 
0 0.533854 0.758333 0.040625 0.0633333 
0 0.254687 0.905 0.040625 0.065 
0 0.26901 0.95875 0.0390625 0.0625 
0 0.553385 0.235417 0.0390625 0.0625 
0 0.65026 0.523333 0.0390625 0.0633333 
0 0.289583 0.6675 0.0395833 0.0633333 
0 0.0369792 0.718333 0.040625 0.065 
0 0.260156 0.12 0.0390625 0.0633333 
0 0.521615 0.12625 0.0390625 0.0625 
