0 0.0158854 0.439167 0.0317708 0.0616667 
0 0.1875 0.865833 0.0385417 0.0616667 
0 0.74375 0.694583 0.0416667 0.0658333 
0 0.913021 0.75875 0.040625 0.0658333 
0 0.985156 0.114583 0.0296875 0.0608333 
0 0.533854 0.51875 0.040625 0.0658333 
0 0.0893229 0.187917 0.0401042 0.0658333 
0 0.885156 0.482083 0.0390625 0.0641667 
0 0.78125 0.73125 0.0416667 0.0658333 
0 0.968229 0.284167 0.040625 0.065 
0 0.832812 0.7525 0.0427083 0.0683333 
0 0.629167 0.5125 0.0416667 0.0666667 
0 0.559375 0.428333 0.040625 0.0666667 
0 0.527083 0.974167 0.040625 0.0516667 
0 0.226823 0.9475 0.0390625 0.0616667 
0 0.102865 0.874167 0.0380208 0.06 
0 0.970312 0.507917 0.040625 0.0658333 
0 0.333594 0.40875 0.0390625 0.0625 
0 0.0703125 0.754583 0.0385417 0.0641667 
0 0.858594 0.92125 0.0421875 0.0675 
0 0.680208 0.819583 0.040625 0.0675 
0 0.0184896 0.7075 0.0359375 0.0616667 
0 0.675781 0.71625 0.0411458 0.0658333 
0 0.598698 0.0966667 0.0380208 0.0616667 
0 0.408333 0.5 0.0416667 0.0666667 
0 0.907812 0.466667 0.0385417 0.065 
0 0.304688 0.0375 0.040625 0.065 
0 0.128906 0.548333 0.0401042 0.065 
0 0.421615 0.825 0.0411458 0.0683333 
0 0.466667 0.443333 0.0395833 0.0633333 
0 0.0450521 0.40125 0.0380208 0.0625 
0 0.270573 0.245833 0.0411458 0.0683333 
0 0.51276 0.714167 0.0401042 0.065 
0 0.452083 0.965833 0.040625 0.065 
0 0.586458 0.845833 0.0395833 0.065 
