0 0.685156 0.369583 0.0390625 0.0625 
0 0.0528646 0.769583 0.0411458 0.0658333 
0 0.983854 0.7925 0.0322917 0.0666667 
0 0.0179687 0.309167 0.0359375 0.0666667 
0 0.960938 0.102083 0.040625 0.0658333 
0 0.935156 0.301667 0.0390625 0.0633333 
0 0.69375 0.324583 0.0395833 0.0641667 
0 0.465625 0.129583 0.040625 0.0641667 
0 0.226562 0.695417 0.0385417 0.0641667 
0 0.216406 0.2 0.0401042 0.0633333 
0 0.53125 0.481667 0.040625 0.065 
0 0.680729 0.705 0.040625 0.0666667 
0 0.616406 0.939583 0.0401042 0.0641667 
0 0.31901 0.507917 0.0411458 0.0675 
0 0.944271 0.225833 0.040625 0.065 
0 0.279687 0.85125 0.0375 0.0608333 
0 0.326042 0.725833 0.040625 0.065 
0 0.349219 0.494167 0.0421875 0.0666667 
0 0.302604 0.882083 0.0385417 0.0608333 
0 0.735156 0.391667 0.0421875 0.0683333 
0 0.668229 0.935833 0.040625 0.065 
0 0.885938 0.312083 0.0385417 0.0625 
0 0.34974 0.755417 0.0390625 0.0641667 
0 0.68151 0.205 0.0390625 0.0633333 
0 0.685417 0.84625 0.0395833 0.0658333 
