0 0.750781 0.6275 0.0421875 0.0666667 
0 0.534375 0.525417 0.0395833 0.0641667 
0 0.40625 0.104167 0.040625 0.0666667 
0 0.0195312 0.405 0.0369792 0.0666667 
0 0.119792 0.953333 0.0416667 0.0666667 
0 0.973437 0.595833 0.040625 0.0666667 
0 0.975781 0.821667 0.0390625 0.065 
0 0.839844 0.60625 0.0421875 0.0658333 
0 0.9 0.215833 0.0395833 0.0633333 
0 0.304948 0.293333 0.0390625 0.0633333 
0 0.738021 0.835 0.040625 0.0633333 
0 0.73776 0.119167 0.0401042 0.0633333 
0 0.929688 0.24125 0.040625 0.0641667 
0 0.152865 0.84 0.0411458 0.0666667 
0 0.173958 0.586667 0.0395833 0.0633333 
0 0.0867188 0.1125 0.0390625 0.0616667 
0 0.803646 0.86 0.040625 0.065 
0 0.186979 0.272917 0.040625 0.0641667 
0 0.106771 0.265 0.0395833 0.0633333 
0 0.723958 0.0533333 0.0375 0.06 
0 0.727865 0.477917 0.0421875 0.0691667 
0 0.430729 0.115417 0.0385417 0.0608333 
0 0.272656 0.56125 0.0401042 0.0675 
0 0.188021 0.19375 0.0385417 0.0641667 
0 0.617969 0.1925 0.0421875 0.0666667 
0 0.610417 0.668333 0.0395833 0.0666667 
0 0.327604 0.123333 0.040625 0.065 
0 0.39375 0.2 0.0395833 0.0633333 
