0 0.982813 0.979583 0.034375 0.0408333 
0 0.708854 0.0904167 0.040625 0.0641667 
0 0.680469 0.73375 0.0411458 0.0658333 
0 0.721094 0.065 0.0421875 0.0666667 
0 0.682292 0.0970833 0.040625 0.0641667 
0 0.553646 0.19125 0.0375 0.0608333 
0 0.982813 0.894583 0.034375 0.0625 
0 0.30599 0.0341667 0.0380208 0.06 
0 0.849219 0.2775 0.0421875 0.0683333 
0 0.928125 0.744583 0.040625 0.0658333 
0 0.525781 0.0966667 0.0401042 0.0633333 
0 0.923437 0.974583 0.040625 0.0508333 
0 0.608594 0.65625 0.0390625 0.0641667 
0 0.720312 0.130417 0.0416667 0.0658333 
0 0.109635 0.58625 0.0401042 0.0641667 
0 0.764844 0.775417 0.0411458 0.0658333 
0 0.209375 0.0466667 0.0385417 0.0616667 
0 0.110677 0.14625 0.0380208 0.0608333 
0 0.0257812 0.466667 0.0380208 0.0616667 
0 0.582292 0.355 0.0395833 0.065 
0 0.0375 0.796667 0.0395833 0.0633333 
0 0.128385 0.224583 0.0380208 0.0625 
0 0.903125 0.0295833 0.040625 0.0591667 
0 0.34375 0.965 0.0395833 0.0633333 
0 0.123438 0.814167 0.040625 0.065 
0 0.408594 0.824583 0.0390625 0.0625 
0 0.68125 0.854583 0.040625 0.0641667 
0 0.974219 0.265417 0.0421875 0.0675 
0 0.59401 0.8025 0.0401042 0.0633333 
0 0.592188 0.542917 0.040625 0.0658333 
0 0.449219 0.686667 0.0390625 0.0633333 
