0 0.464063 0.8925 0.040625 0.065 
0 0.549219 0.8025 0.0411458 0.0683333 
0 0.510677 0.8225 0.0421875 0.0683333 
0 0.111458 0.1175 0.0416667 0.0683333 
0 0.526563 0.7725 0.040625 0.065 
0 0.65651 0.183333 0.0411458 0.0666667 
0 0.319792 0.8475 0.0416667 0.0683333 
0 0.366667 0.659167 0.0416667 0.0683333 
0 0.752604 0.0391667 0.040625 0.065 
0 0.41276 0.526667 0.0411458 0.0666667 
0 0.949479 0.815 0.040625 0.0666667 
0 0.50625 0.941667 0.0416667 0.0666667 
0 0.625 0.194583 0.040625 0.0658333 
0 0.721615 0.242083 0.0421875 0.0675 
0 0.398698 0.08 0.0411458 0.0666667 
0 0.38151 0.709167 0.0421875 0.0683333 
0 0.115885 0.359583 0.0432292 0.0691667 
0 0.446875 0.780833 0.040625 0.065 
0 0.246875 0.40875 0.0416667 0.0675 
0 0.0861979 0.410833 0.0421875 0.0666667 
0 0.720573 0.51625 0.0432292 0.0691667 
0 0.138021 0.0291667 0.040625 0.0583333 
0 0.0567708 0.39375 0.0427083 0.0675 
0 0.684896 0.806667 0.040625 0.0666667 
