0 0.4875 0.94125 0.0416667 0.0658333 
0 0.498958 0.948333 0.040625 0.065 
0 0.372917 0.763333 0.0395833 0.0633333 
0 0.0981771 0.22 0.0411458 0.0666667 
0 0.474479 0.100833 0.040625 0.065 
0 0.0653646 0.1925 0.0421875 0.0683333 
0 0.11276 0.68 0.0401042 0.0633333 
0 0.878125 0.80625 0.040625 0.0675 
0 0.534375 0.724583 0.040625 0.0641667 
0 0.445052 0.795417 0.0390625 0.0625 
0 0.909896 0.229167 0.040625 0.065 
0 0.11875 0.90625 0.0395833 0.0641667 
0 0.764063 0.92375 0.0395833 0.0641667 
0 0.357812 0.9675 0.040625 0.065 
0 0.229948 0.0858333 0.0401042 0.0633333 
0 0.185156 0.470417 0.0411458 0.0658333 
0 0.931771 0.270417 0.040625 0.0658333 
0 0.721615 0.859583 0.0390625 0.0625 
0 0.0205729 0.15625 0.0390625 0.0625 
0 0.210677 0.908333 0.0401042 0.065 
0 0.142448 0.739167 0.0401042 0.065 
0 0.21901 0.0379167 0.0411458 0.0641667 
0 0.946354 0.91375 0.040625 0.0641667 
0 0.292969 0.519167 0.0421875 0.0666667 
0 0.247656 0.838333 0.0390625 0.0633333 
0 0.693229 0.479583 0.040625 0.0658333 
0 0.821875 0.190833 0.0416667 0.0683333 
0 0.366406 0.485417 0.0411458 0.0658333 
0 0.209896 0.628333 0.040625 0.065 
0 0.107813 0.4575 0.040625 0.065 
0 0.836719 0.2675 0.0421875 0.0683333 
