0 0.313802 0.685 0.0390625 0.065 
0 0.794271 0.6 0.040625 0.065 
0 0.623958 0.9325 0.0416667 0.0683333 
0 0.985937 0.45125 0.028125 0.0658333 
0 0.714844 0.370417 0.0390625 0.0641667 
0 0.155469 0.410417 0.0401042 0.0641667 
0 0.78724 0.6125 0.0411458 0.065 
0 0.69974 0.3425 0.0401042 0.065 
0 0.7 0.270417 0.040625 0.0641667 
0 0.217187 0.784583 0.0427083 0.0675 
0 0.235156 0.775833 0.0390625 0.0616667 
0 0.242188 0.0841667 0.0385417 0.0616667 
0 0.123958 0.720417 0.040625 0.0658333 
0 0.102083 0.0475 0.0375 0.06 
0 0.470833 0.820417 0.040625 0.0658333 
0 0.926562 0.895 0.0427083 0.0666667 
0 0.310937 0.654167 0.040625 0.065 
0 0.147396 0.661667 0.040625 0.0666667 
0 0.951563 0.395 0.0427083 0.0666667 
0 0.102083 0.77 0.0395833 0.0633333 
0 0.895312 0.365417 0.040625 0.0658333 
