0 0.132031 0.0970833 0.0390625 0.0625 
0 0.125 0.0795833 0.0395833 0.0625 
0 0.401042 0.25875 0.0395833 0.0641667 
0 0.841146 0.41875 0.040625 0.0658333 
0 0.26901 0.210417 0.0401042 0.0641667 
0 0.377604 0.30625 0.0395833 0.0625 
0 0.0760417 0.334583 0.0385417 0.0625 
0 0.85 0.63625 0.0395833 0.0641667 
0 0.671875 0.325833 0.0416667 0.0666667 
0 0.90625 0.639167 0.040625 0.065 
0 0.759375 0.204583 0.0375 0.0608333 
0 0.409375 0.935833 0.040625 0.065 
0 0.933854 0.548333 0.040625 0.0666667 
0 0.942969 0.74125 0.0390625 0.0625 
0 0.629167 0.28875 0.0416667 0.0658333 
0 0.591406 0.717917 0.0432292 0.0675 
