0 0.532812 0.761667 0.0416667 0.0666667 
0 0.399479 0.215 0.040625 0.065 
0 0.523438 0.13875 0.0416667 0.0658333 
0 0.335156 0.245 0.0421875 0.0666667 
0 0.841406 0.81625 0.0421875 0.0658333 
0 0.802604 0.913333 0.040625 0.0666667 
0 0.819271 0.278333 0.0427083 0.07 
0 0.958594 0.28125 0.0421875 0.0675 
0 0.307031 0.805 0.0411458 0.0666667 
0 0.303906 0.47375 0.0421875 0.0658333 
0 0.154427 0.475417 0.0411458 0.0658333 
0 0.15651 0.7975 0.0411458 0.0666667 
0 0.0820312 0.8 0.0411458 0.0666667 
