0 0.379427 0.502917 0.0421875 0.0675 
0 0.929688 0.344583 0.0427083 0.0675 
0 0.907812 0.569583 0.040625 0.0658333 
0 0.596094 0.18375 0.0411458 0.0658333 
0 0.691927 0.748333 0.0421875 0.0666667 
0 0.927604 0.622083 0.040625 0.0675 
0 0.42474 0.232083 0.0411458 0.0675 
0 0.569792 0.429167 0.040625 0.065 
0 0.515625 0.44875 0.0395833 0.0641667 
0 0.89375 0.68125 0.0416667 0.0658333 
0 0.619271 0.778333 0.040625 0.065 
0 0.282292 0.897917 0.0416667 0.0675 
0 0.818229 0.844167 0.0416667 0.065 
0 0.196094 0.6775 0.0411458 0.0666667 
0 0.299479 0.587917 0.0416667 0.0675 
