0 0.19974 0.976667 0.0369792 0.0466667 
0 0.98125 0.43 0.0375 0.065 
0 0.205469 0.324583 0.0411458 0.0641667 
0 0.581771 0.6725 0.040625 0.065 
0 0.535937 0.750833 0.0395833 0.065 
0 0.776042 0.170833 0.0395833 0.0633333 
0 0.151823 0.495417 0.0390625 0.0641667 
0 0.405469 0.387083 0.0401042 0.0641667 
0 0.284375 0.0341667 0.0395833 0.0633333 
0 0.721354 0.4675 0.040625 0.065 
0 0.429948 0.538333 0.0380208 0.0616667 
0 0.800781 0.7675 0.0401042 0.065 
0 0.635417 0.4375 0.040625 0.065 
