0 0.0729167 0.92375 0.0416667 0.0658333 
0 0.590885 0.494167 0.0401042 0.0633333 
0 0.603646 0.46875 0.0385417 0.0625 
0 0.142969 0.10625 0.0369792 0.0608333 
0 0.525 0.504167 0.0395833 0.0633333 
0 0.398438 0.0333333 0.0364583 0.0583333 
0 0.166667 0.520833 0.0395833 0.0633333 
0 0.275521 0.81625 0.040625 0.0675 
0 0.196615 0.885 0.0411458 0.065 
0 0.134635 0.798333 0.0390625 0.0633333 
0 0.61875 0.154583 0.040625 0.0641667 
0 0.0471354 0.70375 0.0411458 0.0658333 
0 0.861979 0.445833 0.040625 0.0666667 
0 0.118229 0.885 0.040625 0.065 
