0 0.498437 0.904167 0.040625 0.065 
0 0.811979 0.4225 0.040625 0.065 
0 0.877604 0.621667 0.040625 0.065 
0 0.451562 0.202083 0.0385417 0.0625 
0 0.859896 0.79625 0.040625 0.0658333 
0 0.192969 0.156667 0.0411458 0.065 
0 0.352083 0.47 0.0416667 0.0666667 
0 0.314583 0.453333 0.0416667 0.0666667 
0 0.469792 0.786667 0.0395833 0.065 
0 0.932813 0.87875 0.0427083 0.0675 
0 0.359375 0.05 0.0395833 0.065 
0 0.653385 0.24875 0.0421875 0.0675 
0 0.78099 0.272083 0.0411458 0.0658333 
0 0.720312 0.899583 0.040625 0.0658333 
0 0.66875 0.3025 0.040625 0.065 
0 0.364062 0.225417 0.0395833 0.0641667 
