0 0.933854 0.472083 0.040625 0.0658333 
0 0.0398437 0.356667 0.0401042 0.0633333 
0 0.576042 0.912083 0.0395833 0.0625 
0 0.904688 0.36875 0.0427083 0.0658333 
0 0.308854 0.0370833 0.0395833 0.0641667 
0 0.694792 0.0441667 0.0395833 0.065 
0 0.874219 0.5475 0.0421875 0.0683333 
0 0.0971354 0.56375 0.0401042 0.0641667 
0 0.733594 0.176667 0.0411458 0.0666667 
0 0.0700521 0.406667 0.0380208 0.0616667 
0 0.689583 0.13625 0.0416667 0.0658333 
0 0.580208 0.244583 0.0416667 0.0675 
0 0.252604 0.30375 0.0416667 0.0658333 
0 0.527604 0.49375 0.040625 0.0658333 
0 0.926562 0.67125 0.0427083 0.0675 
0 0.290885 0.121667 0.0401042 0.065 
