0 0.0106771 0.605417 0.0213542 0.0675 
0 0.498437 0.656667 0.040625 0.0633333 
0 0.544531 0.337917 0.0380208 0.0625 
0 0.308073 0.63 0.0421875 0.0666667 
0 0.201042 0.940417 0.0416667 0.0658333 
0 0.916406 0.136667 0.0390625 0.0633333 
0 0.58776 0.180833 0.0390625 0.0616667 
0 0.445833 0.621667 0.040625 0.065 
0 0.699219 0.7425 0.0401042 0.065 
0 0.0153646 0.2825 0.0307292 0.065 
0 0.928125 0.101667 0.0375 0.06 
0 0.492188 0.698333 0.040625 0.065 
0 0.676042 0.68 0.0395833 0.0633333 
0 0.284896 0.903333 0.040625 0.0666667 
0 0.202865 0.111667 0.0421875 0.0683333 
0 0.365625 0.184167 0.0395833 0.065 
0 0.908594 0.64625 0.0421875 0.0675 
0 0.104687 0.83375 0.0416667 0.0675 
0 0.539062 0.172917 0.0385417 0.0625 
0 0.669792 0.89 0.0416667 0.065 
0 0.065625 0.230833 0.040625 0.065 
0 0.669531 0.215417 0.0401042 0.0641667 
0 0.920313 0.7925 0.0427083 0.0666667 
0 0.370573 0.85875 0.0401042 0.0641667 
0 0.832031 0.940417 0.0421875 0.0658333 
0 0.153906 0.559583 0.0401042 0.0658333 
0 0.69349 0.0295833 0.0390625 0.0591667 
0 0.626042 0.4475 0.040625 0.065 
0 0.528906 0.960833 0.0411458 0.065 
0 0.932813 0.8825 0.040625 0.0666667 
0 0.492188 0.8775 0.0395833 0.065 
0 0.259896 0.7175 0.040625 0.065 
0 0.490625 0.821667 0.040625 0.0666667 
0 0.160156 0.511667 0.0380208 0.0616667 
0 0.922656 0.965833 0.0421875 0.0683333 
0 0.419792 0.11625 0.0395833 0.0641667 
0 0.0835937 0.437083 0.0421875 0.0675 
0 0.234375 0.47625 0.040625 0.0658333 
