0 0.204427 0.905 0.0411458 0.0666667 
0 0.0195312 0.545 0.0390625 0.0666667 
0 0.81875 0.87125 0.0416667 0.0658333 
0 0.457812 0.477917 0.0427083 0.0658333 
0 0.0617188 0.160833 0.0411458 0.065 
0 0.220052 0.395 0.0411458 0.065 
0 0.647396 0.6825 0.040625 0.065 
0 0.69375 0.108333 0.0416667 0.0666667 
0 0.615625 0.472917 0.040625 0.0658333 
0 0.376823 0.691667 0.0411458 0.065 
0 0.566667 0.965833 0.0416667 0.065 
0 0.879687 0.0925 0.0427083 0.0666667 
0 0.102083 0.955417 0.0395833 0.0641667 
0 0.38776 0.0320833 0.0390625 0.0625 
0 0.617188 0.190833 0.040625 0.065 
0 0.230469 0.437917 0.0421875 0.0675 
0 0.809375 0.598333 0.040625 0.0666667 
0 0.26224 0.6275 0.0401042 0.0633333 
0 0.115885 0.37375 0.0411458 0.0675 
0 0.100781 0.11875 0.0411458 0.0658333 
0 0.942969 0.0658333 0.0390625 0.0616667 
0 0.380469 0.750833 0.0401042 0.065 
0 0.523958 0.633333 0.0395833 0.065 
0 0.390104 0.576667 0.040625 0.065 
0 0.178906 0.39625 0.0411458 0.0675 
