0 0.0106771 0.71125 0.0213542 0.0658333 
0 0.480208 0.297917 0.0416667 0.0675 
0 0.726823 0.60625 0.0390625 0.0608333 
0 0.704427 0.614583 0.0390625 0.0641667 
0 0.0252604 0.823333 0.0390625 0.0633333 
0 0.98125 0.529167 0.0354167 0.0633333 
0 0.639844 0.0545833 0.0390625 0.0625 
0 0.765625 0.914583 0.0395833 0.0625 
0 0.452344 0.825417 0.0411458 0.0658333 
0 0.86875 0.521667 0.0395833 0.0633333 
0 0.452083 0.435 0.0416667 0.0666667 
0 0.236458 0.78125 0.0395833 0.0641667 
0 0.336979 0.446667 0.040625 0.0666667 
0 0.778125 0.575417 0.040625 0.0641667 
0 0.19401 0.4825 0.0411458 0.065 
0 0.522396 0.85125 0.040625 0.0658333 
