0 0.00989583 0.05125 0.0197917 0.0641667 
0 0.850521 0.152917 0.040625 0.0641667 
0 0.360156 0.463333 0.0421875 0.0683333 
0 0.523958 0.655 0.0395833 0.065 
0 0.0901042 0.942083 0.0385417 0.0608333 
0 0.0924479 0.18625 0.0411458 0.0658333 
0 0.18724 0.58875 0.0390625 0.0625 
0 0.641406 0.11625 0.0390625 0.0641667 
0 0.0455729 0.175 0.0401042 0.065 
0 0.89375 0.514583 0.0416667 0.0675 
0 0.821354 0.418333 0.040625 0.065 
0 0.117188 0.705417 0.0395833 0.0641667 
0 0.717969 0.79125 0.0411458 0.0658333 
0 0.466406 0.197917 0.0380208 0.0608333 
