0 0.6375 0.0179167 0.034375 0.0358333 
0 0.925521 0.775833 0.040625 0.065 
0 0.0557292 0.76 0.0395833 0.065 
0 0.885417 0.117917 0.0375 0.0608333 
0 0.701042 0.445417 0.040625 0.0658333 
0 0.110156 0.295417 0.0411458 0.0658333 
0 0.315365 0.631667 0.0401042 0.065 
0 0.675 0.450417 0.040625 0.0641667 
0 0.424219 0.362083 0.0390625 0.0625 
0 0.652604 0.815833 0.040625 0.065 
0 0.917188 0.624583 0.040625 0.0658333 
0 0.646094 0.230417 0.0411458 0.0675 
0 0.0523437 0.294167 0.0411458 0.065 
0 0.870313 0.429583 0.040625 0.0658333 
0 0.446354 0.393333 0.040625 0.0666667 
0 0.0888021 0.0229167 0.0380208 0.0458333 
0 0.532812 0.746667 0.0416667 0.0666667 
0 0.921875 0.59125 0.040625 0.0658333 
0 0.796615 0.175417 0.0411458 0.0658333 
0 0.0861979 0.711667 0.0401042 0.065 
0 0.68776 0.973333 0.0401042 0.0533333 
0 0.930208 0.511667 0.0375 0.0616667 
0 0.174219 0.190833 0.0390625 0.0633333 
0 0.594792 0.445417 0.0395833 0.0625 
0 0.378125 0.27875 0.040625 0.0641667 
0 0.691146 0.835833 0.040625 0.065 
0 0.45651 0.0508333 0.0401042 0.065 
0 0.272917 0.185 0.040625 0.0666667 
0 0.636719 0.34875 0.0401042 0.0675 
